365
30 72 12 43 85 31 80 79 6 19 66 67 86 66 37 74 8 68 100 47 43 90 13 11 59 50
3620 19627 17286 9877 12110 17241 14263 15072 7566 15705 7334 10962 18453 9937 3248 2598 4366 18873 8220 11315 5490 17015 6307 15711 11242 2697
17326 4573 3277 9803 10925 2010 6861 14234 2691 8913 11136 2870 7156 7725 6755 14460 2779 4791 18563 15502 13591 11534 11835 3573 11337 13865
18670 2462 4411 45 8576 16478 17732 1847 15956 1222 463 10476 11647 8806 1223 15383 4582 8647 8632 16669 17802 14672 14384 8658 11099 1133
3829 5026 16625 8923 13144 3807 14338 16816 2285 14704 14075 17596 13546 7005 15131 19790 16731 5865 5866 19028 13294 3644 2024 11026 14424 19816
19836 14498 13624 3944 10667 11036 11433 11653 3504 1423 2793 5753 564 12429 16934 11582 6181 4620 1564 9898 26 15309 10806 14801 11533 8426
2142 4581 6517 16390 19983 12421 4307 14352 14870 18902 2741 9733 17265 9745 14734 9758 13493 19331 1332 10914 6518 14317 19920 6580 370 2610
3526 5842 10586 6681 16472 8471 17624 8479 3204 18979 15689 2936 7864 14339 15522 14908 12317 1783 6570 14788 12214 1519 13776 9401 3652 17570
122 13737 15187 16184 16108 3098 6074 17482 138 3412 9209 7783 18136 2567 14601 7886 19006 12405 1436 5955 4087 13266 12386 5247 10987 9933
4887 6105 2521 777 7371 12477 4883 10285 12135 2297 9009 19261 15213 1759 3355 6376 12626 15821 3691 2293 3244 9783 19100 240 18474 11738
18191 15112 17465 11005 11231 9994 14071 10615 623 3373 18563 18378 13924 14584 618 9391 6478 10109 16361 14799 8169 18867 16113 13957 19970 17425
16346 16345 928 13195 1057 5965 6507 16194 8984 15244 5477 10860 3792 2395 11009 8678 8501 12780 17856 4094 17836 15338 10313 15073 16286 10446
10639 2117 12960 15101 1355 7457 3409 11241 5456 4638 11541 18617 1692 17272 1256 7422 11966 19165 6996 7760 12630 19556 1027 18918 16523 5305
11860 16223 9413 14232 14718 5919 13089 13094 11441 2085 17753 12387 1519 11087 14668 16894 18636 4686 9934 3175 17505 13852 11583 12770 15752 10530
13171 6818 11316 13000 18906 12567 13676 11879 17035 11547 19451 17240 5908 165 10178 16134 15312 3354 3880 17423 16981 1758 6023 8128 1251 7931
8659 2981 5641 5788 3194 6975 18021 12340 4154 677 6658 16040 4600 19892 18233 2065 11575 15069 11031 11845 6245 16381 6464 8747 13126 7967
5850 9421 438 19207 12389 1644 8355 8812 8425 4334 16086 16234 3682 979 8528 18831 7817 1504 7955 18186 1848 941 7401 4039 14280 2679
8423 4818 3629 10183 4302 9452 281 805 15542 15441 6957 3445 4277 9116 135 4754 14184 979 6277 6863 11000 14353 14232 19721 16797 8356
8698 823 9977 9965 11952 10061 14771 4177 13163 12595 17442 2382 4674 4044 11679 3480 2975 6981 17435 18645 5400 13392 16186 3205 18791 16878
14139 5165 6080 5926 11497 10871 15278 136 5054 6325 15340 8203 17817 695 11726 11053 17422 19637 9779 2004 9330 18858 7554 5331 3358 11997
9501 11457 11629 13339 15572 10804 10945 4024 667 2960 8316 12421 9832 18663 7830 10142 4220 2030 8379 14758 16971 6042 4522 16300 8541 7232
712 12594 15850 18100 13548 17246 16479 129 9075 19485 10786 13859 4078 15077 12439 12225 12849 5087 9902 6660 18471 3743 19938 15255 5825 9369
10309 9086 10090 5849 8042 19024 5857 8413 2866 5669 11685 15431 7601 15851 10462 5139 376 17991 3654 10432 5658 2099 19319 5458 12947 3201
12835 9285 17054 2784 11709 6673 1499 10697 8081 10466 8384 7152 14959 3634 16718 9869 6538 4688 8745 2070 14688 17421 8281 18228 5458 1705
16430 9653 8298 1067 3641 13794 2659 80 14930 18808 1637 6405 19227 19617 3573 11213 13848 9526 16365 11865 3286 2429 16607 8643 13547 18861
15204 9365 13068 10495 17368 15284 14949 11008 8240 4488 18406 4918 7103 10587 7042 7412 14168 6660 16006 17821 16404 4416 4538 7811 18088 15687
17103 18270 2319 7294 4895 5085 78 12226 11472 2924 13462 11583 3885 14876 5572 3766 16134 13953 10932 6456 16961 12399 12894 14289 12610 8394
9853 17572 17231 11548 3263 11437 16702 2040 15252 10360 10414 8919 10459 4613 10265 17893 5221 19898 14365 7394 14730 476 3928 3147 3109 12340
7045 14837 13126 16122 7719 143 1327 15199 12745 3872 19658 8007 11304 18986 15787 8232 9633 16473 18687 4204 15047 18381 18073 6972 13471 3119
1331 1957 7690 12838 1910 1882 1364 3367 18464 10807 1423 1672 18886 9119 19064 2435 7088 3516 9621 9007 17244 1046 17353 7299 11418 11541
16451 14150 13184 3133 1034 16089 9304 14528 4343 12208 9239 13992 5620 11898 641 13593 5986 5139 19867 17077 13646 19822 17327 9486 6127 4558
14387 11384 13801 16496 15130 8095 419 1443 3109 421 19968 2194 12155 11487 9864 351 15353 767 1727 14702 19151 15596 4256 1808 17705 14628
4542 8277 12544 8017 13874 9867 16760 10835 3748 2004 12500 13243 121 11512 9534 18628 2974 5449 9708 17962 2189 17068 14817 7762 16401 19682
15408 18064 17302 10989 19515 7480 10295 17638 14694 14719 13385 18550 9247 14328 6518 5043 9758 722 3458 1868 4751 4545 11827 18025 3838 10866
16621 16793 4475 18491 14353 6431 124 4561 19479 3726 12157 8655 11836 19620 3038 9686 18851 16035 5192 19856 432 14394 19834 12289 545 7381
9375 5151 1483 12142 13200 12505 4805 1772 9187 10749 4816 14190 4376 19579 6620 6103 1294 19039 9650 15793 4974 17214 1317 19478 1426 5421
5488 4912 8008 6607 10657 13363 16047 8830 19265 12761 9532 11427 14021 19152 13219 1351 19212 425 4353 16759 18730 12309 13663 5589 8493 11916
6531 11762 13775 16531 18984 16218 18176 17185 2634 10530 628 1773 9751 19058 4968 2931 2010 18366 15482 13214 15574 8694 463 9991 12372 18324
13631 3126 16191 6221 9702 7570 19021 3377 8264 13093 12719 17832 15733 15798 6649 2017 12409 11790 9740 6246 10065 7557 15385 15503 3734 17437
5210 16667 10218 17201 4719 9054 8691 10398 10326 10649 14829 11166 13723 17371 2130 3532 2828 16818 5095 5525 16516 2460 12927 2759 8246 17509
11590 7027 19299 7717 5117 6461 11748 8974 14134 9225 12686 13020 18003 4257 6316 18120 3837 9778 6998 11014 6563 7263 12307 18428 17763 13265
866 9809 3698 3753 975 11255 15469 5920 14498 15670 4496 10245 19070 3889 1008 5756 18572 12321 12012 5579 15086 7605 8534 7813 19246 14219
9273 1888 18322 9572 12950 753 18237 6581 5590 7575 4725 7363 14751 9567 7774 10345 19489 19715 15997 16567 7183 16391 3522 19812 6982 1273
5608 16485 10762 2781 18510 388 12726 17579 12853 8716 10064 8393 5610 9752 8079 19488 10169 13024 7427 4432 9533 17620 485 50 10761 17453
4452 138 8676 7019 7742 16383 4809 7156 7292 1228 10415 11077 9615 1908 13683 16819 2702 14204 2651 10553 13688 15077 4623 16458 7259 4561
14924 5711 4157 9161 16799 19726 14422 18860 13304 7793 5868 9747 2483 19953 388 1773 11624 7450 11932 19274 8384 19209 10109 8299 8397 7950
3106 10550 11351 19227 2587 77 12850 911 10967 12480 14175 7672 5601 9941 8179 4765 11516 16556 18927 9056 18456 2323 8933 5560 9278 14150
514 2527 18324 7656 7170 10120 9582 16992 18316 3710 2347 12711 13067 420 267 17610 3840 18766 9771 9139 11681 7651 5808 7825 5587 5567
189 4077 4869 8342 7717 767 19044 10870 17659 6448 18559 1129 11912 18844 17466 12107 3745 4903 2661 2447 15440 2989 10043 19180 17202 7653
1128 11441 1326 5065 13555 9974 2890 13885 2629 2132 12352 3853 6121 19609 4323 10344 12036 6117 6712 18464 12780 9821 1783 38 3046 11214
9993 18991 11399 13608 11688 2954 13913 19148 4396 16117 15365 11784 7265 12355 3252 18470 16810 1350 7788 6051 9468 5270 3602 9849 19350 1813
18202 15291 17277 7567 9215 6570 7625 13005 9296 19306 4594 15722 360 5431 8801 12844 5357 10063 3155 11431 5080 10998 9738 265 5371 2258
3514 16554 15488 9447 6544 10192 2059 11946 16249 19657 5921 7027 17262 19592 238 1259 9350 1612 17657 1588 9830 8589 5595 3797 18875 10099
9331 13898 5376 16473 14261 225 19603 361 1512 19770 7931 13611 5225 14217 4729 1622 19317 10244 10804 2354 15302 6186 17820 12985 14993 12191
16575 4616 252 5618 6757 3176 4774 1607 2462 13849 11292 11064 15417 16617 11071 8264 8370 531 14207 16517 7609 5082 2323 3769 13447 17169
6706 12956 4099 16786 14153 12603 12010 10661 4952 3778 17359 17452 1228 6549 2742 8210 5508 13863 6028 2636 4385 6300 18769 18819 19498 9910
3786 4987 13174 727 1542 14656 19493 4159 8671 15993 4233 19177 15157 6982 3870 15758 4949 14145 18599 8115 18866 14805 19639 12558 17919 2185
13560 18495 318 1580 11821 10989 17415 13614 11572 18286 4082 14303 5535 11891 9990 12388 5177 16445 2332 14142 11592 12170 16229 2717 14176 14331
2561 6268 15117 6998 12155 4584 13141 13549 6632 11639 14905 2690 14343 6339 8497 19720 3324 14501 3787 17903 12766 4230 2876 6891 2952 12212
5947 10538 14271 9610 9098 110 6541 16989 16337 14126 18808 10738 15475 3857 9416 17526 3002 9555 16623 10095 16962 3904 7251 6709 10460 1225
7041 13693 5087 15199 17591 14690 16953 15056 14079 19010 15380 362 16571 4448 6018 10995 17320 1044 1735 12412 9499 2162 459 8953 18157 18514
3235 5339 10522 9809 10267 13825 2779 2938 2196 2621 12513 13017 10572 15838 12424 13823 13248 6114 6067 2825 16168 14549 13177 15604 9307 6572
11990 7074 11213 14589 7396 17371 9520 2158 12282 9021 7957 16445 1222 12463 11687 15206 15011 19046 9518 16079 15700 6529 2877 18690 2485 9850
19184 18820 5673 18745 3948 4164 2790 16936 5708 15001 4049 9443 13066 1318 19326 16309 8744 18160 5406 2951 7227 13100 8564 5023 12348 1835
2695 12989 17568 16035 19308 8642 16008 2339 8660 8916 2678 9224 14486 19894 6637 7995 8285 14065 7320 6996 4631 5994 6663 7817 12591 14195
1916 18234 5844 11983 15777 4625 10065 18976 12472 13184 1542 16701 51 9681 10354 540 12254 2321 2195 6647 6486 3510 5395 2112 12974 12743
6094 5565 1360 5575 7394 19474 17459 8802 3596 5711 1367 19640 16722 4016 206 11199 9653 2075 5125 4629 14038 16142 13095 10630 15736 2193
3928 12874 2770 7380 15958 18017 6750 6509 5644 19578 18555 13935 1173 7211 12591 18870 15517 3345 6672 7680 11812 15341 8687 18130 11405 12768
10374 14245 7549 5495 11234 19429 8855 7518 3219 15992 15773 11696 7115 7490 6404 9148 3058 14084 8872 3922 14069 2621 17880 19145 15183 10863
7252 17015 13510 9168 6356 368 16081 14895 6334 1624 12532 6790 18968 2758 16902 4668 18115 9576 4593 10023 11519 16185 7863 12676 3181 5727
17056 8275 16099 366 10957 8582 19927 6603 12353 7772 3431 8246 6263 17740 2734 13643 10144 3876 17544 16845 9502 493 6209 545 1231 17321
4871 6530 17642 5452 19376 8903 6155 2314 14901 5003 4570 16980 17957 10077 1228 7008 18274 16253 16539 19052 182 10190 7854 9120 17215 5143
1930 798 1836 14199 17513 3267 16292 12826 7536 3478 17797 6348 10272 11358 12122 15758 19995 33 12601 18525 16995 5421 10802 4956 9354 3476
7295 13701 4292 18883 13582 417 7321 8634 115 18154 13401 5832 8790 16440 12726 19917 17337 5716 1559 16250 8801 2169 9677 9440 15932 15145
16915 14989 19816 15050 3924 11533 13798 19146 17838 4446 3829 15926 3497 19152 1537 6751 17283 1333 456 10068 10954 19347 7289 5558 2726 6121
15370 1242 4530 18594 4727 7031 14267 11745 6225 10446 5169 3133 12266 5572 10814 17856 1920 16578 1056 7619 12586 10842 17511 15267 16872 1842
11280 2822 16545 4857 11026 9866 5104 3863 12182 18094 376 267 7774 5471 1573 10130 12749 18421 14214 11591 10522 619 2444 11588 11303 16588
4856 10776 7290 1381 19464 3285 194 12474 2703 15480 1467 4222 1618 8929 3470 3814 16698 8705 17432 13546 13485 17554 9399 17323 17443 11161
1383 2144 3731 18660 3562 16082 8617 14709 5420 9867 1451 18660 11957 16911 9129 10210 8026 370 15144 6992 11986 6881 16999 19473 11074 19841
8212 14637 13540 12564 11979 19379 13060 13632 37 15373 7140 11428 5771 11187 12294 17524 13725 8988 13356 8093 1000 7630 2243 4667 14300 10842
11190 9155 2712 10643 15858 5074 776 8408 9520 6344 10906 4685 16238 11696 1040 3301 6508 2917 599 4814 2948 1838 13685 14266 16356 8879
3880 12415 6044 6987 4189 2650 14286 3554 1302 13684 313 2074 16312 19398 7841 3917 19606 3788 14083 11961 5936 7044 2219 8056 6618 15751
9778 18979 13838 6570 3381 15322 3004 10659 18768 16575 5892 5399 4895 8796 17868 3930 6233 8388 5618 2517 15388 19018 5605 7087 12713 18636
4689 822 19584 17600 3731 6597 5732 19816 12016 14919 9705 13860 13702 11414 9728 5619 6345 9183 18600 4642 16007 17827 1888 9267 1923 6984
11949 7023 4491 7965 9169 19341 14982 448 11329 9702 16691 4897 15742 9505 5248 19819 15550 17127 17670 18105 17941 4835 11515 838 6712 18069
17708 3006 4719 16634 6859 13376 19128 11843 13249 11026 1499 11222 7381 7721 17115 5627 19253 13257 15133 10093 7129 11879 10929 3120 14445 10524
9553 16996 8981 599 14372 5193 8726 8123 10632 19555 10245 580 6681 11622 12820 5435 12361 14828 11847 9633 7504 9622 7163 7680 12574 1014
19313 537 1063 3409 4349 7423 19419 7465 15490 17394 1259 1890 5138 5295 2555 8687 7574 7332 13303 9465 18541 58 19242 1628 11495 5152
4364 3181 333 6850 1150 19206 10029 520 7496 15738 6237 4754 18594 12744 11735 9238 18175 2672 104 2732 6594 10636 16911 156 6160 3570
14157 19345 15552 16279 5746 15222 16681 8330 12588 15638 13404 12479 5985 12483 1403 8690 3722 1081 17517 3301 17309 11691 3599 8558 5854 19838
6370 14937 13819 13087 10069 12180 8509 18290 13127 11146 11444 8665 18656 11263 12277 16112 12676 6603 11329 3903 12769 13010 5906 16005 11107 11076
3039 6202 16011 13328 9611 4884 18455 19646 3106 10484 8558 4180 12677 3741 3002 6824 17925 13197 1048 16704 19831 12177 13688 13559 12632 11250
3977 10116 12848 18682 473 17900 10878 3970 14869 18469 8995 19297 13980 9003 19413 7388 15785 1717 2739 15024 18139 12219 8992 726 878 4107
18084 8304 19963 2031 16840 7302 12046 293 19020 3501 11463 15991 13135 12260 18338 19975 7837 14071 4224 6173 4532 16003 16219 12922 6223 3032
13354 1970 943 15835 10007 9522 13913 15421 13246 7849 11973 9872 8831 15015 19703 12616 11105 1023 12616 5792 1440 1272 14062 7202 19401 18966
12255 13696 14343 1133 15540 7872 5345 10517 916 4574 12596 2985 9437 12352 2970 5019 9699 3085 19184 9838 4464 14891 10148 4147 19286 4174
11480 8109 6758 8346 13455 13587 13555 9331 6091 13605 13973 13573 12781 3881 4432 4255 5422 15284 865 14256 368 8813 2625 19833 14313 13940
19091 18136 7031 6249 5603 11887 3744 12613 11579 16903 14388 13549 2970 5115 3060 11009 6593 19540 11375 1221 5370 14834 7988 7096 16511 16369
4930 1691 16018 17054 6205 18325 18519 4897 15945 7267 13351 10491 15260 16286 11005 18522 16307 9958 15246 19139 10059 6197 275 6010 7185 9757
3657 10707 11400 9188 6654 9656 16413 2919 7226 17972 19052 7765 10896 15874 8564 8154 8679 6698 14788 1315 8513 19888 2757 1688 3160 6790
10039 5928 12676 8697 13370 17744 7646 17355 19319 14279 13860 5279 2373 7993 924 19590 11127 12336 1014 16365 3878 6849 8742 19215 2364 13098
19744 6083 18818 4523 13271 12773 2233 11555 19676 6677 148 8708 2425 17778 3287 17746 592 13691 6760 6902 15824 364 2415 871 8774 5767
5122 6456 3761 11745 4352 17832 10198 13639 6006 8850 1823 12206 1972 14918 3522 19157 7456 10281 3959 706 5925 13786 11839 8468 6759 3065
2192 14953 17544 15557 5043 2596 16765 11659 8454 24 12291 15420 8250 7715 7049 6874 14362 1290 19669 6267 17517 19326 9807 19148 15772 16225
15206 15816 15472 19283 4768 10238 13697 2818 3070 788 6446 9832 17726 4461 1398 10338 5266 9568 1834 2882 10626 19237 4657 4519 13182 15663
13672 13176 18831 8616 12685 755 5773 6158 769 14748 7026 561 5945 12135 14188 13662 5064 5480 14736 6889 19203 4362 15030 18201 19130 18731
2129 19117 4180 11535 12359 8720 17481 10376 8475 2914 18898 13172 8692 11382 16985 16553 1288 11959 4096 10769 12536 202 7196 2428 6436 10497
6587 2725 2323 16707 2190 16867 10404 8263 18260 1907 13146 14759 3232 6404 10549 11651 456 8301 14402 18003 13205 8623 10880 10285 3864 14231
1749 7986 6228 15845 12639 2360 2792 11942 17340 5741 13950 7610 19668 12836 6893 5772 13071 2869 1573 666 7555 14569 14694 4106 889 11744
19421 4011 2663 18441 202 14398 19239 2566 6150 6738 9658 13666 4456 15074 16966 19721 10541 17515 1484 6873 3843 15173 6882 12315 8196 19508
1147 19000 2121 8120 18781 10760 10995 18069 7270 18945 13049 5660 5786 269 10609 10885 11931 10815 6781 9016 7635 10827 3909 1474 6036 19066
3845 4221 6610 2084 13294 8212 6309 7951 17857 4259 15811 8647 11243 4106 15758 17170 14582 2417 6095 15699 6741 4698 16018 8150 17281 10650
15093 18132 1097 8811 17756 14391 12269 3075 15224 11451 11542 3403 9486 660 7079 19146 9609 11566 10804 17947 7668 15597 1557 9527 895 12652
11820 15633 4566 17217 18508 5265 419 5295 8616 11582 253 4856 15495 16319 524 3151 8875 19175 15107 18693 12356 9789 5092 18614 15650 17282
7585 5216 13789 13764 13835 12671 10462 9113 17522 7466 8754 11845 7574 10386 15593 18619 3834 5630 5336 6640 13512 2774 13389 8859 19414 8875
8925 3429 15806 2528 14734 4639 10987 15589 14213 11409 19419 7482 15102 5160 5350 3490 2309 9587 10937 160 17324 18214 8215 12770 19080 18490
5622 3982 1682 1850 17622 4600 9172 19902 11478 1871 1553 15706 13945 10919 10677 19152 16141 14547 16651 3402 5156 6111 12600 4723 9995 6667
17401 8425 14028 13386 18060 5885 11877 18673 13581 5689 1474 2765 7747 10033 5300 14820 1394 2288 6154 9884 3151 17903 5044 11572 18999 19216
6234 7633 10901 11995 18211 17658 4346 8954 12963 2807 18314 6822 11974 7262 478 6518 9105 15171 18060 980 11089 19889 16558 12784 5760 4450
3928 19738 10005 11971 4992 17982 15046 19428 14207 16684 9348 18688 3892 11997 2782 17466 1642 6325 5656 19845 17066 8968 6585 5997 6989 7510
19035 13020 8610 18439 18865 18955 13075 17518 19094 19503 3988 7558 8873 18593 1035 3866 10945 18192 15801 13632 7872 1535 7487 3975 15830 9880
14075 13926 12804 9515 10293 16355 9299 207 18986 17429 15318 13355 2915 16236 18437 4995 17839 13310 19202 19798 4295 218 3289 9534 18333 11002
862 13074 19088 11226 17766 14315 8327 1556 15030 18487 4598 10510 18713 53 18510 14692 5536 12209 3496 8922 991 10343 15481 14647 4141 9027
19131 8294 14713 9905 16010 19876 9301 16530 7265 7102 2667 13061 6960 6432 16376 3112 7429 4714 15264 4276 5457 6969 241 3248 6263 15337
370 7369 651 3084 4642 13499 19408 9935 6048 19211 11318 469 1989 15863 8084 7102 9147 1639 7695 19694 17435 9800 15822 15047 426 2356
19996 18744 19180 889 3573 13720 14039 8018 11576 2094 6874 14916 11518 17310 4722 15577 14293 14786 11699 672 16217 9256 17682 92 13534 15629
3212 11366 17263 4894 2814 1634 5190 9557 9687 11390 18885 627 11869 1014 12979 13331 1028 1837 12997 617 2831 18066 18794 10853 9340 16999
2328 7965 18051 6468 12297 11912 3833 8748 10734 10677 18931 3785 8733 14486 1303 18324 16243 365 12805 16420 7872 6648 8162 5421 3327 11341
15989 6051 581 15937 6569 14336 19441 622 8885 3256 935 12840 1734 1426 14913 9352 4905 1725 11656 3674 10289 16986 7018 995 12177 9304
16647 569 16193 15341 5946 13428 7103 18286 15223 8931 19426 18130 12557 17811 12810 14003 4448 6191 16814 8653 8219 17730 18777 10577 11650 11171
6463 16442 15806 10550 11537 17775 700 3363 18750 16302 9987 8977 10713 13388 10114 9130 1819 3578 6990 11117 11654 15101 3354 17551 2560 2564
12197 16768 12481 3973 3027 317 9517 4409 10263 15948 12047 3211 10251 8108 4788 10707 5700 19434 1223 1275 3565 16994 15578 13231 11965 13953
17012 190 1089 6597 16808 6997 2925 12228 7589 16652 578 6653 14332 9017 13441 8721 7801 1717 17849 1429 8279 8999 17599 4033 5642 3476
3111 10433 18543 12821 580 14920 10533 16687 13074 8316 13823 237 17872 284 11952 9991 14435 15372 16087 1680 8185 9621 15333 11853 2607 10308
8687 7934 14746 13948 5403 18149 14827 15620 12198 19768 17737 15209 16647 3562 10708 4002 12711 16661 16083 12653 16183 11015 4684 2881 11941 1434
14861 19774 4098 15045 9027 10490 5333 2502 4723 2164 9172 9578 5857 1708 4599 10924 6382 13347 5092 16559 2271 8579 19109 7888 8883 18443
18353 89 15761 19910 913 19191 16770 4336 18833 10304 17917 13496 8847 14322 14787 14152 11923 8878 2348 14436 2335 3821 13421 2988 11530 14496
8152 2108 15653 17633 4470 4176 4189 9907 6586 4560 17894 10765 4272 1163 11540 3489 6146 2720 8561 4728 8262 16348 16517 4953 10310 8060
10543 11437 878 4055 18708 15151 8192 5779 4772 9197 12205 3982 11935 13784 17877 15530 3529 14367 12833 16085 19291 5842 7803 17953 14780 12455
13284 6823 496 11798 2174 9518 1444 9370 16688 958 3637 18247 816 15531 1556 12820 9466 14025 12203 3736 18044 9386 8800 4195 14450 12785
45 11658 10590 10180 19762 4213 238 11184 12726 2385 12996 6176 5922 19781 16023 6496 6005 13395 15650 11093 15740 17383 14871 15005 16572 1482
18288 5932 6743 13099 8952 17442 831 2269 12723 3230 6953 13692 12932 6580 822 15932 8177 1561 5244 4919 18737 14081 12907 102 8202 1948
19104 12574 2427 17147 13603 9507 8100 18944 1228 941 19225 17650 18821 15764 13110 13891 7848 9523 19732 4682 10435 3976 9283 7936 10682 13570
17692 2646 13845 6510 9775 14106 13411 10913 724 19888 3946 4995 10180 17788 6585 17626 12737 9457 12359 10657 8216 4830 8724 1045 10178 19966
18500 176 18574 7319 12336 17146 11370 921 1492 201 7014 1028 627 4829 9117 14765 18643 7827 16507 18157 2089 13634 9481 7354 11797 5784
2402 6805 12084 14687 6858 10664 1545 3143 6630 9861 17579 2295 19345 8587 14949 17745 4570 7408 13466 9131 19887 5944 16899 13784 19508 841
10424 12490 13529 2447 1305 2191 11339 16639 351 19682 12623 14036 17625 4799 7938 18296 15307 8969 5293 13891 8351 16786 8672 14683 12171 19398
9902 4715 9045 10759 15450 5119 4093 5494 14394 7627 6751 5194 12345 9897 18537 12056 8927 3771 19839 544 1816 10429 4282 11643 6051 12036
11583 8761 17725 8626 8459 8970 12949 14045 9315 6665 10569 9961 4343 12719 15172 13334 17815 14840 3886 13310 14753 16187 13090 1410 18443 2609
7442 15333 12918 13689 10079 18348 252 17350 16135 11282 6413 6599 12575 9613 16950 2175 16264 8992 16239 3249 4553 4141 16325 4172 16914 1179
7632 14365 18887 12834 18004 3972 4975 14333 13298 18816 10400 8667 2002 15200 8323 322 14389 7560 950 2356 11646 9816 12721 10992 7173 1226
9359 15943 16896 11455 1794 11650 16132 4429 14972 12463 3084 8977 14955 5132 2789 12530 6828 19294 18776 18859 5559 9691 6965 9424 4117 12549
12825 11989 16746 3018 17894 1952 9590 3039 9660 19050 17439 18703 6083 15854 19943 5796 444 1581 5906 2127 9393 1831 9617 4004 16228 6660
3125 6511 2532 6580 12588 10966 6009 6567 12154 5066 16296 19587 18642 6191 15033 5636 10806 10104 12304 14909 18530 14952 6893 1178 13180 116
18595 14145 6701 15229 2980 13195 987 15490 10162 13347 19688 9275 4996 645 9703 5359 16646 2685 17202 2456 13926 3082 2647 12647 8308 5033
6357 5680 12348 6961 19034 16025 10039 15161 8122 1079 1719 13239 12231 16298 9610 17009 11574 7052 12768 18357 10648 9217 12610 15127 17732 5767
15625 4300 9586 7421 14746 14174 16076 7361 19886 15641 6569 854 16492 5779 801 4267 12224 17083 13447 130 6752 3350 2260 2040 9867 14299
15510 9260 10618 14702 13836 1716 9307 10177 19362 13659 18200 1172 17612 12269 10716 5768 18721 11476 7718 13102 665 6082 14655 11527 14145 1602
5063 2391 3886 4190 2522 18499 435 17494 3211 4074 6028 14343 14595 4753 6958 15047 15027 5826 5596 8810 2485 18023 4871 1493 11872 1204
12085 14700 17296 6048 8101 5364 16220 8349 2885 13887 5018 13958 18432 15396 5481 3694 15673 15501 12543 10041 1408 6866 3960 1957 10836 15987
2309 13692 7790 16471 4716 13677 18543 12854 17331 980 6785 1350 12546 2705 18119 15298 3600 6472 5198 13664 15779 10528 5830 19365 15438 1917
9588 19850 6780 18916 7527 8393 18044 5726 7475 18921 7747 1014 19918 12538 3531 10661 6901 15128 9630 13181 19693 11504 1546 15722 9591 16048
13562 4278 9029 10607 6534 5294 11809 10047 879 3149 14604 3510 7050 3549 5673 9182 1100 11945 16628 15362 16011 2150 4260 12600 2965 12446
17870 3376 4448 16767 17695 18660 8472 12973 2319 9563 15651 18846 14331 2384 717 11445 18311 2690 10208 14800 4132 3674 4586 14954 7935 5127
1457 16336 17786 18646 1848 13594 7886 13718 15381 10465 15297 11969 17495 12531 2743 15477 18256 16678 17116 8670 19720 5672 9985 19072 19256 14958
12037 12512 401 19302 8262 10420 15352 3764 9287 8438 17558 8896 10745 15871 10206 4535 5868 3785 15889 899 3582 4610 18171 567 10636 11594
13348 7394 16361 5121 16090 6543 17002 12344 15522 11095 6059 3344 10017 17094 13679 17501 5448 17551 2733 1570 1542 1463 257 7998 10274 19394
14669 1718 1524 1166 15298 4689 19036 5087 14143 16221 16251 16388 19803 19701 604 8307 16275 13370 11559 17834 7020 11765 11047 3339 9804 8942
1104 19058 14469 15175 14646 8559 9374 9726 1453 18490 7380 16402 12182 2275 1679 1015 1310 8453 9398 18044 3265 12311 17633 15381 5587 2288
17512 17300 19668 6011 6241 3445 7195 622 3971 1366 307 3877 11617 19096 5137 14359 2641 2151 10390 1637 12004 17556 5315 7184 16815 7943
1954 13090 6089 11870 5446 11683 2728 6422 550 19040 16744 3490 19150 9519 18719 6214 16530 12163 1981 14621 18697 1136 10520 11781 8116 1427
18029 12545 12566 5772 1584 3036 12164 18124 19295 3514 1920 4953 13118 19448 8075 883 18865 941 13019 6265 3017 5336 17329 19527 17384 16707
3353 1960 3373 17833 1933 1973 14815 324 12320 16107 17179 4217 8137 2848 4595 8813 16590 3194 5190 3734 9420 15472 19320 10138 2543 5232
16638 12241 10120 7164 10268 6914 15445 4972 211 12334 15993 1998 4286 3660 18676 18810 18868 4024 6328 18910 6900 1454 14672 14430 9116 11999
6922 5972 16071 12490 9146 819 4340 19755 7750 2374 735 3823 18132 6890 11664 823 10280 2486 2060 5771 908 606 15122 3772 4327 10149
14499 14875 5812 18823 13671 13698 3412 8768 13095 18633 16116 19997 5238 7318 4513 12158 12234 17866 16252 4235 6755 12047 4656 13154 883 3166
1690 13742 4233 6261 16817 19766 15045 12974 12188 872 13284 2894 7465 18021 2650 18497 18042 15678 19374 12772 4109 1987 6750 4613 7661 2715
10042 7780 9409 2962 2798 14494 15895 8659 14560 17952 9070 19755 13009 16347 1632 6116 19307 2252 16639 17567 14755 13378 2103 17116 15661 6699
19371 8960 11568 3736 8009 4919 9991 1970 8246 986 7834 10659 4734 13693 19257 12543 1007 2 9733 17084 11690 11160 11037 5595 2444 6746
14998 11435 3447 12822 19697 344 16587 10887 6045 11995 4013 3065 2089 3927 7679 954 4188 3750 1365 2335 6200 325 2915 7969 15537 1910
830 361 5857 18243 18265 17701 5496 7059 1589 7037 4463 1581 5963 11522 4955 15939 17780 13294 12904 17025 11621 6640 1071 14199 8120 13410
12862 4408 1679 1256 10281 3984 1943 4920 2713 4942 5316 2526 5587 9589 10576 9019 2283 1964 14449 1371 15611 4386 14078 15953 10015 10968
4472 15295 11475 14442 18000 7933 4262 3531 15140 9109 1258 13531 887 15377 17124 17003 5135 14617 13208 7812 2335 7524 7685 656 10467 7483
4217 8356 2910 16826 7247 4480 9559 8260 6934 12337 545 3670 6243 12496 8735 16050 7557 3277 19076 9037 19482 2711 2371 11851 3964 15466
1005 5595 8810 13080 6521 9605 10662 11546 9903 4599 15896 15757 12612 2472 17531 15271 9328 3612 9828 14507 19759 10270 10364 10319 7129 9623
8645 6379 5662 8627 9741 3941 408 2260 19310 18449 1208 8045 9868 878 1564 8770 9577 8490 4182 17436 5461 11494 13872 13154 11592 1630
6280 7597 5225 14601 349 10926 5795 14008 3333 3268 3807 12882 6916 7014 5934 17017 38 16612 2238 1232 16683 13949 17523 4844 15883 1440
17746 2252 15496 15107 7722 18720 16088 15496 13339 18610 6681 13227 17495 9371 7057 5831 5491 19216 12817 1233 17208 12769 9596 5541 16062 16013
97 18842 4123 2252 12685 19179 18906 12924 16703 8667 15468 668 19110 16360 15766 12131 2781 390 18273 8468 18130 19423 19433 16360 16358 8252
193 5852 19395 1534 17375 8566 10247 4227 348 16424 669 15600 3537 17528 16753 7743 18147 1112 10771 1723 5954 6731 9565 2883 19913 13048
2400 12757 10817 4115 11065 17072 2413 15031 8897 18051 15422 3322 4091 7352 19389 352 10126 7444 906 14417 3392 1152 11525 4242 10990 12301
10168 8208 4075 8759 18556 10030 4170 626 782 12198 1190 128 16385 8659 16672 7910 7034 14975 5917 15855 1221 17757 9900 3759 4326 3567
16382 9817 16709 11744 17120 717 19292 4 19872 15412 15375 11036 4533 19460 10058 16495 12457 6608 6777 18827 9576 2939 8479 9258 10377 18070
8271 12339 12613 4547 18674 10825 9365 3656 3496 11824 14599 5908 18011 7785 17228 5925 14129 8737 2977 9383 1800 15038 5781 12576 6834 17145
7263 15397 16062 12715 15586 18849 4549 14995 2020 16707 2240 718 18000 12278 18239 19780 440 87 7723 16585 8067 17797 11061 17668 5809 10622
6560 17772 8300 1857 8158 18744 925 2364 7147 5451 3676 19026 1043 8827 2511 4858 16635 10001 14032 14286 3866 17969 2936 7950 16706 13579
15008 9752 1009 3038 17573 2382 1421 15294 11600 6764 5742 15746 2910 6822 6047 5614 11488 17651 9445 4427 7767 712 18460 16939 19734 12158
14299 13397 8107 14192 956 438 2351 2811 17192 7295 12286 19422 16116 3485 465 19083 4287 16268 10810 18391 8723 8285 5548 5108 10743 19652
1370 11722 19352 6547 18077 8280 6368 13868 711 17140 3628 18048 17036 18144 17848 6407 17932 13769 9644 14200 15939 2241 569 10273 13793 9672
10846 15336 10159 8979 9409 6251 14055 2217 6589 2928 19360 7280 4404 7724 8161 13682 19953 19986 12194 7499 10346 7694 3043 6742 13601 14226
1416 10044 16432 11553 3325 3520 19811 19996 9158 12677 13283 19835 9790 1721 17179 15509 14734 19309 14340 18821 430 3786 17900 10743 2778 11276
14320 5056 15704 12877 784 615 18983 19140 6992 19549 17298 11812 2185 11256 8749 1650 15993 15641 15347 5113 12081 12669 19759 11972 12684 14962
16066 8460 12493 19491 16030 15840 6924 427 8021 15551 9187 15402 12309 6521 15719 11205 10188 11257 19028 2493 134 17779 1413 4296 14330 19104
1614 16336 10370 9704 10837 7918 8808 5325 11698 7072 8932 144 13886 5320 13594 12493 3225 12945 15605 5266 17371 13175 1998 17834 6060 265
7374 12600 11985 3104 9184 3594 9275 9391 8260 701 14270 18524 157 17634 3957 11994 9312 3922 16724 18499 1354 5768 4741 17138 19437 13169
4420 202 12405 14538 13620 17204 10167 12423 18665 13519 17029 7987 16053 15746 5933 6758 16486 11945 6055 19122 17461 15500 16065 17844 14485 8642
13656 3975 7671 7128 17603 11559 9714 3776 2124 1844 19421 5319 12844 13706 13250 16979 7060 7294 6782 19399 5592 7732 5286 9190 17213 8877
15973 11946 8612 13825 13308 16121 10376 16640 8501 16932 9471 13833 12730 6410 15333 5507 16904 13355 16590 4150 3040 8711 17349 17682 17963 5897
19028 10752 4908 11385 14004 10531 19699 12249 19284 12582 9590 17697 8613 11646 19326 10344 7925 2117 3627 6806 14028 12095 8654 10504 11467 15996
18312 15703 11687 10254 10031 18414 9548 1371 17086 3467 1941 18661 8681 4546 17436 12328 9778 8335 3075 3951 14585 946 18710 18426 1625 12756
17619 999 12528 9905 7505 18348 12121 1887 43 9503 6610 19508 3793 18796 4741 4356 15998 6489 2278 1173 19628 19261 639 19506 14501 12415
1296 11390 12126 11655 3575 10053 9081 13720 12215 8488 4403 11809 11491 11715 7172 17778 843 7041 8163 2947 7172 705 13709 18768 17382 7435
1499 19644 820 14335 19273 16488 4594 12379 19492 11007 628 3624 232 11912 12324 15355 3993 13018 479 11578 15060 12849 19648 1854 15914 1880
14444 11837 4513 4109 13591 13589 16995 6417 3677 16112 13933 5432 1155 3367 15279 1580 10201 18275 13900 12656 16677 3248 10002 10137 2324 7733
17392 8585 10141 14589 2602 2572 19912 17534 12536 3895 1571 11199 12039 12868 6659 16868 10956 15866 17205 13308 1894 11968 10701 14473 96 14539
19961 8731 12073 16787 7056 7104 428 10433 14179 19624 16207 9929 12228 5306 15308 2361 16668 9136 11701 11732 18439 13319 12518 18411 14891 16172
1524 5851 2524 600 18696 16842 5516 13934 10369 15325 14844 8462 2426 9848 19330 5046 18525 9768 12949 8192 697 2205 3244 15172 3061 19028
2870 550 16464 13828 3479 9994 5778 19348 1003 6032 385 13676 6180 2889 15463 6311 7073 10141 6000 18030 7149 18432 13205 15707 19620 10746
17953 6994 4557 14046 15321 12375 17559 17703 8451 9568 204 9544 8377 17298 16887 9972 12061 14880 11594 4038 14907 18384 5003 15414 3655 13332
15851 2360 1785 3153 4003 17106 10991 14201 18577 19818 2259 16850 1643 5494 888 10739 14835 5720 3665 15042 17666 947 16741 7084 10094 10807
3104 11785 7069 15933 5195 2247 14215 18934 5498 19500 12680 4435 18102 16172 18107 8513 17874 15089 14932 10731 5413 15273 5860 19431 3123 11594
13354 11804 13238 10809 11019 5587 17594 14566 17590 13994 14813 7182 13985 16505 3337 19752 2444 6300 7225 3829 14700 7294 12325 17152 7078 7569
12147 18333 14437 18156 17084 7057 12508 19061 19740 5671 16363 6246 17256 19941 1286 13328 12181 12512 13486 574 6319 2678 18100 12798 12889 795
11104 757 15688 2624 13051 872 8839 12467 799 19644 9087 5513 4153 5551 7358 3003 454 10776 7085 15539 8240 9258 5251 8044 7936 11228
16914 23 4519 19424 14224 19076 2033 1165 18982 18553 13258 2148 13159 3609 15944 8989 6980 4021 4732 11774 8774 11440 9142 2334 3740 16124
5793 16750 14968 9768 2758 13565 2018 2951 18091 5893 1367 10161 9735 6741 19609 7127 16886 17182 18972 8120 12229 14440 11649 2836 2683 1118
1304 17118 12861 12549 13896 16011 7824 16511 10602 18596 3552 9623 15336 6688 6489 5237 8414 18423 17994 14734 2012 1697 15198 5365 2804 14011
15532 17888 19123 3007 7775 8413 1222 9253 5160 8477 4711 5976 19258 14590 1501 7014 3279 9240 6664 1351 5149 8292 16668 19831 8424 11990
9478 5833 19066 18286 6138 11786 8037 13276 13845 10491 8139 1757 17568 17219 9844 18942 1585 18692 12840 7506 14990 15073 14208 11778 19291 18272
9433 5895 3240 12127 1217 16780 2124 17666 14922 11276 17123 10661 10284 6202 3897 17371 12501 8687 14785 19118 8041 15674 13814 11773 8574 11530
18311 4907 17631 766 6382 8886 11337 3921 9940 14168 14296 12533 8006 19459 4228 14010 3224 19471 8791 5442 9788 5500 8318 15229 6016 19606
10244 11833 591 2658 6188 84 9798 17869 16973 15784 10957 4797 18098 19772 1941 7907 4221 1448 12282 14062 2233 4517 10007 18984 17724 14576
4244 14211 14681 5087 14064 12942 9541 13939 5363 17528 19143 9821 16268 6695 14976 16424 12933 8410 10968 17415 13355 14207 8023 14067 1048 291
17881 712 7350 13831 14539 7512 18244 16359 1284 8329 9855 7188 15145 6733 18302 8903 14552 1682 467 15924 19065 8097 7482 15685 2370 5919
17948 6171 7270 11826 6072 13530 13339 14177 4082 6722 1459 18485 9341 1193 11442 1639 15477 12846 2949 5983 17854 11558 17991 16311 6853 19671
6453 8648 2892 1642 14782 19653 2528 899 8123 579 12596 12207 3715 11844 14508 16407 647 901 8402 16381 5131 4873 18847 6048 3589 10776
3875 7073 16544 11327 16259 19480 6097 9740 14581 7036 5761 9180 9934 14166 6071 3731 8567 6340 16846 39 12652 4811 9629 4945 19817 16326
10116 10135 19675 1142 11762 8994 6365 6449 5114 3085 4516 12396 7505 6193 2205 656 19299 8316 18037 63 8114 11509 6176 8921 5908 302
11305 16992 16611 19392 16230 11333 16662 4146 1218 3980 14165 3840 301 9854 18146 10943 5168 11896 12227 18354 15279 7775 14700 15569 16588 9670
15365 11046 10177 9146 18803 3100 1897 8720 721 3602 12117 6007 15148 19393 2958 17204 15288 15411 16077 18537 1910 11601 13474 12598 3 7766
14195 3983 5953 5809 11317 2447 3419 18348 16197 9819 15461 218 601 6639 6671 8217 12799 4175 16111 15785 17063 11446 2555 14310 1791 2597
9800 8982 9791 18923 7490 14880 7604 2850 2134 4431 18892 8817 3672 16129 8202 7679 19191 15393 7048 7868 8823 9196 16691 6750 7089 15679
4537 11234 4131 18642 8508 2174 9527 15222 10610 77 1731 6436 6421 16412 8658 19334 4916 16508 912 7875 10827 4173 9252 12907 3901 5605
554 14433 3526 4503 18621 9103 7928 18086 19795 4218 19352 13508 1639 7001 247 8958 17832 14938 5468 10574 12099 7892 18802 3221 14831 8402
19218 7307 13681 5581 2887 10028 10087 14657 7070 6819 19360 14647 2421 256 16391 8176 10446 11213 8134 18137 2864 16273 6712 5354 6412 13424
16107 13971 17425 11609 10156 17799 11092 18669 13751 16727 13480 4584 3445 2509 7049 19825 12946 2030 18126 11337 6073 4946 3948 5300 15910 1725
2683 3054 15685 757 13955 19992 19582 17582 4140 13906 277 11961 17311 10291 12346 8741 7973 7603 3297 19533 17981 7059 474 5840 9798 9647
13637 14157 5588 13465 619 19888 14271 353 8917 5260 17066 8628 17165 9878 3922 17420 8211 4352 5942 2697 14403 10970 15874 3794 13723 4360
5125 629 3007 12182 2220 15779 1322 9652 10422 3978 1354 4095 11351 18330 13907 13994 18514 17602 16316 1133 15558 16181 5603 7347 14609 18857
6840 19399 5999 17834 13506 12976 12934 18894 7874 4621 4998 18589 5514 14854 9334 14691 5166 10232 8240 2192 14742 10034 10979 12134 17395 4807
2445 3895 7450 7306 5532 9743 17755 12601 7228 10085 6308 17473 19501 15083 11862 16795 19989 6038 19973 1681 6519 17769 250 6562 18491 12195
18017 724 13633 7194 13428 7827 3524 16130 4990 14436 3572 821 16609 14446 9053 8549 19151 935 16444 16357 11590 15783 12894 13491 13517 1170
8306 6727 18278 14651 7298 10357 14117 633 8450 5198 16881 11177 3993 4937 11227 14366 4570 7247 14722 19409 7305 686 17964 9076 11508 1184
7775 2172 1151 3469 1786 5421 4229 15918 7664 6161 8426 15505 14081 19925 5915 12458 14458 16202 8277 3552 16390 3373 13710 4940 10079 13418
18953 4641 15999 8202 15712 6615 5837 10969 2604 4222 15255 7385 9068 18925 19064 15200 668 5179 8117 11185 13895 2446 9036 9641 15554 16712
2775 909 18396 9849 4228 383 2008 772 13955 14317 19735 7206 19257 10388 16525 1230 4340 15090 17857 5987 9782 15465 336 12899 9707 19909
9592 13736 12380 3395 5687 1152 13933 19957 14527 196 12293 14768 13553 8485 19316 18555 19808 1412 13281 4555 3202 9964 15897 19687 1517 4151
14365 12347 10598 9882 10887 8414 38 1901 4739 4332 1397 13433 815 9049 1217 18655 12801 2712 11578 10329 16961 5281 17152 771 14036 4061
2567 17559 17386 8660 17559 19361 10963 4870 3006 3497 639 6408 2061 7560 7861 5814 11588 6877 6411 14186 3589 5956 6128 6421 7572 5218
11555 9848 2782 16280 8303 1453 6890 7558 3375 4557 11194 13480 11372 5776 10828 11714 4913 4445 16177 9610 6676 3900 19249 12521 195 15206
9201 11155 4082 9870 9335 18022 13301 19397 19923 18604 13367 1897 13693 1389 10007 7355 363 14912 8042 3568 13965 1987 9179 1850 18036 15608
13328 11662 17999 6092 14210 2350 2779 4137 847 17919 3945 8554 19987 6237 1370 14983 17049 240 3248 17379 5755 10613 17672 17615 10496 297
12669 9887 9059 10861 1180 16608 4445 8842 5264 8060 17069 9420 18362 14874 12210 16704 13240 19426 851 17321 897 5791 15399 8163 16025 192
18832 16758 11704 9745 4883 19147 807 5520 16379 11298 16470 12669 11755 2421 17605 8427 17883 458 15225 19195 6822 2515 16674 4476 1811 15629
11835 15610 9033 18913 10121 15659 17997 16782 12378 15117 15713 4185 12634 15158 11802 6674 17513 14135 8186 827 17673 4468 12454 12881 6034 2895
8917 9327 1193 4701 1503 7674 1219 14622 12140 17404 16063 12588 4554 11898 6018 13247 14914 13484 1451 4836 17696 19409 4213 8006 15868 12048
3515 11060 6448 6359 13686 1059 16163 2650 4561 10834 17918 2600 17543 15249 1688 16320 4005 317 4907 18846 123 15458 3602 6068 17936 17978
1540 1411 11989 2558 7793 12404 13089 5390 10668 854 2216 14117 19987 14188 17451 9108 8361 1640 16145 3977 3899 14846 19607 9346 9283 12551
11603 16653 14973 6367 10116 8108 12238 6637 1358 10924 2641 6342 9962 5141 5359 1368 19289 19345 18069 5571 5397 19854 16841 17679 5999 12349
8202 19191 4633 14653 16641 12391 18197 326 3109 1527 17819 19951 6775 3093 16281 12676 8524 8480 14502 7426 8561 15613 17907 3935 686 11124
7177 9068 15350 14481 8864 2396 9826 13397 13965 12473 11914 11851 6353 16330 1217 17602 4309 4971 12586 5789 7401 19400 13532 3988 15594 16553
5053 14710 8955 9059 13948 12852 12471 19050 15614 3898 7836 12959 19415 18218 2438 11055 433 3234 9081 13151 3689 1194 10173 1528 7012 2943
6107 7916 1218 7962 3342 9046 15114 2127 11183 8580 1597 12365 13086 6076 5838 16272 4160 989 110 10156 16599 10373 6698 3008 11916 3530
3240 6005 15136 13758 10171 6114 10695 15762 8325 9983 10125 10379 7253 14535 5226 1793 4237 12044 11669 14165 11744 6972 4333 3400 2078 16244
10359 7478 15812 3762 2691 591 17779 13524 12181 11726 1741 4671 6644 19903 19401 2911 2269 15033 12582 5629 7997 8345 19406 13448 9243 287
14743 15843 11018 17861 12612 3218 4246 17764 19270 6941 4875 14586 18232 14077 10062 3187 1430 16982 14996 2942 16055 7167 750 287 1901 15003
1358 10095 19085 16328 1567 5938 12046 7745 3845 19088 15392 4029 18236 9538 3028 14198 19000 15258 14436 1265 8009 5120 13424 169 8832 9466
3981 16287 17781 8376 18091 15737 7271 7076 6336 7263 6034 19760 17716 12943 8924 14319 15501 19674 18264 12142 5534 12525 15027 9566 12487 16318
6957 10207 6190 3368 17617 6409 4725 18132 4625 10256 915 982 10517 15556 15444 7697 13178 7157 19420 11681 12568 11299 8128 15982 9995 11786
1991 7379 1557 11678 13767 12229 19752 1845 2783 16845 18802 5576 17492 8104 19488 2364 4799 7151 11209 11187 13737 5598 7623 8190 8844 13263
13267 3805 12117 8967 6817 8860 5431 15662 10748 17260 13229 12385 8633 5738 10543 3380 17677 18458 11313 4454 901 10150 19699 3234 13090 455
9723 17630 12317 5697 3083 6670 14249 16354 13096 16342 11732 2206 8896 14297 5633 16035 5214 1351 716 880 4745 12263 1191 5791 18465 16325
4003 2015 7436 2927 3304 11879 8832 7163 16940 14740 16936 10351 8925 4556 13976 10293 5213 3164 13245 18336 9533 9031 18635 11651 11463 8109
12274 3890 151 18313 10943 9182 13694 17788 494 1120 16132 15432 6568 6347 17299 19785 2547 16986 12606 4770 5729 2985 6909 11283 8036 11647
18997 11239 13164 3217 13569 17303 16352 18121 12064 14957 16953 1984 1746 17279 18303 3143 17512 12674 3059 19282 14077 16137 16350 17894 7951 8795
2785 11938 15633 13195 16756 12758 18076 8083 4863 11917 1233 13506 9125 6947 1009 4556 6931 11011 9137 8135 12472 12870 10846 5438 12413 12618
16339 4699 12543 16485 3985 12303 12246 1304 19205 7292 18870 8062 7512 1079 19882 7566 19419 14518 15304 13813 9327 13750 5289 10554 14678 6609
11988 18996 16789 6387 10868 3419 15437 14407 19772 1208 9900 17307 12614 14013 13900 1283 14750 9680 14686 8757 6289 17317 849 15873 479 7881
12395 15444 6128 7700 8221 6691 7497 13388 6857 3943 16181 13467 13103 8945 3105 10701 10082 12325 4694 4712 3852 805 19724 5870 14702 2973
3115 17349 7327 12509 6041 5958 5306 7383 8622 16002 9850 1985 18121 15512 18741 1980 5892 4097 4680 933 19337 11546 16958 12095 5164 2909
18242 1136 13764 1262 17567 12592 11784 8271 6316 8287 10493 1414 9378 2494 9665 10258 12987 18653 19368 606 12949 19162 18977 7289 15127 2693
3512 11173 13793 4073 16081 6728 15266 11679 15950 11292 14085 5095 18151 8701 16610 10450 6998 2387 13276 6058 12238 4780 10129 19997 18602 4902
12811 12465 14573 12879 12170 3786 1130 15922 14122 13732 13544 3141 853 2496 16983 6713 171 15163 3759 15536 4228 3957 10604 10365 1832 7494
18204 13198 13033 16028 10974 6973 167 16349 7241 5417 5802 19065 18588 8896 18292 14797 17918 10865 2789 9167 6761 10426 5837 2242 8001 18576
12852 18036 5224 12930 15089 12510 5044 12142 16948 11629 18648 3909 8748 15819 12556 7164 6848 6478 13972 8299 1975 5968 18238 1286 2951 9782
11634 1763 9093 16998 5579 5335 4965 16146 10583 3929 14748 6886 11074 19765 8011 3462 1516 1701 18542 731 9929 2129 7328 10322 11581 11039
14401 12693 473 11798 9148 382 3732 16962 16575 14266 4610 80 3634 10612 19856 14540 7362 17246 14258 536 10184 5245 5020 3430 18005 5888
8397 15150 17165 3770 4648 10668 1642 12372 14281 9448 4296 18820 18312 408 13958 11379 1456 14981 8046 18223 18486 13712 16816 577 14920 3370
13715 19649 12324 7183 13059 19609 7997 14118 13220 15311 12062 14029 15064 1576 2240 15300 9855 11348 2109 16083 4950 9968 17362 18170 15212 9200
18136 16729 139 593 3270 1827 17922 11381 5922 6324 3137 10215 2191 7466 5019 19492 4710 8645 4776 8149 7057 18133 10448 5469 1215 17163
3911 12826 16570 10819 13774 3319 11960 10964 14406 5735 12186 8005 15039 19353 18781 18518 13452 71 10130 11498 17040 15208 11914 2867 2597 7703
11825 18963 15438 401 2242 5837 5022 15255 6929 12338 5937 5139 2084 11667 6848 2029 8877 18313 11715 1936 7199 12701 17792 14932 279 14326
7416 14961 5753 17080 15136 6358 14782 4277 3339 12450 17006 3720 15384 12097 11812 6740 14086 1190 11722 168 5321 3456 1925 1971 8502 6174
19778 15413 3109 18478 9763 7475 6552 18506 14647 10242 8343 7854 13387 1482 17002 6793 13434 7366 871 15402 15076 982 19022 9306 797 15410
15355 19243 5108 5490 13245 15558 1667 8609 17340 4373 674 9352 4773 17157 6113 15818 15165 266 8358 9080 17777 11457 14613 2636 17900 4162
1619 8525 3092 3583 16832 19022 8921 14442 15304 19799 13308 6318 18012 9450 3123 3548 10485 13286 9235 9680 8488 4566 19201 17988 18522 11886
13786 1914 7459 14459 936 9463 101 14608 11514 18511 17989 1800 5503 17875 5454 2216 8848 18729 1159 10470 1607 15223 4055 7134 18341 590
10660 11192 8808 14171 10741 16929 2063 5944 1908 9893 11819 8281 8615 14211 646 15843 11379 17842 11277 11511 18545 19829 15662 154 12931 3634
11523 16021 9428 3350 5919 16200 6724 10978 11280 16059 9569 9638 12720 14000 16669 3686 3243 3969 11163 9010 19532 16378 5681 10997 4964 2468
1061 19607 4888 8443 13821 17753 14761 18031 2077 18706 18159 2713 12215 8828 5236 5321 18678 4222 13746 17925 3097 11978 10828 14814 10699 421
12086 19867 18025 12419 14675 6976 14709 8555 6207 5370 4009 12917 5620 17604 2481 10286 11790 5126 12170 10185 2095 9132 15641 18696 4498 170
4095 596 4458 11501 4682 19267 14048 9201 8496 15354 15379 2614 11750 1862 11947 7966 3157 19853 10803 3725 19285 15838 5796 7542 484 8448
4083 17954 5481 14368 10101 1199 11901 9271 2710 14339 16600 8010 18747 3237 8981 18398 4410 812 18168 13261 10557 12304 5600 15472 5324 10816
9258 1821 522 19807 643 2622 12024 4199 368 11628 13489 2286 14752 10585 13361 17375 12025 729 14857 912 10959 10639 17615 3039 17883 7534
17319 12037 249 3464 1193 14362 3475 5245 6795 14027 6627 3626 5944 16024 6959 15716 7179 6054 19587 19320 16942 2255 14501 2684 13191 19093
7755 6565 5582 1558 9295 8125 8581 19625 14215 7645 5883 3252 4157 12120 8427 14004 2623 17620 18836 14932 3333 6947 17882 11890 8090 19395
13736 9053 142 422 4833 16498 19597 10232 18085 6948 8951 17737 14071 11821 19350 10608 12832 12680 7645 8484 4165 19851 5280 19773 16290 7813
15486 18894 5621 12022 661 19524 10121 15892 7614 9115 572 12599 15918 2108 1185 396 4952 5449 15817 2500 9863 15362 368 944 12721 10224
14988 3331 4016 7175 9511 13977 3081 8786 10878 13125 12135 6496 16678 8651 18076 6954 11738 11264 19329 12930 17639 18886 17715 16704 15800 14933
11040 4988 1466 9565 8258 18779 2476 19238 14708 2879 5785 4562 11527 8862 969 2700 14678 16975 10885 3025 4205 871 17594 5171 18330 8168
5396 3826 8004 13841 6315 19515 19375 1566 14895 10768 14633 501 12189 11731 1901 218 18746 3030 5485 9501 19031 4140 1324 17646 16422 2987
13396 319 16191 15004 4861 16407 11042 5312 11194 13127 14936 18707 17235 14450 7170 5927 11034 18077 12583 10215 14529 15129 4582 6436 5533 2570
13474 14201 4709 4299 11122 13689 1048 9754 17495 10300 14530 19387 296 12823 16623 8796 12835 6411 17352 10405 12364 5291 1530 19630 14940 8976
8266 14800 10586 4322 14134 18242 19262 5564 4157 4719 7058 12432 10177 5463 18816 2986 16067 15179 15950 3198 1639 10362 19525 4634 8897 2429
14819 7200 18755 18757 15293 7056 1994 10213 11203 3442 13957 8104 17060 6402 5144 19792 2837 982 18903 9960 14447 17343 3039 8246 3962 18360
9323 11703 14757 3973 10515 7645 9625 6549 10115 13337 4280 17918 10359 14004 12367 19443 4885 8715 2006 8354 15007 11270 6564 13495 12842 4948
4298 19941 14258 13282 7213 7328 3831 12005 15532 13259 19603 1851 18883 7753 3343 4469 16367 18488 7813 6347 18486 17045 19083 8985 54 9141
12471 8649 1641 11601 13881 6250 10084 13775 15243 16684 11986 15939 11887 14060 16601 19967 3901 4310 8033 8407 10541 8683 5883 8806 15316 18256
4361 17305 3788 8172 15885 19742 1393 7919 17729 15019 9074 13845 10080 7475 16264 18477 18838 7706 10530 18318 1364 8532 5990 15653 18003 15331
18223 10456 18555 7734 11272 12394 17255 18335 17052 2267 6188 14103 2934 10362 11540 1703 9425 18611 4975 13252 8797 6905 8063 2614 15306 11155
13696 18611 2249 14768 15638 17090 12597 12724 9814 710 1892 6925 4030 10820 6035 3912 16698 4963 16176 4669 17176 13099 2956 5494 7455 1535
1381 1119 9907 13446 13194 18752 14810 43 263 1640 12592 5914 10527 12497 1186 10354 17671 4094 11900 13090 13330 4864 1842 13947 12730 19080
5395 5384 17898 10534 12877 6491 4181 10355 11982 9835 16544 5335 8331 6978 19389 13691 14366 11088 2068 3212 1397 16522 11114 1566 3958 10049
7451 3643 10847 992 18853 14903 13616 5465 16998 941 10431 11621 4387 1830 2678 14828 5836 12419 352 12620 220 573 3331 11031 2301 10614
6476 1913 4310 2832 17523 14609 8273 7020 4402 14809 12763 17914 15276 10372 8000 17083 10611 16501 19883 8660 6823 16150 917 12401 17285 19697
2069 2180 2820 14696 18329 13036 14032 12740 14464 8951 3255 1652 7956 6946 18861 2278 4885 19523 7876 18356 916 8192 19690 18346 7505 815
7051 9310 19439 17273 2063 14398 16828 11066 1878 215 12543 9610 17424 6926 8706 10261 448 18663 1370 17837 11764 3589 6858 10148 10349 17117
2388 13854 808 12209 3574 15304 6084 17066 5623 3816 12584 11998 14119 3031 7601 1803 14531 17383 10952 4738 14360 17580 18202 10713 16178 6165
7206 18566 9993 17011 3631 9745 19433 1979 6862 4638 10083 147 19254 18346 12224 727 5086 12891 1032 4556 12067 13444 248 14431 9140 14505
1537 18939 6094 13129 15874 9749 5238 1472 3031 14583 17803 420 4441 17420 13308 8115 14481 8540 17208 15181 3854 18155 5574 9411 15499 219
15186 8764 16762 2573 19562 4102 14390 8843 2970 5255 1780 12261 9765 18832 1894 12499 9790 14022 14524 1531 9908 11144 8685 12934 8605 3631
10053 833 16629 4651 16107 13626 1704 1383 2723 2704 6633 11997 12265 9171 5293 11914 13796 13934 17035 17491 6676 7868 12574 1468 1874 15014
1690 18420 18276 18691 17445 15573 14479 15319 3112 9487 17360 11297 14835 19671 3890 9486 15253 16626 12440 1238 6323 305 1677 18752 1089 16570
17782 7552 7960 7998 4563 19591 17914 14575 1842 16130 17761 12436 16943 16838 18087 11275 2905 606 17814 9345 19973 13341 7558 3933 878 9346
18087 14105 9685 1171 11288 464 7561 11455 16335 13685 2179 19652 8933 16775 16208 17487 296 15448 4650 8992 13532 8999 6825 3372 15830 16269
10322 8974 4307 467 3791 15935 12621 5213 211 3324 2191 11541 19468 15190 19129 19131 19758 2942 10232 17864 19346 7520 4731 10622 4966 663
13015 5740 5468 11089 9078 3757 9162 7254 12679 3105 19038 11529 5896 2108 7435 13715 16878 8365 14085 1712 5034 9552 18660 6251 17756 7408
16215 14863 12942 19760 14508 16927 12810 15385 15604 5632 16502 6177 19032 19025 3069 13729 11558 5713 18028 15215 13837 7926 671 4401 18630 14533
19441 4761 6212 519 9026 5027 18122 6665 11420 16414 16878 10130 15281 16740 17959 12282 2919 18856 8932 2087 13319 8029 13446 4227 11195 10762
7583 9663 6390 13224 7467 15264 12633 14486 8255 9414 7663 1931 16704 8764 10324 14855 16415 18641 6607 6726 16396 9662 12004 19632 2787 18472
8054 17347 5886 14574 1054 8409 1819 2819 2362 3039 19423 1711 15095 8310 5690 7523 19494 6684 7870 19515 14692 14721 19325 14464 3542 625
2010 9826 9743 9416 8725 14755 10839 11275 16477 14717 17858 5044 16815 13908 11282 18915 7615 17859 334 10335 9218 12377 13195 10163 6846 4753
6743 12363 9616 6229 10961 10734 3952 15207 13643 1461 19107 13424 18419 1100 3952 16534 11706 13516 2990 7805 8607 3650 16964 17215 12048 14553
18941 8501 1204 2883 19070 1223 10711 4001 14254 4407 389 1697 9531 9468 474 13385 8081 12043 4576 10236 2844 12914 16351 5416 4621 1991
11590 1708 12510 2456 3870 1145 2344 39 2442 6269 10629 13957 13613 7050 16741 14070 19685 2727 11676 4492 4002 16221 14646 16601 8043 18095
14982 10253 242 1937 11060 16183 10936 2513 8150 13408 19019 2783 15310 8674 6946 18527 19481 14913 11472 8511 4446 19561 13510 14680 10423 4227
17569 16100 18661 8784 1114 15027 4965 13385 4454 16133 2282 14617 10012 10740 19064 9246 2153 11133 11269 1565 15385 14890 1666 8587 2228 18898
6181 17632 2242 9982 9969 4537 16695 18981 5812 11713 17967 6987 11292 10870 10048 12125 8204 4797 17324 19719 8133 19484 5667 10764 10617 7375
9528 12160 4866 5682 2217 8427 8773 10626 18898 6982 19026 13515 7848 7474 17093 18207 16422 4351 3068 1697 9851 15187 9662 2511 19555 13276
12334 12644 6632 10877 10603 17096 8158 13798 8712 6185 2092 7104 17083 10226 6172 12283 12993 9711 1572 7235 18539 14970 12016 13094 4370 7933
11897 13046 15730 15330 6648 9418 9926 5444 17370 13279 13716 17393 18135 9662 7792 13299 19681 1361 1221 15205 17948 4434 8547 11458 3627 2176
7630 18414 16915 16589 18091 14904 19203 8291 16315 13430 16439 5052 15483 14779 4642 1824 12949 3367 18227 17660 11758 9575 3025 9337 457 8807
11003 19937 19017 17996 1138 2957 14369 5710 2516 17516 5403 16904 14067 8254 5702 801 15609 15195 16316 1071 7118 10595 18948 19078 10292 8574
14795 13277 10561 14894 5766 11724 10295 13801 12005 17022 3057 16452 11334 168 6094 10250 8284 2203 14287 2602 11668 19990 13415 12289 3257 19429
16750 5583 2183 4112 1087 18380 16513 11105 17141 8137 9755 4291 7319 10032 7626 12634 17314 2750 11574 10336 19472 15397 3002 11524 6952 4805
8495 2082 9568 14343 15877 6658 12509 17143 3298 9307 14779 3399 8153 557 15956 7129 2807 6300 6150 11003 12079 7530 998 417 13502 1581
