365
11 27 74 50 80 22 78 66 22 42 36 23 81 54 7 86 92 77 55 16 3 60 54 96 43 57
19276 7514 4892 11374 6005 14081 3783 10499 7730 14001 17358 16006 5965 10566 3676 13517 726 4766 10958 15099 11997 12201 19755 290 18366 4478
326 8459 14014 18463 1550 17450 4943 7116 6111 178 6756 12345 6495 16139 18905 19965 4069 430 5924 7719 6249 19181 6728 5969 585 11889
12308 12984 2899 11259 19071 14828 12665 10650 8439 19475 8881 13260 12432 12705 16296 52 11879 14328 16293 18909 6210 16213 4945 12868 12702 3895
2735 1541 2463 17083 18523 15582 12110 15471 10123 5888 9094 4686 10390 7085 18968 9126 7428 5891 2248 2324 8467 13510 12470 10547 292 11733
6389 17017 8785 1555 2035 721 8064 12136 5083 18376 18588 7822 9339 4081 215 18177 18826 13360 16369 8457 2100 4688 6794 1673 14753 17353
5324 6186 15764 19113 5170 12322 6874 11144 18957 2953 10903 4318 8522 5566 14491 17565 18749 5400 12919 14365 4408 3780 12272 12101 17382 8191
10561 12770 9327 18280 8366 967 596 2518 13199 19468 249 8432 4847 690 8385 4512 17971 19099 2794 11079 17411 8182 13645 17293 1407 868
18959 9861 19016 14412 12802 14317 5511 4831 14250 15518 992 18855 10493 8280 12734 7978 6006 8301 2582 13051 2617 19952 1440 12785 8968 2785
6250 16715 2838 5854 16131 5234 18012 15247 19553 1223 6975 15411 13033 3465 18910 4694 10792 18053 17006 17012 3379 2928 11636 7207 3122 12381
451 100 4706 1765 14581 7531 2356 11588 8458 17326 13893 4893 6710 16543 11913 10176 169 7413 8174 5381 5385 13672 0 15154 17074 16314
13106 9243 12314 18081 2637 11668 15402 4557 10024 13832 15287 3123 8929 4050 1540 1571 1724 17797 6445 7346 2588 1090 2738 5669 611 2947
19797 17468 3250 15045 17475 5131 14701 19370 10305 10141 1039 19417 18032 862 16969 6397 2702 7783 12669 15736 12130 19694 12403 2963 2022 936
152 17244 17254 17125 5610 11305 6047 2104 4192 10801 2423 6360 18174 3080 3026 8876 8212 16794 16116 13716 11495 8707 16 7121 1129 14292
13553 17494 5024 8662 0 4059 9881 4542 3311 5550 1792 1266 19606 15516 12646 1017 8430 11101 11954 7596 1792 13237 7938 12113 13207 13940
1196 7041 18896 15380 50 1027 12491 8039 15963 4132 7776 14827 2518 8145 18782 10242 9636 7676 7748 19142 10803 17911 4048 1388 574 5104
17838 9179 18053 9725 1770 455 13790 13530 2390 17549 5025 4828 9586 6242 1321 401 19307 2186 16093 11281 12486 19141 10705 17810 44 10183
6712 2396 17928 460 14867 10137 4265 1245 844 7215 5369 11721 17333 3935 13321 3044 13568 4934 9037 4535 13101 1345 6608 10119 1634 1618
13345 15957 17051 10835 15989 3888 7932 5348 5310 9180 8185 3128 15687 18146 7571 12595 11803 9015 6575 7703 12413 6683 4072 17451 18731 13767
5081 10938 19462 17463 12918 6078 10457 3611 5336 4567 5859 5882 6833 14440 3513 15240 18948 17734 4645 3190 2102 5206 19864 19464 10670 4292
12779 11255 2652 12491 4103 16013 7312 10881 13879 1797 13318 11261 16095 16490 17005 5832 10246 10864 17897 16830 2110 13697 9 10860 3152 17950
14948 15940 18881 15264 6870 18845 9560 19307 11434 18775 4515 12163 5722 478 17114 7152 6988 8083 12079 7724 12707 7026 17922 10172 14181 9313
9892 15235 12038 16094 8958 13087 17546 12490 19139 5996 15057 9822 18294 1784 14574 5961 17022 12990 6565 2407 2872 5154 12640 11465 10532 17600
10127 13334 12698 4685 8282 7496 4161 17413 13786 7804 12645 7448 19444 15306 5251 1900 13998 12001 15446 15347 15194 19918 6602 5608 15540 13207
15268 3614 16111 1750 3211 5721 5404 15505 3526 10440 5203 17750 11950 17245 2892 7120 6775 19003 3556 15137 12200 16009 16663 9718 19893 18889
17276 4957 7365 13018 17216 18023 16835 18939 17896 4988 14901 10764 4936 15460 10661 5195 15397 9479 11021 5669 18436 5668 10672 13341 13808 5162
17783 11105 7573 17085 15002 1647 5372 13843 2510 2311 22 16002 12019 16708 5923 7563 3575 5931 4964 8692 18163 200 19350 3462 18616 9624
5851 17612 1439 15549 9568 6166 14342 2263 12166 2627 14652 1561 3924 4259 15632 3073 7576 134 11041 19321 4532 14788 6580 8314 7600 11326
311 16960 1077 4357 8749 9300 5611 9759 1556 1801 8717 4211 2610 4648 17800 514 12244 14314 1881 2434 12244 1423 9169 1938 5098 13705
12737 14969 7050 10965 19803 12953 14192 394 9452 6228 7998 17856 16241 1638 17179 2078 9178 10594 6857 1424 2976 7813 6032 8637 18605 13737
18323 7480 19700 5839 5967 1343 4339 11304 1467 13035 9107 7610 18255 6571 8474 19537 6295 4354 16997 5865 12309 2922 19700 16978 4618 198
9992 5332 1480 15143 13727 11716 17848 12267 4016 8430 17786 8557 17057 3450 7228 14336 1578 7097 15443 6512 5611 14327 6628 8960 4778 15969
8196 72 8580 7978 10754 1227 18672 5223 1516 13394 3076 12107 4128 8405 16075 2416 5178 4866 8444 12147 14487 11440 8675 5641 16545 14503
8281 1676 4333 13086 16853 325 19982 8581 19446 4949 5197 3981 2201 16392 8081 1360 3269 16660 8661 17716 18066 5885 15803 9740 13589 12794
1716 10721 19545 12302 4288 21 9361 17841 7160 17722 11411 444 11849 6486 11559 13598 11694 4829 12464 7477 10309 16666 7531 13918 14745 1358
1357 13116 4191 13139 4240 18279 11560 12038 1608 9965 2774 13174 7471 7700 3165 2 441 7218 7494 9347 12565 122 1206 6835 17663 13225
8319 3142 1435 11452 8590 18701 18375 2160 10270 8785 9263 14626 17302 4551 11338 3851 15571 17424 10059 18741 4387 3142 17951 5 9435 11380
1223 14738 2295 1358 7775 1282 17423 2088 10384 8829 14699 15255 19268 12730 430 427 2085 4179 19162 2537 14537 10719 3733 16193 13757 11356
8842 5370 11076 2823 591 19082 10071 14845 4163 17812 4646 18459 7347 4598 9284 6418 12139 7354 2779 12681 4013 3105 3279 395 13629 492
6000 19868 19938 3958 5606 15374 5450 7253 4767 5388 18020 12895 5180 9763 4645 19141 13865 6860 14796 481 12301 7945 19607 3127 8813 14854
6804 6256 4440 19836 299 4637 15405 5579 16642 8997 897 2681 18925 686 11980 16134 18672 15335 356 8174 187 12521 8009 12284 1636 16569
3003 8298 19494 3370 753 18534 11144 1249 15785 19398 2293 15211 4419 14691 11938 8910 13552 7451 18340 11488 18418 5369 6552 11797 6869 6158
3866 12572 7222 6019 14086 8922 7921 8494 15873 10845 19784 13851 1698 12261 18981 7124 17996 16578 207 3856 3263 4475 12933 5199 5931 814
12301 12185 11103 8816 15933 17638 9652 13475 12595 11025 394 8460 617 9489 6873 15317 11537 16121 1534 1989 1580 3294 11364 4516 18955 5967
2844 11674 9895 11800 5512 10994 7018 935 9323 4710 3070 5634 15626 15897 9328 343 14556 1165 16461 9658 9053 12874 2649 6886 7155 5797
700 13015 19742 5353 10246 2872 7346 13689 9104 2711 3795 13701 10479 2063 17272 7490 18586 15410 8558 7814 19471 10599 4912 17112 13779 11675
8924 9966 579 11152 4666 13524 4808 16323 18530 9341 1787 14228 1985 14828 16457 15348 1547 12161 19928 4476 10089 10573 8424 6463 17125 9703
9573 839 6034 12216 6016 6130 13108 13027 5422 19538 12097 1355 4603 8447 14826 11569 3762 15115 13533 2039 2670 11159 5734 12017 15239 4285
5411 10809 5360 18626 9861 12358 14437 1706 13208 488 12972 11505 2381 12662 1860 12706 715 5754 12320 14287 1563 3550 5122 11970 809 5296
16274 5694 4166 17316 13973 17537 12240 8259 13346 10449 15473 7909 15433 14091 7488 14409 10073 13533 17324 11566 4046 19944 3692 11562 17860 18026
9710 8995 5630 2890 7814 12046 4599 5225 13845 7790 14820 14224 5516 7100 4015 519 12231 9451 15070 7297 3520 17090 1260 19798 18696 6420
19337 19479 14568 7822 10144 15772 9067 10047 14216 4782 8713 10131 10684 15934 1444 1165 5988 11753 19635 13280 8314 17156 14810 11302 10284 15048
13008 18718 5987 16275 4870 11876 1172 4774 6275 14830 9177 19237 6905 2056 6667 11802 9309 16049 4717 10448 7535 12543 9663 10701 4671 17839
16418 2322 13032 15313 3892 14985 4574 8669 15717 4 1976 3128 3848 10379 14266 7862 12645 8021 14921 1170 10553 320 6139 9608 6749 8897
4220 6220 17967 9670 15247 9857 1829 16062 12991 10331 9814 14606 10741 6076 4164 8395 1864 12845 7896 18526 4447 8113 5400 1896 13191 1733
6551 1605 13566 14160 2396 103 5456 8037 7280 4908 9794 15815 18649 3877 5998 3436 8512 1499 13314 11883 7246 18008 3534 13299 13071 132
11213 13516 12103 16072 4459 10882 14858 18791 491 3500 6773 2074 3525 3456 774 4063 2642 15486 4098 1202 10193 18757 725 12122 1851 8675
2194 14670 11413 4566 9039 18850 2996 1737 19262 5900 2925 12671 4630 12114 16663 10586 1973 6189 15958 11191 17014 4113 10723 10508 18672 16503
5959 4412 654 1736 11693 1140 14055 907 15908 3572 6125 6020 17592 7136 17386 7992 4390 10839 18462 10331 3956 10129 16116 343 6937 6372
16164 19416 6888 11942 8390 9530 17733 15417 16766 19625 3547 13605 14283 10622 14298 19316 12878 1528 980 11430 3519 19671 17413 5449 4950 15577
2914 9172 19649 8398 15795 14277 9483 19445 2732 12819 1493 15491 6369 17713 7090 2041 12113 337 15705 16000 14821 12416 709 8430 8761 26
1343 16828 19115 12363 15873 11218 16175 15443 13466 14187 8392 10753 7457 17982 10287 4777 17729 7974 6411 1554 14907 4538 7171 10773 11514 19799
5739 13397 17432 11353 3411 10050 14493 1588 14853 12540 3853 5166 11167 4488 4405 11326 3511 5559 18077 513 5957 14939 13176 17044 5221 19527
2821 10923 15210 12973 14111 278 3288 13000 13638 1130 12460 17807 12115 8085 6503 3719 6748 13888 15253 3410 1216 8148 15023 14489 3564 13308
5021 19190 2520 7093 8079 6727 10398 10453 12057 10489 5895 12887 7673 11822 10113 2373 10136 9951 15576 10062 3948 5336 4610 2807 18383 1636
18894 19291 18140 8396 2938 12061 8130 13050 8286 8176 11960 19968 1501 370 11133 17827 302 2108 9667 12302 3014 335 14523 2518 4486 16550
5772 7989 5868 652 7380 5627 4102 15146 13876 699 4964 162 1892 2102 6438 1976 19092 15300 8190 3732 10624 18176 415 17024 11384 12063
10920 9325 11546 5912 5797 13470 16064 6063 12537 18673 19833 11364 8016 10391 14432 4874 9788 10178 19731 11117 17113 11692 18735 6948 17700 2364
19559 14432 3397 443 13359 15110 8363 3286 16372 1135 11076 19513 5836 15211 11983 807 16187 1909 6770 16167 14005 17677 13363 19116 9156 426
17417 8627 328 1015 4438 298 16938 3645 9983 18605 6706 15388 19265 6006 11235 12549 12608 10056 14027 15406 10212 18718 18751 9592 2875 12804
11011 12318 17912 12885 10483 9467 19788 14725 15401 10802 19601 14731 3150 2919 11569 17730 14442 42 7147 4138 2560 342 6853 6415 17092 19291
7493 6551 8473 16248 9076 8237 13203 14982 12736 11359 16278 106 16347 8894 3976 19124 14681 18386 11072 17299 5866 19370 18345 4019 6778 14713
3282 4799 811 16041 6057 17693 16685 13136 11285 8654 11091 7986 19551 18034 753 3720 17157 14125 2087 1894 14652 18260 15687 1470 3212 11130
18506 17222 11324 16680 1449 10085 1587 15521 15875 13280 1804 12521 8623 3395 13315 3795 15857 5527 18736 12937 1248 4135 10483 5432 11863 4024
12484 11311 15425 10553 11906 11691 4812 9272 5127 7911 186 14960 10849 13880 11337 6866 8458 650 2484 1909 9433 5624 11886 9441 12965 8681
10766 4461 17808 14363 13747 18542 16693 11710 7879 646 19522 8999 14254 1791 6649 13471 6475 216 139 8073 18095 3993 2413 15989 6073 547
13405 6264 4404 17520 2921 6981 8251 12234 10014 16180 7526 6684 6983 2103 17029 5405 19522 15512 4018 16631 7186 5029 2994 8529 18947 13227
9200 4008 10399 14902 5349 16342 14112 11303 18640 3240 8060 15652 18622 9022 2700 3310 16726 5069 8969 9384 11116 5189 19458 12022 6990 15252
9543 6225 16199 4389 6974 4669 188 18318 19952 15873 12363 9953 9077 2702 10820 18204 16016 7705 7032 15622 8052 18049 8741 19137 6091 19214
2933 5501 9150 18618 16798 16929 1590 17243 19167 6509 12930 19841 1303 9519 5230 11064 12626 17227 12046 6735 12012 2043 10349 798 11295 289
12564 15356 19079 12895 2306 12799 10890 14 1761 137 10758 11942 18181 13620 1592 5286 15820 2349 17991 19472 82 9373 14736 14730 4573 9311
14916 18610 15444 16698 5307 4031 17162 13664 1078 4855 3636 1448 8954 14311 17044 17485 12558 7233 16067 5326 8086 1608 16227 9265 17027 11730
6632 19433 589 1045 7161 10933 19691 8229 7646 15018 15770 18729 7907 683 3806 14021 18257 17446 2701 12298 14633 13210 19613 5467 9170 1537
10333 12046 16703 17321 15622 3955 9940 10406 13705 6341 12998 7399 1758 1795 15255 14135 8129 1586 14926 19113 773 11169 1368 18871 16251 1602
11898 6801 14789 16931 268 4318 16417 17198 9991 8084 17991 425 12405 16352 9954 5015 12867 4091 16982 16967 15586 17472 8251 10829 15105 13239
8950 3894 11891 3770 4736 15296 4965 16541 9614 2061 12131 2689 4069 16169 7839 16268 15779 15307 16377 2196 13628 4196 9421 16147 10251 2107
6748 8561 3042 1119 9580 9578 1086 11717 9780 3452 5737 12205 10953 17546 3072 14844 16033 14362 6732 9110 1185 14198 2946 14871 267 15272
7963 12327 14129 8571 12706 10371 16371 15841 1783 18873 13208 261 6222 4441 11248 4800 1074 10411 1361 9761 14723 8359 8802 15035 5787 9405
9619 2179 5762 7605 15621 6455 1373 19012 9834 12421 1404 17817 10398 13686 19158 17802 3602 15839 14382 11911 15249 16748 6258 1721 2576 7660
6394 18099 5859 25 1243 981 19070 3688 1424 435 9201 4068 2820 19127 4706 15921 2095 11109 5546 12318 10072 13761 12309 17021 7859 11871
1549 3374 14513 9393 19455 9781 15353 7338 15094 18897 7663 3433 7283 4088 16591 5506 1169 15554 18736 6573 17850 8106 3714 17739 9007 8496
5219 6442 8512 11948 4007 19052 19832 11855 19895 9470 3717 19725 13403 5390 4888 6665 6632 6540 17068 14753 16729 13512 518 11893 13839 11915
13587 6629 13737 13558 4531 18861 9089 6151 17380 11106 19210 12257 15937 8753 5654 18695 5725 5075 12240 13454 5570 14164 384 16335 7407 3941
2018 8520 10285 14552 17084 8241 17437 3531 1447 19421 18623 14247 10498 16393 1143 18830 7427 12166 7222 17018 788 19400 18185 12110 3485 12744
18756 4375 2967 889 2217 18858 10456 10443 707 5121 17344 7630 6677 15320 13542 11942 11807 17498 16647 13666 2816 2698 17980 10749 17445 19254
10590 14098 16261 1060 2173 14165 17714 15586 12159 4742 2545 16433 3502 18724 2296 8385 19522 2646 12180 11840 4772 8766 2129 12231 16594 19076
5005 7787 12743 15899 19382 1512 16628 2770 9444 12427 13008 10186 7015 7059 63 1622 12477 13969 19794 9637 19742 13216 5325 18687 1429 8468
13612 17284 11943 18877 13196 14030 3432 12005 19168 4707 16557 8776 19411 7348 14910 19318 19593 4684 18414 13404 699 1016 17701 13578 7408 3526
19339 2649 115 11329 6423 19462 9842 1043 12035 1695 10489 15595 12032 368 14000 7979 11539 4225 18006 14547 10769 9508 2568 18128 4471 7526
12738 16690 12761 16132 16842 3991 7618 18664 1953 109 11760 4331 16042 14039 2216 2345 99 1324 5653 13659 18191 2475 10918 3494 15798 1538
9707 461 5683 9286 13275 4851 6148 1490 3826 14978 3613 18824 15243 8636 11784 13938 11350 10930 7174 458 2442 15569 10205 15752 13153 11483
7381 17639 19967 6573 9368 6039 8912 4167 12580 18228 14640 16894 6314 17527 7692 12812 13324 5598 14345 9151 1950 14769 1839 5864 6943 15011
2750 9023 2238 14224 8349 4611 5716 7282 845 15912 2299 19385 5788 1100 1466 13711 13667 1803 15780 14138 574 9238 3951 12997 13329 18904
18919 18422 17139 10507 3279 17047 4735 5342 13767 18254 17925 13941 11305 3343 6698 9642 13951 10607 10076 4351 10530 11619 5111 2500 17548 13008
18330 6701 3503 7873 1889 6129 3137 10283 13042 7871 12021 13798 4633 11519 1055 7186 6032 8445 3269 8797 2243 6753 11209 5872 15135 13865
1138 2817 11946 9101 15941 16043 12676 16057 12112 14758 14668 6344 8809 18162 11105 17175 15994 11953 1582 15478 18632 13351 13384 8597 61 5746
6324 14914 19036 17897 14596 4623 8561 14980 15192 13570 4897 4164 13307 10629 5773 8034 16528 18829 4309 10616 12469 17697 10046 7686 9572 16260
15645 4192 19977 15060 13992 7841 19004 7727 15666 1966 17564 9091 9129 8372 3545 18856 12181 4754 13343 18398 3278 5900 18129 4302 3872 19449
12596 6687 7426 3988 8582 5874 15380 1066 11071 19008 12672 8547 2157 14965 3965 19596 7537 2950 3062 18647 16193 9069 17733 4682 1467 11589
3086 7966 16470 18591 11721 3416 9718 8143 12385 9953 15860 18564 736 4935 3881 2223 13697 3861 11191 12054 17014 9322 17647 7168 4837 8152
2701 18278 3392 947 6181 19933 15916 18885 16810 8906 15410 5691 13502 19811 732 19247 3987 5632 18355 18858 26 5737 5342 14053 19142 1580
13585 3412 8759 10373 12306 17840 13453 9962 1087 8565 10695 6063 19068 791 14647 9987 16016 18344 6422 12865 4237 11563 19569 4646 3926 3908
8909 13888 5154 83 14122 3435 1900 15171 11730 7824 12573 12134 26 19551 14273 14451 1325 2668 4540 17740 6949 4196 3381 12914 17073 3580
7846 12436 15263 13077 15020 1756 4374 8773 8790 7414 17783 8056 1437 10337 1548 13437 6098 13879 2355 9135 2511 2691 496 5558 13068 5512
8511 6750 11775 11603 4715 8727 7015 12342 11734 4260 8774 18203 12588 18945 4323 15352 383 16991 9114 5117 13031 11640 12122 14096 13375 4326
17 12312 2053 1400 1575 19698 18570 8465 11239 4897 6838 6781 1100 13926 7398 17702 18509 2981 589 10949 3461 10484 9833 9830 9243 9427
8142 9263 16653 18838 2537 12377 17310 6721 6724 14281 2622 6533 13128 9923 2982 6377 9991 18877 14258 12964 6960 11147 17523 10297 13023 19479
7666 4421 7336 18579 6814 3350 4904 2402 4350 18985 8259 8584 18837 3162 9446 10670 3626 6848 19353 17049 12212 462 15462 4339 14957 15791
5617 19565 6004 2142 3119 13235 424 6470 5693 13605 8005 17953 15594 7098 8102 10334 17750 10171 12629 19572 4992 1287 10720 19739 13773 5683
7950 14351 10670 11024 849 295 19717 9764 2134 537 10572 18933 9395 4158 13336 1981 7193 16026 14902 2473 18867 7017 11458 7122 15652 6220
11091 9507 18986 16455 12230 12776 6100 8405 18537 3215 13538 19008 11100 8232 8979 15359 15541 8906 15163 8769 8308 15898 10139 13229 14538 17806
2975 16156 687 14939 15186 2729 1043 6852 2009 13138 9776 17359 8260 6480 14345 11897 4813 6114 9030 18741 10630 539 3811 7064 16073 10725
6637 105 533 11530 19182 14006 3000 18395 19114 13534 18572 494 8397 18847 3288 9514 17456 5099 17589 3655 93 2244 4581 2347 14313 1354
11339 19937 5910 9477 19869 12674 17808 9595 6693 9801 16951 7667 17573 11683 2379 8754 7825 3834 161 6249 7417 12925 2117 10663 15205 19162
12103 10188 11092 10903 18193 18570 2764 3906 10544 19770 14385 1021 14758 11238 14893 4641 11105 14521 17240 14251 17444 17135 3322 1796 9946 12595
14503 16800 4266 17351 16815 4761 8765 14667 12600 16953 19794 15699 8218 15098 3641 8617 2302 5400 5325 10018 4591 4490 2921 12331 18846 5571
18208 14442 19400 3667 13788 5425 1829 5071 11587 16874 4430 15408 19697 319 14458 615 14307 18950 18489 3724 12321 6660 3087 2528 3864 10083
16888 15956 1815 721 6736 17831 7444 4531 11985 14574 17034 4454 8236 2648 7217 14906 12415 5972 15904 709 14228 1401 12466 7437 13109 13305
19032 13948 3876 16883 15224 10420 16232 8601 17766 1525 3012 9352 10304 14023 9808 17576 18790 8525 18834 4152 11472 1583 16550 13680 8003 511
4399 15674 11950 4924 9308 7560 153 19403 14372 11185 19343 16841 13648 8218 10077 2250 7339 14104 5472 726 14778 7774 10085 7323 1554 2903
4083 12036 9443 7986 1881 13662 4138 13952 18912 4540 11510 17126 10511 7941 13138 3770 13269 3236 1772 12022 1882 18188 13943 11681 12287 7313
15647 8564 17211 11549 16494 17692 4558 7209 8487 14177 18964 3819 19312 11494 13759 2112 10048 13888 19084 2441 3955 1820 4330 12058 15305 16999
2455 11920 3285 7726 700 15343 11513 18986 1457 4213 12599 2816 18689 6797 269 7587 19640 10243 7536 6171 2961 12595 3489 3151 16543 9932
6739 13384 460 12101 2806 14646 15506 18634 13895 16996 13194 13057 2202 3515 6505 14620 17250 15832 16685 4568 16513 8766 10550 14302 19826 8613
12621 14570 4079 15838 9504 15844 766 5312 16827 9219 9842 11356 16642 918 3142 10525 7233 140 12873 15399 2217 1690 13789 12656 13013 3080
216 6263 2728 18904 14748 19271 13166 8393 9049 4506 5044 9701 1508 12232 19410 13406 7138 5634 17789 12226 12162 7700 14188 6018 4851 3188
16974 17451 8685 10081 19324 9411 11765 4857 7929 4979 300 10720 17768 15799 5233 15810 19122 13069 1233 5419 12065 8959 10187 16008 597 1226
14738 15271 19027 6823 8913 8784 11663 12225 3379 15478 4276 12360 15163 11419 17355 9643 3478 4856 16847 10014 10608 6643 3402 14692 13679 9500
4097 6992 17417 762 910 15392 708 1204 8291 1057 15160 10511 13988 4533 5193 16703 7304 16414 601 15544 16783 8692 12992 8026 5046 2881
2799 15519 18933 7303 1546 5373 14634 9753 7156 1420 9875 17466 3362 11780 1012 3576 13652 4770 16730 19930 19376 2869 10251 9767 13092 4901
1036 12103 308 455 12145 18999 8175 18701 12580 15032 1782 16798 3335 6253 9654 13888 19156 9145 11417 17861 6557 5984 2749 6316 5232 7166
5828 19998 6292 8478 12249 6855 1361 15307 2219 7891 16036 11838 18978 19569 17699 15879 828 17543 3833 16531 3634 10041 12352 10201 13952 3125
16526 8545 4816 3727 4265 14714 13747 7685 16955 8692 10991 15459 2327 7383 16123 5137 7337 10564 9754 15 13139 10109 2175 10465 1955 1125
12687 9818 3170 11137 11416 5329 16522 12621 2169 13013 19893 4010 10262 2152 5674 1934 8537 828 1441 16542 18646 12310 1074 7595 16880 19601
15545 5919 6771 4668 19639 1120 13978 163 3077 19616 4092 3480 258 17816 16783 2038 3280 939 2299 16247 1683 7972 11796 10167 4232 830
1447 14121 14911 1054 13693 12125 13923 12232 12411 5759 9884 1673 663 9376 6045 15196 18832 18808 12124 13352 4276 14074 5336 16054 9507 2289
7437 7737 7732 16100 4916 4613 11768 16661 12990 4050 1830 17599 14922 5402 13926 2718 11882 5669 2671 4651 17234 3753 1326 778 10355 13949
15488 1043 1508 10458 1684 13537 7236 14067 16005 11675 252 20000 18415 1439 14562 6104 4205 7548 8471 13154 12795 6845 9789 14324 14354 16207
15691 3473 13814 12477 5407 12769 4671 15260 10726 15624 14852 9393 10912 8789 13590 5876 5043 15443 6859 16665 8427 13500 1510 291 12375 17322
19787 15683 3583 3420 15034 13144 11882 18199 18044 15148 17043 2987 5522 11853 7899 16281 7610 12181 10976 1460 9728 7516 8414 13052 5410 18569
2887 8296 3295 18715 15264 8187 937 2975 1555 13904 18001 16544 8774 8705 749 4335 434 1145 11005 16421 1737 4296 2030 7252 15736 7020
4118 10637 14820 2496 17598 11427 5862 15313 1830 18493 11325 19310 2661 10034 10442 3770 17192 7057 3565 4439 16807 18185 2614 16261 17691 3827
2187 12234 11657 9708 14985 10583 17329 3062 3197 5287 17053 2703 5279 14401 10541 1390 4715 7647 9339 9454 6853 763 4274 19141 12865 5550
13462 17848 15103 6561 16216 13855 18474 7363 7141 8018 2825 3128 8765 10077 12294 6905 4746 2148 8726 16582 19702 15907 1372 8337 6487 17995
7317 10832 15074 2492 5133 8529 3023 79 19584 18836 463 1714 14934 7004 31 11310 7256 15055 12140 5517 6922 5456 3452 11514 5092 9971
8657 19455 8655 4361 5549 6302 9844 9831 1874 16349 2802 19748 16087 16538 14965 7973 11285 8279 13134 5255 2472 6108 6265 4000 11558 15473
11549 9067 11055 3213 8411 8642 16352 9165 16300 1119 19019 5386 12609 9386 11072 4204 16306 12190 5963 9139 16285 13374 7466 11706 4687 18826
18495 7881 11517 16853 19199 13191 573 5825 9954 2772 4079 5537 4519 4585 18775 14875 12173 3886 18713 623 4480 17038 19285 18034 7446 449
15876 18324 8862 10431 10942 14153 8789 2001 11809 1292 3850 10789 5746 1493 13972 4614 3047 12151 16408 2103 292 4595 11467 9643 13802 8887
11677 19947 9197 6482 11640 19524 6478 9425 10452 1910 11840 4972 18563 17041 13140 13207 9788 4396 6309 9386 17696 4050 2498 7881 2085 6634
5378 4668 7197 10042 16336 11419 12704 12161 4958 18039 17704 15122 3008 15073 7692 17609 7794 1584 16410 14387 17590 9091 16833 112 6949 13605
2002 16510 5645 17747 3072 3782 15376 1146 6538 17429 7149 1926 10455 13353 6973 3459 11108 9923 13549 14787 18728 4088 11124 8156 14846 5967
2474 7477 6943 19882 17810 13637 12322 15129 12153 19164 7475 18894 18588 10747 7032 6421 14080 5507 3942 12564 19107 82 14452 4948 133 5092
13088 13978 18854 6350 7505 12261 14754 18551 1448 6589 8998 5632 3872 13779 3447 2695 15100 18414 3764 19358 7700 2372 9149 16804 17413 5898
4952 1602 2151 1193 6475 2154 8212 12734 9117 14848 3635 7426 2963 16482 5370 14224 16927 16490 4834 12060 10193 18955 3689 637 7974 3301
4240 10793 5192 4935 17120 5643 12252 8010 285 507 3196 18343 14486 18235 18260 11612 19409 1843 13474 17339 12075 11931 8884 6408 17259 5846
18028 11273 16160 18490 16442 3916 18961 5641 1425 15637 7704 19521 7112 10854 17852 9555 19823 18921 11160 19545 17699 16468 15868 18663 12197 16502
12192 2166 10470 3216 14339 9693 12612 16936 119 6976 1605 1321 16713 993 16238 7503 18818 6624 13255 4473 7288 10648 4239 12054 16466 2027
6584 1329 16559 509 608 390 11632 19439 11398 10473 12271 10233 12862 11938 13919 14029 19183 19708 19520 17406 9004 12567 12294 11980 2348 2378
3621 3622 19494 515 11502 19921 14011 3998 13939 4905 17073 5297 15215 19474 17781 16788 13591 50 4310 3757 5628 12105 2648 3695 16436 3698
19966 48 4558 17079 5179 10467 9580 10432 5744 9210 5334 6218 1800 12269 17374 14445 9178 1666 4546 6673 14314 2540 15074 8775 2965 652
1759 19853 18523 5960 8482 18888 14257 9841 17859 17675 13018 7861 16044 11795 8734 19915 18050 5964 14206 4549 13970 11403 137 6135 16688 16321
7778 10647 19288 5370 3999 16874 12845 9055 19141 4682 2958 5809 1828 19604 13850 16805 6813 8482 10256 16380 3204 10785 7069 2432 3368 13847
2397 3356 16466 17112 7406 9719 19833 7388 9398 7312 18376 5158 6089 15374 11535 16484 14342 1006 5056 17194 11746 5866 12192 5147 280 8174
1194 1584 1308 17291 9308 1304 759 18899 16767 2923 545 18190 8390 1539 1225 8884 16917 12423 9676 12715 828 5216 16842 10149 11750 13440
12712 13895 1688 17170 13750 10631 7930 2447 11582 5647 14978 2610 8938 18889 9506 12381 9967 16825 17670 4832 8300 16746 9638 3469 10601 5069
9917 8531 15512 11384 14815 15211 8410 5616 17023 7444 7647 17139 18838 11497 17259 14330 2284 1180 19559 9042 12934 10836 10998 17192 12541 16693
1804 2419 2929 13509 6838 3623 1559 5013 17915 18533 18333 2409 16863 11445 3776 17023 4486 15687 6343 14251 7811 502 13282 10871 15790 2970
15148 14228 4404 15149 6712 19346 8008 12081 4143 9036 5507 14826 12464 7868 19531 7665 9089 16341 6883 18718 6998 12903 16137 17081 9746 15362
4091 8140 12605 9282 9605 18310 14008 5453 17908 14534 17206 5536 2133 16942 18624 5708 4923 6767 14356 4694 11940 16836 8887 10395 17294 10573
15871 17090 4120 13570 13553 18184 13949 9432 14711 15749 13664 8510 8911 11541 10647 1592 2394 3401 18611 8075 5 12446 2835 16024 14689 8332
19787 8357 18585 5380 7037 11539 16180 207 5116 9633 15590 1138 13645 3549 13471 2690 6569 8721 6159 18134 9715 10882 7580 4970 11758 1336
7964 15886 7669 283 10352 2440 4955 8658 11768 19305 10280 730 758 18519 2532 5676 9173 5021 10064 3940 19123 18535 1183 9535 3397 19797
8461 7725 12189 19796 3119 718 18604 4428 10305 12540 15844 16416 12937 8040 13607 7588 1045 1850 16250 18582 16967 2401 5730 5386 15861 1104
2099 10148 17672 8935 6139 14436 9314 11370 6807 10015 19064 2197 2884 8171 14149 18856 404 12242 3411 12923 3209 18165 18684 14832 6109 7140
15718 18530 14064 12988 3076 13705 6225 5294 18571 2825 1482 15073 16042 14551 1331 16563 3516 18087 532 9749 179 10811 723 16186 18914 9052
8988 6314 18042 17520 1836 8013 11474 9747 6362 1194 19957 15170 2372 12835 14004 508 9962 15381 17300 4948 19484 10649 2120 7703 7390 16955
11644 3860 17003 5556 2298 17809 4568 4685 11359 19294 3627 16054 12773 15661 14690 18115 9636 10945 7349 702 4006 11273 15110 3683 9871 4524
6380 3046 1317 766 18566 12406 9046 18547 6576 13733 13234 15744 4626 1502 17826 1861 7199 18881 14963 17059 8937 15688 1547 11976 1286 16476
3998 7222 4062 18498 14412 15933 3438 11714 2091 9320 3824 4287 8051 77 19722 5811 19847 16488 15589 15366 17152 1488 9623 1517 14273 9100
18384 16282 552 8691 22 898 12021 7007 13165 14583 8556 8492 361 12753 10779 463 14733 15847 9296 16932 1730 8343 14773 15803 5703 10967
12586 10012 9141 4281 14957 11953 18533 12252 3687 13902 10889 16104 19184 4289 18687 1205 13601 14925 14294 1283 12917 8927 2619 1829 6310 1542
16844 8884 16271 436 19238 4616 17206 3320 19324 19409 3827 15732 4476 4854 11792 8096 7844 19045 4766 13474 16339 7200 11532 4887 17394 4785
3425 15269 19459 4451 2343 8549 4524 11531 8494 5144 10502 15071 2227 9031 11825 6843 5756 12335 8263 12532 19819 17005 15513 7763 13180 11462
15635 15533 11469 16227 9426 2228 290 2359 13751 17543 19009 17830 2466 7682 9535 14248 8771 14175 3796 2067 15854 8410 10772 8204 9191 9389
535 10717 9262 19075 11825 8228 15904 4713 3008 12354 2159 12500 395 14505 17800 9653 13596 5933 8104 1085 13499 17984 13505 3364 6201 11701
12997 10327 14754 7773 5597 16040 16371 17017 18721 15822 6917 9381 19557 13895 7456 14634 18896 2535 5437 10297 13220 1377 16003 12049 874 17870
4407 3164 10873 1076 3534 17517 10367 17285 2368 118 11146 5427 6060 14204 3532 4929 16363 9805 6011 15908 12247 18453 6191 10860 16315 14237
6434 7106 7374 5104 7402 13572 3374 3640 12410 1334 6254 7143 299 6136 15806 6247 17317 7660 10076 7950 17846 14112 9631 10839 8689 9036
149 17713 12461 10207 3111 4436 4283 46 19198 1596 12233 9588 8291 2310 11382 15096 5195 10587 3730 15305 11414 7473 12212 7777 9674 13351
1566 19796 10308 619 5108 2 2687 1764 12578 18605 2411 3134 4532 10461 5071 1572 7497 19980 4951 7598 5046 419 7527 8495 2554 3622
12432 5130 8547 19275 14674 1843 7522 7094 8986 16867 3340 2482 11373 18240 12002 6858 2831 13871 14545 18993 18868 3888 1809 15561 13210 19851
8074 9623 8016 14759 6881 12889 6085 1279 6304 2396 15714 1652 10958 10063 14378 5328 7541 2505 8963 18507 5464 16229 1977 15849 8770 1517
10131 19882 17711 8558 10473 961 6937 12128 17659 19315 13365 13508 7792 4780 18061 8420 10319 19118 19672 19805 7439 3673 17432 15094 2272 17637
8241 13445 14458 5093 965 958 4615 17091 1239 4543 19549 9109 19997 13599 2126 15852 2754 15072 2435 18934 4992 16524 2983 7864 5080 9605
15630 9725 10959 5329 19862 12542 15808 2817 6707 8594 16836 9242 2902 16920 13222 15121 6872 7492 6966 1207 12721 19274 14601 6535 3440 17987
14232 12858 9224 1703 7280 14770 15233 14804 1800 13717 13613 18055 6893 11323 1356 5041 10180 7151 18038 12350 11274 22 9208 7126 9002 17916
132 1115 3066 11221 16005 8455 1279 13437 16982 10101 15783 17639 15639 9247 17246 6797 15085 13183 5415 9490 8502 6635 11247 1433 2180 10150
6798 16366 11510 9241 9391 2893 14478 11103 9275 139 5354 15658 9946 16127 17015 10892 31 12110 14038 13023 11263 3397 17037 3836 3002 5954
10953 108 1226 9303 1220 6099 1557 14542 3363 19902 16262 1641 8345 17299 11009 14595 7477 5910 7294 17532 15161 3213 13200 3917 19005 14704
9743 11160 16151 16559 18049 19408 7150 14748 6290 13978 314 17852 16664 17052 18508 7998 3366 18001 4965 9795 7785 15344 18515 19060 4054 9190
17183 11539 7592 2717 10771 15097 6001 1966 3385 17416 10061 2144 15560 1777 13112 15783 14012 14861 12979 1434 17846 14687 13117 3790 16514 7215
18015 4425 14446 9991 1380 15664 7097 8308 16696 703 14019 10153 119 9105 18756 12110 4178 2943 19967 14985 7066 5787 3091 7003 18703 12709
700 10068 5719 5430 4449 1791 2704 14647 14490 17003 14250 565 11747 11642 6170 5719 17753 12018 13935 3757 12863 448 16529 10874 6959 6753
14250 16543 18257 14874 6300 12526 18464 9741 15239 14280 7615 6645 16768 17569 12021 1245 2030 4099 1644 18118 1293 9413 13889 2883 5139 8281
7715 15144 7568 2875 17628 14710 13667 1939 9396 7379 15560 16542 2795 1192 18699 7722 12208 13996 10823 128 18202 11339 2966 18777 12155 7682
4425 2569 1392 15617 1405 14069 15400 14856 10743 3228 13815 89 1466 15227 19349 7454 19983 4453 3248 2850 12239 1471 18859 19612 12913 9706
128 14825 14247 8168 19228 18467 227 13570 498 15912 5816 16948 18773 17220 13881 1351 6968 12566 5347 11183 3242 18332 19581 1858 16639 15406
13400 19417 10026 2321 8911 6225 19020 5039 11847 959 4303 8769 19835 13747 3148 13280 2294 10010 7546 10198 7119 11651 7235 13830 13196 17053
12520 6416 17087 9884 11980 901 19202 12745 19296 7157 18805 1225 1015 18237 11664 7950 17606 6724 19886 410 11931 4309 18150 4875 16566 1696
4889 19241 1057 8825 6084 18230 11255 15510 13176 5348 17142 14125 18891 9717 1002 18232 17338 9960 3790 15548 11446 12588 14617 14658 4290 4101
4530 15129 16791 3691 17774 9409 8623 1964 379 7239 3101 3213 17932 19 15919 6413 2942 12856 7837 4531 10606 15672 14812 7592 5856 6663
12134 17341 15705 7081 15589 2000 14455 15821 16214 12214 14200 13455 12444 1620 900 4380 19444 3191 14659 14516 16023 11320 9805 11566 19741 7184
5619 16291 13017 18030 9311 16711 15754 10373 5502 10109 1737 9516 2307 7560 17529 12100 589 14982 8751 19466 8252 6362 10558 6479 8973 5848
7221 11854 15814 16973 10535 17798 16212 788 12467 13888 1171 4732 8858 15443 8336 3491 5174 8699 398 14543 6770 4811 8878 13367 17309 6562
9837 12178 5487 17934 61 1544 8874 14507 17764 16792 16898 5546 19108 5 11131 11226 13185 17809 3379 11787 12406 14199 14108 9672 16448 17585
2986 3446 6942 19344 1802 11846 17766 16613 10446 16309 17158 10620 19837 937 7096 17858 12159 5032 18400 7403 7682 15101 10684 3684 17031 17481
9141 16017 11939 17053 8979 2040 513 5898 14385 4419 6131 14828 17562 2184 14612 3854 12779 963 8661 12200 5067 15371 11921 7780 5209 17430
3962 6926 13185 13641 16676 7538 3016 10215 5171 10523 4799 122 911 17842 12294 13172 12953 17735 910 6771 1411 2680 6860 7603 6449 18559
9255 16995 1289 17639 15932 9012 3213 3200 7403 4895 13001 11540 7113 1301 19586 3002 14156 707 9165 6557 2364 9568 2569 8055 3208 1725
6199 14578 10329 12033 14425 11353 14473 5801 9327 17744 8502 12139 19832 18744 8555 1070 3145 6551 12 9990 1411 13755 18908 8619 8176 11567
14625 1212 12075 17513 5170 1859 5834 10022 12414 18874 5480 7188 17072 8325 18416 656 8588 10888 19549 15561 8882 19423 5293 14864 8666 15189
16008 6148 9177 7627 8242 18830 18465 16241 2248 7113 1657 780 10431 1574 10297 3731 7797 976 13409 7422 9491 18614 15228 729 8565 8330
18445 14689 4678 8569 5612 17518 12034 7107 9191 3643 8372 2324 14147 14980 10594 1972 10333 19371 6481 5666 8037 10384 5842 17897 19159 3139
32 9109 19123 6748 14534 16686 2989 13593 7289 2018 791 227 12669 11373 1311 9937 4446 1940 11224 13275 4975 2258 19561 12234 9163 16958
13022 7298 1406 1639 14534 10264 3136 15322 6442 11694 17852 12861 398 14253 12629 15497 4200 3295 12717 591 13433 2058 16276 15204 9331 12059
11345 9958 6416 12240 14691 9737 12583 2701 19636 1549 1957 7177 3648 6380 16799 7426 11875 3322 7834 4416 16172 13096 2961 4126 10806 7873
17877 1836 1239 3694 16158 7143 525 15483 1150 17733 18337 13572 6179 2720 14983 19136 14772 6721 778 5927 16184 7980 14245 12130 4999 15350
1707 17022 16881 19129 18064 11543 13929 10607 17882 13733 16773 17591 16599 2588 14280 7414 3208 18882 14258 18370 13731 18353 8490 8137 1959 254
3425 648 12530 13637 7052 6343 554 1057 1303 16410 14908 18232 11827 15303 10792 15972 3246 15530 18202 18136 6179 4339 18348 4089 1484 11234
6697 1174 12446 11097 5068 14573 4132 5735 13293 11020 12156 10382 200 10281 10476 6648 15248 14057 11214 5727 10548 19719 3240 17255 5933 1585
2604 14951 4541 3252 18363 18988 11410 16697 17330 8433 10431 15078 18794 9347 8498 15808 8759 12789 16183 8719 14342 8976 3237 3436 1618 14920
19087 19988 9967 1124 5122 6607 11931 17775 17847 11763 11822 12421 7608 958 3433 804 14319 10308 12766 668 16089 732 4772 4735 7967 7255
19155 9429 15374 1729 3014 18904 6973 13495 6056 9856 3370 18593 8457 3805 12322 18097 2455 18760 18475 17585 16784 11627 16848 7226 439 16377
8819 13512 1262 5783 17900 8352 16758 4202 8443 8013 7333 3627 16847 18325 14014 4065 7064 19674 3998 2031 11965 1189 6631 5840 4918 17260
1634 2258 14117 4567 18575 7371 10043 19300 19065 17370 7070 1648 19875 9197 6898 2810 19891 6214 5735 10294 17511 1575 5394 12193 6959 9290
9960 9509 17905 6677 10680 13301 6844 292 10816 16970 4730 17380 5208 17665 16712 870 1611 11535 13476 8964 16736 13361 11623 4847 9577 4800
14585 7401 15935 8369 13744 9390 5767 3418 6455 9367 13919 17048 6888 19409 1425 8511 18049 15263 13880 17215 6576 1530 10328 19463 16287 18854
16832 628 19706 12441 7584 15671 18657 13409 12411 16282 2158 3109 14901 819 1737 3633 17457 9128 18626 4385 18857 4212 18510 9419 9480 166
899 14903 4597 17512 1323 11677 17729 15809 1341 7327 10767 13043 16187 19586 13248 7635 2281 10694 12463 6570 5581 13060 1659 13941 1335 6352
16463 2701 6406 2071 5544 9039 3836 12825 5838 11208 8499 19318 5179 13809 11979 13911 1497 17303 7588 3496 14006 1978 11640 25 3035 17057
4340 3430 10217 14130 655 2383 11809 16407 3786 18288 14023 1347 18366 11449 16313 9411 13006 9117 15308 19525 9820 11964 6350 17132 1320 17123
13106 10273 8904 15578 14963 2784 543 13204 12747 17379 18866 11866 17339 6696 2041 7838 454 6265 3697 743 19650 3896 14645 11937 6755 17717
10913 727 11151 14259 18561 7868 14230 15583 14449 19290 7447 7756 2858 12017 12338 8117 3034 14345 14431 15067 5710 6781 12181 9341 2854 6889
7673 14000 312 12426 16528 11771 16596 14957 6378 7271 4856 12585 14693 2520 11155 5964 9215 7000 2007 19772 12656 13720 2754 13740 14297 9983
1111 15183 6352 2002 10882 3417 12008 19968 8790 17987 7919 15302 9267 5655 2089 171 841 19513 18130 1966 13007 18279 6475 7099 8895 2731
5877 12034 1582 10112 3374 4217 13399 15680 12215 2811 4055 3800 12208 15751 3026 15680 3597 3467 17691 16662 15913 11816 8461 12436 2756 13783
616 3351 10691 12434 14138 14804 9247 9572 18489 13334 2417 7944 65 15162 18132 16807 11842 8391 2501 1199 4277 6552 15278 17703 8426 10297
1587 18385 18190 15777 8246 2125 6010 1413 7251 11911 6116 7459 76 17297 12816 5330 5736 17620 12975 625 10140 8239 2070 936 5688 1064
9985 4172 9437 10575 15076 19278 15841 13334 15497 9068 11425 5766 18894 1294 2422 15002 6002 10475 11025 13527 1676 12314 9707 3707 17066 11961
13318 17759 6107 15434 14783 353 6203 7279 3215 15270 9410 11822 6616 17029 867 18199 5377 7234 7147 3873 8713 12752 12192 3496 14246 11641
3513 19837 14791 5709 2095 19580 1898 10616 4107 18858 7886 18228 11053 15981 11337 3075 6432 10721 11462 2093 18356 17221 2858 568 8538 12303
3171 5171 16310 11986 19568 18810 11483 17886 19489 12807 10026 19476 18439 17261 17288 14644 14781 11421 19012 12939 13167 3875 2620 10959 6072 9340
8479 19547 11469 16596 2978 7892 13025 12829 5722 18456 16105 809 11522 12158 11576 14881 10720 13092 11973 3734 3366 699 17767 1213 12942 13263
13708 2171 3972 13630 19896 13897 6279 2908 16159 9439 5953 6108 1252 2402 17649 13818 5145 5035 14259 17551 14127 9774 5880 12073 9613 18528
19215 16668 15700 23 15037 5736 17434 14160 2497 7835 6367 12986 14368 17818 5691 11174 5989 16079 3885 4369 1020 12908 13961 540 16644 2544
2240 8931 15352 15121 19237 7454 2230 9593 13765 19824 4530 868 17996 12413 9288 5265 16143 2828 8826 9587 8990 1368 19265 13364 4274 16989
12357 3803 12365 19923 1931 12444 8192 10598 2668 19138 8271 10754 9829 1660 16649 1338 9860 16248 5872 13345 6925 14482 18786 9190 14295 16714
8324 2233 9789 7601 14702 3433 11888 19350 10511 18055 10960 8381 4888 8078 17782 2676 19648 16994 975 14257 3508 12596 4124 7051 6957 14626
9043 4381 8511 15881 16065 7651 14812 8465 10167 12600 18087 16055 8251 162 1282 4065 19511 3374 19154 1347 6607 12612 4242 1708 371 12882
18244 11082 10346 922 7173 13545 3009 3459 14948 5217 15161 11267 15945 5473 18305 4653 269 9958 16190 17493 8670 11004 4898 11301 536 8343
12263 7480 14110 9281 13991 4245 7944 9584 9888 7054 7156 3002 12886 4057 17893 8952 13040 9335 18903 9318 17908 13130 18791 2709 15951 3618
2635 14066 9624 3668 11662 8404 11012 4988 5839 9233 6468 13626 12632 17124 7434 2277 14019 8418 13231 9192 16266 3634 835 7763 5358 13466
4193 16625 16348 2293 14096 6631 8124 3662 14983 10545 11793 5616 17714 13493 10535 17460 375 6071 8659 1125 5000 9547 14779 961 14397 6982
17362 1434 4604 16005 6704 19256 10269 2304 5879 9544 1523 14599 14249 10457 15449 10743 12497 19240 1861 3372 1972 8658 4972 18665 5501 9988
757 9367 1229 10957 857 8978 15339 1391 9018 8632 6264 2915 1163 10675 19206 16170 19786 8302 451 8660 13852 14273 15754 3687 5890 17277
11343 4776 6756 7569 7040 14165 10689 19454 3565 1952 2832 17784 373 15996 12660 2239 14939 6975 14269 19021 9620 12239 14020 9718 6977 17737
11795 17073 11509 18931 19836 8401 17598 15877 5802 13830 17246 5166 7169 6475 4427 9697 76 16259 18710 18164 2026 4962 9506 8136 10295 5418
4364 5133 18397 19714 12274 11456 7294 7013 4310 18227 8796 12519 13192 2974 16171 1160 109 1356 12453 14404 6311 6780 3625 15007 19305 18638
8335 15350 16589 10436 14342 19783 9127 5326 15216 5189 4112 12462 19368 3333 10704 17313 7565 5378 11704 1345 14625 16617 7605 9821 8660 13567
3279 3335 17343 9787 5994 6175 17052 19987 8530 94 2620 19518 13966 15618 791 18327 2187 17392 2931 8666 19342 9272 13985 810 16762 491
8031 13579 12465 12273 19170 5642 13909 7454 1153 12857 6633 4492 3559 6604 897 8582 15129 5655 4560 12423 457 9971 2947 16934 17338 10359
2525 7094 19905 1169 18799 9744 11872 1153 9948 7970 15755 8511 17756 19358 11890 19978 19864 2840 2966 10136 11797 7662 3059 10996 2175 7774
807 741 14602 11590 19912 17476 15791 6501 12284 7253 3211 10487 1875 9372 11772 13787 7395 4131 13931 6570 9921 1943 601 7179 4050 12227
12935 14409 11490 17150 1535 4190 3877 14522 9123 1338 5051 7801 11984 7263 1152 12408 2903 9270 18717 11055 8635 3504 16646 18102 7441 19982
717 12069 1067 16829 6047 16547 17166 15467 2182 10615 5412 3720 4400 19861 17308 9595 15130 2611 9383 16850 13005 13682 17026 12907 16493 3619
14614 1325 16057 19187 14101 19382 12772 278 15295 13983 6117 13911 10726 1785 19133 2745 16745 17585 14680 9770 12579 19951 18012 14203 17514 10813
10180 10500 8228 10500 18133 10787 12351 17232 14210 15494 10925 3682 17902 14521 16532 10907 13004 3933 3107 7251 11773 988 19138 367 14409 8500
15609 5279 17707 6374 13153 2836 8683 14490 9694 10677 4840 11309 5949 15886 9825 17324 15634 10793 2538 17755 19472 23 15042 12296 11018 8379
11448 5069 14929 15581 2488 11435 16583 4317 13318 14039 3293 4956 11073 1558 18260 287 7324 19535 7695 11661 4994 1282 2243 15415 2026 9236
10268 16958 9999 1915 1373 16820 16954 4121 14760 1969 16049 15765 12553 10486 11588 18146 2503 3312 3797 1449 13017 56 14107 14641 14274 6317
16840 15571 18339 11648 9485 13401 14367 4695 18164 9469 3574 1530 3284 1488 13209 15337 13911 2139 14045 1846 15972 4205 3846 16004 19375 3238
2160 2563 1562 4322 4698 12487 5844 11178 16769 19360 19969 5850 8752 14921 3892 6787 9150 1352 8150 2647 1596 16549 5378 7509 507 18032
15506 19975 4664 16172 14422 4512 7894 3146 14515 19692 12251 17487 19135 9832 1794 9807 15055 19383 3985 8302 16683 18547 5239 17381 14418 12918
3764 14662 7543 722 17649 14944 13965 14275 19671 10058 10549 1914 2337 210 338 17925 19618 2399 12813 9341 495 10155 19741 3437 9623 12600
15712 3852 4103 11640 17642 8005 11134 3274 1437 1859 10552 9917 1951 3347 15703 14715 16179 14730 17038 14895 11751 5187 399 8424 1316 5359
1340 16421 14839 13521 3811 16905 1932 10818 5204 12007 10571 9357 14879 10444 18970 18137 14556 17150 8517 18166 9915 17591 18951 7402 9552 10137
7289 16612 14302 1184 15325 2032 4522 5538 12600 7029 7959 2448 6724 10584 18163 4735 12137 17963 18855 8326 15081 17891 8949 19608 2406 12024
4969 765 2458 19872 8442 3970 5059 17992 12643 1662 19191 10987 4754 14798 7721 10295 13910 6207 19966 18895 4201 8302 16948 649 15780 4914
16240 2620 14712 9556 14582 5038 7352 9747 18238 12073 15750 10720 7168 13548 10483 3456 8275 15463 7626 7661 1524 1908 4561 19424 1398 2602
5484 18842 6008 17534 9236 19867 18628 18525 4478 12798 4222 16167 12054 10111 14853 5022 9518 9498 813 1321 17388 10670 14247 3040 10287 9454
12807 12700 145 309 5618 13442 1886 11222 15012 12718 7814 3993 13237 15390 14256 13211 14970 19576 13769 7520 2915 12524 11117 16469 3442 1385
14001 13994 8839 13457 2308 4901 5022 18186 967 12612 11729 11390 11965 8953 11322 2899 11160 16838 16517 4944 16174 10388 14935 17276 147 12202
12064 11789 17049 15353 7 15404 14032 3514 11913 15807 17717 11628 19021 2161 11088 15060 6981 13880 5768 2103 11210 18727 18272 1764 9155 6604
15137 6373 14396 12299 10814 6041 13619 12464 17923 5407 18402 10882 6230 9243 16093 11583 2932 3237 15060 11972 2689 9111 18053 13780 17888 7805
14503 17928 3090 15799 4116 12946 12936 7971 19598 19434 4194 9103 19957 14521 5470 5937 6752 15024 6228 16620 3545 16173 9719 10803 17895 15044
539 19034 6551 6187 8836 8329 2599 10824 10853 3355 1986 2965 19981 12976 6331 16520 3359 678 11109 18585 6516 9772 18400 10927 2834 9454
10207 11581 9362 16758 15691 3473 19188 4842 16263 7352 19340 1307 6422 5429 12690 5356 13390 6499 8141 9244 828 10928 11142 7640 8423 10423
11247 952 12390 15033 8823 18947 4551 13624 3351 8512 4958 1385 15872 9189 7020 8354 2549 13319 11801 17848 5376 18464 19521 7008 6362 14806
8638 12267 17157 17555 5542 12238 4247 18019 12859 18173 14259 12979 6846 12451 5339 19407 19194 3841 19776 3768 10721 3625 8714 4649 6808 6574
12386 14974 6808 18655 7222 10541 9819 15699 19783 14757 14506 15144 10322 15366 18793 8257 18763 6062 18306 1349 1837 16343 2951 10646 14695 6570
11524 19721 4337 6571 3742 13307 14702 2130 14131 13169 16481 10954 13896 476 400 19606 3667 15376 17433 5565 17176 18839 11413 1850 8337 1804
16897 1102 15399 8573 9531 1105 4592 15763 14591 7438 11884 7803 19656 1289 4690 10593 9590 10678 4788 3453 15450 15238 16576 7914 16528 1264
18193 8210 13701 12900 13606 1612 12302 1667 2944 15823 10193 15315 14031 1542 13654 9879 5007 7248 3716 4896 9754 11218 1581 13133 12128 3900
18641 4786 1101 3319 11461 3571 4149 6835 4298 4112 5540 6037 6468 12750 17347 12778 8057 3844 7425 16367 12183 11545 2243 4176 15619 5683
10833 11998 5454 1877 15155 5155 19416 1875 7864 18876 13294 5899 3798 9793 17931 18202 15359 5396 14153 2423 2587 6458 11387 5700 13356 9121
13644 16095 19146 3914 18485 12747 11609 9447 17083 12534 17561 17299 6371 595 210 10827 18724 8478 4452 16204 14817 1648 2013 17308 11141 8895
4677 13227 1849 18966 11288 14708 2255 445 14270 10135 4562 6642 7756 2097 18926 1078 19133 778 1612 250 5240 7265 12882 2332 5025 9057
5536 13434 8900 8613 9745 14359 6177 4835 1823 6539 17327 2296 8812 18731 8878 19686 10520 19954 16075 7074 2214 9541 10725 15217 17907 7726
7051 1744 10510 13567 14428 13298 8141 5628 8866 6457 15231 8177 9806 13311 18817 5697 482 14629 5280 18274 1319 14782 713 5350 2413 14491
1152 10957 17987 13691 8291 8956 13709 2867 8512 1002 15033 14192 12709 530 589 15146 9485 10345 14392 18034 6786 1420 19516 3130 18081 17342
1791 19618 17716 18833 9522 1073 14234 9127 13631 12979 9496 19710 10145 5885 2723 5656 14119 2323 5779 15461 5017 16623 8249 13815 13188 592
19340 9655 13668 911 17671 8644 11544 195 2930 1564 7018 10324 8234 7835 3294 9197 17620 15532 11268 19527 17414 8529 15666 8267 15848 709
7497 19908 13182 1548 8572 12589 4087 13195 4030 2967 14630 15910 10969 12503 1738 3109 14250 6334 19872 6636 13525 1031 12388 7878 5905 3254
19310 11973 1848 18827 7539 15479 8280 7793 8527 18716 16196 17535 8037 8189 8001 10097 15421 6454 19792 1233 3717 18812 8426 593 8981 15845
5499 3163 8783 9878 10734 13385 16061 6548 4943 11597 6951 2219 8739 11555 9880 659 8655 17532 6124 7543 2803 9952 17505 17874 18770 17583
3766 16651 6499 5759 2018 16012 16582 1278 14103 17533 15490 16200 852 6073 5128 16710 17184 13649 5897 6863 11585 18644 13209 5233 8681 12862
7172 18299 3849 10450 5632 11710 4299 7168 7063 9721 16738 5395 8500 3795 6982 4142 10746 14984 1800 10519 8948 4578 15653 16731 6997 18884
14774 658 14098 4354 359 11383 1237 7143 3116 9446 11217 17132 17164 1451 17591 18900 17669 6608 3910 211 585 13346 7357 8185 593 1162
10282 10815 10500 14890 16057 7882 18497 9858 10893 14759 19173 12799 12075 6369 16728 19714 19094 14932 9844 6253 14955 11577 4240 18830 9423 12262
4465 3770 12220 4483 2611 2950 370 17164 10960 3750 7081 13357 17773 5593 8656 5690 14459 19131 14221 3517 13825 5433 264 13666 6464 19979
10417 13754 6575 16278 10162 18947 8325 12424 785 3486 10479 13716 4556 5044 6800 2508 13460 11300 4834 8342 9251 2898 10204 9345 17740 13807
4136 19127 13610 6418 1837 2948 19674 3463 15140 8646 821 2601 9602 9203 13314 7285 4555 2389 3399 9014 10938 15313 18912 15407 16072 18854
14299 14034 549 8764 1063 18343 19196 15543 16942 5472 9767 3296 12605 4826 5089 12897 6838 12044 13369 8833 15214 2013 15757 12648 11692 18383
7766 8224 4228 14864 19935 3031 19138 1970 1292 6595 11436 6672 17390 13093 17043 1306 19324 952 18151 10341 6724 9846 19752 6698 9497 3069
14335 7174 10945 14404 11837 11527 14745 6839 8983 17681 227 18847 18123 1221 9596 8089 4993 16646 5058 8700 12974 8779 4349 1640 905 2912
18599 10168 14014 18030 12612 15000 13286 19919 16727 7069 15699 258 16303 18118 8146 19110 10291 14465 9504 18373 10335 4384 5771 10728 14250 4974
9115 1112 1931 10239 13696 7510 8674 13334 8987 10360 6166 5763 15766 1120 6155 11595 18967 19619 18174 15867 18335 17528 1355 4316 14660 9330
10569 17965 9728 10382 18656 5108 7271 7146 17733 3750 7947 17755 11570 12630 5371 10303 17569 11615 8840 9058 5436 3530 6488 6566 16215 19467
18840 11529 12460 2751 6145 13351 14909 19974 15267 10115 13931 9623 9727 11520 15144 14292 5763 8926 8372 225 1929 14747 16512 15742 4511 12585
5537 8520 8441 9879 5209 6796 15751 2558 16449 16709 12711 5902 5834 9843 42 6521 3043 1182 3786 8298 4450 8995 12687 10532 2740 3021
7502 4734 8842 10061 10494 16747 12237 6956 13342 2556 9280 13089 7170 5531 17 13967 14365 10612 18006 17990 19967 13883 2744 98 18915 12360
741 7168 3337 9049 14308 9191 17100 876 12835 6297 14578 5941 5178 12099 14274 2033 11750 5563 12714 5412 9547 19118 19572 2876 2470 17118
14929 15053 18250 7909 17685 6169 4028 7666 2566 18424 614 11065 12319 7229 3745 1515 16451 3849 745 16034 17998 900 16711 13594 7298 6215
16425 1840 965 14865 15049 4908 16267 18543 5753 4087 14950 2276 7710 596 12113 1417 2782 18262 8126 4312 13514 12778 16551 12123 14504 13876
5448 14362 10033 18307 17648 12147 4265 14400 3273 8795 17678 15092 9589 7483 4331 9417 8759 12792 3449 903 14336 3198 1120 10917 19132 4375
11766 19735 9838 12632 19580 11780 3924 8113 6143 15748 4155 2924 5872 17398 10308 4356 9628 12424 3383 2215 9068 18254 17916 5595 6234 9035
11029 4027 10484 10515 10291 19907 18022 16932 4652 6253 6651 17991 3465 17849 13615 1253 357 122 15118 1951 13258 9942 13027 12448 3881 19554
2614 11778 1401 4508 339 928 9867 18411 19043 1095 16118 10371 5838 13739 14658 9784 941 11652 11570 15071 17187 12797 18850 11697 1604 15239
13936 7150 16185 5556 17884 4958 19991 11263 1730 1287 15413 3622 12445 6980 8924 412 15134 14165 11017 15209 17257 14991 15149 13543 18638 17602
11735 75 10066 12176 17533 4638 7931 354 2519 4195 9398 4594 9608 12907 1352 5230 6899 19667 17433 7041 17715 13187 18544 16206 2725 14158
15216 4793 11328 5431 12384 16958 1121 13404 16334 17052 2592 1990 16228 15291 4173 11909 8586 15632 8045 3835 12865 7540 4580 2603 9489 16859
15745 4013 9816 5631 18361 19083 7064 14575 10047 8531 16046 18663 14829 6480 8180 4750 16130 17797 6936 19720 19106 7274 1470 13879 5384 7017
1502 8307 16412 4065 5476 6003 5189 4560 14284 5662 8157 98 4745 13854 4031 5058 776 17273 15751 10058 7045 7707 19136 17245 3554 9304
6476 2284 153 4349 10405 11175 17107 9278 12668 7290 6740 4016 15618 17143 4584 2173 8317 14852 119 8176 3632 970 10463 7433 19157 8223
19825 5 6932 12780 17978 13213 15036 7219 11291 19981 18458 18143 13931 4381 3390 4867 13123 6838 4938 12959 18833 8148 7043 14844 6233 13593
11165 6676 6274 17021 18156 7005 1074 15019 16364 13174 17591 4281 7663 19330 11845 13351 19256 12030 12657 2908 1459 9053 14383 2705 17304 8065
13295 16499 8119 9916 8706 19663 18930 5394 14524 2268 13373 15650 17403 5058 2178 13137 9573 9632 18579 5978 2204 1653 1513 17129 445 650
1103 16605 5876 2598 10825 16115 11801 19318 8573 9913 6955 10576 19404 11740 5288 16110 10787 8298 428 19443 14610 9201 1521 6227 4917 4944
9651 6500 16870 3099 14105 5086 461 609 8866 6455 729 13574 18586 4213 820 4372 10062 14208 16467 15030 14606 9129 16060 17078 8848 18830
6963 3344 584 385 13698 14909 18007 6935 15843 16945 571 5857 10283 19427 15616 4924 3167 12701 8478 14742 539 12434 14316 2894 4515 11195
9752 770 14617 2982 13632 19836 5745 15918 17080 12175 13120 12193 17398 19764 6507 16845 615 16629 15118 1772 2917 10383 4975 3665 19548 2677
12929 7278 10889 5678 16475 18513 8766 1824 890 13359 7062 9591 7093 6298 2671 3652 862 16551 11766 3444 7317 5250 3318 15160 14983 17683
13362 10888 137 3117 15004 1759 166 7657 12052 5797 3673 15519 16454 4417 6316 4123 18491 19043 8634 16762 14882 8721 11602 6333 15670 12431
8398 18021 11663 634 15347 16159 8574 11409 5399 19989 17837 8615 11848 16348 4309 9277 14295 5001 2791 3384 1721 10092 17639 6661 11090 7348
14628 4549 10864 17803 3211 19129 16078 8508 9745 19378 4405 17906 9162 904 11660 2823 17940 16044 13656 11847 8773 14943 1520 8076 8684 12059
