365
65 27 76 38 9 93 46 97 28 58 85 93 75 20 13 38 57 91 30 71 50 48 92 80 18 98
10769 9185 15442 2429 12686 3915 17090 14795 2682 17152 19530 16182 9244 12108 1286 17683 10312 12982 14316 4836 12055 12534 2355 14931 2714 19932
722 436 6417 15564 13575 9824 11982 15877 6701 108 7386 11817 15117 3366 15764 10936 19772 3318 8071 1664 14569 3491 12038 3018 9542 8227
17441 7828 13128 19230 19834 7954 6697 5557 6037 12455 11951 11144 15510 5710 13086 10666 1761 12992 3536 16435 18586 13591 5604 1670 15928 5889
13512 6018 16975 4757 3592 16555 2907 11586 3298 5387 1427 14660 19905 13299 11359 2327 9890 17176 2891 17708 3029 14747 9466 8057 7403 18516
567 1911 16651 11508 1769 302 6014 9218 12116 17750 3918 19950 17060 16017 14674 18275 9586 1723 11165 6101 15382 1227 6861 3327 1554 15148
2836 3947 762 10932 6413 10599 13107 8990 8801 9516 66 9382 3498 11494 12674 11901 13512 17848 19297 6376 10314 10540 4277 15422 9601 7493
9899 11630 491 18490 5377 10691 2528 8630 7311 4437 11506 12191 853 7139 4178 9451 14630 11399 14501 7865 3104 3182 7930 13288 1756 19611
227 4032 12741 14281 5729 14092 9071 312 8172 13047 18724 8117 9681 9329 2336 17280 6869 5476 17960 15025 4137 17986 2994 10530 10190 5741
3101 16509 15918 2010 7011 9658 12364 15371 5953 2648 1486 917 19901 9733 5533 1422 10053 3246 16188 7650 10697 10421 13943 9980 14396 16380
16497 1950 2553 15577 4075 5630 14534 3479 13473 2757 12366 19653 18972 5677 11762 10214 490 4465 12569 9996 11523 14131 9561 13967 14459 1022
5235 3803 8983 9138 8560 8302 15022 8264 6991 17828 19462 9092 13875 7069 7893 4379 6125 6920 11851 13505 9382 9932 4831 9519 3886 12479
3090 1573 4352 2291 11207 8070 3007 1583 4677 19675 18759 8879 3930 2459 18462 16922 15681 7359 18522 19871 2175 9948 4870 9997 7256 9811
527 15414 14592 18782 3180 1838 7 15855 10118 1034 10563 1816 8913 13398 11928 16257 3239 3880 7370 1672 7085 16061 7139 13306 1287 4902
19905 17949 10076 15984 296 6527 2350 1237 9396 15067 10107 929 684 18275 12517 1334 349 11877 10852 10574 3051 15916 2711 14523 3010 19120
2174 14530 1896 12736 16092 14364 18495 16052 7016 8833 15713 13844 13045 5985 3761 8163 18838 6508 4271 1330 16448 15289 16515 7557 9649 3457
17240 4889 3763 1678 9636 17348 17658 18877 18246 219 9366 1668 352 7993 2606 15309 4894 16945 16567 1239 315 17542 1641 16603 2378 11009
13429 19481 7344 13142 5921 9683 12876 1830 13317 17713 10231 14510 3611 9983 7838 8302 19934 13290 19692 17026 2671 16134 6147 308 6240 16900
13459 11044 15146 11786 327 18796 13129 5763 2568 11162 5956 10631 11981 17408 15426 9898 18400 15853 15768 16055 1075 7129 1068 5645 15532 8098
17834 19307 13613 7820 11625 978 60 18630 19503 4876 555 6149 3661 8448 14841 8948 10131 17754 2111 19395 17397 2085 6812 17179 17891 2991
1866 13155 18479 15385 14878 17547 15954 5324 2831 7886 8140 5351 10195 15066 14046 15040 8360 938 12660 5246 1978 7197 14494 9122 9113 17172
19657 13890 14135 9968 10086 9116 10794 13405 408 18412 12102 277 14608 18280 2739 5685 17098 18979 11285 3574 10950 10525 6863 8261 1908 5207
4853 8085 5274 12108 19812 19623 8296 15157 19051 4618 18406 17054 641 17375 17071 5720 7791 17173 18325 17773 12856 14609 15302 12674 18325 10095
13623 13683 19629 16014 2842 5885 2964 5313 18877 7288 415 13483 6981 8012 12526 13656 11947 5355 11617 19198 19109 1722 5193 8627 1479 3089
14516 17291 1908 18694 19129 11737 8274 17113 5545 8250 1615 5667 9175 1822 7697 14540 1847 12542 16628 19127 19955 11369 11821 2235 8029 13911
6279 7544 12004 14977 11514 7832 1512 695 17003 16771 5092 8178 10211 685 17158 3357 15429 1534 18704 17943 19936 16108 14548 11621 16430 10206
12460 12608 16123 3649 14648 5101 209 9914 12877 4714 13595 7200 17007 8982 13291 9784 19130 6473 1487 9354 5906 7675 782 6224 13261 212
15206 646 9175 2568 15335 3697 1799 14997 8414 3430 1587 4785 12178 18107 8616 15 16813 7976 10702 8834 3569 4418 7035 1143 12464 16264
16997 12900 18695 15728 7754 18966 11182 780 9259 17343 4840 13544 9451 3835 1249 6772 11290 8549 15393 2630 3365 18199 13265 8567 19877 13798
13624 3739 5724 12325 9098 7965 2606 19669 911 6171 11899 2472 14005 2375 19194 16457 18553 15632 5425 13769 17986 12622 18346 10190 1445 9194
3478 13629 18330 18959 3625 12419 14275 15126 5626 16999 17377 10074 7419 10878 4215 17856 17191 18941 15229 7645 5240 10190 18379 18560 4037 13984
9756 6262 1131 3075 2819 10553 8176 1886 17284 11605 5303 4461 1702 5990 753 14553 12211 12628 8072 15202 1723 4740 4156 4322 17341 3131
13468 8533 7108 6290 2828 10335 18067 7371 1673 10960 3917 9758 13681 17736 2239 17485 11488 90 17640 19747 9275 15447 3340 17969 2486 11436
13634 1028 17733 14208 9895 19218 16210 11561 10468 16134 14136 13848 3175 814 18033 18148 4880 18942 12612 4443 9792 15923 7341 8320 12811 18316
628 1138 18263 11775 6367 2063 7427 10546 1659 10565 19010 13458 11527 732 13870 13500 18432 18272 4597 1632 19601 10653 12348 875 4303 10635
14955 1765 19932 13757 13226 8448 1671 14125 15788 15970 16379 6356 4201 7241 3512 17600 19176 8013 1900 12233 3579 9878 13145 7336 14219 10146
15742 8275 5225 14303 10775 3912 11622 9880 8912 1224 2752 4146 10251 11185 11941 3425 7053 15780 16063 15681 10983 9799 19702 5917 17830 19175
10375 15699 18883 13311 19927 3132 11686 14821 3098 14894 4047 16620 8928 9154 16164 10521 17448 13165 5780 10054 10165 6891 3294 11685 7505 15572
6696 12304 6383 1768 2254 10680 11870 1984 13799 3202 16890 17756 18684 4620 4325 550 15529 10571 7291 12058 6907 8683 5707 18610 7357 18276
18859 10567 6398 16176 18632 6879 14739 11141 13216 2498 12875 5760 16203 14769 10831 9781 3693 7564 19824 5702 14160 9941 13818 6415 7952 2649
18509 2232 1873 11095 6521 13629 8841 4697 9781 14689 1768 6288 19336 14459 9082 19997 2648 8856 11705 1348 1556 5884 4413 718 16466 3462
12121 13318 3381 2169 6790 15567 2554 14715 2278 17061 18333 13951 15769 7299 5909 5396 19156 8350 11638 19795 4245 15987 5484 4656 17819 10609
10248 12590 6406 16559 16325 10415 17989 15726 5432 699 7470 2698 1085 16040 7530 3274 16532 6386 19418 15548 2767 9625 5859 12781 644 9202
5887 737 18408 9948 15985 14477 15061 2319 10862 1081 2116 18272 15223 7055 8167 13476 15075 6033 6664 17618 2915 16811 18488 19495 8036 7779
14473 19014 16440 13401 9362 14246 12032 5833 12823 5955 8456 9586 9128 4119 6916 8355 15757 17074 1571 5801 8526 9428 14361 16474 14571 2057
13972 3945 7566 19450 8452 6999 12020 7261 11440 6617 3665 9287 10818 966 4513 8151 3909 5673 17434 6592 6040 16359 3491 15200 17378 13747
3788 4138 4949 5241 3061 17377 6309 6394 15960 2641 12290 9263 4452 17573 4654 16031 17735 10482 3549 5837 1193 15223 8453 6359 17448 18927
1240 8283 6439 4128 15979 7108 2633 2054 1157 9781 9502 8398 15779 3930 2788 16315 16931 5167 15784 8542 19316 9746 3130 19402 14548 19201
3602 13172 11784 17797 14935 8990 7997 10295 16476 18237 2178 17650 4880 606 15431 5196 10951 5142 3379 2539 14047 7065 12 10736 7230 8926
13982 4719 12907 14914 7780 137 13885 5515 1453 12436 14893 11103 9710 15629 14755 4273 19011 15217 13512 5051 113 19179 13052 14081 3920 1800
15174 19445 2358 3494 12660 3728 8649 3376 17687 507 13305 10006 9310 15743 13345 10909 14521 1564 5819 17367 17761 4604 16062 10066 9724 11795
10541 16665 19795 10392 15000 6411 19965 5999 14044 8144 7449 7922 2953 19725 17828 4310 12569 8235 4776 7650 13380 16972 19522 1135 6132 17258
6659 759 10156 15351 2818 18914 1211 13521 5751 6794 10191 8513 7181 16146 9798 14547 16125 7568 8177 15030 3439 1094 229 9018 5167 16670
3342 15294 19925 13705 8474 96 6643 11241 6406 10086 10082 6979 13879 18330 1494 18603 5231 14567 13695 778 2976 13268 17804 18298 3686 8741
10841 15271 5364 10908 2871 10507 10724 17832 13415 5405 1084 10738 2685 3485 9216 2896 9700 8233 114 6452 1733 5678 4559 16735 16278 5137
12035 14305 13657 7030 15001 4094 6609 9843 12631 6584 18431 3178 15904 12072 8488 19592 16719 1885 14149 1948 1979 1384 5515 4756 3771 10588
1762 5170 8269 7106 3369 19727 13795 17348 15603 12382 9563 13895 8551 18618 18071 9864 14845 5141 11133 4282 7400 3080 4243 19342 17833 2977
12988 6883 17759 5646 17731 14757 10518 676 13083 12803 12431 13104 10305 222 13515 14188 6333 15995 7337 7058 10079 11539 19727 15057 4249 5866
7724 8705 16859 10679 19968 14133 3703 13243 14047 2531 8797 7741 87 3341 6925 11988 7719 5042 3823 15289 18831 9417 5859 17661 17180 5380
12504 13529 18255 947 450 14334 5716 14438 8519 6718 11610 19222 6377 226 8936 18155 13504 3914 12598 10137 18726 4819 862 7211 2729 13984
15377 6783 14950 13521 5884 14031 6302 15096 5374 13576 1751 11169 15094 4392 16715 10272 15644 17092 7063 19912 1448 16517 16543 9291 18152 15000
16788 3949 12912 146 7732 9821 17895 2864 6509 14625 3005 16914 279 12557 5552 3630 9782 7009 7928 18632 19643 3432 9853 10207 4967 8889
2409 12393 17707 789 11717 13342 17314 11728 15773 18957 13073 9021 6185 1046 4556 3247 16035 17650 13707 12126 11825 14971 1968 12009 2480 3961
15285 4959 7156 14497 19294 8134 5949 10405 19506 5916 11783 11621 19485 18560 1679 8658 189 19232 11542 19858 10148 15745 11029 6840 12648 8705
11402 748 2044 3268 11877 602 19381 14012 5761 1848 16642 5554 1233 12681 7783 15898 8727 489 4039 8206 18110 9863 7226 835 370 3110
5651 4032 3688 8653 4378 3292 6965 18617 4324 9583 11421 10698 7365 6179 4159 19060 9024 5217 7564 3740 5496 13349 2608 6718 888 10651
17231 16192 5535 18590 15144 7138 587 2264 11825 9342 17704 2151 15368 11280 5225 477 8549 14259 19384 19523 13592 15872 16348 17504 4101 2449
18670 18256 6504 5298 19884 18002 13599 6551 9186 14761 12059 15408 10236 12587 4624 9966 8526 4926 12484 11925 4414 18400 16326 19540 11637 8335
19308 11374 15779 13939 14911 11712 3800 9413 7732 19645 17044 19842 2217 17847 17540 6602 16408 5092 5397 13636 1673 7693 15814 19807 14042 6632
6419 7789 5308 16024 19659 11560 5862 18593 4201 6050 3515 7248 1275 16466 19232 6808 19079 8816 9170 19420 18364 13450 5984 10083 15929 9728
488 7743 9467 2361 16698 13599 7403 12909 4041 19698 12099 2038 11836 2606 18890 18836 10245 19845 19439 15530 13665 5659 4569 14326 3643 607
8557 17245 9555 13977 2769 9204 16591 4826 11582 14812 2583 19083 3734 17819 13705 13091 404 4191 12279 16175 18064 2652 1929 1251 13296 5315
3576 6610 17536 19979 18163 6719 15518 3637 5585 7286 243 4806 16628 12996 3278 17892 3007 18883 6456 11306 8405 19597 6427 11583 12006 10944
4950 15415 15065 18351 18538 13155 13839 18530 19632 17488 10605 19262 4147 10321 1462 6282 3868 11364 1222 16170 5071 3298 18807 13223 14219 9754
7819 12308 17214 1902 6221 13065 3730 14614 7561 256 4576 10095 15214 10308 6850 4352 10000 11173 3893 16306 14845 8431 10914 8351 6694 17179
18540 14442 6894 6943 505 5821 5525 14330 8833 15632 5788 8730 5476 16881 6018 4443 2186 11568 8670 18015 8311 9025 4227 6042 19533 3247
8281 18039 17373 16135 6191 17698 3126 13160 6589 13789 12193 4803 9299 3540 5443 8572 17695 16291 10072 3734 10100 13640 8437 14439 12774 6536
2117 2908 15091 14179 15111 5842 14927 1612 8754 13988 1431 8734 2548 17693 614 17511 13725 3162 15438 14982 4884 512 14823 253 10635 18374
17236 2898 15083 3985 13141 17750 884 12601 14717 19193 18877 4206 23 5098 9463 1140 12300 11056 3515 15110 10795 19266 14583 13354 10570 13503
9910 13345 18079 18600 11526 9819 15946 2891 9700 5507 12891 4319 3526 11081 8650 14805 5887 10744 2832 2231 13570 2026 4503 15450 9736 14016
2335 12058 9105 5812 802 10429 9688 9494 11497 3381 12717 8408 1279 5358 17009 15596 1356 14206 11087 16140 19002 1867 6360 8776 1986 14071
3105 18620 16195 14077 12160 14202 2394 8428 15366 12715 10152 6646 12913 5931 14136 1670 18416 6788 10688 2566 16838 3859 12297 14949 5060 653
16784 7425 17287 17704 11160 14222 4845 19553 14350 6509 13265 8881 6605 226 185 840 972 420 17941 11923 16642 14127 7301 19250 18263 15735
19742 15643 5640 14126 13910 17978 2164 142 2896 2777 8664 1617 16017 8016 980 92 12746 2344 9748 14389 802 9422 9354 1070 7512 10068
18952 19733 17921 18348 2968 5001 644 16262 1293 19293 7337 18196 11959 1891 17571 19117 11063 14122 6256 3310 16211 12956 2813 1889 12373 13783
5500 14686 15226 6948 18808 11703 9162 671 15260 15361 12769 5974 12292 18358 19816 14511 13236 13125 17897 854 16913 5984 6121 19342 8965 6618
18632 3275 10670 15859 13797 8681 15922 14520 2108 6869 13711 11628 3957 3928 8901 1698 11912 14778 2357 19027 12157 4220 5377 13383 13637 4134
18352 373 5881 9046 3203 6782 15282 18596 8567 2395 15627 16652 2450 9301 1743 9055 14420 10400 8496 12178 15042 122 8247 13410 13427 3623
15917 18321 4002 9685 8528 8256 13717 17757 6056 16651 8392 14208 17017 19995 18605 9188 2655 14638 13022 12592 17275 17866 18252 8672 19237 15273
2378 4483 13214 11245 15677 18301 1290 3265 1648 7049 5973 9941 8811 14761 12660 6050 7748 9241 6025 16793 8029 1230 569 12174 19843 5700
1210 4352 11258 3736 3941 3101 16740 10221 3744 8764 1119 9359 2014 12450 17122 1006 13200 5826 18159 14056 14208 2359 15285 9920 4007 2882
8685 6164 1428 10778 4471 12729 17663 2087 15508 4609 19855 8105 6922 3412 7879 10831 14865 1020 13942 2788 7117 2376 9022 18642 18737 15595
247 19033 12525 296 7330 13945 9280 14041 6428 5233 9845 16898 16115 16468 12646 6891 1446 2765 17493 16459 3550 16121 16669 11904 15956 14884
19898 18422 2519 14716 17291 13260 14732 11448 18004 5325 14097 14277 3631 13004 12103 7398 8160 6562 17751 15067 2881 406 11416 10196 8287 11859
1865 6571 14894 12092 19197 19738 19492 12291 2614 8017 4573 13823 18346 18718 3520 809 1249 12173 6361 15904 6201 12458 11979 8809 57 5963
10913 9529 16210 9957 6800 12186 9851 18299 19411 2405 3679 7345 7510 9217 5962 3641 6876 9927 3261 1502 5112 6629 7186 10588 3388 8773
3074 9700 13915 3867 2211 3205 1574 8599 4972 17301 17536 10713 13259 9647 164 8751 2070 11297 4855 18384 3631 12432 12704 1721 15113 6374
5528 3825 4380 8062 4322 16430 4815 1250 6267 17956 16921 16479 5002 17761 11373 18634 13576 13456 12390 2027 8264 1144 2350 5982 11702 12154
5175 17450 340 18190 7431 13132 1165 7923 3949 18294 11803 17986 3563 16865 11825 18712 18754 5695 9402 8938 10135 4678 18901 7674 16609 10420
18125 12812 1126 7472 19783 8292 3350 14422 5294 9379 8781 19438 8427 3102 19615 794 8083 9237 6386 4390 1475 18292 8832 7958 9905 10354
243 6193 1702 17012 7045 14259 8673 16947 19526 15144 15350 16467 4084 5320 2618 5904 14670 6552 7785 19509 19295 10373 8969 5736 737 8115
9484 8132 17465 4004 18195 7516 13624 15146 6414 6393 4216 16537 4817 12700 14482 2273 5824 18558 9458 10265 11134 10602 1914 321 13561 853
9120 12567 16783 14634 13142 4642 545 5307 11994 9312 17054 18809 4069 298 18218 10530 9446 10370 17175 14095 12564 19323 3359 7967 11536 8984
19745 4806 3588 6368 11211 6201 14101 12317 6466 7666 4077 15903 16430 19381 19172 9565 3212 15873 18904 3107 5298 16558 12710 19344 10901 4620
18395 11441 16537 14777 6419 15466 7306 18680 10848 17751 5022 18493 11607 2709 5734 18502 2515 27 16964 18575 4974 5744 4136 14802 10849 10120
16738 12316 13470 11904 2299 5087 16729 7079 5345 8389 3991 3231 10878 2010 2409 10487 19048 5684 15708 11252 15810 8920 6780 19225 2523 2309
184 2988 3552 8613 7432 17161 14694 10513 113 14884 1572 16035 15894 12025 7820 3173 985 15167 14662 1602 5356 18231 15458 10119 8316 14802
10809 2592 9804 14560 11007 4770 18472 17525 6025 15376 3956 5907 4157 15812 14115 13661 2606 7331 6427 10780 15933 18966 5988 8222 16784 5312
10650 16856 13460 12728 2546 8359 3134 12800 15712 668 4638 18025 14571 1878 4423 3456 17824 8191 10659 19757 16655 3552 11655 11122 120 18561
11005 1559 8469 11597 231 5665 1845 6753 2037 13948 4009 9510 9264 16103 14524 1157 2347 6320 4938 13828 12961 9307 4411 3114 8279 2400
12360 6520 15228 5575 13449 10540 18748 9757 14087 11769 11221 13130 4533 13961 5259 8939 12733 9212 2039 12551 13848 18958 2333 4660 52 10859
4678 18023 4611 12028 5983 12827 8506 7274 5920 296 14483 14377 3923 17166 4294 14601 11958 11294 6383 1038 619 6002 5038 8864 4031 16172
6609 4904 2753 1683 16590 13071 7980 11942 15781 13935 4426 18845 4635 1466 3300 3065 5016 12354 12942 8283 12095 7486 13898 5810 16287 4778
13630 11722 10716 12205 19683 17543 16514 1086 5388 11024 17299 15588 6640 14930 10440 19732 908 9732 3975 3804 6598 18231 12616 2751 13794 6432
5857 11695 12073 1349 13016 6006 16934 15410 17438 9470 19025 19963 4913 15787 16994 18057 2046 16829 9271 2560 7776 4381 906 6784 15072 9763
13910 19649 6806 16134 17072 1154 16992 7341 1875 4123 12937 15208 18189 11031 6509 1178 19819 9636 9398 4595 14816 11326 2277 18233 418 3660
10109 12696 9499 6091 9559 2400 15896 9727 11390 18680 13588 9195 10336 14658 3048 1583 19227 17742 7872 2322 12271 15661 12712 1808 14624 1739
9579 18464 8687 13333 5285 16289 9030 14077 225 3572 4017 17876 10805 4552 11271 15939 19306 117 7037 5081 15951 14255 10294 7032 11559 4780
9740 19489 9327 13404 7776 1508 5481 11918 815 342 11662 9809 4045 9283 5569 9024 18655 2023 18687 11686 18477 16096 4123 7257 16494 10665
18638 1030 7167 18777 9456 7630 9324 983 12905 8989 7696 18017 10682 18039 1821 5972 16941 11918 2636 2653 7140 9244 561 6872 3377 12351
9570 16550 19229 18509 3702 11764 13932 10727 15012 6998 16385 6797 15670 4107 14515 1221 11550 16888 11365 13022 3735 2786 6421 9219 18492 6602
14276 12120 5077 4202 12420 12268 13085 17780 9475 10231 8027 10416 218 18746 16794 17237 8507 2486 17714 2851 10758 18365 17460 19794 7130 18174
864 19210 13936 1470 12546 9297 13320 12020 3700 17090 17033 4630 14939 2225 17678 3750 10093 11096 12355 10742 14235 3376 18475 4898 6516 659
15771 5274 69 17883 1797 17417 10965 2423 6356 9684 3719 19685 1063 10188 18670 19568 7890 5055 85 7424 15124 927 9261 13337 13105 2391
17600 12574 1925 19385 6055 11884 4742 1284 4417 12661 4865 3068 12137 16686 3142 19171 14874 5325 18771 1593 173 7160 7781 6957 10711 11999
11403 14959 19504 7253 19487 6533 4768 924 9085 10035 15206 7744 17318 18481 244 6378 13091 9837 2114 11143 3 12960 12028 14809 3714 18663
13541 1481 3449 18410 8984 9804 7860 16296 4405 10803 7266 8662 13742 9634 12994 17257 8681 13554 13233 8406 15479 2892 889 17210 15059 1475
5757 8482 12295 4922 13611 4307 18479 10909 9751 12793 3285 19969 11494 17260 16332 10144 3293 7701 13408 3754 5232 7047 14094 4855 16710 6512
17404 17040 9181 8649 16603 14691 3506 7856 15016 17057 4996 209 17344 4291 14716 4338 12780 6169 4683 6824 7003 14662 2910 6520 6649 775
6664 19696 2135 9102 10950 17313 5135 5563 14005 9693 17473 6876 15385 19072 8855 18081 5174 5115 16372 7123 3718 6204 1530 12358 2431 2181
7663 17004 11662 13037 14069 6397 2649 8401 10936 10518 17369 14086 1190 11198 17225 17273 8251 4566 7475 1631 10137 4133 12426 6100 8808 5866
289 2941 8914 14882 19913 6413 14996 17526 19736 8167 11681 9172 13473 16200 9406 11236 5509 1585 6455 4140 12975 13720 14045 15803 8628 12770
15654 6853 10249 5660 6538 11599 18982 5367 9421 18680 11602 19179 16437 10873 3867 4097 11370 10457 14939 12497 1609 3965 5112 16684 5957 4983
12627 15545 12583 12178 9004 12144 19451 2032 8161 4914 11129 10821 618 2861 1911 1054 17261 15964 597 13593 11273 4867 6823 1807 4990 18177
18396 14931 17983 10336 9880 2812 12117 10214 7223 14461 10652 10668 1593 17002 6032 14531 4181 12400 8571 13238 16952 11182 18142 10255 5472 7170
3001 11083 4748 17432 12364 127 12386 14729 1930 19814 11820 1566 10351 8825 14973 6031 15351 16983 504 14191 12496 19939 5709 19741 4283 1301
6934 16111 4156 3303 8157 663 3799 4806 2110 8600 9841 16060 15700 19902 277 924 18259 3945 6335 10353 1181 14801 8199 16412 3733 4819
13137 6469 4717 14839 14318 18877 4871 18344 18937 16393 15762 17334 3297 3394 10569 4702 12862 2778 8542 16316 303 14384 14890 3168 7906 19307
3500 11309 1174 12964 722 2075 6810 7568 14318 9970 10017 4266 16369 17071 17550 19057 17178 14691 1523 556 422 439 18625 18782 15851 2533
9047 954 18364 1101 1933 6654 7444 2901 1813 11290 16831 19301 1187 7561 5453 16192 7515 14876 6042 3243 17629 8931 138 8200 7202 4371
14366 7482 5205 164 12293 5689 14150 11327 6643 18636 12520 3562 8563 1457 6502 6961 17567 7582 11826 19277 15280 5490 15205 13129 3359 1923
6053 7554 5134 5313 18935 19773 9677 9228 11840 17838 9051 3890 19022 4236 163 6368 17551 15267 13885 13654 16509 4994 16896 3005 14408 14975
666 12256 2184 14495 5030 10007 6090 7842 17282 689 2083 3332 19907 8791 243 11372 11122 6317 6475 18751 12599 7992 10356 4396 16160 11263
9983 19531 5092 13102 8474 5614 14473 15320 522 5386 16378 3367 237 13283 911 7321 10423 19440 13237 15738 5416 532 10868 5560 18095 1897
14365 11681 3964 17620 17811 11202 5126 5750 17161 11655 10531 8066 360 7070 17073 9153 5488 6492 8360 9673 2792 13457 8603 13434 10259 12147
19937 15772 17704 6187 6678 10175 2317 19291 11717 1130 7532 13980 212 16356 7429 3200 17439 7888 14447 12400 2022 383 7267 5203 6106 18117
3242 19254 5520 11832 16311 4146 1112 5349 9429 5049 9120 8081 19496 4551 6661 6494 9011 2103 9655 19968 14826 14714 7890 19285 6556 3083
13065 2473 13945 10299 2173 17421 5192 7917 10252 10012 6912 85 17455 4084 17022 14593 10059 14597 10934 6807 16269 18201 13973 4652 1631 13480
15053 2768 3803 8441 15868 12705 10008 9591 3618 16273 10451 3480 17301 18352 4693 10521 5125 12456 18433 5076 10593 8182 8516 18275 8222 18826
11196 4557 16534 8847 13912 1212 16055 7541 10411 383 14746 7087 7605 18443 5291 11328 11746 7411 6064 1337 12133 11771 9330 7112 1341 18254
4038 9501 7951 17798 10427 15301 3822 18858 6138 19517 3536 12937 2426 7626 9908 3836 11292 10587 9845 8583 4785 15676 2469 13900 12650 3215
18461 17061 10247 11485 9499 441 673 12598 7934 15130 15898 199 13528 5521 11984 4008 13884 8875 13162 5104 132 66 17087 6270 9523 18780
8042 7825 4356 6873 9800 14679 7118 12129 19966 19510 12017 4652 4300 15309 11324 9610 5264 18778 15759 9485 8512 10373 5398 18995 16476 11733
13080 4926 6281 903 6137 13904 312 9975 6450 9989 6833 9480 4166 15547 6241 4695 17670 7312 4854 2880 15450 11053 1171 13083 5682 14815
4812 15934 13267 4997 7855 7578 17276 594 18881 4719 2473 11164 19343 18413 14606 16513 19668 3743 9907 14294 14398 1998 2935 15801 16971 16191
17707 12895 3778 3132 8745 7893 5344 11826 15232 4828 3685 18484 13838 9053 18247 3892 6735 3658 8414 4541 14880 17176 6443 8207 16917 12843
1118 6009 4940 9183 1911 11305 9042 5021 16383 9736 8292 16696 9306 8244 1139 1717 4295 1517 6047 11173 17850 9284 16945 8493 574 13853
15353 17611 15089 1056 2781 2308 8254 18694 4370 11155 16799 5960 13210 18691 1597 11470 8289 16477 10906 12726 12524 2966 5349 2790 3976 6050
18132 74 15094 16706 13579 9193 14456 964 6253 11679 16656 18676 14228 17941 11163 15944 10457 9219 10879 18489 1397 11911 5688 17859 16980 4101
1504 12419 8659 16390 9190 4341 1467 3692 11089 1151 2906 3569 7604 19321 5868 5393 196 13174 13248 723 604 15554 571 16079 19204 8466
16242 4168 4416 11674 3858 7686 17753 8238 9216 7397 18638 15815 14025 6917 5526 3099 4773 12797 10737 8201 4129 17518 114 1516 16048 7353
2823 10414 11778 13566 7539 19109 16311 2993 11459 2764 12088 5431 3581 8799 11567 1457 1008 18217 5142 12026 15173 13773 17988 14672 6396 76
4533 11583 4764 16622 941 17199 10857 7582 10531 19538 2869 2316 1731 4373 15272 2627 14390 11101 4875 11513 3616 15808 17336 19159 13676 14625
5034 17838 10409 5217 4587 4648 2648 18151 1413 2190 6062 257 14227 9473 8601 17560 18212 6727 12611 2886 3494 13235 16227 4180 10366 15778
10608 10349 6391 14688 12083 15465 5449 12524 17317 17266 17464 4239 3434 9768 9285 1495 13385 2444 1072 14674 10685 217 1286 9594 4130 13663
11240 12823 3546 10651 15591 12995 14489 15379 1174 18257 5093 11632 9116 19404 15140 16605 5399 15415 6649 17624 3047 7299 7725 2169 7235 10598
15516 6989 5395 19540 16895 5383 10407 6865 8255 9201 8090 1504 18595 6199 15629 16063 2952 15566 12667 7509 17181 19029 17163 18495 10348 7907
16339 4592 4140 8514 3886 13693 17614 9666 1163 181 5925 2816 5627 16665 10813 12869 1809 8814 18749 19062 18647 10005 19749 8104 10098 12362
18108 8416 8325 76 7441 2988 6555 4828 4867 17397 8054 18487 868 2629 1503 1394 13498 12564 18038 6102 5655 11091 2376 12112 8095 15477
15406 17572 6962 2934 13922 3730 16889 1050 1532 17419 12685 18941 19420 19193 14465 9625 17248 786 8681 16998 5650 12459 6830 8077 9524 11679
10975 8731 13242 14520 4121 4559 14872 4524 5156 2248 1557 13149 1375 12264 772 4814 12071 5745 16862 18099 19964 14215 17529 298 523 13279
10197 9600 17077 19367 10492 15654 10668 5041 6196 2098 14386 138 11968 7350 11213 14555 597 19950 19359 12140 224 2576 8489 12264 12649 17962
16074 19959 168 10177 10325 18240 13272 906 11149 19158 3499 2594 4917 4239 13457 11487 2882 6687 11229 7377 12754 6899 2990 940 6536 19352
12659 11915 16011 19913 5456 5137 755 2316 1526 4006 12421 4047 12843 12892 5854 10975 215 1112 18596 17297 3833 1902 14762 1614 157 698
16996 16193 6591 17529 4174 14672 14644 1772 387 16319 9047 4858 11485 11356 15316 2306 1972 4919 11482 2483 3581 14149 7658 1689 4336 496
7844 16 2245 917 1 2154 8645 19999 16164 18996 6454 17315 7499 14885 16157 19226 11363 7765 5149 14859 10186 18069 13167 14857 3941 11225
1938 4305 19087 16255 15210 15712 17455 7855 321 4546 15449 14138 1092 17676 10248 18620 17495 13305 13310 17055 10435 13725 12446 11650 5793 4712
4455 14328 13788 15071 6733 2879 3111 1410 15052 3573 18445 8727 19655 277 4015 12637 12299 15640 17983 12148 9897 11086 8190 3028 14244 4618
10430 19067 12700 3061 472 9973 19950 17023 19611 9161 8773 2932 18840 5274 18252 17233 10356 18478 15980 14622 15511 1206 7954 3957 489 7350
6442 1996 17833 15658 12310 17581 1526 4801 1760 13765 2029 13142 11478 1166 1425 7947 17569 7285 12737 7729 352 11309 3607 13457 9731 14966
9757 15092 9775 7826 10579 4979 2671 4113 15246 19536 7239 13367 13769 3422 17047 11879 5029 4773 16890 14671 9750 4208 15802 137 14982 18851
13430 4953 15101 4286 287 10566 14655 7860 8692 11428 14974 14707 1213 18758 17920 10398 9932 14070 17598 14639 8564 18351 17276 3367 850 5410
976 13779 2207 8094 5133 9493 1688 2139 10965 10766 13673 12507 2825 5974 8398 9326 4424 2762 12424 10466 19996 19807 8057 17300 7626 19003
1513 12290 4718 12891 16842 13575 19510 9078 14436 17721 5891 14486 11384 13439 10486 2243 2550 5224 18709 12837 16819 15917 1446 17351 5138 11567
7657 19030 8157 10956 3635 9906 2284 884 12807 1099 15182 4729 5293 13374 13124 615 15797 6808 10424 19402 3216 17817 6564 15221 4218 13267
10534 7328 13314 12096 17733 19211 6772 18913 16938 352 7897 9792 3851 5090 10888 17320 12188 14979 6936 14092 19038 12452 12161 3035 4975 3385
312 4500 18235 661 11239 9155 17736 11925 106 8052 14933 10099 4609 15024 11672 2871 1583 17363 14941 12604 14245 10640 2155 6170 13735 19591
13248 15617 19522 3803 17387 9238 14503 7300 13053 1313 15337 17631 14965 17782 16555 14172 19497 10393 6099 7181 7522 7144 11807 12139 12955 8526
2871 8220 18326 13668 2130 10382 17759 10824 19357 9695 6262 1349 3454 4593 1897 745 12426 2722 13322 1359 3683 19797 12553 14436 9166 8605
10718 7265 19118 18592 13282 1627 19978 2333 16436 14963 9968 5361 2346 6428 10947 5069 9093 11058 16461 13397 1286 14662 9313 15035 10767 1620
17880 5606 5961 15087 13822 4293 11667 4651 912 554 11684 17393 5163 19578 9562 15536 15357 11888 1044 6338 18271 64 11334 3627 5953 12728
6270 9428 13703 12114 4278 19032 6031 2333 3070 6470 18093 12401 16839 14283 12447 15176 6895 4404 7598 19683 9177 7507 2555 4615 11907 2457
6934 14506 7848 4565 12032 19550 18288 16851 15029 19452 14256 15177 17569 12132 1968 16641 19738 4319 3602 19450 9806 217 17660 4999 2431 17221
1898 7388 12498 12619 13353 7663 6284 5697 129 12305 1219 7969 5761 8636 16618 16232 10954 816 7447 10481 18018 5243 10110 14038 5784 1496
1568 863 1013 12453 11985 3727 5113 5461 9441 13262 8077 5984 1219 8037 16954 17341 10444 11680 11992 8304 10317 6615 6294 16336 1410 15714
14309 14990 15429 16604 8118 137 1218 9674 12878 7905 16970 1714 1071 10759 12561 2342 8259 11314 9034 7674 3098 13725 14280 2234 12011 18877
18995 5915 8769 15884 10912 14542 6529 9875 5044 15178 10406 3408 6926 948 12951 8582 19782 13228 19864 14044 13720 6824 6710 2615 7405 11463
7681 6790 15072 16682 8640 5490 17905 4956 4419 3954 2713 13326 19701 12603 13849 6733 13439 14177 4716 11401 1751 7520 15717 9726 4850 6011
361 4432 10816 9483 13928 9739 6714 10354 7747 10769 12612 19946 223 4872 16577 14483 13296 9077 16689 15847 4667 1896 12604 7555 6113 17939
5548 17300 7928 325 4710 8573 2191 14350 272 17332 9194 8380 12853 11233 10073 2831 19584 19162 17521 10859 9944 17890 2654 6944 4086 16150
4250 5058 9931 7666 14834 1927 2270 10903 10424 2988 10252 5065 6660 9149 16498 18245 2807 7739 19619 13580 10043 17801 760 9907 3295 11973
14077 4966 2698 11034 9230 4979 2734 13396 9769 16868 12215 10798 3271 10470 1703 8885 6861 2201 5043 10777 8895 3387 5626 8100 14950 18950
18106 19352 8082 5918 1893 2888 4406 15969 9172 16533 19176 13883 18980 11902 5055 4926 17030 17328 4581 11626 9787 4714 1464 16140 11934 6147
16583 14835 5633 4696 1667 1548 4291 2811 16674 13459 11015 10327 6447 4207 19805 1685 4674 11246 7156 14846 5335 4587 17265 17848 3960 17289
6141 9665 14073 19565 10475 15567 7194 7060 19960 16521 5589 16850 19270 16507 6233 8161 13384 14899 7425 17804 12517 5243 9722 11528 13008 9430
17662 12960 16289 3026 17365 17563 19172 19002 7476 10861 19634 4508 19854 566 13475 15298 7968 18438 17277 440 18832 8958 17782 249 12927 15980
1944 17421 6253 18367 13688 13791 9196 4667 19265 4891 16997 15324 18422 847 10070 4670 1897 16925 6322 7959 7952 12259 5171 6199 847 14360
1901 11203 15640 6743 8250 8217 596 6154 14600 2458 11593 8945 9073 15633 16578 19846 4105 10892 10752 2494 16064 8335 9894 563 8618 15243
11909 12088 13803 19089 14936 6501 6164 19342 18286 10303 6396 18909 43 5924 11066 13102 10043 17506 18208 19068 13037 14881 15294 3743 3225 13882
18730 1145 4282 14589 7497 16099 14385 6502 815 19190 7352 2113 9696 8148 17234 19808 12686 17860 4588 14707 5898 6699 6235 13491 18095 17030
3298 10162 13129 15608 248 8781 19385 14494 14960 7488 15613 7545 14505 8208 1295 10506 19889 3280 6764 3974 425 19103 7645 9242 17395 1080
18365 14523 12129 10345 4656 19347 9380 7829 10770 19800 10337 12820 9011 19545 13243 5979 15616 2819 12868 17184 15444 1404 1563 19789 14787 16721
15103 11858 18717 4455 3072 16340 15504 11305 18462 6908 14951 8228 15874 12577 11691 130 6747 9585 19666 253 12083 5445 14408 7202 8819 5832
19956 3358 19873 8692 16490 1833 15583 18559 16633 9082 14329 8078 6390 3280 10564 9738 2248 8542 12234 14839 8398 10479 1163 10317 19880 16285
67 18249 18907 14002 2406 14801 10127 6733 4983 7786 5725 1098 10211 4363 2205 15957 12026 2185 1793 18272 11824 13741 10360 8904 7029 7178
15160 11131 7730 9435 8813 17546 17651 3639 7995 5607 8932 13847 18604 12843 2104 8998 13279 12986 12828 4813 3450 606 10320 9011 4563 6755
19738 4447 7184 9373 1568 14845 4223 8182 2233 2322 885 8996 8135 2338 17752 6621 4256 7564 7288 6980 2987 8411 19254 9100 1125 3013
18368 1747 16770 5547 1323 5565 5087 4638 9514 16741 18960 6179 8847 12221 12497 3060 16218 16302 18647 18070 19509 19810 9603 13745 14556 13947
14983 13189 14423 19083 10851 6008 19551 9703 3106 4561 7051 16135 9232 14651 16573 12284 11436 14507 15762 4897 10523 15321 9256 7789 11544 5305
11237 9620 19993 4970 4465 7511 15534 7572 8926 3326 12055 11460 4376 11642 17920 7255 15857 16804 16005 19296 13074 933 11592 11855 2877 5819
8063 2812 19217 10951 14278 8506 6333 2509 1197 14973 10681 17230 19752 13863 11263 419 5801 6667 1137 9927 9623 3400 10081 2023 10752 15951
11282 16601 17166 11207 18291 3154 19742 18322 2680 3893 11720 1380 19653 19470 5790 5200 10147 3043 2270 19384 15895 12879 17397 10161 12200 2688
10517 17670 351 6427 258 1943 16089 5618 17713 17922 3494 7313 364 4064 3112 6061 772 19198 10019 16591 6409 14516 14073 7110 10557 16952
19158 6502 13719 9365 13958 17113 18270 1635 12586 9874 8449 18385 15442 10193 18771 15457 9749 17395 8451 12247 4991 10719 10572 1947 15732 3793
7692 11866 3811 11429 9765 11564 1978 17875 13427 1276 8969 5712 14646 14369 10258 631 4017 16539 18164 9239 2556 2560 6692 2465 11719 10556
2025 8500 3378 10798 1162 19253 19239 13883 11968 15484 8342 17047 8124 18335 8491 4487 12860 8585 2383 16782 7789 9622 36 13383 16742 13164
15622 16207 6737 19025 884 4586 10491 10438 9148 7763 7934 1019 14834 3339 3312 7056 10667 7570 19981 15355 16383 1267 16660 7530 5437 19583
2741 6626 18758 1488 8271 16526 9498 19056 9216 10958 4993 17839 8715 2185 8458 16744 133 4850 5698 8514 17630 7423 13825 4127 3000 10523
15180 16999 17225 14194 9926 11657 11171 18450 19848 1785 3558 10548 15905 12704 19784 8088 4313 3840 19214 14047 263 7666 5761 14080 14769 5979
17920 8092 2382 1292 4376 17464 12380 16145 3367 1199 7683 14136 8384 19816 18477 15698 5521 5550 2731 6134 9717 18913 18331 2509 7455 12088
9244 18556 15441 2247 14886 18270 9233 5924 19946 9916 6437 2506 18859 16279 1871 5793 15529 9848 19576 1857 11094 12252 18632 19518 10080 5668
14052 16300 17130 8524 7753 10749 19116 11064 8882 18889 4215 13166 3929 6160 13962 10502 6192 9716 10045 13792 1799 6370 1566 7715 19735 1852
9309 17892 13788 12871 9538 14096 16896 19731 15678 4624 7514 31 2766 11334 12892 15555 442 379 12260 13968 12722 548 6875 513 14064 12228
19515 11599 15549 18190 5348 3795 12526 5726 6615 13880 7127 1721 7793 8207 2802 10743 6115 11917 19694 14604 7403 12326 18735 9973 2637 17862
17585 14743 15656 14655 14661 18796 19819 17097 7749 3450 13671 928 1757 6886 19481 12348 11795 16956 18166 7874 18144 14402 3199 7088 4779 10129
19786 13140 5940 8622 16848 5968 3195 265 14910 18818 10593 3776 19535 14331 2224 1033 768 14527 6858 19960 9354 14814 4268 3123 16761 2581
16541 13122 4385 14556 1498 5763 6916 6138 6861 17312 7123 18919 1893 11805 13501 11537 18006 2589 467 9701 17222 13765 6661 15458 5649 17830
14059 8813 14964 2301 11206 13903 3472 5398 12206 10241 16381 19902 11408 4174 4915 18608 12037 13024 16873 15615 6887 7100 7186 13462 19919 15015
919 10779 13840 4978 8474 13122 19665 9369 17079 11472 477 1858 14213 11957 6966 5327 758 12454 13066 19324 12926 16048 15423 14588 14635 7337
4294 11479 3879 2506 4110 10934 1579 7485 12479 10714 13403 14525 16095 1466 8998 973 19418 5730 3044 13513 15775 14987 10790 1168 14389 2792
12394 19604 409 1333 3564 9551 12508 18946 18630 14762 16853 17553 543 475 19387 11014 18779 275 7016 12647 18615 2991 16850 8494 631 12191
8321 14485 7749 4937 8175 1839 14154 3251 3236 1907 16931 7607 8306 13511 17427 5206 19451 18152 3052 3055 14333 14582 11968 10119 3421 1825
9300 15204 5132 995 2979 240 159 15673 13452 10363 13461 5376 6472 19475 19717 18172 3472 9787 8290 3538 9121 18259 8352 3262 15714 9904
1747 7071 10374 8323 16588 5627 19406 13021 1380 8073 3095 2398 8790 1526 18326 15329 14056 5798 1256 6332 15550 10306 10722 4403 10320 16950
13176 17003 497 3702 5822 5654 6757 8041 3858 1088 4200 6796 2094 13007 5047 7180 19249 17266 12931 10192 3913 3056 19758 9106 17073 5421
12132 170 10410 4499 13666 16629 12732 5619 13381 6546 8330 18787 2451 16558 15914 14135 9355 1584 12012 16370 9516 3002 3646 5471 19836 8484
6162 17031 12819 16776 16612 19953 19854 17338 3535 13290 18602 5828 699 13938 2130 5780 4389 3118 18118 4008 361 5414 16834 9948 11763 7392
4055 6545 12356 13340 3977 11029 299 19810 15629 8602 10472 8666 3545 19314 3960 18301 2904 11297 3286 19872 7241 2032 10797 2800 7550 8424
6729 3445 7625 4108 16969 13696 7558 17921 9112 12416 8061 11745 8410 3403 15594 1800 7930 3727 10342 17536 635 3589 11014 4935 5234 19546
4365 18772 8575 4772 11875 2156 11000 3366 14887 7426 3091 611 10035 5518 15623 18763 8628 14365 13304 19392 6751 19949 6396 15554 5756 13023
9614 6484 5324 14350 8916 12440 11869 13450 17007 7677 6543 2632 9899 5092 10572 11303 18726 3797 9434 18577 18699 15130 17978 13311 19940 382
16148 9356 13046 17726 10006 19389 2327 11588 19810 1023 5230 19759 7496 2780 1483 7473 18472 18879 17006 7972 14803 6428 8953 18332 12622 9961
11111 12482 6295 3240 14803 8898 18631 7266 13972 18930 6657 13026 5646 1157 1647 14975 3540 11859 18677 6765 19436 8518 11098 15683 2542 3437
10388 8385 3097 9577 5828 3628 529 3205 547 18763 16148 19413 10658 12056 15257 11671 13837 5734 6278 3312 4177 3542 12832 15857 15970 14416
9655 6083 15111 5588 15855 4642 9593 9340 10732 8650 13925 605 12231 9378 10287 2544 433 14512 50 15713 17549 6886 17915 5075 9354 10869
17403 15758 12267 19328 11464 11931 7213 16234 866 2559 382 5919 6630 218 15996 8491 137 3626 4832 13493 5182 13604 8438 7630 878 17139
9746 17940 4468 17736 18199 3640 18839 19866 19571 9494 3521 16082 11490 9659 13416 17567 14079 4097 17820 12059 1009 6256 8846 3762 12509 16736
11500 19647 17504 9473 11395 3426 15873 12046 13352 6450 17671 1353 17175 9229 17670 16440 15375 9378 4790 1096 11812 8453 13061 16653 3058 7451
18644 4077 10050 11514 7166 11208 19056 15789 7753 11321 16992 3430 7035 16562 15094 19950 16151 13133 4015 8760 19796 18025 6846 2859 15403 270
9234 17297 7095 14349 15527 9323 14525 3127 57 17384 16013 19803 13883 11030 14088 18537 7210 13020 11831 16866 1472 13747 17758 11478 19430 16409
10360 12920 18759 6314 2562 18295 4378 7976 3671 2557 10850 19088 7585 2601 7119 8575 14935 7188 5183 991 7924 6000 12358 11507 11724 17451
12854 15695 14538 10216 2992 13534 16914 15820 14951 3796 12736 10805 11364 10834 9245 5570 13191 17554 15569 18546 16840 11270 11452 12900 13695 6148
10345 19504 12805 8449 5756 8081 13266 10985 13237 15464 652 17026 10139 8072 18231 13240 15557 14989 17838 1650 11579 3777 12592 15423 164 14255
10193 3311 19121 9174 14994 9222 10894 14591 6668 8590 11068 405 3002 17391 12413 15415 14460 7688 6630 10854 19191 17545 18393 8765 19218 14526
2361 1579 640 5881 10124 2344 3967 7526 14822 7700 19441 18716 18044 12978 13920 15123 8220 7360 15614 14618 17787 3767 7707 2984 5495 3495
11254 3647 4089 1218 17092 17226 10211 15158 5226 14299 18758 1331 18356 19384 17536 2344 13235 1736 13629 10830 5393 8690 12706 11848 5751 14103
9805 5237 6983 12922 9292 15495 4298 662 8129 10286 10546 8883 8167 15401 15717 15026 525 3693 7596 10386 18382 2267 15485 859 233 5889
17831 7922 18075 13815 14659 3490 8992 4530 8641 17400 14208 9550 18414 14758 11844 2001 19976 1938 4809 9311 577 19518 3373 14573 5111 13700
11098 15810 12812 9323 2760 16259 3559 1126 10813 17549 6572 8871 19280 3917 190 19415 8505 14367 5937 12359 9708 14729 16733 9558 4431 2024
15408 3161 18562 7207 18761 181 15580 12546 19680 19943 17658 6299 615 5923 2831 5821 11963 12365 10539 19716 17452 2519 3135 3893 19458 3030
19470 6946 14200 13504 19515 5633 5433 3822 2095 14232 6176 18451 9402 4574 19414 11330 13898 2011 15583 3942 4816 4204 3014 16960 13420 9248
9030 14774 10062 9193 6198 5289 15478 7256 10248 5257 8997 3322 178 8718 944 11562 2882 7010 18573 1533 3230 4973 14305 10813 19673 14348
16195 3348 11449 9756 7729 6380 382 2800 12604 11661 6573 3007 16072 62 16025 1404 8490 10039 18961 7211 8322 3489 4187 4932 9534 12913
15062 10774 15158 9512 11196 7972 9876 9395 12642 18631 7783 16802 3051 16399 17877 17299 8030 13345 11972 5840 15110 5197 6601 8209 14218 9954
14545 17865 5156 18460 7731 19230 13309 7613 1875 18617 19557 12925 376 17639 11175 7686 16063 19973 16660 19373 9438 7596 270 13067 5899 5298
4596 11284 715 16707 6410 9397 12561 14120 12520 10389 17429 19645 15120 19949 3433 8216 16543 3433 3425 9109 18120 8006 16011 14616 4493 1946
10778 9286 18340 10090 13052 8126 11048 3738 4889 4397 13355 11819 13389 10700 9991 16151 10607 1400 4766 2777 13255 10154 11316 13363 5568 5828
7842 8873 894 5261 4450 2350 12758 4338 17116 17503 14611 17086 15305 4986 14200 11298 17189 12685 299 17127 4623 13581 4990 19229 17456 4091
17910 19103 6055 12655 12185 1635 15331 15587 994 14140 5468 5739 5294 15958 15302 10038 491 18883 1993 8028 17039 16487 8116 8523 19485 19436
17081 11070 6050 2481 15021 1717 17530 8487 19646 19883 15236 10148 15267 5533 8103 6922 9847 7109 12716 6962 11539 524 12022 11755 14449 4079
7284 13936 9947 16934 13995 15393 7125 12497 16564 9930 4183 136 3753 10913 19565 1934 5884 1720 16681 252 10290 8163 14428 6601 13219 14443
12733 364 13991 10000 9820 12041 15649 9632 17858 18641 2256 5018 18366 8993 10407 4503 12310 1031 4091 7031 5001 19081 4159 3417 4070 4645
19901 10491 18238 19287 9744 17394 3723 10567 4009 16166 18597 4649 403 16790 8509 383 8995 19445 6363 16133 3640 3605 3318 1373 13468 8526
17448 133 4475 13602 16025 880 3006 12122 10017 15644 10511 18077 295 6905 19223 10213 13922 13887 13398 464 17272 16802 11368 3644 7664 16577
18554 611 9728 10187 10506 3676 8064 17204 12437 8905 645 12467 7680 10091 17997 4396 18676 4616 2771 16984 11718 16209 7520 3494 2417 14146
13483 10043 13241 17170 1446 4103 4693 15921 8242 5388 8136 7247 7205 1009 13305 7710 6031 4787 17180 2443 9626 803 1522 12748 1871 12926
3519 14069 3999 17855 5838 9699 19697 14939 9993 11023 8100 4573 1823 16387 1750 5056 9883 615 6649 19522 1395 18812 16655 5449 2958 15740
4328 1440 13796 12781 2643 11557 11839 6612 18210 19323 10029 11382 17395 1202 16629 11804 12674 3906 6044 16936 6307 2209 19491 7460 11168 6709
10052 14517 16921 8358 13209 8774 6567 12498 1059 9831 13387 18639 16125 18474 1794 8359 13364 7304 5043 15027 4023 13265 826 3190 8709 8182
14503 7579 19710 4068 17739 2255 122 1814 2710 10205 10889 14915 2726 19844 3196 9588 9789 6450 9349 17290 1449 18196 19185 7316 17463 9382
4613 8525 9911 15530 11106 11982 13658 7241 5022 5093 10689 6174 12103 6965 15377 3187 12304 2748 9512 908 4467 6363 11517 4883 19709 13125
5686 15086 4152 19622 7857 2836 13778 15598 11939 2971 10666 9276 16380 14934 11540 7883 8309 15451 17919 10125 18676 9349 14492 15647 81 18776
9368 17645 17703 17944 19064 19784 15425 11515 17073 4486 1421 3676 10239 8704 7935 18532 10139 607 4175 15334 12379 10690 12205 16642 10040 17890
13792 11698 1297 1296 1663 4297 7762 13469 13886 6121 16406 15896 12349 14548 2264 18100 4351 2372 10049 18761 1159 17225 3069 13891 13315 17899
9660 17974 15837 10413 11476 11580 6706 18162 15492 17252 2964 12205 1813 3187 13522 3920 18620 2915 3094 8803 5535 2041 18880 19823 2995 3194
3976 12447 3293 18131 5074 12566 564 14759 19549 7348 14870 1423 12309 15429 18302 15211 12974 6781 17999 17467 5367 8273 11639 10829 13830 11696
7902 1127 6248 9749 16506 13403 1091 10468 3005 8175 13846 4025 10758 7188 3944 8584 8565 9052 3170 926 19744 8283 15115 5334 19130 19386
16093 1825 6889 19186 7072 8230 13797 12509 19148 2854 12715 14014 8269 15510 2847 4995 11569 708 3744 2710 548 3515 6888 18289 3154 15673
9474 6304 10627 1346 7875 6627 14630 17445 14065 7913 6052 13458 15156 16367 2207 6330 12222 10297 11013 13816 13097 1833 1066 10367 4495 17334
7551 15166 18304 8536 919 14190 2402 15668 1181 4929 19239 12811 16569 11811 16219 10792 4561 13391 19709 10344 6539 11420 19077 6795 14867 17771
7556 5026 5156 17799 3866 15903 5102 11261 5091 12076 8920 11168 15230 9544 14950 13902 4590 13329 18590 5364 1798 8226 4492 10686 12816 15280
12094 15771 15755 202 13717 17077 19110 14806 661 1716 4992 381 19700 18042 6282 16143 1011 19730 16669 16694 17505 9849 2649 7633 14436 1178
7799 4765 9500 12691 16559 14388 1578 17392 13940 12004 5567 792 2100 11383 9524 248 1640 13189 13591 13557 11236 1904 16193 17637 15219 13575
239 17903 10829 6947 5582 19249 2617 2649 867 16075 16988 11214 5504 10539 1390 3745 1906 11535 16423 2787 13518 15398 2592 17913 9295 17750
8940 11885 13760 8042 9749 9961 19143 19628 12979 10820 19965 7949 848 3673 12394 15073 9553 6543 8239 15265 7954 1383 2537 4943 16394 2681
4435 4978 13781 10261 18544 9753 18646 7906 3904 14561 3799 9199 2969 10648 18060 14845 19452 12521 9519 1065 15454 6909 9401 11886 8927 14804
17802 17913 9956 3684 9594 11416 122 19061 10176 12568 12527 18488 696 795 15295 7436 19998 903 7244 2359 4671 14498 16212 9898 1401 4773
951 18649 5225 16399 19610 10335 1098 12296 4934 2784 19838 19413 3085 8447 17804 19419 2457 9173 18109 15704 15002 17502 17723 11084 643 17592
18602 18305 8739 6259 12059 5767 5998 15188 13330 9707 14592 14921 10003 3927 2391 7293 9771 3365 3417 11476 2306 13758 11667 18264 61 636
16097 11077 7322 1356 16210 415 6300 8036 8524 16891 2213 17821 2650 9049 8749 14667 6517 10482 9595 19940 1418 7167 3251 17069 14009 16833
9383 12738 17579 8296 12921 11093 17770 18264 7789 9518 5571 15195 2478 2377 1999 5325 5148 8513 9622 14423 3212 3755 11091 6940 16339 15570
19063 11851 1795 7247 12601 18364 18860 13124 1458 2146 17917 13552 12155 3156 1294 18420 9012 16006 4362 18016 8722 13534 18062 833 11263 15238
10917 14108 2764 4053 7413 3958 19784 18992 4818 10896 10603 13062 1468 728 13105 14926 16588 17218 11211 2674 1604 10997 1469 18151 18869 17414
9441 8630 8468 10564 9745 3563 17299 2161 11662 2906 1897 10745 3798 14826 9494 15444 13506 10577 1258 9561 19019 17047 10199 8552 13136 2558
10852 12521 3262 5028 8605 11598 6982 6024 4707 2302 14622 6346 11691 3482 13256 19232 8090 16746 6876 18927 834 16821 5540 1263 6382 10055
4840 2163 3114 12709 3000 12790 4860 19398 3650 16211 3293 11320 3262 4421 918 5923 18000 14434 9150 9763 3462 11558 17264 17755 5067 17739
2997 15397 4462 7995 14920 6680 19948 6162 12317 2047 16219 2869 3675 1186 12966 7480 11326 12703 10916 4030 3191 10656 14465 11509 13004 11259
13071 7260 1460 2994 17069 17232 4948 19912 13769 12439 1613 7444 413 14335 5683 6690 11631 15728 3333 4049 5894 7041 8342 13905 12466 16347
11287 5347 1102 14624 6609 5508 7761 18543 15863 10955 5062 13241 3856 11626 4647 9276 17984 7345 17232 15962 8568 6354 1085 12715 13867 17424
17397 16101 8499 8460 4811 9839 9631 17039 19235 6423 6791 1031 8607 7443 17872 5404 2754 15333 7570 41 11147 7251 683 10883 12311 12663
18965 4184 11781 877 19867 13458 1001 2983 10083 7694 639 12047 13222 2490 12541 18385 4179 18533 17796 10730 13020 18764 9535 6094 436 7888
14594 15004 4026 2844 9768 11049 6487 14878 1836 5250 5875 6086 9880 8518 4922 17934 15008 2893 10921 4104 14479 11365 8178 2007 663 5209
6047 388 16420 14476 4033 12720 5812 297 2709 15750 18269 16322 17007 2729 6321 8263 9791 14849 1511 13760 17476 12754 15585 1739 19449 2515
1560 19814 16439 14785 158 7868 3322 2756 9358 18732 4983 3094 17586 9338 7997 877 8560 16951 7081 19232 13696 14379 14719 7287 3715 6635
15899 19769 9933 18432 436 14737 2298 1080 9884 2079 10408 4733 18100 8684 1739 16219 11677 14077 8051 11136 14254 8457 18459 14559 4141 1763
9899 7830 1987 5886 16082 18414 18553 17842 18703 8528 13702 7091 15764 8026 8465 5753 10682 14763 4882 17371 11183 4367 14659 3296 8844 2640
6683 3670 9961 503 3955 35 10516 3317 9018 6395 14503 13867 10092 19541 3177 10195 3607 8021 5399 8023 13365 14589 1549 3356 3257 4719
16985 3954 8680 18815 211 2139 6947 17260 17861 12943 10732 11084 17268 17681 5657 11279 19973 11738 17107 9076 526 16441 11975 10225 414 3118
9439 7621 10281 14736 11608 5015 11838 9739 10863 3996 13227 14140 6603 19600 16103 13273 12553 2100 14239 18496 19117 1684 5707 6326 4398 17545
851 15818 8746 13817 19347 14771 6865 4723 19256 7653 12100 19286 17263 264 19865 11665 15654 2664 4277 10198 1969 12743 2960 18091 3375 763
6393 18926 15491 482 1138 13802 7231 11038 2260 1903 13460 7872 2633 8302 7630 11272 12237 3673 1581 1527 4720 10171 9673 5968 19084 10372
6909 14003 19244 14802 14673 2132 17287 1822 2303 16869 13455 7272 18123 16178 9526 2508 19014 2110 19825 15491 16996 8705 13397 14259 11587 15017
2855 19917 4857 18713 19387 7006 18923 2115 19947 19071 18835 11267 9024 3120 14486 1365 10446 603 6080 17514 13157 5554 19896 7779 10877 10909
15599 1579 8906 11398 13982 3873 2894 6918 467 11266 11230 13571 3281 2018 15348 7266 16434 3138 2531 11862 9172 3768 10265 6105 9594 9074
4284 5077 12609 19123 10548 14762 13278 19794 18520 1530 254 8053 461 2282 17046 17644 2074 7046 12038 17172 8684 3843 19455 10068 6593 13029
7440 1054 6872 13935 1047 13967 12965 8505 16727 16930 13506 2270 16633 17903 10874 7716 18609 6217 13474 14475 8630 13898 16848 7220 3870 1573
10302 19854 1003 4952 13573 4866 13456 18029 14522 7462 18110 19285 5210 1224 6808 12356 8751 14663 14424 4286 13186 9850 5841 1856 7099 6181
4477 2375 19978 4349 1488 12950 7298 844 11356 806 2168 12425 14427 632 7050 13813 5604 13046 2437 4885 7690 7408 11069 11192 11694 9473
2396 13405 9234 13622 15825 18113 16999 13402 8319 9733 13177 4060 1800 19536 15110 7644 12446 7416 8273 3892 2599 19941 12171 3594 5638 14735
19890 18297 8172 8699 19302 5869 10259 10025 12678 322 5699 508 2244 5687 19244 19843 3584 6994 12117 15407 18184 12107 17300 8818 8473 19080
2837 5778 3408 6437 4591 16310 427 300 2698 1450 11099 9442 15760 14080 12728 11932 15967 2286 9175 18375 12315 9732 9325 13498 8781 3671
19403 3310 15373 18101 7374 18644 18523 11564 19614 18242 10032 10542 3737 9532 8281 19522 18955 16673 4180 8943 12780 19748 12227 6692 5074 18772
16920 2447 12571 18924 4974 16125 8168 34 17968 12187 7399 11980 1314 501 15994 9893 9785 8017 7720 8603 9813 19085 7762 19118 16060 15956
10198 3705 13060 9966 16611 12808 16221 8969 19328 816 17455 16429 17621 6803 19627 6680 6094 11611 13937 2235 19629 4864 2023 2420 2207 16942
12405 10594 12057 8351 11738 7538 10961 4183 15976 6857 16695 16374 13587 7161 2031 5382 17377 3447 12492 7202 12534 17115 15121 16569 7550 15203
1613 9951 15417 12163 1225 11678 10410 708 19979 1286 9579 19513 18644 14327 11647 4508 13261 5814 5597 1992 15007 5374 14951 12119 16173 16367
5605 17316 16166 12345 16103 17710 2400 13724 9376 16025 7830 15186 164 11694 15277 5772 7041 3160 12441 4355 17799 8643 6750 2222 6528 2333
2002 5101 16820 1289 6714 17924 14226 16513 12078 8179 11344 434 2652 18331 14366 10792 18090 12874 2250 5995 14152 8533 13876 5528 10538 17726
5492 5676 7348 4759 13123 19288 7152 12429 3330 2672 14912 4647 10671 16343 10101 17052 251 8525 7133 7509 5610 1509 15453 6311 17913 19979
14988 13961 15377 3022 4312 15572 5085 3094 18489 4057 17843 14873 10536 10642 16984 12633 3406 13006 13131 11147 2500 18876 17191 11941 18013 18106
17654 18876 19150 3200 5250 16927 5954 13868 2558 12137 1392 12708 16156 1289 16444 4775 5804 15964 2576 12665 2358 19890 4023 7746 3341 17858
15338 14783 5359 554 18502 5144 18318 15581 752 19420 18383 18331 4053 2413 15067 7263 3481 17229 15959 11198 15308 16513 146 17422 19460 11770
15142 320 3659 14106 8117 7673 3179 5184 12177 11599 8160 2948 6719 9317 19550 3877 2732 5211 4165 18470 10264 4448 4878 7810 1375 15798
2115 7829 4880 13238 14713 8272 19325 10093 12547 4910 3142 16398 12580 11853 7334 14428 6161 5629 1627 2321 14320 10142 15708 4768 3803 67
7000 10762 15952 5540 2420 4518 13785 11374 5805 18715 14542 4224 19987 13326 2340 10183 19855 6988 15038 16167 16715 3138 9963 1603 18821 15877
13629 13302 6636 9236 3230 4239 13620 9136 293 7849 14930 14916 9051 11099 537 15814 11297 16490 18519 18779 8664 12051 11801 4799 11861 5326
2059 6419 10577 4718 8613 13414 5473 19890 14080 17399 4162 14347 630 13874 5753 10623 782 14232 8786 13534 4933 10637 7414 7560 7656 3058
15782 17351 2732 5336 19569 14453 11860 19377 10517 8400 9972 5605 18815 6411 2295 2829 19604 16867 2473 16040 11082 1928 228 2934 7402 2731
11393 8122 18322 6818 19679 19600 3349 1991 1447 5463 6492 4447 18688 7982 9107 2172 5296 4768 1180 14510 11875 8630 53 4597 19102 10049
11759 13871 15468 16206 9151 12039 1308 16538 18586 16673 4222 14187 18570 4486 10838 414 9556 13282 4732 3895 10247 2005 9215 155 3380 15006
3073 11301 5273 19854 516 5502 9923 10057 410 2402 853 4443 12985 13723 10896 3674 2682 6151 7746 4391 18731 2821 15010 9844 12141 16239
7281 7584 15353 11084 12592 19260 16163 4983 747 7354 3332 15689 14205 10071 10675 9527 9908 18864 18437 8917 18666 6052 15021 11015 38 14933
1378 8261 9839 16819 5555 14142 19736 12142 7870 15265 4096 10360 918 18522 9287 11083 15634 2278 11352 18001 9642 7195 9682 14081 12806 13090
16553 10134 4636 591 7360 19157 13584 16959 12543 3254 5936 8082 7184 5385 16230 16505 5151 7847 17115 6161 14944 19622 327 14041 14316 6118
13419 10926 7500 16000 7460 12778 11926 7139 2816 11618 16920 3327 16223 6718 15572 5857 428 19967 19027 10876 10566 16961 14355 4899 19421 19073
17392 6041 3263 9876 13336 8611 1235 17966 1891 1367 6257 14935 19039 18976 15104 1191 11977 1920 1138 19384 8929 16340 19767 2297 6470 16918
