365
66 54 34 100 94 84 56 82 58 2 45 30 74 43 28 43 84 67 85 92 13 71 87 83 26 45
688 13570 904 12157 4790 903 16361 13900 11153 16010 12298 12893 2646 1508 17941 17959 17173 17624 4373 16682 4245 9743 3794 5075 4919 2828
14405 13191 3390 9230 14315 13484 2612 11973 17136 6035 5064 11100 3997 8402 14233 18404 13205 6088 14324 8806 13969 7409 7113 4697 4540 16469
11215 17899 14728 7524 17165 4719 19183 9890 1304 11610 16441 1310 1733 13796 10530 15650 15202 18362 2954 19098 4054 8871 1671 11836 14887 9129
5482 11899 15466 5874 18810 7177 13021 4433 5889 11639 5241 11912 2296 18877 12821 5574 5615 9515 8979 9782 6997 17507 2227 6005 6815 13724
9272 14214 3734 15005 10464 8524 5991 1420 6516 99 872 2341 14635 9918 14433 12751 19085 6688 12512 9000 6914 6958 3852 6542 14558 12205
19678 19249 6813 17851 1831 1413 7628 15670 7552 8920 9215 8548 4285 19808 14644 9656 11694 12379 15303 15468 4646 10292 10944 630 355 6040
11418 15827 12097 13517 468 3126 11623 1835 4436 5480 2340 18215 17095 2902 6399 6384 2410 9536 16425 6165 13671 260 8767 758 9965 1723
15719 18175 14960 9938 18948 18007 16117 18226 17706 12427 16409 12711 10743 1450 7574 11250 11017 5140 15174 2664 17548 4860 11580 16535 6173 10242
6379 9627 3863 16070 6823 1448 17481 12577 16176 4135 9335 5811 11166 18277 3718 15535 18245 6564 8867 16208 16135 3733 14378 819 1701 15542
14147 11611 11897 15523 16558 1957 11771 19497 7453 12850 280 17930 5577 11778 4192 14662 11524 3591 18952 8127 2234 18703 6897 7785 7956 15685
6414 5064 19758 12330 1387 8577 16295 4160 5802 6185 19456 12888 17807 17767 13328 16642 18067 8866 10425 10381 6133 12054 9944 9264 5911 6560
4567 14574 10877 847 12766 17635 7684 15110 7589 19917 19009 2496 4349 17932 1640 7718 2660 4538 17060 19393 13608 12342 19132 16442 9447 396
3672 11456 14607 5541 19025 18405 5641 14461 8608 14095 15746 7511 182 6354 2542 8027 18833 14990 12287 18272 10386 3685 8197 9752 9479 3972
11281 6901 14081 15563 8328 13009 16275 18275 3168 17829 5250 16689 19869 17741 12217 6653 14065 6345 19672 10934 3165 6076 18596 4163 2401 13288
3517 11388 10588 1034 4173 12709 10240 3032 11544 16351 15336 2918 12731 17813 1028 2239 13798 7698 13381 3468 5273 6780 10942 12213 7350 6039
9054 7653 17062 3425 11854 1855 5870 578 6742 11490 18322 3890 16108 9692 7780 5610 9341 7123 853 455 6446 4510 3866 1314 8190 13034
6155 18489 5941 11451 19971 15551 12000 1087 18634 14001 3328 18735 8195 1703 6246 2328 17745 4696 16515 3371 12554 6348 4297 784 4149 16304
4816 10518 16055 227 13907 13688 15664 14842 15597 4154 15541 1558 8782 15053 8615 12310 17371 211 6821 7334 9679 5157 1745 12192 6032 8467
3592 12197 7088 2378 17456 11172 10389 8207 17823 9280 9233 3184 12709 16126 9197 1786 766 7215 15308 1931 5169 8936 4553 10161 18419 17658
1007 16149 10479 2332 15375 13606 4966 10757 14134 707 8252 10215 8486 19605 4617 8695 12281 13965 10019 1953 2613 19518 17615 10278 6096 15403
15624 9561 15811 7795 1338 16723 11331 19691 5743 1885 1518 12794 17023 13756 10943 15374 2145 9510 6094 812 10783 3531 5386 3104 1669 3407
12701 1876 905 17533 8863 4753 216 8812 483 18116 14609 15458 2039 18280 14444 8139 18552 16907 13711 9735 14865 1699 17734 5587 9510 8331
10993 17471 13514 4668 19135 11201 6748 14533 10791 19721 1662 15356 279 5014 18402 5742 12297 1848 7872 4344 9415 1869 18221 18628 14905 301
383 19984 6033 18898 4983 17955 7132 11595 5100 7693 14578 14406 17656 14493 17785 7212 15616 13588 1839 13076 8295 6514 12122 14614 1130 14755
1115 7460 11493 17706 2603 8343 12879 11395 15439 14871 12915 6044 14261 2688 3358 844 5899 8139 4893 4943 16218 14468 770 10678 17107 3361
15516 3508 11249 16409 17927 3248 19801 19869 12445 1203 3417 17541 2030 14629 4488 1792 5440 11510 1689 14613 10716 17024 11093 17359 6223 14268
957 5769 2516 328 18598 6802 14205 2417 10470 17294 4636 4847 9878 13617 12598 7469 13031 3490 8521 19219 6403 9521 4352 16067 14898 19711
3945 18862 17801 19817 1050 11339 14467 4887 9491 16729 18657 6302 6678 18182 5983 220 17298 18111 6308 8386 18117 5282 9086 18031 466 10269
16638 19192 6927 3802 12664 13761 2864 12976 6981 10362 9035 10140 2961 18224 14952 7315 8760 9690 3157 2795 7406 6842 17769 2367 18187 2513
3592 1831 17124 15120 3174 13534 10579 15907 3091 7082 1437 675 16880 10730 14984 208 12099 13725 19542 13577 15807 7700 17180 8002 13248 4494
5737 8518 11231 16389 4855 16449 16121 4968 19231 11648 2337 3702 377 17212 19444 2196 15489 18509 3784 648 13897 19425 10785 15307 11561 16528
8748 9638 14292 19533 8064 9870 5961 5359 4032 18087 15222 11707 17007 1961 10970 13193 5075 1287 8544 17697 14431 8158 15465 5332 5540 3610
10839 17897 19587 6915 388 10620 18067 15928 438 9303 2180 9397 18198 15449 4647 15195 1789 5335 6302 9979 19396 5244 278 878 12955 197
10630 12346 15049 13228 16152 10326 5096 15998 10993 4417 8945 5641 19968 14866 10204 9737 15116 9868 1797 18344 15200 10551 17672 1605 15077 16105
18132 1001 11146 6028 3104 16457 1912 19718 13127 1040 5506 11358 15677 7767 7660 11109 3112 18136 14059 4977 5990 1631 11265 12964 1813 13520
14389 19662 2439 1270 10121 9605 929 18791 3150 4977 10629 3758 8922 6933 11993 8832 5059 2074 15917 9150 14725 9723 17567 910 10111 7936
1275 3823 12178 9672 15011 7800 15623 16739 6446 12447 934 8031 16585 10066 16711 17592 17205 11999 16514 4022 9719 16541 19459 14599 531 16871
18217 15932 4604 10739 16729 3358 5054 18035 2813 13859 11759 204 11409 10972 19202 2051 10661 15641 3047 16894 9449 16639 358 18443 293 3063
17135 4293 14477 12968 10933 5077 773 7159 1679 11500 15885 15098 14335 19961 16239 6709 7604 7718 2715 10518 19922 7123 16686 11087 4269 5253
2237 18944 4994 11391 4378 298 19298 2340 5831 2933 3106 15420 4163 14108 7598 10093 131 588 7861 18238 13301 14460 13289 5370 3874 17355
7638 8448 2372 10769 15109 12002 12222 1227 4963 15840 18916 16768 8335 15851 3034 1073 7440 14548 9573 3324 1316 5982 690 10384 1383 2673
3504 12463 13627 18885 1983 1248 4325 15608 7032 13739 14714 14049 7947 17815 16937 13725 11230 11821 11234 13362 16241 3262 9040 16851 10646 18119
9841 18097 12404 8177 13701 16473 2636 739 6330 9642 15458 1842 19080 16522 12236 4606 9339 9908 14658 4776 17554 2890 14573 19297 874 14418
18406 17764 4758 13279 11170 18049 6088 18930 5863 12025 1203 11546 19715 12791 3987 15781 15578 5133 2425 14999 13716 18883 11980 10835 10318 1275
14604 769 6675 2597 17102 13901 1082 7017 5276 1535 11565 2238 17 4033 2158 15309 8778 1350 3203 3339 13309 146 10771 421 2370 14219
9568 16922 15604 10908 9204 16393 5037 7873 14789 14914 5715 2699 12658 865 13788 5001 17613 1701 13032 12934 5313 12344 16905 5419 271 5192
2741 17937 7461 1038 14729 12702 16083 14141 10187 7509 16192 151 17142 2286 14738 12786 14899 4177 7196 1063 4701 13144 17016 9012 16372 1012
15142 19669 5012 5445 15618 6845 1381 8316 16690 18049 3017 12614 9397 17921 13629 17078 8672 13775 7165 16205 15912 155 17155 15636 3167 14968
7201 144 13875 1692 19148 5534 1794 14860 16273 11275 19663 5521 6090 19699 2946 13472 10808 3578 297 8042 17639 13267 9527 4851 14318 14910
969 5723 3976 17869 532 17271 4957 5190 6095 11261 5863 559 19973 13563 16126 12818 9523 9145 13372 1219 17312 2679 11420 15146 3475 737
18709 512 15426 18479 19748 11832 9509 2116 4476 17486 15358 10947 5983 5247 17910 19179 12827 10342 15546 18127 19387 7759 3848 6400 7935 8495
10266 18683 76 4986 5787 19693 961 15894 16289 705 16373 1731 17004 13347 18343 14983 14160 2279 17558 14755 2185 17386 17034 9632 17510 13464
3000 5291 14320 19648 17095 4304 17135 18546 19320 1416 17935 8030 5801 13542 5774 7280 12454 8504 11220 12507 7710 11003 8777 9379 19063 8375
758 19434 17139 4081 3279 11915 10358 16009 8125 4164 2431 120 7629 12175 9654 16190 16288 10801 18945 6896 13237 15989 5791 5903 1026 14420
8647 11742 9714 935 14268 11519 1267 9488 8741 4649 11810 9195 6287 10076 2879 17634 462 7634 9528 4450 3898 8328 16505 13800 9357 19400
18228 1811 14349 13094 6963 10378 4352 5174 11174 5382 7696 18209 11995 13188 9091 14748 19904 7644 13559 16079 8730 6859 4065 799 11486 1684
19190 11006 5868 13815 6684 12369 4933 11006 5840 16111 5204 15699 19643 18771 14518 10516 12753 682 13375 17742 7654 442 1149 9347 6722 1816
18282 14329 3409 8944 6817 6287 4508 11591 14545 19662 12073 6414 242 689 8099 13204 133 3977 4009 11339 504 1059 15525 433 7453 15054
8803 77 9907 19945 7235 15864 12188 8059 4416 10398 16977 4766 1835 19163 19480 9850 964 3221 61 11471 8532 5556 14103 7025 5821 9753
2254 8491 3721 11665 16504 349 14437 4783 7053 13017 15631 12294 2269 2812 10071 18408 6185 11536 19732 3659 16099 11638 9563 7480 1765 19288
13939 3926 1196 7801 12880 6433 14102 15669 7136 12967 11971 5603 9855 7612 3205 9834 9819 11993 11052 3889 16901 15767 2531 3825 6721 14801
2754 4960 7330 10969 14121 8913 15117 17555 17286 3535 4028 38 19005 11737 5558 18759 6816 15122 18856 1449 5479 14316 10510 13956 18178 4624
7797 14285 8064 8746 7838 13107 19590 11614 5410 2749 12552 18340 10138 7849 12196 18446 3673 5179 3465 8199 14134 9870 4955 12641 14201 13629
11513 7040 3854 15337 12446 15562 16471 3851 2521 2296 16673 17815 111 4278 4020 13913 9209 7610 11585 15076 7936 2199 5030 16218 10251 6587
33 19492 17647 4929 9401 6576 7278 14744 12848 1682 19771 19188 17129 11668 1718 6169 7648 16528 2999 5522 11989 19011 11718 6092 16305 57
12097 12655 344 4271 17119 10795 12951 11137 8412 6926 7053 469 1130 9578 15850 14088 7234 18010 3877 7489 10000 7588 5082 19260 9877 5391
6913 4133 9239 17800 17668 7226 19399 19669 9166 15585 16413 7515 4252 12917 7718 3238 16126 3308 5758 5786 5953 2003 3769 7107 364 10181
2766 10195 18044 18039 7832 11787 10545 15980 7656 11247 6726 6424 19232 3252 19857 16132 17711 6987 6153 10582 7421 18178 792 17180 18655 7288
108 6670 12283 10854 9442 19697 6109 13763 8922 4537 15001 5158 1455 13715 1686 4706 1646 9625 8778 15847 12557 6510 14779 7068 6710 13816
433 16401 1931 11102 18772 3742 14456 14028 8481 15021 17809 1116 2703 1007 762 18495 16973 18730 11678 17210 9300 17330 5406 10201 10246 565
19509 3858 5765 18388 8536 18643 7249 14162 4221 15581 3095 16524 11214 6746 5240 16752 11299 16735 10323 16739 10663 14653 12436 15166 19256 15825
12755 1228 63 5790 7397 13337 14928 17292 17491 10246 12523 18435 228 15770 16249 17927 7162 14713 14742 4561 18008 5154 533 2455 7706 7891
10971 13637 16918 5312 1077 15603 15495 8292 16138 19084 18574 11130 9803 16540 12326 15678 3690 19191 10696 13438 18264 7498 6521 9234 12969 9866
1812 19694 11663 1285 18252 18860 13595 8944 5856 2788 10977 16520 15491 461 8564 968 6685 3031 12698 18035 13773 11326 5620 8768 12318 10746
6512 10548 4437 11384 14605 13801 19002 18034 17222 8882 2807 9777 6248 11007 8540 8683 1675 18517 19377 407 10317 13826 8897 5523 12668 1555
15300 5168 12765 4143 9513 268 7052 5430 1707 16345 2054 13421 7296 11993 19621 19291 13923 4301 11835 13657 10706 4066 13368 18739 19646 18515
18917 19905 2521 1850 2153 11228 15979 11120 13379 17871 4850 16982 19005 1212 12930 17158 16324 9938 4755 6608 15964 17176 9530 12549 7847 2718
9107 4935 3764 18308 19030 3739 14078 5083 18308 12732 15277 8622 1894 8406 13764 9030 719 17489 5860 8521 5613 14528 11380 11513 9580 14621
13899 15933 5358 1501 12740 14957 3413 11899 2240 11755 13390 8336 10814 13102 19760 8192 1031 7667 9918 9622 3909 10770 83 15483 11443 3431
3776 14238 8106 883 18120 4174 2024 7567 12345 11233 11882 5092 2531 19419 16301 17638 15270 8290 4337 18650 14307 3421 17196 16790 2429 10168
4549 18046 11184 19928 18974 14822 2452 7722 3870 7593 17375 1815 15876 6308 18990 5254 1574 13959 1562 12792 19089 3672 16532 19310 4915 2815
9510 10695 18671 9222 19174 14889 18125 5574 161 6609 222 11522 13083 2602 358 13008 15893 215 8170 9857 2503 10835 7709 19322 4566 5586
19097 1650 3884 18006 15949 16333 14476 5477 1044 12295 615 12251 2727 9223 5846 2641 7633 10658 6426 8935 1259 706 17591 1924 8714 8021
12771 6123 4886 19600 11808 10194 14790 13386 16041 13200 766 16696 12879 4641 1730 231 5298 12013 3044 5369 15952 4061 16785 17922 14158 19998
15969 7998 4942 18193 6981 1187 7590 3057 15012 19251 13689 18771 7338 4474 5601 2356 4579 433 19793 12834 2477 9230 16085 16878 19913 646
15730 17304 4726 9506 9277 12141 5730 17390 1535 621 19027 1666 6138 19984 7834 17086 1599 1934 3879 4833 10439 9854 19500 7552 3944 16873
6369 8292 16992 9396 9825 17432 16195 18355 13788 7773 5838 15784 8066 1207 19920 2295 15686 16057 11246 11215 16822 8522 8286 12636 11248 11567
5564 8384 19206 5380 18080 10917 9474 11053 19325 4951 4135 18472 2069 13042 5079 1473 18668 2512 4504 14185 16999 2456 1204 18777 5486 5269
14644 1173 7078 14224 741 17722 12643 1734 9952 12513 12935 10537 11594 16217 14603 2962 15512 784 2586 10758 87 7285 5044 10195 11059 8149
7385 1154 16361 7072 17437 1583 19704 1442 4287 14551 6953 5035 11955 15891 16254 11256 19153 13225 14862 14131 41 14579 3694 15768 18396 13031
12438 17838 5124 18132 11816 17864 14128 19601 10801 18553 5198 12802 9141 14803 4023 4485 1381 6516 2871 5761 12980 9627 8463 15028 2214 19745
4303 11655 11708 19449 2175 9270 8252 1 13941 17113 17675 112 14721 1178 14960 14867 10679 1392 1726 12126 10280 10958 3535 15346 15944 2677
425 11067 271 16074 14034 3497 5488 8386 10475 189 11344 9654 16910 12865 17286 15955 3134 5127 10057 11584 6241 1081 18683 18739 19991 17772
9031 11419 3680 19273 7826 16111 6304 12853 1833 10699 1686 12675 17332 12929 14840 11362 14687 6111 10536 16319 17606 10574 14595 5212 13410 15463
19964 7327 18256 6373 5341 10677 6195 17881 17844 18063 8778 12614 1651 2847 15195 2737 1087 11389 18063 14148 15715 8900 14168 18294 2714 5197
5303 12976 11720 9089 12194 6160 1946 12027 17903 12682 10319 9192 2039 10783 12962 5138 15318 17492 6898 13978 4568 3167 12625 1224 8609 489
6201 7972 2379 4032 13778 13317 7583 12335 14982 7399 18100 12252 3219 9083 10149 5921 16806 10455 12583 1069 6135 11148 1236 4770 539 7328
7129 4790 9196 10505 4806 4769 15048 17201 5114 17660 11506 14627 9328 18806 14153 9571 2472 5147 15668 2770 3161 13725 7466 16995 6058 7222
4861 9568 3916 644 7633 19275 5475 14220 16584 19826 13377 13735 16641 6687 9315 16153 2144 8067 3358 12690 11381 17964 10530 18800 19914 4243
11114 674 1444 3440 2684 6721 3178 5684 14206 19846 645 7250 9201 19192 11883 14846 4682 15522 7883 5587 5562 629 7176 1715 13603 5907
5998 16754 12781 9954 5320 19049 8230 5535 13582 8068 6473 250 19098 2364 16740 11447 5881 5393 455 13345 6148 19909 10129 19181 9338 11232
4765 16967 6423 3485 18590 1504 9437 19030 13186 15635 2284 14591 3781 17588 12000 18754 1837 1421 850 2725 4972 11299 16999 16880 19315 11732
6595 9365 18891 3773 10873 17344 19398 10464 3051 10634 13086 19573 12251 7887 5204 15418 9178 7217 15520 3486 11374 4250 19438 13825 8910 15197
16039 10384 2416 18651 5224 8673 18606 8629 18224 8735 12389 10045 18848 3922 9035 11427 11632 2171 18116 14417 19448 11742 17607 13530 17991 18980
12264 18499 19784 3411 7753 15586 11998 19324 1409 4039 11885 13839 2592 18146 7990 6367 6835 144 15523 376 6680 3151 3706 2218 3651 7539
6480 1615 4238 16433 14510 13970 13413 3764 18994 14 12875 13244 19627 11486 15598 6486 19826 18394 9370 3709 16635 1819 5428 11860 16405 18774
14675 4823 6871 1087 6409 17711 6535 14916 12956 18927 14127 14096 12730 14794 17800 18545 8053 1078 16504 12134 8456 5587 567 6738 13180 16718
15722 8896 14171 6789 17763 13585 16679 15999 10341 7773 8819 13428 16835 13964 5923 14978 2674 3648 2191 765 10404 14892 1815 9769 6762 6955
16817 9682 2257 2327 15843 10980 18021 11741 3305 8977 18433 2351 195 7688 5782 10667 8808 2362 10472 13656 8882 16512 1360 4577 12144 19045
2765 6444 1522 5415 12491 669 6625 8935 2253 14396 11939 9685 18873 13628 5889 6921 8117 16098 4884 11139 2396 3629 15428 19429 2897 3504
16490 779 2293 9103 7039 3988 1877 16291 11618 3868 2671 10398 19431 8788 13131 2689 12882 8420 10107 12842 17169 15979 19773 9406 17173 98
12721 6952 9980 19340 19701 69 2799 957 1457 17960 939 7136 12203 897 15955 1011 1097 15773 12772 18754 19955 14825 17997 218 2996 5768
3682 16529 7504 13224 10985 18139 4638 14567 13664 7014 13295 14251 7741 7846 19254 1184 16409 6438 7511 7849 233 13468 17060 18174 4982 5458
15252 7087 12671 4036 1873 14555 11757 15205 8810 4421 5774 2840 16863 2405 10875 3173 7918 14383 9644 1476 13658 4613 12086 4122 4846 7965
9027 7466 7457 8781 18218 7867 15530 14568 9720 11864 11838 9731 14080 17773 11044 16368 19800 18463 10777 19328 12535 6329 11228 1550 2229 4890
18813 18558 3480 19845 11813 6807 1358 7514 11539 13537 9642 3659 10583 18413 16331 16746 6873 18802 19711 11627 7165 9807 1455 19633 4499 11872
16811 14680 4200 16667 7800 17373 12060 5668 12223 12753 14546 15490 19764 19180 4640 4131 17888 11020 11916 5076 13017 1258 10451 14160 6307 17072
14396 3894 18868 16373 11528 13193 8487 3248 10370 19832 12431 5186 13156 18685 4186 11461 9809 15076 13033 12224 4114 15971 3728 11618 8159 14463
2858 8202 14379 8099 19500 13317 471 15106 13862 6889 8112 886 11172 14737 8145 11891 18578 5091 10123 10418 16420 16607 4845 3397 19153 16498
17082 8667 3903 8203 6113 18587 4348 7106 1151 10155 18074 5098 16264 11791 9322 14013 6698 8911 12542 19088 15431 3678 19888 4403 4635 10593
8827 18536 6293 1044 5759 7075 2474 4625 3355 1828 12456 7632 19366 15720 12180 15050 17997 2878 6034 11707 1054 16014 14374 12868 76 10240
5945 7388 18652 1342 4106 13105 12302 18906 19947 8746 8082 3411 11739 2240 498 472 16514 14959 29 714 7477 16410 2495 2585 8145 16873
12923 3673 11808 12584 19859 9216 13053 836 399 12188 11952 15476 15094 7933 13987 391 4067 13249 3897 1281 10222 7016 6225 11621 10096 18467
5070 5863 9584 3579 6332 1502 18430 5298 12365 17732 14931 17515 2009 465 12026 17838 2130 13624 10058 916 13507 8038 3548 11208 8465 5858
7218 19145 11842 1565 10019 4674 4190 17558 9455 3530 10020 19906 129 6415 14505 1996 5223 13174 14138 17477 10683 14063 16341 520 1428 6342
17710 6290 6240 19932 17322 9581 7762 10227 17849 12663 17547 2966 16816 12560 12059 14123 12696 19279 6067 11746 8884 3974 8901 7731 17628 19012
17879 16569 16334 4295 19927 16983 8936 13967 689 9882 8877 3611 766 10007 413 19442 18081 6551 9891 9700 11571 8936 17578 15847 5788 6403
6164 7119 2826 12641 5534 8196 9161 18748 16089 14704 6861 16895 9585 14780 3579 6951 16871 2952 4738 16465 1327 7397 2280 6815 18973 11758
4535 1706 211 12933 10202 3094 7071 14790 6618 7818 11041 17763 1439 16016 7857 12702 10653 5413 19234 6268 472 4269 9560 2523 4055 17981
14982 12615 18945 13944 4441 18212 7722 5333 15005 3936 1516 2823 12133 12961 10027 492 19292 3181 3986 5107 10868 18486 4622 6760 16555 3750
3077 56 8021 1806 1522 4966 8276 9539 8182 13056 4492 3335 14837 6401 8076 16116 18913 4918 16671 9772 5451 3020 2034 11585 7056 2286
4912 16231 17306 2450 19633 4315 14116 15038 4285 9309 4598 6838 10037 13927 12316 16872 124 12917 2438 16654 13884 18980 8574 9949 2676 8803
5700 910 17235 17209 8971 16432 3936 10459 13468 16696 16058 2078 3718 5082 11943 5497 8286 1577 13950 17869 10390 892 3449 300 4994 9448
9236 18710 2154 16737 1743 10796 19084 7055 3709 10659 5086 800 6692 3690 1573 19964 6775 7354 5672 2974 746 18679 2298 13589 11889 4743
12783 18224 19559 14360 3513 16188 8913 11603 2664 7220 11692 6268 429 7 4228 11393 19573 19278 13975 5721 6960 17340 16816 18488 12554 10338
6413 15761 5716 6844 1430 4144 7658 19869 10191 7463 10063 5385 7520 6652 524 10818 19561 8871 5727 12051 15350 3468 1218 16093 18352 8837
19179 1882 729 967 15433 4095 7377 8696 17318 14242 2411 2275 13279 14890 727 3095 19719 16722 14882 13166 2287 2877 8508 18978 15755 8430
9015 10111 5682 7572 15331 11385 7191 16803 4996 10202 8383 11128 10083 10356 13308 5397 842 19008 17993 7008 8119 12272 10603 8205 1211 5836
2526 4595 1618 6593 36 2443 7960 3644 3457 18131 17970 8634 9377 15009 16786 13465 5296 2019 5835 15281 4763 11423 18047 6282 11353 1827
14888 11934 10666 13485 16977 14514 319 15776 9578 4758 11976 19382 16183 19084 9005 13278 6974 9784 3003 7529 16218 3162 9705 12461 19839 2425
10630 147 9345 16492 18727 8020 14133 9326 7087 10390 521 15954 12706 6054 17700 19304 18463 18022 18699 17260 17862 7707 7048 3074 6623 14538
12443 18689 16251 4372 6663 16069 5477 4418 8506 3595 12323 1085 18936 10789 6433 17328 19895 570 5104 6575 6338 17545 4201 8735 732 12275
5901 8534 6075 12572 880 19772 9845 13432 14773 5724 7759 13236 2587 4821 10764 16988 4096 4446 9863 9887 12556 2809 11296 16414 5960 18688
1761 4575 7434 19229 398 14523 19746 17586 15133 10514 18105 16920 2974 6767 5768 18387 1166 10484 1954 16225 3915 9823 4733 17689 12404 4785
15398 17869 10567 10325 24 5165 5501 16073 12962 16268 19202 18528 14250 9603 13479 1605 19782 19997 6341 15696 11104 3636 11643 11412 12361 1869
1595 308 78 17520 10040 8097 101 15431 1673 12308 18735 1704 18125 14805 14126 756 16137 9742 18562 7494 1784 1279 11005 5379 5151 14815
7388 5971 19549 9720 4180 8003 8168 13968 8180 11552 5746 12735 19347 9055 17195 11186 10601 3614 12913 6555 12672 19507 12079 19545 18848 10315
1633 11298 1485 14269 364 3335 6111 18965 18206 16646 8184 49 11412 1857 9533 15969 7530 584 473 3831 3291 209 12959 15834 5722 6198
6536 15404 15691 1576 9791 18128 301 15803 5228 4281 3208 9398 16650 14424 17813 7402 8072 4268 640 19376 736 8681 14619 10265 14450 7580
8355 16669 3958 4576 11754 4197 2248 293 10522 4439 6895 10649 18780 14511 13543 19503 7730 9364 12572 4867 16548 11161 7131 4230 16685 11950
7250 19935 2586 9814 18845 6852 1042 733 18835 10588 12464 16409 805 2483 11220 18692 19086 3592 4597 10035 16725 1668 483 9893 18486 6078
3932 15916 10538 14032 606 1638 7796 1594 17051 452 14136 14138 10015 5844 3490 3785 13240 13740 15071 6555 47 2740 7073 14785 14598 10286
997 9496 12762 16999 1623 17547 4837 11181 5044 4070 3245 16703 19708 18510 2228 4874 6969 14938 16895 12411 17870 4216 10858 19694 11641 263
6384 3914 7360 10627 11655 14509 19666 8434 17717 9014 7754 8575 2366 10958 6007 8460 4752 15913 12733 19774 16749 13861 12386 13228 3928 17004
10387 12464 2923 840 10540 15556 9409 9767 13292 14514 12489 354 13718 5894 8325 19781 6263 10418 15299 19903 2035 11971 12488 9055 19943 6798
15823 8012 13926 511 19160 1487 9984 15996 799 16581 8609 6062 19448 113 7726 984 3632 15270 17 1163 10241 9977 10386 18384 17475 18282
6638 13209 4220 5241 10952 2828 9800 17052 763 14649 8794 15722 4014 14663 17690 13220 3360 1700 13232 6579 16129 6217 8617 9209 14713 17870
16115 7330 1101 15691 11405 2642 5410 7724 6853 6642 13196 7919 2368 19081 8950 13215 18959 17874 475 10251 3453 11884 13026 10503 5015 2683
11368 5133 6937 19626 6349 8527 11960 5944 6561 14657 16199 18242 9170 15598 10854 18934 11596 11055 12285 1244 171 12723 3995 7582 291 2532
8568 17162 2734 13819 5503 16569 10259 12372 9075 8328 19948 2275 487 19846 11833 3175 7604 15685 5589 10136 13503 13149 3363 2586 18572 5215
17745 11687 4383 4926 18117 7275 7591 10855 2620 4176 4506 1059 3346 5298 8343 11101 19928 6551 217 17013 8064 15322 2342 11140 19288 4104
10575 1210 15723 19642 2353 6712 5292 5412 12075 3792 16439 14561 13990 11339 15603 19733 4939 19123 5992 15191 15170 11237 7853 10812 8730 5036
3572 7644 81 12568 16115 17633 6417 19627 15026 13378 7157 17887 3176 17124 10953 1620 15273 7306 163 8155 4900 18480 19558 14077 18934 12687
11959 9283 7712 14375 7280 3962 7723 5872 16863 9980 16457 1386 19812 7385 19478 7871 8396 2556 16966 10963 16758 3755 3204 1254 14114 6323
19216 9729 12787 4180 19343 19338 16149 13071 10707 4279 11192 10800 14292 9101 15612 9387 10239 458 16314 15622 8949 16930 8042 9310 4520 13948
5073 4101 11248 11236 2673 8579 19776 10199 19070 2743 8330 280 11808 4277 9972 1194 19456 3001 9071 13100 5475 12843 16336 13811 6173 8777
6756 5374 1988 17283 17039 6752 7798 18599 4152 11313 16079 4823 4562 13326 16929 3090 7650 390 10171 8802 9939 5099 1011 10135 1073 12018
14381 9740 8624 5148 12095 12521 3526 2023 15825 11197 16339 336 18117 13861 8911 16477 9167 4543 17859 13895 17033 2439 3942 16544 8018 11486
15440 61 8716 7001 16 10555 19932 15650 16303 608 13633 16082 16492 1682 8100 15184 2547 19584 13485 2867 5476 8375 16047 6971 17748 14759
556 530 4254 12885 12991 5415 1200 11531 13845 7640 5774 16256 17748 10793 5293 13054 10407 6470 19702 3629 11777 3018 13654 16726 8299 19699
1249 8074 5233 13163 7408 7639 18431 10164 12658 10611 11665 16431 4214 18807 18775 12636 10783 13205 3630 8643 12096 12354 336 14358 4796 252
4527 8116 5257 3802 665 16828 3053 11288 8779 8466 5737 12884 14370 17756 11103 6480 14779 13678 19706 6307 1591 13626 933 4529 1006 1426
5404 12298 10861 8474 13913 8137 8825 17364 10008 16342 4441 9979 13237 17347 6199 4798 1564 16193 11957 13923 1938 10644 12130 12139 3409 249
14045 7009 14990 16012 19271 11867 14586 5263 11070 15145 1102 16025 6782 17559 16634 3854 18305 4915 16563 1855 14910 10511 689 19696 11910 12844
15652 3200 19551 11322 14327 2201 18064 11622 14799 13058 10429 7113 12602 11273 8042 11842 10201 51 12140 13964 1127 19403 12745 11320 7858 4280
7774 12143 9364 7351 13734 6848 18771 19253 9648 8563 5911 10314 11451 6988 1399 19917 4364 17806 17905 558 9476 17600 13914 4283 648 6144
17971 954 8815 5086 17705 4245 3860 14110 11358 1351 3092 18055 5894 15610 18649 880 7566 17060 14571 7351 1607 11238 5422 6224 10733 11887
6391 5534 7578 4867 3545 8253 1080 2772 13707 19530 5628 5091 17568 11232 7604 13316 10686 19105 8865 4329 12856 11704 4049 19926 10661 4641
18838 15905 13301 15865 11141 5635 9857 7030 18306 12738 1161 17007 5285 8271 6681 13121 12117 11847 8395 17374 9241 9421 16235 3898 4812 10925
9087 15081 13377 19625 12024 7477 16460 12879 11379 16841 9005 10341 3200 17013 19021 17296 4818 15056 17301 5964 9768 6965 10404 14313 17964 5302
11252 12460 14770 12010 11939 13938 13617 6034 12315 2049 19224 13414 2807 17674 12486 10432 17136 18354 12571 9482 9691 19004 6799 13593 11227 8097
1190 10202 11220 420 363 14984 2559 15672 10194 14064 6788 19224 14736 9672 16735 19143 15741 13007 14598 9306 956 6437 8768 18147 3704 16309
3431 3943 3647 10292 5517 1260 14385 936 3404 92 815 11897 8079 3679 13463 1116 9789 2443 16293 1145 149 2917 12414 16113 16235 11033
7545 6574 18315 5967 12636 2485 12209 9243 4903 8034 5891 14575 17094 9936 4787 15509 8645 8254 12942 18128 11554 397 6201 17184 8202 2247
14040 16119 2607 1643 6903 3525 11283 4428 228 5784 10361 16224 11918 9458 12445 6904 5524 18233 14326 11056 271 8771 953 13688 16074 9199
3269 4018 12418 15877 12935 5652 2546 8752 6344 2376 1713 16526 19429 3501 16381 15936 10309 9186 12580 17570 5797 11623 8673 17531 8263 16266
9554 4743 564 14562 19943 6316 8944 9918 19669 14161 18377 18733 15079 6214 12850 13520 8253 1404 19622 11771 9427 8834 9563 14930 9240 3538
6279 8521 962 11865 11777 3508 8314 15320 15563 18116 9767 662 19811 6211 3349 9284 13098 13967 2163 14942 1021 17539 4112 3826 17021 3259
11607 15687 15898 10301 11853 7756 3988 15003 5706 10244 54 9308 8597 18608 906 8916 8112 13013 1124 12274 12622 10874 8104 17709 16319 6252
312 9943 14193 18598 9293 9819 12996 13120 15619 15056 12429 1663 818 3857 15352 12205 1481 5302 16811 10926 12685 3650 8647 14591 10783 942
6880 10056 7997 17905 9245 4737 19364 17713 12232 16495 13510 7455 2448 9438 10032 3745 17471 1371 2022 5830 19071 16526 12088 5224 7261 19811
19702 286 1706 5493 11364 1197 4184 14257 1297 2031 18354 11929 4517 4046 5431 14842 2953 8731 12689 14781 8336 4155 8011 10191 5804 8542
9185 19708 16643 2628 16441 4701 6917 16155 18184 10210 13930 14148 17703 1096 15213 9903 12524 13112 7747 16662 6994 2723 16237 3103 13979 4248
462 19437 8094 18614 19103 7707 12415 5978 13739 7573 4995 17222 14413 17976 10640 3593 8473 316 7627 18756 7411 624 7185 15804 6693 15537
14061 19270 7282 14060 7558 19665 666 10836 13858 4253 3140 7926 10496 3345 15839 18983 855 17808 14426 1471 12217 7181 15136 15995 5866 3358
14187 5171 14710 444 13275 6315 11693 17571 5104 7825 1672 11053 11499 8736 1420 15178 17931 174 2572 11577 19379 705 1026 13854 10693 10086
8571 2380 19650 14100 18661 7350 19812 12392 6413 9672 15118 5811 14459 14391 1276 18217 15044 15600 16352 18927 2594 8489 16834 15205 11042 7237
6014 2700 8651 10887 18380 1724 7103 15234 8997 18666 19127 18701 13039 10193 19301 9580 8509 9529 13857 11519 3435 19218 17510 7368 19135 2598
19601 14775 7055 11536 12902 1578 10846 12143 10091 10486 3037 2619 4936 2872 613 13725 9856 2292 11574 17409 587 19713 8254 6054 15694 11943
1164 7572 8009 12310 5803 6248 10827 5895 12811 16266 14190 8313 16442 16038 19936 11404 5047 16710 16396 14079 6591 1180 13750 17229 5509 7320
4290 19931 16529 4318 2762 17763 18852 7638 2477 11404 11565 11770 13076 7718 19062 16026 4055 16538 3067 15604 4205 6135 17756 16647 2085 15564
16141 18441 18133 12830 3049 9211 11426 19934 7554 5842 18990 1459 13307 14702 734 13044 1711 18745 19156 829 11172 16774 373 6044 16303 10032
16445 19201 10270 12703 18328 8649 1973 3615 12776 10779 15509 12555 1617 14031 15365 15920 319 4561 10750 15591 607 12586 19284 19763 17869 13008
12030 3892 19957 18227 7987 7478 18704 14817 1927 9084 17821 13604 6913 19722 9425 6177 11886 12191 4119 19203 6067 10846 16007 7734 18643 6712
19274 8448 1789 1430 8065 1345 9827 2752 7350 19940 8394 15604 704 18484 6655 6040 14916 18114 1374 7481 1919 15960 2102 14416 6468 14540
14019 1916 3469 9211 7843 19328 19599 9417 16943 7623 11962 16525 12173 376 19248 5416 13357 9552 6472 15539 975 10527 2898 5400 7078 6117
13023 16836 15697 16775 8505 19339 17213 6718 7886 11723 17905 14849 13117 304 12651 6876 13596 4319 18499 13366 10985 4958 12974 1070 12297 11114
14080 10924 5825 15983 14729 10534 12324 6907 9486 6347 290 6188 2728 17222 413 3431 18942 19663 17132 3650 14205 1319 19746 9965 6470 8231
4473 19645 7934 3541 18384 12432 4769 2565 4493 1699 9272 9483 17458 287 6973 13902 390 5884 5746 18691 1036 13838 2324 5229 5640 7519
17690 7380 18629 10325 9157 12387 15845 7639 13325 13158 16626 14053 18855 5655 10960 7311 18365 9753 9579 1672 15602 5329 4946 6492 729 966
8763 12724 8257 5719 3539 19832 7203 17892 8118 8950 19381 6196 907 15985 19705 9631 2092 19259 9590 5533 8262 5108 12535 13643 3729 12364
13120 4176 10340 18154 8505 3347 5273 18099 3374 10508 14538 1106 18143 11976 15222 18294 7329 9721 1319 14071 17793 7578 5455 1929 6070 4455
1383 14727 5924 12945 2170 11053 7891 12121 3496 2589 2044 7411 17665 16952 9547 14207 18029 11641 19053 9725 9479 17078 18825 14870 11445 925
5613 19134 4086 7676 14976 12817 14840 7124 6188 4607 12481 18225 9003 1516 879 140 9468 6003 16675 19891 14320 5090 9901 6506 10273 11506
11392 16029 5177 17776 1701 9609 26 19449 2557 1785 11693 10090 10492 8104 15688 10604 14121 3650 14193 7055 16221 936 5261 18314 11305 2367
413 19259 11404 12454 11921 3644 19596 12410 5213 18411 12636 1417 18610 14996 12582 8288 14716 1872 10932 18940 13046 713 12589 9429 1711 13047
19036 5836 282 1323 16615 10383 3092 1078 16738 16473 16770 17231 216 13836 18086 15939 16824 15196 4217 13110 12083 1194 6142 3051 500 2911
19958 9054 7954 4010 12983 13509 5687 15743 9561 16879 5251 18551 19517 18399 353 18438 17338 15720 15322 12090 3424 1187 652 7070 17455 29
12990 617 13024 15219 8127 2746 15572 14844 13458 14855 12838 4962 6768 16723 8798 19407 9047 4130 6296 3771 18071 3353 4763 5393 6155 3890
13272 12116 13396 11474 18309 4028 10345 14684 4827 6499 14963 18974 18020 1851 1221 13602 16825 3192 17736 18971 17775 8840 14885 14359 592 11078
6605 9801 19045 12033 7208 17238 9550 9059 9028 5223 15871 1544 14490 237 10255 19455 15044 16794 16037 6129 4139 11547 15624 15363 12455 359
6393 15049 9891 4491 6827 11883 16382 710 5666 1728 16759 4932 17886 7269 8479 14089 7836 15108 8429 15659 11809 3297 6287 11719 4261 16382
15904 10770 19293 5417 5220 7116 14927 7465 6056 6965 814 1805 8720 3161 18824 18279 12309 2339 3135 13548 723 9736 687 4424 5648 7258
13528 670 15029 5189 2550 14212 10549 19613 12294 8641 13614 1021 3678 18471 10119 27 7638 18161 13426 8965 15551 4712 4771 14606 11380 27
8014 8996 9800 10504 1044 19182 13215 6841 1308 322 6692 8156 7775 150 19700 692 4110 7494 11570 15122 1072 7595 378 19272 3850 606
13218 8448 17503 5117 9257 132 10011 14933 18259 15365 8618 5021 8561 18119 757 7071 220 1183 12780 10472 13586 18211 14220 11648 7546 12377
7670 7992 14336 11480 5163 7741 17516 18478 15127 9172 16632 12553 10654 16970 2878 6945 11590 16755 15374 18569 7230 15099 16889 3926 15708 14174
16662 10005 12461 17747 151 17124 419 433 10367 2529 17684 2871 6324 8052 14865 5332 9680 8165 14413 4237 15990 19116 7523 2452 3582 7405
5701 17505 9596 6893 16662 7405 3227 4501 17782 8298 9975 18861 19870 8489 10288 8000 8615 14631 605 209 3371 4702 12220 2341 9812 13375
13383 12463 15886 1275 18984 589 15203 6743 19297 17194 3847 19988 5766 7413 6333 6980 4245 7418 3880 10087 19338 7065 12286 18193 5149 11873
6732 3085 9362 13259 6771 2738 7432 14172 10606 9510 12963 8527 19756 16150 3424 14111 4056 8965 8 5729 8051 7963 17026 1952 8284 15050
19148 7066 19578 9155 14778 9332 10796 7030 15260 1116 11258 15736 3398 5901 895 15724 2166 4436 16157 9207 3485 12730 11421 19957 17113 1256
3592 4336 13992 7936 12478 13073 5828 13720 5091 11513 18437 8012 9002 8532 10131 11467 5666 11254 14228 17864 7635 4842 12586 3234 19342 11988
14338 14428 11583 16255 3817 1990 11209 14675 7841 18939 8828 19118 19893 1748 4202 2037 8150 11107 18281 15141 6120 1255 1466 15384 11439 5514
7600 10372 7366 10506 1976 8021 1979 365 17147 15504 8468 2846 18282 17007 6779 5720 4678 19762 6777 17023 4477 16080 1821 3113 1566 2358
5011 6030 18551 15247 8779 5684 14649 11270 12083 7544 1477 9366 12830 15247 6345 4276 8141 511 1754 2428 8479 5757 3332 10460 10792 16896
13451 17036 12688 14980 11466 19857 14046 19567 10926 10394 11305 18252 7908 7175 12900 1220 12522 6709 454 13098 9182 7760 18204 2740 15819 8404
9646 2164 2099 8669 9821 11403 2020 11595 10258 3295 17780 1744 13810 5198 2689 7732 10018 11864 15196 11854 4859 16986 19856 5515 2173 13279
12407 4579 17704 2982 5688 5496 7206 17523 10083 5055 12845 8866 10191 17599 18239 10128 15861 1406 5894 12376 18904 15803 7276 2764 4622 17167
19563 5782 5350 13569 10317 6565 10655 17014 5494 11324 6690 17818 19329 13308 6074 5167 384 17130 16742 6460 12393 14968 6781 3942 5171 12427
11774 5196 16606 9273 15967 16707 11608 10308 7716 2023 44 12105 4324 7941 5680 3596 7865 12106 5832 16553 13038 11203 18553 7838 17453 8409
11120 12377 16661 13201 519 6091 4991 5008 13534 7386 3045 8384 7455 4567 5235 9250 9861 8920 1721 2860 1713 8541 684 3028 13888 2772
15864 88 11324 13110 1921 3423 16371 19152 18173 8768 12693 11792 9781 18666 10077 11826 18628 19025 8673 8508 1445 9684 6803 17813 12760 8992
6526 12281 2075 799 12520 5551 5479 8095 12881 441 5522 10485 3271 9076 2169 19055 5885 10529 2652 6992 19698 18446 10379 19127 78 1776
14697 16400 4999 2952 15972 10987 12939 14361 8814 15013 545 235 7301 16647 1083 11236 12120 2457 4448 6748 475 16268 10618 5215 8759 4983
8283 11313 4261 14572 2717 9469 1759 17305 11177 16186 17109 41 2697 11023 13021 19787 4773 6506 5362 18952 12464 8039 19399 10270 7079 12578
9044 11223 1889 14938 1295 7462 13050 631 12328 11801 8926 16836 6992 16198 2056 8839 15669 19278 9001 13957 587 4500 13612 12187 16885 19705
17814 9354 130 8901 7838 1122 5356 9788 17384 5869 11041 3308 19478 5397 10574 9330 12236 18156 3947 1773 9509 15375 6048 16939 13474 8257
11475 18930 6844 16271 12379 5669 18948 1714 10056 8825 1110 11923 12902 4568 12759 9127 615 7424 7737 5703 12982 15067 19327 12531 5202 19127
17986 15620 13180 17885 335 1489 14960 9606 7583 1434 8391 2407 4800 5491 14009 3921 2834 14897 18150 12635 3327 10901 9448 6766 3628 2679
10689 11293 13564 8262 15265 5591 3751 7642 8883 19193 11361 10108 4388 19706 18542 12691 13027 7321 1623 11101 6067 15471 19679 10171 14692 12977
7959 19124 15108 14313 15178 17701 2395 3990 19000 16607 1614 7422 19635 19798 11210 15744 8949 4517 9493 3703 2706 18103 18390 13905 761 11492
7544 10604 15540 11955 1266 14047 11716 1469 15835 6895 20000 17788 12162 8327 4283 2573 2889 126 4357 11859 2840 4043 17690 6267 12344 16811
11666 14066 13878 14279 618 5919 17524 11202 10352 3332 12356 14749 19568 1179 12331 8129 6831 5647 848 7129 2657 13703 16546 11948 15098 10993
8184 9320 19860 13530 19980 10109 8254 2111 1141 8973 3097 2222 15376 15055 15148 13086 19972 4941 6007 2585 9967 5544 19795 18962 14347 13609
12932 13530 17991 13090 16442 5204 4454 8735 17510 7028 19441 930 14091 2996 19323 19145 17792 4491 4206 15051 3765 19019 6735 13858 15022 9279
10308 12893 11556 12175 1351 15458 7484 1018 5683 19802 14771 17043 6977 19748 5915 5264 6112 14091 15684 11256 9731 4699 5839 10480 18404 15391
5871 7185 18727 8361 8141 1738 15744 4422 8682 15773 4161 6905 9258 18460 412 3301 6615 11071 5750 3908 12628 17044 18791 147 4967 15412
16416 6467 7039 2433 12454 2093 345 14121 6657 10540 9218 6854 1580 10236 16093 15406 5894 4012 15704 14551 6609 2364 12838 9882 5841 7002
4897 7578 18527 12463 7578 15492 1325 14544 6407 13696 14969 13263 17028 7626 13464 17274 10972 14369 253 7615 7461 74 19557 15492 13477 11963
11221 5813 6440 13811 4906 17053 7784 5511 9835 1943 2463 8086 10709 12007 4141 9908 4179 1046 3080 2746 8762 6201 19632 3160 15898 16118
13686 3892 5815 16076 12738 8105 12491 12449 8953 12886 4199 19968 6789 8283 13807 1663 7528 19509 18647 1875 1062 11496 3997 931 16521 233
3672 10104 9369 5990 19086 16109 9128 19567 4686 1760 13191 4762 19727 19816 6464 3449 17689 12911 9502 382 17433 8781 19071 2303 12686 9834
1152 12305 4534 12516 16257 6151 16228 19676 18799 5157 7902 8133 14442 4651 3358 13372 17165 14862 19404 13399 11894 11631 9458 11249 4935 19321
17366 2412 13359 15079 11565 11174 2212 6326 9221 14418 2129 14007 1657 14241 13606 13992 5201 12833 5825 12678 13740 12992 19951 17904 12659 17013
11578 12607 18228 15193 2760 15980 18782 1574 8086 11262 12118 9943 19311 13787 15996 16828 16249 10319 12317 504 6501 16167 799 8944 14348 15407
11139 17203 8713 9623 8801 4967 185 3192 2527 3977 3712 13341 18036 3106 6336 18190 8560 17147 56 15962 10608 9207 3890 17069 19494 18368
16000 19987 12323 1013 293 7200 11283 11104 6120 2498 12391 14159 2209 7611 3012 15264 8282 7449 7820 14512 5197 13543 17971 1945 17272 7734
19169 5297 1657 13296 19193 10 14555 19327 5147 6282 12295 860 5058 15613 4047 13706 10817 1136 14296 10619 2334 13709 13715 11743 8078 14059
15915 19149 17292 18048 19338 17813 8273 10999 16800 13776 7494 6695 11808 4930 7508 3075 17947 2662 3634 5638 17674 15761 19581 15194 12983 18069
6441 7587 12617 4139 6953 106 7189 14502 9384 6771 11457 15152 9234 4986 18308 2909 4281 19315 17245 13923 3337 17664 6666 5542 3566 2810
12216 2217 17912 1125 13445 17057 18591 14760 5033 17460 11021 5427 6563 17286 12367 10233 11983 7237 7829 16238 9259 8739 13413 886 6977 8997
6043 5726 15843 14232 12260 15419 6775 7784 11598 3671 4233 14952 1229 1903 798 13139 12036 19406 14917 1046 15146 18646 11309 9915 17828 3980
7854 11893 4708 13492 15194 18341 13183 15757 10516 11490 4355 650 6343 1133 6673 19461 18105 10657 6464 17316 6172 2056 5378 11583 7359 4406
15608 10434 9046 2124 18273 13961 1655 18527 3037 5888 13649 8761 4073 16091 14905 11560 4603 10683 8583 19988 5089 13660 5907 8790 1284 7315
5346 15147 5981 12081 3350 4958 18524 4897 17813 11075 18190 13552 11750 2975 3999 2739 16072 17370 16940 17552 1694 13774 9337 14079 14366 5081
14978 19589 18267 7315 15816 1440 363 6262 4325 3812 19577 18236 17115 1233 17210 17371 13141 6065 9917 15283 6792 8131 8828 19961 2847 13746
15871 19160 11523 6420 16930 12577 540 9195 14112 11009 15163 16305 6239 15580 2297 2041 11674 5638 11776 7206 8911 19801 1568 9630 15404 6108
6593 8717 1091 9323 3970 12636 14162 6095 14255 13799 18275 3961 15704 2162 11941 11616 14561 9844 15344 1526 3441 5833 687 9468 13491 16271
801 6220 7976 6642 17779 15692 8414 11734 8251 4411 478 17135 5005 1823 10948 4370 8602 19982 6097 175 18263 16894 11026 15819 19243 17413
6992 18994 15010 3336 1428 18958 16684 12594 992 12301 9400 16282 8003 2269 1179 12948 19143 19857 11593 9060 4860 5925 11019 3725 17198 6993
9581 18858 3844 12799 6980 8959 18998 19429 8615 16424 11818 104 7067 11628 17996 17839 18698 16298 9563 13178 6761 3989 2204 11935 74 9162
16448 8139 4951 17580 18388 9057 9245 2351 15293 8773 1898 6410 8875 12387 14116 201 2795 18169 9558 11945 6463 18093 9011 2579 16035 7041
654 8253 9965 8331 11715 8318 10025 10025 12741 8734 895 5179 2101 5026 11253 1955 5743 8062 12815 9728 11474 8287 7231 8243 15847 13888
3440 11812 1597 15778 11616 17186 10537 7110 6845 19312 2119 19109 1725 5565 5483 18973 5575 7032 14163 8844 5120 5168 14915 2212 11990 8697
15459 14398 1126 4237 17331 9609 9606 18944 5147 7681 6776 11727 3535 10771 6691 12320 16347 17492 6416 16641 6194 15860 13962 4860 11735 3434
12345 1416 10017 3427 16124 1436 868 6792 12841 16352 2646 2218 8436 2881 7046 10158 17230 8033 7699 4213 14068 2831 3023 11087 95 3403
10278 615 12529 5529 7345 1983 17020 2685 10086 19673 9168 15092 15775 11402 1725 11531 2075 3720 1155 5714 14385 14551 5161 5389 4284 6172
1545 533 12688 5758 7468 14181 7590 6049 7613 13867 8320 1217 19392 4527 19806 13467 9093 13467 13050 18221 9737 13982 386 5452 15945 15584
9756 1529 3576 3761 3165 13271 5143 19466 2690 13633 11172 4630 598 13123 14959 14393 1724 9801 8148 16258 18352 4117 12146 4652 9390 2505
932 8187 16879 3381 1087 15076 7084 4978 666 4632 11888 164 10881 7949 10726 13481 16146 6521 7449 13218 2121 19857 5275 12038 647 17320
14611 5059 16525 6115 10087 18832 8320 19792 1234 12401 4222 11331 5455 18752 640 3523 15159 16004 5898 19290 14732 13211 13840 19662 4373 777
12295 14117 8559 5536 17385 14920 10245 1828 14313 9048 13785 2619 8232 515 3664 19455 4796 3609 18560 13973 13141 17874 9059 7850 15015 17554
3248 17631 19464 3985 15988 375 10522 6006 3535 2353 8873 15539 3399 12243 12470 10417 10048 6390 14962 7513 16777 17913 14830 13385 3799 13783
1564 16114 1295 11717 10347 18681 7923 7132 11880 10473 16127 7543 250 14831 1796 11263 11312 14769 1514 3315 14834 5887 1443 859 2408 9241
4567 5503 4144 3979 14877 3143 3921 17608 2145 19738 10196 19570 3966 8524 4183 4087 9041 5987 449 15682 7049 6626 6825 10316 3832 9389
8349 12240 19512 1925 9982 10740 14457 2040 5764 17321 1261 10617 4883 3112 12438 10991 34 18827 19950 11390 14692 8728 10968 13443 9331 19665
6309 14591 12041 8820 2058 6534 15285 12020 639 19154 6467 1008 696 14618 17249 19004 9570 8241 8357 17162 17258 6634 10016 9552 3909 15543
9601 11991 5485 16301 18630 12311 15806 5771 15494 13253 4247 809 3120 6183 9037 6191 18656 12800 18891 13366 1294 7052 6496 6360 5138 10636
4374 3438 16196 15074 17227 7402 11429 1928 15185 17250 8542 17911 11860 7210 14438 17231 3266 8992 1198 7518 6361 2639 10770 3716 8820 8902
6760 11167 2742 10444 14802 2356 14498 13882 2933 16635 14257 3737 4131 14644 18698 1672 12985 19920 18645 3475 15029 19756 4499 9931 16059 16
16273 11977 4422 17260 4120 11004 16996 7609 3434 14564 9078 15557 7095 14457 3438 10946 10180 18056 19978 17804 10830 1130 2374 374 1616 8508
12999 2568 7104 4688 5174 16308 3603 9353 13292 13197 114 12016 6827 5547 14149 9731 6238 11672 2123 13140 12322 11068 6085 15291 2540 11443
2302 10164 3651 5741 16053 4760 3667 14893 8322 7038 11521 16840 14329 16078 4195 10735 5649 6784 2638 16777 17527 8602 722 17049 13659 7407
8639 18845 11666 3456 13935 17621 2105 13417 10219 18310 11303 2787 15200 14160 16629 15316 3384 430 14941 12110 13824 8369 15450 3801 12336 3677
17539 18803 12288 2097 8756 4073 11476 14296 11045 12444 2705 6723 18782 18013 8904 11973 16667 9176 11692 15601 14379 4073 19702 13658 11198 18449
13916 16026 13134 8751 14401 19917 19829 8079 3345 13009 4749 2086 18557 6035 751 19257 8995 11586 8719 13913 10219 1473 150 14389 870 7132
15102 11519 11103 11278 757 15168 3344 8125 3085 16122 15606 4789 4628 7023 1462 4188 2337 15214 6078 10576 16256 18972 521 12728 8053 17421
19867 19637 4480 8358 7719 10100 12388 2340 4518 88 703 19194 17794 521 18919 1495 5426 4250 7795 18250 13898 17621 3249 11210 12841 5278
4021 12380 3019 9747 5564 10512 1272 14395 18220 16593 9212 6136 2332 13821 5683 4905 17329 4246 19658 360 5695 5984 5622 1791 12146 4415
13803 16404 6182 8255 1064 15058 17565 3699 2992 16504 56 13140 403 383 1478 11565 3892 8613 5554 11258 13227 10458 17900 3652 12012 18035
13582 5121 3035 16188 19731 4481 1677 8661 12009 5317 439 15721 19808 19090 1204 4286 18751 5184 15968 3765 4856 15317 3061 5095 18674 3370
11983 18561 18915 17223 16666 5843 2873 15850 6084 3546 2591 3676 1118 17782 17331 544 710 19744 8191 7673 8009 14782 15645 19957 6123 3670
15633 16569 9941 19911 19594 3308 1909 16056 19706 5484 8872 17637 18716 10186 13989 7617 6996 18852 877 12771 16696 505 4640 12623 3021 16090
1595 6490 7725 5 1518 5271 10354 2195 1397 12646 2000 675 11555 8344 15734 6053 17162 16045 14499 13837 17720 5197 18263 14777 11616 10410
11143 9095 14742 13704 3833 16672 3363 15877 10741 11319 4842 4663 2220 3400 6126 8308 5162 5957 17175 5207 17922 16087 18782 16857 2718 9540
15615 7740 4171 10630 1345 18911 16689 6000 15584 3129 18621 8457 12390 550 8214 4205 2370 208 3435 12159 6326 10221 1499 6837 16835 16627
4982 15405 6840 11972 11044 5455 5125 11758 5948 4622 4460 5067 5519 896 4180 19317 1202 19422 14845 7485 12215 10734 128 545 5259 2412
13984 16601 18209 17581 11232 7278 15835 3148 9663 9824 16919 17760 495 7666 17464 19354 12006 5650 4744 7699 13760 14654 3875 931 4513 4995
9260 14126 6931 4047 19394 16545 1548 16851 11289 19333 16015 1540 5434 13514 19729 14709 9973 3683 13662 10188 5608 17722 6515 13651 7894 16491
430 13190 2675 2899 19093 1070 9725 15566 19848 2888 18142 19152 16693 3319 4316 12368 2421 7625 14666 14158 11211 5004 10005 17278 17155 5330
16891 9823 15050 12364 11893 18052 6553 6598 3960 9169 6393 4204 19642 3312 7477 12070 14906 2403 16631 17505 9808 5131 18009 18449 3342 17995
12754 3005 7749 3147 10979 2090 2300 8270 13345 11963 1563 17544 2227 14184 8877 12039 16720 14937 3204 16604 19549 8450 5482 296 3783 14491
9862 16534 15623 1737 11383 10950 12377 13326 16225 17763 12718 885 16099 8392 8609 18784 12884 16147 10159 1265 15137 19102 13271 16811 11981 11303
11863 5293 4020 18850 19143 9659 2530 12734 5507 16091 16114 136 14903 6090 14312 14790 8862 12034 2816 13637 12224 7345 16603 3816 4794 10836
10246 1486 17798 6051 14587 6109 2079 6801 16474 17617 7979 11687 11354 1062 8769 11190 10159 11623 9819 7080 15129 15665 3404 4199 12505 11460
16775 3995 18002 9221 3862 12804 6946 19356 14836 9451 14057 13699 7462 2693 6764 13755 852 10847 10131 10904 3440 12848 12171 1853 1708 10161
8099 1317 11132 8045 6619 19621 15354 14912 2152 8790 13650 15072 12308 6069 10271 5718 1104 3392 6392 7209 15013 8073 1856 11911 2286 6729
217 6401 7714 12426 19900 6604 16943 577 15688 10972 11668 1642 16499 17203 832 17032 294 16937 5681 3248 775 1943 2800 15321 13341 18819
7688 14369 15520 10751 3547 10684 5745 13371 17395 8765 18423 18140 15209 4860 55 6719 10174 6429 1642 17351 18542 13262 17672 8912 15497 11724
16156 16560 10985 17418 17866 16624 18847 15516 16525 18513 8474 17929 4364 10979 2071 19853 16626 16175 4864 10079 5748 4096 2629 3914 18034 7847
16515 10188 8120 904 7230 11362 6496 3256 6691 5473 12752 17312 14223 7037 12720 6044 9910 18575 32 11085 12109 13509 17272 9508 10631 10920
16975 15867 12858 18271 19352 6498 7357 671 5840 11147 10000 13619 12012 2759 11103 17832 3945 19363 1948 14739 11442 14418 13743 689 12889 6953
1108 17500 3196 13472 10132 5161 5714 15881 11482 4259 1113 11242 12698 3723 9546 13307 8363 8225 11257 2841 8454 2995 14456 4024 2423 14594
6677 9573 2990 13360 10795 7677 19467 12560 916 19 17731 8089 11832 3933 3171 15829 15070 15243 4512 7063 641 12978 14715 8909 16361 235
8809 18086 3127 9927 5024 3087 2365 19254 18520 1777 17004 8813 12410 9577 10130 1664 6554 10757 15337 15775 5564 2788 15517 8388 19120 9667
4620 2400 16601 15729 9202 10909 6460 18838 17150 16180 19827 11886 4324 7906 7638 1908 9043 16679 17522 6484 13568 14389 985 4216 13834 16757
5467 1932 5497 15313 12123 5336 788 3185 18408 19660 1055 2848 18147 12958 15223 11454 4989 6612 9223 11353 12041 16927 7551 16004 12726 7198
6054 9067 4916 16190 15790 9955 1066 15854 13677 9932 5335 15850 8567 9801 17193 13119 7523 25 5367 10205 3283 11436 14930 6791 10401 12680
7042 3497 19779 12209 7321 7887 6145 3013 17542 9641 9554 10238 5227 2274 9225 4415 17381 14980 15057 1351 13237 1224 5337 3475 3691 1291
3247 16110 518 2170 5131 15394 7088 9777 10456 10814 11810 10948 19873 12962 15628 15852 10042 7553 17532 15982 7962 2207 1868 16 1546 19129
15121 18859 1762 10032 7165 10270 7676 15899 12617 7432 4937 2251 19049 12089 1156 6316 8382 3804 15043 5554 7463 178 17578 3609 4615 18380
14899 17190 19890 12913 19878 9160 742 1221 1790 14489 15109 18958 3042 8633 15581 9957 13719 1213 16736 18859 7000 13967 9048 3347 19845 4285
13966 6337 11739 18292 396 7057 6443 8792 17188 3527 11213 3841 5900 1209 7357 11412 6015 15567 4507 9897 775 12097 12594 17350 12431 4103
12334 16879 9390 10925 1353 19951 8823 10053 18056 5589 10416 12301 8813 10894 9275 15549 11834 16061 8438 1405 5380 8194 230 909 17090 15963
6472 13150 9893 15926 16302 18330 13691 3025 1370 6172 9874 12339 16946 15761 16173 2910 14613 7939 19900 16195 4089 15650 3430 15023 8324 13923
19243 791 5623 10973 11674 11370 3581 5479 9948 14891 18513 5182 905 10817 5500 16060 6442 14344 11858 15025 9068 11869 1528 8212 17534 5962
1815 2290 15708 10500 4457 139 19570 7084 18651 322 6097 5829 7001 13729 19520 7136 8161 15625 11552 7128 8060 3595 17986 4327 19657 6504
4563 248 18931 14803 15686 8221 16430 8396 16336 7749 19227 5688 16438 13119 3245 19275 1085 16472 19657 15927 15000 4436 11561 16990 8114 978
9205 17606 7979 8368 7534 6401 9974 3816 16101 11634 3116 18235 4818 10960 7463 1853 19654 18011 19004 16627 13753 14140 2721 10171 16512 1128
2987 8530 2814 6534 904 8413 17472 14813 1434 14949 10347 10738 19791 66 1176 2490 7068 16005 14290 7564 8150 14129 1104 18386 19423 15655
5778 19924 6660 11076 7079 11688 5509 5373 4081 6621 15665 17186 18687 19373 4546 2664 19441 14351 12804 14001 13290 18003 13574 7144 15502 18688
17107 6608 1418 13376 9250 1310 17415 8459 2903 8787 18435 10132 11405 17217 2869 4404 19473 9506 6416 7432 17744 11442 8040 19402 17303 7718
16931 18396 19503 10656 15765 13624 9493 15477 16478 100 1571 4845 398 18105 865 2454 13345 14774 2128 217 698 5939 5997 3558 6736 302
9208 19066 3326 11316 3832 13658 3673 7604 5220 4801 18881 16995 9066 17138 3880 14238 18291 9613 5846 15511 13610 17329 5323 1573 14443 3043
14177 8045 15619 8193 433 14416 18062 17067 11849 7030 5130 15619 11236 13286 4311 19139 150 15987 18880 19877 12657 13090 324 11495 18756 16927
8608 19641 5881 16345 10774 7615 14959 19072 17278 12171 2383 8827 9561 787 303 1176 5444 14773 19197 18442 8198 14539 12108 11903 14505 816
11411 9911 14478 2338 3604 16880 16751 10045 12344 4475 557 5683 3329 17805 14120 13249 18310 12882 7253 18999 3862 12693 15869 8517 6702 1244
19636 15134 16326 2967 13242 8172 946 18905 14447 11167 17739 8205 11108 16557 9613 4479 1807 12742 3107 9595 14985 11628 8366 15168 3531 15775
6934 16465 16405 2961 16433 19773 17019 10722 10225 8500 14534 12407 14686 13309 4447 15159 19611 5215 18268 15427 11429 19916 11626 19490 15298 10562
7949 18623 1654 7033 2259 11081 10136 14693 10626 6565 7376 5097 16777 9415 673 12926 2768 3129 5124 8537 999 7964 10269 17924 17669 2871
17737 808 1231 286 5367 335 5184 6345 14519 11954 2904 5745 5822 9040 8370 1840 1666 6767 13293 10575 5860 10838 11374 19949 8966 1504
4112 2729 8166 4997 1361 11334 15544 9382 14739 14482 16767 15773 3277 713 11047 15558 6308 12303 2723 3721 10734 14447 15537 5473 10525 16721
9874 7909 2680 17155 15397 6704 3259 86 19745 10527 7008 9669 15669 14806 9937 13243 15796 3071 12481 3399 17566 5628 8986 194 15027 10196
2459 10534 2749 7189 4036 5285 2434 3960 13986 2139 8277 8039 17328 10107 11314 14829 12616 5318 9782 16915 2081 858 12128 18070 4299 4997
