365
85 47 80 82 74 35 62 37 90 15 57 36 1 75 19 47 81 33 46 44 39 34 75 35 32 35
1032 6309 9275 76 8271 17122 2609 9677 8633 11643 11225 2522 7528 2697 7312 5945 12746 18637 3859 1699 15498 13912 10018 5284 1127 7851
9940 4604 7900 15811 17229 4921 10808 9184 2670 5970 9407 2633 6169 5740 13201 1076 16164 2788 4006 6011 8675 16918 7640 412 14635 14763
12185 5087 19332 7120 15607 12957 11823 7022 16170 19830 7720 17405 4452 15096 6060 4678 18050 560 19762 19983 15616 11079 14745 2911 13671 2923
8197 19176 18923 19148 2787 3584 7086 19755 16678 2737 9189 10828 13607 11037 11992 6808 7110 15436 5495 8439 17600 12534 4679 1229 8568 14026
13922 16239 11042 2068 19451 7792 10172 18300 19772 8764 8470 7128 2853 15572 10525 13819 18253 13050 15136 9783 9727 10397 17074 13111 8454 17390
11571 5629 5453 5153 11185 8179 2503 4287 17479 15478 121 12745 6410 10432 10867 9972 7808 14716 8259 19308 4848 17527 7585 6287 6141 6265
1758 16317 11870 9199 13355 6226 14250 16593 7386 4205 15138 17897 8634 74 14181 4812 7404 1169 13553 1230 17630 8091 1409 12888 12170 15722
10267 15064 16068 13454 16064 14873 11270 350 18148 3887 18889 9895 1123 13220 8540 5999 17068 73 8684 15252 8298 14176 16799 12438 6797 14226
9694 9110 134 17541 3564 5788 18713 11197 12418 2230 15560 15838 11518 1216 3266 18833 12013 5703 19079 17062 6712 8716 11687 255 7029 10262
12031 16079 3773 8622 6059 19016 16622 13934 15207 3387 13022 16839 4993 14699 290 18473 9138 8924 14149 13411 19692 9418 9387 14012 10878 3434
19979 11088 11667 7474 4590 13167 12709 17067 17691 1197 2462 7339 11579 7758 18171 11486 19630 4254 7207 7023 8730 8650 13781 3891 8823 655
1553 11948 18158 1850 14874 13912 13109 16493 15236 4354 9674 6036 5943 5778 2725 5411 16128 5669 3660 4988 15319 18934 6535 2041 11338 19481
14538 16351 3573 7965 16904 13567 2844 9671 16498 6037 12374 5614 11495 1934 2207 15988 6700 16149 19044 17426 5917 10745 14091 3652 14559 18595
1971 3929 8853 3881 6617 2435 5635 17609 19641 18646 14334 7818 17209 12732 17791 5758 13060 5039 3739 7131 3555 17189 15476 19134 4381 14776
5089 16698 8407 13415 14275 4726 3633 6290 8256 762 4886 11502 17165 1940 2188 4723 1916 2885 15781 19307 8249 6314 6835 14306 18686 1113
4920 724 8041 7641 15377 1255 8800 11463 13591 13650 11181 15635 19582 16750 18834 8125 8719 18595 16907 10148 8365 197 5819 12795 18807 18871
6119 9879 14118 12142 16591 19087 12354 6733 6479 3808 14706 8104 14481 18048 14737 2488 10876 15094 4775 9646 13460 1013 1195 2382 2495 7048
3709 18719 9312 11175 11105 10684 7522 945 12627 19974 9374 19543 16738 17735 13022 14681 15456 19156 17774 9135 9678 11667 2434 9759 2826 2806
3298 706 12039 2305 14568 5779 10616 8905 5000 201 14994 13840 13153 3440 8054 9689 10656 1000 10341 14898 14177 12466 19505 13659 6558 19310
3524 6394 2673 3930 19154 10842 1608 8644 16704 10957 8901 17797 4281 3520 11536 4234 12466 9625 19522 17077 13420 308 12845 5072 10698 19855
10845 17736 10490 2160 14231 16175 3370 7062 11611 18484 6647 8340 13376 8082 10126 14306 11712 7318 15688 19697 13303 14614 10532 421 1632 685
10126 685 6439 15272 5209 3654 8677 14122 2272 8073 7692 15265 5387 6774 3716 10388 19086 12763 4842 10530 18137 8536 13867 19436 884 17207
7922 14624 18909 13957 16790 3367 12368 8124 3698 5409 17158 12396 12669 13023 19977 15475 19649 8320 2453 3918 19764 4799 6712 10236 8089 11277
14111 1484 17406 10598 10006 7441 18690 12039 5679 15188 12217 9694 2485 12981 7428 14934 9094 13214 19372 17033 18012 5558 8255 11959 3860 15665
7318 10814 6770 11415 13096 11930 13652 7477 13587 803 503 3300 11599 14103 11668 17246 2324 18299 19066 16471 6194 9538 9991 12583 17181 11489
13144 12571 18933 19167 15940 10063 6729 11528 17414 279 5427 2316 17131 3346 1790 19628 16528 5005 1407 1663 17395 17608 207 14220 4108 14246
5135 13716 6174 18266 11358 4366 18214 1531 18985 18832 17223 8421 1386 1573 12413 7578 10303 17589 3060 5027 9267 1567 6532 12961 14622 14554
5951 1128 8841 5533 17962 19957 11395 6087 7375 9581 2833 16419 7991 18526 12389 4584 18235 6324 2482 10645 2107 10350 4156 15867 19954 6980
6294 3600 17529 19119 4103 8974 14247 15430 7584 11503 19995 9154 16788 19401 4337 6999 6618 14654 13078 16118 11587 17802 14127 16285 15018 5469
1426 5874 7966 10888 1485 18066 1521 7404 3327 1780 5684 19677 8179 4864 7351 1629 15263 13169 138 5629 11249 9151 4553 13073 2864 9298
3739 3585 10583 2570 18569 18887 9691 7584 211 11930 8029 14514 14796 17113 19653 751 3780 4537 14258 17878 6853 3576 7343 6141 8760 6352
8678 19247 12816 2102 6791 10601 5168 14107 19575 13660 19784 10380 7356 6358 4502 5192 4262 10783 15934 18825 4962 14370 5673 6820 2007 5617
19172 3642 7242 15039 6447 16578 12598 11833 4072 18003 12972 394 7341 6807 14389 1233 524 16478 986 7716 379 19322 10159 8920 19776 8065
13299 2717 5465 3021 14498 9205 10117 16266 5678 15410 10941 16500 4887 2894 6018 9968 4470 3763 10351 7922 6818 1509 3387 16949 18770 8491
18711 4235 7118 7827 14766 5210 11034 5487 11191 3671 5140 16224 3838 4955 9270 17076 4779 5430 3059 1648 5981 5307 18259 7063 3156 1616
8459 11586 10623 580 8052 11951 8517 11623 15499 12555 14725 13520 9790 16997 10722 15926 1865 4117 13980 15081 7184 13948 818 17416 17236 4894
10889 13716 4447 17927 10064 18634 18758 7419 13331 1589 3672 9857 18321 2284 1225 16254 4059 6571 3996 14481 9216 3623 19488 18739 12060 17790
158 14499 13290 16154 3765 7401 3563 16467 19346 869 1596 18918 15102 5079 15805 515 7496 1897 6078 16783 9684 13099 11939 13873 10391 10149
18131 12966 378 14127 7501 7270 8943 15809 4556 18531 12832 3453 12727 6414 17150 6743 12178 16413 13733 13594 2517 17892 4122 1473 15511 6788
2744 2006 11200 5676 4860 19560 10828 13256 7315 337 9061 15654 2603 13326 13066 6061 8623 800 16166 7840 19828 14407 18792 14944 15345 13060
18696 3334 3754 10533 5265 11604 3132 17508 14831 16038 18558 14240 9536 10343 8730 19650 9139 1158 15202 16633 19299 3619 6538 8634 7926 17128
2128 8751 13508 14758 15069 10032 16659 10230 9073 8903 3022 5542 19089 18406 8644 10009 18984 14828 5717 9623 7574 3205 14637 11316 16241 17433
11379 6915 15394 16226 3294 4112 15023 11101 9728 11897 9684 17802 10738 17297 12229 16421 295 12686 4596 6566 10505 20 5560 17837 12589 7495
12181 8492 285 2784 16527 3652 2385 3300 15948 1883 1412 9419 19312 6326 246 17400 7677 2292 5094 18600 13369 631 10005 2710 9000 3371
11004 4798 3346 5381 11831 16749 8589 8195 256 1263 18903 832 4229 6023 1376 16421 9192 12511 9244 7441 14934 9001 8974 7900 2602 6631
1376 11452 13524 6514 19205 13976 13530 12584 5616 17035 3940 4311 16502 12999 16389 18153 18282 12489 8980 16145 1763 11390 7830 10381 3041 12572
5498 9019 4859 10901 12377 19291 7556 1903 6171 8053 6880 15779 7028 15314 13484 12815 19382 2300 15568 1808 19117 18304 1022 13766 18761 12645
10837 8306 12372 633 2218 16436 17837 753 1856 4848 19565 4136 9103 3900 17372 5091 18528 5830 5050 15951 8146 15746 15929 8528 7431 4157
12315 4416 8846 9884 4761 13431 17166 16160 6400 15514 1116 13380 15263 6116 6068 15413 4473 11423 4576 5886 13845 823 4986 16525 2154 19217
16648 18654 1028 12525 1318 5925 621 10026 15798 12819 6272 9599 15733 10085 16599 17663 3847 9675 10496 13060 16641 16378 3058 4091 11908 15181
11337 18425 6498 2403 11887 852 6644 15333 8588 15053 14246 2658 7007 14907 2447 7812 14551 4536 19213 6349 3441 6950 13936 15676 18232 9721
87 8341 6814 13834 14696 8272 19021 18446 14022 4104 3586 9697 1411 1732 1129 7597 279 1939 1847 11793 407 2378 716 10790 11876 2115
9639 1386 1949 18676 3738 18093 14129 5383 11238 19994 13293 17904 1609 16518 4283 13715 2106 15724 18813 990 18649 9096 5638 4427 12423 17005
8356 10467 3825 12943 15873 13752 11032 14294 1168 10497 10295 1719 6283 8261 17475 16593 1325 648 5473 14928 12423 7001 13506 11214 14860 10863
3679 4775 6479 1431 4045 18467 8891 19927 16873 7111 9845 19726 8465 11396 15297 19625 15680 13405 9668 13721 16871 9923 14415 17527 10094 4003
19963 11504 5004 15244 12709 1661 8888 8980 17430 7943 14758 19362 18941 18222 1456 6453 16222 3650 13388 1603 8059 4321 18159 6513 9912 15979
19958 1191 10141 4599 4715 11895 9713 11006 11453 16695 18564 2415 6899 346 16595 9421 2818 17611 17317 16379 6432 10294 5006 890 2725 395
17617 11803 17911 1919 12182 12293 9971 9167 11941 4799 3424 8043 10327 19058 12156 5444 12749 7855 3871 7284 19658 16 1059 19358 17625 4761
12040 14905 17898 12993 17026 17760 17018 19587 4775 16727 19749 1137 17837 5047 5671 12419 17086 13605 19963 9605 14402 16457 17827 11720 19596 2267
10075 299 19627 966 5849 19522 797 6661 4992 5800 8555 5858 4040 4363 11833 12538 11099 18984 3636 11633 14333 10297 18762 8635 7926 16343
1645 3662 8919 10773 6760 15982 15004 1904 2738 3621 3790 6648 13316 19050 9013 6686 9543 7720 591 17716 18755 17588 16438 6847 11687 4506
19536 14158 13189 18644 9768 6451 6853 3042 17633 17680 17920 9779 14629 13889 10223 18760 13203 7996 12782 3178 3081 11332 4056 10175 17593 775
17443 5016 13344 19625 7754 12059 15262 7069 13462 17036 8286 1950 10002 13323 15939 4107 18973 1112 12347 10793 19405 1177 15224 17939 995 3953
63 11521 18834 8081 5959 7425 18172 12230 1129 8837 5844 13517 7295 1854 8946 10281 16433 7918 4154 7900 10290 586 11194 13925 6721 2432
913 11599 19785 13147 10152 3694 3294 17787 10133 12801 15213 15413 12082 17386 629 10770 11897 14090 18164 13718 12801 4218 6527 5304 4401 15383
11516 5576 16131 16356 13235 13023 4749 18278 8614 14747 2597 9095 17532 18438 7243 6426 4405 13161 13013 2817 8735 18245 16700 8476 8460 1917
2441 2316 4068 5100 8474 17365 19723 18359 7994 2518 4840 9762 6400 15392 17315 19846 15630 9710 7896 7008 19751 13163 7358 17971 7710 8833
993 16449 18045 13622 4942 11215 4117 7266 202 12412 16072 12443 9402 19093 8089 18305 6558 2927 13820 11563 3095 15529 17987 10798 3696 19479
18654 3575 18349 3879 2738 9018 19032 1356 13586 17998 9057 4344 9256 16669 6062 11057 2353 4459 2444 10013 11539 17518 5486 12912 5628 16924
17394 463 7823 4038 18519 18525 12136 16270 6798 11014 1701 19961 8706 12264 13171 19421 973 1992 4034 11871 956 2553 8383 11683 16734 16979
4542 5105 10061 2797 7264 1412 7807 11377 17494 5878 18710 19 6636 19544 7774 77 962 6668 12616 19633 10949 1151 6105 18292 10197 3057
19671 13866 10950 12389 13395 13373 15961 17105 11665 8713 2709 16503 11551 2154 12126 13780 9806 13638 9828 5959 4521 8113 7845 13017 787 10737
19725 9173 4911 18881 1529 12378 12488 3822 18260 1822 7314 6331 14260 17006 8105 8891 12373 17651 15321 2149 2 12867 5581 12723 9602 13351
2830 14612 5437 5356 12962 716 14195 4673 16204 9086 10108 2324 18313 7668 12135 11003 7559 16422 9357 9791 12790 8738 6012 7065 1798 16594
14492 9911 16665 124 14847 5720 11464 15687 12364 14028 11810 4657 4122 6821 14606 4425 4979 7273 19519 118 10885 6166 13939 3186 5629 7745
11761 6495 18534 6555 10307 12728 13069 16425 11593 18313 3165 3219 19312 11507 18380 7266 7505 14647 12807 16287 3597 13845 7267 15509 4016 14043
12659 18296 1714 9106 2029 13783 1070 12039 16896 11673 10005 7827 9903 9753 13355 10836 14716 10581 5027 10630 17777 10810 3784 8038 9143 19413
427 3869 14674 2301 3322 13832 16101 11451 11381 15335 1012 15224 16900 16701 16642 13669 13958 4074 8321 840 19574 10073 16703 2025 3006 668
4715 15053 3819 15361 10974 7130 12889 1289 2711 15179 2776 2964 7308 16431 3278 9704 5284 19703 2187 544 11198 13352 14809 13556 1407 18990
13424 2280 8754 9948 17565 19432 10360 10248 7774 9930 16628 16073 1873 18631 2646 13489 12764 13716 8717 14813 154 16155 7734 15024 9695 17730
2777 13384 5586 6887 18597 16725 16414 6139 6779 349 8413 10103 17582 2291 17013 16322 13323 7237 17835 19472 8293 18078 9552 1717 956 19010
6410 15477 3645 18580 18 1946 1822 10438 7788 7140 15452 7392 4682 6762 6373 6349 3150 13528 13267 250 17200 12423 14721 4892 19225 16081
15038 1172 18259 9527 3230 7507 14419 12105 812 14035 11529 13131 2838 15537 10544 18784 11906 18830 7316 8614 6582 17979 17331 16668 4842 960
2158 15531 15529 1890 1297 7923 13612 6969 14674 18732 12486 12592 16480 4181 18753 17302 10293 15493 7573 19430 12362 17389 10626 1344 17564 9192
12171 14184 1489 6509 8089 1099 1760 18139 9960 19880 1797 8647 17871 1679 15956 5785 13201 15887 11116 16290 577 18405 18460 11610 13751 242
15198 8068 14490 12334 11727 9632 11211 876 16009 18882 5453 5694 16179 17951 3718 12312 6373 16346 13255 5894 16153 3354 17358 17686 8666 18069
19247 7992 2325 13000 7996 12802 6323 11838 9409 4703 18877 14875 17306 18329 11860 5682 15711 14634 12162 1002 8759 16347 8828 4894 4 6626
2088 11690 10349 16875 14420 12659 3731 10662 1302 1270 7589 6380 4297 2006 14085 5177 1063 7932 8897 7211 19229 4299 6355 16135 1038 13233
3885 18578 3036 10055 3306 19068 7801 19211 84 11417 9330 6695 10172 16198 16095 9252 11223 6143 14747 15241 3518 666 9462 8801 2081 14510
9520 1954 17942 9965 10464 7130 2957 11931 4610 10306 4904 4498 11478 17973 19017 2166 6972 9315 17848 7444 19338 1744 19639 4221 18438 14122
7655 15759 11471 19321 7921 5093 18634 13522 2845 11370 2272 5646 13097 16894 19396 16945 14683 6699 7145 16861 14258 1887 19966 11162 8804 7295
18658 16320 9017 19148 3139 12799 2213 5529 14387 8273 4122 17635 13412 2738 11125 15790 3476 8248 7339 15470 16105 12973 8554 17240 11772 10584
12158 1077 5546 2240 8510 1312 1460 5020 7487 4268 15537 2926 14205 17785 15325 11434 17805 12088 4995 4000 8994 5917 15062 1022 2036 6484
14127 13781 14045 16037 9873 4606 19868 4518 19868 14993 6063 3363 395 10046 9889 7973 13479 16846 10732 5973 7604 1873 8636 18594 13204 12585
13641 10158 15527 12511 11918 6573 902 1852 18807 4260 16797 16840 1161 14001 17996 16241 7152 18396 11243 7365 3013 5365 2405 9483 9649 5775
3974 1299 19470 7172 449 4680 13237 8488 10125 8919 5544 16199 11467 15699 12159 16122 5073 17340 391 7786 828 17793 5365 3513 7794 14395
1985 5654 15969 17160 9245 6469 19467 14205 19961 9719 1833 207 4577 4720 13515 9748 14961 17469 4430 16500 6431 6489 13913 3021 17150 19832
9125 4030 12188 9765 2041 4423 10302 14496 3718 904 1993 13894 10116 10088 11549 15285 13663 5481 2502 19470 7563 958 13215 15444 6229 4102
16644 16491 3198 18225 8360 17482 8024 2343 16699 7273 12767 18875 13668 5082 5411 19541 338 8650 15587 3729 644 7707 1526 6423 13402 3855
5110 2559 5326 17274 15799 8151 16870 11696 14310 18773 19367 19519 7394 346 18277 19016 1791 16025 10569 4247 10005 18269 13198 477 16058 15571
15763 5196 5230 16405 14714 6532 5046 8905 5616 582 6730 17507 8193 7629 5306 5826 2130 17953 15365 454 4804 849 3413 19106 16437 1160
6814 7460 8665 6531 17223 14507 17111 4860 8595 5743 2432 6569 13655 11391 10487 17969 19732 11897 7597 6680 4071 1903 14254 11896 3854 8895
18780 13854 13094 978 17150 10876 10314 15545 11439 18456 6369 12050 7861 2430 1826 19741 5369 2104 6519 12291 3582 11791 9929 11001 6958 16931
14962 17234 5852 17551 123 5255 1143 19486 11357 17193 18114 16570 7719 2729 6986 16147 9660 13205 9935 16831 15158 15604 16651 13360 7604 19346
11928 6512 2521 1206 12688 18729 18207 18576 6695 14618 13059 5379 10849 15750 10125 6984 6407 18722 14911 19756 16148 19205 3147 6514 18187 7893
12490 9811 13340 10814 13790 16671 5794 17402 13144 19475 2447 191 18707 15009 9402 4435 47 11402 7790 6985 4757 5876 13509 742 7218 5427
1126 12923 3997 4264 19773 8617 12473 18227 8156 8283 14858 2415 16040 8162 2753 29 6845 1806 17717 11592 5514 18901 4021 15758 18796 3598
7628 8554 19174 6804 7708 4808 3776 11420 16024 16383 11779 2341 14872 1611 18750 10495 18506 9292 14513 11996 12798 6743 18727 13507 16785 10937
495 19159 3221 2234 15429 774 12363 14082 4682 10744 1937 7053 13792 4422 700 13898 1549 5305 14816 15040 4392 19931 9776 19766 1305 14716
7559 13695 3208 1457 6924 16690 443 5170 2584 12228 19948 8427 15792 12716 13633 320 9207 3182 141 18256 13212 7130 13996 18557 5873 5345
15489 16777 11427 15913 6775 9642 2257 19766 18819 364 9849 5137 2644 17239 297 14564 6032 11689 7422 9112 12724 18508 13560 13059 6928 1624
4536 1549 10486 15440 11077 6280 18649 19070 17234 4525 3817 7336 16279 5100 14151 16720 9112 5648 8996 2880 3869 4823 1134 15757 15954 4413
14735 11720 17061 14232 265 19472 5394 7119 16288 13031 5504 10753 17541 16561 16269 7651 212 10449 9062 1530 16438 9620 383 12810 13362 2463
2967 8813 2049 14312 2877 5841 4637 11050 15396 10217 15478 4865 14826 10782 6354 17647 4458 830 3254 16800 13937 3313 7415 19048 2373 5668
8288 2894 14047 3957 15599 8029 2700 11426 1042 7668 19689 6400 16451 16171 6320 13400 8972 10721 11108 17704 12728 5910 5142 17642 2009 1390
11314 18955 19641 1216 11721 10306 2783 8262 2995 18100 1951 19329 11258 13622 13822 11246 798 11997 19846 17117 12469 4212 6948 2907 16753 2897
2884 10273 10107 10487 298 19324 6709 11848 2974 9802 19450 19582 3867 9680 8292 4251 1097 5219 18480 18979 5178 1208 15100 11075 17362 759
17011 15920 17095 16697 7853 13162 1729 6295 16286 4116 35 2953 14556 13197 6670 13020 14187 6620 15675 1855 1041 2987 6221 13940 16023 7454
4174 3341 9379 17712 19011 14845 14414 11694 18832 13421 19865 7413 6555 17759 10796 12092 9349 14764 7580 3327 3729 9939 6301 10617 9508 16882
336 4086 1593 3687 11015 2624 10214 3904 5088 3816 3682 13037 16947 17672 9897 166 8022 165 18070 6980 6124 4338 8309 18583 16213 3119
8460 17760 1176 13661 14600 2550 390 13401 19995 17399 18850 12203 10242 18223 1235 11394 14293 15383 18950 6466 16884 4273 11620 19910 8730 10914
6972 12016 16299 18356 7649 7959 18616 16469 11199 19512 4623 564 3015 17456 11071 19902 10881 14970 7780 1767 16302 18458 15794 9949 14241 9931
2866 18848 2870 48 712 13205 9604 4287 11794 13779 12110 6205 686 3611 15288 18683 7774 2050 13230 17606 6811 19908 8727 2704 17523 13029
8108 9300 4332 18110 5439 14183 3766 3143 4081 6807 7202 8366 11307 4108 4530 4116 671 19 16850 2488 5446 14287 8114 13529 12283 4153
11707 7141 10167 10217 14239 11357 19796 703 16600 19101 5593 19267 7343 19511 8927 6757 206 3113 16394 603 6075 4146 16731 15313 16307 12765
3286 13355 3430 5651 7214 1436 2768 9572 5325 14186 4982 17084 14267 3561 2848 1110 6864 18032 16912 5884 12095 15302 5982 16259 8405 9622
8193 1073 15066 13514 15598 14904 15387 2825 15898 11333 7729 19245 14498 14831 14256 19967 8465 9809 17232 6732 14420 15929 7101 4324 1891 2928
1764 3843 12239 4088 16705 4830 11548 10726 5455 18190 19328 16535 8315 2522 9837 19161 2960 17938 3300 14237 8422 10353 3844 682 15350 12477
17042 16414 11022 7495 14730 14718 5860 7716 18309 14618 4626 7868 19303 19185 615 13690 3749 10338 1882 16711 13939 8844 8873 4086 618 12215
15794 12311 9227 4750 3773 5258 11251 8187 9990 17670 12126 2119 5055 2376 19631 13882 8702 18060 9679 7268 15578 1246 5005 9548 4338 9903
11966 3015 16375 1773 6739 15094 937 4003 7386 7539 705 13181 4460 6750 7390 16820 8254 18944 4329 12865 4339 15575 4746 17945 2904 7437
4731 12487 18662 10460 1999 9644 11681 5387 19952 10944 9646 13885 18753 1025 12937 7037 7690 1490 13075 18028 2964 9392 18970 9167 10946 10961
5645 19927 15448 12710 8150 2591 4333 1933 13907 17402 16048 1155 11541 124 18509 19465 13777 12193 828 9946 8561 10217 14745 19301 5790 14271
11399 16339 6193 19132 286 7946 14045 8723 1393 1209 13921 13429 6785 10017 1803 11239 11993 10683 15114 3175 12771 9870 2203 9362 3539 2414
790 16002 13822 19476 14173 15410 11258 244 5690 2057 18705 9589 7309 2066 6598 7666 6185 10205 10784 11617 3424 15612 10144 14258 6751 12147
13721 5473 10353 18072 10491 11730 7755 2074 8542 18423 4163 3520 15037 13579 232 11389 14763 10121 9774 10413 3255 19168 309 13999 1492 9403
11681 8899 18743 12315 11056 13932 98 7350 10558 5262 13328 14157 14044 18168 14204 3556 2618 1014 4879 12076 5765 14421 5950 15815 669 15370
6841 1627 13366 6446 19272 16316 4624 9243 19537 691 12559 1492 19514 18597 1416 11561 15392 5475 2505 5544 11670 18591 998 10316 14413 12555
664 17356 7869 474 8340 2575 7708 1504 17888 6138 3539 13551 16408 5025 2430 13360 2613 14418 13145 2144 12278 4218 16766 17005 18076 17358
19516 2158 18899 329 2233 12433 4511 11852 8006 13260 17188 16274 14042 10421 9996 7942 6173 15461 16584 9792 12972 5149 8013 3500 1135 13966
19526 8232 13456 17459 14953 7128 3132 18031 5078 3946 13089 3930 18999 9989 17832 11421 14022 16710 4835 14438 13889 16342 14234 10653 10963 1269
19401 1410 2934 18053 2818 7233 1351 8503 16213 6953 14919 16917 4229 9661 16200 7759 1673 11080 1947 19826 13196 8639 9248 15718 19530 2493
6439 15596 12449 682 2554 8141 16041 15256 9142 2547 12017 13410 12504 6306 8738 18025 12879 3441 7736 10413 16004 2570 4771 10018 8757 3736
16287 19619 19309 19872 5483 16784 14911 12429 14150 14157 17121 15476 12008 3091 7021 19591 4840 14483 667 6219 1456 330 9392 18884 9613 7954
13569 9188 8275 15872 10545 16831 4044 6577 10980 4178 19844 8473 15621 11558 18232 506 6069 10320 19950 5967 12350 6747 11075 14427 17725 19311
12168 9210 8095 1138 18595 13385 13088 2346 19932 6633 15537 5620 2185 9141 14793 6131 4543 19453 13242 13635 13990 17464 12699 2816 9611 3193
17136 2146 16832 7447 15482 16830 13022 778 11770 11067 6111 12543 15575 14911 519 9369 7388 3723 3735 10895 4913 5370 9740 358 6702 14514
10604 17400 16901 4119 11607 4109 19633 12266 2780 5086 15724 7399 468 6340 15599 9882 3448 8949 11937 17963 16211 2302 6248 3730 1061 6822
5145 14255 18336 18873 8621 9871 16542 271 9601 8596 18400 3177 9473 12325 10812 2834 11520 19528 18071 3420 10585 17321 19851 17575 9762 5356
15665 9896 12662 5839 7114 18233 11845 19122 13740 16598 5184 4647 19412 15338 2567 13735 14686 8600 13177 6583 17047 637 7689 16079 3658 19327
11536 2907 16604 17975 519 8055 7921 9538 612 18907 4937 15413 4137 14065 11861 16385 19131 17450 11149 1200 10281 14375 5619 10855 16383 10494
16446 4026 3356 7649 12706 15963 18500 16821 13172 15978 6952 15585 13397 9318 2113 18365 13057 6403 9246 11582 16841 571 4276 1349 6568 16754
18459 19273 8129 7327 3648 18551 14384 17706 15038 2826 13477 16660 17889 3562 6108 16151 12772 15229 1785 2978 3081 7733 4843 18379 10426 13917
15020 9074 17881 12531 3796 15630 12103 8182 7105 15640 15369 11371 2418 5284 7770 8376 5198 13079 14891 7099 18832 12606 6431 1921 12956 5163
3199 7615 15866 15726 16542 11278 11014 10160 12860 13400 15963 16003 11237 19797 154 10341 2171 16514 6921 4973 14093 17343 12749 15595 16417 9837
11742 14191 18087 10443 12419 7783 11759 14279 5449 4895 14356 8828 16660 15610 1833 2876 5946 9123 14887 712 11300 10679 10738 3789 12242 4878
12761 3488 9656 8343 16259 3088 398 7605 7433 3973 9762 13880 7237 17911 17412 12171 1563 16149 1828 15759 17982 2396 6153 2548 7810 9202
5587 8208 14892 4922 1328 17636 4915 2625 15306 1586 16420 4532 2531 9106 4149 12602 415 4001 13944 5278 644 17805 18260 4277 18931 4144
15429 7339 3201 9425 16332 7260 14141 7076 13139 14686 7865 19994 5029 10209 8610 6256 2406 7285 1576 8705 7427 6974 19010 9339 5502 17565
19070 19755 610 9361 548 12220 16111 6982 18198 6338 14276 16224 5981 18246 14759 7628 3709 7778 8955 10472 9943 6198 13908 18135 4115 9265
1802 7188 18182 11011 16179 4263 15133 3743 6040 18866 7623 13243 10577 19841 9376 1464 16957 13246 16997 18439 12827 11652 15935 15329 17021 12034
15281 12985 11773 601 8143 11167 14209 9514 843 17803 3341 8864 11767 9626 2723 16625 8229 8523 16111 18427 11785 4130 7981 18940 4599 7092
12571 17130 2636 13180 1250 2760 2858 2463 4109 17980 12636 5175 11712 12719 9441 255 4023 8799 16001 220 13486 3414 16996 13923 19911 4361
17997 15956 18789 10321 2608 8229 5556 1585 9765 11733 14218 10553 9785 13680 4641 5647 4822 2968 12190 16063 1014 3788 9986 39 2637 13224
12743 15514 3212 6824 19026 15937 6484 5454 12944 18615 9089 10143 11161 14236 2023 7376 9445 9489 9731 10353 17553 13720 4713 8761 15803 18346
11325 6854 8709 12166 9541 3914 10551 15642 4059 10371 3977 19931 998 11883 15180 11150 7172 5558 19789 19588 4960 2231 7707 833 5958 1375
7681 8183 4878 1287 9303 18429 2294 1683 13935 6431 14158 6333 14159 18069 18166 2873 2899 6006 9451 15256 9824 6250 3032 18828 19624 3543
9321 4341 9021 13812 96 8191 19189 13546 6779 7399 10052 19988 10623 7868 10672 9165 646 2619 2722 2881 3802 14435 17137 17612 11766 14432
18208 18617 12437 2270 5800 18075 563 15663 5852 8639 5596 19643 17666 17655 3836 4190 6552 13645 10720 16523 1439 9179 7747 2748 19463 2725
12157 892 2240 9613 2630 16212 4771 3519 16624 3416 16003 3593 5748 2275 3561 16270 14771 1182 18304 6658 3297 18941 8969 11789 2425 10216
7482 17318 9526 5994 2965 6132 6844 9150 15745 3700 19639 7255 16315 14716 18946 8263 4921 12450 3928 11724 11335 6643 17041 2384 15514 19863
10414 3872 12344 9283 10985 6510 5616 15619 1926 5866 15419 2992 7721 3449 17586 17312 16407 2754 1761 6354 2293 9064 14184 8902 9297 8428
14999 5282 19514 10776 15375 13060 636 5737 2542 7095 8510 13095 7403 11604 11942 7541 8477 6490 13101 9295 15651 17730 17971 3022 8433 14993
19423 17628 5403 1527 4645 17575 15795 4709 3567 12470 3602 15154 10938 6732 13796 10781 14147 2013 15749 15422 6571 14521 15524 19026 14989 17491
6399 6474 17076 269 12292 1206 9901 18875 19934 2133 161 13322 14768 18294 11523 2566 6186 6911 14660 2183 1349 18622 8505 14307 10287 3725
5958 13762 3118 8905 13448 3140 15444 19400 3255 16827 16384 15229 2468 4257 2982 13399 17430 12029 2254 5698 7870 9152 16380 1071 11557 14066
13929 8277 15889 2322 9206 12923 10607 13611 9490 13249 202 6713 11236 5234 14581 9504 13742 15612 11359 16730 15377 13318 9402 9110 11327 7244
14163 12658 10603 9881 7489 18086 12821 10422 8298 17576 9606 6476 4385 16410 16406 13331 16340 2412 1 15568 14633 12933 5027 1845 14883 15972
4923 16942 6180 9425 14991 1107 6265 12867 14491 3250 12255 4098 18269 16367 9072 3508 15300 14957 12476 4761 10101 12666 16275 7573 6799 17067
15030 12847 2497 4231 19102 10368 15436 18978 17881 825 16908 4601 12320 2679 11489 14339 13634 4880 7754 10258 6895 12050 12402 2000 11209 14385
1037 19881 14626 9739 15172 1203 2785 1281 16850 1018 7127 15606 16924 1094 16259 16376 4650 5323 12823 2136 2659 16554 9906 1887 3704 15436
471 9001 17805 2774 19676 17302 9648 1036 15297 13541 3452 17436 8623 11241 17031 4997 7195 16325 1281 1756 7092 13510 3820 6795 11510 3047
16094 7134 3829 6636 8682 18433 8739 15108 4714 19477 9223 13655 14834 17825 14485 12062 561 13425 9362 15827 15282 11197 15113 11890 13191 843
7444 672 15445 16710 8203 14620 9533 13167 10587 19351 8454 7100 10890 14136 14088 14766 8097 9978 9227 4865 4988 6269 16919 4747 12047 19788
17980 12103 6303 12448 15289 19476 14323 17372 13236 7545 11925 9241 15133 6728 19985 11432 10930 5435 1505 7419 9313 880 19652 7349 11492 13581
15471 17569 857 271 12316 16867 12994 10970 1454 16566 1247 18247 45 5472 6772 15156 8778 9624 4780 11162 16317 8740 19859 14971 1349 3562
3396 4479 8011 19662 9510 4390 18985 13069 15011 11000 14337 12306 17094 745 7593 2725 13710 1903 8732 14262 10494 13689 10529 7540 3529 9080
11186 5615 18344 10467 17960 19614 10895 19458 19121 17074 3912 3077 19053 13968 10123 5908 5433 3255 9007 2005 4445 7163 5812 19913 15775 18843
12996 10695 8736 2726 1453 13961 3534 4031 13382 4731 15757 12269 3926 12725 16290 14250 17970 2373 12036 7197 19293 9311 14808 19241 17048 6687
9243 10382 12828 1174 19682 7624 10849 14562 5756 4565 7328 18067 2922 2607 13433 7683 5819 16009 15708 4313 8490 14911 10181 1444 9572 3923
14642 7397 4735 11265 14979 65 17736 6653 16934 3097 15677 15102 1557 1957 13863 5717 3963 4187 10111 8565 12912 13279 14095 6826 14461 16909
19049 5201 7305 14593 1734 7751 2845 11082 18364 4824 17874 9076 8362 19445 7693 12255 8571 14201 8899 15944 16843 8969 1895 8417 17533 4292
1049 1811 6246 17372 2857 5052 2641 1789 17275 4825 18895 12487 9716 4900 4347 6058 12143 7188 5276 3129 358 4040 10814 6609 10641 3484
12818 2919 12188 2929 10837 19339 4153 74 16345 12274 8850 16440 19960 5492 19094 2163 14637 4168 19108 14172 11883 10156 14683 3010 14317 12766
15421 4382 18283 16219 3978 8432 16290 6955 7951 16557 13214 17238 16790 10457 1245 11901 3051 13494 19229 3766 17044 9971 19139 3762 15261 5303
2716 11999 18258 1168 5431 8306 11766 7908 6831 2292 11685 9851 18482 17185 17725 19734 18565 2703 10155 15532 1829 12937 5256 10968 14352 12911
2171 2419 15463 4705 19870 6521 11975 3166 19608 13270 4188 12944 2947 19630 5653 7603 9243 18582 16650 1472 15676 9139 16316 1419 2085 7666
2669 7690 11423 8792 6658 12035 15741 3466 14512 3949 11115 7548 6542 8505 17131 14306 11661 18760 14102 19243 18701 8425 14160 199 18354 4626
19303 1920 12798 17738 9416 3811 12016 4866 18024 1344 7451 14413 8050 10300 8939 5634 10366 463 16231 18820 13189 12853 14221 17008 17579 1923
9142 479 6207 6825 2323 4783 19247 4053 8915 9887 12318 18615 10661 5426 16014 19448 4024 17923 17836 17291 6472 4721 10703 3252 1458 13891
3583 8498 3213 7515 18335 6808 2885 14502 615 17174 5350 10471 11794 13555 10488 2331 18007 6100 4023 9418 19316 3703 16217 4716 13271 5777
12431 13668 13437 9693 6976 7459 18261 14289 7008 1798 7566 11012 14064 17239 3614 13087 5545 10943 7071 10140 4662 12504 6261 17141 18863 967
6335 16249 11151 16610 4163 17187 8396 15261 9047 18015 4055 12209 14385 18484 8488 10650 8642 18080 13415 10303 9396 3879 12466 5289 8662 214
5379 6028 1958 12457 14058 3248 3527 17120 667 13722 5477 17735 18308 4776 8900 14731 11182 19664 18791 18955 9278 5612 12257 7770 11378 11414
3629 19960 11846 3969 18131 14603 9289 5690 685 15262 19063 13980 13624 13177 4592 9920 3802 7880 19532 19893 377 3673 5674 7818 7663 8607
1816 10888 13934 14405 11651 19819 2378 12134 9130 595 16148 19675 18054 7295 11061 1137 14028 4971 4645 6362 10817 654 7014 2133 5494 4371
19109 4666 19905 7094 11925 13419 11993 3891 12075 18920 9626 2760 16156 3087 7535 5873 7880 10151 11143 5196 10750 18584 16616 1589 7992 14966
4283 11724 16507 4220 5196 16381 5957 13317 14091 11626 8971 12320 4925 14340 2274 7914 13279 15073 18725 8214 11076 2702 6799 11284 17207 3703
5696 15961 17472 6924 2588 5273 9293 5860 11612 14586 3055 19028 3458 12222 17628 7619 10052 13742 5537 16194 19159 391 5550 11353 4540 15792
13045 1828 11230 18593 18323 5034 5947 8367 9347 9443 16018 8281 5233 19508 647 10804 13579 14977 9584 14480 16596 17590 19618 884 4628 4050
18060 14904 11659 12101 15058 17887 15941 4081 13966 16784 4778 9148 13082 10184 11198 7046 9500 19646 11098 16687 3035 5483 1248 14013 3702 15446
2882 9722 14085 12554 18390 8821 12766 11474 11122 18791 12817 1482 1261 1293 14917 18703 14981 1197 12002 4043 5737 9686 17345 720 13343 12276
17857 13098 9356 11167 5784 14748 6145 7449 5549 12806 1359 13280 15016 8450 18409 13017 16544 11448 17759 7062 15120 4394 469 4142 18949 4969
18355 18492 17853 19629 14504 8020 8421 2305 12891 10422 416 5702 5777 9041 19164 10642 18504 16177 11874 3935 17468 14815 18519 11937 1750 1197
5890 7511 4246 2244 5287 2571 12103 8162 5679 19755 10497 502 16097 8335 17626 2679 6593 3484 16552 6195 4822 17791 14187 8779 11138 3321
4441 9766 15776 6547 15094 18906 8073 9064 4923 13191 17248 12532 4553 16589 12810 18194 3539 17497 5943 9180 17074 413 3398 17324 4927 3791
11294 19856 13824 16982 9297 12436 7901 5531 11066 4447 14104 6553 700 16818 449 12549 1063 3935 4576 16940 19063 5634 7106 1219 2582 14688
8065 13497 5851 16228 4193 4610 3393 11251 4970 8634 3267 11246 11421 14386 5884 2781 4841 17635 13259 10629 16422 3382 17487 2514 11580 7909
5300 16653 13250 78 12000 16985 18934 4637 10302 17692 4099 7787 9472 7773 12424 5110 19612 12785 2850 8662 16475 12125 18670 6218 8400 18490
18341 17729 89 4659 2319 16360 12899 19058 2338 15497 11073 3951 6671 2945 1701 5281 5517 17605 11420 601 18932 9797 18743 2981 2552 12895
12669 15861 3059 11430 2793 15008 19214 12526 10339 10829 9740 14628 1034 3288 12472 10993 5844 5617 15407 12871 14921 10066 7455 19258 15608 19442
15762 19066 7157 15400 13401 9723 4926 19357 9624 14544 6857 11805 6806 17443 808 4029 5073 16022 9651 9482 8037 5763 6125 2373 17325 15934
14193 11252 18165 9167 16354 4132 14085 7311 11019 8833 16718 4141 8005 19521 9510 15318 9712 19372 1702 4417 13329 15943 13967 18715 14548 13818
3450 17181 1393 2105 21 16535 7051 12555 18016 6667 19601 226 14059 12259 7505 12555 3426 4538 5666 16412 1663 6130 13703 18629 785 3572
4791 5247 739 17838 13680 4454 9566 17216 11988 4553 13188 19668 18299 10245 4131 8156 12717 13118 17565 8212 15053 494 6729 1143 14532 1707
11492 2549 9591 9575 11536 1913 15725 9330 14465 7755 5412 13520 19394 12199 6176 10308 2339 5360 2892 1036 16615 17698 1923 11459 12285 8729
5294 7540 126 13564 1580 13959 2370 15576 6590 18829 6419 2035 18185 14167 7806 2282 16439 5611 13928 1226 13882 2577 7145 4671 18642 6004
13160 4166 7790 16871 12979 12398 19102 18575 18302 12816 9957 15739 308 8031 17407 11913 4455 15119 15056 2196 19327 5035 6284 2057 6053 12664
3094 16228 7864 10795 9703 11801 2199 9117 18980 18491 18131 13392 6726 8801 223 2564 9194 2361 341 5416 18666 18896 5205 6221 16987 14909
3594 10694 8704 1355 4160 11409 8777 18899 6103 4836 17078 15758 18168 17365 17909 16328 10624 6293 19416 6782 12165 12247 6164 930 6679 19459
833 5423 16338 14891 11557 15843 13948 11430 10738 9686 11897 17036 15474 3245 1791 16461 16552 1509 16933 14383 2206 1267 13363 19787 1578 3879
18232 4847 19403 579 17233 4966 1472 3037 9635 5920 2585 3321 2600 635 11371 16405 17091 18138 10439 5596 3845 6935 13189 11617 5767 9783
820 11024 5655 15530 11705 15385 10391 15676 14817 12691 7225 5699 7162 15985 7483 11633 7581 1301 3194 19109 8696 10785 16418 5041 9212 3197
16334 3017 10778 16686 12139 12745 7108 18973 15593 14114 9259 10022 4051 17768 16978 1040 18690 3873 18824 13300 10510 2300 4439 6757 5146 16752
8134 14722 9452 7841 9808 5541 4397 18317 3358 6279 12334 3303 9666 18598 10892 17058 18353 17902 16167 10412 4965 10915 12322 9002 8172 4183
1458 1250 17243 3680 12141 15068 15349 2710 14093 5785 16730 13303 8303 18137 10309 10761 8314 13450 15020 3724 3606 19038 1734 14492 9148 2580
17349 16180 766 11870 6049 11889 19327 14285 16441 6881 13195 18253 10399 6494 1084 7789 9511 6008 16951 15116 1479 4623 194 10099 5912 14270
11738 15193 12553 16643 19254 15353 5293 3174 16942 9154 14809 4254 3386 13271 16467 8444 13798 3942 12842 2165 1749 16415 2852 17788 598 4075
3285 17233 1392 17412 6754 15591 16641 1524 3244 16059 16359 14875 1014 18541 10051 14747 8666 15982 14870 250 11070 19538 1701 9816 17002 16461
6121 19814 19644 15620 10121 14812 734 12690 12181 11309 16001 15340 10238 9437 15166 15725 3781 12911 5876 16757 4861 12256 15719 11599 10296 720
11760 12436 7300 5440 10052 7932 3661 1175 7028 19964 9011 5954 13793 7834 14200 14300 602 11339 8751 19095 13153 13833 10172 16029 2438 19137
15291 2691 2589 9466 16361 11106 9533 7499 14707 3661 14989 2792 2914 11315 7398 16932 17483 11770 12742 1514 11324 19662 1204 3396 6580 7674
15838 11135 15555 11734 16558 7947 12553 5559 17542 2737 8843 1015 12618 1702 852 4656 14867 11254 5429 8223 9010 648 11121 6390 14654 18961
3082 16877 19493 13194 534 9009 1491 1801 5798 13384 15568 11413 4240 16349 15816 18010 4377 5707 15831 11375 18270 19428 2197 7340 1002 14704
14168 6732 11050 897 13254 4595 6888 6866 19344 3761 15671 17982 4550 19041 4750 16314 16527 14724 13576 9900 7443 9215 6973 4450 12962 6344
16441 8187 2110 10104 9284 10176 13710 15283 6205 238 13489 17442 4594 17029 11125 2661 7912 18671 3163 6734 16227 10333 12962 5071 5023 8182
672 6880 18579 14796 7854 14731 16204 8775 13915 10605 17130 4409 16792 1188 539 2522 3388 10614 4976 920 981 17466 5507 2172 16112 7922
12601 14942 14586 17278 9162 16316 4601 15453 11010 12341 12744 18150 9476 18903 4526 4686 11870 5162 4484 9842 18613 13155 4510 7102 12490 14408
14054 5699 10065 18273 5050 14473 19498 18259 3944 11362 8819 18022 10033 1614 6295 19598 85 12564 19239 5525 4481 2330 10270 17058 14604 10128
17306 10545 10422 646 6267 11268 14368 521 10443 10571 2227 16033 3101 12085 19726 7833 16836 12182 8575 4998 9915 10234 8286 5795 8135 3180
13647 4662 9128 15274 19694 4191 13890 7806 8810 11547 14610 3338 13421 3902 11264 6573 16459 9430 16212 19736 445 515 11718 6679 18865 1616
964 10046 15066 10286 15907 16942 15694 15520 5178 11920 10482 11230 1855 9940 6316 11245 16319 9950 11831 17063 5302 935 18546 1292 12624 15342
13990 4395 7721 7315 7919 9587 16037 9973 15782 6101 17370 10365 17798 3717 12127 3015 1930 19741 17771 4393 4214 15081 8405 6704 5496 5629
2846 13939 2393 18222 11245 12928 16685 14872 57 12237 13866 7791 2013 2123 6485 19027 10382 15994 93 17497 10530 13047 822 7197 10553 16760
3159 9819 7684 9315 14387 17980 14856 17785 51 15213 13434 15541 13912 1513 13012 15713 16442 18683 10982 10451 305 13990 3271 12717 13187 6604
379 14335 18613 19165 1845 4339 4949 14591 10702 11457 7904 5288 1140 12812 11752 493 1399 3932 14389 1836 6018 6502 2412 2834 17395 12943
5250 6482 6428 19195 12422 9002 2765 3416 18308 16579 9630 10644 7836 13531 5397 17962 18679 17236 4369 2850 13270 18112 17737 4018 16375 4254
19633 5114 19441 14958 18667 792 15072 19087 15250 6139 7835 13073 9320 178 18411 12406 5006 11329 6377 1010 15507 19124 1156 881 6815 1188
8514 18304 19949 11903 18714 16928 4197 16524 14749 16812 14971 10080 925 10667 18557 8167 6163 9957 15580 2116 15795 3757 11334 10062 6020 5873
1715 6661 4264 12264 2225 14839 13761 14377 11027 5224 2652 947 9832 3367 9440 306 13184 16144 15689 13854 17292 18042 3387 3622 16517 2426
2924 17533 18308 5581 12950 2119 12614 4970 18487 5371 17848 17580 1198 1229 19209 11019 17415 14751 8350 4969 2693 18026 6020 9601 7150 1623
865 9069 18614 12664 2149 10211 8423 15576 14928 10925 1402 5907 264 9111 17521 15612 11497 18518 3368 13400 19723 16484 5385 6276 16727 14111
17589 18144 14092 37 19506 6969 3013 18180 3816 10406 14739 817 11495 18697 18406 6566 19627 5511 13519 6231 4034 6694 15116 16185 11064 15392
1084 14512 727 11795 14745 16562 18039 16052 9596 2802 15495 3761 12546 18433 5891 3594 4520 6041 3659 11985 2588 14313 14425 16111 9802 12590
8774 8236 12385 2921 12528 7105 19518 10801 16201 18873 84 166 3707 15119 6625 2543 6055 10379 12082 2444 8366 4698 3442 11900 16082 15239
1883 19424 17526 11094 7521 268 11516 2089 13374 12496 5423 1878 10008 4220 17878 19773 10000 5567 14034 10529 10688 19010 3405 17495 4591 315
10211 8967 16942 13970 4738 14786 6875 2184 16054 14546 16639 7516 15909 14519 19027 8169 5252 1221 6841 3957 9488 4416 122 17859 18026 18557
7628 15766 6501 8315 5950 6065 10292 7099 19836 6320 1992 3752 18190 14466 2086 14058 13806 1733 19380 648 4224 6239 7943 9134 16356 15959
8174 8391 8127 11889 1342 16985 9985 1171 8360 8566 11513 6154 16418 3071 3690 14811 19443 11094 6352 2769 9987 968 13621 5652 8860 16628
2564 13029 18592 9003 13704 19392 8288 9348 13067 17434 9276 1509 17135 10387 11966 14913 7432 8199 18649 1404 10493 16325 12746 19839 17782 3611
2019 5788 19138 16617 11182 9564 17534 15596 18790 18232 6268 5981 2240 12069 2061 2180 12561 3048 8293 14234 11520 7444 2583 8638 2055 9939
4738 11036 506 6419 1206 18973 17663 19555 3496 161 797 6069 6813 14268 10276 9103 11299 3003 11822 16584 11755 7327 2355 16598 7034 6389
2796 13255 13199 15531 275 14612 19751 10429 17963 6238 6458 18473 16480 3738 1219 13677 14586 7998 4540 10244 588 826 3290 10989 14435 2459
4853 19975 11915 9276 14347 8798 18653 15012 8849 3826 7061 254 501 12418 1592 5368 8412 18832 15432 16369 16617 1846 19143 15627 342 13500
160 12741 2330 13329 15656 14955 11839 1701 8551 13191 2376 15331 9081 5733 10989 1685 11541 12892 14271 2835 7366 2418 18556 10010 11071 13174
11358 17804 3396 5907 3693 7444 9383 9559 651 15666 9230 6289 9217 4352 2229 18077 5626 16744 8177 9089 9512 10424 3047 11991 3204 1527
9835 5053 6063 16716 16049 6011 3517 9019 15223 17287 1966 14694 8213 12454 11200 753 19206 11788 2417 1232 13792 17361 5269 5039 9435 14384
8230 18447 11067 18705 8169 15922 1391 11976 6132 791 13377 18147 15222 2921 18242 1574 10588 6498 4280 16967 19728 519 4257 5236 18636 18134
17748 6764 515 12052 18978 19758 10467 4397 6501 11159 17944 4790 10055 2688 5517 11406 17067 17035 15954 1971 2396 19424 7731 11340 5824 4839
16253 14499 8256 19011 3894 11127 12246 19582 10067 11523 1287 1255 17133 8167 18147 11933 3090 9028 1165 15141 5924 11711 420 2618 14872 5368
6563 4321 16837 1033 2706 4927 10986 7669 8501 11699 2575 5629 18526 15327 17444 873 2956 16548 14095 3448 17318 9177 1166 18795 18900 17353
3578 11724 3343 4977 16994 12644 14151 10752 3269 1060 1315 17270 3201 9762 4816 11048 14203 7184 9729 5212 10994 16477 6369 15169 2522 16850
17326 1434 11559 4055 8488 15261 17962 15521 1206 17185 14134 18569 19237 12849 1748 16576 2980 4044 9163 12958 19521 14485 3465 17304 2751 3965
11293 2935 3083 5148 9868 16636 1235 18572 17532 11831 12908 14045 17436 16753 8165 9137 2013 13475 7351 19819 17631 3340 17711 1525 13000 8390
16442 11561 2946 12535 5095 9242 6346 4186 4272 1588 15976 2994 12313 9166 19461 4823 19647 1622 3016 1263 6235 9385 5482 19072 12303 15000
13749 1611 2355 14362 3751 19215 952 5042 11014 7810 17575 2017 8446 5450 4799 6034 13268 12240 7361 12295 16936 6770 19072 4735 13373 11550
19279 10982 1907 13767 3499 18397 15307 13783 1277 19628 2308 6669 18314 1031 8318 16506 9527 7312 11782 18452 4027 7414 13271 5129 2184 10416
11628 5638 3260 15518 8037 5061 5941 11283 4644 4781 2610 9172 14532 2804 12596 11138 15020 10112 4551 8535 19292 6003 12037 3241 6333 11918
276 8573 17726 16437 18638 1010 19825 11311 4945 18714 558 10933 2388 4496 12758 1696 19131 17515 18112 15148 13528 18347 14887 14068 10127 6182
15201 15722 10101 12953 6027 17332 13347 14051 12984 15569 18347 15407 6667 3644 870 18628 19551 11428 3197 18489 14707 7019 18493 8902 7116 11888
17539 9767 14059 1898 16013 4067 3905 1728 13066 12513 18400 14230 15710 15501 6027 18493 814 17826 14503 12307 5193 12993 8516 1099 17905 15487
2373 3585 15122 13528 8865 19725 6525 6080 1147 4553 2140 5298 15166 5014 10820 2416 6016 8758 659 11045 14667 7362 16520 16344 14357 17082
774 9572 14436 16851 17375 11083 17571 10663 2137 19718 5011 8227 19341 6852 6437 11441 5447 5484 12672 17532 9448 14601 16767 10348 4892 17655
18253 19316 13656 9959 7802 18827 3518 18382 13270 5328 13047 18724 12996 17742 11104 16036 10607 12921 11995 8962 12955 13943 8754 3412 4783 4490
7237 16251 6673 11123 8079 6429 8172 5678 240 147 13156 13254 15161 13840 10109 5572 14307 18942 8825 16636 17291 14668 8427 15943 16663 7247
9408 19867 7225 11765 4718 2037 10206 9757 19977 16180 13446 5557 2332 19080 15179 977 17078 11848 11619 8675 14515 4236 8465 15884 17698 9558
8680 16128 1336 18751 14826 14083 7444 15528 16214 304 4559 14247 10928 17126 6762 8015 18597 2380 9884 11735 5875 15202 16763 15903 3491 14817
12653 5158 7607 1937 13847 54 14489 12388 2333 5529 7052 5579 5107 19565 15457 1997 4772 8895 6027 19069 954 2323 19569 18532 4625 18637
11247 5142 11786 8894 14434 1311 1358 7914 6687 1417 16224 11268 13988 1810 2348 5688 15382 13796 7369 15069 16175 6998 1054 3184 534 10571
6558 10706 19165 14642 14489 9884 19679 15664 3907 8311 11212 17335 9215 16093 409 380 11512 10078 1343 9562 274 2604 12161 19256 15961 8623
8485 10486 7933 15126 2006 16379 13252 6536 1649 19574 3456 12104 13759 13564 13976 14384 3744 19145 15280 18000 11552 9862 12232 9309 6489 10279
18454 12046 18908 9150 5939 6729 9124 1633 19070 11354 15040 8231 19267 2180 8597 16578 12093 13694 12875 6489 16427 18165 5340 9666 18646 18826
11066 4643 3022 16778 18468 15451 12376 4760 6009 6561 7922 6072 2701 16169 6470 7994 8324 6336 17686 94 12971 13638 18737 3169 11514 15680
8137 15505 812 11119 18444 13207 13602 9034 12472 5104 15943 11226 14283 10299 1245 1366 9554 1230 6029 18581 1746 11800 9299 6273 19350 10662
4364 19352 10838 5919 6348 14386 19325 17656 1108 5113 2206 19363 6650 5260 4126 13085 722 19945 17671 15666 9034 14074 996 11120 9416 6937
2122 4592 12674 11135 3306 15721 18781 462 9658 11696 13991 8740 12327 11156 8848 5555 2970 4473 11015 2343 5395 18949 19012 17476 5215 11289
11480 19998 17253 13466 5593 8086 9863 2698 4635 11588 6411 9637 6934 19226 3152 10339 16578 6334 3586 11998 10743 12765 14258 11689 3484 19853
17002 10929 15141 18318 2341 14516 8239 11290 18141 315 38 11528 2693 13749 15395 7519 15088 2914 2633 4300 7252 5835 16479 15256 17720 19932
19503 474 17278 15625 17934 19160 14844 693 1990 2197 4271 11765 16192 19437 19622 2632 6475 10707 5970 10982 288 17810 9015 5311 940 13379
13899 18645 10713 337 13545 6352 17668 14709 4253 1695 15657 5708 9299 13280 3910 17930 7850 9369 4830 5644 16458 19940 13182 10194 5321 18365
19048 4416 15969 94 2929 16864 10098 15771 1440 7085 12062 8483 7665 2937 16140 16012 6646 12485 9736 7505 2814 7884 4391 9607 947 4512
2885 9870 8822 8866 175 8614 13837 7207 709 14144 19911 7668 14981 8009 14545 7043 14015 8908 14483 6227 10434 3173 9056 15860 5434 19403
11115 1386 306 14074 9711 1651 13168 7377 17431 13025 18089 5526 4080 13358 19320 399 11434 762 5933 16104 12123 18652 8350 9369 13082 3997
599 3845 15743 1344 11220 4245 2860 3718 8162 18453 4120 2959 4079 12561 18068 19026 4733 4945 11106 13694 13664 1997 18509 1606 12573 17535
10780 17291 11497 2868 4027 18622 2130 5708 1205 8111 16975 19700 5621 9123 12271 16235 8018 10446 10938 18025 17253 145 9557 18929 8130 14258
10265 17857 15577 19219 7644 5009 12882 14436 11017 9118 15562 6046 17278 19271 464 8492 5600 2942 3910 2279 9191 19358 10057 13929 17355 12203
1715 6168 8204 17019 17130 13154 10887 19975 11706 2405 12826 3982 10245 2826 6159 3454 8783 15728 15821 16757 9805 10465 19830 12585 5336 2462
18691 1927 6115 2705 9556 6764 17968 13211 8443 17470 2934 2427 1208 14132 8925 13059 13171 5539 15280 16778 8306 11914 7538 15793 10221 7105
17702 16516 311 18837 19809 8534 7932 4489 12839 3822 11647 6037 7251 9634 15942 11813 10930 2420 1819 14500 16159 15068 9287 8131 6145 10096
5577 823 18227 11224 258 5542 12863 16311 15440 4716 14718 5462 16667 16389 15381 7082 8379 14838 14954 7220 9415 15019 199 4011 13613 6784
4429 3224 11840 4537 18046 1490 11752 7598 9258 10460 8710 1121 15793 19142 17908 6247 15222 5361 7046 3777 16789 5338 1299 17293 4354 7307
16605 5633 1844 134 6465 14489 339 11033 16888 18797 793 15977 576 15912 16669 9669 16538 18986 18140 12587 6948 11749 15121 1186 5763 8540
8632 16859 17102 33 19605 36 4562 11372 120 18375 2184 7833 11995 7647 17153 8709 368 15967 3058 12456 16509 15334 9139 17117 18670 4665
3453 2058 13916 6245 13782 10317 11177 12669 5642 8609 9211 6769 1576 1347 3997 3608 11691 13404 16063 18612 17155 14548 1051 4231 19316 3667
4477 19077 3401 17053 7974 17917 11011 993 10350 10475 5755 15655 17128 15676 16270 19947 18709 12499 13074 6081 12269 1388 5738 1051 17043 1689
14956 581 19119 940 9319 4348 4900 9750 1170 7272 15792 6557 2035 11266 18459 1697 16907 604 18244 17449 17567 2209 4221 151 10738 6400
17021 2439 13795 3333 11618 4006 9227 9517 9463 3625 1857 10935 12064 18965 12279 12404 6151 19604 10858 13694 9499 18033 19783 10554 18087 11594
7532 12252 9544 13259 4376 6636 4807 13577 18900 646 13854 19098 12978 3222 5103 17948 13927 487 1863 8596 5988 7909 16786 15400 19819 5814
1971 6242 2939 5071 3414 8523 1722 4248 1116 5985 11046 4486 7825 9469 16324 11548 17951 4606 16838 3294 14537 7274 11354 18374 9938 18819
14282 6994 19461 19537 9782 9620 6727 13769 1932 5068 1966 2567 13438 7006 19819 580 509 17873 2476 12409 8302 10019 19690 4118 16894 12420
4547 8745 231 17161 1052 1645 9584 2187 371 1573 16751 11577 152 2228 3253 1523 3033 1436 12431 10669 17768 19842 1716 19373 8854 18238
18947 15504 7911 9431 12616 18423 17951 9767 11944 11785 510 359 15475 16803 18886 12990 990 16965 7792 4132 15202 13092 8477 3636 14945 19369
10172 11724 15077 5342 10492 19508 7477 1897 19518 4073 1642 17174 19177 15975 12479 12431 140 7167 12141 15853 9863 862 14617 11535 3332 2611
7256 8006 11823 15769 11706 11739 6270 6968 11982 14566 19556 3567 18775 2794 5156 11058 5461 8050 7217 13296 9642 11605 17995 2581 2963 10719
4807 2635 5903 1423 3684 18993 17493 14390 10645 18143 5344 19196 13315 15655 2578 12582 7575 17991 10998 14347 3716 14158 13649 13416 17417 13178
8657 3968 10785 6405 3348 289 14436 16900 7484 19602 13246 7506 12065 2234 13345 8603 11374 442 8140 3685 13835 2792 5284 11702 1560 19410
604 2683 3418 106 18953 15877 12183 13174 4652 18627 18547 4242 10146 10047 11065 8555 279 7513 6693 431 10088 2404 17619 13401 2326 2607
18214 14690 5374 15101 1451 5271 16014 16519 15077 1459 8018 12323 12762 4650 16730 4283 18649 16490 19948 13007 1073 962 11224 16179 8422 1162
529 8119 7297 16477 10529 3231 358 14600 19750 12202 14531 9964 19125 17058 6739 5853 17615 4812 15021 11823 10184 6602 3798 16420 18919 11547
10446 1714 16264 13686 13274 13536 8197 14218 19039 3339 19040 17471 16518 9157 8350 17366 13821 11305 6904 3398 8777 7505 16359 11832 4407 18978
14659 9184 16656 11528 14818 13813 10092 1640 8160 17163 15516 1057 17509 11806 9473 3603 9006 14070 13961 7605 7721 13228 1727 13550 6370 13658
8960 16755 15816 1244 4621 359 17199 231 14554 17832 17645 16985 5741 2290 3901 8538 8650 11610 16825 18304 16613 7359 17638 7813 14543 17339
4818 11160 6503 1836 8337 5811 5077 17158 6692 195 7032 17337 19229 12131 7439 2194 14930 2233 6447 1708 7044 8463 2235 13008 5578 6282
16319 8224 550 14585 10065 16958 4684 15542 12171 19171 1079 18831 12457 13559 12734 18392 10146 7618 7809 6618 1057 17080 2953 6123 16676 19773
5899 7418 12089 17055 9806 10221 16772 3486 18985 14368 18733 19285 3711 19155 11423 18739 9721 18712 4885 13115 19380 2164 332 11337 6352 19424
15812 17879 11693 3137 17279 13906 16314 14634 13323 8989 16090 12131 3526 2053 18611 8905 11885 10267 7128 17943 7103 4933 16876 3573 10603 6511
2026 19663 9523 15987 12137 1076 5775 19030 16939 12416 11837 5927 3918 15823 2165 14200 13427 4346 19098 8060 1635 12626 12896 14827 10914 12973
17670 11116 14666 18893 4199 596 5529 12560 7317 8650 8089 12379 14074 4505 11373 4264 10630 111 4564 12988 14577 2117 9926 15224 11757 6141
7364 10786 18299 1770 15982 4569 13716 11434 11528 14045 1902 6580 4318 5921 5667 19686 17534 311 11703 6398 10599 15501 1986 12106 18469 8836
18400 15258 11681 18718 9888 2439 4320 3238 3019 9723 11163 13781 8908 13836 4689 13713 4732 8349 7561 6387 1354 12336 7824 18139 19498 4371
18376 7291 12670 2338 9049 12794 3975 13209 10059 6201 10689 5473 17126 8239 4299 5414 115 7640 19204 5484 7 5832 12784 12276 19680 10638
10137 19337 11728 18127 1685 13538 14100 1729 6986 9159 2237 2417 10762 15349 6238 17589 8267 19421 4276 16728 16103 1594 16064 2818 17303 858
10882 81 14845 7217 5492 5379 2079 9427 2335 3557 3754 9682 26 11096 8122 6929 17880 9177 13346 6113 19138 11815 16076 7058 14614 3858
3432 619 12460 4607 9623 15148 1886 17835 15789 12844 7978 5578 16012 2791 6538 15809 10996 19559 17328 13676 8688 46 11597 3632 12085 18124
19699 12396 584 17842 16777 5069 14541 3056 2164 13158 11550 14085 10019 3703 12600 2692 10334 12666 13498 7980 2932 6324 3229 2522 4480 18012
13927 9441 12331 14993 9173 1701 8570 19030 6084 13243 1830 14786 926 7776 15953 10772 11210 19718 6325 17705 11482 9557 2282 17866 12733 191
6081 16133 19850 11690 19257 17628 15160 189 17762 1686 11912 9699 8019 15042 15053 10816 2883 14634 2137 11627 14663 11164 19596 15129 2402 3750
1884 6622 10483 18950 17966 6831 2993 822 5302 14785 7444 18159 7579 18198 3348 145 9023 13558 5327 2390 1903 16872 7183 4240 1518 5256
3763 2914 8576 19137 1655 17517 2324 2959 8697 15797 19282 17020 18895 8201 12596 14020 4048 10707 4295 11943 10926 18199 10467 315 10190 3609
3910 9205 279 9216 4125 2391 706 1666 7154 13589 2898 5422 3725 1779 7024 2572 14894 2107 7924 5893 1350 13074 18447 8779 15991 7104
7035 4645 3101 1758 4527 3722 17189 11073 5892 6288 17729 19507 19342 15622 9935 10552 10378 9882 11886 10079 18261 6944 6086 12295 18433 8304
7507 10263 10201 1772 4076 19308 14398 15508 3307 5932 14356 14091 18558 3803 13483 6169 16276 7980 2479 9393 1145 2332 981 13772 14952 5180
3700 184 4377 9279 13899 17151 19901 4688 19528 8352 4776 324 7889 9680 3849 1617 15315 1088 8861 16919 19123 7759 11957 13059 6452 19647
17483 3686 17243 851 11614 3986 4379 769 8152 15041 5243 16672 18519 6139 18744 622 4210 18326 12076 8119 3381 3713 16367 2983 18985 11874
4317 15763 14689 10770 4037 7792 1659 3182 16749 1070 10366 6169 7000 8504 17631 1719 16770 13446 17017 10601 17108 7935 3302 4373 4561 11663
