365
0 88 78 68 77 84 38 95 70 0 67 43 97 35 44 74 96 19 77 100 34 29 72 38 85 62
4605 10354 16652 426 17314 6099 10431 17487 11878 2071 3560 17893 8340 16565 773 21 18321 14791 9731 17598 1547 7294 18971 16827 2144 2679
19343 13904 14250 13269 12650 19298 278 9308 11515 17046 16716 8647 7849 2954 9753 13134 9726 15287 3813 16126 11454 3297 12614 6240 2390 6908
16350 11812 133 6491 14963 11846 17090 3504 7740 11679 13674 17597 4594 10329 8725 18317 9787 1438 1412 92 7082 7622 8515 9301 5650 10102
10765 12388 6501 3603 1950 7714 7654 15025 6875 9089 9384 2976 5994 13502 19904 13000 9196 16104 15762 1980 7348 15158 16072 5838 2570 329
18200 7482 7146 18345 193 14832 4351 3380 13956 7069 4922 2752 19392 7788 4092 12454 15662 12161 11135 18260 1539 5282 12599 18993 4183 13937
17898 18117 12757 19655 7680 16072 7892 13360 7362 19411 7475 2263 5889 4142 1696 534 12746 7040 3297 1259 16759 18967 6115 17936 5787 1374
9898 14932 859 14646 18159 12007 15474 3648 12620 12085 930 9185 6383 2633 17367 15666 16963 14940 8456 13057 17731 5150 9027 7495 577 15290
1085 6176 16735 3959 1999 2318 11170 8360 1219 2526 13686 18719 14197 3395 14279 4879 8692 8067 9974 15395 4735 4941 13363 733 5135 2787
10478 3387 14547 2174 2187 16844 13097 6919 17264 2939 31 7837 18432 1779 8885 17227 2004 17332 19594 10989 1552 10716 4845 8358 14991 891
12356 10297 4914 11966 444 13920 14027 8334 9593 1662 3082 14994 11200 8311 8395 1764 4462 1046 3309 16478 10768 413 8289 776 18719 6260
6710 16333 1293 2586 13115 1595 19949 2303 2637 11254 13993 4261 19388 11493 12426 6064 13097 14960 9885 7421 19101 12870 10785 16852 4566 8427
12879 12711 387 19935 7278 6883 8146 18960 5215 11574 10809 1720 11346 844 6319 6549 12699 12310 6337 2371 16142 400 7757 15552 13440 4797
4129 16817 8221 2222 19919 14534 3321 10034 4654 18747 17170 16913 8605 3599 9805 15615 16552 9520 5172 17433 19254 10982 7902 8362 7426 11063
7358 15806 15216 14406 8724 2948 16632 14257 12061 19776 15084 17098 3345 9508 3017 17701 291 770 13340 17794 17599 2459 1702 11167 3159 878
7643 380 12541 17252 8803 334 17113 488 10579 898 8539 10453 13310 16423 2999 7549 7911 1737 415 16886 4248 1489 16265 18466 549 3637
4580 10308 5935 10865 10561 10712 16861 13363 16468 8620 9559 19044 16866 10828 903 12856 5652 149 1004 13456 8145 553 10795 6762 5633 9322
5583 18792 11295 16936 10072 8458 5182 1736 5129 9880 15176 348 8411 10129 9686 11403 3001 3496 9408 4499 10288 5604 4168 10728 3648 9547
2757 2081 11995 5692 12052 16578 11050 16155 2531 5674 12525 18963 4071 3747 16548 7679 14676 1182 3870 1007 13608 14105 18191 2493 14747 11753
12760 2299 17550 5774 628 1570 5748 375 9217 13857 610 8370 7056 13167 18304 18714 1722 15993 627 87 5889 6576 16928 16729 1462 15828
13837 1535 731 18764 8509 16615 7345 11132 5320 17880 5436 15643 6302 8338 17158 6817 9165 12785 17019 2657 8448 18135 11868 10905 19658 12941
3499 5713 19993 14074 4435 15587 11360 17929 16321 17165 5541 17883 16961 12474 6622 17727 13410 18359 6498 13052 17823 1271 15140 10654 4904 13543
5405 757 9926 17258 10141 3967 10175 10697 2472 4142 4469 1987 10758 10684 15304 11615 1185 1254 16213 19586 1270 3439 9837 26 16148 2040
10411 5135 5327 4108 14896 6807 7407 9380 4627 16134 9995 2823 14608 13213 2745 11178 1362 7561 18052 6951 2507 10545 4277 12539 239 16325
18788 15263 6432 12408 5703 1085 534 29 5170 16700 599 18856 12981 4654 14135 16121 12702 1401 11514 11591 411 8317 3725 12875 2067 8508
6812 6972 2347 7446 18247 19623 19357 17489 8776 12948 8297 12004 10334 14224 11926 19596 11006 1588 6331 5800 13872 6649 13827 8615 19252 6749
8325 2851 4826 15186 1940 13105 17563 15062 6832 14954 15089 13182 9 7952 12249 63 16275 7995 9423 19090 4480 8702 4546 13298 18043 12263
12696 15666 14455 2322 12455 3795 16767 9860 2590 474 9403 2265 16971 19718 18304 19982 7726 9376 13491 6227 5250 146 13065 14282 14566 9756
16332 1520 17366 3988 15866 2203 1321 15984 16961 16023 19870 13124 15100 2775 17798 9464 13857 15203 11289 12143 15388 6989 18777 15647 6880 3125
3525 7226 11131 2201 3300 1941 6409 13823 19980 4116 9240 10159 1808 6536 1409 5699 12693 7413 2268 15320 3510 3845 18199 12949 7306 5323
2572 3977 4818 4337 14418 12039 12290 3333 1929 14827 16329 18893 17519 13476 3330 5967 5648 18984 12681 1328 16734 18171 1542 14900 11292 16492
11290 17620 5211 17614 4837 19645 8291 13888 19828 16161 2009 6908 6430 16784 15880 11670 2314 12434 19835 2084 3886 2302 1272 18322 7491 19292
12653 15668 11490 5638 12674 16326 521 11288 10447 8289 19608 8457 18917 18715 3828 6961 6196 12733 7426 13086 17592 19100 3601 17389 14148 3036
3307 4846 10614 11719 12101 12358 3059 12058 19632 8663 16483 8706 6343 2422 5746 19219 5735 7744 16679 18021 19672 195 5119 9221 8675 345
10987 4243 19463 16248 14437 3200 8292 19790 8384 2669 1910 5203 17789 10566 15634 2406 3238 3424 2196 13688 12595 2485 868 6113 18033 14365
1797 5129 17764 12495 18119 15166 4875 18485 16974 9169 5798 7819 615 1757 17217 1451 3315 10158 11476 7871 3542 11508 386 3343 16639 10220
8885 8045 12492 14809 7308 8024 3141 1303 12334 754 18460 7903 1203 7360 590 1847 19815 12541 2105 4432 13333 211 16848 8940 2463 16943
6627 4098 11121 17895 3871 3733 14152 2560 16048 7701 19602 19258 6457 6661 1770 7873 8446 15219 14895 17903 19110 14995 18439 18310 18219 4782
2836 4381 19937 18175 12614 4213 13388 7289 1845 16468 5612 2865 9068 9337 8335 2300 10583 6355 12076 8896 16674 14293 6841 8566 13671 5142
9010 14834 8163 10295 4761 13665 8048 12242 17532 4286 8924 1668 14044 9553 2810 15249 11352 7777 16372 5220 14071 981 4980 2688 12202 17297
3321 3456 4798 19823 4595 15658 16540 16938 13178 12629 4979 18989 14854 1018 16960 4180 10772 14379 17067 2624 19299 14865 19347 15225 19852 13071
10345 15762 8609 16500 15681 13379 19644 4073 2753 17664 9636 19273 13549 3759 6262 13839 3373 8945 7939 16972 2174 9867 5091 5159 3687 5007
5296 12432 17857 10278 10432 18322 18002 2304 13308 5581 19725 5055 17623 400 9883 17011 16327 76 8238 9546 13562 13034 13068 9202 9360 18549
12939 10063 2019 3973 1509 12787 12141 5493 17021 16163 12735 1204 4867 5054 8675 750 3846 3638 7765 5648 11709 11346 8509 17929 6791 697
14371 12863 4351 19039 6455 7713 14196 8647 19923 16522 869 146 17675 16309 19897 8661 15127 16358 9921 10830 13811 13518 8161 5093 15115 10916
9381 13944 1106 11709 15579 1147 7861 13749 11751 11668 18554 5964 98 19302 1331 14706 8936 4842 12959 1600 19244 18722 3599 15867 4014 8099
19566 11329 7663 19318 6635 8121 14863 3899 12834 15089 19694 9845 14709 4500 13748 432 17854 13207 3003 8103 6644 12764 17460 9291 9260 5003
14466 17014 14199 10034 4691 2611 12366 11611 19904 14512 17482 18589 5472 10733 6487 7037 11235 10688 15902 1498 12989 6552 18760 18967 14793 16538
2153 3145 17046 11881 19397 2920 17820 15514 5287 8434 17006 2276 19357 2770 16773 19529 17161 10584 9277 207 10451 14990 12680 14929 7508 1577
3966 4647 15994 16081 8955 18785 15941 7710 14186 2708 10275 14186 18235 10373 5726 14870 18722 2097 13371 16617 3865 4257 8410 4854 1706 14631
11273 3968 10429 10167 10754 10403 8444 16832 11498 3444 15252 17289 1548 7415 962 15279 12993 9160 9945 2652 3656 12164 16243 380 13192 6268
10154 18517 19650 5812 17676 9991 761 10573 194 16112 15863 7648 7015 561 12548 1478 9606 15595 2855 11554 15080 2711 11541 17426 7826 15738
10637 3072 10156 2235 13703 16937 6660 4961 9422 4283 3121 15985 3233 611 5640 13474 8634 10631 16558 1673 13410 12087 14048 1961 1890 19365
39 12118 18366 4491 10295 4180 5908 6313 1132 16215 13635 3002 6503 8939 17505 15528 18246 11912 17988 3051 12524 70 19196 18033 4891 19436
12128 4037 650 14428 5356 5040 9523 2062 13417 10637 16392 17337 18812 7472 5900 5395 4065 4563 5966 12904 10412 18230 17375 13948 4546 17021
4710 13695 4434 8499 18971 19779 6276 16584 8066 5048 14828 1369 4697 4009 8034 6818 4392 6173 14312 12150 17505 8184 450 8099 19827 11771
6228 16763 13714 19788 6002 4643 17960 16494 11665 17304 7730 16447 19410 42 6745 13735 1523 4209 19283 7665 15497 10955 11070 7152 10131 8498
10886 11834 17742 2979 19712 4300 17581 6292 1779 9336 186 7139 1196 8559 10614 1037 4274 13588 6206 11743 685 9080 16954 3390 3927 16840
8781 12500 1767 2708 18740 7425 5906 8819 11640 16752 15005 16721 14422 3501 16852 12757 1860 481 3569 5748 9169 19812 8377 13786 12100 14327
3624 19185 15304 18610 15844 1769 18561 10405 6441 6466 18503 3564 17574 4191 2660 12170 14901 12295 1988 7419 10477 4044 12501 5088 19064 10339
14375 13514 7989 8928 121 16872 1239 18449 5982 5400 3348 15409 15678 984 15147 8567 4609 10324 12301 2574 6772 13788 17898 17401 6947 14890
19392 2763 1106 7837 8834 11147 7362 6626 2491 10033 10430 13588 1102 13505 1158 18340 17006 5058 9601 17040 11793 4965 5178 15525 14217 10405
17559 17809 5500 17453 11509 2425 12271 596 2763 14546 6170 86 15583 11137 4592 6187 3173 9617 14491 3508 16137 19554 4036 6209 4080 6290
3016 19363 18747 17546 9727 9754 11067 129 18545 8403 8209 17220 5640 11887 9374 7716 6696 10857 10465 1256 5881 6718 2645 8233 4046 6116
2562 13496 14667 7511 4056 11106 3071 11882 14870 12507 12916 11782 11591 16193 14835 10512 17133 18120 3776 15400 11662 15791 3347 10333 12749 11133
4156 19443 19843 18135 18027 5193 9582 19654 3696 17993 8749 19236 6741 16302 18665 9687 331 18144 5206 9978 10036 7939 18937 13522 15691 11477
9599 7753 7507 8551 3755 11421 16330 1638 8625 9948 5260 341 1980 9539 5137 11226 10187 2099 11757 12763 7200 12000 14451 15395 15555 532
2770 4087 2341 3406 17460 9597 16951 3797 15923 3986 2537 7663 5400 4318 3496 8432 19747 9752 11949 11744 13877 2586 7823 12751 1038 15435
986 357 10693 3893 13689 7550 4185 16374 19268 4352 9039 5928 7284 4771 1655 14170 6943 5798 2846 12955 14426 9293 12571 18110 2572 9812
17935 4614 16124 6700 12750 13793 13322 4035 7565 10663 8913 16684 8510 2705 8314 1173 11200 1571 2857 8283 18451 11150 11826 13490 3976 3794
15001 3917 17268 1224 8417 15259 18712 17904 9977 6578 2411 9673 14912 19868 5504 11371 17882 10486 15695 7243 14993 12438 1486 16554 4229 16808
3731 7405 14968 18297 11738 15596 7743 5028 13828 15066 13267 5344 2897 5328 3834 224 4460 10227 7965 18635 5653 14417 8350 13232 17914 14400
4617 4236 4517 5860 11651 12016 19410 18758 6458 17216 7808 3515 6376 16587 11062 10742 11196 15452 8349 8482 10182 2236 10616 9306 15348 17328
2710 17900 18237 17647 2104 19262 6295 18435 18159 9581 9619 19857 3888 5981 11817 580 7203 18097 14899 13465 7075 14085 7701 342 12471 1008
11328 16439 4252 18223 16586 13045 7497 6451 13366 8701 19267 1555 15381 4137 19551 7280 13027 19628 18488 17809 8926 15727 9427 13204 2560 3339
4493 12870 7330 6887 2766 4963 12741 12562 15653 7860 15974 17808 14932 17099 13179 18345 17945 10645 2441 6634 6880 4963 4335 7878 17534 9040
16151 17314 7222 13478 9984 18896 5718 17747 6315 7500 12826 5697 1713 11104 4019 1797 13342 3285 4460 8746 6993 2194 10094 14161 13185 16947
10139 7704 12142 17794 8686 11911 562 16516 2151 10539 18842 18761 18200 7106 4595 12280 15762 8529 5498 10389 7843 10034 4057 8163 8177 685
14773 15379 5568 10999 9626 660 15642 2318 9304 9487 10621 5773 18644 14169 12268 10339 12341 5428 10100 9938 1480 19569 4779 1460 7352 3354
5981 7243 14566 2122 15258 15568 19883 71 8731 16818 14161 6915 4277 2347 11671 12371 218 6328 14564 6856 10078 10364 5199 7540 14786 17638
11502 5989 12673 17246 12780 267 12297 11946 9428 5856 4901 1298 2981 16614 15395 5103 16640 7277 2483 9965 2508 15696 3637 13374 16171 14433
7155 11920 16503 18581 10270 11323 4062 10419 8558 7212 15035 4861 12666 17755 16328 9486 11294 16518 16728 2151 16558 721 3193 4516 6741 17654
8172 17278 5687 12783 17526 12179 13853 5326 15185 15432 15699 19764 8664 3633 7373 10863 19168 9263 8796 7995 5433 4647 5713 12087 112 2376
16827 15767 4502 6452 10065 8329 728 15997 14161 16721 17369 10370 4876 15932 19988 4989 5239 3857 18991 4330 19309 15378 5356 1093 7852 19776
13978 15515 15179 11238 11485 5310 15377 16053 4517 7286 16848 15911 17071 9334 18190 12188 15451 9220 16022 6966 9030 15965 3808 16864 12798 8183
2000 6890 748 2639 19549 4660 15289 5708 8511 19542 443 6517 8972 16301 11206 7411 1818 8136 10093 14374 9980 9077 2119 3207 6767 15293
1025 1333 6321 3852 16147 9729 9516 8679 10912 2433 11073 10468 5148 4962 9896 10661 5864 6038 11943 17443 18545 1839 16676 9104 4948 13040
13461 11098 15795 8361 7280 13217 12042 4513 19772 10746 10694 17267 10212 1370 738 8745 3126 12068 13994 9198 10774 4572 6788 586 5423 4120
14877 12134 14859 3972 7227 18755 10130 3752 12660 5953 1271 2422 19583 17706 12214 10210 12433 18951 18573 4760 15746 17763 9727 974 13349 10692
2305 8435 18090 15086 960 19360 2091 7338 4883 950 2195 530 7093 8235 19451 4578 4151 9635 19870 16826 13124 6824 11707 8363 13170 5509
8397 19523 13401 3310 1126 12640 16525 6467 12451 19734 2918 11000 15674 6731 7097 12978 15542 1574 15543 15179 4276 10755 17189 8469 12281 9285
18771 13885 19697 7695 9833 13367 6078 13748 14991 6629 15522 17273 4828 14226 16575 9841 11163 9775 14893 4622 1985 13929 9721 19433 2660 108
19483 722 10447 10923 15240 9854 18052 2697 15046 11334 6919 9049 7558 16350 6013 19830 16911 13261 13750 14706 11923 19611 16844 5493 10769 19204
15347 457 13515 5450 11449 3747 2891 10642 7739 18235 3004 827 6780 1409 2317 14110 4502 11515 517 10054 1739 19078 18723 7940 2952 15171
9760 17107 15117 19119 7039 18054 12851 14147 9299 10660 2830 14342 5333 17524 4261 959 17116 19948 6451 11932 16144 907 5971 9399 1048 10360
2284 5131 11012 11221 2401 13217 9639 43 10014 5770 19281 19315 8458 4306 7946 12458 14870 282 14647 2801 653 12908 3862 11763 18698 11278
10105 6185 12966 160 17452 18287 9819 18819 16588 15510 4132 12419 11551 6349 3501 14908 5895 5829 7672 11269 1394 7148 11040 16764 18783 18682
4186 181 14835 4253 12711 3647 7589 17025 7611 11010 15422 17635 8213 12905 13176 16229 19488 13589 15310 16290 11550 7443 12048 18002 8159 3850
19428 7070 3317 15993 10926 6739 2830 1890 17092 14172 13335 15361 17436 11597 9963 5905 14990 12131 7001 16721 3987 1972 11067 17455 1130 6251
404 3574 19726 11426 16720 5576 17263 252 451 13520 12301 6017 13449 12442 19510 7635 17211 560 10727 17566 17281 10035 10832 4881 1764 19368
3593 14252 19907 7195 1644 11697 410 14700 18619 19540 4103 14383 5132 9561 6707 4749 16293 10163 18570 6195 14657 7146 7582 14468 10058 2895
854 15623 15940 18444 16521 401 17417 15279 18390 5089 14894 16595 15079 8140 8845 17578 14410 7722 2718 221 10751 19968 13842 2213 1108 3264
19725 16680 3577 2604 7694 16512 16321 18102 338 17882 18947 14791 8561 11806 3252 13613 16854 6246 4695 7875 13721 18403 2230 18168 7391 7515
9565 16561 12683 12168 13591 16706 11797 12134 15096 4899 13562 18648 214 18380 3568 8003 137 7389 8414 9797 9223 11513 19054 2765 13899 1366
11934 5184 16845 908 18672 10319 15449 5690 17746 14723 17329 2690 7229 14063 5046 1873 16658 10055 15507 446 8890 9317 507 9910 1041 12826
17911 2206 2553 16805 6930 18049 11794 1409 18969 6824 17169 5648 3011 8643 13001 10983 16972 25 17198 6602 842 4361 13734 965 18000 16674
8730 15576 4029 19411 8368 10409 806 12735 12803 5964 7635 1473 14755 1913 9622 6716 2409 10101 14763 8891 18342 7809 2464 17103 15262 18351
11510 15292 1640 8250 5432 14615 11359 9556 1170 12190 1342 3272 4527 7596 3339 17503 16255 12418 5893 6430 6393 17141 12646 12237 10343 5263
15 13273 4597 52 10303 27 9419 16829 16673 8091 16617 7028 17801 16294 19378 17738 19853 4511 6667 14728 15943 2963 3356 1094 10896 15993
17178 521 4724 15984 12337 1435 19265 13769 3036 19695 6936 689 4634 18190 13748 13430 2954 857 3415 156 4573 9389 4583 17110 9538 1039
1217 18257 158 8374 4937 16878 6517 8099 465 18444 11372 6336 16484 9783 9952 15220 3522 12815 9774 18210 14691 17112 6033 6627 18931 1597
756 18659 15242 15714 16842 17005 8037 4834 8088 13572 6023 18644 6843 12431 19669 16161 15864 15804 10556 19203 18683 18161 13562 8122 18433 15966
18772 16479 2055 2165 15990 16604 14452 9363 19359 16899 8741 7460 19433 721 5237 10833 14057 6048 15898 39 3000 13195 7622 17426 18572 11225
13309 3067 679 9118 1804 7754 265 7811 10457 9036 13610 9966 12 11185 2939 16122 7429 752 10589 2188 8075 15229 8218 6899 10249 415
15162 12230 8130 7983 14641 14991 16839 3857 13182 6224 14301 6669 6929 9892 10672 915 16694 2973 15724 9601 1730 18620 4040 1700 11286 11136
16285 12148 13712 18698 11223 19831 13396 7406 7378 6333 188 8994 8905 12107 8844 13328 3503 15290 16929 14890 15197 7007 16014 16517 2506 19895
10824 12343 2180 93 579 17638 8292 746 2323 6251 9593 14322 4560 16010 5130 9773 13505 17376 15887 12544 5656 16207 9830 12012 19982 4853
16989 10002 5127 12089 10954 8012 4362 16321 5214 19605 6862 15306 2353 5481 19394 14451 17970 11006 10088 11103 19117 6725 18346 9644 1100 19895
19500 9735 7294 336 15301 13919 16616 9212 1345 4455 16482 18960 4346 9349 7171 2421 12232 7994 16252 9244 19480 6733 16390 13693 13876 12478
15882 17942 9817 19294 2122 1404 5640 1029 8942 73 16797 1491 5166 7891 16358 16745 18184 17558 13803 3994 4288 6381 1441 4369 12350 5209
4352 16707 11107 2148 3486 1222 14189 16774 12080 19066 16120 7159 2601 18567 15946 14913 10876 12156 18860 15225 3358 19117 15627 9782 1446 5534
14515 11008 17350 6067 19792 14644 8182 19794 16984 9807 19403 6648 10691 3101 4645 1536 4813 4464 8849 13213 7994 13271 8406 4937 12813 12207
18412 4961 14110 694 91 2717 1712 16806 16394 13167 13926 11999 9842 6208 15259 15595 7278 18682 16209 14124 14229 2192 3099 12505 17547 10693
17178 3118 8315 8185 9464 10434 10800 6181 8533 7532 11564 13710 10982 18991 19027 8560 7185 2660 19657 2110 6935 13476 13576 15008 12049 4955
11199 2603 14476 4459 4765 18727 13498 13710 11164 9232 7553 203 7052 15178 8905 19496 3896 11714 580 7786 12939 5544 5260 14064 3224 9716
17778 1291 10088 18017 4863 3210 12516 9876 15181 9712 17579 16902 19512 17051 19282 4273 2237 18694 8993 15564 16262 16211 13993 17305 6244 16166
14854 13359 11579 16366 11473 13281 7065 13003 16497 8774 8553 16096 15642 9045 14408 17422 9259 12072 16251 488 12087 8889 12492 13214 19865 16496
3184 15333 11306 10433 18852 18364 11383 14260 13855 7436 10247 18474 718 5439 17348 19206 18891 2078 17775 8138 10761 11104 1923 15663 8985 16534
15318 11559 14721 17363 2464 13156 6313 2646 6104 13761 18155 14285 6320 17513 14353 14794 6110 2792 2886 9442 3570 1956 9401 1369 432 10448
7102 10492 14204 16293 12545 2680 7394 15580 9226 6860 12867 4591 2532 4299 16821 15269 9432 6995 3887 5046 10769 9984 8201 1501 2437 13976
16813 1021 17173 11237 15224 13447 13535 3336 16479 16724 5239 2965 13630 17656 4836 13922 7844 4583 8476 2304 2130 15726 19897 5788 362 11880
7583 12506 7713 12287 4502 6330 12191 16965 6684 10256 14361 6044 9715 1799 15452 7707 17347 6361 15771 16432 18833 10177 9910 16042 735 16903
9139 16423 14675 4073 9133 18189 12513 7583 18093 19715 13278 2661 15454 18219 10958 15775 19027 7475 2992 1473 18902 10077 16199 16260 8923 12659
8034 12163 17537 5441 9532 1549 7429 10460 16965 15729 9073 6842 16077 1363 10242 11527 17488 14801 18118 12223 15362 5880 8357 511 3507 13761
179 753 11405 18726 6658 7360 3832 8969 6015 1490 8868 8898 7220 15867 7111 15348 15373 5452 14422 12434 645 2044 11967 9314 14619 1917
5491 8540 17809 15529 5361 7638 17599 14018 1652 15528 18556 3165 6961 18138 8824 16804 19411 4715 10951 13676 1894 14103 11444 4303 5267 10942
18297 6214 15569 10261 14793 14190 7651 8592 10187 3878 13769 879 10036 2448 13955 11267 9121 14554 12469 128 19079 17390 10346 2559 17210 16139
17824 15692 4246 18896 15176 17207 5853 15852 2055 9373 11289 8511 2318 13224 19666 8050 10573 14142 5837 17407 15976 10919 19417 10749 14559 8041
17373 1217 13644 14571 1969 19544 9383 19177 13679 15291 5805 17077 4869 10323 3768 17873 3473 17234 13649 6697 11605 11034 14391 7751 5374 19200
4540 11487 6026 9554 5335 12472 5931 1829 12506 5625 7410 2368 11956 7943 11337 14877 7640 8672 12801 5817 12744 12964 3900 11984 15804 7602
6049 1843 18212 539 6959 10016 8864 9006 5559 3827 12143 13113 15669 18903 9307 9187 8060 12058 10955 13863 2911 7073 10902 13075 1432 6004
19004 486 6485 7297 13281 13947 13924 15625 13099 762 19566 7899 271 8287 11091 19161 5322 11733 17444 5695 4889 7727 16560 16032 7274 15742
13270 13894 17673 14399 14767 16150 16264 7543 17119 221 16745 2691 19506 7563 7773 16946 13291 4290 19987 10902 18826 2221 3178 12091 3518 1369
10074 16444 2602 16110 18943 18004 12618 13207 7181 3222 5327 3165 5589 16437 9497 17222 4537 19350 1914 19411 11792 12152 17385 19355 17671 10343
15541 5243 8183 18423 9574 3099 7360 13348 17829 16192 4601 7617 13193 16249 976 18683 11313 9487 5717 4686 2203 14364 17576 17768 3499 966
198 11581 7265 10765 6813 11712 2620 15838 11176 18532 14780 12144 13475 17265 8778 7209 13037 7703 14656 1390 3786 18729 19674 5110 5643 6007
15553 19081 8501 10549 6053 8630 7200 5665 9558 19514 13120 6430 10481 16170 14416 5126 12985 9023 9197 694 18636 16873 8200 14669 8161 3486
10682 3367 18229 15317 6452 14487 5242 13909 18884 509 12381 2197 1494 1827 4960 18886 19429 1353 5792 6158 10165 3032 10887 19122 8582 820
17837 9519 13741 19668 13643 13406 15373 384 12978 19021 5015 12316 12252 8173 16142 9060 364 4061 15154 8161 2259 2139 6692 6176 18672 17487
8258 11719 12547 5798 769 11457 2274 17034 10476 15862 9566 4495 11114 17101 5537 8951 13103 228 10884 6458 13178 16678 14553 16451 19453 199
11845 5713 15861 12573 12911 13661 10177 16690 10199 11521 9292 3075 15596 7279 8597 12893 6077 15430 3708 14688 17576 5497 19112 19770 17846 5041
8812 4127 11712 19321 9839 355 5781 17713 6960 9831 560 12266 1981 18414 2304 1966 3185 17526 2471 8734 19852 4224 4520 7939 283 1971
19333 19401 3615 7714 11480 8759 2755 4130 19760 19112 13882 19642 10463 13360 16712 16326 18378 4618 17729 4533 18572 12834 569 1085 14278 1054
14466 16643 8769 4900 13529 8710 9853 10573 4690 7327 3542 12358 9831 18670 12899 4568 2990 9255 8334 13399 13006 3707 4969 107 9689 11745
5537 15388 15905 10616 13068 19679 11967 314 19513 12077 8746 16983 17555 490 16222 4543 99 11912 7884 15278 4850 241 2082 16171 3872 19967
4138 11529 6933 2969 6412 19212 1043 16141 7214 9078 2778 11512 18833 6429 6761 5271 2895 5559 3444 5789 5961 6748 15493 1410 13725 1065
16107 6119 4215 8045 16086 17440 11654 14205 14349 14031 19716 3342 14736 11250 2638 7404 2667 14471 9209 12517 10096 12489 808 7844 14572 16170
13437 13911 16005 4243 14586 14713 725 2372 8970 739 1043 13062 10366 7479 2722 11203 19382 15735 9823 2437 8901 2259 14958 17278 18628 18436
15364 14191 568 8516 8931 3171 8546 11749 18057 10896 4437 10558 14139 153 16942 1785 9598 8626 7329 9746 19448 19484 1722 3420 16606 15572
9187 15130 11871 15447 782 9327 19054 19687 8604 18405 12468 18545 13984 2571 7898 2478 7207 7303 16738 13379 6683 1305 4770 9181 7406 9147
7258 98 14369 12954 4635 5254 11211 8945 1417 17934 19855 13613 3109 16358 9061 14630 19443 7713 13756 676 9907 112 14488 17285 4835 3532
13334 12376 2207 14790 19605 9141 19172 2500 17616 15220 17048 170 13203 2240 12438 11457 4302 11831 2792 2235 16742 17191 18993 19556 9668 12292
11955 7940 11570 8943 19571 3892 5691 14618 16491 6719 19900 12514 10482 3393 17114 5005 13532 4728 4045 15035 10548 18534 12330 13838 15545 1070
2095 13207 15344 12806 387 822 6493 14592 7630 11695 19723 8206 11848 7629 11475 14857 6510 16687 22 3258 4083 2373 9984 8892 15487 19578
10335 15318 15714 12907 1327 10104 17641 11983 10338 1011 16045 11578 11010 18943 7464 19172 13382 18270 19631 4089 17176 9456 2584 5670 10317 9825
9554 4742 19685 15237 1319 7412 2272 14286 4910 12405 18202 2044 9644 13194 19009 12685 501 14828 995 1395 16722 9962 5516 3883 17937 12411
10339 12670 12506 7940 10250 11309 5742 8487 4643 17294 14631 6074 2439 12428 15699 7241 14050 5125 10820 11941 2074 15839 9385 2177 8049 7073
16300 13708 10875 11944 17224 8192 5141 3829 9910 4092 14675 4121 3054 1120 6522 4514 17153 7310 12737 16027 1199 18026 5301 2859 2170 18103
12231 19530 19524 6259 10091 16495 15521 17442 12390 19421 4884 8017 8478 16195 8459 9441 13126 5978 14299 14666 12909 17472 4886 13165 14432 17931
1843 9089 19064 5585 11408 3490 5416 19837 5329 16124 11029 10084 6437 18697 13986 5374 13861 2777 9942 12142 4902 5604 4186 8423 14590 479
5395 15181 13952 3948 15727 10949 17416 10927 10284 1150 7070 6273 12648 13496 18767 18614 18170 2796 17826 4353 399 8636 8354 14564 15984 251
3410 2483 11293 18833 13593 19889 14696 17593 6473 8132 19375 7502 7730 5204 135 18711 7202 16492 529 7341 14262 16785 17716 4122 13415 7351
5822 12560 7291 9313 4488 11120 3348 7847 3376 6410 17122 1501 12942 12034 9847 9962 18261 18060 13448 18588 8058 17232 16487 8850 12477 5340
10162 11587 866 443 1442 2850 11631 19639 9712 4965 17209 5935 4593 17744 12457 90 17069 14073 12181 9675 3341 12618 9829 12144 9882 2668
17317 16384 19407 13875 9593 13686 3207 200 18451 17015 6019 10043 10678 18575 18145 5354 4917 8732 11520 9431 9929 10196 625 16119 3988 7658
5282 5096 7032 12981 18793 9342 14354 11254 5446 7409 5179 4011 14733 2204 2000 17993 13630 11177 4301 9701 11227 12000 17266 2914 4873 18900
3339 11267 10883 10748 17944 18618 1331 8536 11669 462 16095 6572 5536 13419 11214 414 17911 10077 15050 7981 13340 13231 5210 5021 13070 5768
12245 19819 11937 5985 6944 11844 10801 13927 10877 1374 11522 15753 19577 9757 11341 16207 6445 5716 8880 17568 8005 3760 12117 11558 1503 6285
10297 8722 15925 7655 15222 11221 18506 18629 4823 4264 10803 42 17513 5158 5174 10682 2929 18543 8520 16599 699 8845 12254 13371 15689 6958
10958 19130 8363 7169 7876 6758 4108 10049 10450 12276 3621 1650 9576 6015 15829 9578 9745 14610 174 4828 698 18370 8693 10110 13699 13270
496 11370 6952 4076 3857 17730 4711 9088 15061 12614 8926 12767 5320 10613 743 5123 1903 19820 18401 10185 18268 16768 12021 19940 1023 14964
16917 9713 14075 15596 1133 4947 3282 19611 7444 508 1265 18390 8733 11157 227 700 763 19194 11283 7939 15582 16972 4458 16954 1187 10667
5346 11761 19482 11340 19154 13768 19756 1336 6470 18808 4097 17435 895 15149 18939 13976 18203 7096 17905 4446 13755 4318 7678 7787 11630 959
11081 19014 16803 9284 16596 376 12525 2739 8667 7009 4543 17445 1055 7985 6762 7038 19327 7993 18398 11638 11042 18118 3427 11117 19723 10327
3607 4620 7292 15473 15328 6354 1483 16956 5877 19184 2109 1456 9800 16746 12822 17871 7935 2178 13572 10820 5622 8328 13927 14368 428 12821
4027 9749 3638 3287 231 957 1043 13703 16931 19484 8759 18951 257 2549 17795 15521 9461 1331 12814 5824 19437 313 5854 1562 5365 18671
14931 17605 2267 14758 2028 2236 4559 19071 19414 11342 17343 3683 3905 19038 16468 9983 4787 15417 7337 7401 18810 13529 19877 10860 2435 13795
18465 13448 866 16859 19286 7018 6536 9192 2463 3213 9279 14040 6995 15736 12078 8196 18011 19120 4615 903 2410 13214 13129 632 3804 19808
18612 887 15138 508 17991 3770 7794 597 15613 13851 13160 665 12957 16982 12302 7959 10656 3456 14134 12102 3483 6001 14666 18645 13470 15533
10015 13620 10964 8341 5267 5581 17961 19634 409 8439 13229 14928 773 6803 8237 18006 19476 19292 16102 11608 10657 1920 8751 6873 1226 11365
18452 17379 11458 5635 4441 15474 9043 12822 4770 443 4129 2117 9202 19654 14725 416 19822 14983 10425 11850 15082 17697 9762 4847 5729 1991
17796 17484 2857 12321 17833 3736 1342 4018 5929 12676 19093 13205 10593 14132 9095 2729 11546 11743 19482 694 8360 17445 2322 17487 18202 18532
2523 6698 2033 11655 2905 15957 9072 19246 8457 5828 9073 9503 16106 985 3667 2781 19781 14549 4967 6279 6452 69 13785 1425 1060 4324
17823 3764 13187 9324 1420 16268 5037 5133 11452 5587 8265 6329 513 16983 19779 19956 3462 11892 15781 19611 8844 9096 10010 7887 3166 6700
2478 18063 11577 14984 2967 10136 11194 8794 18249 7294 10047 5705 13133 6166 15351 2621 9718 1638 315 1385 6392 585 12589 13455 4193 14913
10721 3984 9427 5320 3575 12115 19530 19638 69 2997 9900 15647 2904 9615 3242 16142 1559 563 18758 16208 19483 19655 12703 15 19657 5508
4361 9134 18162 3573 9703 12691 18359 14022 14685 2624 11561 18482 1075 16563 688 6916 14708 15628 1262 9156 18768 8201 8875 1171 8194 7979
16184 5508 8277 10373 18410 14110 5546 1782 14177 17979 4201 16263 19188 13324 2452 3808 11517 4754 3223 12231 676 7930 13917 12897 10567 1021
9112 5234 5696 19802 12968 11302 19589 16873 8721 9789 18237 752 19042 14924 10082 15698 1036 12889 7189 8769 7973 11729 15660 16672 13021 18792
4479 7374 6389 3067 2744 19855 14127 17558 10858 1052 6482 9758 7687 10583 8628 9203 1566 13252 8906 14053 18661 4868 9497 12784 6474 16748
3726 1880 19848 16836 18543 17450 1906 19520 12062 4729 9459 7607 15616 4816 276 11046 7636 15990 899 6326 12973 437 9245 4566 15522 17165
1569 1485 3171 2144 15652 10115 18937 9026 3110 8774 9668 1807 8048 2016 6094 15268 11767 4080 18436 13114 19695 14100 5142 6982 11111 2873
15395 11887 8897 3674 18755 19002 2586 16741 6402 12771 2470 4484 19598 2356 12540 15838 5015 15271 13298 6246 2632 11154 15012 19028 12801 12330
564 7900 8229 5342 1051 12358 515 13346 9395 11961 7259 8324 12052 16812 8897 13285 10783 16713 6230 18871 18952 6288 13969 15311 19818 3850
8616 17017 18264 9925 18047 17988 5746 15314 13260 19311 13433 15743 3512 2186 10023 6867 15847 1882 5166 3542 802 2275 4371 13185 18657 3690
3548 8943 4061 16542 8020 8738 5202 3467 10478 3675 7877 2956 10621 11263 6757 8495 12525 4381 18883 17990 8305 4103 12772 19715 5199 13846
18565 1795 17085 9342 12475 13869 17382 6268 9011 17839 18311 355 11767 8210 9244 1384 18694 1764 11266 18229 2344 13134 17722 18318 304 10864
16043 17669 15830 18316 16579 9813 13055 8674 16763 35 5171 19766 4125 18508 6534 10034 1725 6674 4694 19512 2638 2284 17613 8609 4453 14275
15702 4053 19776 2707 15099 1401 17842 15066 7918 3909 19342 12482 9623 436 7742 13731 9887 19350 18818 7022 13144 16663 17004 14786 9662 14198
5922 16302 16728 1892 722 7661 8712 13170 17148 16322 16996 10441 3584 9467 1700 5528 14787 368 17685 7122 6258 16959 5496 6785 18387 10551
11761 15969 15210 3737 8700 483 4926 11197 18699 8036 1450 11571 2880 5450 18026 16982 7895 6427 5654 4891 12795 12835 15520 13855 2173 11525
15527 14449 9561 14145 10062 12716 7258 14787 6994 15158 3690 3220 10420 18695 2087 16257 2025 18008 15519 18064 202 10040 19302 7217 13020 4837
17855 2691 16007 3708 6743 4603 8622 12867 7738 718 9095 19905 19062 19327 8245 7822 19907 5004 11574 726 13563 13179 7283 14877 6796 17860
14201 14305 4095 790 4695 8783 18959 8822 2416 14777 10352 10007 11217 8205 925 16824 17907 7897 18742 17134 16137 12902 12729 14523 18979 3686
2337 14597 2549 19329 11789 6902 4054 18771 12172 18592 8493 5955 10308 7965 4600 18353 12893 11498 1955 17273 2453 17741 13035 4588 3967 8980
456 19114 16119 16185 5126 7629 8658 2009 2834 15626 9939 379 9969 19512 18694 19674 1208 14437 11435 13658 3172 30 7974 1058 4356 5352
2246 11120 11614 10271 8743 14632 2620 5170 13037 10157 17419 9788 5077 775 6042 1739 50 4181 12709 1683 5660 4288 759 17101 7637 13832
8592 7522 9951 2320 1433 2531 19043 16745 2950 7067 18459 4129 6820 1488 13160 9883 1528 11574 10737 19223 5869 8151 12535 7090 9985 12119
6871 19599 6186 5425 16819 8179 14935 11699 5579 2111 10120 7195 13950 3207 17883 15302 1046 5923 973 1304 17820 9733 13851 7868 16752 4730
8060 587 18695 6199 7729 2634 12452 6854 6580 2017 12933 9321 5209 12631 11860 15881 2727 1036 14154 2144 11226 18998 19049 17392 3432 6142
13447 1026 3285 1497 16315 249 14159 15607 16485 8513 6220 5400 11797 18210 4105 12474 18266 9253 13417 16957 1311 253 9841 6284 14934 18999
14058 3118 2469 14204 7952 7883 10309 12346 16841 14444 4746 3670 8937 581 12695 10161 12167 13646 2863 1378 1814 467 15647 15791 401 18902
10864 8227 12894 12239 11568 15357 10501 9279 14965 4026 7064 7855 17247 596 14162 13765 12206 347 3630 16145 7936 5585 8675 15333 15787 10852
9589 5641 17555 17191 7588 1298 12768 84 7840 3733 3566 8593 9655 9777 2397 344 8254 17940 13107 4828 8923 6016 11497 8885 18482 5068
4848 18693 1997 672 690 17826 8044 6138 872 19274 10544 13976 11676 9156 3619 4303 14592 4819 19961 11766 12504 5792 19357 13299 2791 5563
12287 14398 8932 17713 15818 947 13711 14952 16304 78 10776 11791 1081 4289 12134 6542 8518 1782 15380 2619 2645 19768 6344 13939 548 9401
3377 4233 1069 16820 16251 14117 11189 17876 12743 13587 10991 2004 4967 14642 15198 12394 19360 3052 8692 10456 2038 19554 3891 17326 14235 10832
6689 17141 2486 1115 55 18646 14092 8290 797 18259 10840 1600 12559 11669 17830 15495 553 15092 15497 8183 5037 19195 801 3071 18255 7819
11753 15322 6821 9947 5186 15492 17797 9562 7415 10150 7436 6689 15559 18154 3177 3777 8317 18588 19128 6446 18018 17727 6744 7727 2617 45
5348 445 7724 7005 10548 18630 2086 2745 13062 16673 1074 3606 13237 16728 18761 17021 19557 10599 13245 9602 10602 3990 4117 9235 12042 5991
8277 19043 16137 18917 4965 9323 4367 7528 5834 1831 18720 16890 3553 6170 7514 13837 7383 18086 1854 2047 4891 17459 18949 6507 1863 4557
16285 15661 15199 12408 18262 11774 407 9895 8282 16729 3358 10378 12253 17445 10178 5602 19989 9584 14337 6848 14740 12258 14702 3971 17907 473
11024 1715 12151 7868 5450 8768 6304 18505 9072 6129 16990 19939 17311 11837 2561 15670 19931 10096 7954 15835 3592 9812 4863 3738 7137 15956
1136 15581 12875 7443 14575 3442 19522 967 2478 9712 19269 15697 15808 7437 16179 8231 18418 17970 4926 14083 524 2869 5424 5751 11 10976
9713 17823 9605 18422 8646 18342 4391 15532 10510 2825 7038 8567 986 18765 8327 14588 19773 0 2260 583 4476 19311 11897 15914 16370 3295
6347 17657 9780 15350 8785 18708 9844 19943 19636 18012 8487 11513 11313 11492 703 14843 3082 14673 16054 12005 14809 7184 12813 8991 14396 18509
13903 13384 9759 13851 12392 5486 11711 4211 13924 11018 17823 9587 2000 4924 18369 17180 4411 16732 13169 9307 5285 5083 4805 14253 1238 15105
523 12701 18298 16803 1468 8166 19387 7321 17112 4038 8706 6202 8090 3116 5327 1486 18563 1595 15339 6101 1240 13692 13042 15769 18121 12656
961 12541 9147 1041 2092 6982 8520 8801 19671 12619 70 5968 10009 12933 5716 17153 3070 17155 2304 7362 17754 458 10143 15744 10278 17367
18534 8652 11107 17216 9785 10841 3678 19209 17977 650 18772 18510 1786 5996 10453 3151 19780 12141 2238 1010 19074 13646 16978 6146 11257 2538
2465 4598 12627 2892 5928 12258 8188 3764 13364 5672 2761 9093 18547 1551 19338 3234 11316 4786 10257 9899 10929 6525 10432 10333 14800 6716
11093 12268 10358 7390 2411 17238 15184 16745 2912 10688 13099 64 14131 19056 15797 17266 19466 6926 7969 14706 4584 5789 5523 15396 13903 15996
7945 17128 10713 14735 1022 18677 15799 18351 971 16035 2518 15869 3500 12774 17734 3489 7242 15444 5783 7415 5940 15431 7053 7704 12029 18157
8500 4270 14074 18394 15833 16508 17082 13259 15702 7131 10276 6640 304 12266 3577 5268 16668 11657 9181 17061 14224 16296 12550 16682 19147 13983
5381 1107 6827 1183 8562 9757 6401 1278 19179 2146 13432 4251 12842 10755 12710 14135 553 7598 18481 8796 19264 19104 2985 571 19029 18097
16983 5222 12835 13332 6255 14343 6695 10839 13488 3602 14563 19658 17886 12311 4917 16797 343 459 3278 9420 8149 3173 14262 19645 6426 15198
13714 16564 2203 4144 6619 8725 14888 4288 7233 1411 969 4162 4496 5267 19175 620 8905 12056 4872 19675 18977 1031 5082 1256 11507 16291
15391 7611 15219 18336 4320 12317 16349 13742 9898 12047 12326 5644 7191 14236 670 7218 11876 18431 11181 19527 7878 3280 4766 14023 10113 3737
10355 17341 2493 4756 17840 9820 9556 12921 10897 571 1262 2912 1759 17711 17851 15783 6034 13676 4476 12691 15545 16687 17622 14106 5617 9695
18928 6667 16207 1320 18393 11420 6603 2136 4975 18786 1045 5597 11212 11130 7431 17854 9274 14794 1382 9547 18083 13860 15367 7546 15545 12547
16305 3981 14893 9566 9762 14540 12394 17327 7765 3584 2198 14102 5451 19586 13898 1314 5165 5344 19766 7920 19356 12931 19916 12651 14538 7865
2582 207 364 17235 16973 2582 11374 18886 2537 17932 4547 15855 15353 12559 10100 3003 2868 9623 12510 15005 7477 17855 10478 3188 6828 4317
8656 7978 15191 15857 2343 2871 18856 15163 11929 4141 19328 11086 1357 963 4787 17302 5761 14020 17885 9150 15040 17689 1861 11157 9137 11158
15460 17046 1923 18 5422 13317 112 10545 16750 12920 2348 3062 16074 7252 331 109 6171 1844 14284 8932 3260 19654 3714 12043 664 6522
19805 9433 2982 12583 12045 8554 2366 19050 13440 16558 6866 5597 9398 19216 17913 12692 153 10566 8733 7429 7232 939 16431 7368 4982 5308
11093 8831 871 19009 524 3952 11411 4868 15709 16582 13044 18011 5337 15041 1418 1147 1860 9768 789 17232 19572 2852 15795 16729 3046 4801
137 12153 15549 18219 1466 6079 4747 15490 2936 15822 653 11245 19825 7307 17867 18319 7627 7363 4709 7421 12461 17476 19988 9076 14756 2694
5863 17266 12911 5942 15687 12455 1430 16957 5180 15760 1218 19674 6751 12860 9014 16630 9260 227 4378 15302 11811 1688 3123 9732 3669 5857
8787 15256 18392 3967 1381 19450 10179 2858 18662 7760 15510 12181 12192 19242 13081 19993 5106 724 580 8053 12949 6338 11736 5757 2952 5422
9069 18489 1172 4173 8935 2520 11048 15155 18598 7987 15647 12477 11946 3561 13856 9363 10478 1412 1240 1323 11680 1326 13780 15169 12848 18037
11358 14699 7014 2759 11723 19604 15915 15932 10623 7743 8676 19711 12199 10377 19482 18401 8057 13616 3297 8291 12217 19470 18110 3349 16051 7721
7548 5289 14075 14638 8033 13703 14757 17200 17466 1890 15014 10752 19130 620 18944 318 598 4209 13349 16160 2820 2317 10431 2783 13035 16826
5941 14775 2893 16512 91 2636 15057 7901 17145 1982 10682 1582 3361 15582 9761 5284 10379 5189 11606 10040 15834 7007 1354 17091 657 12902
10252 8773 12755 3202 18138 5254 11025 19348 289 14145 17329 3794 3597 16900 4321 10569 17063 7257 18413 11891 9144 15335 9504 14360 16946 9781
5725 5361 2073 12381 15557 13611 7874 3826 19266 11082 90 6844 13213 249 6670 189 12363 19782 1678 10677 2014 19172 14634 14033 6279 6507
18479 3939 6895 16481 15751 11496 10884 3751 15888 7259 19752 16960 6518 18781 7326 11678 11220 5562 5798 19960 1444 2424 4198 1065 14456 8281
15118 7510 8901 14973 11316 17022 19864 1038 16413 15366 9337 11276 12868 12917 18568 3915 8616 3137 16131 2224 4337 17827 5631 19469 7710 11476
7216 19892 19885 9927 3880 1326 684 16151 9680 10278 12735 19222 5699 6431 7251 13630 10244 1117 1451 3339 13987 4821 11259 15241 18011 16791
9296 17321 6069 1195 5546 15730 3413 7602 17458 12449 349 50 10628 18319 16438 739 14672 8757 2884 9364 2146 10899 14564 8060 17951 18878
9743 4093 4784 6538 6370 3544 18435 10578 17667 16145 13042 1662 14259 15765 9701 18117 839 9755 12485 18557 16276 12905 723 17323 4224 8920
18952 10762 4085 12437 6770 9017 3316 1169 640 6249 1829 5964 16442 455 13761 5289 7812 5078 3065 1161 4616 3618 10456 10806 3477 11884
12113 8608 2645 1680 5134 10431 13058 10803 5332 17172 9296 15734 5138 7061 16649 8173 16393 8536 8138 15890 2461 8853 2997 3882 1062 8370
6190 7566 15504 19051 2547 15338 12136 8618 9014 4678 11539 16387 16488 6117 12719 7017 7037 5660 8687 516 1073 8394 2078 16001 14356 15660
164 18186 18919 1962 13286 1709 7301 19102 11724 18542 10785 2381 12682 10189 9323 6330 7712 6423 1006 9392 18742 7515 1158 12602 16696 214
9451 9182 6479 19816 15216 17992 11965 5033 16553 869 13049 9013 2497 9573 13417 8307 17350 17937 2592 10818 13426 9222 6210 13625 526 17380
6330 6978 18613 2863 7547 10107 12985 11966 14556 754 19810 6419 8699 6790 5898 14041 19571 18184 1636 4442 10529 15488 7894 1361 7388 15632
16865 17118 3562 1269 5812 3783 6529 10608 1438 17898 6004 17206 392 12660 7295 2502 12850 5168 19059 17639 16139 18418 18770 8919 987 16934
15136 9733 14847 10630 10105 4660 6682 1382 12830 3877 19024 4045 16393 16093 12612 16745 14438 18096 15650 9140 2459 13934 11817 9369 5614 3022
13569 19590 7181 3336 2314 8362 6046 12931 511 10642 10647 3410 9303 15745 16832 4740 1215 14105 17092 17967 2239 17893 14877 11805 8468 15856
10242 19623 12722 15139 5969 2587 4236 18181 18908 12714 14687 8008 7957 2445 11505 1670 12828 13075 8394 4171 8465 3161 8082 17352 12503 16373
6714 10103 12084 5146 10797 1562 8954 3491 3426 14172 591 17502 1265 7346 12107 12418 19548 3854 7391 382 3826 11900 9583 7274 5070 1789
16265 6636 9330 12213 2294 3854 202 7924 2653 17873 7032 14435 1713 1581 516 1614 13808 18406 1324 6676 3683 6900 18317 15741 8627 19138
8684 13440 113 9735 6706 6038 8531 1496 8735 2667 15564 2232 12228 18502 16839 4982 15301 3506 2385 2773 5713 1198 18982 6062 4241 6573
5457 1427 15959 1858 15982 5842 17104 2295 13679 4211 9485 3753 7974 17203 17597 1355 15257 19465 2910 11246 1985 7576 14887 14717 16036 7290
14793 11697 15548 460 19996 6131 16720 17509 13210 16665 6032 13575 7196 13066 1717 6216 4845 8513 4015 5541 2167 19984 14996 10022 12036 13263
17624 975 18754 4434 8417 8029 11389 6600 2415 14988 6962 8792 19171 19475 16443 11231 14403 11388 15723 8397 17766 12662 11888 4519 121 6572
13760 10688 1401 13738 18243 6833 8766 379 19788 1403 5120 2093 5272 3828 649 5236 5102 13262 19333 14206 4505 7531 10172 3078 2158 9431
7981 13218 13672 9636 15447 10277 9691 5485 12964 14170 8023 14261 15558 10721 5972 8707 7917 15279 14429 12940 566 12359 10922 7699 10633 18115
14212 18209 16050 5720 19883 19456 9413 11303 3437 7911 18422 10270 16581 2859 8112 13330 12000 822 7719 19325 17384 9610 13479 2253 12541 19680
18583 11514 11825 18356 12763 1708 13465 8962 10092 19780 8252 6824 9749 13601 14021 14293 11442 601 3537 1372 19449 3600 12488 8619 16389 13221
15524 3774 16393 10282 5289 6166 4464 7213 5556 16180 9578 6382 3684 4994 19793 15161 19655 18326 7690 13907 13530 8156 3799 4443 2142 1337
14383 2013 9373 2370 13612 8316 19154 18880 4276 19657 12628 18573 6970 4463 16912 5002 13359 8155 8501 13097 11350 17065 12101 7577 1615 2109
14332 10171 10538 18458 15666 6895 1181 10138 7671 18089 10419 17892 18897 4772 16514 18925 10528 4596 9179 17823 5680 2359 11705 4476 7956 4813
7767 4454 9689 500 9910 2547 10964 19790 14526 16855 12580 2238 3937 1390 15389 15076 6911 7887 265 8832 16478 16677 3566 16905 3156 765
12214 211 1617 3885 13035 16275 16265 10399 18019 18482 10092 15576 14313 431 12632 16387 4054 4446 8927 2107 15724 18709 2843 491 1895 11747
18954 11417 5257 4536 5119 7933 11024 6594 8115 1580 12717 19835 17130 2205 5156 17291 16663 17361 15656 846 5678 19168 18290 18481 11372 3196
2955 6316 5489 5677 12669 5573 4622 15207 528 3638 8988 4136 8510 4015 15119 8571 5848 4563 14254 13943 7424 10605 8817 63 10577 16500
12692 16108 19113 14840 2131 19402 13766 12711 10190 12300 8328 18299 3573 5692 15901 15503 14386 2269 12180 18196 14722 11171 6176 10699 638 15268
2302 11676 7090 12510 16097 2484 11196 11972 6668 4406 8014 13141 11056 17616 5504 16589 13581 17144 5081 2222 14445 13689 12354 10757 17673 9186
7930 19826 3745 12951 9794 332 5715 1418 326 18405 2254 1100 716 7373 19575 3399 8483 4212 2575 3144 7145 14425 9699 4702 19100 2280
15821 13388 2354 15189 11462 7904 10868 12111 6925 7383 8664 9458 8632 17662 3148 12367 18320 853 10851 15315 14297 17336 11487 18647 9162 10914
51 11505 2816 12939 4602 1224 11604 13502 6400 5213 16900 11119 12474 10443 2071 10550 17765 19997 17577 11975 8514 5001 995 6802 9766 8172
890 4749 4735 10635 12816 11007 8136 13795 10322 16951 639 2403 2491 5183 4406 10448 6722 12045 16362 6140 15272 4543 13357 12683 6955 10530
11290 14461 18517 13172 17522 12455 1374 17693 6538 19337 18356 19898 9059 17014 6102 16515 3945 13819 804 3550 15547 7940 8275 1055 14890 12669
14677 12740 7340 16802 18807 6493 18028 2721 17596 18285 12529 8871 9409 10236 16188 10610 1051 11451 844 14287 1588 6395 18248 17697 5011 15441
14681 9587 19104 18193 12906 19647 13729 13997 9539 8443 1134 17591 3131 16172 14998 1035 3229 19927 8652 14835 16086 8056 19174 18286 491 17276
2300 369 14707 12390 3034 11375 6033 1223 9558 3790 4385 6763 19034 7787 733 16851 11973 11806 3319 1073 14446 7224 6067 11398 11600 8983
8333 3258 15757 5157 18557 5260 19306 9620 2386 18308 4707 8879 19458 6726 3713 17465 1339 9210 16763 19721 15111 13022 12153 17449 9434 11354
16704 14546 18675 18575 18107 18612 7267 13772 12871 19404 7498 15464 8824 3037 9017 14668 3434 16073 10716 10565 6390 9248 18809 15042 12505 1157
13525 7171 6248 2866 8050 10525 9660 2395 2103 16090 10061 3708 3992 9218 14962 7188 2981 5644 5849 1811 631 18141 12693 17879 9521 11982
16341 15146 9052 4354 13392 9983 6319 16060 6020 8780 11454 18220 15536 17915 2149 15652 16988 10895 7313 15243 2126 7422 5656 19722 7431 18162
10519 17969 15423 9134 18094 4565 7473 1375 15633 13104 14488 1052 13872 8333 19598 4415 5448 2857 10670 15859 8898 11362 17074 4021 17615 7931
3740 16672 11314 14701 6817 17951 12482 8753 9759 16722 7042 1230 17399 18515 1781 12654 12256 11296 8797 13285 12833 15919 11657 11504 1015 4624
11204 856 1763 16566 18187 17790 7188 10511 19522 17448 2717 14877 7593 6369 10090 10097 14889 8307 12681 1747 4449 12990 11175 17959 8698 13769
8994 11110 1032 11390 5304 10042 11495 10978 2178 16982 15764 15176 218 2898 15160 5336 8799 12512 12259 19839 19296 9022 9713 13115 17580 6080
1025 8063 9193 12675 11731 8991 15555 8005 14690 15364 8547 14990 9484 13697 3513 3412 5330 7228 9468 9140 2346 7319 13451 14321 5117 428
2799 3439 1081 6242 9440 15074 19224 117 8043 4300 13261 13232 4561 18849 584 4042 1716 3221 15929 10737 12170 3646 8593 2530 13095 10519
1761 16499 4137 17616 13573 99 7642 5196 13311 5795 6761 10001 3663 18210 17366 17680 9905 10562 6203 17012 900 4193 7532 8260 6804 6122
10096 12898 11243 3940 1514 11547 13899 4123 8091 2271 8200 11330 10751 903 15855 19709 8943 3114 3834 2200 7491 8021 2082 13823 12464 1369
10687 13018 2518 7768 11533 14155 6130 19658 19405 7002 4979 15665 6550 18163 3947 6938 5010 8750 8631 18763 5499 7947 15083 4585 3685 1298
17304 4782 11042 2322 8003 16824 12597 4464 14802 8260 5196 7701 17184 19473 13571 5203 10374 110 8323 13055 14406 169 15613 4574 12190 13289
5770 2168 3338 18554 16667 3880 1664 6794 13958 14125 9889 961 12293 13844 18909 9319 6675 11895 10254 3511 12840 16732 1637 6621 3527 6844
14198 10514 6302 11969 8980 3032 7997 2630 12340 19083 14958 390 12372 28 13824 14396 9324 15356 9600 13921 2794 19508 6917 4661 12823 16124
7220 2339 8958 870 3016 8908 19910 19867 7511 4934 7627 14796 883 12375 2392 6914 2310 13628 17155 10531 12867 11655 15909 19604 12498 11891
10303 15477 18000 2378 6152 16047 17951 9283 18761 11548 10809 12590 9742 13309 3770 6182 3064 16343 3442 1283 48 7861 3428 424 7442 11629
540 18894 15472 10691 2915 14565 9894 13218 15114 17028 10200 780 6314 19686 16214 9678 7765 11230 10791 18373 14490 1947 7238 15955 9208 6302
8069 16017 9745 15091 17940 7522 14527 15934 11732 18903 1169 13661 6887 18092 12692 5810 2559 18500 12151 6484 15881 160 199 9597 14855 19055
18764 14540 18747 3628 10181 6270 17912 20000 18161 6450 4012 14223 6078 1950 10437 3517 2852 9182 15141 3865 749 281 9146 12507 6465 12669
14018 15920 1153 5751 17772 8882 6007 10535 17610 7571 5956 17891 2117 17036 13201 687 8553 3933 19223 15839 17840 15062 3516 13286 4828 1880
9128 6202 829 18312 7462 10466 17852 15751 7261 6413 16376 4534 3775 19672 11422 2509 14829 13454 2236 12846 13519 19893 5353 11125 14128 1166
4319 17033 12693 3464 8247 19757 3553 9013 8323 4537 17187 9327 16075 8938 7135 5602 12557 16313 3225 19953 12093 3014 15945 18006 14029 3845
14875 19764 8905 3541 17839 15394 1239 5438 9281 1384 2436 363 5201 10472 8820 12609 1551 8417 2120 19668 2655 7734 18387 17499 19026 368
6024 8464 2578 8050 16952 13282 16979 2268 4389 2980 13346 15374 13640 18139 7919 18006 6811 16027 17205 15800 11967 14125 13295 17722 18746 9185
7433 14684 16510 9156 6043 17903 13553 14186 6618 19152 15446 2523 16341 14029 18261 11042 5436 1698 18108 10189 11325 13172 5773 15512 18216 1930
6304 18872 13418 18976 4764 11427 19920 10735 13405 2344 6209 82 14239 7015 6457 2682 10171 19613 15790 11131 10709 14545 3992 17026 5500 3248
17611 8264 786 12566 10752 13996 15193 2322 6513 14492 9181 6646 4041 7081 14474 19674 832 17332 714 18830 3068 7464 6049 10444 16499 13395
12578 1251 13429 10936 14097 13531 8963 5291 17507 11521 9203 11129 1708 4677 15582 6526 704 9938 5307 9323 10656 7013 18923 9286 11492 13331
4622 15530 13936 18185 1914 5394 13120 5 13336 14390 19629 5777 18153 5642 6022 19360 10837 1174 15879 5376 12561 16876 10868 6843 9035 11435
11936 8442 4628 11353 3939 8938 16538 18127 12615 18665 7337 17035 8512 9509 13576 15492 1489 19041 18020 4435 18058 496 18059 6295 15590 10800
14108 3052 7785 18782 19927 12919 11786 15126 367 9286 5568 11296 5089 2893 1770 15465 14713 1558 11410 2137 7608 6729 2665 3408 16026 1059
7015 11207 2400 4409 132 12828 1702 9256 2022 10714 16055 16785 18359 7300 4841 5776 7302 1702 8335 18769 14054 15661 13905 2240 14416 11583
18368 14123 15742 3228 13174 1167 9619 4225 8355 16063 12122 19960 16666 19196 18821 18383 10438 303 4424 2258 15783 11200 8015 15169 4037 5181
883 6077 17725 8230 17291 8495 17682 11079 14118 13578 6907 285 18259 1660 3514 5712 6497 17635 2047 11027 15157 6476 14126 12038 2199 1009
15617 5497 12924 3160 7096 784 6378 17923 12837 145 7654 14937 3156 3171 7763 1034 5979 19617 15675 5928 7318 13329 10488 19548 12185 9216
15205 17870 13578 15394 11593 8284 19155 16230 11129 13929 11757 1065 18445 18690 3415 11901 1261 11086 12856 5773 14703 17569 5251 11570 4039 205
3984 7832 18937 4419 5125 16305 3212 16338 12931 8725 7001 16486 17911 5220 8418 10023 16686 15638 11079 10534 2142 7858 2036 4872 13296 8796
4974 18030 1037 2241 13797 9625 12156 11928 16997 128 19445 1173 17280 13510 17649 5536 17731 8282 320 12109 7887 9567 320 3514 4396 7550
8349 10827 18320 18848 4982 6008 8640 10824 19458 11057 4918 17728 1422 8637 17962 11157 15448 9202 177 13598 3780 1544 12901 3851 17423 18995
9527 9172 16590 10983 15001 6209 12873 13857 9286 2369 11915 18636 6539 12254 4933 6115 10872 965 954 19699 2502 18986 8484 1190 4451 19824
10474 10036 4173 6769 7884 5943 13240 2307 17834 9539 1659 10653 13381 10802 194 2109 15329 331 827 17383 1817 18716 17526 16900 8098 7034
9807 5047 7959 11385 9606 6248 14367 11724 18784 14596 8115 5447 7000 12116 13927 12606 7816 1060 14020 15004 3683 11305 6538 1796 14930 18226
17794 999 1300 9687 18483 7771 10488 17810 4854 7522 396 4441 3186 10301 3048 15366 14724 11425 4804 10046 7937 426 5242 13369 18039 12534
14445 7769 843 10575 6758 1385 12766 15855 10707 5487 1142 14244 17903 19250 1661 17350 19780 14825 6610 2463 1816 5945 111 12270 17547 3035
5158 18032 2597 13526 8100 279 10405 2151 2676 5743 11934 14932 603 14941 8728 8609 18319 19104 2474 18051 875 3276 3017 18442 10368 2854
6508 6933 12062 17651 1461 13646 1601 6275 19505 3397 8415 1541 18624 3115 12001 4151 6795 18741 8099 17271 6564 12604 13432 10981 4042 10781
15556 19179 12143 13566 18943 11933 11516 12109 3614 16160 11434 3173 10288 19816 9826 6343 11750 7200 15287 6408 5673 16357 5510 11914 10964 12812
18036 9927 14222 1994 14675 11354 7151 11214 12503 11698 13458 17241 9056 12183 6653 281 1693 18049 2354 8534 16662 18125 4946 13726 6081 11072
3255 4985 12497 18209 15139 15715 14892 17756 9769 12730 17406 5596 1140 17371 19555 13535 338 9531 7611 2199 1057 12901 19852 16712 15745 14045
12510 19575 17571 14425 12328 14967 1210 10383 5203 6934 6493 18470 12235 19895 19689 19616 8235 1781 9236 6222 2332 1680 3612 7913 8910 6696
9916 6724 13099 12 2309 7052 763 15760 7830 727 3021 19081 17366 7266 17327 7188 13891 12524 5366 6929 11001 13488 18037 69 460 18013
19015 5191 10730 17046 19389 454 16621 16316 1885 9381 6105 18503 2666 3288 11085 17129 5059 19949 3651 11865 12051 11905 13037 1185 4562 18229
18516 9101 7562 17423 13766 14346 8718 10380 3466 4484 8893 2060 6048 16789 19454 9697 17434 18211 13210 5664 6538 16994 15417 1354 9218 4907
9029 1728 15054 15118 3050 13469 3978 19056 13026 16182 10259 1395 9327 2817 15042 16426 18541 14844 1326 6119 3002 3669 12345 4052 2247 13521
1720 4053 13275 4299 9854 11018 2190 4260 2697 3699 8592 17772 18008 4708 9608 5356 15443 15823 14073 512 15961 14132 18404 13355 824 15573
11288 485 8705 16901 8775 11281 6341 18336 15357 11193 1261 6658 11081 3962 10950 15913 19501 8982 6688 9289 7956 19754 17707 10546 1672 8786
15939 8138 17407 6097 12862 11115 9662 7701 7246 5424 353 10772 1648 19304 16743 12578 12340 15563 13975 6052 18900 5295 10252 276 19027 2266
