365
90 52 91 80 92 26 45 36 47 73 14 59 62 73 9 58 13 51 93 36 85 23 74 46 71 15
4367 5042 9980 5766 5747 5877 11081 13722 2026 11093 17036 14553 3362 9416 9887 5578 17216 16567 18535 15344 7197 4579 3395 11150 16472 19038
16863 12977 4086 16141 13499 6305 14197 19116 7460 3575 14483 18297 1539 9980 15450 6515 6615 6990 17151 31 12531 1085 15898 2166 14357 19056
11617 10106 4295 3626 17926 13572 19831 9025 19939 3407 3649 3865 15973 16820 11043 8793 14510 8600 1477 9747 2942 16456 18461 300 2835 14140
17535 9802 14836 18564 820 4438 8304 12295 6983 12738 19258 16311 7467 8061 13456 2016 7039 617 2341 17392 145 2491 428 14366 8960 6115
19827 12132 7236 16984 5419 2141 18233 4276 17497 1466 4760 8188 11595 445 13650 4549 11495 17868 6165 3409 4626 8183 16368 6380 17048 14399
8509 11684 15253 7643 1896 18311 2506 7491 10493 13449 10662 13652 7670 4940 14629 11188 13767 12043 11259 8425 12452 10731 13739 13182 6046 2440
4477 17740 8468 6134 8807 4268 14722 10189 12986 6959 3607 16114 9136 697 18086 6476 7513 19689 15528 9514 11401 16062 9073 14401 16291 7653
19698 18165 19692 1637 10232 2 18011 2223 14939 8315 5407 6974 6340 6956 18650 14325 3478 7639 15658 8354 3359 7638 17392 18883 7503 4271
16212 8290 11027 4392 6573 1992 7363 17283 14757 12387 7403 1766 15774 11006 1849 635 17191 15733 1562 4509 10010 5637 90 15436 9229 18293
11801 16592 18605 1850 5892 4687 2231 16799 6856 14728 18672 18572 7435 14642 3350 19493 12855 16669 855 14981 172 13879 5535 15483 7456 14781
7132 7930 16636 13872 14229 5498 1010 12821 2528 11306 17298 12241 106 5572 8784 18192 16656 7049 15027 16943 12382 3427 11410 10375 14958 17091
12376 7950 16508 14102 2179 891 18093 8501 10379 157 15450 12015 12057 10128 709 6630 4048 11996 13530 1136 5337 4793 19473 6502 13146 939
14556 5773 6946 3354 5921 5229 9486 17912 18085 14089 12678 19075 16260 245 1519 2876 2473 15926 16551 17880 1438 18429 11941 6231 17583 5556
4108 7549 19582 7275 3236 13094 3804 16007 1020 6950 1650 8640 10844 9667 8198 17896 443 7909 17065 16812 3607 4652 18155 7634 3012 7051
4871 4255 19205 10288 7211 7927 5139 14572 12475 14231 2834 15895 1035 13707 11022 13425 14049 10123 6861 4450 18051 12825 10370 36 11654 17151
507 16876 13025 18819 630 9592 16446 6215 11352 2101 7407 6873 8491 926 1335 7915 1631 18775 18170 16795 10083 11260 4330 10596 10352 12148
9276 18082 10765 10752 2605 15498 12485 7537 12269 7582 10703 12841 599 10817 15274 7731 17226 16193 6157 12560 17346 3842 16161 12468 9309 7387
15996 5087 12841 9277 18519 1502 15953 10360 5578 3208 3381 10737 14923 14770 5441 926 14405 7841 15126 7132 18014 1155 8980 4666 9348 10017
10400 18778 5142 11730 16728 1489 4296 18137 14426 10882 14132 13230 2175 18713 8569 8028 2001 11047 19496 12630 14 15824 16721 11889 1792 19139
18128 14127 18214 9749 4351 17087 14055 8201 5103 18586 1038 6332 1063 3973 4519 853 8234 9137 18251 492 4544 12933 11968 18599 6750 9560
12528 18407 18479 11110 4224 9758 19426 4754 7871 2746 10426 7639 19177 18213 16731 7326 16189 8451 15875 1273 10804 4569 14817 13847 646 3220
14622 1463 13764 17214 17810 3418 14519 8537 11971 8120 9593 18664 19275 16553 5636 7459 14165 10498 3116 6247 13807 18228 6147 2632 6940 15005
13591 15680 10099 10565 1015 407 11492 10715 10390 3284 15604 19244 10831 17516 1077 16559 13567 8283 10089 7276 12379 8274 4970 15896 2758 1516
19742 2383 3140 18776 9816 9387 14877 11165 13064 8713 15350 18663 18744 4404 2849 6838 258 14870 10856 14320 13672 3954 19248 8907 552 10865
19661 16669 17171 13741 14842 16291 16039 6920 13406 12542 13537 3135 4822 6812 15464 11426 4260 2891 10716 10446 12007 17683 15892 17261 17858 12126
9650 3143 10635 12242 15015 12450 6648 3035 9034 12813 8375 2128 13507 8771 2580 10183 11087 11481 17580 14193 7867 5446 2236 16939 1484 1325
7050 5629 13400 12614 16987 16812 5707 16529 4946 11457 5524 9437 5986 18677 16131 296 3744 1254 11289 4001 9412 3238 15874 18846 16597 7595
11226 9993 14638 19411 8231 9714 7862 13111 790 1303 1252 15681 785 16864 10699 12874 15500 3583 16131 9002 3222 11567 10660 13245 6763 3104
5081 15076 16402 4415 19490 15127 8769 11303 17205 10885 11721 20 7358 4743 11211 15670 15239 3406 14386 744 3277 5135 14769 2149 5643 1697
13582 16517 16390 16330 12874 14456 19890 1550 6181 12000 1380 12052 14122 1991 3684 17261 13319 15261 7887 9734 17014 17713 8692 4511 12667 7793
13932 10690 12433 16518 15215 19804 5356 3854 4363 6001 18915 11009 12382 7609 18096 18806 10997 14931 10019 15807 3355 10777 10601 16915 6339 11008
14564 3009 1978 2296 2660 11252 18028 11000 18562 15474 6211 3555 12791 4213 18388 10145 12045 19840 10016 1619 3766 7378 3514 13667 14038 1658
7932 12 6678 15082 1639 7321 8280 18588 5631 2899 10860 14545 16226 15987 8545 10950 17470 10678 1739 8881 19397 5220 13781 18196 11408 8485
15362 14940 18057 12890 1431 6635 2623 11620 15335 15561 6220 10164 19972 12152 16281 12022 2185 3349 15184 8345 14139 19467 5766 15054 37 7034
13409 11244 18540 4384 6225 17937 14650 11982 12023 7203 5151 9891 14381 1990 5399 8045 10120 3312 5030 9043 7908 16842 18697 8963 1470 18441
19086 11977 15774 6882 18334 18593 1684 10943 16810 15687 1898 18112 19216 224 18410 13949 7303 10593 3755 2072 1520 6724 18549 18232 13766 10922
9300 11895 5518 15121 4581 15876 6518 3985 7933 10425 19242 7765 16059 11854 10493 12266 9670 13516 389 10892 18501 13505 4744 6937 9304 14254
16848 19501 14091 3923 14922 11487 15411 7786 3316 6099 4688 1862 1553 17720 4394 18115 6971 10226 13715 15733 1047 8233 10397 10348 15881 4339
17841 839 17789 7655 13852 14657 4340 1301 11835 16054 6413 19432 11409 17760 10588 3813 18599 15156 5985 9990 9802 15507 1528 11121 9721 14872
7752 11969 6536 6617 14206 15751 7535 3715 17069 19886 3740 6261 545 9071 4950 18644 14223 563 10384 15120 8115 8111 18530 15544 13528 14559
7847 4980 19571 10560 15898 10832 10040 13340 1234 10292 15510 4882 7661 2831 6147 6515 5017 4181 5700 18467 14338 16225 6654 5276 6492 712
16143 13675 11169 3121 17821 9484 4762 13906 2889 1935 9264 9228 12437 4613 12753 14335 4472 10121 18208 1446 9420 15811 4754 14684 8135 3105
10368 17267 16739 17497 14803 6877 15893 1751 17192 15118 12925 11163 18764 9654 15675 14684 11574 14448 8367 19064 11152 4720 8175 19652 14694 7946
4468 12340 7401 14137 16863 17919 13879 8221 16674 782 4400 7876 6165 5538 14926 12694 9045 276 13583 16877 606 13056 13649 15928 3816 2810
9634 10264 11151 17940 14176 5545 2144 12665 9662 15412 12903 10666 3049 9348 3920 17631 7459 249 13906 12952 4026 7424 17355 3124 16838 3245
527 13213 814 13631 6017 9747 16187 2934 5319 13975 12420 10777 13559 19304 2677 12680 6715 9663 7880 19467 1769 5754 2799 19154 2433 7756
18052 1243 16048 18053 19623 10432 10777 19438 14615 9731 3455 8773 19710 3934 10820 16966 2583 4687 10240 10379 14141 8614 3655 3729 17294 13412
7228 6335 10195 9959 10496 10691 16550 6321 13538 16198 15242 35 18978 8760 2491 14173 2071 5147 8027 12240 19606 5762 19650 7828 12481 17287
16252 15373 19113 17628 10829 4624 15046 17455 10536 246 2321 5799 11648 11335 4807 13735 5739 979 6359 13678 4737 2370 10087 17595 2289 9805
8017 14564 5841 15725 15556 17092 13456 19630 6710 18622 12991 47 3148 8510 7875 16370 12783 13634 16610 10724 8232 19161 6969 15593 14556 4020
16571 18536 7306 17458 14586 11676 7438 1844 995 595 18285 3436 7111 8234 9151 18407 5203 6585 16394 2023 16021 8515 12902 18355 2028 18413
12451 1567 330 11411 18569 699 2878 17983 12898 178 3208 13352 16187 12780 12784 311 14995 12897 16371 13958 6957 2465 12142 3934 15322 16589
17442 491 6680 2659 4504 10657 653 5504 313 109 18971 17437 8376 11762 9136 1796 1542 19874 4304 11562 19992 6279 19036 13195 17762 16929
1195 14388 7953 7248 8980 16261 1101 10339 14293 9993 15124 1570 11426 12902 7857 14087 4564 5298 2487 813 2738 10394 3813 13461 12757 16769
5011 11606 13655 18157 4971 19820 15937 16644 19073 13660 9473 10140 16544 14752 12257 18097 12028 13559 4415 12197 19587 8239 6465 8482 1512 13285
1772 15168 3117 15573 15168 9733 19269 7931 6231 5602 16049 8325 7068 2967 4214 10008 6850 16510 11794 3693 12629 4176 4818 12187 7829 10890
5106 18118 15641 9269 19304 13700 4919 12541 11691 17116 972 14765 7579 19973 12005 17791 14998 15529 1954 6122 13862 17321 11590 15629 151 11063
13787 10334 10502 10483 17181 2660 15970 18395 12469 5191 6777 8563 8918 8689 10413 9769 9658 6015 8280 7998 5675 7148 7183 6415 2978 324
8450 2847 15890 5632 16573 8755 5899 3726 14335 12177 768 13687 15137 4083 17626 1183 3430 6088 8672 8105 6112 2665 409 18806 10843 16725
7181 609 2102 18719 15501 17727 6435 15591 8546 13323 1902 18002 7969 12002 632 702 1531 10773 7210 4302 2553 9777 18753 9429 12269 10959
3297 18583 15672 13897 184 15836 15359 18351 17264 15727 19591 662 223 7958 10747 11067 11214 12587 19034 6683 18596 17683 1986 18809 12588 2325
8924 9091 13967 6082 13766 13503 2314 8340 1465 15712 10405 12584 6391 17016 16298 7767 14980 18838 11133 13490 4187 5528 5081 17296 4281 3822
9584 11958 18950 19009 18899 8448 17987 574 1127 18493 9237 13123 11463 1690 10691 7310 9479 6575 7607 6605 4143 12894 8097 17854 19128 7785
11061 15288 17635 2429 16121 17217 16820 2278 16238 7138 18450 16313 5510 3726 10997 12339 13544 16621 7119 7028 18567 5635 13160 17934 88 17407
7123 16706 6244 9581 16632 16735 10052 14737 5489 8103 2908 18752 14543 2977 18165 4750 13444 13176 19760 11133 16756 3874 12578 9102 3212 8188
3664 17939 3603 9157 18376 5509 8873 5722 11095 8012 5233 19571 15816 19127 14408 19903 10236 14312 7578 6022 7778 9894 4533 19690 7446 6876
9035 18256 19358 13732 8589 11454 10815 5558 16154 8981 14576 7403 16368 3812 15660 15811 483 15748 327 225 9238 7693 5930 16714 15401 10253
4517 10040 6405 7176 10296 18325 10181 11730 3966 6393 3309 4077 10805 8314 4427 2381 9319 14914 6325 3801 15602 1906 2740 3171 11043 4227
13110 4090 19172 17118 14072 5618 9051 8743 13868 6883 12622 12205 3949 8960 10471 258 9282 3256 19867 9990 11285 10549 13409 1472 1318 14770
720 5450 19480 979 12813 15400 8803 6651 4231 1279 8867 13514 9243 5807 3294 14280 14480 8134 1537 3699 6743 4488 5467 10735 697 19013
6195 51 16189 8901 9838 18430 17945 3961 15042 18248 19902 11442 251 1479 11956 5833 2312 19326 15293 10851 4973 9461 13138 14712 12299 12288
18414 7734 14017 2638 889 8588 11946 10835 4440 375 15659 17474 724 5218 10610 10678 1266 4044 3499 6144 13073 11558 6697 14678 17355 2814
16547 5107 16377 5521 16555 4331 5469 9498 1891 7234 5601 9847 10725 12155 19289 11030 18295 4531 19544 6435 18649 4015 3343 12403 19865 8861
14742 9954 7036 13199 2633 13837 9191 6398 4034 17908 13961 15804 12515 12432 3571 6961 14332 8649 9500 19619 10691 15357 11358 19478 7600 6797
19639 4040 11115 1800 5435 17621 18174 7091 18180 4546 6023 3536 17041 389 12505 12323 6720 7458 9710 7236 5975 10682 4440 7592 2889 4253
7212 10889 7197 14069 19539 13112 16204 18731 3079 4438 7756 19585 3094 17373 16229 12018 8380 2738 2452 3024 12037 5895 5669 6041 19064 15839
14867 621 16715 13058 17895 1528 16001 11502 5871 13646 1542 16270 9121 10096 18976 15941 17075 8261 2543 18444 2697 3024 14966 17935 10571 19858
11208 4519 2990 3855 5105 4566 1362 6054 360 8370 19647 2208 11672 19218 6648 7660 1162 13971 18049 13598 10971 16784 14559 15605 18154 19383
15534 18857 19775 17187 8172 11612 6894 13284 3662 13406 2150 2443 19696 18210 12654 15408 12622 279 13549 14495 1121 5874 17784 8508 7648 8413
12214 8777 10640 7891 1513 18991 7528 19901 14675 1715 10596 18943 19692 1729 9421 5473 10373 12850 3121 16802 9422 14974 16110 5320 8658 18250
12456 6710 14288 18540 5749 11196 10375 19476 14236 17499 3117 10505 10231 10086 10046 8194 15910 7182 16246 13538 15159 1438 5235 5061 3138 7679
1855 5051 13564 6969 851 3057 1316 19693 18038 1736 10123 798 9893 16138 19271 11901 17809 2176 999 11058 12167 2462 10767 7219 4354 17192
18108 8555 2109 16576 12894 19910 15179 6455 5465 2380 19718 14088 9585 1358 16411 19662 2272 8608 18142 8828 1321 7574 597 8228 17085 2984
17658 9423 15461 15942 1765 9122 19945 8184 11174 10491 12015 7736 4732 15277 1960 19380 7124 62 11048 16064 13400 9305 12720 172 5099 12341
6017 16093 18228 8412 2248 9063 15055 9309 4649 8686 3392 920 2176 1950 11856 14613 10970 8117 7851 12339 5112 1387 16881 16578 11734 5909
7862 9247 3201 5096 7890 19907 14233 892 1862 2334 17056 9963 2343 17286 4473 11656 18458 14530 19340 7256 14497 19386 18929 12028 18988 18295
12104 17134 14362 15535 2439 10400 6979 11688 3197 17202 542 10194 17939 337 5041 460 2366 13794 11870 8906 12122 13124 8278 7421 6891 3065
4208 387 1306 19829 19737 8024 18140 8360 3562 12278 6088 6977 4262 18838 14921 2925 8515 18181 0 6306 4413 8197 9192 6940 15477 7535
17774 14587 14554 1344 11225 19191 17723 3695 10929 10683 4569 17929 14283 11528 4584 10730 4384 913 2615 13040 16854 10589 15510 178 9933 7890
4750 17259 17538 16629 13260 17013 16785 12210 4056 14650 11558 12706 18860 11604 11942 262 9820 5181 11637 5798 10856 9962 11591 12106 14239 12357
15787 2820 1973 2364 9408 7995 16628 6471 14924 15123 14598 17666 6603 6984 4114 3895 18534 13738 19497 11187 12217 5281 16469 12367 455 19149
10537 207 6331 18681 5963 249 13042 17854 117 12415 7322 9530 18550 9440 6437 15455 16811 13423 16859 8200 7709 13539 12742 8295 721 218
11468 9873 17819 14210 4434 8808 9757 7848 12006 1481 18608 6397 17076 19782 18474 1982 16049 2871 4969 16086 10308 10551 2784 17291 13202 17424
9654 9341 13398 3739 11788 10316 5786 4758 9083 18685 17537 15199 17981 7424 14915 6680 13828 17929 7808 4545 6588 16779 6467 429 12882 10503
19236 8277 2373 471 966 13521 5795 8567 8756 18969 4564 810 8107 6896 12599 16950 7548 16825 4302 6092 15261 9701 3370 7103 16644 10172
4999 11580 10548 12818 13264 7075 690 5457 3916 7403 15089 13565 12918 2158 19408 6007 999 19245 686 14243 6139 9119 7871 5903 15567 8837
10552 2542 6734 5978 9439 7940 12642 17794 8476 15596 3734 12465 3628 7970 10551 735 10654 1108 6544 6617 14696 5666 2434 6920 5334 5883
4499 12925 2302 18336 16250 14719 8913 1024 18998 13295 13558 5630 4730 3533 16554 17202 18971 2116 6944 18585 17820 7243 5467 9377 16117 5141
9358 17280 16090 15039 10982 12222 17421 2813 14344 20 12622 4255 19592 19799 588 1000 7535 14176 3840 7258 15283 5269 12407 5580 19661 18246
6275 1423 8316 4716 18030 18284 17935 12944 9124 9082 12126 11584 19 13108 11620 14338 6558 15248 2110 8349 18858 8907 14427 4893 4341 4313
3118 7855 14524 10755 1382 5708 7055 14392 9495 17320 15174 6915 9101 7185 15469 4346 15475 16259 16019 15155 15025 17601 6254 2467 10531 5985
2551 12726 1438 10397 13069 14391 9529 10185 3171 12093 5565 3668 13998 60 12683 9828 12220 10836 6188 17713 3896 7862 5233 10738 16506 12849
1306 7978 7886 8972 6382 16213 4008 777 16865 9196 5698 1449 12159 7842 583 2007 1136 18324 11088 12799 11133 7059 5990 10099 19883 18498
12522 7187 7175 13131 1862 4629 10779 13040 1715 9488 16324 8659 3501 18871 3826 19745 16978 18044 14987 7345 1165 7086 10256 6925 16797 8630
9295 1598 5380 13090 452 16051 7148 13853 7125 4710 9217 5890 10917 12556 17419 11896 3141 16972 11929 19609 663 9718 15661 19516 7262 11128
16234 12659 3514 13847 12387 2483 15441 16763 312 9313 15608 14241 10158 12697 6008 68 17672 60 7694 14146 4144 5181 511 5095 9161 9986
12461 6700 238 2046 17759 5191 9559 12466 13982 4581 18751 10621 13328 11360 18329 6746 2216 1113 4431 15279 12038 16684 19202 4252 10027 11152
5406 12923 16186 10928 11362 19139 12450 11055 7615 16184 2014 1454 1255 7920 9435 10978 8642 17310 3062 4509 6212 6147 10403 291 2388 1483
7602 1986 13196 17786 141 12212 16046 4046 13188 11517 11050 11274 13581 13052 19834 18899 12109 11478 5222 8357 5387 3831 15372 14837 9944 14924
11175 11139 13881 2492 9160 13656 15405 13922 7867 8524 13251 19240 18295 2445 1355 7144 9788 2936 19394 14851 8038 3029 1335 14375 15593 8049
214 459 9132 2309 15381 8205 19373 11759 5134 13667 4065 7983 15086 3036 2065 3727 4312 10700 16393 5096 7757 18967 2449 19949 15349 13316
19863 19260 11146 18782 7714 6732 6395 14668 8571 1623 1578 9092 9522 14442 6163 9474 8382 13693 3319 10635 10368 3788 10877 14677 12715 15953
9286 2363 13961 5837 11792 17893 14573 11307 12764 18559 3799 3985 8538 9280 17339 10863 8954 9667 7808 18467 12952 1392 7677 3461 136 17456
7866 3512 7003 15689 17485 12054 2734 11239 19769 10545 1762 16015 5833 8291 10492 2966 342 7054 14053 18405 3892 17545 5464 4093 1562 6973
17650 7129 8400 4532 13720 12188 2053 4447 8575 10782 6473 3227 7083 7672 13481 8920 12402 316 18043 12664 203 8387 4640 10175 14525 5549
16691 574 4320 17168 9764 5127 17322 8034 10258 12948 19507 19034 5250 13458 16993 9552 2569 3171 16749 15822 251 9488 11112 18653 8697 14693
4024 9336 3354 9212 10822 5774 4885 16415 4931 19730 5166 7968 4570 16977 240 13705 5048 19926 2116 15005 5212 7032 18103 12914 8737 6848
202 50 17345 2990 6301 4799 1469 1303 3454 4914 7217 9530 10557 13819 10807 8370 12902 4309 12199 17595 15975 1267 8659 1742 8782 6558
16973 11044 5568 488 2936 4803 10188 8825 3964 43 1564 14897 14163 5206 4064 16190 13247 7411 2721 19235 6951 16766 12456 6125 8134 19422
1833 9204 2377 3143 9866 2427 7742 2831 19448 6561 13119 15426 5067 8226 13039 19162 8404 12958 16901 4187 7487 12072 5637 2036 5373 17570
11576 8744 3772 10100 12843 11542 18534 14148 17756 11089 14621 8540 11107 2209 13700 2558 9924 5159 8000 10049 4979 17338 3162 11774 8284 15253
1514 1230 17225 11346 679 2063 16950 10247 11905 7440 19156 7604 12147 13908 14387 11482 8274 7671 14888 1774 11957 6823 17058 18445 6037 2571
2522 1283 8823 2368 12911 1695 19391 16039 15663 1343 17745 910 1227 19297 14758 19582 14891 16178 11694 15854 11363 12856 13602 19549 9488 12844
11779 2478 9403 3401 6284 18408 11437 11482 3821 6419 9498 3685 2851 12305 11123 7758 1688 92 10010 11168 3023 6480 15571 19036 6339 2120
10993 11764 1436 8313 547 4868 64 14509 5001 4833 16208 13148 2114 19259 15533 14699 11576 15936 12779 9059 8414 13318 8105 5051 4656 4798
2606 4410 10028 16599 2159 3353 7566 13739 8249 14091 141 3809 14859 10486 11410 10021 8118 18308 14822 10226 15039 7190 8185 835 582 10747
5702 8648 16026 11688 15286 8204 1434 12145 3594 6074 8297 18810 4880 15256 18453 12650 4603 1189 4730 16563 16902 17612 19382 241 10757 4324
2836 13413 13717 12381 19034 10347 8425 8137 14651 542 1058 5249 7051 2215 6808 10939 4877 14205 815 14536 10538 6777 6979 1743 6923 8040
7567 337 7803 8569 3297 14723 14782 3304 13087 2033 900 7168 2122 14732 13047 1985 16351 14283 17814 11407 15523 2771 9360 12150 594 10102
3493 14803 9871 2323 15594 684 18808 9172 5372 7613 10836 793 17412 6496 10381 6252 6271 12011 15332 12934 14779 12567 3279 14310 11741 19462
17398 11941 5047 4395 16464 4373 1130 8236 7175 12538 17561 11101 18103 8344 15363 2624 17694 4660 5687 13353 10613 15786 11706 6541 1653 16255
11160 15131 209 15437 12800 7412 10621 19045 12347 4373 13801 9644 16830 12732 265 4356 18380 3740 16627 18044 13209 5259 7829 8884 11553 1470
14173 15498 16237 10206 447 13708 13643 2701 7011 13078 12328 3609 2047 12853 17646 11489 2305 17749 1196 1027 948 347 16417 19263 1168 20000
3747 18680 6328 13284 1257 10795 12302 2399 4029 16952 311 6341 6921 18076 8786 15094 13374 8446 16141 8239 8550 11758 1022 461 18642 19881
18655 11641 4683 4783 9643 19719 5626 2291 10256 5475 6575 10543 19768 14391 16352 18320 3849 12788 16012 16281 1942 17046 19663 18895 1381 4756
7797 7958 13894 11856 1488 16154 15783 19418 19232 1917 13096 10761 9600 1818 834 1415 1762 5963 16102 19447 14295 8990 2455 10835 17578 14445
10142 18246 12057 196 18861 6655 15570 1498 9886 16178 9720 10110 125 11641 16062 16114 12088 10288 4090 15517 1666 4197 6787 1059 12893 932
10295 6369 12438 7584 14262 2631 6214 14052 12601 6323 3178 8598 8592 16481 2755 13575 1735 12995 9732 555 18534 7983 5990 8533 7381 803
10315 9294 597 14311 4013 15689 8874 4818 195 10349 5051 10660 6377 9547 15489 14336 8140 558 1135 9334 15580 9074 12557 8862 119 19684
3481 18147 7868 5429 4352 1750 3038 1894 13308 19640 14287 11294 17405 6138 18720 11338 2630 477 744 7056 18658 4341 16644 11551 15126 3674
17787 40 3167 11327 18549 9300 8759 16558 6018 15256 15866 14183 4296 6312 10353 9205 9419 10267 17260 2803 5448 19526 2075 6203 15943 12021
8514 3312 14553 18312 12155 5349 10691 3935 11786 19072 11445 11196 1796 12656 8757 19013 12166 12697 17154 10523 9965 1235 19765 13196 19106 30
15320 2128 6403 13776 10733 11127 13399 4985 15461 13718 5995 17808 10509 16905 19593 14036 14554 19084 10536 3143 4444 5312 11316 8265 3743 10477
6553 5200 10733 2682 5528 8663 3916 4692 8163 1527 16756 9193 13064 11889 2875 13042 17619 6043 12425 5646 14999 11207 7474 18232 19060 16828
9687 777 3321 10186 1010 15169 5452 11007 8708 14941 11137 16731 10350 7096 11409 10424 6762 6809 7324 13395 10182 8538 3491 15744 17121 8573
2640 8177 2851 18255 5023 16613 16108 15727 16117 15864 7066 18899 345 13480 18227 6686 8983 8347 15046 17415 2530 16932 10282 2949 1952 17459
3936 8745 14547 10698 10834 14322 2040 6944 9478 19637 12229 11562 14011 12302 8524 18849 8693 3276 16584 7254 3585 3643 19131 18374 4335 9866
18814 19744 3395 11971 4871 14810 8577 17650 5762 17230 14085 465 12719 10236 18044 16826 16225 7300 806 19900 18786 15053 10237 8028 13852 4724
11013 18863 19107 13009 8724 6731 9012 13699 2572 19190 716 13650 6916 6758 6714 6411 11660 16749 17815 334 8900 753 16557 1915 18949 1006
12927 15487 15185 15092 10521 13578 18469 1074 16200 12335 17866 1162 13336 14603 15624 17449 13921 17728 9740 513 13920 13756 515 13555 18062 8475
7078 5039 3533 2528 18523 630 17019 9365 14780 17134 1896 12152 246 19548 5277 14125 11022 1670 19011 16427 12592 5085 8717 16997 1081 12710
2287 13852 15744 12285 13002 15685 6453 1097 6599 2518 6144 19655 2793 8 11181 3662 5285 14561 1882 18257 15226 12830 18610 13033 1294 2861
8931 6265 12912 7711 5717 18314 12128 2606 4907 6231 14372 12647 6740 3243 9535 14092 16187 18482 17515 150 11790 10566 2021 10725 2214 24
18591 5849 3412 3025 19764 2070 17175 18114 10855 4424 14146 10751 18310 8285 4863 5735 19797 19633 12365 8046 6965 11291 17348 15165 6139 15296
5024 3088 19124 2599 11316 18587 6133 12140 15555 3822 16113 2204 10270 4606 5641 6801 14490 16662 9427 17062 16048 13789 513 340 12111 10170
14765 5494 19038 2142 9282 10698 8072 7833 12698 6319 16535 13312 8211 11636 4161 562 9623 8601 10117 14873 17168 9437 17968 15602 1349 18077
15154 14496 18150 14578 3918 4451 8615 1702 6131 169 1948 19677 7789 10178 5948 4050 5227 18620 19680 10634 5008 17698 12009 10684 19710 13950
18917 10233 8635 15123 19258 11396 6700 12718 5177 7977 13263 17696 5339 16636 9056 2025 13758 9132 19415 10266 13481 15641 7815 15503 4474 11215
4377 6520 8074 11359 15902 4820 10809 9861 13916 6153 18712 15823 6558 11545 19448 17821 12976 2204 8155 7427 17163 6773 15248 10395 15725 4383
8837 5522 10716 2792 17837 13604 2367 10985 18558 17172 12416 6118 13731 15397 19992 797 3574 3704 17289 15952 17268 5244 17734 14091 9241 7669
18401 4568 9537 695 15970 2218 10150 17003 8237 4068 9166 18143 8740 5289 17897 14814 5442 21 8042 13347 4693 19422 13084 11353 16917 8263
14071 6155 648 16344 15103 766 9025 15945 2427 8945 10123 1118 9540 4828 5225 10094 12647 9125 16293 16572 579 2918 7647 11003 17943 5043
19485 17222 620 14752 12181 17258 1857 10584 9742 10069 14292 1980 15934 18236 9428 11869 17415 2680 18530 4140 9168 941 14903 10686 313 3787
1673 11958 541 453 4950 16980 1790 8411 2312 3769 15908 2074 11264 3569 19592 4775 9973 17604 13128 6488 4999 10673 1603 851 8810 12764
5014 6554 18870 19839 11809 9498 14686 8088 18393 11105 19925 19710 7251 9002 6926 12649 1877 6703 11606 8773 902 8839 10916 7056 8905 16212
1637 19104 5055 13903 16499 11539 17464 19580 16258 13976 2618 3615 10932 10863 2831 9870 17883 5645 5609 3447 5323 14381 6581 15192 14043 4800
9962 18719 14621 4557 592 17010 19465 19968 526 5104 3472 3774 136 2227 4503 5048 19623 1509 1798 9309 4597 2122 11733 3084 9368 16043
1187 6435 5484 11367 194 10055 5140 2990 4769 7780 620 94 7444 4155 15112 10518 18019 19872 5203 16670 15299 14551 17235 18120 9137 17774
13170 2353 5577 13250 3222 17842 15102 12378 6598 19164 16067 16651 14664 5149 5299 16697 4039 234 5955 16574 9018 12937 19802 4567 10933 7040
8 9192 7356 14600 9513 10945 8657 9354 12962 16401 9679 14901 3825 10114 14049 9872 19503 17751 1937 1671 17599 3492 301 6907 1705 3369
7110 12555 17110 1681 116 9139 10380 12742 14834 15733 3520 8831 18829 7957 16205 6720 3652 6341 16741 3162 14546 9669 19969 6813 12554 4000
2731 6548 5054 4073 9554 2609 18593 2669 6866 12882 15462 18795 18959 17349 12096 1025 14251 11371 904 10875 11146 1947 13127 10556 5509 13822
5515 13261 18822 3281 5070 17663 16241 19055 4986 6208 11550 16142 19948 15113 2820 5421 16255 6099 855 15941 8152 10159 16589 18510 11895 5638
10165 13204 13475 13625 14533 13299 4465 6969 8881 6940 10349 13579 3204 16723 12186 7891 13519 5114 1828 13475 1087 19359 7069 194 16855 10826
16405 3941 9794 3134 14703 12164 4861 14386 2390 17626 16254 772 19986 7872 18196 10482 5533 306 14922 10229 1062 7185 16149 1582 14066 10720
7590 9377 11985 216 10561 9757 8281 13327 4066 2691 8157 11923 8986 11485 15116 4632 18576 12296 11382 15824 15606 14653 109 14873 12603 14129
16275 17805 6502 15964 18584 3205 13263 2313 4683 18415 948 2967 4836 10247 18929 18312 7663 8172 8268 16518 10090 16028 6991 18064 13684 10840
3173 12657 15083 15854 14880 19294 15729 12486 14990 826 18908 6994 16945 17420 14729 817 9438 11227 16897 7069 6938 4679 6203 14268 6196 9272
6632 1658 18504 16270 8051 3205 8911 4345 17216 9741 6506 11460 7345 9824 2893 11445 14669 15045 1530 14865 19172 13463 13736 2834 906 13462
15845 1741 15397 2562 15022 16146 1146 4874 17918 5086 17131 7101 13471 12759 17847 2444 12673 2980 19313 7803 5673 16312 15615 3620 8016 6217
8197 4097 6860 9722 9754 6483 10620 12251 18013 6090 12796 2045 3564 10197 9787 6671 3184 5221 18963 9235 19784 1933 4320 5681 7137 2127
17894 13692 13967 2394 3532 12337 2444 15342 11078 5366 11582 4810 6220 1911 6384 8686 8830 17735 19189 2375 17149 1358 1029 15978 11871 15653
14157 15821 17854 266 12552 8307 18473 8567 2522 1319 10235 8193 17756 11250 10049 7759 12264 3120 16233 5528 17478 12848 5478 17331 4830 17319
19165 3017 6674 19435 8275 15691 3926 19249 19634 16872 15446 5759 18356 9620 11257 3944 7584 19318 4305 4685 18894 14638 13321 19585 3369 6737
10390 19931 17200 557 6379 5228 19396 9906 782 17920 12168 10329 19734 12578 13199 10882 14746 7481 11320 19975 1729 12734 19997 2930 14497 17053
4076 5575 2903 1078 11601 15401 14046 10207 14145 13798 12200 19988 15018 10670 19982 9994 10676 9098 7334 4252 11415 6748 958 4321 16213 15920
475 5201 3299 8977 9189 9105 252 12576 16009 3262 8428 14030 8457 1339 7268 19022 1658 4597 8166 14061 3069 815 10643 8834 4911 1900
18488 8816 14791 5087 15269 9711 19190 7896 713 9113 4254 7344 5681 10462 2844 17582 4977 7330 12611 19400 9280 16680 1416 6885 2385 5632
10761 15209 2465 11682 284 6515 18636 8226 14804 11355 9428 11923 9687 19846 9782 19116 5990 15744 3019 15927 9402 6816 16460 4276 4784 832
17980 17219 16628 16856 12495 13410 539 5099 9813 11571 1340 1526 6197 17799 681 15153 16121 13904 11176 14213 2808 9600 3775 10328 2633 14299
3290 16126 5766 3962 19038 9077 14683 6776 2150 15974 15912 15792 10643 19816 19042 7070 8311 18293 2273 13254 2724 18814 11145 16856 1045 4141
9280 8973 1497 9157 2111 16548 7180 11310 5541 4201 15044 18020 17527 9231 9475 3236 17531 8004 17387 1016 17764 18286 16002 8937 9763 9645
5065 15021 19549 7368 12652 13124 2318 2366 13361 5616 16537 6424 14864 1067 13266 11335 15022 15664 10159 17544 7162 707 10631 11627 10864 7630
5566 9757 3303 10258 18051 18608 12156 6400 10494 10619 7460 2428 7774 7433 15892 13831 11712 11723 12948 3525 1878 9315 4335 3427 11010 127
2851 16052 19079 14085 3274 9682 12064 16379 12328 19785 8101 425 19594 13988 4837 16710 1626 8287 8965 3103 3383 11570 5205 1371 7932 18795
15832 13161 734 6872 2036 2500 1449 19845 6066 6571 5350 2558 2422 10054 3207 18856 12070 6827 12094 4873 1185 247 2895 17480 19091 8648
2206 6044 7882 586 12379 11089 13530 16776 13890 15997 15142 12777 13092 5874 18565 11812 16197 1655 3929 12250 2268 11885 19932 12660 18239 1775
19240 2172 9857 16131 13734 14704 14129 14791 10915 1236 2106 5062 16619 13049 1970 8695 18114 12811 2466 14430 12573 17541 19142 16656 5341 15813
5091 14328 1877 2439 3623 13711 13744 14646 12223 8966 19678 2467 14674 19747 8947 2406 12519 702 1920 2704 8223 13643 9135 746 11860 10922
19702 17434 11460 14448 13234 10949 1119 5057 6368 6649 13913 6087 6523 2629 13128 16561 7133 6329 9835 18416 16910 18234 19861 8827 3817 6157
7772 8688 4772 18074 11508 15808 5404 11204 3189 19509 17403 6276 16534 10964 11667 16525 18407 3835 14308 4751 3594 13582 1474 382 15248 8597
13475 14988 17946 5760 5141 16425 5809 18869 1423 12704 4506 17709 7865 5801 9677 13061 4807 7013 1082 7359 1116 7165 17201 12960 3009 2167
12467 1556 6724 5825 9197 15526 2955 1474 895 17910 7616 11483 12701 12688 15999 3578 977 15250 9538 12665 13957 2626 16085 3735 12435 7181
17069 12881 2469 15820 17405 19589 12936 18303 15134 14887 11043 14182 7726 16773 19067 17601 4275 626 3939 14107 17525 14747 2 6917 10191 9263
17066 15037 1768 1597 13931 7295 15210 4915 18443 14643 9632 7561 17507 12578 13551 10445 10621 8043 277 9114 13047 17787 8991 12544 17614 16625
3334 5375 7613 9311 1929 8798 12053 17586 18052 3562 5054 11809 6639 3439 12824 13501 4902 12041 645 4864 15491 7495 962 1812 18108 16624
3569 7290 2989 10713 18497 8147 14510 3239 19070 18608 2851 10402 6765 7486 1357 3849 5921 13922 13388 5583 2572 9819 13973 647 10832 10187
8760 4825 8069 12154 17641 5122 14897 14882 9497 17683 1947 2450 4975 13606 18242 3464 11891 15699 15088 8984 11217 6467 16188 7952 17168 19422
16071 1533 17134 10693 5445 16195 9788 12031 3215 13209 11190 17346 13005 14354 13547 19732 11802 18962 5915 7853 2334 8060 17832 17420 16161 2598
3583 633 663 4104 1873 5055 19287 15272 14489 8824 10389 15832 6581 11803 3373 16130 11485 3010 13515 3754 15300 795 15441 2544 2544 795
15527 16214 10436 5024 1308 7268 10061 16393 19701 1495 11829 3217 16151 8555 19461 4457 15203 11618 15114 16096 2784 11114 11146 3666 7971 9872
19411 12419 19639 6495 15782 18694 3383 18482 19451 14112 12555 3438 675 13079 10681 5396 12950 4829 12702 11616 15227 2165 7245 18941 4895 16852
13454 10933 5234 11223 146 8507 3027 1898 16311 3217 14515 19121 17932 13301 16515 655 6261 946 288 9787 4319 8003 7337 6406 6409 155
4790 10615 18893 9261 8952 8867 10079 18212 10449 5378 5759 19257 2424 19597 6925 11311 5910 12160 5908 15442 17944 8568 3912 7654 2197 1367
11085 17539 9268 8775 16460 13789 114 224 12367 11533 7623 4878 11212 12214 1952 1807 10684 16023 17893 4383 701 13720 400 6198 15359 3573
14251 15683 12729 13472 9457 6768 17652 4766 17152 11585 1093 5580 11060 16290 168 17090 14250 17721 5222 137 13791 7827 3059 6668 14278 10946
15829 7987 15177 9692 9071 2380 7861 3208 14069 4604 17759 2171 2469 7651 3447 18205 7400 17323 17185 16225 9581 12412 18845 2225 10229 17030
9903 11556 1572 12233 19910 17062 9282 2732 5325 11356 12060 6012 1188 19294 3473 14426 12350 15164 3134 3113 3576 15186 6639 1204 8879 4823
17395 6600 5523 5053 334 18745 6916 18117 15979 3877 18905 2391 10719 19752 237 11759 7852 9280 19540 1538 9775 6356 1778 9883 666 17381
1739 9234 18742 5805 3855 7340 17443 1588 14132 4334 9152 8253 17416 3799 7373 16483 14396 2120 16377 18975 15144 18855 11226 13665 1627 7776
7569 10665 8970 17109 9063 4473 10078 18384 8231 11865 18751 567 17445 13279 11095 10864 16144 5354 3352 9107 2805 7230 11478 19589 18143 11955
8445 9975 9758 15328 3266 3891 7022 12084 3887 2632 10164 15910 15845 4407 17986 9737 9341 13952 14192 5946 4129 18042 6598 17718 2797 3219
19698 781 8180 15984 3072 19501 13116 15837 391 4945 18479 9208 2999 7149 18323 17396 19688 7861 11779 2344 1768 19403 19234 11691 10739 3597
6611 8518 7029 1532 4130 4085 18630 7452 15344 8139 720 10822 15576 3558 10829 6082 5173 4311 16454 4717 5460 2297 3820 2138 2695 1732
10578 7244 9536 23 8035 5465 1016 17663 19910 18581 2677 8433 1259 2022 18541 14579 9293 16253 19829 745 15554 17350 5603 5467 1978 2950
958 16958 5913 8157 4518 12526 6623 10816 1071 9494 13472 18819 5206 18980 10659 8367 12491 15947 8292 17928 10575 1201 7100 13254 1836 4739
1084 10395 8884 2825 16944 18935 3455 17123 1841 16886 19334 16744 4550 16756 17168 11006 344 5169 6501 4157 6734 5486 5781 15295 7656 1430
8785 293 4015 8380 16127 16242 4461 17661 9164 2324 15330 18548 11077 1869 13861 15453 5804 4989 16325 7028 10929 9726 7270 2072 4243 13957
1701 12506 9459 8721 8818 11760 7921 16360 5548 17061 11222 11783 18810 8652 1070 1303 1690 6386 5326 19690 11195 334 11748 14071 7319 1707
3052 3025 5124 3197 6887 18212 15687 7172 14528 10585 7360 6482 7850 14994 19553 16785 12294 1686 4922 15575 302 9719 17256 17823 19074 16313
17638 10052 9942 10669 2990 1825 12685 18182 8671 13505 10550 8047 6532 15411 9620 7792 10530 19767 17323 7921 6356 2814 11807 7602 764 60
2940 2380 5583 11009 8382 4864 16601 7930 1801 6337 11408 9470 18855 2424 9826 10108 16515 1944 15327 4765 17050 5417 6139 8316 8980 9691
18086 7341 16638 11507 12459 3482 14864 17120 8339 2520 16814 2161 15662 2901 11304 1958 15997 17826 12236 4348 12684 13339 1575 13067 9433 9616
9429 8358 7065 8600 19429 7560 15219 7119 1397 12717 12186 4384 14101 12568 14200 19636 6815 19530 19876 2395 15752 5546 5451 2313 7704 6635
7038 11878 4614 8867 16801 10680 6376 6333 10477 17695 5561 946 6265 6638 499 2648 19136 9388 9615 5066 13116 15237 8940 14268 10558 240
16614 2645 19732 576 5487 15208 7145 3523 6914 12753 6514 19380 12052 13306 5189 17246 15401 13544 13950 10804 9920 2513 10767 12909 14489 14730
14212 18509 16557 1000 4255 15187 13440 15372 7833 8550 16731 14992 19391 17186 9925 8897 10572 8222 1452 15630 11540 15734 15022 7220 9422 2324
18301 13139 9110 12525 13462 8889 2804 13323 18425 10371 10742 4105 3485 18689 6871 2520 10974 4923 5858 3677 19112 15676 16485 14 886 14213
9016 10141 6528 8947 6203 7376 11583 14225 13888 18888 4866 17507 6618 13276 7673 5315 10027 114 2571 6892 16065 19371 18933 10868 9093 11627
13751 19401 1187 17522 3845 15267 7834 19447 2790 1814 2175 9984 3646 18605 9589 8004 3321 15742 10971 18658 4581 11488 10612 15947 10231 2877
12238 6796 19288 10265 15268 3031 16422 7852 4311 8707 12544 1645 6891 12486 16403 6268 320 2279 1091 15036 13545 15280 12136 5699 4766 10584
6657 10529 4480 7889 17040 8652 7574 4807 15828 4153 7448 17776 1141 19704 10229 18610 12747 6173 15130 10988 369 5165 11404 16540 9676 15680
11488 2956 7756 16830 5488 14448 13132 6963 8168 11496 17475 9623 5149 13782 15812 16437 17222 14753 15891 3451 9447 15802 7869 8463 1752 2165
998 1908 7231 7631 13732 19839 4574 15355 4297 9060 12446 12828 19233 5920 19440 14268 1974 8030 15253 3447 15098 8617 1681 11199 1106 17517
8697 17437 15107 3096 4349 15553 4901 152 10840 16233 470 4103 12974 9419 17258 492 12604 8992 14462 19072 17205 9232 3270 2374 8976 4676
5884 15926 14455 8395 17156 2310 12520 15748 2177 10365 6095 19640 8774 16669 16548 19896 6734 3963 18759 6681 8312 2104 7513 9672 17079 4523
13418 1274 19689 10747 7809 19838 7872 15837 18219 6133 13319 12016 2110 1549 4219 9509 15576 8958 15450 11181 6296 17258 15070 9937 2720 14633
7614 6876 4629 4794 8690 2239 731 4363 10653 7894 12746 6193 7055 14148 4125 1479 11107 17635 12038 13377 7379 13053 10867 5344 77 5407
14136 2826 11605 18224 4493 1811 15301 19030 15982 790 1444 17336 9662 17742 9943 18657 182 16132 11533 5042 12556 19922 18657 17018 17175 376
2331 4300 13786 17405 2446 10589 19987 15959 7496 8224 6826 11530 8226 11854 9664 1309 11124 18807 9556 1980 16983 10478 6055 13904 2106 13404
12806 13231 7261 12526 14094 11903 4228 5818 6996 1697 2925 13069 13428 11623 5401 14942 12043 19572 7104 15801 11844 13762 15226 15552 18920 14279
10007 17265 15270 12547 8929 18425 16941 13750 16409 13009 12418 13636 305 17931 11650 17821 15592 18416 121 10608 11224 11641 5037 10216 17151 12511
15551 1334 7855 14552 4438 4612 15028 2742 13818 19220 16806 14266 5782 5393 18120 8371 2397 15454 13920 3484 9594 17785 5603 19462 1520 17536
8290 3720 18949 8564 5472 3979 5488 16768 6456 4582 13586 15745 11371 18574 4095 14994 4195 13817 16943 6217 13 18942 11303 5292 1383 17393
18040 9089 8694 6305 17373 8516 884 12206 9459 7783 3002 18983 12079 19695 4649 3699 17696 19467 8755 4808 7721 5040 19476 7349 17675 6144
1521 17044 5636 12117 11708 10101 19588 13000 1470 3518 1711 16475 1917 8866 1107 1085 7667 5910 5751 11440 12698 15428 2471 17941 16639 18483
10166 18540 6829 15584 9438 5 13733 17033 15802 19743 5477 3769 7647 15314 11146 6234 17082 8554 7810 12427 11234 4069 9808 6865 936 4242
6425 4551 13268 14223 14642 10073 16898 4680 12555 10136 7313 7540 4906 345 18382 4736 6885 16967 7081 19834 7507 2240 4110 12506 12006 15753
4940 787 324 1543 17782 13979 6455 16635 2080 5160 12781 17461 6092 15955 6395 10311 18734 15820 16241 11401 19027 1379 1559 18873 19350 8206
2914 10762 7279 10055 10264 7332 15767 1743 1205 2308 664 1921 13634 14342 7605 801 17037 1400 10451 4040 16878 10277 9373 16319 16923 19894
17228 9702 8083 9002 12048 1905 7769 12072 12985 12172 2847 12277 6236 16760 1680 8313 17211 10303 17393 19081 16241 5817 13704 5217 13967 6496
17011 19764 13897 18713 8739 13264 3507 186 4162 19567 12443 9031 3570 463 903 1649 12172 7162 16420 14009 11457 9912 11930 13846 11787 13131
14951 4383 2661 16456 13053 15631 15726 19395 15369 18002 15794 867 19634 3208 11262 4555 17032 3949 2987 7152 14492 19210 6504 2585 13235 3248
12436 3378 15775 4857 1224 17019 1040 3549 10509 10919 14234 18625 9425 15080 6490 15513 8302 13554 15948 667 2675 3153 814 3379 985 17072
10208 18362 733 10864 6141 14845 6248 11863 12986 8470 4043 16789 18991 6131 11090 18696 14010 5278 1960 17604 10416 11558 1108 5212 16193 11937
12625 10235 13107 12571 7310 2249 430 9533 14981 10107 11697 18189 17299 13550 17217 11079 6215 4930 14127 2868 5180 5699 17996 3327 17281 17559
9224 12309 9884 5790 178 15845 11302 19663 17764 103 12855 7937 674 316 1822 10349 1886 17285 9546 13744 2104 9913 7140 12204 322 6407
1714 8776 13125 11297 15942 9492 12481 10469 17979 3480 5645 15679 4949 4824 11746 16026 10105 11668 2973 17117 14096 10767 10050 12565 19950 8530
1783 7733 13855 16091 18477 1723 11431 5394 5702 16620 1266 9252 17607 2848 8318 2109 11491 157 10862 1155 900 12623 3023 18045 4085 16605
13266 9840 11042 3685 15724 12658 2603 5855 951 3169 9666 17852 15944 19525 19517 18384 15881 13362 14795 8314 13430 9423 8857 7991 18779 12480
10488 16661 12156 1704 9266 120 3098 9274 9221 3206 8143 8099 9737 7150 6172 2516 11000 7554 3305 262 15060 15653 9451 15067 18928 8151
14790 5833 9906 2582 13671 748 4089 14774 5430 16091 8409 10666 16593 10985 16146 8167 16010 4413 2313 13505 1927 13506 14067 19319 19210 78
5279 8855 19763 5338 15652 12466 9733 17820 875 8300 7989 558 16284 14889 6450 11270 16719 6984 18753 18809 18166 14232 17287 11190 11430 1001
4700 1555 15952 10846 7510 18787 5201 3710 18460 2478 15956 11961 18583 18764 8426 13199 13204 9140 12318 17272 3286 13161 13231 10323 4946 14618
13597 7537 5081 6676 15925 14773 18150 13329 18102 19101 13637 11029 16937 11490 3128 2145 8736 3064 17001 83 1218 6551 18560 7910 14532 362
11862 19239 11986 10968 5270 1415 14193 15257 6894 12355 9200 15448 16398 9154 315 18127 10410 3120 19132 6346 10559 5091 11634 4396 9699 7291
3921 17316 17900 6332 2276 16847 2666 4837 6480 16293 7344 6139 1733 9715 19822 7033 8740 19652 2708 12106 910 11703 13169 19506 17811 16119
1829 4373 383 17129 7213 5592 17079 16039 19641 10645 15289 8906 10359 5668 19648 17403 10269 4231 7950 2997 10718 11943 12997 7711 3896 15923
3187 4082 13720 18026 13546 18396 15307 13697 204 14300 7543 16973 3290 11474 9609 4193 2261 14393 18917 11053 14154 13981 2398 18342 13849 7270
11216 12803 8522 15755 8889 17420 9917 10170 801 5168 15380 17294 10112 6125 14119 18811 6067 9938 15029 14607 12095 4505 2408 19035 14506 871
8624 19711 18182 3267 931 1496 14986 12424 17846 5674 11677 19946 9868 8937 7891 5720 4126 800 16653 7985 14579 4374 5538 19761 7791 11999
1523 16468 414 38 637 11634 6166 13283 2523 13443 17693 13964 18918 17869 14919 7588 6319 4499 2918 16348 18652 18408 12001 14368 15920 18021
13372 17966 3973 14496 13160 5445 14496 11628 11592 595 1391 6328 18816 9550 2602 6833 14072 7714 12659 5176 10658 5269 16684 8184 9880 19436
15293 15726 12234 4039 4574 451 88 6367 525 6257 2107 396 9569 5581 3499 14803 3303 17667 4643 18983 5089 15399 686 5777 17438 18133
17451 16946 1739 13658 10798 5182 8029 5533 19758 1879 4503 7827 11793 9677 14046 17996 6601 16648 17068 19029 13702 11119 11913 16204 3485 737
12722 9964 19689 19191 15004 12049 806 9797 15836 9501 4090 4341 12104 3123 8959 12038 7751 14678 8239 6660 14950 118 3331 3546 8825 11022
11096 18328 5446 9158 4460 13549 10092 18152 7454 18376 6016 15892 240 10692 18235 9746 7092 19009 270 14321 3290 9029 16524 491 11941 1788
3190 3742 18613 13740 1811 19622 19251 2051 20 12523 8121 8696 10644 12797 4261 10114 13135 16361 16208 19871 2785 2354 360 7685 4007 13108
11738 19376 11264 5365 362 2510 17711 5441 14848 7197 6252 8484 5572 7393 15125 12721 17817 18999 7227 12749 3091 7562 6405 19655 13390 13415
15484 11294 19851 13236 19602 13686 6796 7379 11509 11621 19760 725 2837 19307 14656 8670 15560 15488 2823 1559 3615 48 9762 8067 3054 3800
18213 5776 1325 2395 10100 15656 831 15607 7212 12869 4581 13917 10488 6016 5610 10547 6628 4635 12960 11854 2527 8 12501 4791 5193 1667
17100 880 12832 19862 2364 15264 9515 15722 13990 9291 14196 12850 11735 904 19514 8896 3072 8709 9605 1895 15760 4984 4373 4847 1271 4756
667 5070 8567 18174 2071 7066 2485 1577 11510 3468 12430 12078 16797 18051 18507 1109 15401 9854 16050 10345 11323 5009 9482 8369 13504 12084
2964 11991 6039 10808 19818 10826 12756 16606 19730 14290 16970 12539 10148 12815 16838 17219 473 11214 8447 12933 18335 2200 3363 9818 8511 8850
14129 12417 17901 5195 1100 6402 15691 12414 3899 1287 14042 19066 1433 4225 11133 10618 9498 6981 19735 11306 11868 2242 3669 1242 3327 1855
4747 6566 4726 16086 12119 777 10819 7156 4771 7212 5806 18584 1064 481 6325 15608 2207 1777 14697 7637 8949 14981 15661 10239 19209 17153
12149 15911 6948 19144 17490 1973 4925 2939 6054 16497 16000 10607 8358 2446 19526 14875 2545 4145 9315 14595 18390 12812 14624 7577 7064 3508
14271 3756 10502 7607 7488 5467 5481 9780 17995 17590 1799 6225 1874 10259 9146 11783 17021 4014 11645 5997 11998 8432 19784 12202 1917 17168
14617 13876 2525 12711 16113 7581 8296 17684 2990 2994 3970 671 3493 16915 11688 13408 7541 10024 19382 17586 13106 1275 4466 3267 18590 6246
1009 6910 18654 14635 18567 16886 14279 7257 16171 10451 175 18868 15335 9598 2969 7856 13281 5839 16385 8734 11121 5510 5491 5105 9302 17592
1667 5785 19414 5111 7886 13885 2718 19232 9591 9277 17237 12377 4416 4306 4006 14543 8183 8084 8234 3450 10627 17580 4858 8195 17406 11214
10253 13377 18847 19253 8329 19416 9993 15562 5131 3889 17461 3295 11771 19844 7589 14520 1499 6185 11840 8297 12361 2350 5019 6686 5631 7795
19933 1366 12251 13364 7567 1911 5000 4816 3858 15859 14226 9552 12646 9001 4531 15330 17452 7726 13285 5497 1750 7052 9743 16813 453 17710
15027 4689 6182 19834 9205 16310 6596 16870 17558 17630 8710 2076 19565 4200 15749 759 1622 17515 18654 5882 16898 17682 12370 14961 9576 12560
14693 12167 7197 19812 3349 9128 9616 5752 17362 19160 14870 17418 19580 13653 7628 19031 15438 16188 522 15959 11475 16575 7699 12670 6944 15341
12000 19092 19797 3097 5750 10875 1494 10757 10688 1103 15403 14860 6357 16620 11724 4626 8247 19708 17464 7310 10879 9842 7056 11114 11098 18122
19727 13380 964 10314 17331 13810 6571 15086 9154 18846 3286 7311 2616 5066 1115 14761 11063 14704 8994 5031 1851 7830 7830 19189 11110 5930
1909 4220 794 276 19458 9950 15876 882 15568 611 10332 19589 7011 269 16191 16657 5240 11411 16066 12018 5749 17840 19596 12234 8156 7594
17031 11735 14248 16062 8153 10230 5743 18499 4978 9587 18021 8874 2979 12667 13229 19371 7469 13007 3950 15727 8395 19204 13084 14923 18794 592
13503 16011 9645 18042 17170 17572 4403 18423 9420 10582 2922 580 5448 9698 1018 560 3064 6337 10223 6701 16247 1829 11267 9055 9865 4830
8548 16142 19933 15041 12864 8699 13330 2663 15296 11307 5598 15559 15460 2422 19853 3860 3325 5747 9047 18218 3285 14073 8256 18870 7385 11091
14161 12107 19162 3864 9613 16534 9449 9867 19440 16435 5623 7622 3129 13949 11237 4829 6677 560 7495 3464 13289 18193 7029 17004 11217 15081
15658 7844 17871 12708 19079 7632 17509 9924 10649 16411 170 1096 16554 4948 4404 12709 102 12545 3034 4145 11412 5892 13444 3153 5218 13635
3299 3895 5194 14905 3581 7332 12212 16669 17483 6407 16942 8537 9671 3967 9048 8410 4609 12409 15582 1577 2594 11803 17186 98 3730 11565
8936 5063 13725 14717 16818 14450 5434 1992 12578 5009 11857 5035 72 1237 8537 3240 17444 17380 11319 15304 10668 1687 8550 2163 19952 11337
13455 18387 15086 6737 14817 5376 18231 7642 5307 17923 19421 260 1774 14879 5164 7447 9037 18441 5257 4848 15424 15575 1116 14465 9030 13696
698 9591 19110 15755 15098 11718 16007 3380 6857 1173 8251 13732 12959 367 15462 12834 2610 12344 13153 12393 15667 10291 19558 19978 9458 13107
11220 14376 2393 14378 18688 16936 2226 6132 12557 19306 1404 9938 1242 4380 700 3578 5335 5906 145 3136 7009 13188 591 6133 15731 19744
17591 2666 17028 7605 14032 6138 11881 8702 14572 12071 18649 14032 4155 14291 17082 11077 6683 5539 10817 14298 16079 6366 13788 18597 15738 7924
18892 10166 4921 12986 12118 1054 5993 1465 15658 6366 718 13678 3449 7661 5718 12525 11978 3395 4585 12008 8397 14246 14094 4832 13113 9748
13028 2167 18115 2945 3363 5031 1041 12771 13789 13759 5200 6396 18287 3639 353 15349 18817 4705 10416 3844 3481 4082 2897 2161 5018 11716
19227 18060 13464 10031 4317 18301 2047 2911 9129 18228 19875 8893 12276 3919 86 10535 16982 18197 16883 8228 18590 18981 5044 15625 7422 11069
7434 12124 10451 18444 17961 4408 252 4368 13378 849 2739 16149 5175 9602 19226 791 18878 10836 8321 9714 1234 1654 10511 3430 2113 8040
16889 12113 14140 7106 15364 8629 2632 12666 11066 8953 13241 18760 19503 6704 4888 17790 18108 18757 12861 15590 3582 10306 13513 6541 1816 3840
6302 4690 9479 13481 18482 11545 5577 14256 2801 9506 3484 19161 263 5514 18286 17462 16086 14243 9786 4580 11820 18812 1287 3018 2303 7651
9633 18881 11607 13030 11954 8531 4581 9144 2673 524 19398 3810 7694 12259 17136 12575 17311 1549 10013 3868 19655 5607 9929 9825 11552 5628
3714 799 673 19393 2216 2377 6484 295 17032 171 13391 11314 16928 15445 11625 7647 17961 630 18010 15149 13926 15800 9196 2649 11621 6860
7952 17778 11018 5973 4374 9785 5571 16592 8213 15826 8809 2033 13172 11748 6196 4460 8514 8487 7030 14426 2431 952 8874 15851 1055 2798
16226 2379 12272 10100 932 8880 1147 19100 12437 2128 1358 5996 5510 19635 2600 1364 13920 1244 5078 14463 7327 12922 18128 72 19052 17400
7091 10307 18818 9207 5725 3729 2926 13538 16220 13867 3547 11708 4390 18868 3027 4390 4722 7615 13602 12312 13356 19894 8447 17072 15407 5986
15763 14351 7806 14304 12681 497 10420 18457 1769 1843 3790 1360 1442 37 13945 5439 19060 2280 2911 13870 15450 3494 11949 19209 4033 16977
3879 9850 17342 4821 13778 7036 5792 9601 10775 11559 15304 5306 12385 18826 2162 7293 390 9955 8374 19949 10633 18594 6450 16094 19344 1501
19057 7377 15257 13665 2165 10467 11802 8682 16474 17107 6937 5263 11561 6045 170 10810 14827 598 19976 12083 12683 3941 18884 6333 14082 282
16071 15550 7800 11586 7068 10152 10994 6779 19029 13477 18970 3356 13307 7165 14154 19387 14350 10741 9327 1934 8431 1000 10096 18988 6363 12825
7126 15360 13722 14460 7253 15447 13064 2010 15642 18858 8055 10767 12405 10542 6452 3777 10235 11336 6892 3345 6835 11799 8599 17518 4376 5682
7154 7762 1219 7976 3469 13868 8815 7201 11090 16710 17481 12256 16519 3161 5724 650 16320 1721 16662 18292 1881 5038 9863 11211 14177 18461
4624 5627 15117 6849 2517 5255 1456 3224 49 7288 18711 9262 3819 5868 16999 14214 14204 14409 18612 6890 5881 11927 427 4362 16235 11622
11490 4004 14973 7243 15601 1265 11081 16249 2009 9379 7608 746 2077 18124 7243 214 16332 8651 12410 7954 15732 12930 3206 14382 12279 3624
14012 11451 203 7929 2744 12200 19040 11458 12007 14636 11207 17385 12395 12781 18029 1949 16301 6496 540 19556 16410 6595 11426 7508 17953 16004
3220 6892 4959 2206 14964 4002 15309 19964 3368 14819 8251 12589 18877 2723 4365 4462 202 18539 674 2327 716 9963 4301 3834 15630 5181
13398 16553 12316 8842 3060 16454 6060 12935 19922 13671 13983 15303 11875 6421 6172 2220 2202 18685 18150 15396 19938 10201 19542 5256 13353 12867
14449 11551 15329 2457 4300 15326 8997 6749 15835 10964 7829 8236 15615 3473 9229 15287 4668 1462 3088 3205 16253 1114 9055 226 19389 17006
18230 6021 19230 3430 15934 1143 15821 9675 14152 5451 18600 645 19076 2711 8609 14743 6611 12495 8096 12721 15482 19674 3352 1044 15454 8222
2784 14215 14754 16605 12832 17723 1168 8175 11076 15499 1748 11631 705 9427 13917 14309 17146 18196 6919 14400 19375 13807 17848 19621 12410 5663
13532 6452 13989 18069 4511 758 2656 19759 6409 18008 2075 5448 2727 10055 8132 2861 11456 14630 14990 19221 2311 2532 10994 9406 13083 8636
12017 10179 1928 16662 3414 2177 4425 13144 853 17691 19898 17994 4935 11483 13391 2377 49 1175 14309 19112 17722 4170 4766 9867 14010 16627
10595 13268 6344 5764 5787 15140 19824 7132 18312 15065 1491 5088 5586 5941 11627 13793 14721 8857 8710 11293 12193 684 7919 5429 3920 7088
8402 14529 5632 3189 7505 15425 13952 12721 3632 8846 8667 6130 7595 18556 13272 18223 12273 11541 14890 5858 17502 6760 17999 13433 4763 16315
13488 15289 1396 7327 7161 19220 12802 3790 17050 13253 13267 15726 6875 5723 18473 14369 12314 16016 11984 19818 13097 9179 15550 5679 19830 17649
2645 19663 1877 7893 6540 16194 7549 7596 11705 701 7324 17416 13175 12273 16885 5180 10846 6763 17388 13989 15729 2554 4130 16488 15741 8148
14982 5458 15403 8129 16463 10280 16604 10722 748 3542 10741 13167 10069 9594 5029 19661 14453 9451 3810 994 16566 11229 15555 12532 8175 4172
7038 1309 18086 13485 10740 8994 14745 16680 7509 17790 8819 6048 13753 7170 5906 8565 7331 5242 10039 2541 12556 10495 10419 10237 320 10856
16467 12136 1744 1216 3364 17255 292 9234 18439 10544 14626 2489 13288 9778 9842 3320 19196 6381 18777 11303 18325 15395 16495 14763 10339 8967
5299 11645 18658 4359 5767 1688 8302 18106 18587 14313 11244 16904 17507 2522 10664 19850 17583 11137 8088 2891 6572 18662 9821 7550 18734 9648
4738 1866 7628 7483 8448 9857 17128 1570 9793 14225 12002 19718 4858 5967 9372 14431 18444 8265 12441 10960 15495 16430 14784 4541 6263 5391
11933 9184 4856 1896 18027 636 8960 12209 2972 8657 12491 15693 7038 10836 8229 4019 16084 18645 18449 15912 4083 4861 17744 14322 6125 18119
18658 19368 7925 17018 16946 18652 11024 13418 13932 1403 6292 17237 18516 19039 19387 19148 2623 9991 18373 10856 12135 3402 4012 17224 9702 3802
11315 4117 10227 7473 5486 5670 3295 19402 19962 18027 1400 627 15316 10934 14493 8138 8735 17327 19294 2090 19177 14427 4807 8634 14984 6104
6784 19246 9452 15345 14556 3220 14624 6917 140 8815 18399 7301 4899 1841 9716 16536 18949 15228 14208 1142 14057 4896 15319 10169 5199 16260
9192 17772 3642 10684 12794 16472 8395 11491 5116 14352 10439 1528 15976 7994 8445 3041 17805 14167 4931 3542 10413 2541 8704 6840 8691 14879
16371 14132 5827 13643 7426 16740 18669 1009 16434 7322 12962 11899 8790 4705 6719 17934 13140 7332 4673 18011 4850 5577 24 15840 7617 117
11277 1497 1821 356 2290 9433 19597 3016 8298 17118 10496 9569 8185 10470 10920 7269 19875 6473 16128 13277 7804 13044 18345 6699 8831 8933
13278 17515 9417 1492 10931 14317 8357 17367 8606 17981 6331 13279 7144 11604 3645 11948 7778 19091 17403 14463 5950 17083 18716 3489 18863 7027
2137 653 7965 17459 3733 12693 14800 11874 18769 9474 13210 10597 9294 13821 7147 19445 3687 8975 14215 15525 11878 10243 7635 1129 18931 6559
7268 13913 154 8430 10646 49 12274 2513 6156 17348 1463 9918 11136 7465 8037 3111 16315 4578 2414 5973 13284 228 14589 3582 9072 8774
