365
50 21 86 57 31 66 25 79 24 2 96 91 62 48 4 34 85 49 28 60 52 82 37 41 84 32
10387 7865 868 18951 6922 13110 16294 15494 1942 2984 6028 11237 16336 17834 8160 6745 16558 7541 5473 17493 9134 8240 19468 600 2613 2804
5542 13865 17691 6118 19938 16443 2474 11422 2097 10446 6454 14588 9305 14676 175 19498 3122 6767 14229 6966 2696 16019 13073 8522 7886 11916
9040 19678 9778 8241 12277 5116 17731 2558 18974 12165 13371 3888 7826 19025 2645 1141 1662 8470 18501 10097 13563 6631 6408 17025 5442 6348
18072 13669 10447 18755 15575 12463 4920 1133 7419 1976 10491 12846 1722 3846 11750 2973 8266 5985 14325 4307 12138 1343 6564 7569 17369 3434
11848 11993 14593 7646 16877 4159 12046 14956 3010 12918 12177 9806 8785 3992 11489 3037 14804 18041 17547 340 15006 12803 10432 17079 9821 11225
4348 12187 5710 10074 1724 6213 17412 4055 12008 13159 16157 19886 1648 18845 443 16995 13129 2409 2672 15027 13405 15537 1134 9103 14825 2559
7655 15797 12191 4187 14100 3133 663 6253 13634 10267 5671 15318 344 6779 17908 15585 13502 12089 6904 8233 12059 717 12950 14777 3398 6967
19527 9967 9486 15744 7748 9895 19635 11340 14600 8867 10592 1894 5037 5024 18375 19843 13187 7682 13857 5344 4035 17577 19707 6797 16144 1592
5354 12123 6030 10713 5505 11758 13015 4752 2316 11329 12955 2550 970 9508 16285 7692 9384 13884 12798 9960 12305 6296 12324 17353 3306 921
7978 19440 11641 17197 8825 8415 6468 6902 12219 12256 941 7480 8445 7192 1255 14447 4414 2498 6037 5378 19167 8209 15841 7130 19586 6369
5634 7552 17473 12724 2209 17819 14788 8186 6082 3473 14219 8864 4279 12939 3654 6149 3242 2882 18949 4323 18035 14516 18270 15808 9462 9742
3254 14404 19447 13313 6188 9273 10017 19836 777 18293 6523 17941 4599 19543 11947 14454 4347 6974 2766 1325 12253 17509 18823 19733 16867 3852
7281 991 14355 5758 19793 4220 19495 1971 1919 1952 9981 14837 13440 6541 3390 742 18708 6567 10182 16015 8443 18711 17346 8928 4198 5998
14624 526 2341 18443 13430 18050 17151 3763 6730 13736 18077 11982 13146 16670 8919 17811 5703 19586 5442 18158 18557 18700 11458 6366 15647 11004
7667 18601 3393 5571 11348 7235 16343 7782 9113 3370 19631 15444 12767 13682 19142 2674 3263 5123 4108 16834 18366 6215 1412 3500 13324 8687
17260 6337 7928 18640 129 17453 16906 9345 15750 19142 137 13576 10493 8565 11872 19498 6696 16478 7697 14332 8381 415 756 5739 7182 6807
18999 4416 16998 13069 17249 19261 4585 2954 9598 9371 8771 1622 10502 9724 2857 9991 14606 17691 11469 7671 5526 19050 15625 11361 8713 1172
2288 13736 2304 17727 19635 18921 12082 12197 13680 5333 14997 12776 6936 1133 13272 11399 15398 12679 9377 866 3574 3071 19832 10873 14741 2085
9423 1986 1841 17394 12508 19168 13419 18095 7123 4054 13060 14545 1432 8477 11875 1109 1742 19096 1391 11478 13180 5732 13987 9591 10070 14237
10115 15745 7143 13695 1650 3737 17283 18152 1737 11675 11830 7359 6613 6866 18739 16597 14903 15628 12953 8391 7536 15581 6045 13697 15817 5753
2016 14678 11450 1708 1858 13221 7431 3357 7454 3978 17603 18177 2589 6006 12836 6655 10452 8318 17717 14288 3295 12324 17881 19270 16997 17505
1192 9927 6073 18068 8880 10187 505 11936 11788 15237 1052 19084 12616 5378 7633 448 5366 14031 11366 4925 9957 17778 11145 17186 9240 12348
15852 8175 1513 10763 1313 17281 558 14203 18478 14880 15507 18133 8174 5710 13137 14470 8230 7009 16312 18322 713 15826 3002 4365 6488 17090
17540 18372 13676 10800 7597 7120 3678 13377 9334 3361 6242 4773 17966 7939 18175 782 2253 13245 17368 15345 11519 19307 13639 2354 5016 16479
4771 2637 5875 8076 1564 12820 12531 3462 6637 19628 12250 17010 1903 956 12242 9429 8969 12138 2338 2759 9748 13993 18911 1232 6717 11355
6173 687 14254 13632 17988 7015 15673 10650 13230 8335 15407 5450 9377 4605 5036 13412 17661 16057 17223 14376 15635 19285 17418 14209 17995 13835
14537 8096 16372 7385 19838 11412 5497 10166 7692 17488 9148 1517 16372 4082 5499 18481 12011 4701 7990 14515 9737 12017 18999 12835 5905 13415
18052 17893 18335 12615 9519 10901 17605 16682 2320 2548 10938 13424 4810 2218 8890 2978 1358 14620 9467 18498 15830 5501 12233 18883 18614 10634
7389 17 13332 2959 17730 13349 9863 7197 19880 954 810 3767 9061 5369 16780 115 6071 6963 5492 19279 1318 14132 16722 4943 16459 5558
852 2010 7817 4057 6414 3202 9568 19808 17143 11979 4013 16721 4843 13555 7272 6499 2082 15879 18027 14635 15957 6154 17245 6942 19858 4704
19230 341 11309 13195 2233 18128 14866 15684 4576 2077 592 4504 3903 4859 15094 8741 13904 8233 12712 19371 5400 9914 11333 12808 4979 7590
3863 7890 5021 14523 5826 13673 11153 7115 19881 4701 11245 12856 10685 4738 1275 4179 5342 13423 14811 2068 7492 10691 79 16340 2586 1100
5144 2299 3240 2543 17254 10637 7326 17664 13576 14940 1230 7289 7183 3032 14474 8239 1797 6326 17619 16145 13696 12024 12785 1773 2068 14156
18181 11522 19297 2128 991 3409 17766 12968 6972 16437 7022 15094 18701 7297 1730 816 12356 19458 10990 6094 15418 8780 17069 18398 10416 9010
10366 17445 9050 13824 3133 5178 14387 14821 2919 17213 15989 10546 13891 17039 16101 19102 18277 9319 18370 19822 3110 9506 6534 9892 19962 6783
2645 6332 7690 6149 1252 4092 17169 1250 6849 10232 2919 486 12073 820 11900 16175 11981 12963 15210 3101 10717 10563 4401 18341 8614 19520
2947 10244 4309 12052 424 15924 13758 14866 10587 6345 10393 3336 7942 3699 13617 4276 7131 4501 17281 17874 15707 4502 6768 5553 4154 17798
5632 7151 12431 11425 1099 17306 3985 3184 7724 9086 12085 5629 8991 19512 1672 16650 15055 13777 7288 19912 18716 2234 74 727 3408 9567
10027 16990 12250 18315 14747 10231 109 17082 131 1417 17833 15257 3755 12457 5330 9684 4053 16892 12862 185 920 106 4625 11822 11388 19657
6101 2913 9338 2633 2722 15262 3850 12284 5150 11936 14648 1381 10466 14703 15793 9292 18638 17295 7380 360 15750 13153 13467 19126 8874 6957
6016 4110 2268 17018 12821 14808 15142 5186 18351 7718 6763 2364 13906 5189 4820 7499 18262 379 10409 12722 19298 17186 5785 18602 4681 16868
4845 15254 10368 2499 11989 19803 19480 9841 19796 6271 8535 14370 12790 19727 3792 8484 1147 4556 2414 2535 11906 17255 15072 17277 11110 16294
3401 431 19202 12367 6424 7849 9116 11292 3336 2827 1860 11908 2203 12725 1156 13010 4824 15700 2733 5712 4075 2298 14932 4163 3800 6597
16350 12768 14232 3154 11943 14298 8482 10103 18238 16987 19584 7983 17972 823 14987 18261 181 6404 12126 17357 7518 15097 1462 14579 5121 4542
7710 5050 7026 1284 1719 2478 9708 10817 14940 13467 14295 3337 1998 14609 5918 14613 7162 14026 10211 3971 6583 11255 6280 18270 11277 14392
16113 3475 9928 215 11352 434 16348 8213 783 10500 15755 13801 6193 2756 13311 10675 14488 7625 1058 12907 15471 8407 12247 8350 16116 2756
3746 16433 6783 5732 3940 899 1794 15331 16050 11436 3676 6555 3221 18449 419 5652 4672 9513 7363 16450 4982 2011 3458 14560 10816 12473
2008 16601 2102 4500 8946 17945 18127 17016 6212 13247 17056 4068 19745 18835 17894 2494 11874 19157 4025 9180 5402 2433 13503 558 5224 4808
11006 5205 9316 9688 8038 2889 2584 18243 9282 17186 907 692 10180 6205 16354 1305 2684 19559 6825 10034 3925 3876 15989 19684 7871 19187
14043 7521 16861 2132 12038 19703 1895 12840 17419 7533 16351 18775 6678 19857 14859 521 8590 4482 12071 7400 4954 5288 6874 19582 10631 13199
8250 11099 10716 10454 1865 13491 10098 6110 13176 2419 3671 4120 8486 8307 645 3890 6944 17181 18062 10294 14818 19734 8599 659 17463 531
15743 1428 7913 13886 10650 772 13080 7668 6253 13913 12999 14474 7123 7054 13936 9452 5507 2100 13684 10737 17341 18414 18680 4231 16107 2633
6961 6927 2930 14117 6995 11309 1359 6147 14759 7758 5421 3191 6277 6158 4205 16310 18361 11235 7898 17276 10263 17735 3029 19555 17868 1166
18025 19921 10899 4498 11781 17416 15378 14984 10839 3400 301 3792 16836 10986 5384 7639 8896 4888 14616 8031 6749 8822 1334 4383 585 5817
5478 7462 13848 13202 6922 7759 11455 1325 9589 5837 13481 5540 8101 11238 5216 7835 5501 13985 12216 8360 2772 10156 18884 6063 7427 19413
12551 15456 4050 6757 10703 17692 3420 9817 10636 11155 1413 9249 19501 1408 10917 5303 19554 14723 17560 17247 6452 12889 12846 3960 9842 15205
17537 17961 14603 2982 1445 10288 6896 16373 10620 19846 1402 18587 3946 2547 3935 4447 18631 3795 14547 14129 1653 3374 10121 11399 3106 9260
15639 19047 6225 1037 18251 11976 245 4446 10033 6093 17549 4299 2535 1773 13538 12012 19075 17850 8591 7529 10512 2247 3225 14404 7046 4382
18789 9928 8812 2142 12211 6217 9891 14934 12350 880 14257 16678 10368 5512 16497 146 11428 2593 13695 13592 12545 17979 5817 18572 1397 7416
13862 8051 15527 15229 19701 13253 4818 3552 13502 19216 8125 1517 10713 15357 12929 18584 3748 9619 18974 11886 11748 8623 14176 11348 19089 15519
17877 10956 8659 3668 12318 2650 6192 3912 1958 18288 4771 7968 16453 9062 4135 4850 5694 6401 16772 8435 17888 3152 11387 1845 2062 19202
18778 7967 6392 2134 11343 16292 13396 16387 1565 13506 1384 7610 10850 13547 11310 11237 18841 3083 12206 12726 2603 10137 9670 16951 14061 11671
10818 14948 8276 6739 15365 16335 2338 16506 14345 5519 16456 1046 16314 9409 15534 17878 9966 12763 14160 8585 8491 16125 9771 1064 8116 9149
18648 8961 2971 14671 17808 14513 14509 5045 11935 6204 15877 19424 676 18495 12435 14440 831 3637 11815 19458 14039 8492 6503 9719 15897 4053
6460 13148 17912 7951 8409 12179 4535 10837 6158 12341 16607 11697 9333 15631 6970 12165 17451 18398 16088 5676 18763 6790 7092 9880 9190 11620
2826 3280 15665 17255 6205 18769 11001 8039 12668 17634 6287 5575 9403 15742 10499 18024 17276 6793 2254 9085 726 17574 1719 14710 10206 5945
12030 12202 8025 10538 11030 10584 11809 16098 12596 10127 7932 12166 19009 16073 12065 1974 4667 16894 11023 19162 12840 16473 12572 2314 16489 15595
10004 10337 1847 7421 154 6968 13731 13024 9736 19934 14182 6846 8545 2648 13732 10215 6976 12736 17883 1668 10563 19805 2618 4275 5701 4974
7424 13255 14697 2003 11867 6191 16725 17844 18900 6572 1758 12703 18471 3655 15737 11350 18756 6885 6268 3141 14167 11825 3658 5046 7092 13468
15781 9988 778 19451 2201 1370 3554 7416 1431 6476 5374 15460 18810 16903 15678 15721 15235 6733 4643 18644 16999 12700 447 9223 15197 8797
10524 10919 5012 9129 14373 17783 12327 3849 11102 4245 14970 11894 7270 2379 18645 6048 8322 7442 19072 9250 2853 16245 6924 2534 18053 7213
16476 10893 411 3253 2745 995 12168 1219 5909 16217 1407 9452 10187 18830 16475 13578 5240 14209 2811 2650 3500 16102 6686 2473 5497 18913
15992 7255 9657 4785 16324 16040 15151 16683 12091 15717 1580 16683 6978 14717 7650 5604 17863 9599 4159 6414 18630 1691 17433 16776 15269 3852
3023 11867 8786 7256 5067 16347 12928 17589 3998 11011 16601 2008 16987 6074 3389 8421 19649 10154 2893 5160 10050 1921 11458 18506 18645 13179
15801 12371 16717 13739 3452 8373 12056 6610 10733 13449 4656 2017 19665 3098 6217 3204 7853 19114 8458 3520 17871 6765 13858 4789 9958 3386
14184 9943 11490 4214 1413 5416 17298 217 15004 18932 230 13012 19150 18414 16861 19609 1485 1148 4850 12112 12871 811 2918 3474 165 13463
1255 9724 19948 14428 16397 14394 3923 6624 19400 15903 980 17159 29 15057 5186 15781 4107 16265 10994 10863 13261 1570 1917 1938 19908 7065
16141 15455 6302 18455 16248 10345 1563 16828 12655 16217 16249 13360 10685 418 8843 13610 5005 14348 3703 10631 4887 4031 10815 19695 10093 12709
4059 17107 2966 19749 19635 7892 17647 9487 9601 8550 11363 13139 9438 14520 9070 14299 10246 17779 3004 12842 2621 8499 12493 3786 4910 7258
6168 2106 13299 18128 3506 18959 17852 9960 13940 2923 5144 17134 1059 5811 11704 5089 14849 16633 2410 17968 13232 4472 3732 1633 8997 19527
1886 8060 12440 16247 17874 14549 890 1203 19100 7495 4789 1858 5603 3416 18500 2261 18679 5034 919 18430 13391 62 10543 12074 14127 1704
15868 15973 15038 19461 5430 7864 19044 7948 2702 5592 3856 19659 1742 13375 13676 17273 13311 18269 9926 7680 13570 17271 14311 7607 4685 2453
3279 13649 9127 18218 7707 16825 14415 158 11648 1068 14505 14426 14886 14688 1956 5971 8147 4957 14353 19883 13534 618 17768 7281 19157 16302
3249 18805 5184 7326 12732 13808 17383 1527 5616 8842 8941 17813 18728 9117 13469 13841 8051 14433 538 18570 1532 2121 897 18711 9864 861
7903 10116 19581 1865 2433 1982 5707 9649 7271 15222 18052 18250 2192 11045 3344 12975 1648 13703 7321 8889 8991 13491 3831 14910 13074 12678
12755 6278 13945 12091 13093 19299 7550 8058 10173 818 103 3427 1850 7644 6531 272 13613 19429 7230 4402 1415 17370 5835 1370 16968 16421
18185 18118 4709 4387 5315 9476 17843 15596 8845 18456 7588 3535 1297 1434 15676 1168 2133 13114 13511 16947 11301 5303 2110 7032 15458 8657
9496 19887 3602 9035 11502 13217 19908 15350 15620 9653 1260 11473 17231 2069 147 9953 13887 6641 10918 19592 3762 17479 436 6613 19839 12407
12289 7220 11396 14199 4166 13749 17363 3472 7240 8933 13130 10550 8298 17899 11889 14310 2796 12030 9034 8887 3062 18575 5096 7712 13772 18532
410 12783 3312 13948 8266 18729 14828 17888 9969 13776 9862 12827 4153 18823 9314 693 19162 2337 11991 2813 19023 1865 12742 16233 9056 11452
18076 8320 14981 15659 14293 3140 14190 6389 13690 9050 13751 9298 13854 4580 750 14671 1875 53 15608 16397 3388 14552 473 10111 9101 2594
10294 3823 16868 12556 9946 13035 17060 652 5465 13948 15874 8533 19832 8007 18235 17943 8334 5693 14875 16398 12882 18770 4460 13977 9055 7679
388 2175 6628 15557 16505 6615 11975 14966 9306 1327 10933 5694 3924 3963 6045 6849 3430 19673 5901 2988 12903 19507 17122 10783 1112 14969
154 9354 8365 7794 10040 1231 11522 567 1504 4419 4853 7937 2930 10169 2089 7824 14320 3242 9094 974 13768 6461 2146 8899 8650 1017
129 10607 3110 88 8431 1147 17463 12997 5107 13989 7324 14555 7805 17875 12899 286 13317 8763 6317 19051 11940 17012 8019 6251 3353 12125
6122 8555 2402 18614 19177 5776 19356 5610 14475 9644 9006 13989 19278 16101 17051 1937 18194 14290 13045 13959 13499 12394 2678 17346 4715 15624
17205 18871 12228 14144 12726 7562 420 2913 2283 10198 5431 17408 17276 8965 7067 2938 11715 7223 3138 8861 9304 1195 5466 1436 213 12919
12585 2559 4321 19239 4231 7687 5589 4030 8805 11085 447 7446 19971 10119 11703 3389 8145 4967 6523 7168 8115 5668 9466 7878 18683 3372
4513 7705 4713 7338 2803 13263 3811 9467 10802 3933 5902 5400 19258 9705 18761 16807 12699 5795 7843 16884 8089 12557 19230 638 1118 18295
8478 1113 12735 17484 16400 8130 17501 17334 554 5789 10097 14990 4540 13914 7744 11579 2575 16706 15259 19472 7005 5417 2151 7836 4283 6756
8402 11797 7634 2852 6926 6662 15507 8595 12275 5919 3957 866 18950 18419 16819 12223 4993 13896 6362 11593 13516 14101 17601 16842 14444 19838
9452 10857 19744 3229 14198 5540 9876 11259 1541 5373 7573 2299 4828 17639 18388 19437 923 4354 10362 19620 8791 8577 17313 11945 12241 11177
16024 9210 10316 17665 5039 17675 3998 11042 8996 6760 10559 2072 12593 14596 11586 1945 13303 54 11558 13350 10200 11417 9039 2987 10034 14885
18800 6140 11740 15359 19721 18064 12681 2449 13325 792 5358 3710 10508 14542 3924 3580 14359 19863 5260 3518 13640 1640 2026 11890 4087 4135
11522 7157 11687 3380 5210 9946 12317 7582 1976 19124 8520 5698 524 8542 15261 13808 12545 2725 8658 13453 12713 3306 19465 7026 4598 16689
9255 4549 14434 8213 7645 10824 9744 11179 4246 12296 13483 18241 11951 2403 7768 14573 5171 3008 3805 3680 15945 4165 15717 6172 16551 5773
815 17620 12058 5020 11204 4440 4457 9455 4493 12176 1544 771 16210 4993 12859 2315 10413 8008 13889 9169 17362 9168 4399 3404 7300 16731
15197 7091 2247 10803 3025 6960 10419 8018 10373 13956 18923 15470 7053 17055 18365 6118 6309 8246 13465 7838 17749 15557 17290 10909 10597 19344
16759 19982 11282 5496 12611 5147 149 19477 5540 12498 12246 6322 6831 2929 16739 6851 2319 11862 6598 7693 7987 928 3571 1098 1517 15194
5612 613 14193 1039 618 14738 10573 16293 1580 7513 12633 6269 2061 5770 15225 6293 9498 2940 19890 11236 10010 12756 16613 2130 89 9002
11865 8015 16241 5191 14195 8790 9592 10428 3398 5878 4811 13453 1432 7239 19548 7226 4830 10170 14034 15684 19835 17071 9123 12780 13466 15236
5385 17875 784 17468 12760 19686 5099 2287 16595 5174 6562 2901 16320 10865 14192 3178 389 3755 3519 557 17569 3268 14823 5319 13633 5668
6170 1744 17329 15849 934 1438 9117 622 6226 6955 808 14347 11182 3298 3858 7797 19661 4875 9986 8493 4584 4843 12804 13447 10547 18497
13364 9639 15971 9542 10758 584 10745 8656 7245 5849 16627 1169 16834 4737 7233 18853 18683 15185 19371 15987 18765 5889 9206 18840 12569 6210
1727 11349 4428 14019 3480 1533 13427 7282 13094 5420 153 9379 2186 6768 16044 13661 11079 3583 14515 12985 589 7651 7594 2200 572 13026
10441 3545 13109 4737 14376 5867 123 4787 9580 10907 15068 18163 10837 12463 19545 18975 16343 12660 13134 13400 9392 16631 17831 10362 13937 8722
12980 3744 6668 1771 19393 14695 2452 17280 6459 8072 11194 537 1455 9880 5024 17649 15877 626 6512 1452 4450 9459 1578 1469 1469 16611
14858 8362 7959 12434 1799 9692 15335 12533 15256 11969 9969 3360 15318 10460 17150 12030 5795 18740 10459 3014 17324 18603 11900 18404 16847 6630
3130 11338 12870 9833 12898 3068 10034 8815 19303 19787 18652 2857 3762 14554 8556 11842 3477 5472 10783 19362 18796 14312 5766 6563 12931 6273
18894 14581 9006 5592 2257 16422 19482 7193 2285 5519 5558 11265 4418 15025 17383 16847 9871 1487 14897 8862 4728 11120 10053 923 298 5824
13623 5630 2675 6646 16192 11378 5127 18643 7922 19977 13215 16843 15952 5801 8744 18483 18873 11094 7890 7805 17145 9771 7241 9188 10734 14030
16860 5007 15738 4055 7283 523 3196 19550 14969 6081 7726 6806 18 18537 11491 3123 11828 11149 4547 4799 12247 3389 9695 9853 6520 11194
10690 17223 1402 15014 3074 16114 16543 8391 967 14845 11898 15495 16745 469 3154 3472 2661 7392 19731 16195 19022 1557 12209 1265 1483 2831
3837 8585 18833 3893 3456 478 10818 7972 12308 2529 9897 16463 11879 918 9411 13866 14885 3661 19509 15472 2820 9280 10409 4488 13094 10194
7408 7094 7588 13774 14887 9804 11597 12903 4865 16841 10983 18168 17962 7862 15805 13020 19523 7846 14466 718 8026 2208 11435 4984 10689 10702
871 3366 16171 12378 18278 507 6816 11091 9672 12013 12283 15454 8800 15128 5913 5529 15149 2205 18221 18697 4638 4469 19619 5305 16481 14247
13118 8312 11273 1097 5065 10969 9787 6121 15286 2401 16483 4648 4476 11084 6895 19736 1521 3143 8734 6467 1642 1864 7911 14334 7615 11517
2959 6908 19087 13466 2167 6383 599 1667 7383 17486 622 2665 2911 270 14545 6413 10758 8982 526 14283 15841 10191 18187 3395 15682 12235
5122 7693 19964 1597 12261 2766 9300 762 10722 3241 10309 7814 12528 16189 10311 18628 2626 4885 19117 2757 15857 15967 17540 9155 16275 12032
13529 1195 12559 9643 9878 16739 5419 7834 1564 8819 19492 2601 1435 17099 16435 18960 9000 14953 13388 15470 3373 2716 8685 16437 2802 9676
13787 7424 6695 16652 10399 7652 19526 17625 18910 16648 10605 17635 15093 1681 19515 6584 4659 3760 6841 14921 5050 19458 11660 13906 11049 4640
16527 11640 1914 14663 19212 9414 16255 6059 7153 9642 78 10059 15145 9483 11531 2290 8427 8335 10183 10841 19423 18992 17496 11531 17993 15984
9182 19750 11699 12161 8422 16787 14512 4472 10953 264 8005 2673 8441 14299 14496 12061 13868 14846 19943 6621 4584 13495 7223 9840 4716 13236
9158 432 13669 7310 3836 2678 2751 16888 1487 19742 13257 9020 9372 12799 8408 3196 821 11067 11800 17284 8237 14180 3404 15361 2754 4864
3328 11852 446 11799 19736 9180 926 342 10525 19277 4051 7996 76 12105 14048 4920 17027 10706 17830 18692 4167 5256 4972 9093 980 14684
18779 3092 1631 7491 5088 9888 1515 19369 12348 17040 8220 17403 15295 12451 14739 2373 13413 2173 18008 10149 18316 3833 17450 9633 6091 4035
9512 650 6535 9095 5863 11103 16515 207 8071 12752 8753 18635 7583 19385 10917 9996 3582 6413 2259 19101 15201 3866 1895 13012 12838 18468
1504 8684 12941 12308 5013 18122 14883 14535 2899 11432 18661 9519 16084 6177 13594 3340 14672 1117 11907 15210 4448 18598 13034 7401 2965 9734
12110 14535 11385 145 1946 4724 13382 7055 6330 10254 12360 15561 11555 9891 17731 12674 17211 11427 16619 15919 10978 17884 18968 16990 12749 12256
16816 10576 6036 15055 9011 5556 16894 18902 1333 478 10364 15604 7681 9261 2213 19800 3624 5845 6579 10177 15060 4953 17945 17079 7246 5578
9566 13526 10317 8237 1934 6531 8285 15073 18244 2950 1855 17840 10553 8719 19984 13047 13234 5113 6926 1205 10326 18032 6654 18744 9980 18380
15680 15450 5139 18543 8592 1382 19976 8663 14430 3153 6264 2250 5483 12561 4140 8056 16778 12943 16558 13270 12491 14828 4767 13030 5159 8807
10366 7314 18290 12996 7406 19323 7548 8069 12656 15353 11629 19207 6226 18443 15785 8597 13363 3776 8552 6199 2071 14971 17255 7530 13752 4717
7297 1354 14989 14043 15390 7822 13859 14733 5536 13637 1959 16620 12293 13100 6606 6229 17080 144 16531 4485 12823 5531 7135 11502 7401 11688
9794 6136 15795 19645 13647 3950 17545 13074 10677 8787 11766 11177 610 7109 1340 6691 1829 9770 3255 12362 10906 6881 18025 10809 4189 7058
16810 13435 14571 6456 6140 423 10580 2942 12323 12435 16703 5105 560 14998 1040 13356 2194 16506 1619 18851 6701 17433 11267 13689 13337 14642
7499 19969 18008 16296 7973 3887 2485 12075 18155 5648 7300 18003 675 13036 18749 1819 3471 1929 17528 15807 15079 18949 8682 15761 12558 922
19682 6952 11150 5003 1961 10773 4168 566 13411 3880 11328 18266 18763 15140 16111 10276 3288 16687 15976 3955 19071 1731 3042 3911 11722 14741
18744 14883 14901 18320 10600 18781 11837 9726 222 10933 326 8063 14624 3531 13485 239 7533 4128 18754 14698 1030 17093 3112 17165 6870 8800
2884 4253 5041 6656 12776 15116 11572 11132 14824 15014 5519 6787 18670 914 15513 11094 1484 11292 3196 15961 2028 14830 1361 9627 16893 8329
17222 11900 11598 12370 5249 11211 12729 14223 19785 16212 15360 6693 1677 17230 11027 6890 16353 15326 17651 14590 9901 7268 11511 2531 2908 2839
16983 14382 5677 2388 1870 6537 829 9579 5211 11788 1398 12885 6732 17873 3095 3288 12664 16277 6880 16259 18864 3415 15374 16801 19181 9577
11243 15995 11262 2793 9591 19034 6739 18310 9876 7137 5968 4428 98 9828 1566 6748 14203 17010 12905 2776 18923 16487 16017 16275 6966 14700
10710 13625 2351 6564 17523 11841 2818 16189 19433 16900 1913 9690 9199 8649 1123 15923 18059 4061 790 972 11969 735 5524 16687 8540 13438
18044 12476 6940 11449 2328 2080 2034 19947 3194 8095 12785 14185 7979 9675 8173 18423 5697 4036 17113 17459 18803 17043 9324 11429 13829 6798
19421 17142 2319 12194 3008 11674 11609 1990 19075 16668 7363 4857 12354 16643 7032 5137 2532 8416 17631 7716 5920 6685 16657 8475 8992 4468
19731 6746 13472 1177 3903 16479 176 5565 12685 3720 14461 8208 8166 16687 6512 17618 14447 16378 4493 10504 12260 295 17147 4907 17579 3439
14728 12509 87 3161 4993 12038 10796 1077 15516 14311 10488 18933 11456 18014 6121 12783 10637 1003 15498 14352 7904 5462 2137 12689 19970 603
13709 11233 8874 574 16756 11396 9969 10862 5162 66 13412 3455 12810 18329 10920 15197 2235 8995 2057 6471 11635 5996 11402 3444 16346 2576
15732 18370 13014 16564 13565 14974 5590 13298 17752 15384 4246 17572 14640 6307 3041 313 16307 3153 9435 1 657 13870 17521 15214 9941 6686
9838 14793 5643 8340 11967 15558 14757 3665 7974 5055 515 5359 16200 8979 2350 639 16228 13609 18652 11340 11052 3639 15831 2261 1103 6462
1292 8736 6250 13000 13405 7222 13342 1168 8866 12128 13024 1657 7974 15114 14311 9513 17392 4312 760 4415 17270 10573 2695 11579 15101 4446
19984 17763 2882 10009 2933 18479 1946 12895 3058 15237 8386 1194 18507 15353 5904 10001 19334 1074 366 14142 13934 16599 8771 8726 3425 13456
15054 2966 19919 1273 13091 14088 5147 4746 17461 13643 4273 3842 3623 2255 11176 19109 13285 19882 7729 17914 5143 16024 11750 15622 19306 18098
19024 9675 12321 18524 15794 19342 2992 14765 2863 12909 9565 1302 10674 5053 18503 866 14338 9054 563 231 452 7468 10507 963 2591 18073
9160 7911 4953 6144 2359 5153 12305 18628 13417 14526 13236 19518 6939 1858 1418 9998 6554 2666 14633 17007 5811 4853 2555 2838 19106 5513
3568 16848 11200 19544 6094 2743 17923 16971 14401 12632 6315 7367 14724 13805 5726 3499 16098 16601 16348 3613 1698 18908 7746 4967 13022 15990
19260 907 4171 16126 1243 13207 9033 1491 6884 18497 9557 16091 9973 19577 4965 11869 7144 8626 5002 3546 278 9943 12625 8268 14984 10886
18822 13564 12188 625 10849 1565 13771 5606 17344 16463 12677 11689 277 7269 11359 19191 993 6985 19639 4769 14472 5274 6182 11680 10153 11923
907 4072 15852 11897 2258 6028 18105 14100 4575 10063 11660 7796 19238 12386 8985 1352 16668 15142 4850 6556 15414 12319 2077 2265 5116 7926
9564 14085 13718 7998 7641 4923 15904 19834 7203 17488 16830 9034 4986 2636 11954 16081 19367 15455 17721 10416 17323 18264 12211 6550 7169 7097
12521 12256 17036 1276 13224 4357 13658 6800 7984 8491 285 514 17793 335 13731 14339 2645 5163 14522 3801 12493 16693 10872 13147 9272 4461
17030 16790 10773 9802 8893 16431 13569 15412 2356 12226 15784 5346 772 4600 18879 11448 15335 6774 1088 14899 14187 6177 10498 567 14795 1844
57 7292 1038 9477 19915 6873 8736 2301 14032 13179 16446 11281 19053 10086 434 11947 6538 6951 19292 2756 8690 2925 7993 16808 14823 15231
10627 10147 7024 18607 19697 17077 16075 8969 5723 19513 119 5901 16123 1575 3217 1016 19299 14659 7530 12261 2149 4955 7747 19502 17843 10566
8296 19964 18375 4360 4905 15150 12293 6103 6966 12121 14699 1097 8908 12630 19149 1217 17205 12270 12450 16017 16624 8101 11188 15784 6009 13147
8269 16168 14339 2683 13651 12504 2156 11205 11685 12645 15247 12608 7057 9245 13598 2026 15292 5627 4730 11213 6867 14090 5227 2172 4684 10526
975 19045 4958 5246 3015 10776 3336 19394 1749 6237 13923 10443 6861 15425 3409 19191 12780 10445 16311 4534 14401 18206 19532 5970 4444 15341
1849 5903 295 14719 11071 8814 18751 10846 18370 4399 18292 17528 2314 4924 9835 12555 19542 457 1178 1293 15781 1721 10888 14742 19283 19169
329 1037 9825 6926 5457 31 5272 11345 6718 9153 12737 15544 4927 13857 16664 18513 17058 6630 3471 1551 17311 17921 18141 13309 12902 7279
9953 9496 3900 12394 9742 1679 18019 12934 7810 7968 6599 2030 2690 9940 1344 19775 13107 14868 15279 16739 13835 16438 9691 10051 5057 12634
12578 2674 11685 17781 19263 3327 18593 2465 10506 19774 18548 8557 8376 12939 18707 18077 9324 10350 9241 12958 19554 17370 10954 17101 7401 17414
8375 10157 9603 6907 13158 14493 12348 15213 12319 12606 16240 9076 16241 19503 6297 7042 19711 18904 18404 8177 19471 13537 15846 19129 7036 6618
3360 12290 8488 10606 8957 17005 3561 4680 11969 7919 1057 11099 16854 17907 870 19205 7458 8553 11528 6416 10426 1292 5411 10126 1942 8896
11727 13964 17018 13146 386 9276 1461 15385 3955 6410 18697 1190 2257 2984 15781 7301 8517 723 14843 2305 14769 12813 7900 9249 10687 2848
15249 15530 6794 12435 5781 4001 12283 13540 16210 11179 7752 14618 19585 12465 9328 13567 12717 9996 15843 768 9344 16462 3241 9452 12474 12600
909 3961 9890 363 15901 12133 10507 9631 19213 1389 3376 15642 5770 3720 10987 5483 4745 12314 6779 2233 1870 4824 12686 5416 3395 11421
16765 3578 10607 13700 2985 5454 4450 1278 17766 6030 19921 19542 12601 4364 4032 5555 19672 15202 2750 6571 8277 19849 15621 905 17906 8588
527 13007 1766 14111 7456 12339 19829 5718 13128 14389 4805 2996 12524 15017 16278 13621 10904 7434 591 11398 19444 2545 3472 14214 16889 7817
15855 1140 293 15731 4511 288 19893 4026 5135 13738 369 8657 5886 18813 4125 4631 10257 14687 13106 11022 10651 9502 9979 3032 2676 515
15864 1900 12155 5527 1239 4617 5843 19083 4253 8038 12512 16462 9716 4882 2066 14922 16232 240 11465 12752 18018 11691 1756 7064 6635 6244
12794 1489 18254 19685 877 13722 13995 3607 2500 10048 3259 19652 7063 6209 1165 16232 10927 1831 11040 19905 13705 12173 14856 16597 16489 17719
14697 1895 10173 2115 12169 18146 4975 3168 9103 11874 9595 11695 14881 9793 10697 5829 7436 17437 4034 8316 12533 14957 8550 15418 9030 18047
2180 13676 5386 16709 4826 11584 6509 17172 7753 2778 17826 1104 14441 17420 7091 7321 511 14302 16177 19778 19647 16072 17048 931 16935 6045
9600 989 6324 2047 9153 3961 13742 2634 8827 10301 19257 12627 206 18405 3530 18684 805 2275 18910 594 1070 13760 2796 4191 6035 74
14254 7173 247 10353 10410 14266 5858 11692 2648 1180 18492 12802 16167 1521 16674 9455 2976 7249 14686 13406 1644 3523 9064 15528 8606 3142
13377 1514 10507 12207 3487 11354 14869 16749 8506 18454 11565 9478 15073 2599 8204 19074 12018 11734 11795 12276 16856 1274 3392 8515 6390 5777
9023 13017 3189 12471 7109 895 4933 438 2592 11486 8914 10198 783 13961 19317 10735 7578 12281 18979 830 13079 18612 11878 1548 10701 16986
8614 2081 349 5462 2082 5502 12118 19211 18741 1003 15450 16039 15196 15575 1489 8965 8443 9368 6797 1846 11829 800 19406 9265 5416 3517
14776 10086 16355 8300 7994 19550 514 15355 10978 1822 3555 18124 9557 15995 8846 893 19453 11460 6973 15994 1999 15595 16575 6427 6444 1336
17196 2935 14930 7668 3476 11768 3685 9015 11242 15178 10770 13432 16641 5526 18755 15591 1162 7163 2398 14104 13269 14785 10489 5082 2052 8258
6007 14811 13116 8820 11556 10465 10058 6037 6616 8821 6866 4221 13976 9994 9993 11187 8813 17707 16755 1738 1882 19706 94 4243 7095 19050
9783 6976 19223 17668 19923 6801 6883 3095 10732 6849 4676 16878 1319 18323 11210 4557 12073 3497 19167 5352 3125 18615 19136 8936 16609 18328
15028 86 12243 14384 13064 13901 17121 10037 8255 12948 19661 167 14120 13352 5162 9449 19971 3675 5371 17582 8727 102 13692 11013 13037 3833
5414 16877 8292 10606 763 14895 15138 3943 2545 3812 7156 4112 5378 5659 12047 15587 17988 8282 18591 19828 3607 13081 14975 12220 18510 10295
1736 6964 16470 17108 15217 6987 5286 19007 1286 19682 7803 12745 17784 15418 14672 12431 1059 2048 8952 4210 11143 2525 6894 5275 4742 5084
6731 9952 18892 1225 6570 16118 7276 11163 13863 12787 13380 12409 10533 949 18609 19127 18980 4325 11489 14027 17348 19428 57 11457 19932 7571
15363 12388 4713 756 12466 14881 17127 8341 17620 15519 2610 17338 5104 18120 14588 10828 11018 13166 18178 19864 6175 15710 17839 17054 10981 439
1041 760 16446 10277 16397 2474 3334 13802 14051 7912 6419 2305 19416 1547 10863 11093 3939 7130 17796 13520 3160 13716 2956 12471 19544 9988
5502 4739 18480 8266 12245 19836 1862 1836 19989 1257 14592 11349 7411 12260 13171 8203 9047 2606 7847 10686 8679 2595 12403 6795 14929 17043
353 18 14437 8851 3931 13133 5166 4903 12457 12233 12963 14901 17550 5555 13250 12746 16464 17200 9873 11011 11791 5467 17490 2868 18357 9694
10244 5795 705 18498 17933 6853 19826 18634 9245 15738 9026 19255 18246 7658 9845 17763 16298 15892 15619 19236 1308 14422 13233 5096 6047 18864
15549 7853 2927 449 2463 8336 17972 17805 6574 19001 15716 5042 2980 12511 2267 19311 630 12329 1464 13228 12927 19854 15031 13596 393 14021
8712 11490 4066 12574 13937 983 8431 19570 8962 16181 16572 893 8568 3487 12141 7922 16566 2615 8344 11645 14880 11703 6445 14198 6589 499
3504 15611 12472 19786 18868 1577 18006 19221 14059 10264 16499 5106 1199 7721 8481 14799 2310 92 6773 19602 13861 12445 5452 2098 4832 11377
17659 19292 1844 7866 13600 12283 8051 3445 12023 8693 5111 422 7695 2054 14003 10386 6847 3532 4969 3574 3303 1045 14990 19340 11760 5764
15314 2971 857 13604 11220 13202 8593 8092 19702 6219 6932 12452 17856 5781 12787 19633 16258 12295 15589 19182 16002 16924 1887 16538 13537 7914
7030 3171 4391 364 19996 9710 13658 11680 1296 12642 17179 13225 11654 9437 8641 10964 19644 8480 1533 12249 11789 13162 19148 11905 6324 11806
10682 15799 19076 8707 3298 19111 2875 19187 15743 7810 4654 8890 16084 19778 4813 4391 18324 14594 11134 15105 16411 18010 7964 5849 1365 8835
15952 7805 2317 18969 10497 1587 13967 7734 4001 18753 14149 11493 18553 18050 8023 3165 9397 19417 5506 17222 11386 9751 9851 11994 16079 6928
13429 15551 12939 18999 11506 18621 16147 11399 13588 13411 12971 10749 418 10190 17349 14996 2601 16291 9273 4510 13793 7648 19933 5884 5102 17869
8258 561 6528 4198 9027 15158 17866 1344 2327 12745 7751 2165 18632 9044 13688 7461 7579 9423 4297 15942 15386 14431 2260 8071 4784 4801
14238 14071 16892 6245 10708 12616 3691 3832 8442 15140 2543 15840 15335 1050 2389 32 1299 11406 19490 12945 13790 10972 15104 3977 5819 15872
10624 17694 6886 5953 5052 1477 15413 10466 11327 18472 7525 4771 11022 7540 15324 18740 12833 1200 3318 976 8145 18291 3167 7398 13160 8954
542 7858 17484 11301 18571 3336 4876 15610 10955 13430 3109 16764 13360 4884 18588 2835 5034 14780 3240 16483 5967 5283 1153 15718 9172 7328
7435 4523 15192 5523 2919 6790 13657 15938 3987 17305 2626 11760 11785 5930 17793 3835 8837 12472 7756 6779 18804 5146 7242 2619 4132 3222
4231 12299 5 15957 16428 15279 10955 9749 3643 7209 11796 13642 8082 16626 8014 16584 1679 15656 16608 5269 6219 4717 3881 6186 163 15616
7789 14390 181 2147 14979 10878 9810 1773 16157 12108 1701 1466 348 16634 13925 13840 19601 19056 11409 13198 7470 7801 4217 17417 19174 19193
13617 11683 5494 11933 14418 9711 16168 11483 18350 11332 14462 10413 4069 585 11836 11514 6619 15428 14876 10332 375 2226 4267 17376 269 4471
12437 7282 19993 15446 19537 17911 4159 16701 5649 2634 425 13259 1228 17159 16343 17582 16596 1256 9625 11848 10436 13449 15191 10619 15332 5222
444 1993 9137 720 11509 17154 15517 7341 6983 976 5930 16243 10731 2766 19737 315 1802 9385 528 12243 10088 4033 11031 6202 17143 19702
17555 13923 19206 2188 17112 4372 16771 13802 3326 12393 3443 18774 9579 17878 10689 17935 10877 8323 1055 2473 8042 13147 8871 6453 9521 1760
10165 7813 13515 18784 8787 11653 4142 5342 11428 10580 8559 17545 19211 13184 5753 8531 18513 2922 6063 10825 14721 8587 4256 12004 13746 19507
18831 15717 8690 9388 14320 1156 19831 4841 4314 11629 8824 6029 9126 7188 11977 12539 18695 13250 13020 10967 16436 8153 6942 5831 17487 549
141 4906 5041 8295 286 1704 1694 19095 8946 14520 2139 365 13848 15634 620 15195 3095 14747 18325 15652 1820 4177 9472 7104 7533 7864
17016 10610 18009 18966 14976 1097 5929 11749 225 6332 4875 10587 15738 19072 15166 18170 5049 8785 6261 2726 5889 3519 1868 13181 16849 17736
19386 9706 4344 4755 14657 3512 3387 9230 2366 12312 3149 7148 4734 3029 12203 11622 16504 14900 15008 6337 14631 9819 17581 6459 1180 12244
17949 5385 10721 7155 5779 2340 9648 585 8458 2876 6319 13202 16888 19657 4813 1479 13013 6515 11837 9215 4227 4559 2426 6916 8131 6387
8455 14457 17448 18151 15886 5666 7036 6019 12439 18627 14639 14431 6107 1920 7030 4098 2246 2217 7453 11244 13487 10385 1764 15289 19350 3382
3602 8406 11910 9152 8799 2403 1120 4304 10493 8006 9392 2430 10553 5743 17009 13982 598 12494 16895 5210 14348 13375 8300 4268 15427 15401
1716 17400 16974 11826 14487 11804 303 16927 17344 18893 8431 4575 8080 3253 7483 15730 6927 12057 3982 13210 7304 17163 16443 13246 11293 3754
12986 7559 16842 7814 9505 10961 8003 19869 13767 8283 8050 6211 11974 7197 9810 4130 16908 7521 10985 7649 10161 18125 6266 16131 112 5720
16221 19156 17637 6444 5707 2117 3194 9050 2008 11701 8115 4732 353 15203 12964 3243 9417 6346 19541 6220 14265 11915 8088 6328 5232 19853
17041 4660 1315 16184 11664 10856 3133 2930 13891 17513 14767 8131 11286 18203 11661 13088 10173 4599 7039 11519 5118 1329 14167 8418 1012 8218
1911 805 1513 10126 9608 5181 5843 7059 17882 9960 17561 12728 10492 16714 8249 11409 1457 12255 16056 19108 13503 6173 14540 19149 8954 3414
6316 13062 10201 15909 10768 4159 17905 19092 18203 14701 3167 11509 1182 19413 6695 3292 3885 18112 18090 7011 11847 2524 4166 18274 17713 3686
12980 430 7143 722 10675 12616 1885 6455 2649 17275 2339 3805 13639 3779 3036 5314 4809 17612 16032 17908 16499 12188 5125 12199 19247 17399
5095 19058 11224 14403 8082 7429 184 1228 16578 13664 12900 18188 16157 7303 10647 8300 13514 14660 15934 5529 10858 6483 17685 14797 2185 2134
5576 18403 7489 17754 6036 13102 11014 6913 18163 11911 15699 17895 9207 5907 14697 8664 2453 5582 12174 11212 4415 12234 103 4445 2319 4793
16817 5403 915 14926 7390 4093 860 18655 5629 398 2707 19949 15781 14877 7574 6914 17366 17365 42 19426 17999 13375 5451 11484 8083 5881
15329 13694 4009 5679 6869 18385 14339 16840 7363 18422 651 467 11668 7602 3725 16366 13575 3943 2188 7587 13987 8451 11354 16856 14053 4560
2152 19328 14090 1585 6758 2128 16922 6562 1848 5733 6560 8485 2016 3060 13901 2818 15883 10124 9964 17179 3134 4364 17318 19499 14468 17697
8551 4933 11289 18176 10975 14443 9560 19460 8275 18775 2084 10809 17087 3647 9653 5397 10313 9898 18889 967 8375 7742 10441 11702 625 4610
4334 13828 19812 19832 8974 2622 7201 3316 7190 5868 19673 9725 9875 13138 1838 12284 7648 16156 15332 13180 7399 18101 8538 10913 1176 18095
5924 849 15904 3307 6533 8611 7998 15394 9380 14173 10485 5241 6251 9448 7476 9002 7865 13214 7424 15227 7343 18401 16972 6386 18588 19478
1777 10627 755 4472 7043 10278 8026 13964 6215 16623 1646 8850 15309 593 7330 12353 862 1374 13928 1159 7005 6537 1271 2818 11343 19654
7796 6645 18122 2097 5437 5263 19869 17962 6767 8996 5877 11763 6806 11890 6525 15413 8290 3635 14667 13719 8259 1568 1780 701 13069 1247
4528 5828 5811 12609 1015 6329 2414 11954 17474 12797 6584 17320 7280 3449 13127 6463 4910 8106 12711 5050 5523 16873 16327 19576 977 13412
8240 7077 15487 2197 13195 8395 10549 15477 12091 5597 2235 9897 8111 4198 12586 16841 2674 8936 15542 17615 12057 6170 11690 12057 8703 5089
14468 8034 6344 14294 714 10397 9948 2866 12209 15598 14397 13661 15773 11894 1956 13049 1855 16922 6514 4255 3596 1663 15078 5791 17237 7595
12174 4023 1721 13871 16528 8821 9867 2675 8734 15410 3164 14902 6306 5243 3753 14426 12450 6591 8486 4732 8814 2333 3554 9753 16796 9443
9825 17178 8306 7145 2249 16324 7095 15161 13522 7964 18270 3246 16808 5878 6343 3765 2685 6044 7551 13798 15135 3166 8378 4996 12897 8804
1100 17771 5152 4593 18413 9107 12600 12203 1272 15598 17418 12435 15137 12326 11061 5199 3153 5071 4950 1369 8103 285 19110 10244 15578 9176
17785 15693 7637 10118 18293 7617 16994 7419 10957 5427 3745 8420 11618 4732 14796 6324 12865 508 16420 13545 544 11855 16439 7917 14958 11275
11903 9685 19870 10618 6624 13846 16581 10877 6557 6575 17970 19661 13162 7672 17530 4547 10894 10757 10591 12290 14856 5468 10467 15377 9641 16026
3504 9676 11210 14684 10552 2904 11049 2229 397 2611 6196 12929 13670 16516 12354 10898 5637 10221 18662 1036 16396 17667 19690 15532 17865 6418
3450 9066 233 11660 8172 7416 9104 16527 14127 1372 15785 7915 11478 2995 18458 15530 12246 7904 2737 14341 15046 17007 13553 722 2709 9608
19365 5926 4658 16815 15539 422 14001 4654 15280 14352 18009 18120 14541 4348 7875 1902 10311 19715 18876 6384 9992 15822 6259 7169 17272 1823
7389 5969 15977 17348 5227 1491 1504 52 1167 6941 6080 5968 10109 9193 8321 16840 12118 16320 19649 5036 14978 3951 6333 1844 8075 6264
13007 17951 11426 18347 7395 10824 18703 13774 5579 7473 6098 1137 18324 4866 18690 6979 10022 8719 13071 7666 15281 15863 17549 3380 19120 19565
9903 14027 4612 11107 7843 18315 6429 17057 13451 19183 18809 12019 17682 1580 9835 18530 19076 15316 9169 8588 3808 10745 14770 6353 14440 4660
1770 1114 1616 11431 14929 17419 11305 13321 17481 5872 16939 319 1856 6044 17031 17394 2144 2115 19790 17609 19849 13172 750 17225 9369 7608
13516 6304 3184 4876 776 10648 7024 13757 5084 15496 12199 14426 7912 737 131 4994 1648 16992 11037 7029 16062 14579 1486 245 6726 17012
4027 9313 17445 18862 17086 7240 11832 3243 10020 6102 13938 15913 3462 12514 16207 7037 2930 8013 19787 9770 11417 777 17151 11482 4043 9169
13981 13055 5891 19865 13046 13533 19618 7584 12894 1653 12007 8822 1001 7146 11692 8462 15412 8332 3172 19270 3251 17962 14556 1954 17929 9595
15142 13639 13795 12929 15888 11260 19571 8684 19424 15721 10713 8085 893 7535 18607 16823 3434 13025 18978 15718 9064 12816 1666 8832 13745 6531
12972 17215 12225 17123 9833 17269 1292 16364 4719 2211 2607 3382 13589 8302 8436 14019 8459 5165 13315 1329 2719 4119 15562 10080 1855 13268
2918 16817 10310 15552 17279 16116 9793 14244 4849 12194 12715 5424 19336 3758 19272 12880 17166 19730 10911 12048 2434 1622 7360 140 3712 8912
14814 14014 10920 7452 9016 13823 12431 3519 1052 2733 11459 4348 11181 3475 11670 2254 13568 16506 18397 3359 14853 7578 10846 8242 12795 7511
3322 16578 5804 10574 14689 3381 1754 10918 15183 14500 11905 12030 4254 15545 2462 3199 1971 6729 17622 8403 14352 6175 9093 5384 12107 14882
3343 9037 729 70 3682 6496 7661 13306 6342 2743 15203 10672 11486 13680 7562 6851 7165 17252 13446 18228 1235 19089 10098 14381 14178 18274
19246 263 10719 19838 9139 9493 2291 18229 12567 9187 17563 1884 16061 6231 11048 3648 10300 5476 5708 8335 10654 3730 15167 17733 6941 13424
2480 2109 10456 6739 7623 15326 9349 12283 17480 2914 14089 19897 13020 15265 670 1339 13440 16543 8025 6011 6672 13332 14537 19677 13377 17117
10597 19524 19205 11684 5485 7050 16485 5219 3735 527 10455 8872 19941 11416 317 9445 4232 10144 10664 17344 1104 13418 14138 8433 15773 2864
15376 2459 8912 16086 18771 10115 12593 17621 16786 2213 12709 3129 5925 7847 14924 9138 157 9004 6309 10449 6689 19430 6931 3974 2838 4118
3153 3796 6192 177 19944 14617 9808 12934 6961 3004 10638 4636 5894 14440 5438 3221 6714 5366 5292 4855 16341 12549 12113 8886 13105 11712
14270 17523 467 17791 9558 18715 1850 12696 17024 904 13944 2086 4423 7908 2037 11932 12440 8973 3966 11567 16873 6854 2110 2026 5347 15881
1478 1348 5739 13558 4859 5862 9588 18321 1293 16262 11405 16062 5179 11483 16645 3028 16239 3802 896 2976 8517 14221 10529 1036 5346 4841
11345 846 898 11321 4927 17991 11264 13758 14964 17192 6029 1991 7000 16255 1120 3899 12315 2012 10230 1450 11266 4183 12804 5762 15609 14798
10144 6256 6265 11897 1631 16898 15148 1104 10644 12529 16745 13159 7133 17826 2523 16551 13799 12738 8225 17038 6946 2332 17410 9576 19569 1350
8391 13511 12911 18783 2928 19673 5170 12124 9461 6556 17894 17983 6250 10424 11730 3604 1985 13524 2203 12585 9315 12482 14699 4494 16200 3221
17739 9175 7667 8774 10422 9122 12655 3731 3592 2335 16199 19668 3171 13463 10322 17416 17475 2734 19133 14678 7018 3893 17262 5541 13557 6605
392 2139 10213 18973 1725 16836 1837 5917 3290 10097 17035 941 19055 5261 17662 19358 3786 14438 13383 4832 2935 16428 16078 10615 7783 9308
13925 16687 5657 8154 10673 10154 13893 9747 9211 12398 8215 18038 14661 6506 2826 18176 11794 5692 537 3062 12050 15860 3582 9139 3939 13636
15379 5330 11202 15843 1296 1956 7995 8452 1665 10332 3502 427 468 11589 6345 18845 6397 11295 16827 15506 9976 15506 1699 3867 5505 11978
12487 3744 7861 4239 1418 10571 8852 19283 8434 8973 9420 6240 9298 10140 11503 18166 7830 7613 11926 834 14772 18188 9624 5931 10362 2441
2854 11845 5958 17711 10453 9944 10653 19538 17821 4422 12071 11324 19020 5574 9248 16082 4803 13615 13368 9680 11703 711 2731 17762 11128 886
4753 6994 11902 18871 15816 16028 11230 15336 116 17562 18419 15632 9139 7406 16029 2167 14286 5376 8314 8652 17351 16252 283 2288 10779 18236
416 14033 7989 14036 16718 15630 8794 8575 138 16318 11475 6326 760 6755 2033 14761 5802 8744 17051 10378 4344 17146 17002 11443 9661 12384
10859 14209 2415 8690 16463 5862 7349 12472 7955 6707 17893 17288 4503 3866 17997 10757 14317 18494 17061 4066 13601 15287 14897 7398 1851 349
698 19425 7557 1510 8164 15638 17762 13102 14895 5610 12239 1943 8338 6306 6096 170 5635 2489 16992 10578 6787 1319 9707 9969 2444 3714
13232 6664 1017 2174 12801 400 17217 11928 3372 4032 19463 4739 7965 14442 16260 5091 9284 2483 7940 2141 1836 16373 12397 2299 2435 3306
9369 1984 6497 14638 8592 13024 5758 12900 17287 3478 9091 5258 11572 7066 11881 2167 1330 9373 4860 12590 14191 1317 11748 15560 10377 8082
4011 4375 17533 8546 2550 14067 2381 3449 3749 18928 17813 17364 19786 6745 12539 2555 17012 13849 19590 18233 16325 5082 8205 9013 11904 10763
719 8035 10797 16323 13291 17759 8474 15590 2096 17937 6504 14739 7776 2522 5615 8913 2587 12654 9413 19929 10705 15448 3266 14122 8030 3781
16043 12050 10461 3405 12075 7742 4465 4705 5529 9116 16240 19768 8722 14294 9408 1098 912 17880 14183 7095 10793 7978 6333 8849 14198 17490
7367 7594 1386 10652 19342 15076 1620 8453 12388 12718 1783 153 5905 8537 12302 9439 2302 8436 11900 16564 6284 6463 19533 11190 11300 19496
6316 12040 7071 3957 8664 4310 17857 15340 13807 6330 990 6819 2712 18192 16422 17102 14601 7888 15096 1947 1100 3358 10375 6726 96 29
18668 17833 5660 19604 6332 7028 12492 11866 14469 16570 12225 7394 18689 9603 16863 2509 3826 4324 1685 9798 1654 9496 18036 16840 17544 4440
820 1824 2732 4383 11767 7298 6694 4767 4663 6054 18018 6519 13310 8819 8855 13932 11974 3813 2979 9609 18884 2689 11480 3285 6888 4990
7553 9628 3690 6436 10283 5153 12968 8238 6898 18092 18491 579 10433 9894 14239 5408 19390 18164 17320 13897 19363 14783 4006 12897 15515 6509
10006 9026 11599 13870 7225 4741 9570 12251 14560 19613 5057 8867 16055 12000 2947 13004 15092 2823 1903 12857 17295 10934 18113 7641 11890 2650
16904 14683 9646 9403 1774 2148 6385 12494 19269 14930 7571 2675 844 11049 2880 1061 19737 12549 14413 14306 3710 2362 13961 18126 2647 11108
786 4880 1475 48 13897 3425 13003 8213 13373 12239 3572 19642 4910 6903 10166 9548 1887 7536 17064 13852 10521 11520 15800 19682 2760 19098
17510 13791 825 15181 13121 9608 2691 6430 19159 12433 13750 6320 14756 4489 18406 7861 10528 9369 11654 15017 9083 7330 11783 11611 17733 7031
10437 9526 8393 11666 11046 19316 11005 913 14392 19437 6705 18023 3257 13618 6086 17047 14995 10491 4711 9353 3405 1791 4451 6991 2666 8803
15290 7934 629 6307 3433 2846 13321 15679 14408 8919 2450 16657 8865 1732 16313 18142 16722 8337 3089 3240 15071 7073 7365 5663 3987 4586
13264 11338 11543 16172 3850 7570 10233 1789 3700 9935 771 3434 12158 3372 11943 17058 6076 17527 16004 15828 12032 1928 18159 5975 6440 8310
12506 2173 17634 4793 9667 8230 8476 17146 16564 7741 14277 6057 7962 768 19161 9747 11057 19348 18337 11186 5893 1972 9781 7824 10814 14531
18868 3530 7240 9689 4780 13493 11426 6780 10585 8850 19719 2361 3651 9155 8176 15984 9616 13198 19241 8179 1127 17720 19516 13581 222 6162
9311 13011 7097 4632 5291 9092 18836 16543 13305 12588 5216 15412 10487 4933 2143 4023 283 5471 8040 8532 6562 2362 19447 241 8117 14124
3049 6912 8799 18136 18790 6146 12555 10856 19815 2425 3591 5001 16856 10848 13320 11892 16 4959 18876 2338 2533 18582 10276 4635 9210 19944
13490 4220 7690 8925 19835 11434 16686 2391 4960 540 18942 11717 14686 3038 6840 9133 6278 3675 17205 19770 10151 15947 17692 13461 10328 2463
10248 9760 16021 9017 5906 7302 10133 6215 18264 8537 16736 18612 5968 13047 18628 15395 3988 19871 16786 1386 14944 16346 11813 3387 15452 619
15563 13386 7759 16218 11407 9395 15483 2259 18901 4779 2951 8285 8624 6650 14958 5360 12917 2716 19491 2029 13553 15594 7852 15655 11119 12163
13169 10860 17798 8927 8191 18130 1452 12696 12150 12028 17949 4722 17965 17547 7540 19009 1421 5433 4542 13664 16418 13629 10309 19265 9112 18656
5996 6027 2315 1066 5781 5037 8343 9812 11192 13928 5015 16176 9901 8564 9623 14477 10821 18599 852 1188 3137 6567 12047 4834 12798 10288
2036 8595 8388 4194 12755 16584 588 19679 10587 238 3722 19764 7940 405 11943 9707 7232 19402 1114 19495 1764 9459 10144 6059 6202 4427
10295 6571 3063 3951 13198 1531 4789 11240 1314 1897 15566 633 17983 12000 19935 9128 17508 11188 16465 2014 820 19876 13795 12834 12033 9416
4811 8546 9928 11787 12433 12506 10223 5149 5404 2457 12861 19718 5211 15761 16396 6768 16954 13695 19134 2130 15345 8627 6066 6351 17694 3712
7635 398 12473 4582 8801 11971 12268 16811 8033 947 10187 1033 13711 8838 14422 1548 18436 4508 12057 17133 4519 15882 5381 6026 13693 17434
1465 13227 13791 19938 18767 8010 14730 1126 9160 1535 6288 10862 6930 1101 16360 15904 748 9186 3289 7996 8878 14893 3202 1672 17450 6780
17144 2128 19422 19397 4104 9058 10182 13927 8999 73 6782 5902 13856 9070 11882 3356 7912 12306 14487 3387 11954 268 8876 10999 9591 9158
16641 6946 10513 3434 10465 15557 17371 2164 10154 4568 1495 14950 5903 2120 3634 1931 2812 9729 8909 8147 638 14786 6651 10158 457 14009
17789 3323 1893 5519 15171 12912 5049 3253 5334 19327 17608 1778 3787 7785 17506 251 16741 9353 3208 11833 14084 12408 4531 13071 9020 19265
12732 9392 5902 2988 5385 8722 15766 6467 5798 1605 8902 3624 6382 2886 12248 18537 19055 11094 7901 15263 7581 16371 10479 5254 8044 18455
6714 9698 3104 10981 12873 18164 4228 8347 11642 6554 14075 646 14010 867 18777 4301 6748 16194 5445 795 19399 2980 13297 18924 826 4018
14008 16247 13993 18050 14598 1309 16705 6637 16779 11277 16285 4992 2646 6793 10312 11545 9847 7110 17873 2677 12949 2976 13265 17697 7224 4804
4506 8305 19737 18067 6105 13087 14122 5447 3302 4345 6262 15937 18413 9037 6063 7412 18700 12407 711 11134 6092 17164 13925 13162 12213 371
10868 17690 4879 13128 3352 10679 12899 15694 5517 8598 5056 13378 8228 13980 1286 11524 6166 7378 11045 12368 14266 5352 4654 16901 2491 5696
19513 11047 11024 13164 2333 13519 5590 11900 4201 14875 3054 3883 7741 18608 10117 19201 8013 605 10111 7099 10320 16299 3220 5011 839 11696
11731 19014 4102 16294 7316 4456 16642 7282 480 10092 15673 15204 17670 17304 18845 4265 19300 1676 8709 7512 16660 1800 6038 2537 8684 1995
8676 9259 11291 1262 10536 18325 2875 8092 2616 15844 5133 8520 7242 9175 2855 10248 12745 19209 6019 8850 9395 16863 7776 7271 16873 18331
16478 16196 2532 8519 12060 15453 11682 12841 15321 16391 10812 11829 8768 2934 15386 15523 19456 14411 10882 13002 16077 2310 17882 2083 5179 15870
9372 17975 16723 10510 4713 14863 502 16827 1588 4538 828 15347 3083 8638 14718 6033 710 19864 12970 7892 5138 157 11877 508 15218 14449
15228 19116 17137 12105 2663 11640 1487 15904 14992 6510 14781 2721 8744 14850 3740 18401 11831 13063 17941 8676 5057 16150 16653 9914 15408 8879
4867 1866 12351 18516 19075 10059 16327 11596 18347 10785 10399 1141 19274 917 19021 16574 18457 11272 5300 7781 15389 16830 2086 17733 6199 12647
5809 204 16790 14033 12096 1935 7258 10394 1515 4946 1786 15861 15738 19349 3724 4114 18760 13069 3357 2791 15093 8152 5540 18893 16501 12660
12537 15693 3322 10459 10115 17837 17146 613 10852 4753 2681 7572 14445 12960 10717 4556 5032 17877 17834 5924 17142 15821 15891 5158 4522 16308
475 5082 8502 2946 15097 10867 5236 7315 4866 11160 3166 4586 13972 18966 5723 11088 17773 8017 12940 15556 6504 3606 11567 7407 11598 13870
18295 13652 16547 4327 8577 13503 15386 18458 16530 16471 15916 4035 4755 10252 3285 8964 13158 1822 14697 255 9749 2662 9390 13149 16412 4058
9484 7155 17341 12481 10815 12132 19205 9871 9207 19254 9204 14095 3217 11542 14166 17553 4260 18050 14766 14810 6199 9215 5067 9519 8961 12247
9590 17521 4844 12372 2496 17093 8802 18573 1467 18995 6086 12145 12691 4997 18685 5577 16207 9023 4857 13080 10014 10009 9098 10568 7284 1894
18251 15856 3470 15867 15235 19256 4798 18203 16335 8338 9665 7031 12755 18952 3499 5042 11758 11891 7067 19771 14196 16027 4628 4597 11540 3742
17326 8348 11769 16267 9301 973 6328 5032 4650 10208 4983 8642 4826 3051 7071 14376 8502 2167 12813 14649 13199 1077 15358 18489 11455 13884
5190 9666 17977 12191 14122 15113 14062 12713 8573 11346 6265 1024 990 15100 13368 15733 7596 12672 18578 17112 730 12763 13565 15140 15719 1991
11582 3099 13457 8354 16325 3995 9338 17556 4544 3683 2377 19245 6192 5399 8546 10716 17951 10495 19933 11939 18825 5741 3819 19821 4354 4974
11885 3536 19833 8155 10413 17100 9366 12640 9084 18757 3985 5267 9235 14753 1670 11368 17281 10640 19265 16934 7443 2794 4641 15581 8539 651
13038 10204 19573 3062 175 741 1016 6144 10049 9443 18345 4493 11522 15777 3146 18093 18763 4861 8929 4832 14576 13422 9497 11572 10934 5570
7498 4174 4733 5646 14553 190 19353 9558 17365 15825 14061 921 13533 4219 806 6831 11576 1179 13980 11989 19059 6401 4188 12935 13298 6356
1157 273 4408 16231 15437 6839 11686 16755 13673 11582 6793 4874 9601 1196 11010 8060 7693 7519 13815 3967 13289 17013 13235 8668 6210 14447
13719 7696 2525 9543 18157 1260 152 5049 1529 4203 16472 17459 9079 10172 6302 17381 11618 7579 15823 13747 5779 13822 13957 7114 7297 15456
19424 19374 8468 14569 3081 7938 8138 105 218 12425 8373 10035 13459 6894 15064 19643 12683 7334 13189 16461 13152 12989 11403 1712 15344 5180
17855 19664 663 19223 13553 7975 8548 9359 11936 12978 11340 19179 2112 4900 3994 15713 6499 1259 5297 11336 14607 4883 10167 7702 11175 14496
147 16337 6897 13988 12415 9569 5190 12704 11162 19013 13496 12267 8398 17240 10880 2683 3859 6169 14086 1132 5027 16705 16509 15750 9662 19856
