365
35 0 30 88 89 41 42 43 92 79 68 26 57 74 85 1 16 65 35 42 22 45 29 8 80 41
5118 3388 17665 2389 16396 10454 437 10575 13734 19486 2412 9414 17603 982 11801 11434 17225 13323 17768 3243 19081 11363 6509 7764 3633 4692
2686 6730 9156 13092 9826 14876 18746 9513 6620 4055 13230 4318 12905 12993 13860 19486 16278 18254 10429 10559 12502 824 2209 14589 8469 5426
10589 17913 18714 151 10052 8064 547 4245 617 15390 19816 15499 4098 2113 5267 15295 13375 13421 5793 2012 5917 9483 3404 2338 8843 7873
15887 6047 6267 10486 8531 14362 10381 13518 14391 18339 2988 521 14524 261 14964 13584 1393 9090 9347 2919 12974 10997 12044 15424 11367 7492
960 2815 16105 6392 12373 956 8923 19688 3327 16617 973 9491 18988 12701 6731 10806 3287 2069 19707 3777 7442 6718 14717 9244 2172 7622
7489 18246 2114 15818 12475 17796 8788 15347 6945 13379 5426 15168 12818 7093 6102 6720 19717 17274 3031 14649 18019 9859 8377 19490 15515 12709
3249 12809 5603 9545 14177 14778 3314 9045 916 1882 12850 1252 12670 16195 10706 7809 4633 804 19282 4412 9596 5185 7682 10500 19044 146
13115 10439 5610 14304 3642 10775 4226 17085 15004 477 14198 13417 1075 7580 18297 17001 5194 398 13237 8111 9709 16876 9898 14277 10031 13800
8000 3790 9866 2621 14746 6762 14029 13040 3729 8549 2639 14071 18370 14804 19621 4755 10817 1619 4345 12684 5394 3427 3445 6395 13264 12729
2434 4370 6253 7127 16224 2750 17278 82 6824 11412 2034 19916 282 16405 17651 8061 19161 11047 16897 11762 19748 10050 10101 8816 13776 6793
12922 11535 14776 11951 1378 8750 4865 11261 3828 16369 10696 11245 14528 16566 13524 7518 10950 5193 433 5522 3412 5125 2265 1828 8287 2375
7564 8493 16420 2788 6008 13710 2263 3154 6265 10580 3641 6707 16716 2344 3940 9054 9670 9148 2813 3222 4860 16966 16815 17654 9903 3143
17463 10082 7638 2299 8109 7480 569 8045 12003 10004 10915 12691 13720 13685 4260 11317 12042 17520 9366 1833 10539 30 7107 5293 14794 11639
4848 3207 3268 9207 7827 17870 1606 2195 14320 4783 7086 12343 4884 8261 10156 10097 16179 19555 11672 8469 10582 3528 7378 15988 1682 4441
1528 19626 1221 16723 7791 13072 13852 17896 5436 12757 12482 17900 14290 7126 11281 4548 2167 751 5959 9972 14926 11735 298 17932 1326 2389
8456 2299 5078 3178 13215 6980 17190 35 11260 13966 9849 17826 11344 19010 3230 4743 7925 7310 6283 19802 4772 7637 7413 4098 18107 17853
8052 13153 12844 19893 9447 14334 9418 8582 4282 3213 11387 19784 1729 16629 8385 11576 14489 3536 4919 17117 14920 1825 6098 14112 17990 4904
10356 2813 10677 19711 3746 2800 15301 14692 9195 16865 7400 14803 14921 16502 11445 14392 6610 12196 9563 12215 4057 17229 14873 19558 16116 3395
19211 2514 7547 19911 3275 19935 8244 5599 17610 14424 17553 17138 14217 19808 17629 9835 2052 1347 18863 12429 17391 1036 10482 5719 3364 7478
19895 10535 12610 15893 11342 7281 766 18263 157 13793 6162 8928 2473 1537 4272 4866 18507 6068 18268 3541 3877 5558 5133 3677 8260 4528
3797 8394 11122 16300 2959 1889 7159 2429 9730 9084 17590 19948 14100 6789 19364 5526 2794 1224 11835 3740 15967 18473 14419 10074 19080 663
15085 19758 8694 7466 12623 1354 15975 3089 3857 10990 16626 1192 9787 4274 444 2102 8932 12155 5655 6446 12503 13646 1379 5862 279 12504
9192 14440 16517 18449 1035 5998 5276 13411 10417 6315 7093 7660 1410 9120 5632 13276 18755 806 12470 130 11459 18032 4063 10830 8470 406
10583 10205 3044 1670 42 1245 19391 10104 5144 16579 19108 6540 18158 333 7904 1980 7960 17646 8905 3425 16915 15639 19771 8154 16890 8831
3570 13876 12996 12888 17857 6297 3253 6236 9047 11898 2688 407 14577 4983 2948 15875 1228 18680 14292 2278 11060 16963 2559 18948 15541 17359
16280 19237 1128 17568 3241 4352 16684 1779 4593 13534 4424 8129 18958 13429 13433 9082 10122 9877 12704 12476 6002 2954 7555 13482 19124 11298
1460 3154 3007 220 16523 15439 8861 366 19894 17539 19894 14602 11292 1151 2659 17187 3137 879 9664 10955 16251 5568 9454 19982 17978 1622
6555 3731 13174 8219 6080 6931 12631 3978 5551 14847 669 8492 4195 19746 19530 1784 4910 17115 6836 14246 7468 7228 19292 9369 17860 7651
11905 1870 15714 11753 19722 6902 1795 10298 3321 2861 5606 6600 11352 11440 19762 18197 13660 10785 9582 7501 2704 8980 4730 15019 13099 8024
16976 8094 8239 16630 18118 6265 7945 10541 15111 5378 12495 9467 8515 4582 14628 15388 3732 3142 9039 16870 10625 3763 14828 13689 7371 5150
18580 18642 19866 18512 18598 12310 17240 14390 10771 9622 8399 18391 8841 16299 12847 8611 18651 6562 8833 12836 13972 14294 18790 4695 18521 1957
4001 18378 16788 13178 10255 2770 4602 14875 2538 18092 10228 4002 14862 14376 12158 11784 15988 15453 17474 6887 4909 11831 15987 4097 4214 899
5947 16674 9561 10143 15253 2113 9285 15966 9182 13077 19448 7742 7791 1443 13195 7327 5009 939 14031 7644 2829 7350 18109 9901 1251 8819
18559 7033 19849 5076 15964 3394 13998 14580 6103 9211 8165 11923 2037 12696 2454 3123 18417 14135 2627 100 10765 4146 7852 19599 12030 8247
2086 13127 13228 2471 9425 3829 10791 4253 2243 18366 18937 9274 8712 15647 9865 1209 8268 4883 4508 6250 16494 6792 9854 17711 3933 4738
7870 1115 826 7272 10930 6208 18721 17654 18646 14215 11849 12355 12900 7181 6535 13633 12065 10129 14147 15310 15308 1496 7457 3114 7614 18643
19193 4271 4006 4247 10067 11097 14948 8482 12779 17505 16511 11396 4319 12820 1897 11535 13459 5466 19204 18831 4151 3103 11546 5473 19019 17683
4036 19951 12889 18011 13513 4518 13168 6298 4603 8988 15744 7521 4081 8882 4547 19355 8800 619 14505 12253 5676 9700 17234 14290 4458 4411
3626 19117 12540 13599 14787 14827 10537 2115 16309 11413 10297 11806 13218 9095 18184 161 7011 4396 7480 10945 1428 6839 14020 19894 14 19418
3957 15172 13776 877 9311 15754 2203 19715 11971 19145 3316 11290 16953 4743 2752 10980 8490 6466 13546 15599 13721 17680 11435 16690 12921 6313
15223 7174 18155 3307 18532 13763 18914 7443 17979 16348 5798 9418 16362 9008 18455 17245 15881 16107 693 12183 1365 3550 8874 15449 9258 2761
4214 11814 1155 10231 835 1690 2148 5557 9345 2186 10948 14759 5116 10583 15345 9745 16610 15184 4306 6575 13195 1613 12384 15114 17948 8400
5515 315 19188 18302 1894 5542 5115 15091 18094 19442 17826 304 5660 10895 14361 9626 14451 8605 18824 10652 1722 1889 14194 18491 3879 2912
7923 13640 10529 3937 7100 19048 15304 2232 1007 12244 7401 1631 6841 7046 11362 5177 11862 9450 6766 1316 13622 2437 5491 19977 18654 7847
12276 13960 2925 4796 10806 18172 15645 14533 12331 7421 7760 16525 337 7634 11599 18591 11859 10195 4747 13351 711 5568 5124 16157 530 5227
3820 5647 14270 4682 3861 7714 10312 10471 6253 2191 5916 15521 18963 13532 18319 4457 7527 10344 10905 3671 995 10464 7270 391 15647 1037
5363 9944 7397 10649 1464 2291 18669 289 13343 13943 4573 12408 17621 9674 10608 15035 6664 9758 3307 3201 4068 2036 9453 9548 7482 1399
18597 16554 4705 17125 14638 11796 15177 18906 18359 18989 7412 6093 3507 8756 12424 3115 6619 16018 19220 12247 3113 15182 13158 17634 15195 1830
8756 12950 12071 12227 7507 8315 2300 19691 15886 19203 12686 6606 6078 7596 8593 15829 19247 4900 14275 19614 7972 16880 13261 18427 16640 16554
3356 2917 15066 18374 1812 14089 8791 4248 9349 17207 5983 11783 12602 9953 10473 7547 17913 19073 6240 12936 13962 7838 6669 17177 6941 15294
8816 17911 12725 2 5447 13667 6300 11896 19191 6436 6024 4108 15415 7987 16001 14959 1549 14317 17773 7819 12492 10430 7298 893 5901 8271
19107 11896 14239 10501 2048 8538 15501 15232 5273 17294 1294 18131 530 18504 14301 6362 12629 6015 3549 6295 5289 7841 19706 12762 8654 11932
2177 15678 12704 1555 6052 5652 13528 18293 18890 19065 12176 4993 15969 13311 4701 16203 11871 11267 13425 9336 1129 9390 6120 9312 19120 9404
7232 9296 15600 5899 17758 3882 6983 18554 4770 19135 9018 4897 7509 931 18314 3600 8275 5685 443 4938 14564 15508 6988 3980 5854 16478
1920 13756 7180 13462 12485 17224 6063 1684 14537 6021 10867 10614 10471 17515 10898 11377 16091 2333 8074 10811 8014 6580 18514 7574 5064 11464
17822 16404 13930 12476 14313 16811 19321 17281 12574 18225 14299 8305 9367 8443 3247 637 11129 3165 14068 19026 15617 362 940 4161 16943 6079
17564 14389 11363 6846 9226 154 17592 250 19480 8292 5066 9446 6585 17796 8211 16283 3421 18057 3492 8469 16450 9696 2002 14617 14873 10000
1651 2186 644 978 18788 4943 6511 8383 12798 1894 12069 15667 11851 5702 18294 8146 1317 8165 17780 4323 19932 14231 2643 17438 4468 15914
3723 5704 11340 412 9687 9546 2019 3285 7518 3301 16455 6711 3783 19705 6436 17797 14474 1520 8851 13785 16091 11639 12598 3382 15116 19729
8019 18225 7975 6656 13503 8878 3577 13542 7214 12279 18100 9383 17803 14460 11412 14452 4031 10485 10903 3158 2503 13983 17206 939 13350 9782
15469 648 18750 17276 4736 6704 6223 7631 11262 5081 12185 3464 14681 4105 3055 5458 13281 18370 16653 5362 10519 13376 4463 10035 12311 6952
9109 3892 15287 11482 14179 10398 16834 353 7350 9330 4986 3636 6049 5732 8553 5210 11232 7397 1003 15128 392 11920 13093 8193 4332 13851
4145 15119 560 7235 15339 16377 345 3642 947 9318 10137 8485 9657 14689 18257 6295 3336 6974 10703 8164 8783 10230 8993 15761 1689 8397
16958 4153 12825 3266 810 12318 5397 14751 2040 4196 8346 4150 13365 13176 11093 3689 925 6534 12101 9887 13994 17438 5526 16211 21 3071
16486 10707 18518 9792 7472 4906 11778 2670 4850 8516 12764 18642 6453 12115 19135 3370 6600 8003 3346 11259 13514 9958 237 13489 274 3878
18575 6845 10708 2021 2275 6211 12930 11 15962 16760 6915 1584 9157 12997 17171 16072 9988 4194 5593 17885 4189 3117 16010 3958 6474 7423
6150 10884 14669 689 15642 9249 1476 9892 9268 13234 7360 2562 12639 7926 8916 2919 19023 102 10649 9505 16190 1896 17192 15186 7226 4908
3917 2439 2355 7039 994 7904 18303 11568 18421 492 8551 17546 9130 5788 10150 11328 16453 4875 12003 14475 18917 4308 19211 155 5297 188
3182 9691 10530 16358 17681 3587 950 2803 5491 10742 686 11188 3118 11187 9124 11174 18241 10284 16538 6685 19167 4275 16944 9404 14266 5049
4886 16750 19718 10926 8545 2462 17638 6485 4123 3679 1185 6820 15555 6082 11536 13448 4211 13356 16168 6046 15129 19440 7848 61 7885 18813
225 4559 16475 9120 10222 1108 10005 12913 1376 10596 13265 8907 377 11815 5967 10649 655 18694 17598 14188 1122 19157 2751 13122 1582 18850
19475 5449 17815 16440 319 7042 10532 12650 79 18298 12676 9102 1038 5644 11217 7505 463 2070 15277 19107 19565 9663 14606 14338 12232 4276
13365 708 16596 8848 19476 289 9259 16735 16590 11753 8560 14061 7626 12138 11335 5079 17205 4591 16525 11402 1380 6039 14143 18426 19976 1545
10874 9171 9045 12557 7144 12929 5997 8845 16472 10702 1363 4165 2341 7592 11372 10125 1090 12689 9479 3048 7360 17565 7573 12078 5110 8663
19072 15805 8755 6340 18448 870 11285 10635 18913 12319 19112 457 16744 13619 14157 6570 9865 13466 16192 5335 4623 17289 12906 16622 296 4380
3569 1664 15961 19556 5694 5504 19713 16888 5301 8655 9919 17674 1319 551 10686 18326 12826 198 19708 10077 8852 19370 2631 11823 17851 4355
13173 17510 1076 7123 16491 6305 5109 9293 77 1336 5647 19005 10979 6669 14200 5454 5014 12314 237 12376 9531 15819 4545 10521 10982 14253
6068 11098 16903 12829 15679 3808 4932 5342 17971 17009 15491 2338 14320 19734 17805 8396 2542 15254 18731 13265 10944 12417 3403 12270 16072 4524
1170 11329 18799 2117 8132 19257 15069 14111 7210 10389 3476 19711 8434 7643 5224 4218 19680 19008 3170 10320 4749 16343 11070 11266 15096 3404
9215 6751 11700 933 17675 17300 4545 2212 8564 18031 19247 19273 4099 1563 5178 19747 884 7040 16792 10895 12222 12418 12004 13934 868 14375
6210 8821 12399 1487 14372 7462 12869 932 9703 462 19999 16623 17268 14996 13199 10427 18504 3367 13276 13770 5532 9026 18965 4104 19150 15147
13892 19944 230 5721 5504 14772 5503 18245 13709 5192 6062 3150 18238 6703 14056 10336 13032 8578 14568 12857 17908 11634 1041 17795 3477 12340
4755 9248 8147 18696 13997 723 14791 17511 13170 11920 6674 8999 3042 5113 17764 10162 12948 18619 3956 10757 18819 18336 1473 16481 17468 15940
832 4081 9363 12382 17515 8995 13013 9450 5478 19293 15172 918 3830 17027 4741 16954 13778 10779 7175 10569 17648 13110 11666 11229 18559 14475
15617 19775 19801 13224 13072 6394 2432 7646 12496 4467 19623 5795 3890 14401 15163 6521 19220 8062 2999 2015 1129 1055 19062 1538 10046 16878
6834 13815 9316 15896 15730 6368 1721 1258 14090 6857 8830 18178 239 16883 19799 15339 19364 13594 11198 1622 15359 3761 11056 9948 16726 2012
11186 9997 2855 7636 5152 19260 12001 12766 10258 2649 2066 3988 9104 14437 5540 10780 625 18960 17013 16454 1458 3084 17202 9689 4307 6385
17492 9622 8552 1285 18880 1807 19290 2944 8399 7376 15533 9861 8678 7026 10868 11715 3347 10205 2590 5135 1077 15554 436 793 19492 14556
11653 7361 16868 17687 12247 6832 1630 734 9022 7721 4950 16208 18887 18511 17514 16932 17101 17469 6141 8286 7296 18279 3586 2719 5102 17551
17429 11751 5772 14963 10748 16447 12374 7153 13845 9003 16659 12519 4505 8711 14230 6074 5698 8783 17224 12184 19826 3689 9111 10749 14932 5435
6799 10686 11034 17632 19652 13801 15047 9997 18604 6497 15744 18604 19072 12257 8687 10001 19607 15164 14354 8287 10809 4635 18238 10764 407 17729
10907 458 14136 16401 19036 9443 15869 10623 17692 8128 18249 4802 1608 14910 18571 11384 19907 3901 16110 6371 19529 12853 4378 7295 9280 7995
6001 17517 19995 16671 19418 17406 13223 14126 5886 9185 18161 2888 15072 7181 11796 8196 9006 12596 12671 3752 12944 12502 19870 7093 9750 12375
3412 14660 17206 14163 11735 3220 1542 8607 16484 12506 7102 6968 10042 18572 9059 13672 19458 11448 6984 8699 3059 11267 3709 3004 6959 2260
10041 3384 16766 17725 19428 3540 17587 8554 9365 17139 17386 16791 6731 6312 879 2400 14775 19628 16696 4489 859 10131 1412 14819 5411 7278
8115 2520 13079 9045 7748 4304 12975 5772 17123 15476 4683 15092 1421 19299 6241 11239 10247 7503 6984 19795 15344 19844 7670 5799 13603 17823
3018 17446 16122 883 7786 14672 11645 12287 2549 12871 7469 11537 17455 8843 19443 4108 18246 3472 14527 498 3202 3042 816 14842 12721 2264
6756 616 14461 1734 9266 15494 2174 10902 1898 1225 2191 13048 19487 4041 6996 9988 8223 11517 11781 13872 15520 3208 12835 19340 7238 13012
19494 6337 7876 1714 7678 13930 1504 2786 4008 12116 3787 10577 3777 2378 5627 7961 14733 4058 1186 16904 11157 16316 10447 2960 1772 2299
19350 8872 15273 16351 13645 11078 564 19429 7146 15390 15567 9247 2683 19495 19596 9292 17925 1847 8252 10706 8528 7904 16160 4479 2447 8454
19475 19731 4346 17878 13080 8069 12435 802 12401 205 18736 8979 19549 1888 2871 7599 9770 19507 18323 9230 4493 19392 18370 12592 11502 15690
11306 15237 4554 3816 17406 4401 15979 15862 18789 2760 12734 16858 758 16705 4370 18385 16474 13713 5210 11700 4977 13617 1317 19608 15945 13192
1578 1656 3374 9738 6716 15458 11575 4714 580 7794 2786 18935 535 9095 17289 2814 2118 3217 1937 8852 14537 1821 5894 16162 18347 11353
15495 10525 9819 18848 2229 1610 13211 17678 596 16759 9704 2596 8180 19501 8897 16949 11994 1554 4783 17530 6391 13486 5835 17957 15186 19919
1112 18138 8452 14905 8747 7886 18193 8915 3329 5010 3222 19928 4733 14440 3396 8413 13349 705 16930 16129 14409 5405 8787 1179 3490 5048
19561 14406 12381 14362 14423 7423 11367 13066 15978 18421 4092 7794 16600 922 3344 1886 4669 6520 6837 6589 1748 1145 12856 12444 9482 6852
2561 16711 8631 14387 9051 11841 565 10052 6846 15818 8611 1299 5090 17253 17182 2380 18107 15363 19772 7547 15261 6422 2605 12156 623 4879
6283 15444 6867 4664 486 18413 17133 13546 14101 7446 2999 1158 8369 17998 951 1258 12063 4693 7387 3853 18908 18954 14340 13304 6218 16407
11019 2902 7513 16513 15082 18957 17435 18098 761 8241 9248 7028 3528 18294 18604 5598 8366 3377 10256 16903 10562 7366 4789 11902 12979 9928
13371 2695 11522 11422 4382 15884 3125 53 4995 19071 9156 12981 2765 11648 3982 8665 332 17316 7188 8224 11602 17583 17846 5367 2490 10633
15351 15869 13221 11553 755 184 19666 14220 9370 17711 6556 17070 16868 13704 10550 1751 3130 12755 5975 12425 19442 1741 9188 14926 18409 5162
601 18597 7220 6806 8478 4296 12081 18032 5382 13226 370 9777 10388 12039 17582 17971 16938 10531 9772 18020 6999 12121 3911 10590 13742 9966
19779 1529 2695 10692 12685 17573 1481 11480 10078 11264 17010 12135 11802 1336 6881 17677 16845 5758 9171 12114 12857 17941 6360 17987 15419 15947
10659 6534 15957 6014 13658 11861 6242 14562 1695 10546 11032 11172 7580 13041 14363 18501 13511 14490 1589 13327 19831 9046 17557 12623 1950 19286
12966 6065 7172 18537 2215 15509 16562 5068 2999 9573 1730 5986 8804 15566 15836 16929 2095 6600 5557 3092 13652 13894 7504 13148 15642 11828
5586 3293 5024 14929 8109 8759 15674 3405 3806 13315 12849 4740 10797 15354 11545 13786 4771 7050 16217 8105 16632 11190 8899 4752 5248 14113
14497 3278 8409 9454 15429 12836 6356 5542 3703 16452 6408 9719 11871 13917 988 8996 13092 3310 17405 13130 13378 17191 7234 11754 13802 3960
2152 12109 8319 13688 16303 10557 15846 19017 19520 3884 15771 1153 17493 4558 11017 6362 4533 18578 12851 501 17364 11086 7491 3173 7634 3255
15601 12706 7251 4065 320 13590 8046 11859 19363 4746 3618 19535 1798 12059 10424 10850 4563 17217 14488 2560 8495 8098 13968 3367 9484 13189
12722 8724 9055 2538 13700 18986 16054 18935 3541 10884 4260 11926 14759 16416 14206 9293 13073 5671 4123 6042 18779 4900 3890 4414 6767 3289
8098 18693 2977 4505 12531 14636 8443 9398 8951 10642 7488 11314 6319 1899 15156 7619 19715 1647 11350 14640 4798 2380 1054 15950 10525 12709
2403 3434 14635 6261 13551 2234 16411 1797 18222 5049 209 10703 6797 13567 7215 8490 15790 11304 9279 11835 4621 11885 3049 12140 5491 5144
19951 5849 18070 9673 9663 2945 2047 4136 19436 12350 5838 12731 17614 19662 7984 11328 7068 18015 13756 16326 16176 14468 19064 12998 15078 15280
4338 12862 9021 2818 5499 7083 14460 8711 15908 14092 6220 17223 16725 19815 10030 16389 14845 7656 7997 2356 7789 2487 18006 2557 18782 3761
12405 12120 14502 5351 14077 9338 9259 9245 15197 16046 6290 2067 7567 166 6088 9028 1518 2423 11423 609 14211 9385 18777 8138 5584 855
10594 19799 1606 10176 9890 10624 14199 10358 6203 16558 4763 17142 13766 3761 4343 17217 7473 15502 14862 14626 10225 17027 17259 8671 17533 10951
633 10748 5543 6168 8632 9878 14244 5224 9634 15465 7481 2833 11447 6212 4612 19439 3893 5051 7941 10035 19873 13640 136 14945 16536 13719
5310 4359 16233 14619 8448 14007 1256 10814 15991 14392 14331 3916 12993 19032 12209 17221 15733 16741 10112 8875 5612 13186 10784 16223 14684 18469
14804 18618 19806 15876 3403 9640 14598 12602 9164 10354 19092 16158 15759 2534 6009 8949 12376 10276 4695 1883 19768 10635 5299 7502 109 13671
16009 5102 19028 3619 13278 1926 5389 2245 4632 16401 903 17114 16747 14936 1881 15389 10865 13686 15927 10378 4940 15326 11039 13191 11131 18268
11032 6804 8165 13162 6789 17084 979 11192 19741 9456 2911 15652 6376 4650 7212 6244 746 12755 16403 13727 18122 15137 2961 6877 4436 8286
13407 18224 11496 6214 2233 4607 9538 17802 7216 11426 3132 10640 7647 17887 5465 13845 10585 455 10202 6898 17053 9995 18459 13579 13743 8957
5272 12858 16183 15446 17627 1836 11594 9885 2872 12320 4776 5200 6613 17291 17803 5991 6271 864 5172 14172 4433 8205 11011 3614 17030 19079
14718 17911 8339 14496 5396 7636 12174 5411 13021 18879 18246 10838 2086 12800 10273 13558 14309 2619 14260 11691 4225 11171 17023 9730 12706 5397
12276 12339 3574 1860 5245 4427 7984 17775 8739 7416 16053 5663 3883 16927 5959 6072 5016 18474 3916 19180 5854 15164 18481 11797 14403 15380
10972 10507 809 5319 14663 2045 10292 18847 3157 4912 8607 15997 631 6664 10927 796 6437 225 9840 7415 14867 11913 15056 17549 11983 11235
15928 18367 7462 9869 17416 4914 10368 15891 11713 17951 9700 3625 14739 7593 17199 11185 15116 14282 19332 1787 6467 17394 16552 181 13791 6750
9968 10181 7015 6816 5565 785 7395 2618 5274 19494 14528 9650 10828 17280 14726 16524 844 4283 10301 11502 4461 892 11889 5865 14462 7868
17972 6221 14501 18421 19933 5001 3758 12259 11062 144 2510 3388 10504 4113 12406 11035 2105 12332 9374 13374 16068 18782 17488 3961 18238 4030
4712 18330 13644 2475 13991 14311 19979 19108 8692 12918 2750 3866 8607 2543 4679 18629 19043 7129 7567 450 12850 2704 8491 3632 10154 9001
15750 19421 9078 16362 4416 10380 16169 16983 7621 17703 566 19191 6384 11617 11725 10402 16427 13365 19770 15505 9213 16000 9767 11818 8083 6296
6339 8238 7378 6659 10219 3380 15984 14791 5851 8066 15841 9022 1472 1602 2778 7199 12309 5969 8629 13972 6552 19775 9560 18351 16498 11287
10522 1898 17628 4443 14007 19989 5546 17377 13209 16717 18059 307 1663 18525 19789 19023 16650 10002 17080 6435 10016 11064 19841 10587 16756 4177
17196 1482 10625 14898 7500 12798 19383 442 10551 8524 12453 2418 12757 13178 14980 2836 3003 15367 7161 14073 6914 2006 3251 733 11068 2084
3056 13657 17839 3110 3336 7413 16979 8338 8106 15429 2606 7785 3569 10111 10087 17495 8274 11823 19733 1470 7735 4206 18970 1560 15299 15004
5807 2843 3545 4292 11253 18699 18747 9739 18452 15233 12541 15204 16663 9649 11125 16220 7531 1576 2287 4152 18460 4198 5628 1218 15289 948
3003 698 2216 6673 981 15315 4161 15754 19910 16875 13852 1264 11013 2695 5852 18155 4779 1901 8258 17703 17827 15773 18048 9782 12315 14360
7589 6329 7623 12488 2935 19082 10266 6944 8887 4546 7665 3286 3101 1973 5023 13370 2159 13078 14210 6259 772 7466 11652 18368 12192 17844
16460 6393 7074 18987 19566 1674 4714 7953 19326 14264 12436 12364 1005 2802 4253 17992 6225 12601 17195 12688 8347 8862 10549 12344 13258 18386
7133 17038 3656 6704 6764 17949 17079 11489 15208 19069 1602 18920 16400 4327 10005 9874 3727 13879 9214 16176 1207 8411 6677 17803 8877 15666
17032 11606 1789 16387 16268 13352 18176 2678 14526 17455 10107 8812 366 14034 17990 14714 15868 2969 9499 5521 13549 6310 1706 177 11880 16942
12554 4008 15716 16184 9510 4157 17242 9362 8778 5691 18019 7354 6299 3940 2306 7111 9752 14053 8482 11431 11481 8546 6097 9810 7927 14717
6176 781 17497 1915 10657 16376 8112 11296 15824 6284 5242 14643 17350 8219 4732 5855 1224 1805 1213 1327 12039 2068 8055 13801 11885 10052
1607 2798 3854 4178 19369 14070 7542 3308 9285 5008 9807 15301 2337 12384 2068 18551 8553 58 13568 19343 15626 10494 18967 3346 16061 796
12890 15016 13210 14276 15796 8409 9590 5945 4380 10091 1742 3550 17849 16124 18463 3674 4895 1887 11946 562 14656 15794 17910 1617 11735 9805
15722 18201 18601 17899 12692 5765 1860 9605 17620 2344 10881 3698 8366 15361 2862 7685 17890 13225 6911 4389 4704 10989 14427 14135 1275 3864
12180 2392 8528 4980 4242 1440 7438 14157 741 2562 4315 15281 14028 2020 8867 15084 10507 5731 4674 5265 10471 9100 15084 2089 16791 19526
13684 4596 3146 9133 8254 19013 17568 1069 10887 13212 12256 6999 16285 3450 14455 5966 6686 1820 13115 16437 12411 19522 2718 18513 19783 11194
18656 861 13383 13448 5025 15874 17336 8099 10023 7460 17724 15540 14640 19973 1990 11287 14546 14517 9127 9711 12317 18153 1885 11407 4106 2301
8840 19526 19258 6186 1978 8314 16650 11699 14686 6334 7134 4814 5788 19761 18048 9141 7516 3262 8120 7494 16257 8825 15519 9404 7219 8458
12195 13664 6420 19003 4311 17278 17999 6548 2492 17002 5019 5745 4704 15300 10739 7601 15742 11680 3089 18105 1909 19363 3721 520 7384 322
15426 7302 3988 7649 16317 7576 381 10153 14964 18406 15170 12698 4990 7709 14401 11758 19125 3650 15126 19237 13615 10451 9666 14454 749 8322
12563 11737 17671 14412 2435 9634 9769 19459 9013 18665 18052 4685 16063 10916 423 17228 9319 2002 17627 9380 11341 12789 387 3520 2218 5351
8505 12165 4055 6181 5650 6010 3525 17730 5430 2258 143 13232 12710 14432 17005 10279 11018 17701 1264 10803 5959 18584 3451 3984 18168 4107
922 6435 4956 8287 16319 12490 5813 13442 17028 9841 3979 9698 17348 5824 3623 1419 10071 13068 7160 18853 740 12229 14169 15188 17503 18017
13273 5722 5465 13606 9825 18796 9488 15935 18620 8224 14397 9134 11207 19634 9136 16797 19359 5654 6752 6366 5027 16281 16670 13080 11752 11348
13193 8304 9145 12632 2211 13144 7965 10510 9939 3096 3404 12745 6336 11065 4951 14353 13956 1527 289 19921 9223 3540 15558 13652 16273 13558
766 7285 2754 10316 1892 18546 19035 3245 4834 1654 8077 12762 2471 13298 4278 7930 13226 16648 7295 10877 14508 7943 1887 8508 18995 9244
512 10850 2467 16172 12371 3929 11706 495 7209 7789 12959 11215 9108 8832 425 12167 2587 19213 4179 2913 6187 645 17074 16953 9206 12341
16012 18490 1051 9700 5072 6652 96 7050 5332 18877 3462 524 10753 3269 8585 6214 3551 7421 13860 18434 4394 935 980 10377 8871 10710
9905 14409 5661 17456 13958 3069 14922 6734 14243 6167 1716 4229 14715 9569 2657 6839 10111 16341 10957 1040 15444 79 9160 9376 3883 19476
9570 2170 18867 3890 18389 1705 577 352 4077 1231 13199 6207 10556 13173 6487 17900 19370 19465 16905 7512 5799 13546 3632 14750 13360 18930
2173 4950 3996 14774 7287 4473 17780 11724 849 550 12234 2404 268 6453 13798 12209 2417 18523 15234 12021 2886 18330 11181 17108 3657 7081
18146 5934 1085 17416 17174 8543 4752 8827 2411 13244 17161 2880 13151 15401 9612 16588 556 14391 12005 17375 6601 3988 19025 12377 11444 1464
368 6808 19329 13659 16874 11010 1391 13867 16867 467 819 1035 12786 14498 6562 12231 5211 17966 10354 2082 5517 19572 18491 2322 10532 17417
4339 13782 3368 4271 5267 10452 6533 2476 1470 6323 18312 18953 13189 844 1131 3837 19418 17268 11939 3198 1202 355 15826 4699 18411 9881
1783 9627 7138 19193 10917 9189 16245 16806 2312 5805 11512 14330 12066 4893 2529 13579 18167 5586 4339 6982 14324 12119 17942 2707 16610 11886
2475 16923 16819 11835 729 16385 2493 9434 10958 5422 1896 7530 15052 5610 18587 5793 18764 18566 2556 5433 2342 7242 4496 16532 6525 6567
6767 12875 2320 14639 14653 7146 1263 11201 14775 10835 12238 8653 6102 5757 12656 18847 4722 6578 16458 5708 6287 11612 11273 16884 15219 5068
3580 11967 1155 4282 11466 9624 14793 13429 9112 15001 1488 4449 10909 8263 2631 8543 116 19091 19578 9106 13996 11851 3900 10239 7602 15336
10408 6139 15865 4892 8519 2108 5492 546 5769 13038 73 16340 3463 7783 17800 3028 11932 4741 3941 1194 3552 6808 9699 12682 18311 5951
11782 18001 17458 13110 11190 3353 1486 5652 18455 17567 18576 10715 6127 3601 1337 11058 10683 5928 6171 15800 19756 16541 9172 12058 7004 11290
16688 3081 14937 12165 14788 2092 293 4315 19172 17941 6389 162 15830 15258 14649 4915 1412 1307 12383 209 8903 13205 14102 16167 11382 134
1582 16621 9568 2800 2736 16027 17519 699 8730 4094 2446 19449 3645 13992 14141 5498 10765 13147 7919 17452 12794 19813 16487 19039 4274 17708
16655 14010 19195 14841 18254 7309 13666 2612 19883 18928 4942 12462 14997 522 11750 551 17161 1271 15154 460 14177 18245 16406 11801 15804 19155
18373 8193 6446 1327 5860 7672 19009 16808 9094 7044 19154 10718 1110 16025 18319 1106 5016 12665 3889 7072 12400 1039 6506 874 17463 16451
1096 1118 3766 2727 4936 17188 17522 3489 8925 11637 18238 16181 334 10894 18094 3015 15010 2559 2293 6744 18775 8683 14445 19158 5971 6765
9357 225 13687 15041 14943 5907 12133 1588 7355 12151 361 12851 12729 12638 11981 15648 12438 12943 16699 14433 17857 18441 9773 12018 3752 2778
9148 9331 17426 19309 3142 17419 10642 8594 5600 9102 14038 10430 14034 15184 4502 18459 14142 19260 2959 14111 19627 16577 16498 15019 15323 4993
925 1876 6046 16473 16709 16286 21 9613 7612 12927 4413 6107 17030 18671 14134 14858 16936 15150 6390 13105 7571 9057 8997 659 12989 995
7668 1478 2651 18158 13347 1522 877 10849 19892 12977 19114 1177 17000 18204 1718 2533 15779 10782 10029 4316 328 4881 16704 12635 14385 2926
2581 18818 17173 357 6264 841 13245 14940 9109 9918 11571 19213 15024 4136 1257 18997 5397 10251 10828 1214 2553 11993 12604 3779 14522 1591
11253 12984 17526 4303 1876 11566 5445 14632 7626 18969 12435 14804 3593 11272 17850 14214 13150 3893 7078 19898 10087 17788 6676 9299 14364 13923
11154 6900 19524 11369 19071 4458 17541 1981 18198 14407 14913 9745 8214 18204 2683 15097 8852 14984 17258 17293 3444 7979 13270 11716 10980 9620
17374 11877 774 2031 17733 9030 7327 4998 1648 19534 11977 1747 18012 13170 12804 10195 3029 10633 11091 19197 6655 14470 18917 3244 6969 6349
14523 7416 18762 10536 17269 19521 14502 17903 117 17785 7995 17307 7514 13861 372 5372 482 2005 82 2627 11399 15170 4988 10592 18014 8388
3544 9642 11813 17308 12387 6316 15173 2501 11409 17298 19220 4663 13171 3198 16018 15554 2845 12360 6354 9898 5204 4922 12348 13792 19481 6912
15796 4592 12761 4476 13980 8504 4044 11956 8803 2200 8244 6454 15560 11534 9858 11052 15357 9249 16697 11896 12159 9300 636 18187 17851 15823
15302 8598 12664 7270 17493 2187 10498 18965 10012 16074 17222 3749 736 17002 18235 6315 14246 12091 16338 7034 12597 19710 5967 7507 8563 347
14834 6970 18118 19865 16872 11969 18968 4565 13230 5460 7303 17599 4166 2561 1908 5095 14224 7185 646 19532 15715 1927 6720 17899 14927 18241
10684 9147 2337 14869 13930 7496 17527 16031 2356 2622 12264 8957 6565 14658 16936 15824 16631 16660 9248 1809 7829 19466 14926 6482 16891 11266
16269 9342 4654 15092 4013 10389 13546 3453 18846 1769 5341 14118 17894 3591 15041 14608 14930 8518 14679 9939 15161 9537 556 15209 14279 9875
5930 14182 15386 10624 13734 8269 15085 16777 2764 12480 18425 3641 2044 1085 15170 1943 1874 3730 6286 5493 13635 5816 8964 13654 5466 1094
3602 9679 9613 10148 7220 11677 7945 8487 12687 11233 9969 5172 8644 8799 10034 17244 14517 13865 16909 12084 3884 8306 6013 9091 19908 8050
15299 13975 7203 4178 755 660 15461 8785 19564 6719 3039 2021 18909 1703 3086 10322 4822 5757 15104 13839 17706 19366 8964 14997 15493 6370
15746 10961 1943 2679 3712 2872 1366 15465 17182 8259 14697 3832 10009 9665 17241 13534 14782 17681 19024 8125 14629 6063 2652 8306 3042 10318
10418 6180 4562 9576 4989 18485 13761 291 17823 1561 4097 18578 2939 9546 4228 16601 11097 1634 4251 6271 655 18910 18079 11743 9893 13149
16745 8948 4565 16015 18272 6888 7080 2175 3868 19158 16421 12405 588 16635 10397 10437 4656 5897 19730 6265 4696 1165 15862 17219 1481 15180
1627 4061 19566 2443 13736 7398 7218 4478 17337 14576 7764 759 7131 17192 8029 6645 10007 1979 11019 11192 1679 397 750 12321 7092 5644
212 8581 8456 14135 866 14470 13137 18938 7154 4737 7314 5779 1858 405 16174 13029 16602 7871 10546 10153 16999 379 17715 7331 14971 1833
18460 16506 9091 6616 7148 9148 4217 18442 15693 18325 2384 10043 3200 8567 14027 15275 7977 3463 7775 5551 11466 17358 15042 7928 9795 10828
13868 635 4485 5930 3470 4644 11605 14009 5292 7977 13823 10480 2381 6730 11197 1338 7199 9942 16211 952 2015 308 17691 2002 7576 15258
7124 17257 14514 5722 8650 15709 4088 15595 18734 4022 10789 1723 18979 3044 13873 1164 9698 17778 409 3992 10069 19845 8556 14006 2825 15377
12014 3014 16560 8144 727 4382 17727 5405 5885 8731 15623 16775 11220 3230 9608 12136 6997 19712 16520 19856 14858 18138 7234 10672 3669 11092
10033 19598 8217 5200 10809 9056 8526 8309 6135 14467 11269 13577 14892 2213 12689 16420 5349 13878 7892 710 18443 17713 5201 19429 7614 1758
17356 13411 17437 19953 18955 15332 9661 19245 15370 147 8763 12128 2734 17877 19697 16426 19588 10693 4127 10952 7789 17626 1914 16184 10482 13183
3253 18776 5853 12046 6535 9037 7927 18750 286 18715 1491 14800 11611 10810 13522 2304 2277 10591 10220 8047 8401 4908 9223 5028 4687 18058
1170 7359 2205 15222 1356 6488 3337 13742 11757 17561 2223 7469 11106 14529 15883 16863 14551 217 16704 2479 720 15028 7379 13232 17703 15240
13446 19094 15169 8626 19243 14508 2882 8076 10905 6004 3362 13601 5473 979 19120 18100 18623 17702 797 4423 17582 9636 1830 7407 4339 17099
14632 10928 9730 19514 1686 2725 14586 9760 17348 15221 13925 9193 19343 19941 15863 14993 19298 6012 10668 4569 13087 7314 12575 1095 16520 13733
9742 7276 16235 19533 11087 16944 15215 17818 8126 874 15980 8520 9339 5920 11541 16129 1686 7083 9859 7783 5872 10669 19282 5943 12134 13846
13130 16877 9834 5698 5768 7959 11378 2313 2761 6776 734 17138 1545 9026 3973 5806 16332 10144 18594 18361 10254 11111 1188 6643 5147 273
17847 1911 15968 9051 5778 15441 14152 17233 19604 19460 3847 5746 11930 17859 6919 7604 17361 14070 11261 18838 17246 2487 14566 17330 955 3986
11405 18906 12753 8582 17479 10837 1075 7755 5275 9530 17041 1624 17886 523 1040 10898 763 16489 13679 3356 9964 9247 14722 6497 15252 17092
14113 7266 1203 14824 18486 7478 11026 18802 3604 18144 5794 5468 11734 14921 18608 1035 8227 14945 4202 19965 18734 7334 15314 2189 10384 11580
3570 8574 210 8705 7399 4166 18600 13383 15253 18742 1067 17460 14271 1866 10725 2384 11966 19688 1279 722 17778 10075 11717 4274 10483 15271
3196 12369 14083 5961 15801 8891 18110 4057 3451 7248 6996 18402 2884 609 19869 16699 14922 866 13150 1206 15834 1371 16041 8370 1373 9042
7424 323 11505 925 8915 12489 13712 5547 11295 5065 16464 5363 8343 6145 9334 4826 8863 11636 8167 13421 17239 3188 8436 4161 18298 7366
3751 8504 15326 6337 12416 12166 81 8973 6969 17231 5287 10634 16296 9480 19183 11530 10566 17876 19557 11372 11163 18858 15837 4861 2724 13125
211 16956 14911 4052 1694 18982 18554 12311 2157 2978 14364 9143 13347 8056 5988 5637 14870 3098 1966 5346 6203 4514 4214 12140 10758 16770
9901 10857 16670 7866 3985 2320 622 12189 16758 2529 8113 8078 13453 11787 8010 15206 9401 5040 6653 1373 8669 12833 587 13414 13599 1561
3407 2867 8739 5303 18679 4675 11163 5879 7052 17347 3036 12607 918 5877 19784 15553 12185 15417 17585 5690 10798 7311 713 2039 18982 8482
15890 13780 10035 17866 19475 3752 6008 13861 6478 17188 8457 15739 6274 6056 6973 14933 17439 19702 1882 13383 16016 1183 17096 10761 1540 17993
7534 9060 14959 442 1624 12853 697 19044 12036 5807 6956 4641 8438 5436 12250 14357 4106 8903 1444 2584 15407 12967 18731 17486 5181 5974
4318 3611 12280 1934 16574 10354 1864 14256 10387 18476 17594 11286 1427 9327 8161 1546 15739 16610 3910 17560 3946 17918 11970 5583 13116 6009
8468 1708 3935 4167 3339 16381 19930 19453 18633 17879 12955 7526 14755 12072 17105 9065 9717 11284 306 2388 3460 1215 16930 406 13725 6984
8559 766 9579 1387 917 11366 12360 34 15595 10376 13987 8157 17563 3028 9650 12948 373 16098 4409 10399 19927 1643 5888 9097 16847 13811
427 1611 9032 18253 18451 10450 11730 19403 15615 14837 10112 12412 15625 14020 7856 5657 6035 2009 3279 5298 15568 177 17044 17323 17683 17196
434 6083 14037 10174 17661 10573 12203 1511 4609 15699 16209 3370 8663 7564 5931 13432 16819 4718 1299 12659 14497 6842 17186 2702 14130 14462
4561 14444 587 10340 7235 15618 12126 10864 6066 10248 14427 394 1207 5854 6933 4385 6246 8425 16102 19023 12986 1677 2674 14441 6575 6448
2088 12796 5613 15345 15441 19472 3574 16393 11596 3519 5531 176 15370 14966 82 12236 3676 14251 444 3101 7678 14837 16478 15261 15307 12718
14875 3685 8736 16497 14765 1205 12477 19425 9382 6464 172 986 17166 7220 8401 7996 8760 10444 15854 16561 17702 1041 328 16955 288 12164
5275 836 3277 492 14929 15821 10372 13630 2939 12172 14946 19818 3648 6805 11561 772 4640 5321 9139 5610 5503 9333 6042 6330 14301 6160
12864 2756 13579 18112 134 16436 14605 3570 4312 15836 6490 3807 7604 18037 6750 13126 5868 12473 12423 3586 646 9895 12291 12358 14659 10764
13365 17477 5896 2611 3669 8527 16468 5437 1759 11457 4523 8494 14579 19737 9085 16466 9334 9674 7463 13423 324 4277 6270 16908 5165 5918
524 10754 17605 329 6846 17310 13627 10468 9282 17391 2 14474 1004 16082 16356 5521 7606 10433 11722 1233 3578 5750 17244 18641 15512 2776
15027 5515 15270 18362 10067 2010 7706 244 16755 5034 19597 17565 11737 10851 12023 11791 16212 9190 11352 499 8172 10679 6127 14892 11250 15092
17788 11737 6982 5580 3284 1793 15341 18937 83 6088 5046 16621 557 14867 4568 15064 13603 17156 9547 15400 4458 15886 11664 13349 19175 3386
8603 11455 5700 10290 13254 19266 17207 17094 7168 13161 725 1615 1775 19053 12726 11980 15752 8080 7803 8985 17090 7676 8132 2545 13179 18971
12672 4788 12682 15544 3331 5912 14432 13711 1663 6583 13455 15525 3903 18546 14295 4702 2379 1825 3009 10377 9384 4189 14575 4194 9847 15381
6862 19589 9232 13190 12032 10065 6429 19033 5713 5133 627 2288 16116 3296 16124 5828 9927 18825 1851 1502 6069 11965 13057 868 7423 6941
7394 3459 19755 10817 17251 4960 1227 19154 1044 10987 4998 9262 1408 3458 15977 8452 14635 13237 19208 13437 8972 10735 11194 6197 19985 8901
6409 18853 4976 9145 18361 13696 19491 9499 3413 12065 14021 2977 9530 13458 12469 4076 17111 8055 16890 17506 16189 4555 855 9795 6097 8839
15888 18920 8898 3854 9538 548 3154 4301 14226 8751 8906 19379 4252 901 4088 2222 11520 4427 16783 16844 10809 9246 5971 6616 3751 13309
4632 2602 3414 12264 3182 4525 18484 4622 11250 11155 12377 17847 5501 3487 6738 3932 17194 17305 4775 741 12141 14654 10131 23 9165 15230
7228 8907 10825 5573 4106 1795 7882 8754 7473 12818 14153 14547 2934 5834 9135 3619 13346 986 11155 1664 6005 15183 11449 19667 416 11559
1204 14136 18378 5926 2433 17875 5058 380 8496 18232 16454 7377 16519 18847 8721 11419 9002 3075 1325 5989 1860 12749 19581 3112 12341 19764
1675 9756 12131 16800 1904 15899 9920 2881 10829 14186 13030 13331 9533 16857 2790 7167 9029 11931 1036 17071 17423 13922 4418 554 2436 3610
1618 19493 2279 530 4464 697 11357 5416 2707 17061 9392 2747 10119 14286 8853 2946 5638 16547 4350 5633 16430 6724 18649 567 10578 18873
16301 477 9842 16763 15400 4702 18158 13088 12447 16525 8241 4131 874 4768 18212 3300 5742 7369 3980 15420 6496 118 16730 8667 17976 12254
4484 19409 3445 4310 10008 4052 17564 13956 5744 12352 1732 4589 5468 17117 12943 18756 8360 16044 5133 9110 11156 6826 19170 3452 751 13044
14589 19008 15136 18607 4515 4311 65 5063 19335 1790 3308 483 12317 4773 3589 19359 8733 8964 10226 9543 14858 19692 1032 16209 17090 10725
12758 7926 11391 7269 19887 11 5666 6546 8295 6513 19539 18998 7785 5663 10350 11418 9053 7786 5380 8947 14751 10731 15347 11744 8855 13185
16275 2836 5307 7777 10354 10451 3723 955 7358 11266 6740 15768 15381 12630 9238 5020 14445 14245 14919 1494 17817 13796 19127 10167 1460 10110
18480 788 12953 17255 5226 19978 7223 19524 19711 11079 2439 7175 12618 15268 5205 12612 11604 15988 3313 6254 2616 700 18054 12380 12485 6855
9169 5971 10035 10785 8459 11818 13851 827 5181 17077 2219 16588 7767 17972 2627 2011 12630 5556 10546 10299 2323 266 18394 1948 6328 12537
4660 12627 18571 3407 16561 3030 11452 11655 17492 5318 11040 10611 6829 11814 9463 7447 15959 19268 5918 19135 9942 19075 5849 15050 15889 6052
16886 4998 16070 18207 12041 10708 4299 12984 6160 7931 13289 6066 1691 3796 294 2661 8056 5566 14778 17745 10689 18414 10424 12761 2206 4228
6989 18912 6857 10057 2323 8602 13084 4930 9773 3892 1487 12083 3827 13541 1084 11301 8836 8124 3839 8876 667 1575 11477 9518 6347 190
15526 9272 10522 19044 13746 16643 2371 5362 11808 18956 9711 2471 13066 12885 4331 16757 10334 18511 4521 11618 4696 9487 1384 4182 6766 17184
12580 17308 6643 8595 15749 1941 6568 10557 10739 8692 6054 6161 3497 7965 14394 11726 14016 2320 1451 10487 3986 11308 9073 12689 10813 1326
18121 12037 8377 15192 12087 5778 17242 2906 19826 4046 5892 555 19189 11098 1244 19155 7781 10956 2233 8670 1817 5695 19329 19540 16242 6135
13496 14501 3179 12623 8628 15963 6414 17864 8932 6658 643 6008 17135 12218 197 6640 660 11123 15116 13834 6663 10412 18076 12255 19672 8982
2415 11153 14396 4450 2302 130 18833 19140 8157 3520 16082 12669 7172 2041 4612 14158 17147 2555 6472 14130 7981 2860 2189 19118 1889 8063
3932 5532 913 13871 5835 4664 8414 11365 14962 14446 2436 7665 10196 8391 9258 18586 8430 7605 11475 9148 17720 18972 15535 14702 5991 5225
3790 13556 13543 4291 10206 2181 14497 6968 17508 6467 5149 3302 6085 10273 12580 13945 11940 7700 3638 10741 14539 15869 9757 19529 18868 2244
343 11484 16647 3768 9095 10693 19263 14399 4567 11795 15934 10182 18993 6052 2490 18767 6484 9489 10981 14696 12212 15949 4368 19795 2501 4927
1410 521 13984 4951 12707 1322 11427 15940 17204 2608 2375 7335 16004 17199 8473 2392 644 17163 8402 8155 13908 15027 8206 16882 16782 19556
16515 15000 18766 13097 1005 8692 18846 10635 17498 10306 10244 4859 13803 19432 4575 3750 167 16797 9380 18540 12819 10362 16079 13444 7606 17513
2134 10252 19518 17887 17030 12260 13428 13491 6158 3889 14155 15228 15178 2308 17277 4109 19730 9954 17037 17125 44 12782 3250 953 2604 12150
6134 10990 14001 1871 1771 13247 1927 18527 2015 11323 9870 16508 12726 4105 14253 12594 9416 17968 1439 7432 5704 10006 11469 530 1706 12468
15801 17248 13216 13211 17574 14408 3807 13023 8478 849 12921 3518 3980 8163 15755 7293 16715 705 19007 8022 447 7322 12273 1500 7376 3134
17311 12501 12921 18518 18336 7464 2120 19933 2480 4757 15233 14415 7968 5685 13667 18461 487 18880 5718 3560 118 17680 6999 19994 12006 17969
6302 8045 5992 4225 6066 16165 16186 4577 18631 2234 713 4246 19700 18772 19661 4041 2927 4925 5517 10715 11316 2282 4294 7434 14592 6860
18339 11070 4976 2790 7665 11360 17826 19574 8361 4071 11792 11066 14082 15204 3493 9222 6614 17482 6583 19607 9633 9254 14051 1280 1183 1071
8713 8693 2786 10825 17717 16402 2464 4701 9930 19648 3712 5647 18053 15429 10742 6498 2867 16752 5404 13292 1891 12681 19259 3513 15328 2173
1031 10524 10505 1117 309 16099 12424 4810 16611 210 18664 11128 11965 10843 5321 778 11621 16602 11672 19293 8134 469 2234 3014 3883 5063
3021 12810 15225 3822 9366 1843 12681 514 3018 19133 4624 4792 6675 9468 1675 18447 11230 9209 14490 8599 13037 8765 17836 8098 1979 10520
3410 13828 9173 5291 3983 7188 11381 15754 19660 11561 330 9597 1248 6112 8473 16277 15075 11554 9055 8857 792 14572 668 17159 8306 11128
586 19639 16097 11910 3114 19136 3198 4898 12769 1991 10163 17021 2333 13759 1526 1989 17643 9664 739 19895 11328 5286 3462 1326 13998 17617
5215 18203 19257 590 11822 5497 5108 9124 1028 19586 5170 12984 1778 1159 4915 2450 1951 17008 19512 8300 9505 14204 15550 60 9302 10591
3650 706 17769 12580 14587 6969 19691 11865 10880 2260 11492 5225 14243 14720 18872 18496 8982 18401 10391 15888 4671 15707 18902 1321 8706 2315
15361 3927 13552 10950 19172 16561 6883 3673 2783 13808 17607 1733 2728 5699 5048 966 9039 7737 2686 5048 14288 5456 859 12511 14847 10771
10968 8377 16168 12044 13753 18407 10354 17380 15552 1000 1303 1312 8367 6965 9788 2632 14257 15111 3432 1441 280 974 1955 16653 11072 6867
7332 5277 17082 1609 3447 17400 6740 18085 7906 2015 4772 17769 17528 13467 18102 14353 12352 13759 9254 5439 2884 15119 13106 19385 19226 13421
7986 15360 1490 10493 14074 17039 6196 15201 19622 9480 13502 6061 5164 6061 16457 1613 15023 19170 13167 16195 3110 1993 6106 7158 10173 1963
1488 9300 7600 7809 12803 5511 4669 11720 4488 18726 18317 3193 9723 4968 3577 14306 4127 19621 16196 14226 11450 4286 19300 19943 13134 960
15632 5114 2712 17261 16503 10318 8908 18362 18582 3860 9292 15769 15090 612 10608 19314 14959 7701 295 7421 18752 8759 6853 10213 5993 17770
2207 6344 10052 1614 16118 3607 10177 7329 18113 12666 18827 7618 5454 6326 3367 12578 15935 6667 19836 17899 334 9117 18496 17068 10275 14846
935 19987 6662 3009 14038 8942 5392 9785 2645 6991 8503 12131 19785 14268 19559 8436 16678 17355 4127 15546 14343 7272 10705 2001 18966 8823
8598 7552 8499 10445 10477 16761 11368 515 3955 18178 17861 14631 18809 9560 13270 2607 17509 9575 10592 1757 15202 7246 19847 17178 13834 8099
18049 11565 3692 547 13243 13067 19306 8748 16474 7226 8396 4212 18061 4861 3002 2487 17192 12905 16354 10721 5935 12893 2644 6413 19080 18973
2 12413 5794 15386 4438 2250 2163 1513 1274 7278 14582 6085 4605 3706 9414 18092 2975 2738 9224 10620 17569 3699 11549 10222 13815 11201
5509 14458 236 10381 11327 617 1905 14985 7843 4477 19420 15898 3859 8602 4153 14987 5748 13614 19151 17779 1744 19928 14432 390 16754 6336
6172 18611 10662 12058 16163 16811 8292 12537 12608 5398 1336 350 9539 11666 13104 10249 4153 6894 5338 10395 8309 17213 15380 18836 3431 8495
14110 13220 18640 5192 5590 1994 14194 982 243 17131 2159 11735 18358 8323 6961 18005 4872 2695 9680 12437 983 8800 11686 7738 9485 9803
8285 12693 17429 18497 13961 15724 16585 5430 8212 19834 11327 6973 8842 14411 4791 19776 15547 7975 14711 3702 12365 10206 9100 10686 3160 3791
3031 14426 7477 5875 7466 7816 3347 3736 11809 19556 5003 16584 15865 3652 16028 14519 5898 8072 4777 15175 16109 17165 13329 2352 957 15109
9044 4578 15635 11430 9748 12978 19439 1953 3526 1758 1850 5820 18836 227 686 10527 18306 2755 17306 675 4891 14812 17312 6177 5140 12518
7968 15655 2583 4947 11216 2827 14464 10083 18623 15008 1064 2111 16620 16556 16650 8940 18304 9421 4227 15501 14775 13293 5210 4585 431 9915
4111 18680 1882 5365 7977 2100 17964 9107 5352 4318 16616 17994 978 17491 88 7756 18052 19107 18904 8252 1900 4928 8217 16708 7379 8069
6594 5637 7333 10074 16506 2030 13473 5956 19563 17918 6073 9483 19733 7385 10543 14448 2 2538 14559 2316 16047 10310 4670 2482 18177 4888
11090 18385 10955 11946 18699 17361 19927 19819 8118 11887 15397 11548 1980 2437 10613 1427 16283 6937 7799 5438 15510 2957 18551 14016 16870 2089
4876 7195 942 10161 6546 16688 8977 13468 8545 18318 10141 9739 10980 208 16213 4765 2908 13790 8789 4777 8384 13894 8124 1951 10675 6458
9131 122 8070 13500 12273 8386 14694 10291 18994 16531 8642 14601 4995 16691 4270 19849 19851 8688 11627 630 9643 7714 18949 2363 8878 7754
1764 11712 17060 8521 3047 18717 4373 1467 1510 3932 18379 13314 11222 15171 12659 13399 975 7024 8954 10936 6891 1683 3351 13597 7612 7180
13245 18521 13798 16003 5293 18594 9139 8697 13722 11645 10240 15291 205 6197 15584 14397 14990 1211 17261 951 19670 19207 3768 15992 3247 9243
10456 929 237 3889 19077 10936 16119 3964 1684 12199 17295 11504 13607 15282 14556 4247 12919 10488 4879 6498 7070 6066 2640 19216 18205 97
3571 19136 12571 3349 7775 4474 6825 7487 18991 4429 13965 18930 11049 16787 4503 10303 2278 17767 19997 601 16208 19124 7716 11827 8178 5894
15764 910 12995 15311 17658 6063 11136 14782 10498 16799 4110 5101 6250 18109 3922 2944 7671 4159 10781 14013 17628 13924 18103 10546 1024 10804
5000 499 15340 13491 8131 2241 9406 12593 12552 16209 8994 1806 4923 4313 7290 9819 7536 18963 7097 4222 19899 3704 5856 10251 9718 6542
12476 2450 5742 16561 10545 749 7340 6590 11419 13934 11053 18414 6193 12939 10578 523 8864 7921 8978 14027 14470 18897 10014 17201 13635 3827
7106 5741 2512 16368 9462 14438 1232 5981 13752 12976 15369 15342 12178 10942 11332 15534 9586 9812 11629 1155 9930 17399 13145 3303 11883 1042
5628 17773 972 9319 10352 12456 89 2350 12549 6385 12803 8312 13861 17278 17019 178 11067 3012 12045 11514 1294 8901 9683 9997 19183 13219
2255 17722 10075 1185 124 18121 2452 12685 18166 6580 13481 7619 18403 1939 13805 8226 4421 9529 4010 3178 15345 1560 15220 19354 7747 4244
17708 14214 15007 5348 1265 7004 17749 7069 14394 10447 19206 12851 2725 12582 7997 9915 10256 16454 19311 5770 10092 13689 18652 9802 19945 9131
14590 19686 18397 240 795 18673 13305 12500 6007 17915 19353 1758 19282 4446 10166 3916 18821 12090 19159 13567 15916 16906 2742 690 16993 10394
7307 4770 15141 6226 8698 19220 19042 14833 5925 2006 18296 8422 3517 4516 16674 3210 11848 11938 8210 12279 9487 9310 524 805 9629 10207
11928 4702 8050 18123 5210 6165 4461 1605 8458 4289 6170 247 15743 10675 9311 17145 4511 5616 10190 4605 14846 4654 17487 14040 1317 1779
15133 10342 15966 14575 4924 11183 15422 6614 1908 1083 5628 12728 446 5633 19259 13829 1886 3731 4962 11528 3794 15478 13725 18570 4296 3784
2199 19542 18584 13203 1184 9109 10088 6024 4952 8142 21 11560 6650 11186 4842 9861 5372 2256 252 2548 5687 10096 4145 4018 5631 11954
3326 11373 2921 17841 13294 9597 4794 13990 13793 17693 6005 15382 14777 1124 9798 8064 8654 2619 8700 8814 8546 9946 11146 15282 17424 18476
4309 1612 14235 17032 16101 13494 4577 12227 11791 8202 14019 14558 15574 7665 2967 16423 17825 4987 17983 8767 3129 13503 2173 13093 3057 9415
5864 13982 13963 10395 15571 10387 17144 15786 5899 16698 6255 8852 14394 10703 1476 11290 18093 4397 2307 15855 1227 15275 11501 7884 12256 9313
5973 19054 15299 8552 19084 16109 11773 15185 16470 6580 7268 18989 8543 18450 6559 3688 3459 10090 17184 18889 8126 6264 17597 1873 3705 16683
109 15070 9026 6378 15020 19870 4671 13655 14013 18900 16232 936 2891 3995 13573 4954 3606 9737 3625 2917 9748 9897 17432 13024 1405 17601
19278 12775 12654 19724 17137 16655 14051 17537 17831 2862 7146 8147 7435 10290 8722 13875 18945 19574 5025 17004 4634 9650 10043 16544 18850 356
3747 4029 4602 4065 9843 301 15100 16969 19552 3612 215 15183 14492 7941 4002 600 16329 9375 7946 1818 3282 4370 7221 5659 11150 5496
18894 7987 9089 12253 14677 15569 19274 12560 4296 11835 652 3574 12115 7706 17113 10496 4118 4798 18305 3429 2125 14203 5433 8854 10622 18432
19326 8097 18351 387 6169 8070 14110 5346 2367 19203 19178 12411 5621 14505 19786 17259 1464 8560 8786 1567 15701 17123 730 2114 18393 14015
11750 6356 4628 3473 3677 13409 12830 16054 11033 19743 9455 7618 982 18944 11540 9890 4698 421 9751 2927 18402 7768 16230 18447 9635 8001
18867 13447 9121 15659 7119 10922 10267 14158 6771 16961 4219 10646 9496 19790 17722 17542 8182 4036 2624 4715 17145 18403 3407 4324 17542 18716
12339 3764 6738 7090 16035 8676 7220 5317 7529 5448 11848 3711 1575 6661 19240 9561 10264 13676 10830 5085 5855 11070 16338 15493 7795 14564
12475 16658 9316 2189 9394 3396 2612 432 15123 12816 8903 4138 6503 15673 19227 6111 18366 10494 10883 11064 5166 9739 19890 8316 5294 3774
9539 18812 12191 10483 4005 7111 15189 12589 16750 14662 4300 3258 8263 18930 8609 17911 2228 9462 3110 13966 18746 8682 3937 7107 272 5229
5085 19357 12180 3506 18839 3943 2035 8025 7465 18703 19718 17282 852 9831 5597 2632 588 10286 22 1564 1150 16728 10570 1302 1203 18924
3999 19925 7551 11506 18963 8872 12600 6240 15574 9517 6931 12784 8919 6415 11107 15566 11630 3399 12891 10490 17413 16623 14049 18478 10889 15443
14196 10744 9016 17459 1587 487 12865 15096 15165 1833 19339 17227 4886 10626 3066 6154 5859 11477 3108 3180 13824 18695 340 16841 2489 8509
11089 10926 4900 12986 13321 3546 7649 17275 12922 14874 17976 19680 4079 4134 3506 2405 5261 16310 5352 12221 13171 4110 2502 17914 17174 1180
321 18417 12194 14522 18329 19777 9327 6922 18743 4880 4398 18618 5798 8046 1394 1041 1097 14718 18941 16640 18243 9198 9448 9859 15195 12245
15841 9906 11542 8973 19477 15682 7854 9008 14679 12037 19811 17598 342 12989 7102 19604 6233 14214 10163 15617 2912 4301 16209 16453 16290 19748
9294 17019 13718 1011 13670 15639 4003 14247 11632 9890 710 2307 1386 10274 404 3826 18643 18725 16593 19011 16271 728 2631 16883 5567 16870
6853 10885 1208 18667 13540 11574 14927 4079 13988 4071 2434 16871 7418 6276 11749 12251 12319 17767 2207 17499 3640 16614 13028 8799 11220 1200
15550 7637 14998 15152 4647 18899 12352 6194 11180 11345 7131 1611 17171 8152 3227 16377 17131 9195 155 8841 17139 2212 5907 17112 19703 8053
6409 6109 14349 5235 11892 4649 15068 11802 18860 8257 11668 10704 14985 19948 16534 2582 1199 15846 12038 13961 11143 7373 13389 12690 19374 4931
9809 4689 17378 19508 12256 16907 6224 7934 10442 7211 6711 3312 11426 10862 6637 14920 718 11857 10412 10984 11486 19811 4475 3534 2725 9868
5670 1281 720 10680 14008 17816 19245 19015 8259 4966 100 18014 6703 19727 1125 8159 8277 9669 6114 169 4455 16346 17317 6656 11610 15102
18168 6543 18617 16480 6538 3000 4438 6389 17686 15024 2833 14969 19792 2049 9257 4474 5082 9655 9341 17280 6193 3222 12535 1012 4777 16605
723 10147 10366 4444 14887 10809 9776 5794 17727 6162 6485 17193 11583 16887 6958 7374 2524 11873 13155 2480 11023 8099 6261 14190 10495 7020
1653 11312 16920 1305 14929 8041 6371 523 16741 12530 3933 18268 10062 3615 13520 5415 15186 17401 11874 17330 2809 8881 19809 10737 15134 16344
14690 4975 19794 16637 15660 14715 7362 9637 18444 14716 6788 15920 1668 10547 13912 7160 19120 3058 3256 4445 15388 6313 11893 15228 3463 15202
9794 10098 244 19477 14634 10607 16751 10903 18970 5183 13046 7262 9395 6145 15751 7304 10938 6950 16268 4021 81 18231 10995 13478 4205 16057
16393 439 2294 4773 10662 6745 2895 6080 8090 9002 13946 5989 18729 8803 2914 10596 1940 8721 1272 12529 1656 16095 8607 10856 0 3665
14808 9235 18007 1152 669 1545 841 13807 16939 8132 13354 7046 10557 4889 17291 19800 3347 10378 14704 15122 15408 19062 10652 15158 5064 3407
2413 3936 9062 12285 10030 4246 15373 17009 7767 12148 13635 18726 11105 8446 18384 11348 15200 8065 19626 4184 19131 118 2553 5088 7671 10370
