365
44 60 75 19 74 3 74 70 31 63 94 90 58 96 21 75 57 44 28 42 30 32 79 92 76 84
11055 14678 2320 11361 16993 16655 12836 14106 19490 5994 5176 15797 19806 18919 5926 12086 9511 8576 2759 4313 17052 18666 16949 16295 3404 11643
9433 10128 13770 10767 15957 2007 1706 5327 11794 11933 8636 11258 18673 8765 10421 15353 3890 1842 15295 10318 13892 3556 14838 19233 7355 5604
12120 9979 3744 1359 10693 18711 9482 2864 15723 1690 13071 503 13340 14187 13621 13838 12542 1216 16598 8475 17154 7410 10473 3075 16243 1752
4511 6098 3923 8452 11141 1917 1703 15986 16110 3802 9974 9464 10539 7684 16835 6613 9649 8984 1174 7721 13825 4651 18065 1515 5004 6962
1125 14696 14855 17281 7836 8532 2266 13621 12608 8869 3692 4372 3918 19152 4995 9587 3842 10822 15170 1449 14963 1202 18572 14844 16471 17469
15772 266 1718 11118 16690 2522 13951 4199 7228 7683 10752 15158 3282 5836 13197 8188 17435 15634 10663 6394 14827 106 1755 4716 14721 14282
11651 16904 6695 922 6632 2288 11622 8592 18987 19390 11492 19439 18629 18883 6063 11396 19060 14771 11540 13987 5838 17644 12886 17439 269 7956
15320 14479 15725 18335 17092 16680 15411 11211 7509 5287 19880 11068 6383 19510 5860 10607 1439 18128 15446 2911 7318 4266 8478 3209 4938 10098
10471 16837 3852 3150 8521 7898 7903 8553 16518 5101 14015 1979 4808 3371 19916 1469 3293 18484 7375 5976 5781 18746 1020 7143 2896 5257
578 2794 3255 8934 17843 5882 11241 1554 14436 1547 18738 7682 14523 2237 8910 19584 8414 3344 15944 6577 18086 18115 13410 11564 5774 3679
3134 14512 3897 16677 18441 2766 11612 4543 6302 181 8721 6523 17119 4882 14821 12480 11930 10498 17910 3326 5538 3685 17403 12539 343 15934
6593 15039 11702 9843 19131 19644 11639 10108 9500 13115 11998 7348 18866 6638 961 1250 3063 15250 12173 3719 18781 18659 8288 10139 4748 9879
15019 127 14002 2387 15120 11962 5844 8290 8789 17973 14730 17138 7861 4708 10935 9402 12027 17654 7785 1130 1015 10802 6805 2181 12958 19658
5304 19097 16175 18753 2387 10493 16135 8025 13537 17122 12082 11798 14653 898 19591 17115 9581 8182 16625 7767 3685 9217 10202 17712 668 9045
4511 9374 15029 15082 9428 12750 12649 5172 3587 16986 5870 3807 9332 15055 11004 3357 7376 12124 7668 8073 12835 15649 18341 9020 18672 4327
6341 14459 18388 19797 18584 571 7251 16147 10769 2680 6859 13036 6349 6582 4632 6381 8024 19437 2376 13206 6071 18307 2685 1895 17308 2085
638 10605 11741 13705 781 10802 13366 7233 19004 9880 8109 16755 9613 14681 5899 8273 11913 15630 14692 3146 14553 6852 1901 1142 388 15030
371 11006 13170 17456 5028 12154 18739 11054 174 8458 18241 2638 507 1657 11074 2223 16099 9275 19732 14970 3821 17401 5356 13789 6906 369
14121 12983 2597 4252 10363 1449 2634 18210 4403 13145 5842 591 966 2425 4555 16913 5921 5863 12722 13290 9480 14744 14695 159 6586 1143
1317 14442 12954 12592 6021 899 2931 17634 7839 11320 18901 4630 7879 8820 16327 7410 16591 17413 12197 15643 8755 2865 12717 18498 4335 6943
10155 2736 18474 4662 4425 3723 13690 1670 4868 18762 17280 4879 9414 19501 7818 1445 15588 2001 3866 2273 10736 9442 16331 2887 14155 15631
5764 7593 6927 7189 16813 9022 4208 7856 2939 16020 5682 10166 580 1487 10942 8898 4392 13624 2987 367 17793 15021 814 745 12995 464
17180 12259 8678 12559 2408 8424 13307 7351 15412 19569 16018 11130 14646 13250 13503 10503 5 10612 17847 9793 5351 5517 7665 9645 7708 8888
3951 7935 19361 15557 12687 13833 18168 12042 6287 6373 19778 1375 7783 8809 12039 9524 11752 5683 6765 19958 18297 13280 16939 10882 6935 14758
12030 17230 17088 19927 5475 14381 5771 11239 10497 19221 2618 5897 5813 5713 10466 6361 12397 6565 5122 19568 3339 8199 17587 3636 18097 18515
18609 11148 18045 3015 7068 16262 7539 12781 12164 14336 9905 16018 6481 15529 8134 13410 8028 13977 8110 19931 9685 16810 7380 15688 17552 10658
17778 16731 16356 10662 9674 14500 8500 11098 15115 409 12826 2983 5284 13765 3570 19485 14427 4295 106 8713 17762 19735 9610 6101 11324 5043
2830 6412 3074 7842 1528 16736 6375 7176 18233 7796 15168 7832 10323 5654 13144 3811 10722 15145 18052 10891 10921 10673 15356 14459 7773 10619
13488 2514 14555 34 17914 6180 13732 3301 7150 18555 12868 12850 18614 3414 13013 9738 13911 1347 10913 19948 8342 12236 2267 8355 18997 11322
5524 2113 2184 17473 14104 17372 11359 5150 19188 11921 4518 11969 10937 8726 15791 14231 13503 2885 127 4096 10446 19909 17700 11113 11317 315
8252 2178 14970 8962 5967 19413 10488 568 1400 6625 18003 5898 12209 5112 2414 4314 4332 13847 14965 3412 87 7412 19618 15259 7882 2076
4851 12663 6334 11569 8054 6283 19802 17882 8851 9326 13963 3657 6252 2812 11147 6344 5162 10207 2082 18777 12834 3736 16192 5968 18444 3429
2851 1611 18258 17176 2468 13542 18873 18722 10634 18302 12710 13989 4221 15113 9362 11639 2144 19060 9442 18251 18473 7223 9114 2999 7457 15426
13359 1549 6955 5967 18587 8052 16355 19903 17599 10177 7126 14964 15883 7025 10311 12139 2473 5695 11228 13809 16846 7310 1536 10952 12553 3508
4117 12487 18166 12877 18832 2011 15088 11549 8845 8251 15173 19676 16830 15957 16432 17269 10276 4551 8513 6207 1085 967 7054 11689 18871 7632
1346 12476 311 11501 6467 3885 12353 1308 5163 9699 3361 15824 10025 9573 19565 4119 15821 14849 856 14389 5718 17933 7134 6261 1851 10683
16851 13066 1947 7583 7049 12190 19561 2771 1757 9275 18863 1812 2656 9207 11952 7031 12435 4961 10203 18491 12400 9243 15923 1901 15890 13138
1891 2972 7724 831 4449 17925 6637 12667 12696 9985 16861 985 17544 19168 18860 12428 2700 5154 19829 6837 13045 6977 6794 9550 18735 13834
119 10127 17276 5184 17632 10494 9162 3616 6314 31 17201 1339 17031 11075 341 4562 5561 1616 7888 10706 10821 18353 10068 17174 4077 2685
3963 8121 7984 17626 16805 3265 10629 18552 12822 7611 16681 10891 8296 8355 671 2919 13637 6886 9414 5365 8314 18904 4790 8748 6128 3464
13191 16907 8721 5464 8513 9521 4438 10077 714 15894 14897 3737 4360 16029 15583 1200 5838 2923 3752 16524 5940 18121 8058 17769 319 2202
5651 1847 18912 6310 884 19326 4485 11363 19532 4343 5776 10657 6260 15355 10616 11209 3010 3995 2373 18310 15674 5726 10329 15795 4896 5544
9336 14692 862 2553 1590 10166 4471 6253 4758 9971 2557 16392 19349 2516 11191 735 11057 9460 14414 4013 2614 4788 18797 19022 19956 454
8675 8837 14457 552 9722 4383 16602 17898 13775 1725 4264 10439 19924 13939 15722 19670 9901 1869 18503 13086 16154 11486 18833 17678 5445 14805
11959 11928 10281 18057 19978 14995 2854 16062 15493 10963 8831 19569 175 3469 15902 10231 18981 11453 1831 13392 19105 4591 2681 19943 11468 13807
8112 13578 3212 4097 15117 15344 18002 7978 17299 12856 19611 2043 19654 16767 18510 11401 14611 5457 8835 4220 14056 14024 16965 5506 6234 14203
7121 10688 12213 2474 4672 2195 2139 1926 5028 3231 7079 4028 12277 15813 15748 8050 15417 3412 16783 17141 5047 18806 8407 5926 10799 18204
19305 13757 8468 6496 18999 19468 3569 11469 1032 386 13934 16490 15866 7097 7353 16604 8355 4254 7360 6338 6716 18561 3552 2027 10801 12491
15557 1876 2443 11470 6507 18013 9543 10770 5552 3507 2925 19309 3143 9471 7272 4253 15457 7908 3768 2146 11613 11700 11694 14964 17249 9622
6531 3238 3112 12364 18009 116 12340 7947 18688 10956 6461 16976 6288 7632 16545 18458 9569 6249 4122 27 4352 1490 8079 14987 1199 7090
2620 17171 8153 16339 9125 7311 10362 3814 8082 5998 14532 596 2444 17711 1166 10889 17892 7635 7663 16316 3910 14216 13372 269 385 12071
9199 1550 19637 4261 551 10285 1727 17501 12583 6503 3320 13370 354 18232 14737 10579 11203 14520 9938 18073 13653 17747 14148 306 16456 17207
12988 17207 17051 18656 6943 10486 12830 4024 9299 15214 5315 4484 1853 453 19749 10504 18712 9754 15131 17659 9895 13088 15896 14751 17075 12053
8024 1878 14946 19580 8284 15978 6959 10068 3082 1378 11303 3846 12425 15551 18464 8367 11388 19846 8897 13301 12007 13407 18096 5997 6021 12506
8121 12915 2900 18805 3373 4154 296 9947 13567 2389 14788 4264 14626 10650 6506 10024 16254 12573 10234 5556 10162 9971 9877 667 14849 3142
10149 8060 4661 803 535 7942 13935 203 6896 15215 4679 9738 4106 18952 12991 6667 9236 12093 4358 19688 14125 4357 4721 1596 14533 4980
13706 195 9521 7156 16391 17746 18587 11624 6208 6418 18336 12562 5890 5546 11153 18366 16561 17094 8228 5397 6188 12508 9061 14004 9484 9578
18013 17210 12210 13259 4480 31 1872 2948 749 6252 14518 8034 19292 6930 3208 4732 19889 19900 11498 15005 4647 14430 15880 8119 13275 239
1535 17836 9260 407 13512 18358 18253 16218 8195 2418 6331 19681 2036 5114 15614 4619 18827 8416 1622 15912 13737 17222 5460 13946 3372 5340
1977 12855 10103 3422 3175 19918 13810 17947 17068 5504 3897 4071 7696 11031 11058 13257 177 9606 18524 11840 15183 4568 3409 4487 797 11104
10895 1682 15506 3682 17648 6332 10254 18820 6001 14006 964 19243 16164 10346 914 19332 18197 14871 11311 10548 2178 10224 12823 4733 10575 19417
3828 18568 5137 11613 2069 4494 14762 15797 7472 2827 5232 9366 498 9211 12116 1239 17406 439 18753 7285 3061 4438 14050 15798 4522 13412
9702 4193 14157 19973 19706 17650 1031 5440 9275 4492 216 571 8818 16717 18514 3494 2348 11937 18751 1915 13022 2647 12283 14149 16152 11929
157 11686 17505 17568 15861 10010 9222 19020 1986 12012 2664 17177 12076 15840 19043 4819 13400 18255 15994 12489 15141 13907 11127 1397 11518 1495
1906 1432 19864 3880 2344 8105 18936 6204 17620 14712 8013 3764 19451 7477 10862 16846 4756 7849 1167 19534 7557 11711 9381 12457 9787 19784
13251 11638 11190 11037 17408 15470 18657 14852 12667 2813 17097 19072 6021 7651 11437 8123 3194 460 17284 10174 10571 5681 18211 2516 18652 7979
19831 11058 13095 3412 16738 9729 11699 14602 13501 14214 9010 4035 15986 1494 11713 17987 15217 15976 954 17840 17027 9715 11951 7332 3912 16312
14046 13405 15269 18974 2653 16231 12649 1220 15264 10063 10227 15566 12942 19485 13553 12102 11859 15918 4289 4951 4391 10120 17312 11298 8732 263
15232 6427 7747 11700 1145 2856 15894 12461 19710 5209 4829 2445 7092 18114 1194 11463 13803 11619 5764 7097 17244 14029 9306 17588 18348 1533
443 18199 13169 1519 1331 4777 11384 10551 8991 11619 5313 2416 10724 4202 6438 617 18277 10522 12180 12218 14494 9329 11222 6859 368 10648
16823 8426 9688 6482 11605 13938 6661 8856 18841 13645 19866 11816 9547 473 9614 16867 16426 2953 18784 7272 12033 2392 13945 10606 7193 6382
19511 19387 757 17978 16829 15535 18645 19296 10754 3640 4436 19166 9169 10128 11324 770 5280 18643 15222 18988 9708 17660 6445 15097 3622 3223
15031 7301 2929 1425 10534 17753 8269 1449 12151 16118 17588 841 10244 8301 1308 19654 11063 15845 2235 13021 1409 11370 18622 17633 11388 10082
1308 6225 14079 17664 3378 11043 15110 17679 13236 7725 14790 16949 10873 8446 6103 8133 5185 8074 8223 8825 11541 7094 15444 3328 11055 15282
6654 1827 11892 5802 4469 11768 8194 8308 15946 11027 57 2222 7912 15504 15077 7078 13960 19183 8837 1624 19542 4149 15333 17363 3296 7175
3378 18899 1656 10964 1399 6109 14704 10050 13540 6403 3242 18786 8138 2563 13800 14932 16891 11588 18187 12600 17713 1062 5971 2967 7106 19723
15937 7613 9465 11307 5210 11306 12314 17400 10778 16531 8500 2120 10738 13198 8811 20 3206 650 16733 4704 9802 3434 14158 2641 16923 13161
4370 18474 4990 11291 7101 5881 5420 4323 16809 5515 8 4600 12463 6766 2647 18440 10116 11289 7750 14138 2650 15082 4775 9612 19527 880
13686 9155 8774 18446 9981 12737 16398 5324 17280 12678 7889 1964 9469 17266 10244 8730 7084 4195 9785 17183 10912 14470 12788 14574 15290 3469
2326 15599 11411 13954 6230 19211 18195 17163 18930 16115 13044 7109 19581 16134 9584 19438 7678 5730 18759 3706 3053 17772 16238 1956 3434 4709
10352 16409 2955 836 7028 5767 10043 16050 18174 1370 16581 19746 12064 12315 139 3114 12675 7061 2895 12040 17623 12852 16962 18629 19898 8564
13286 2798 8330 17723 14541 11204 18937 4932 11199 18209 5809 13928 5417 2076 5437 14847 16553 16436 1455 10096 11239 4378 15097 8693 4430 3856
4378 7869 16417 922 14589 3148 7099 10740 13130 11662 14653 2213 4511 19981 12739 2160 12840 5862 12005 18519 16992 16180 12229 18645 9671 7451
19941 4774 13034 17617 3751 18845 15601 9426 11662 13561 9732 17673 942 6155 16816 8320 8147 1924 5248 5266 1639 12964 53 11442 4950 18830
10878 14397 19074 15994 3633 13560 19226 14956 6240 315 17821 9961 4318 1369 11722 18542 17846 3092 19733 2428 14172 3803 11712 13409 3673 14886
15705 18709 6244 18552 1947 1739 1813 9935 7793 14119 9653 17401 291 3041 13595 3915 17089 11354 4673 10729 17038 17174 2525 11296 14248 3213
11911 9849 2475 19956 5005 14008 130 7543 14193 7930 16116 18448 8019 4601 6626 3298 6204 11025 8437 9439 1435 4739 11279 11196 17559 11736
9665 16805 3714 5822 6385 13657 8399 19609 9648 9327 14508 14055 7370 18410 19349 8546 15784 363 2935 10346 19433 19387 14730 2452 14090 650
9159 17973 10652 2198 15999 18868 12857 12800 3655 13839 18780 11453 14500 2163 1247 14911 4025 13347 13252 13280 9184 13522 19371 1344 15852 488
382 19684 4754 10587 3801 8057 1928 12915 19042 8120 2384 9016 1664 17002 6867 16679 14035 11427 16699 14584 19896 18006 13456 5178 1242 7091
7228 4607 3992 17937 11908 8213 7719 12720 17689 1928 2834 15567 10269 12386 11398 7610 14635 18401 19376 14379 10754 6285 849 1478 16302 10583
14187 7344 5669 5961 16881 17632 8139 19272 15515 17135 4880 15269 9259 9097 1694 5558 12324 8247 3548 1857 7335 2765 4821 12517 3681 2885
13540 10407 15087 11276 19000 1841 13364 5061 3114 9564 16576 19218 517 15760 8472 1499 3768 17264 11049 15464 14550 3402 12986 10779 5177 18195
16500 3825 5811 8422 18949 14598 12141 17169 10570 5386 12057 18282 13807 16634 5732 9122 16871 2013 3151 17365 7148 14997 2562 19343 15186 16762
866 11674 4713 12139 9811 7635 16328 5996 4591 12827 10370 3484 6605 4589 12586 9275 10950 10980 1625 1483 2805 17319 4130 11063 6785 2621
3280 15139 3927 2078 1434 9715 2103 10239 11060 2266 18576 2593 1900 2725 2637 2884 3739 12150 12285 3160 11679 15976 7711 18765 11853 13205
1351 2716 2279 6427 6530 1749 15823 17759 16951 6046 14749 7606 3158 9305 6150 15941 16736 17045 4365 7674 18811 8698 3789 7632 13311 18619
17057 4366 9540 9272 16336 14155 11974 786 13888 19070 12637 19808 13646 13086 13718 16812 14087 16867 8270 14985 342 18047 1476 13876 12245 14247
13652 14217 1717 5586 13443 9017 14810 5879 6951 7116 1410 18739 524 13157 2270 696 9952 5978 19774 1073 16686 2608 5693 6384 762 17969
8172 15089 14469 15637 13904 17565 6378 46 8839 7221 11795 13463 10729 19871 18841 7325 16482 1927 16368 12615 9774 824 9522 17841 15938 19796
19201 6037 11405 16685 3414 19140 18548 16429 18509 6334 12137 3075 10922 13902 9143 1410 6812 6299 10829 14113 11670 2172 11554 7063 2253 14952
17776 17039 346 14330 12071 18267 1187 18886 7102 4790 15045 16441 942 15771 13231 13474 8797 18276 4633 7904 923 1978 12212 7548 14094 2615
16279 18497 19582 6250 18155 11884 15521 15619 15590 13537 6784 17620 12301 5296 11640 17096 13884 12053 644 5253 9507 10880 13674 3334 14064 14468
766 4495 942 5389 6760 2252 16054 1223 12242 5475 16690 12905 11117 8280 1319 2534 4642 2083 18878 3127 17796 12583 7034 8707 7205 15243
17623 2835 19284 12578 6611 2811 9816 19144 875 16341 15736 9463 11887 9331 9545 15680 9900 4882 7333 12061 14889 14913 3598 15376 4051 18202
12825 7808 13534 10395 18797 12220 10890 6347 12053 5167 7398 17879 18584 5296 16127 12553 5742 7862 12472 9440 11820 9528 16963 19881 16190 19739
16851 19682 5654 5941 16303 1038 11882 15282 2890 12135 14226 3743 9492 5661 14696 2984 17631 9978 6644 706 3824 9821 7886 10940 1127 14775
3524 19355 6218 16102 8741 12587 10442 14115 493 6071 18672 16175 19519 2681 4516 13221 2080 14678 120 7716 7439 14198 5359 10221 3868 18295
4570 8928 7473 9214 11512 9069 7296 3528 17858 85 10361 9854 6168 12609 11221 5720 11084 8812 12809 9470 15886 14069 8183 10766 4267 5426
11379 8245 1502 14981 10167 12524 7210 19120 12682 13510 18504 12812 18076 10992 4450 14435 3873 18399 13556 18595 11187 15414 4357 9976 476 14124
291 3693 1617 929 10404 769 18521 19461 16245 541 11767 8059 15162 5004 16003 14731 16700 17851 18388 15916 11239 15122 9603 9772 5385 12406
12195 3968 19943 1897 17100 1015 4909 1321 18643 13151 8424 19926 2596 7215 19604 18606 8794 1507 1115 14095 17913 4669 16522 9879 4371 9996
8620 463 14005 4703 5265 8870 6100 9481 1498 7691 12300 9556 9953 8134 10222 19566 14246 1071 6322 8567 5234 3473 689 1890 7441 9853
13186 3169 1308 1916 7241 10951 19057 6323 12548 7331 17644 19293 13130 18205 2758 6763 14935 18243 9839 14745 6138 3368 349 3866 17522 12529
8003 12163 11306 19903 360 18301 3243 18550 14867 17704 16220 18001 16538 3142 14370 1390 7393 368 14280 6810 18088 13783 16532 717 4338 134
13892 8950 7590 13904 14964 6492 5010 6515 630 11213 8341 7943 7079 8499 9918 451 13620 18358 3280 3696 3550 14973 15653 7214 4152 11229
6802 966 1521 13490 2162 6454 19963 15055 1870 16160 1952 16681 17491 19012 9862 18580 14691 5926 13278 17558 6655 13828 1469 2192 15847 3513
9402 17417 17191 14467 10195 4581 9876 884 9357 19682 8968 10301 15368 5588 16552 1158 2195 6603 13962 5486 3738 10818 3815 9100 14036 15150
4260 9436 18666 13935 9216 16406 11271 9468 3466 7803 13918 10443 17124 2578 7392 12234 3069 9400 19911 11282 6653 1163 499 8910 1169 815
18290 6900 2166 2300 7956 8663 11701 14767 1641 11741 17258 4545 15246 3518 15479 6666 16496 14902 16792 15066 3243 19115 8609 8380 18681 9811
8590 7704 4008 19371 18183 10227 5923 5179 15340 16206 9278 17454 16291 19614 2778 16205 12854 18970 17406 15567 4428 12926 7060 8166 3574 17592
12182 9337 14475 19706 18682 17266 18268 7121 9228 5380 18635 11061 13549 16644 4745 11646 18135 6484 19931 16176 18852 16044 7292 5391 14772 9405
13576 6305 12987 4388 9772 18161 13566 4067 2961 4044 11694 15903 18252 2282 15272 14787 6412 19136 16297 10828 14036 8985 7073 16933 2574 12296
18157 17864 17217 4917 6489 3226 14921 612 18461 6570 8022 4424 17591 11459 2619 4429 5012 5947 2546 11753 19188 7785 11730 19435 17429 749
1931 9936 7240 707 5932 1988 2542 10584 8960 5584 2700 5840 18342 2193 14601 2638 1751 16023 1313 7867 15436 16840 5601 17043 9215 676
4122 6311 13176 17421 17448 2001 133 12982 12039 721 19777 7736 14838 19263 6358 19638 11677 13988 1894 1736 5133 12141 9339 16789 9327 17220
8277 6300 11511 13162 9781 2620 8480 19306 7398 4041 4008 8652 18111 8432 10677 12036 7198 14139 11635 18 18777 18822 15874 3563 14527 14089
18664 6936 18312 9306 6314 13688 8513 10442 3001 4013 3396 4441 15189 3902 6398 10275 4717 17674 10813 14379 1640 14992 6057 922 7568 4781
11953 19426 9501 4565 12391 2117 1021 1942 431 3668 3668 5627 9038 19222 10634 11864 8457 11129 17674 3223 10878 10850 12462 7273 11281 11134
4205 3041 19285 17756 17809 10477 5697 10457 2809 18240 12228 1405 10059 18211 19484 16137 1728 4338 11201 5613 17808 7222 11542 4271 13339 11708
10166 6370 11872 13519 12693 5179 3475 1883 13299 19051 13406 17443 2688 13519 19062 6080 16103 13501 4305 19474 15323 9835 16335 17309 16074 2679
2100 15721 14182 8826 1979 4155 1352 11842 17056 10328 12347 3579 17858 6086 2928 5098 14254 18059 15440 4609 6159 7308 11798 9263 18716 523
14903 17778 6858 1736 13920 9258 12706 19169 12468 19335 13689 3634 15797 19226 134 17884 6489 6228 6115 2917 19936 18889 3563 10260 17316 17850
1687 8633 2755 11389 7486 12033 16098 8031 10125 2339 17623 8804 1349 3027 2008 16194 19287 5680 19523 1533 2994 16074 19635 11450 18819 8992
12889 9087 13380 11866 9590 6651 5262 17032 5745 9851 12881 5776 7574 13909 6156 9119 18480 14470 9423 6516 16233 507 3156 13791 9101 19864
7709 16413 997 15451 13521 2638 8345 15423 15989 12210 15795 14351 1765 11460 1036 6464 16224 9067 5779 17047 3313 5744 2608 9271 5093 16191
17269 2653 15035 6671 17522 12559 13290 5569 11872 16105 10980 3068 9880 4903 5194 16095 18959 12658 4076 3022 12221 19126 18933 6878 6709 11909
528 3456 17746 7473 8470 6109 12351 11102 13664 14808 3372 9691 16582 1516 6954 18360 10085 2808 12145 6459 19175 18626 3600 16874 18817 19254
12470 14553 12711 4481 13034 19265 17614 11091 13288 12132 9090 17832 8268 9489 14777 4032 16944 6708 2882 16750 2216 16559 19055 1143 17641 5023
11911 17240 13641 17427 15743 2070 15653 5272 14168 4029 15956 17548 11189 15734 3201 8436 3975 18461 1327 14197 18113 9576 13782 10489 18137 12691
6107 4301 11734 15737 7643 1092 12757 5719 7390 10248 19451 12262 2553 18083 17084 15501 16049 13051 6016 13796 10475 15781 9195 11023 14771 14036
8783 6026 7141 7009 15357 8303 5902 4421 6511 8089 8800 18981 7638 16264 16501 14950 13991 8572 13350 13273 13229 325 19160 6424 1314 16718
16689 6211 9682 7906 19844 6614 5066 5914 13156 15818 7009 16916 14441 18495 435 14292 17566 19644 381 8456 18829 2178 4334 17591 2522 9005
13240 2943 18941 17344 17764 5334 6700 17978 17308 6988 8259 8468 3025 8422 19791 19180 18658 11357 10552 6501 13844 227 282 13959 8550 14730
17797 7380 6844 784 14982 9995 15095 7561 16024 5496 19446 557 2420 19518 1285 447 13482 11115 13811 5985 10908 1853 7727 10725 4687 13971
16127 3496 14451 13535 15397 13980 11850 13072 8512 14451 19126 9924 161 17825 4491 16862 13462 11398 16221 11612 18026 8889 13446 11677 1651 15116
4151 19067 11684 16613 4712 16954 9786 75 11940 7573 4112 19690 1347 10416 19194 15267 13927 1742 16819 10166 10589 14092 15817 3215 8519 9869
8324 12720 1505 4195 7991 3843 2027 18509 3161 5758 699 17119 653 10602 3028 17928 7864 12879 11787 3703 5682 7565 17770 16898 6748 4645
9175 18584 2947 17739 3559 15106 6613 2993 2571 12376 14991 6322 12523 13315 13345 7352 14877 5634 2560 7530 19694 5557 8814 1108 6942 744
15929 8378 9130 16827 4430 11055 10517 17035 7326 868 12369 1321 2128 9416 43 6770 188 8711 3299 19494 15853 15500 5928 11972 18161 9755
7900 7743 1002 11461 15441 5266 19502 3328 12138 11033 1230 14256 5246 3359 19784 13360 11170 4232 16337 19132 19440 4270 19325 16531 18282 4386
17471 18928 13119 14185 9824 8317 17015 1135 663 1136 11278 13509 10556 1314 7882 15122 9071 7153 6035 4055 8371 369 13298 2897 6921 19280
17265 8424 4282 4561 12799 957 516 5861 17972 2714 3272 13092 4101 5152 17680 13914 14732 9692 15100 16089 104 14243 18707 5393 84 2861
10731 4859 15515 7053 8537 5298 8911 8493 18227 7044 11250 10935 14251 8868 19567 12173 19256 6878 6498 19294 6428 10730 5426 16806 15934 37
9999 8101 5162 6654 9259 1233 18278 8998 3595 654 1681 11020 17883 12427 14913 6705 11135 16469 15061 11520 4790 9002 1468 12945 9085 824
12877 8076 4268 9677 10754 9575 14330 16994 16064 12916 17909 11174 16186 18505 2770 489 1525 11013 5867 11133 15903 16236 1355 19279 12265 3049
11612 8300 15338 11685 13972 11401 17802 3675 19541 918 464 7737 2753 6308 3912 7232 908 12202 5740 1725 11488 11229 6012 10246 17797 19081
10134 16614 15576 1895 11420 3887 19897 3920 1847 5248 14379 10507 7840 14496 17010 14188 8280 19872 10786 15779 8261 4808 8163 17145 10667 15637
13277 12706 11123 18193 19870 17059 16903 14510 8817 2040 6954 4289 15790 19717 9216 12710 8551 4283 10107 13175 5548 6733 3138 14960 3373 733
17485 17590 18464 11191 9061 12600 19734 14021 16367 16530 16324 17581 19094 4941 10798 7793 11235 11450 4214 682 10403 16305 6591 11248 5587 13597
11360 1791 9516 11368 16720 4575 14788 6904 16067 14358 13866 9337 5766 18580 8379 6901 12677 12247 16999 7452 8197 13024 6785 17334 266 7788
1522 11012 10124 11092 7856 11863 722 259 8241 5203 8144 9910 9574 19799 9769 3225 1466 14518 19742 14052 18558 8553 11009 13075 354 17943
6508 2366 1553 17894 15411 5580 17881 12508 9105 5797 14718 17968 16865 16430 6096 719 18923 1579 10028 13218 141 2214 14532 86 12180 348
2537 2273 5687 9226 18291 6450 1478 18973 14807 16829 3125 1339 19726 46 19693 17938 6303 17783 12921 16233 1619 5263 18575 556 4919 6375
1940 5665 15302 14764 4289 7347 11049 11459 16574 6173 6723 16278 19319 14933 14011 13038 16729 19104 8936 7117 19943 2132 6331 5610 12838 15348
11950 9957 8110 1441 14786 6142 11437 6899 15604 19454 17551 18862 17478 10422 18099 10657 1650 19323 3491 14524 7164 18473 4192 8531 10905 947
12657 5265 15439 13491 10621 10734 17247 9897 704 7487 13919 17695 4611 4700 14177 4634 10308 14598 4017 12892 182 19736 2071 1703 681 19806
5108 16941 15407 18365 16573 16119 4426 166 6443 13677 5466 13945 192 17070 6634 15466 7467 14477 12717 8829 9468 9360 13638 7193 5675 11600
19978 12887 17237 11981 12733 5319 12305 13002 19935 14529 19165 15920 13767 10118 9894 14041 9913 1150 14212 3735 14966 598 10998 17355 12070 6412
8832 13691 3978 4076 14118 6186 13438 5701 3217 4916 8969 15001 14186 12092 19543 12013 11363 18536 17040 18223 7033 16469 7516 16669 6462 6319
8603 19566 3473 11359 1370 19392 6666 3120 6024 12001 3855 8078 7061 13665 7972 9746 19018 10048 2015 8147 7143 7203 9424 9915 18123 11755
11505 2174 7902 7251 2658 18317 5318 10614 6135 5280 1335 18651 252 14849 10440 12286 6532 4715 16940 5178 2728 15277 13879 9788 9703 8673
7272 11567 16084 3964 7088 8603 2218 17620 1766 1517 10299 17715 4908 5793 10667 19698 14404 5796 1891 3952 6937 9667 13253 4693 3885 1661
18191 12593 7933 3618 17716 11339 6667 7718 19977 16447 12609 4446 14463 13604 7360 18362 11976 16084 17709 7517 3588 10733 18839 15513 13299 5797
12327 10376 14413 17090 1382 258 13578 17191 19055 11025 6543 4811 16942 10495 17873 566 11100 5819 17912 8130 5177 3243 13165 1313 18932 19976
9392 10011 18751 624 793 15226 14385 6215 6737 7945 15835 3777 11279 18722 19729 14890 7654 10552 6029 9423 11511 1352 17767 8086 14895 15374
13808 18540 8160 13975 11903 8487 8759 18439 9110 3168 220 9948 2433 12142 2049 17637 4900 9351 17953 2176 3889 19410 14333 16112 19274 610
13609 19447 12288 6259 17205 19366 1807 16018 12633 11882 3856 7146 4555 15368 3506 17539 3993 11888 9634 12067 12223 17483 4536 1111 4960 3094
7623 19685 7875 10756 12390 208 10561 19287 18376 19548 4260 10626 4344 9931 14714 7043 11098 6400 10857 12462 14513 4778 1442 19229 976 12391
375 6721 1172 9035 17020 11150 12567 16915 9542 6847 18578 10096 15678 10312 17435 2482 3426 12111 1061 14870 17113 8255 12234 9043 7463 8186
15106 9069 17643 2333 7177 10824 10826 4938 17541 15713 6301 10365 13472 12718 5900 15346 19954 13769 15386 18450 16828 18518 11404 19343 5272 5934
17108 14339 10498 5213 9240 10202 2281 2913 1302 1019 14642 7809 11920 2392 12121 14849 3420 13073 12472 15210 9026 5474 1881 17770 15281 8027
5163 11052 6327 14218 2926 12359 10470 4415 4174 10379 19297 6312 16798 16033 13526 3293 5229 2336 12949 18441 16609 2196 1061 13997 18027 9321
16590 13269 17019 15873 2475 16989 1807 11539 7612 1912 11461 18624 13365 1614 16661 9382 6760 4355 17766 19711 4854 1158 6628 5206 4260 19821
5665 8393 5837 11103 16580 16702 17744 282 3324 17257 1777 1095 6227 2761 13219 3078 14274 17500 14662 10473 8402 11643 4757 7680 12153 5966
9701 3200 7001 14817 11101 18383 4969 11258 8655 17579 1892 18173 15172 11662 12643 15773 7184 6738 5436 1942 15652 11097 13613 5888 14710 11943
6638 19837 12060 3091 12531 7431 19477 9610 9721 6539 12326 16700 16493 568 15893 2776 12950 2101 19730 10634 7715 8305 17954 18478 19184 6704
3449 11686 13754 12184 8336 14517 44 18942 6197 12921 9873 3768 6528 4355 15550 12870 16660 14578 2966 16230 7459 17536 13175 617 9294 15105
5583 6359 1845 8150 8626 16266 7642 8572 17499 12127 6491 19040 6245 12265 19282 13914 141 13622 4281 7908 7693 17319 15158 16423 19634 4968
19492 19648 18296 7219 15384 11088 18755 19125 14451 14030 8080 10546 4432 19951 5074 6585 11685 12224 10858 10407 10462 16826 8900 4967 14763 18513
11829 9170 9930 2249 15762 9914 18440 19750 13138 717 5410 10019 4843 8567 10375 8552 7723 4701 12658 6723 1559 14067 12823 19782 13614 11951
13920 5162 7669 11472 15331 15959 18403 17001 6154 7335 18311 6082 10146 11258 5827 15497 9775 15562 1690 15815 19154 7451 11521 7373 7152 5359
908 9411 18570 3429 16023 536 7749 5882 3919 199 5285 4003 15443 7015 7951 11785 14771 19573 19511 14838 13065 12221 16659 16302 16534 4169
11422 6388 10922 2326 11490 8013 6259 12169 11422 17056 13910 1421 12439 18911 13434 14127 3260 9620 1308 8062 1363 13774 688 6782 6713 17409
3061 15812 18863 6519 13366 10071 5655 6540 7892 18291 5045 6513 16241 11 3183 9930 1974 11428 813 14235 16821 553 14690 18266 19161 3015
17037 12952 7617 9332 4583 16998 10182 7046 12967 11393 9360 5480 3078 2785 11034 7198 9677 9423 541 14331 14373 17548 3240 12569 3638 1067
3437 16655 19982 7850 988 16407 4421 12947 16042 2319 8239 3337 8406 12130 8819 17060 17347 5966 19254 3447 14399 840 11051 3965 1755 15996
15105 14538 9566 1673 7693 6129 11933 18797 5068 11713 13627 13780 15681 19664 5716 10189 9309 12798 19563 13568 16366 1449 6529 132 9872 10515
9837 12045 16457 1209 19862 5363 10442 4113 6613 2312 7410 2372 13375 12803 7157 16977 2929 19458 19880 6122 17389 6868 11151 16762 1614 18380
14894 11971 19504 16927 6685 14829 9595 477 6142 8426 1116 8817 8426 16173 2043 16041 14774 14591 996 15875 8635 2756 10483 9065 16004 7393
7404 19258 11571 9994 16445 4072 2589 7552 11838 11786 19677 14043 16353 15169 12914 13016 18250 14023 14434 12270 1013 14763 6195 19793 5432 17324
1512 6312 8200 5366 19517 17391 15779 6589 11702 4893 19440 77 2799 12937 17534 17453 13 380 10648 10910 10547 4258 19104 15152 8666 15257
6054 14721 18161 2712 2280 3437 7791 2631 14642 9211 5478 11989 8453 1326 18681 4047 3431 7972 18728 5283 18306 17216 13406 15547 7201 17593
13978 6945 7838 13624 11419 11980 3091 14874 14535 3905 14929 2751 4768 18155 4790 414 1308 13521 16977 4200 2402 17959 124 16057 4240 18963
10769 7015 8493 15058 9036 17675 3588 5345 14912 18094 14060 4014 4242 6808 14114 15070 6021 12079 8835 4139 4000 13821 5889 15572 5285 16297
4607 3695 14937 8281 7979 12142 15758 1770 3578 12776 11121 13065 3534 13937 19641 1905 10118 2579 1525 3917 2658 7166 6473 13283 13648 16550
14401 14777 18840 15926 255 1262 10775 3509 64 6655 11021 7012 6670 14190 3949 11718 11224 12412 8188 1438 12864 5492 8227 11632 7754 15529
9912 12036 18257 8239 13265 9703 1369 10208 18222 18105 17087 7172 3807 11363 9124 3949 2471 12321 16695 4325 8514 6976 19518 5346 8871 355
483 6454 18567 15467 17124 3052 4672 12297 12018 7025 13036 4614 15445 13675 10839 5254 2342 4448 3845 9355 14847 15862 3991 17639 4977 860
16654 1310 9159 19492 7102 11796 968 9598 11297 19795 6951 1500 14675 13589 2943 9899 6086 7561 14893 15504 17059 3388 19914 1541 10404 5104
754 16330 9574 9610 390 5209 14622 17316 17290 1771 7512 16936 14947 7806 15383 12582 9321 8960 10495 4043 18592 15545 8504 17866 16989 14500
13455 18816 3474 14492 8147 10038 3855 18315 1638 12719 16867 10969 8985 16020 16007 9979 4753 13559 8260 17958 1845 3079 9408 14061 3773 4169
273 253 7445 17371 6390 17616 15718 8951 19566 1257 4390 3212 13255 517 16489 4770 19828 3420 10335 9168 9708 16206 8525 19892 6617 15718
10176 13439 496 18239 8545 11157 10006 6995 6614 2580 11525 10167 6198 11397 4708 5667 18574 8374 9534 7787 16013 16505 16049 7226 19750 12107
19970 3223 8602 5335 6628 445 3952 409 18106 17845 17917 19527 18842 4181 322 1122 2920 9969 16725 13630 6009 1226 1747 5010 5522 5733
10483 18934 10312 1990 6087 13834 12795 12107 12564 8127 5915 11688 18233 8164 6012 2892 7951 14421 15683 14279 19490 3512 10652 14026 353 13337
17305 7485 1981 13833 18379 18068 14520 13363 11525 14188 11356 2826 6874 13866 4735 1502 8142 5333 13335 3632 9533 8461 11607 13019 7547 14794
12280 16886 13952 4622 2454 4192 1313 9516 3206 1409 18641 603 16910 1017 16632 611 16392 12054 12108 19443 5735 16131 6587 12427 15753 2306
12284 16197 4798 13254 17599 6794 13531 19318 6052 14141 17274 6157 3690 17798 3789 16300 1528 5998 17397 15236 1287 10652 16999 3518 2481 2883
18273 18354 19486 7419 966 19314 10066 11165 18097 3791 11379 17121 2875 8914 3247 3470 12537 19680 15955 17603 1618 6514 10882 1809 7915 4295
11053 6719 18775 15726 297 1498 15940 3099 6404 8445 8474 17218 6325 17916 2163 15487 11016 4008 8223 430 14616 13136 1782 4067 8990 8080
7060 8610 8903 19345 16602 15667 17971 5548 9538 11710 12932 13740 16783 5895 9691 5508 386 16952 11588 3073 4945 18263 10673 13103 18628 12614
12994 11426 420 13344 2192 13982 2316 11565 18408 780 19089 9884 13233 14701 6636 8335 6629 2030 18426 8299 18289 8910 10347 6458 11440 10995
11418 683 13220 11593 17843 19108 3353 9519 18445 19028 4365 1973 958 11731 17542 5609 13135 14546 11866 10240 1530 7612 9719 11784 18892 18615
9339 781 7446 11077 7332 16133 5580 19364 3246 3205 14651 8367 8229 16855 1607 12403 10732 3488 12398 14066 9339 15337 9618 3310 15311 11977
8561 19975 5438 4126 19972 13534 8676 10008 6393 5046 13239 9281 16114 7890 9127 19907 3226 6214 1669 12933 16827 2566 18287 15871 15399 3
9819 11654 6644 11576 7120 19407 19443 3881 12550 3203 15232 7650 9458 12562 3908 18830 10804 656 3589 6420 7499 3633 12467 1687 16232 10015
12243 17759 12846 16727 216 13832 15477 6389 1452 8556 5162 2752 19404 14969 15988 9489 8460 7038 1556 17519 13001 9847 13163 16183 19042 13378
12175 3458 16980 5524 9846 2652 18757 18936 12255 768 11479 1936 19380 9170 8296 13838 5519 3506 13767 17528 7417 18101 10397 421 11360 6339
10503 8517 12188 5907 12833 19055 3911 18241 13131 9454 9459 305 9289 3066 13736 8927 8441 13239 19299 14026 13712 7753 4316 10229 11923 764
4475 13366 14906 5563 10962 11219 6629 5158 8736 15273 8877 1586 3625 4273 4750 16326 15692 13314 2639 8632 11004 3098 1802 14321 3228 6982
17392 17315 18206 11578 4277 2391 9300 19839 6503 3092 9445 10892 2825 17429 6517 4520 3123 14369 7284 15048 3567 3908 5049 2493 15420 4678
8213 19593 18706 15169 14042 5244 15822 5707 14035 8296 10930 15212 2622 12955 5064 12954 13529 13818 13226 11421 6515 6178 4853 12572 16808 16041
10958 8910 5160 13243 9505 2335 3914 1082 8154 4932 6186 7149 18895 9911 9371 6759 16427 17179 8396 3314 14995 3853 17244 9381 15178 12004
19086 3061 14747 15979 13788 13729 15546 13203 8665 8420 16301 17689 8133 1937 12006 16456 4878 12456 437 15531 1295 6294 15337 61 5912 18461
11527 9795 12667 5634 8304 4639 18609 627 9070 17506 4962 2977 14295 12341 16679 2547 12416 4435 19285 15274 8781 19582 12072 6303 7711 9948
792 6225 7988 17380 10134 2186 11376 7503 2762 1538 6478 4195 2557 1790 10543 11274 8614 8553 9800 2102 18819 15755 2515 4788 7223 8031
3368 16462 17739 17303 12591 2817 4482 4784 15443 15629 12232 3795 1873 10332 16546 7852 6678 9049 14295 531 9305 3624 19849 9630 9793 4430
16038 1515 4074 16613 5047 15507 18642 6055 9751 8256 6943 19443 4522 3977 7098 19281 4006 3282 15495 6430 15430 2000 11102 17260 8421 9139
17841 14908 5767 1193 8082 10691 15847 18784 4084 18163 5431 5558 19951 13151 5929 8342 15747 3236 366 16255 2648 3909 13437 15439 18686 19514
18622 16491 8497 19072 6560 8228 1025 18150 16982 3111 5663 4592 4119 4766 14021 1389 9773 18186 4553 1026 5870 5811 8105 6250 13283 9308
330 16749 6910 1474 17914 12939 8057 8521 17279 15077 12877 13002 18567 1567 2638 1703 9968 6377 19634 7653 11767 17923 4419 1611 6420 114
154 11678 13853 4950 6330 8289 5999 15905 11002 16606 10883 8961 4647 9353 1193 5283 1453 9629 19079 19322 16966 17061 19740 19402 2738 4426
10426 15870 14359 16699 15799 4859 12546 8034 5144 17059 6705 4179 4607 10951 15649 15854 1199 15117 4064 11510 12573 17988 14124 3883 726 5531
9198 15421 1150 16525 17569 8885 17836 18957 1077 19594 15263 390 9312 5715 2550 2445 13184 14501 15283 11871 4270 19180 1172 4899 8907 6153
3273 17143 16672 7973 10189 18512 1382 9448 6701 16039 13395 19055 12186 18417 7791 18410 13888 9564 10784 5837 8271 18177 13404 17276 9965 11334
6769 2377 11815 5643 17244 15140 10373 19803 8847 15085 8293 15798 15724 10709 215 9029 8263 2395 18008 11825 19466 4315 14190 8650 18612 1058
7799 13622 11091 16056 16590 19318 2836 11209 3652 401 9126 2448 628 5411 13655 7803 14317 8605 10968 7034 15980 14553 17528 13558 7670 17806
12761 10127 3562 16957 17448 10238 3710 15185 12428 4452 19194 3641 10238 3348 7064 8337 573 17808 1382 9090 9605 8984 1973 15309 4603 2925
978 11641 3861 6182 1757 16171 6 202 3109 2942 11109 8844 17648 19140 13569 15198 11045 5217 5294 10035 17324 12302 9768 13609 7196 12986
17754 8839 19738 12748 11424 17174 11421 6557 6445 15381 12515 15120 9185 18883 513 6853 4771 4507 10720 8149 8460 16096 7368 18028 13720 12991
7055 2247 3250 10797 8137 8304 10243 15692 15105 14335 19306 13567 15854 6132 5658 7114 6246 3692 11594 8463 5170 4264 7669 3933 5277 9069
3323 8858 3153 16515 9931 12880 600 18246 7708 3748 3375 12999 5688 8108 18025 10517 19562 16344 17924 15805 14302 11504 8251 17382 18680 13674
17686 9093 18893 9017 13277 15789 6964 2220 8109 5428 13116 7826 13196 1095 14677 12101 1262 1064 11978 2000 18948 12455 18382 14979 2647 963
13270 10899 2414 13262 6429 1506 9333 2058 1369 17566 735 14208 8054 5580 15763 446 12 10403 6374 7236 12180 8722 8926 11891 18578 5498
3165 1771 14045 11960 18056 6498 12417 19981 14500 18300 13876 7542 3629 11242 4793 10853 14567 19047 5616 6995 9099 16676 9546 6489 5836 6097
9755 1458 304 17385 8037 13951 11788 11098 18901 6194 10095 16670 2903 3204 9839 14582 11106 6641 2713 10902 12211 19874 8911 7806 14515 4503
10519 4541 13130 8944 18760 4580 11328 9862 13182 9588 10317 16568 1568 18314 8906 15153 5941 2753 16139 15509 17815 16495 510 11858 3608 8445
13398 17566 17941 1823 6358 16569 8240 12762 11067 16203 16614 1678 15172 12311 4079 16847 5180 2920 18433 10037 3643 15605 6621 11431 9969 9342
8423 15044 2040 9814 17985 11826 13839 19666 9571 5315 16819 12580 19619 3910 10465 4064 6346 10624 13691 19258 2231 6269 17847 17909 19883 7781
17846 15648 4945 15222 1257 17773 16886 3124 8966 11104 13281 11553 4303 14285 13510 7853 1755 6657 12282 15183 11975 19482 17489 3294 13595 12692
12590 65 2055 17538 7995 1625 12616 2849 13786 3192 5371 6182 15677 9593 18443 14583 6063 1603 8802 4782 14780 2007 15883 18511 10682 11117
18053 9778 17074 11802 2341 1012 9789 7331 13833 5048 5919 11964 8085 16547 14636 2203 11980 19171 15642 3055 9056 4153 4480 9770 3409 11546
1828 17639 1764 14303 19116 11852 234 8312 16537 14152 2561 3125 3946 19541 17613 9523 7800 11257 12133 6599 9573 11773 15509 14453 13284 9375
4746 18953 9611 991 7740 16202 7677 11275 284 344 8033 4629 11624 19569 13885 13444 12218 3781 8646 9840 5905 2065 16923 4807 16035 9809
15284 1030 12282 19978 14200 2713 19350 9367 1883 14499 4447 3543 18118 7425 1058 138 4608 12063 6838 19755 8594 5386 16935 13134 9476 11063
6271 14291 387 1725 16665 19064 17027 4042 1844 852 15815 15740 6066 17102 1538 17744 17102 15145 4527 19623 9672 16186 4726 19372 10680 15440
349 6314 171 609 383 12802 12085 12859 14262 6259 19076 8200 17603 4872 16873 3808 837 10958 15279 10980 347 1327 14432 853 236 19866
90 7670 16237 8946 13106 12395 12496 12631 15233 2106 3898 4104 15135 2258 13209 2630 19913 6775 165 15315 7673 10146 13838 4902 11700 10580
2091 14400 1548 7524 14936 12993 10288 2592 16418 6177 14161 13320 11107 449 11754 17851 18536 13746 9691 14084 3207 15672 4443 14254 19108 7197
17374 7311 10832 11238 5722 14461 9549 14155 15324 19122 5118 11449 15062 19972 18453 15308 5672 5592 4221 13569 15242 3624 11157 18820 17226 15916
3044 14071 4132 4746 16642 7550 18470 866 1403 11095 12612 16156 5223 5349 9322 3034 9896 3888 4711 10084 890 17620 18118 4602 19664 3142
13080 10418 7189 15608 2172 8032 8180 12506 17171 2741 8461 15133 15651 9860 3305 1940 14445 19432 7034 6508 15420 18736 8410 16167 2901 921
17264 12423 11959 10590 8163 8829 4854 8865 1780 15979 12006 11627 18589 352 15371 4741 5708 553 8621 5585 12336 1207 7689 5979 14347 1844
16013 5357 3244 482 19964 19328 17617 16786 9709 18362 14754 12498 16124 17123 8456 7915 15036 19215 15029 6968 14200 2115 2159 8537 18419 19030
13192 102 3741 9253 9137 5156 11794 19161 19486 530 1546 17770 17184 9456 8309 4217 1611 8816 10558 493 18809 16297 16913 16538 8870 14303
4730 13957 8506 14357 6735 8633 976 6929 8346 18153 12290 7318 5351 8995 13813 15803 13206 5003 18905 16549 3803 7927 8792 6375 1412 2542
11447 1775 8714 6967 13685 15292 13457 8798 17872 2984 10889 8499 14851 14474 10984 14929 16719 10065 9588 8440 1687 17146 6775 15332 10620 5074
869 7832 377 15723 4820 13271 4816 11477 16127 10374 13866 3005 11610 17908 15145 14020 6364 9216 12241 17977 6004 19326 16524 12856 9316 1613
4240 10423 1292 19787 12851 4770 3240 18093 5416 11723 1 1155 15287 9036 16172 461 19558 17973 3041 1555 15935 2232 5827 15033 12903 10876
14510 18557 12938 12137 7399 10084 3140 918 7358 3200 9460 3942 2972 5904 4052 4889 5080 11447 6204 5167 1792 2835 11657 9647 16204 2793
15726 10176 16838 13909 11709 3577 9985 3687 2906 15801 10169 5583 5455 12351 794 9680 10334 17929 9278 6644 5847 9710 4084 449 17687 19686
12189 15775 12935 4800 9872 4979 10529 5488 15670 7022 6468 14825 2081 11393 8413 9332 12789 18226 11825 11064 16373 5752 10733 17882 2783 4914
11322 19185 12382 9676 6128 4895 17568 1150 10042 6505 8298 6699 3995 10903 16621 16049 2846 151 8407 9387 5619 18498 18103 14572 1736 19574
11033 10750 12508 3016 9900 14653 11306 2182 19917 16181 18004 3848 2308 944 15240 12725 9236 8624 8994 3732 8326 3124 4836 11085 10274 7422
3992 14547 254 4728 12573 6164 3264 13130 5584 12210 7989 12782 9157 11797 11832 8052 13673 12034 8705 15080 2592 13221 15116 3570 15612 10067
9293 15310 14097 10705 8341 16224 13399 13828 8406 1148 4142 801 12697 11730 1985 2810 14168 8307 12166 15704 2174 18628 15166 12793 4146 5505
2322 3652 19803 6291 19271 17143 11354 16094 6146 10561 15177 12131 12704 2814 13969 18530 8087 2044 63 16123 4020 3788 9532 12331 15411 14201
2300 18147 18119 15296 18661 16236 9888 6933 15867 12628 5776 17939 12187 6475 11392 2445 15733 10629 1141 6851 13899 19183 18036 18771 10152 12515
13120 7844 3544 4725 12983 8215 10524 2397 2192 18700 4404 10453 3665 14044 12219 15843 9114 17415 935 19965 3886 19529 19936 9489 138 9771
7738 16234 7322 11970 18109 11653 16383 15514 19857 12525 17244 14142 10906 5899 17339 1017 8746 13945 8494 7841 17830 4954 4698 17340 2540 10336
14886 9124 13941 18911 11871 5670 10860 19769 2441 4043 8943 991 13715 3930 14451 13721 79 1472 15766 7301 16260 17472 14610 5918 13703 8947
10466 14020 17399 18061 19081 7600 4745 3127 13482 7146 11304 19257 2028 108 18317 5210 336 13993 11565 19984 1100 12006 14399 4291 9469 512
11114 5060 11043 19612 15974 7826 17745 3917 18075 2081 4784 1839 9949 11826 2938 6513 15372 9296 11754 1116 11646 11603 11824 12255 1195 4044
16115 12322 10506 9737 19184 9411 16906 18392 14154 2985 3004 9924 14199 1603 2161 5177 5559 12120 5302 8034 3765 8012 3559 8662 3910 4712
6531 4132 9829 6250 12960 8196 19276 9201 14856 3158 10979 3091 7764 16529 17379 3805 740 10255 17770 12844 17545 19620 8796 7651 13047 8763
8640 10559 6290 17845 7741 7016 14097 17526 18146 10741 1500 6255 5298 3008 14799 16483 13747 1848 15845 15472 11100 5651 2497 4387 2041 10118
8722 16892 12250 7957 10005 17684 7556 17892 5256 2390 2032 253 13814 19699 11663 12556 15 17240 17820 12931 9700 9806 16424 12980 18380 4807
7265 2159 16476 4396 2571 11446 15416 5000 18766 14037 9095 3602 5293 19167 7998 3276 17674 1091 8174 17011 13775 1612 9779 3565 11463 3750
17330 2821 16248 2052 395 9230 1765 16036 13799 5546 16029 7275 15145 18803 17099 7135 315 5727 18777 16118 19780 14631 11271 4638 5330 14380
3039 15401 18099 5681 906 18644 19326 6863 13061 3516 5651 19209 2206 14495 5708 12755 1213 13512 8969 9648 17788 14597 14761 9916 10481 16403
9050 15599 18484 10812 11047 150 10288 493 6962 6361 17175 17119 15849 3998 1680 6298 9833 10619 15767 12494 3716 2260 6762 10148 4531 101
5402 8268 11144 7853 14177 13318 5471 5749 17051 2295 8263 7589 11745 11834 7413 11118 3187 10509 5345 1102 4367 4063 5450 2390 2316 8681
11974 19139 5459 7277 1974 19978 19826 198 18544 3508 19298 1235 15073 18784 16896 5672 61 18667 19281 16121 13755 3039 17103 11682 1860 383
15543 3226 12227 12865 19487 7463 17968 16808 18224 13579 12784 17110 16122 18327 6930 8515 18043 6586 1171 1519 5876 11484 6960 18771 16451 15435
2565 11268 15288 16585 10361 12535 13811 18111 14705 4800 18522 16267 11950 13781 18389 4567 6151 6045 3710 838 16117 6201 3057 8031 10074 16872
5327 3312 14574 5832 14972 13972 8171 1349 1086 3041 8764 17552 16275 9355 381 8243 18217 5734 5989 7399 11341 1310 10593 1340 9277 15344
5175 763 6402 1762 6202 6815 17653 12453 16735 5062 12266 13022 6323 1936 8338 10869 15599 9968 8213 11653 10382 18518 16942 3821 14465 10944
17505 4972 13874 15341 9796 7461 13724 19711 8778 5378 1167 7353 14952 6327 17556 3604 6241 17617 18573 14932 16467 9299 10037 13670 13634 7045
19932 8992 3848 7216 19432 3692 19094 11707 14852 16911 2248 660 6588 12013 2923 13034 2003 15925 11243 6004 5321 16834 18554 7993 17498 19100
3570 13165 13375 13925 8888 17495 14571 6360 14613 813 16295 4495 7565 4196 2990 11814 1388 15756 7869 1405 5583 1846 5218 13345 9446 301
5527 14002 6642 18778 1500 18955 17920 9706 10695 18287 6606 5899 13743 3090 11051 15524 13637 14050 3198 10713 8806 11085 15523 9526 1436 16609
6811 12033 5600 2686 17786 18222 10352 8042 19746 3493 7947 2897 8792 11285 17440 7232 18899 4824 2288 259 19450 11307 372 7543 5324 32
13069 19683 14893 9760 3546 15902 2745 10007 10831 17310 542 17667 15144 5188 2266 6892 17392 1405 13858 2444 11291 17388 8361 13651 18912 11625
7837 17360 3989 15634 15926 2198 3627 9354 16645 2705 13146 19119 8106 11507 16677 10727 2999 13873 17572 13149 236 8785 4832 10161 4954 166
3439 12853 10249 18874 4679 6309 7184 3302 13411 14516 9329 4692 11318 7579 5998 13733 9798 2679 3847 3234 16861 4814 10059 3535 7542 3977
1318 15264 11558 11753 15888 322 17135 12464 13259 2951 4339 10324 12346 15019 9222 19916 19799 2943 18335 4207 12883 358 7492 6962 2689 13393
4279 5491 19850 10829 18786 7758 16060 8696 13613 2096 8049 19786 7371 16303 3887 2528 774 10365 11727 3778 5102 2998 15451 15825 5082 2546
13787 5558 3894 17203 17828 10145 16787 15359 6039 13646 7474 11908 9690 18016 18281 16836 7780 9796 8818 18688 13514 15730 12541 2812 8142 16386
666 3271 4625 14315 10451 273 18374 2351 14745 12246 11973 17796 367 124 9421 10796 8795 6002 1766 18544 874 11588 4565 6978 16435 112
5693 7149 17934 7952 5130 17275 682 9996 4066 11432 1877 14642 12959 11217 26 16073 11260 14722 13571 47 7143 11136 18932 17432 3516 7223
14774 12122 8681 2420 7699 6143 16984 2233 9450 3255 17553 7805 9710 18555 14273 2037 11667 1568 4603 9377 4270 10095 19665 14410 17491 10376
6963 558 9903 6276 16695 4559 5726 13756 845 12512 12604 18605 16358 15552 3655 12691 15216 14 6070 6865 18622 50 5639 509 19512 16903
4336 7915 162 4179 7502 15634 18132 15201 11312 11178 5533 14941 4444 16293 2738 3070 12494 9789 3405 6063 9128 8994 3506 3095 8650 6967
13060 16379 14686 7753 12147 3103 15327 2237 12630 11398 1508 13533 9740 12697 12326 978 465 1351 2595 2926 18150 16238 13093 17800 8264 16243
5389 5773 1187 1817 9263 19142 8378 16626 11519 11188 4606 3396 2235 5501 5584 18217 18189 4770 19781 13956 16096 5123 9366 10602 7504 5581
188 13635 15843 8968 2585 13376 9109 10039 2035 10740 11188 14245 6606 19917 10076 10758 5062 13804 8080 8797 15105 11245 12943 411 11855 7370
16787 18714 18491 9074 2791 12885 17656 1389 1073 9807 15820 5841 19141 12430 8710 16686 13707 19298 17705 19834 19556 8257 11881 17317 7569 7158
19575 10380 15611 18967 3000 7924 13945 405 10315 15037 8291 10951 4549 17378 2583 5662 13488 13901 12775 9903 10003 7677 1113 5387 13826 13892
4071 1824 8823 8267 18018 12790 18136 10612 6755 5370 14751 18810 16653 11537 17566 15079 8016 11546 750 11940 12538 15884 6090 406 10736 3434
16427 11607 14611 530 18293 15753 3504 18151 2336 7654 10490 16180 19784 5230 8335 6923 17836 14739 9098 9205 249 17234 17461 4467 6303 2360
9261 19805 8670 16628 8626 15663 19395 8344 3295 19030 11552 13722 13048 6694 17070 7215 8254 9755 11947 13896 1109 12699 8913 5622 15909 12233
1645 3926 4715 12856 2283 6962 17994 5137 13511 2712 15570 14836 9822 12521 11892 13324 1754 1563 8620 1740 2458 18941 3618 14761 19061 229
10157 17613 12032 18126 3685 15044 5792 10228 17705 16260 5157 14720 14807 7285 15680 19348 16495 16465 15320 19083 16084 13039 16471 8290 13699 10532
19840 12445 4286 6097 14001 5775 14638 3975 7163 1640 12379 7708 18144 5209 15901 16056 9115 9047 4394 19581 3908 14145 18956 13164 4254 1273
11676 17996 13483 15064 2914 10380 15931 17713 3433 13166 3201 5305 19942 253 14643 13730 14327 4327 16492 4770 17732 4667 3285 4735 10723 19028
13492 14492 11 10572 10298 2110 7014 457 15973 19364 12731 2286 16642 9221 6395 17141 1089 5194 18957 3648 5396 16948 14843 2147 17813 7039
16279 9740 12162 18060 9594 6135 8353 19167 11817 9885 19856 9944 5776 12996 9058 11396 6693 3285 12533 9370 1539 12531 8050 19986 3154 10934
4526 3350 19968 3835 260 2246 3538 1450 5605 15427 15956 13172 14418 6734 6649 8888 2331 3228 15794 15247 13582 11703 39 2396 2401 9132
7389 18419 6509 6562 19919 5469 923 3702 7749 18664 223 13211 485 18402 2029 16468 8956 14557 9484 9431 2000 5998 1749 9578 14577 4963
19978 11917 4052 5030 15150 5969 11080 13716 14230 18417 2832 15098 6786 787 11814 19844 16728 18658 4720 19569 6422 5466 1730 13254 11009 1509
8278 7122 6971 6977 12807 3458 4129 14155 13088 10263 2320 8196 5699 5526 14887 12634 19448 12036 5764 13673 689 313 11087 16933 5909 17966
5659 5186 13017 18512 18264 5144 3701 3754 6421 19760 11026 6675 1131 11610 16750 12418 3202 11175 14242 12172 15970 18843 19851 487 19529 5345
18083 9285 5941 6207 7013 10065 13680 16385 7901 16297 16840 14438 9962 8806 15123 5798 13515 4807 8510 2887 19152 2258 2033 5104 12669 18858
6762 13117 16260 3082 14922 9805 10517 224 2814 1748 18515 19040 13477 368 8945 19644 13851 9272 4027 16138 19755 2046 5288 18078 3174 3127
7586 16975 15302 1292 11847 334 4489 10975 566 489 17087 11294 14651 14853 12793 3005 6707 11755 11438 19841 9999 9394 18278 3317 13955 1091
18342 16623 12979 1841 6950 8136 12785 1552 2369 7937 4077 5671 500 16395 12794 4890 2746 16697 1082 7974 3909 12 15198 7633 14535 11920
19271 14288 17006 6040 18035 3939 10629 2993 13295 923 8086 17596 16558 8687 129 9277 1481 10344 3063 14902 5395 12228 1059 11745 9378 5835
19526 7248 7830 998 7138 16505 1899 8748 11489 14793 13065 2772 15754 4576 9393 18704 2041 17247 3501 15277 11744 15864 12156 3629 2406 7492
15145 13013 7567 1367 17288 2162 12202 11626 5823 12868 386 4985 8870 8384 3915 14085 6339 11271 14194 8944 6220 12245 11080 12943 12559 19672
3580 17235 13589 19733 13043 10486 14841 8119 17399 11118 3937 6873 88 10771 19088 6812 9205 991 16255 5866 7613 17247 17256 6348 11918 17642
16679 6706 4815 11344 14290 9658 4613 10661 3378 1439 2970 17029 9951 10706 7335 11547 18043 16004 11824 11202 10 2600 12122 18815 10909 1717
6809 14492 12120 7507 10269 10439 2809 15717 4204 11766 10469 10529 5991 8529 11328 905 8354 656 3128 13611 2844 1799 18448 15602 6635 12850
1004 3803 12981 13776 4867 901 8034 14697 14099 10622 18236 7960 1175 17741 17960 16088 13450 9005 9389 13774 13021 8103 14335 13989 10814 10359
14930 4465 19860 380 15479 1804 14547 16032 2331 4376 18061 8602 13633 11523 3232 548 17778 15408 13669 193 6841 9156 7400 14805 17245 15639
11800 1644 19956 90 7071 10516 13118 11421 17770 11276 5343 19628 1906 12629 11709 16977 4375 12753 16264 6363 18610 4168 16747 14098 7894 16747
9998 14183 12719 18990 19361 2561 17268 14637 4903 2982 8599 11995 19836 9851 18639 5195 12125 4117 2073 17410 2264 12333 18128 16980 18047 16586
16209 11520 18661 8413 7019 6407 2778 6273 16411 19269 11069 10112 8073 9627 12679 4442 2315 15910 10013 3747 15421 8449 4161 11601 7521 12336
9914 9316 11404 14073 17011 5433 6595 12042 16772 17353 2438 5590 15864 2495 9325 2828 8228 6537 15710 17744 18616 3052 14293 9355 889 12507
4041 19376 19329 2338 2657 14519 9527 10769 2473 4336 1058 2382 10838 923 5925 15712 9893 16408 19742 11713 7506 2231 14132 766 550 5360
15539 17919 10649 11508 4749 9156 7187 14218 16745 19409 5603 5597 5016 16606 12802 19771 17481 18496 17842 16760 15628 8105 7588 19316 3949 15155
8285 8839 17297 17677 9411 5671 6141 3904 19491 8200 8980 14600 4836 687 6058 12331 9153 20000 3709 9122 12155 7830 11923 4208 16286 18131
7255 2606 6649 18378 14811 11376 10756 16225 13500 13891 4094 17745 12216 999 10528 16428 19682 18389 9353 14730 4771 10519 9811 13737 13986 6310
1469 15398 3831 16516 4255 17028 13033 5878 2026 4920 5644 19662 18868 12592 7033 13490 2013 6591 14520 11325 13438 17766 11839 18643 1848 16266
8198 16739 9004 19207 18768 1471 10637 5870 3953 11005 3377 6623 13198 7951 14130 552 4782 529 9174 17418 2657 4099 15169 19975 16 11660
