365
50 10 74 26 16 52 61 42 13 89 72 20 41 52 9 56 8 58 86 67 45 19 25 29 37 30
6710 5584 9979 14736 12365 6733 10597 8768 4401 13305 17096 19782 1150 4163 18572 18163 14684 14672 13254 12176 17334 2101 14388 14573 10609 6004
15222 9432 382 14826 16437 4841 14629 16565 12889 12944 11896 13349 863 9550 6317 2156 4494 17601 18957 14834 1244 14920 19080 18517 18247 12018
12058 10170 13963 4045 13231 11463 17361 8543 12201 15071 9266 7020 5860 17711 12322 6477 5315 12607 18323 19805 5440 16098 11888 730 6771 3630
6852 15612 14628 9492 6401 13332 15005 14475 6689 9295 11275 9211 12867 600 16026 18481 8454 4220 8060 15038 509 2169 16439 19488 463 5998
9557 3536 9953 19339 11626 14536 5980 17494 11749 9897 10635 17544 7890 16883 1725 11817 5505 11261 13310 873 10720 5792 11569 14963 11697 15775
18506 8509 12431 5349 11372 17262 3056 14881 6253 2150 11488 17334 17019 16576 11875 3900 3213 1784 12607 408 18327 16753 11885 12579 6462 17767
2578 3336 7222 19930 7181 13414 19813 787 6362 11873 8819 400 9746 12650 6025 15137 4883 16760 7432 10953 7817 1419 1725 18737 18153 17790
7844 7752 1786 17805 9304 19098 11047 12662 16166 6889 12282 9337 6238 934 16495 14858 17289 18067 14448 11589 5029 13573 322 3449 9864 19452
4290 19011 6447 19410 13054 7682 5803 19165 18583 7443 1297 7443 2362 18704 1333 12876 12693 2770 10375 2871 7979 3397 3650 15895 13815 18620
16799 2446 8676 14338 7873 16432 19065 11540 16630 6574 17311 9634 17603 8130 14216 19596 14496 13483 7357 14263 10500 8570 9702 9813 14024 2782
12761 8052 4848 8954 17698 6654 12484 3884 13807 16152 3426 19820 17982 16748 3875 8650 7571 271 13303 11568 14235 15775 8298 13863 11258 8011
8604 17001 9773 5756 17173 372 6297 17448 17259 18613 4308 17932 14445 8847 19684 732 19828 18636 14678 14115 6201 17400 3224 2227 14911 7149
13932 13237 18129 14215 4549 15747 11193 4077 6324 5808 19712 7961 740 15697 17216 12404 3762 6753 9162 6678 17162 15025 12333 13162 16554 7930
11738 7838 14819 3169 5340 11277 15783 2401 10237 11431 18598 809 4489 14319 11083 17010 12416 18112 4014 19827 16858 9401 11357 19749 17365 7691
19455 5037 19263 17168 17845 15998 9211 8970 8687 16371 20 4221 14472 12264 6087 15922 17685 4022 1920 9335 1480 6186 12479 9371 7355 18855
19305 216 17793 3775 9086 9810 14541 11609 870 19111 13665 14616 15210 13821 15081 15654 17597 15325 14338 19726 5060 13326 10780 13789 11856 2406
18452 12834 6028 9535 4014 18542 8650 18128 19737 8137 16780 7442 19418 13448 15925 19503 5604 1510 8791 7403 18471 19057 13638 13758 3891 7969
11841 15247 7991 16062 19044 5226 11952 18572 17423 588 1238 11326 13454 17984 3513 6949 8886 4634 3734 1595 5102 15621 6464 19980 6721 9253
11153 19455 13518 19603 9306 2715 1858 3935 18426 11830 8193 4803 19374 1286 4110 17151 2583 13195 13523 6906 15368 7304 3213 11676 382 10981
11786 16411 16795 583 120 8374 8783 17967 10697 5304 17543 11438 13249 4420 12613 4717 16879 17089 19879 10438 12853 16165 9047 13219 2760 17646
8028 19016 12121 14666 6316 5258 5036 16840 15839 10007 13027 12625 9809 12883 12892 14073 13178 7257 7289 14033 10915 7251 13241 2976 2319 16650
6537 8880 7846 4752 17881 5527 6905 5743 16687 10872 7861 6016 12740 11897 326 3232 3141 3840 17853 2275 17727 19879 10929 7644 6257 3388
6259 13731 16660 1793 18807 1903 853 14023 7275 18100 17356 18301 5010 17179 7954 9183 15526 6783 11124 11670 14644 6734 19419 19647 9319 14661
2287 1879 12364 5495 5630 4594 1509 10037 6594 3777 14831 4086 17168 18473 12824 13940 18677 1438 5562 16842 4173 9392 7592 4111 15430 2168
19979 1589 13708 19334 13477 12122 3384 10201 610 16033 2276 4132 19669 15342 16605 6987 79 9554 13206 12432 15730 8083 5985 17606 17344 354
12689 5426 3822 7301 9970 4315 1836 1194 15262 12516 4080 19939 14720 15940 7573 9124 3358 16419 7680 2412 5379 19734 6066 17727 9951 17822
13743 9179 13518 3113 14742 355 1832 17776 17265 4744 3737 6053 14083 3785 10074 18418 18889 12866 11901 1587 1366 5531 11268 1937 3867 14665
14087 12913 3019 226 6278 15377 18257 17256 16866 1979 15145 16507 2646 8797 14538 3418 12614 5325 17192 13835 12128 2719 18108 9651 5061 16761
17447 7584 9720 13921 13297 3488 7494 10971 9239 18917 6329 2899 19002 12778 4785 15010 15869 261 17397 3007 9005 12497 15758 3985 7383 13573
3763 11338 1146 10991 17342 5746 14984 12903 17226 541 4121 15974 35 17635 10550 13536 14693 11357 15880 19557 514 15823 14258 18685 7986 829
5432 17402 2331 16084 6127 19624 89 8133 12433 2018 5483 15033 10872 188 19772 1369 7958 4926 16168 17998 4513 4547 5943 18406 14821 11157
14494 17248 12623 5987 8387 4926 5899 19566 16497 7987 11836 13760 13998 3011 11691 8604 17721 12119 7595 11783 16334 4847 9525 1876 2641 19112
12960 8129 14278 18250 19380 8083 3263 17518 7949 4756 6739 809 17319 4081 12277 11899 15889 2933 3995 7067 17455 229 5236 4157 19707 629
12252 4843 6202 10793 2414 12628 11035 6603 2701 10543 13240 11611 9178 3857 4333 9018 2283 17534 1986 19082 224 16114 16032 788 18689 8512
7552 1761 18196 12893 1642 1183 2665 17931 5155 3123 911 17423 17176 4666 18353 1096 1681 16142 17142 5615 15048 1597 16739 5454 17907 7421
10734 6719 18422 7401 14812 18915 16308 18836 18068 7345 14306 8781 6576 4641 9380 5647 7896 15521 7138 2043 15533 1346 1843 1840 2329 7337
7606 11575 14130 2119 9208 19318 2673 4836 15032 2495 15590 12652 7972 6597 10401 18246 10673 18937 9242 2766 7429 18351 9986 2464 19980 19985
7097 2415 18168 8396 2543 5430 5407 13269 10955 2030 176 4282 10507 5664 4176 12417 1747 8970 12405 14590 13178 10728 17948 7921 19089 6863
5224 13861 9468 3302 9667 4477 10667 7626 13350 4068 7827 3850 15172 17981 19315 18378 4245 7409 7679 5681 9055 12388 2469 16985 12006 10210
15327 7867 2586 3648 10150 8661 17437 6493 3991 11722 14907 7207 295 7599 18202 15329 5196 11732 14506 6263 18067 3512 13045 958 9310 4785
10323 19300 3771 16607 5162 7651 17766 7626 13543 1833 6724 1222 5029 15233 12085 9012 18445 15844 17030 13583 19764 9356 15932 6217 1941 12281
10815 1487 5756 719 8450 7889 18625 3982 14390 741 4482 12214 7527 13662 15580 2763 13023 3484 868 19551 2880 2405 13252 12085 6816 1992
18526 5727 2827 13753 9594 8645 477 2359 8209 4156 4459 12064 6199 14512 669 16917 4643 13903 16397 6018 14231 7570 17130 12241 12732 18882
11000 6264 3215 912 18207 16131 3814 7302 6771 19237 18075 14083 7229 18991 15097 11973 768 12889 12856 18608 11728 19515 19733 15188 6105 11496
5739 13270 13692 13218 18666 12025 15032 17892 2921 9939 15932 14193 14772 457 1780 3476 11283 16296 1787 10010 17509 18853 343 6977 12812 17824
10219 11300 14468 16424 12615 8567 15069 9486 1375 15658 13799 11601 7283 18496 2808 18313 14236 14636 11092 7336 10765 6823 2640 1064 5393 10104
18981 4122 9854 19179 18971 2047 3148 19471 6656 7430 4711 13792 7982 17797 16166 10880 6773 17750 11419 2326 7172 9738 5116 15684 8755 19360
9284 15450 682 2113 19691 12555 6648 16017 14822 4364 55 2238 7025 2263 15776 13504 16169 19187 18108 14705 572 14652 14465 780 2475 14810
7011 2273 4988 271 1827 10369 4435 17913 13468 13170 19853 6882 18351 17610 15089 12953 5220 7014 1495 17607 3265 16305 5837 4091 17393 11056
10167 13879 14794 14732 7545 5297 18504 17928 14706 14090 9207 8450 10890 2466 18966 4293 16335 17516 1493 408 17948 7686 61 10777 19339 18424
3920 10630 2532 14821 5329 455 5653 8891 13289 10338 6912 324 8599 16214 16321 6838 7610 7673 9731 16989 19792 955 17779 17918 747 13158
13026 7628 19430 1511 9190 5317 3094 6953 19276 5498 7282 17562 18177 15119 9635 16271 8681 8809 6313 6559 2771 16813 3640 12729 17112 13298
8971 9401 11201 16382 18297 13899 18564 2333 4416 15692 7413 15022 16245 18744 9786 5575 2889 12201 9635 5810 19941 858 590 2946 17847 14083
8252 3859 17888 5206 10947 17233 6959 11185 9941 2674 5685 17519 12944 18768 566 8673 1828 5185 8037 2359 6709 10077 5571 7462 11928 1642
18032 8700 10567 11532 2680 10807 8218 18917 19118 18342 14441 5245 9137 16578 3140 19926 8943 5261 18648 983 3391 19736 12278 9250 12808 4223
269 2305 14559 3790 19764 12656 316 7188 16787 2735 266 17715 11813 15087 15856 14351 8821 4525 18847 9375 17317 8134 7644 8761 4947 3972
11204 17566 7062 8900 19520 5940 12237 9334 14655 1108 12640 10103 6220 18517 949 11906 8622 16477 16334 3798 621 12801 19318 5615 2095 10476
19638 5540 13306 17922 2700 13966 9948 19265 9263 7383 9934 8419 12691 18052 7805 6442 3644 12878 16455 17461 3145 6024 8540 6619 5531 15205
2115 3245 10927 7393 8634 4225 10797 17151 17535 11430 2176 5601 6202 11436 16041 10701 4951 17267 7246 19518 2637 16366 13613 8141 7388 11816
6135 8108 5085 10217 8688 14436 12237 13334 15370 4665 14652 17121 2914 12805 10035 1521 4622 2822 7811 5868 2074 14852 7405 16903 2003 1757
2892 1458 5670 12332 8659 9684 3970 7938 9571 7960 19769 3602 4909 16668 15052 14339 5252 4198 13362 6172 11721 2605 19876 12233 19616 10143
11261 899 2911 676 14190 18984 6611 17535 13684 17457 14564 307 9865 19494 2481 18886 4694 11924 11883 9615 16031 1428 17773 15185 3862 12780
11934 5251 6607 18390 12065 12395 17606 10145 11134 18467 1139 18041 7810 11585 17197 1158 17510 4913 6280 4774 17066 6030 8469 19825 13014 11581
5687 6777 58 765 5768 17110 17803 3033 12898 9604 5797 10308 2116 4548 9151 9882 7046 11431 18755 5335 4232 11488 3987 15704 17999 15469
11615 11479 8846 4294 11246 13609 11316 30 6243 11532 13713 11182 17740 2538 4933 7799 7907 10316 6652 13946 13650 16897 6569 5552 10057 11790
1918 8754 16190 3205 8102 6315 2700 15681 19383 589 11820 16340 13613 2278 2872 2509 12390 19696 17854 15430 1103 11929 3460 2093 5106 2016
16306 15552 11122 9493 4143 2208 9079 2883 14590 6945 10755 7451 13462 12759 12432 355 5678 18823 9106 1665 6734 15422 13688 12400 6842 18882
19497 11559 5604 638 2832 11726 16555 7663 17381 19742 10864 19083 7402 10978 13113 9258 3469 11946 19702 16313 11522 8729 8136 8921 6730 19748
5715 9805 5711 1152 13554 15969 16688 8153 8064 318 10659 10018 18969 11255 7392 7974 5871 4851 7862 7181 17757 19198 3237 2616 16579 1248
1550 8243 7406 4225 5463 16005 5541 19929 18710 12652 207 13707 17634 9856 15401 19576 5001 10634 16265 10390 16407 18999 5158 15943 7619 12350
2260 10486 7408 7627 13455 4023 13423 5135 12115 135 13764 5252 13959 19036 18980 5594 9792 9530 1265 2161 7444 10147 14311 40 8922 19421
693 17914 16777 699 10347 16316 106 1798 4357 19796 6093 8308 14842 14654 1025 549 17767 9311 4593 18578 8331 754 13191 2031 15835 10039
15711 10930 8222 11831 5317 5731 10819 4106 17427 16466 18497 7065 15220 13215 9055 8075 10695 6995 18829 19409 9150 8824 4111 8548 4429 12096
5779 9355 9786 10773 5141 15955 19474 10985 8580 6145 13967 9862 6671 13600 6339 16136 16567 5753 15189 13870 12677 12009 9006 9152 15512 18147
7483 6543 19462 16191 17064 5507 9489 16833 15983 13546 1676 15349 108 12061 4405 16667 18551 877 5875 18569 15409 8244 1230 5945 5418 11339
2682 10621 18574 10315 11252 2654 16725 16996 4490 6188 1858 10403 14732 12496 6298 5960 148 8685 13663 4005 1566 12884 6233 17205 18196 3006
14360 2302 9153 9387 7271 8266 14683 14209 19189 5579 1438 11337 13680 19005 9708 5880 17598 4046 9879 8581 6037 16786 7876 11647 10566 17497
18114 633 13414 19007 18873 4204 3783 9416 12631 8625 285 1446 19939 15387 2916 8501 67 10467 4712 10733 10148 8213 7522 19672 5388 12584
9970 13226 17683 8188 12181 14141 2187 16543 10773 8427 2190 12260 3541 17625 17094 6011 6017 16034 3981 10202 14939 1918 12827 8710 19694 7448
5531 4697 672 18172 5300 9498 17525 1251 15575 19335 4306 3260 9103 752 5065 5321 10225 11866 13178 5291 15833 17851 19970 12339 17741 1858
14849 15790 4576 4064 8085 5979 13903 15364 6585 9211 3337 4117 10773 6058 2740 7496 4996 6160 17779 16771 14404 18697 15202 14558 1730 4851
3073 5280 9343 17498 10017 18412 8439 3857 2702 1996 14633 5905 4310 696 15132 19621 17091 8575 10649 12319 3955 11993 4052 1558 8822 18827
12367 2716 528 18764 953 14714 11860 14076 18745 7793 16306 19457 4832 2698 17560 17068 2859 10938 19531 7130 10228 15438 3776 19289 14421 1891
8541 12727 18811 1587 1716 16229 13152 12576 2792 8694 14346 13968 4436 11162 1378 5881 1193 6330 156 12545 6161 834 10808 5235 16527 965
9885 7603 1979 18329 5589 11079 6423 7913 17970 9458 6601 19421 1917 3063 7637 3537 1842 14566 6605 6511 5100 12871 8697 7772 15817 11130
17197 5578 18380 5601 4797 12377 16921 9110 6261 16462 8682 13841 7696 1351 10350 7217 14065 1306 5915 1772 13381 4224 1900 7639 1330 2929
4813 11298 12912 18187 348 13224 10999 13919 19531 13199 10633 19693 13445 12399 10806 3486 19319 12775 11621 1058 7921 3292 5799 7602 5546 13898
19343 8684 19071 3685 12318 5919 16778 9537 18877 4257 2672 13672 13129 7226 17763 3395 19075 4773 16573 15045 14368 2369 16796 948 17058 16633
11699 17713 10329 17313 18487 16741 19055 12730 3935 1079 17245 919 14094 10294 2554 7384 3699 18159 13672 17943 11478 9411 12553 12522 6358 17998
9872 16393 13161 1310 3190 565 16508 19808 17935 8643 19689 7429 14238 13561 8730 5483 8669 16596 18296 5312 5630 14267 14871 13973 9822 18405
5963 19602 7918 6786 2655 6446 14545 17913 3280 3525 14384 4795 4621 4531 1810 8206 8550 19455 18344 6723 13680 1119 13078 12597 14417 15379
2909 5625 5638 9309 3561 5932 10115 9002 12623 44 9201 11071 10765 1544 8160 7312 1399 9070 15629 4817 8944 6495 10209 14088 2566 12257
6674 9377 10955 7795 1587 10011 214 11719 7221 4654 2787 413 8040 11343 15186 11126 5333 10878 16095 7063 10233 10211 19224 12643 1709 17278
9263 14706 19336 14165 19420 17299 15653 2419 8835 3982 6341 2587 948 3062 5927 9777 9535 25 17861 7174 13527 8076 7671 12080 13556 6396
15600 6288 19598 13100 10938 13197 19904 16515 16572 5492 12044 1106 89 3541 6984 14112 11817 9148 1400 5485 5425 10640 15657 13302 18396 15008
15716 3505 13347 15895 5107 3950 17717 1238 8287 16583 4323 4158 8196 10236 3095 10402 10314 924 4930 6093 6158 16166 14171 14994 11525 15192
469 9591 17259 3761 18463 12902 14212 11274 1171 3385 15660 13349 5794 11624 15242 6043 15650 13533 4068 2179 14953 15144 9488 19654 1836 13261
15522 4955 10139 2585 8749 2439 12631 1289 1902 6897 14506 12447 3623 18676 12886 13503 8256 14271 18618 14141 7399 15108 11163 7795 5298 13723
5761 10012 8492 16842 16578 7575 8691 3234 15269 5312 15999 11024 6915 9670 12523 7178 1925 14042 6811 4902 2743 4226 17036 3863 10364 16762
17529 12553 18040 3006 5754 2964 13070 2530 12840 3834 19360 17575 3997 14486 12714 7221 16609 3772 11275 5413 12271 319 511 16578 3931 17870
4159 16929 16147 16968 19744 13127 2166 1105 15416 3682 12194 10855 4527 4303 10548 8382 13405 49 3314 2132 654 9195 14575 16282 17046 4226
11022 12605 14491 15446 7684 6066 17948 13454 10499 17361 14185 8096 2046 1199 5232 9767 8090 14147 9652 10253 2044 478 13439 5044 8113 6103
8659 19029 2074 6150 5216 9442 5650 17003 10559 13419 1338 17392 14355 6777 3962 10105 636 1745 1863 13269 7366 18115 2575 18277 1806 6732
19376 11257 13314 1482 5400 18406 19744 7501 150 13127 1816 7927 17361 48 8908 498 9244 6264 17886 830 5417 11444 5906 12052 16067 18484
10249 410 18546 4789 1814 14268 17012 6229 3625 2004 11957 12036 15409 4843 1216 12068 5287 14617 12952 1104 465 10265 17556 3098 10193 12294
4795 3767 9391 5084 4001 6908 8514 19573 17576 1550 11091 10979 1462 496 2454 8889 12175 15319 10443 10040 1144 1966 13408 15992 5576 16259
15068 10966 12404 16505 18316 310 6696 16025 14451 16010 1183 10592 7182 16523 1258 2052 19346 1209 4645 2003 18636 1668 14312 1794 789 13500
16769 9379 6856 1036 6871 11668 1846 14572 18979 4648 19172 5843 4830 2532 894 19234 1792 680 1956 582 2356 716 18437 17163 17149 4186
2724 5762 18175 18376 13398 12879 18342 14035 5196 1128 16704 8515 19820 15785 18785 6759 16375 11561 15842 16248 9675 13188 8289 8807 14072 12672
17516 10462 14174 13854 15362 14391 12943 6216 1683 6786 7927 2745 703 4280 14702 19641 2384 12993 16543 16221 10790 16693 18730 16766 4404 12093
18429 7052 14462 19852 6083 3663 9814 15673 7109 17704 16762 2660 10848 10895 8675 16383 10449 7329 8863 12508 4170 8807 2572 9109 19491 5533
7123 5370 7991 12091 9364 8977 2467 15390 18060 13646 18420 12809 9055 5799 13011 11561 4539 5734 8734 8147 15823 6081 11567 18784 2732 2481
7114 2475 2720 1605 19143 1024 3038 14686 10068 17137 2468 1078 6766 19241 2300 4175 3500 17610 6664 6060 1734 9972 701 9910 8343 14306
19428 16474 9286 6770 3303 2207 19787 6712 2054 15421 8873 5049 13896 10852 9424 6221 11603 4435 15670 12082 2202 8012 16179 6684 2603 6318
17404 15839 2427 4480 17876 18584 17215 3291 3402 12023 5531 11318 14739 7781 4078 19160 18561 6130 13541 6626 10424 6812 9298 4815 7070 6951
4237 18950 9593 819 233 15845 6872 10349 2518 10093 13446 5982 17779 15855 3485 2305 17863 17470 17544 13064 4005 6994 2366 18032 13645 19706
4888 7409 13235 7290 7035 13271 3014 17733 339 1072 14583 3376 14063 12099 9575 10339 4112 491 11336 3838 11226 15953 12514 9654 19160 4186
345 2668 4751 14128 3266 7648 15179 14643 6317 11278 17047 4700 19566 17289 8722 5119 10425 1570 3409 445 3432 2019 19663 17901 12835 18524
13305 1239 2762 16030 9128 8056 7905 12691 10936 9398 11433 13070 8785 16551 2516 7678 6228 10868 19854 1212 4166 17622 2866 18895 11471 15666
5507 19314 15935 19226 19839 17500 13649 14144 19860 2066 12566 14781 912 17162 12786 13501 18968 4238 18996 16938 3803 15017 2950 8001 6854 8741
19317 17550 11628 17296 10057 15635 13547 2575 4130 1179 10909 7762 19529 17499 12230 3855 16586 13116 7490 16261 5677 13207 9694 14219 17794 15771
3732 14293 18051 10701 798 10689 3490 6829 16500 12054 16296 7867 12645 8355 9811 8984 15180 10722 7857 13551 3410 1662 6712 13786 13880 9640
19333 6123 17611 9612 3726 552 17362 6671 17865 4535 15367 3497 3386 11175 7807 3312 881 4939 18211 13427 3351 14092 14246 16052 9895 213
16116 2910 16293 6720 3979 5614 12055 8039 11879 8430 19423 14970 19067 7773 18275 9737 3222 10235 4205 13522 7120 3868 13097 9052 12022 9571
10252 15564 14625 2059 5359 15246 13674 11277 5129 8638 11161 6273 15136 18415 2902 4470 10707 19717 4901 9643 14127 14466 11903 10572 3194 163
2004 4339 6996 991 18878 11350 14241 7102 2523 2352 17654 15123 2382 13259 15301 3803 7675 17902 2037 17008 3905 17866 11105 8281 11550 12084
3418 7352 12961 731 3620 16467 5609 18015 11967 15529 1323 8052 3228 1373 4222 489 9699 1710 5353 11364 18269 11855 1558 18021 12776 3555
15704 9859 8585 11658 19860 13621 4295 13008 1229 14973 1646 3122 7393 17430 714 8753 9653 4281 1795 15177 17736 923 2026 4126 18243 13442
18154 16951 2879 11615 8063 12531 19882 15493 15993 10852 6512 17589 15844 7011 10163 19009 3941 11977 4917 4835 14402 3670 12623 19162 4555 2373
10378 6134 16864 17203 7014 18795 6573 16402 353 1280 7148 3932 12927 18740 3538 810 415 15900 19823 1317 4352 8893 6615 16775 16581 4477
11205 1914 15228 9559 80 15613 13196 19266 2341 12495 12212 11080 2015 599 4431 9552 10121 4565 7169 2758 7924 9386 6668 4435 6281 12800
4418 18994 15878 14655 14476 19237 18610 13914 2473 2006 8798 15089 7802 1385 367 10740 12738 3392 19129 17674 13162 14089 17899 988 9049 17470
6084 19497 11509 19677 7865 148 14790 8233 4511 1168 2662 1821 15304 15128 8249 14570 5318 16629 3504 16828 16820 6771 18763 10971 10547 2696
7656 6407 13326 18940 9076 6588 9258 12842 7672 16022 1643 18098 11351 19153 9048 14590 15191 14617 16297 9611 13432 4561 19619 3395 5874 13607
15464 7973 13940 3917 11874 8522 11825 47 13317 11626 15099 4837 16909 18151 16034 14227 12941 5189 4315 16446 508 13857 10294 16119 11803 17933
11845 13362 4392 16766 18770 18840 1419 3761 13634 11593 14486 7773 8504 4839 19989 16960 17238 8762 8944 10881 17835 10368 10743 10733 1486 19988
11703 975 5442 6682 12123 16326 19721 7871 12417 18475 3540 6643 19784 15791 10277 19199 12571 4865 18296 19012 15273 8658 15505 2433 5278 2432
2242 1200 5892 120 5806 13753 7232 4584 19166 9067 6317 17712 233 1371 8263 10319 19183 6521 7755 12324 3517 10316 11322 8416 18393 6657
9384 2887 796 19511 16188 14115 16499 11626 18655 16877 12843 17136 6717 4197 9949 17103 8256 13093 1998 5386 8256 8247 14131 11609 5755 13559
12447 7415 2899 16591 4167 18842 8904 3855 6614 16716 10301 4969 10729 11488 16512 314 17450 13410 11500 2366 4412 4683 12021 7034 6241 18067
8366 11005 6578 17720 12717 19466 6669 13621 11358 9564 19702 2040 10649 19730 14193 4007 619 11354 19989 6457 7006 3691 15669 18623 11709 19476
10769 15062 17389 1741 10548 1252 7566 10087 9567 19833 4886 19388 19719 11198 14374 9005 14809 12845 350 8374 8812 15760 16129 11939 11014 12313
18275 5468 2577 19680 6231 8741 6226 15979 8802 12168 4517 3159 6113 745 1843 266 5965 14622 654 16575 17604 16160 3617 1387 402 8638
8629 7161 10386 10858 9243 6133 18423 2225 18200 10920 1887 10294 2457 16427 3605 3866 9187 4524 6861 14554 2462 9093 264 1990 17036 9190
6573 4355 9711 5594 9758 10107 8843 4743 3240 4136 3921 16514 1524 17668 10764 8912 13094 10760 10754 8487 3468 5436 3576 2689 1245 10358
4201 17115 13979 946 4328 7143 15982 12046 3143 17154 705 18963 19053 8919 4238 19280 17040 4493 5674 6874 14701 12605 13770 11422 2734 7809
753 18835 19769 16386 16408 1353 4773 14298 12527 15911 10329 16219 13210 791 16190 4929 2233 11404 10014 8704 10753 14267 2884 6291 10693 9888
453 13715 1141 6320 6283 17264 8486 5 15497 9360 2829 10252 4862 7890 1045 2311 13492 4783 1523 17770 2569 8925 11172 13665 1661 743
10197 4539 18397 2246 18260 19639 7786 15393 15816 15078 10590 10116 12436 17376 11948 3120 5722 4674 12339 18026 9708 3113 4676 16509 8393 10105
17658 19533 4943 3155 13771 18259 19192 9710 15978 14598 2585 2945 9372 5569 12917 2727 1940 427 13606 5406 10762 2960 19807 6296 3172 6346
14228 3934 1947 4207 10272 2323 13375 12456 12334 2232 14729 3942 11265 5349 12809 19526 10656 6900 5794 15635 6977 9410 7269 10853 1783 2380
587 308 7019 14291 1390 16581 15736 17773 9029 15529 9086 8430 8249 15631 18826 1835 6691 16510 6853 3782 13519 432 13945 14259 4235 7751
9958 16342 4244 18716 3244 13700 8712 8613 11916 10902 2502 4454 11271 2682 13305 2517 2328 5096 18367 6797 2333 15781 1388 4753 9606 19288
14377 14652 7164 6261 14239 9549 9571 2319 8522 1811 346 17312 4461 10750 16308 6078 14295 18758 7930 14280 14799 11203 10978 2737 7399 4112
10177 16568 11898 16306 9110 9214 2132 14477 1321 6139 10317 1852 19836 11375 6236 16122 19013 1080 16400 3499 716 16951 10069 14487 18197 19112
9285 19449 8463 14603 1247 713 18178 12102 1588 15414 10479 4712 15702 6051 10791 12739 7085 17948 3078 4842 2288 2611 4350 10125 16730 19434
5837 14321 12061 10022 14400 12771 2147 11477 6067 1991 6587 15554 16789 17440 11992 6812 12385 11102 12918 15364 7063 13583 9709 961 12212 19240
12921 14375 12045 1409 11722 6702 12600 152 15604 4067 10986 19398 11312 18092 13955 39 7894 6067 19312 18963 11608 2463 6434 14293 17534 12023
7666 1618 950 1173 12417 18627 3995 11269 8722 11341 15426 14959 5760 11752 18297 2398 2084 8507 7634 3161 3575 8468 2816 9595 3965 1769
5269 4338 18341 18111 17553 18618 4016 7287 9359 6748 17264 6024 4600 16851 17264 7134 2572 1260 12214 6130 10397 9032 7389 7772 16806 3212
7962 9257 17935 7485 1590 1659 18685 19113 4375 4361 6926 17457 17029 17591 11434 622 9525 604 3205 7795 19423 10648 12991 10840 10573 19595
16176 11230 3544 14713 15048 18849 2754 13740 5783 11210 12658 6170 12653 6002 9750 3212 646 4152 10448 15035 12225 18665 11982 17504 10509 4095
9603 12128 8316 1825 7922 19843 7234 5606 13115 8841 200 10650 2399 15298 7073 4308 14277 13573 19817 12785 3507 18061 3675 5590 18389 13621
11352 4825 15390 15800 11679 6263 4261 7791 4472 19581 2056 9936 17175 3140 2849 368 5588 12401 19237 822 6658 15221 15304 15550 12417 18775
18303 8414 19770 12804 19366 232 8180 7515 6119 14708 3677 14982 2154 2942 15263 1337 11491 4557 3978 11919 8431 16651 3331 14268 8592 8113
8660 19223 1744 9000 255 16534 12518 8486 10453 6595 3150 12916 6534 7424 11714 2339 1718 12885 1675 6202 1150 3657 10383 10763 548 3499
16759 3995 18073 7839 5087 14323 413 14020 11513 4912 18159 1896 2520 11615 4676 927 13832 15797 1273 13708 7137 1518 16347 14682 6880 10548
6271 1397 4544 13027 457 7508 11671 13466 1507 10733 2071 7711 10916 4798 18190 16830 18310 16837 4216 9469 19262 1440 12957 18700 15114 17744
17982 8256 15195 10787 1824 1420 15957 3766 13938 16162 18211 15205 8245 1931 12286 7050 2597 12259 10192 14883 16881 6482 15465 6042 4046 624
2550 1634 15864 13504 16556 12583 9575 5037 9378 10806 15107 8826 8219 146 13030 3402 19943 12205 11568 10429 14799 19662 15339 5545 15623 10650
9648 7833 3391 7984 17471 11651 15135 10526 17428 11362 2296 12538 4164 18773 15912 11317 2778 2828 16275 793 8912 7150 5016 3022 16921 6101
18392 12226 3432 5764 7887 12862 19952 14340 15230 3345 18760 18659 5801 1448 1141 15200 221 16546 11773 12251 14458 1792 9486 4508 1272 7677
18512 18778 14821 1547 16196 6409 3107 16540 18705 8397 1444 6697 14900 2915 10435 12242 3574 16981 16231 6123 1102 7044 16255 1438 19961 7852
18649 5237 3268 5428 13416 12431 11678 3700 6271 675 6134 16446 17790 4901 15689 7394 13839 9878 11073 3825 2173 18374 9331 2258 17081 2741
12147 9175 14628 7252 10128 13515 10378 11036 13808 19638 3927 16670 8552 7980 19046 1819 1480 8269 2830 10907 6597 1299 8567 13372 19414 16015
12905 2905 6237 16471 12595 666 11780 8916 4864 19276 16121 2848 5008 4755 7575 16447 12374 292 1449 2967 9654 14766 10805 17055 6904 18381
13695 18442 12537 14271 8153 11993 303 14101 16712 18736 9002 9807 11316 4689 18296 6871 1419 4651 2214 12386 14060 8565 10945 8487 1187 16120
13707 7592 8372 4339 3269 4426 14734 9616 12747 17529 16087 15297 14008 8715 4038 15211 19565 13514 14331 14316 19606 4717 17024 16292 4824 1431
2908 6900 18336 19347 10916 10653 10560 19070 12446 14815 190 19308 13296 2797 16390 10732 13059 12737 12674 16005 9156 15687 4271 19274 1507 9994
8707 14292 10278 4888 11630 1704 6099 17690 5437 10018 16491 3816 4767 9624 13727 751 19295 1219 14090 16369 2944 10144 10253 6169 11131 13730
7595 17652 14447 13152 18597 2686 18767 3559 14214 6375 10583 8184 19390 13860 914 11415 16204 5175 858 18047 5719 9707 18718 5620 14893 9747
6567 13544 17942 9501 7703 19815 15726 906 2739 15341 15656 15314 6721 14393 17079 13930 4408 12062 8559 12377 16537 12678 17604 1274 15546 1456
9820 3465 7175 8040 18086 1816 621 5759 13557 16630 3112 6384 1340 18331 12709 8551 4512 11383 6060 5229 8985 5948 1310 14427 9664 1536
8002 3002 6834 10699 1644 19436 894 3348 2989 2902 11006 1413 17574 7368 13180 1672 987 11730 14165 13379 16593 7180 2727 11186 19742 427
2009 3445 16236 17141 14856 2364 3249 2560 18152 14748 13496 6321 4229 15277 15654 7026 3060 2841 17034 7769 19633 2044 11561 15364 11577 14247
10515 7766 9853 17159 11433 15538 13438 7448 1811 7592 9816 1552 6873 17335 7840 3591 3129 19170 8087 3501 19470 11308 8156 18926 654 18296
17970 210 14505 8360 15592 9825 15530 423 19988 698 9294 18826 1011 13542 9831 15040 3843 5177 19327 18270 11606 18748 2718 7141 13671 16857
16226 14719 18179 1902 18652 130 12171 7197 15077 2263 263 13824 14104 7584 2158 746 4218 5860 1020 3097 17379 5544 421 11499 2684 19186
3312 14176 19266 10052 18965 6791 15758 16038 6967 14047 7613 3309 17325 5879 12386 1438 17134 1712 2436 10768 10842 15343 12541 5549 4259 4949
11899 3965 15118 8097 319 17548 13449 14947 14069 13263 8525 2844 5946 8897 12765 19108 18254 2283 19908 513 11523 5036 19978 12667 8702 8240
10267 17887 1945 10643 1594 162 7695 19532 17750 171 19683 2205 7311 1803 3571 14176 12326 18628 10009 9777 8980 17596 18624 4125 560 786
1670 5360 13643 2783 16789 2010 8311 14928 5884 1613 1167 4679 12676 17658 19231 12458 13663 12304 18725 14960 19572 13525 7478 2393 16561 14379
11534 17529 8525 769 4511 3263 12038 19726 13249 19862 4917 2567 13811 11701 446 8848 2564 8858 15629 15952 5220 17210 7176 17632 10590 8815
12416 13786 17222 13895 11565 4189 3877 19516 4745 4231 15302 14928 9268 12083 8325 17879 2873 8871 17179 14301 17148 16123 17381 7641 6582 12338
1658 9431 8240 19630 1016 5475 13424 4223 3182 17933 10635 13998 1856 7749 7407 4327 13801 15377 14835 19217 6628 15711 10642 16377 8596 9542
8952 11297 14508 5713 9277 4508 14753 5227 18416 11742 3075 19592 12298 2316 16050 8441 11283 19636 13490 126 13452 8649 8524 7868 7204 17940
3056 13250 4014 19766 2764 10316 18664 5920 3697 15179 3616 3519 12220 8365 5807 12399 10287 13971 238 4761 2939 5548 14199 7367 4233 17086
11778 12040 17569 10912 15985 19153 8921 1337 9102 14142 19042 2306 19152 15388 3415 11077 5125 1021 12762 4143 16254 1496 3131 15756 18110 11774
1561 14235 13898 16828 19705 2568 9744 3861 15425 13823 249 15794 338 4482 18343 3932 6654 3194 5818 11715 9517 17637 13427 19510 993 17336
3754 10038 6998 5014 4492 15032 2538 11991 8791 10048 10771 11348 16331 3147 9353 15799 16275 987 7646 15127 6581 10380 19696 7097 5330 12926
5952 14518 17057 10959 15542 12055 557 18783 7594 13657 19308 1589 9020 2001 6880 9062 7536 19450 15779 7323 8730 621 14815 3986 19748 2106
18178 17425 6255 6237 11047 16878 15261 15762 13273 9658 3105 10618 13057 5418 6846 16115 12077 18843 16759 10917 11356 10625 11742 7939 5575 12773
13214 19532 19784 2960 17259 19193 12583 3306 4318 7092 3645 14216 10945 4175 12232 12950 3709 3647 16264 5318 1699 7613 12087 16779 1020 4365
5721 13958 4342 11794 890 563 3316 8719 7081 6579 1217 18569 7836 2980 12322 11081 17783 1656 12436 5932 5521 5185 295 15426 1060 14091
17850 15317 18386 19331 2787 13278 18128 6426 17507 18755 17073 9394 19608 9508 12564 9723 8183 10219 16085 7740 170 19931 14109 12238 13598 4968
15845 17587 8574 6349 19995 5304 12665 9819 1552 19403 14762 15459 10377 9115 9878 1010 11951 8246 12625 12907 9445 8147 14518 1445 14175 2508
11312 12329 10741 13692 13905 9179 18489 14179 7642 1449 5759 3428 17505 4315 18589 6031 2409 4911 2450 4323 1859 17864 19342 1667 2651 4620
4290 10244 14496 9403 11672 301 17675 57 11144 4732 15031 8977 8364 3969 1233 2502 16219 10159 12486 8619 7372 17633 19633 14796 8015 5399
13568 14732 13059 15907 12086 17733 735 19676 14861 19821 6695 9178 5615 6805 14610 8736 11597 7456 7230 9764 2620 3790 9577 16569 4304 1750
18633 18908 18229 17996 1860 14491 16107 10895 7721 4174 3792 735 16403 17957 9024 19067 4492 11930 18341 10513 8431 7592 11292 18086 17037 18509
15534 14157 6586 18374 5372 18655 659 19689 15502 11504 4658 17617 18680 5137 8026 11066 4960 799 8603 14342 15737 717 8999 9488 739 6506
5689 922 14420 3189 9491 15302 4388 7584 9819 10892 8935 19141 13970 1380 4025 18850 1070 14532 2370 18102 1163 13619 4501 12140 10348 7923
14117 10586 17383 724 18409 19939 13900 6784 10151 8170 7636 1789 12897 4583 9023 19358 8322 4893 9726 11056 18966 14271 2650 422 15754 5758
1608 17766 3394 13806 14691 9736 10846 18574 2006 15588 9952 1072 16990 8037 5603 6145 14469 5123 841 9210 15388 819 3790 18643 3970 7888
17872 5653 6581 17541 17154 4190 7773 3524 18673 13263 11922 13063 13801 12556 2911 11552 15495 14696 17250 5188 11631 3298 12628 5196 10386 13371
18400 17938 2889 4571 17341 11772 9515 12331 11351 1578 4875 15018 10780 6808 16146 19880 16349 3497 11633 3674 1651 3741 11722 4545 2698 2144
2832 9337 18174 13770 11730 19481 6689 9055 8695 2929 756 4056 16599 5039 14842 9196 6489 2300 6037 16346 14291 4212 8407 11945 6512 18776
335 2695 17018 12486 11920 7956 7678 19868 3204 11489 12280 12747 5308 18412 7179 14128 18901 18629 1298 3804 17343 19013 147 7891 5190 6953
13427 19605 12432 12089 6753 17186 2356 5123 15026 5080 8738 18278 3942 17140 9353 3906 2559 4120 942 19949 10825 12294 7731 16780 3562 10251
14310 5872 683 6853 19604 2173 3674 5633 14807 19430 1730 32 3999 12745 5694 1608 4012 373 10251 11630 17541 14023 18193 5819 17090 14981
12066 17905 17148 12088 16101 5884 11255 7872 11927 3192 12943 19734 2023 18718 4242 13570 14952 17987 9199 10531 16742 4646 6224 9189 1374 7130
6408 17623 4704 14467 6438 16204 7779 6154 6594 17369 1113 17608 13000 15613 1031 15692 8563 704 6917 473 9873 6226 13657 8714 3134 5171
18113 19182 134 13812 7195 6030 16487 17263 10097 4803 8415 11295 14909 15510 2160 11844 17030 18062 16813 1126 9627 15643 16025 14908 10771 16905
7385 1265 7341 10700 16540 18587 12120 3512 18531 8568 15907 2745 11757 6989 18752 5982 1497 483 9520 2298 7607 6817 3152 5985 4651 16224
2162 7084 15193 13379 13539 3694 19886 17374 4563 7739 9880 11674 19123 18056 18059 17747 6731 5628 1614 6193 17850 8852 5886 13734 9240 4788
6356 666 10583 19214 13349 14706 14620 3995 7668 1829 18431 3354 1117 17256 14584 10806 15818 13056 15713 19396 10488 19387 16816 18505 13181 10672
16885 14326 15411 6420 17935 10427 10073 16498 11763 19528 8543 14348 7237 18683 16563 10730 1609 11077 3844 1891 17078 11182 18887 13920 7875 9491
5945 1766 19377 17500 6784 13983 2428 12132 3164 2411 18275 12256 10035 10592 12677 13177 16548 16198 14905 6330 10480 3031 2772 4605 17269 18237
1542 15745 12736 10974 17396 7584 6085 10007 13349 19885 15301 17470 8305 14271 9813 4321 5969 12980 8592 2717 3658 3439 71 13810 15340 17964
11118 8261 12144 18219 5919 2451 235 12746 2771 902 11512 2874 3481 1113 17019 821 12700 1361 7560 12091 16336 2779 13168 10519 204 11815
18977 6285 7346 2402 1291 19418 11368 17367 1724 8849 7103 9452 10905 4663 12189 11664 7734 17428 7486 18784 13802 7281 3427 3231 4747 8950
10518 7548 19250 8820 2262 17441 17325 4322 10885 3446 489 1792 7333 15037 18778 2667 16941 19346 15458 8947 12668 14149 15817 14486 10438 19014
9321 59 661 10342 15662 4526 467 6590 18312 3784 2530 6645 7570 2066 14382 8654 7639 6391 9690 8346 2269 5027 10340 17719 6167 646
6075 13646 15588 14763 17082 5998 6919 10246 8274 3956 18355 10999 6267 8377 14831 2346 19682 18279 18250 15017 16407 9900 6699 12068 10276 4953
19665 13355 6357 9533 13372 2843 17848 11964 1971 2307 19592 6344 881 1760 15106 8287 3543 4026 4530 12881 13567 19796 5471 19013 8441 17344
12395 13054 6411 8289 8876 18302 2976 12417 5976 15969 8163 13874 1048 14113 18293 8864 9865 10247 13673 16864 872 19790 4031 2686 6282 9502
2655 8290 1154 2252 2463 18568 3001 1285 2391 16786 3686 3313 6260 2419 15777 1020 4549 3365 2787 3259 8876 9343 1156 8589 5092 18199
15248 8578 15502 7454 11193 12576 3528 5621 10094 9371 14705 9537 4772 11048 6335 3931 5725 18514 9790 11599 15850 14047 19676 4028 661 15332
14993 15472 5773 10619 10038 17706 10737 343 7484 11863 7706 4279 3057 10905 12359 715 6300 2374 14950 11321 2745 16519 17194 16734 16124 7528
518 14790 9565 3223 6098 19229 10360 11162 1820 3606 9191 11270 16585 19485 18815 11755 871 19727 5786 16078 18632 2581 15319 11535 9676 13678
13969 4072 19841 5501 8397 5898 13516 12560 266 3610 2179 2724 10645 5237 10176 1796 7775 10562 10816 4500 12253 9667 3453 16778 17180 12789
13036 1374 6205 13525 12156 18166 19664 14140 14507 2203 14248 12008 11006 1304 8276 4217 12656 58 7833 15660 19491 8304 19857 17380 13900 9575
10558 13435 7761 10944 15958 19498 13815 5925 3467 213 18362 12128 9933 10195 1367 19506 15951 18764 17750 18081 60 18963 9806 19387 16706 17485
4645 16389 2210 5604 12457 12082 2990 19776 5182 6747 4032 5127 6807 10415 13639 8443 12071 17191 13889 12114 10985 17343 5486 16855 17921 8435
17723 12932 12772 19041 4572 15100 3671 7564 7764 3211 2687 44 14600 7356 1709 4292 1536 434 6292 10145 8239 4830 16088 9599 3344 13002
6723 8356 440 427 11106 2155 5025 11220 3066 16930 15980 721 19733 11755 7561 12087 4217 7180 11997 13327 17146 17997 9204 6123 3110 17784
8861 4662 2210 12536 994 2096 19096 4292 5855 1870 5098 5957 15608 14202 19743 11427 17178 5220 550 1094 5713 19682 16511 7396 4060 18940
2298 6322 2006 15138 18671 15884 15991 13707 19326 2694 7310 8634 10439 5073 6016 3898 11607 9588 9298 1904 11463 19042 166 3631 8653 1831
17523 3063 3271 7163 10453 8950 14485 11903 17059 1141 10330 18320 179 18263 19283 12173 11446 4116 12117 3807 15903 13951 10290 5375 18916 11063
15162 3466 2308 18503 4135 6036 17308 12878 8202 18589 9462 16388 2641 12264 10285 7811 542 15147 8046 9943 9903 13900 4623 1105 11559 9296
14272 12393 12408 19912 5742 18474 4452 7363 14266 7224 14327 16882 3157 862 5007 6174 4532 3721 12425 9107 2605 19907 10772 11089 3629 8890
10391 4282 6908 3421 5245 9323 6666 8260 13198 1211 5752 13008 11142 15807 15306 8857 10058 7948 7739 14734 16335 17546 16215 14034 7365 15546
15225 1484 13516 8774 3599 17688 7775 1256 3541 748 18643 14190 17264 5126 15857 4701 14329 8773 11090 7914 1654 5566 14654 9353 10408 4191
785 18025 18748 1696 1115 9413 7980 15682 6211 9460 8605 2033 3101 14006 6486 3244 850 15712 11022 9356 16383 10851 7206 9459 10545 8753
1446 1085 13241 2369 15598 16596 11981 15497 8401 5715 19882 10738 4121 7716 12471 13204 19594 801 9353 14911 1014 5835 7991 6476 1170 11866
19785 12077 5644 14653 132 18580 7773 14581 17823 215 1069 6941 18813 2863 19356 2237 11335 11825 7914 7250 14935 11019 7478 3200 3309 5510
4277 2065 3288 19129 9343 13611 12239 7163 16303 9233 2305 12422 4241 10343 6209 9448 13082 5620 19023 3621 18716 17382 16788 4060 3272 14916
3430 2040 2338 2640 9479 12367 2583 4145 5713 5448 9628 16250 4189 3347 8429 6793 5099 5060 8614 18834 12902 18183 1157 319 6486 2438
5099 11733 11950 3437 12352 6011 2806 1031 6819 19614 5498 18306 6490 2814 15262 15313 18385 4473 9498 1968 6438 9638 15937 16558 4546 5717
7711 15262 18627 13853 16156 4673 3714 12999 2334 484 17218 1348 8415 14123 11138 7719 14924 5238 8048 5661 17726 8654 7548 18219 11415 16250
3761 12244 4735 3922 10873 1757 14783 5209 15640 19980 16050 799 6289 3054 4578 6056 3415 12031 9453 12785 17133 18956 8693 19887 4372 3152
16994 8800 9219 18551 12802 19390 16163 14492 4130 12387 9775 15451 3218 14928 8833 12128 19873 15030 19102 11135 11207 14535 6246 9049 3063 301
18582 5166 10556 11835 8214 16309 18651 17035 62 2389 5937 6659 1037 16720 18179 3157 3043 15650 15739 435 3670 14079 5961 9778 8161 15539
17807 14962 16194 3968 7467 17907 11360 16269 7388 12076 8430 4639 18283 17507 7494 8778 15507 11770 1664 12958 9946 9296 17104 8778 7738 11506
16558 8145 15416 11527 12061 5044 4240 15776 9422 3194 14086 6133 17476 4638 14041 17193 12909 10357 10837 16561 3949 12909 13232 10577 4601 9572
9989 1644 7828 14242 18891 2213 8159 13466 11739 269 5816 14834 3901 3585 7007 4680 10335 12583 17102 4357 15614 18721 9641 13785 17287 9125
14702 3203 3722 4235 12382 16003 5515 9131 6329 2022 11015 13219 772 16350 19405 14209 12796 10331 5649 8736 16213 16732 15108 2306 13412 5200
9388 2554 12131 11316 16126 6720 16638 19915 17611 11203 13336 16273 10917 10997 5572 3021 6201 18443 19922 8149 17744 7110 17923 18237 16235 19152
17590 14707 3204 10386 18907 7950 5789 413 9509 9708 5837 10430 15111 19915 2730 18589 8777 2331 19465 8531 6123 14768 19896 18601 10372 11764
15817 19900 19296 10123 1824 10542 9136 18779 17581 18237 4474 1131 8405 1997 14178 19459 5367 9800 19543 16488 12275 16646 11043 15993 11820 15389
3797 11368 12108 1951 14848 12098 4112 8336 15331 2038 17940 6955 16212 543 10264 8035 19496 19906 13177 7791 4022 7193 16875 13864 9901 14885
15992 10106 15433 302 11853 7158 9327 13724 3918 1567 7832 18396 4734 8168 15101 1219 2248 18986 6917 18535 9387 12275 11902 1946 9838 9648
7986 13028 3133 7376 9210 14995 4583 17711 14557 8256 14213 19251 16902 6858 3045 7321 6616 13005 8706 17485 17638 74 11600 7475 12066 7272
11609 336 11789 437 14933 12539 15104 9370 3546 6190 4505 13349 12485 5756 2107 13257 6288 5050 16019 6823 5749 8039 12947 19078 3184 11389
1771 9699 14957 2611 4115 1841 15338 13888 1995 8627 14879 9730 11862 12046 1328 5787 19761 13655 11237 503 4546 18617 4044 8976 18382 5130
10107 3286 14037 10801 1429 11344 15254 13725 5280 14963 2499 9676 6570 8795 3930 55 3390 6758 18369 1449 9635 17430 15931 11931 18795 10770
4680 10271 8775 18531 13049 7082 18210 18965 4414 3122 11621 6798 900 12949 8605 18078 17287 19919 6146 19241 12527 3510 7258 16091 3890 10178
13366 2297 15356 16353 45 13758 5192 5235 315 8805 8627 13449 3380 2371 11160 13436 17448 11180 6579 13511 12520 14341 18577 9945 9809 7113
16821 19925 6466 17737 11858 19461 2356 10589 3529 8794 285 19053 18718 413 10307 13714 6980 8165 4288 5579 15746 11386 5328 5352 17755 17870
15771 17765 19721 3888 2542 12950 19756 6041 19728 6939 11353 8652 938 17264 9981 8588 10521 4490 5696 5952 15690 9877 17001 11675 18719 19985
10746 17 4297 10024 12335 1260 11552 19598 13109 533 8531 4062 2023 6909 3868 7440 14558 9103 3945 10290 19337 18066 6418 13967 3820 15840
15772 2101 19347 10289 17845 7940 11799 2427 7543 10549 3645 2084 11166 2409 2909 9206 1668 11974 15667 18310 18009 17076 15795 3843 3483 3704
13629 19011 15699 5844 9997 14725 15367 13166 4285 11887 5247 13747 11680 18416 170 2119 7490 10481 11243 12518 595 8752 17742 17681 4265 15819
3950 19533 4140 13038 19792 19107 13875 3485 18645 12015 19008 10800 15557 10118 1992 4085 19354 19284 10482 14287 52 4126 12249 80 1298 19934
12348 1422 13611 11695 3154 11882 18395 6179 18483 2822 19144 4427 8635 12821 17509 14900 17477 19757 1356 1210 19146 1923 16809 4470 841 13120
6554 18868 11763 7569 15154 14116 538 9777 6590 17491 11561 15249 2958 1125 13388 19233 8924 1051 14660 5558 19364 8413 16011 15642 10872 6187
14790 1798 19664 4346 9806 5293 18829 14096 10139 13726 10998 2434 19460 4525 9117 10099 11204 9514 6308 3706 402 8506 4762 255 1169 12992
13666 5323 18151 6367 8810 5240 724 8596 11246 4327 6570 8532 6661 19935 1037 16630 3232 1663 8197 13003 2798 3910 18610 4922 17203 4243
15218 17630 16400 13741 15540 12972 17564 4148 2877 13271 15923 1604 11799 18111 17302 9990 13524 5231 14120 16713 3275 17530 9714 1276 16645 13816
3743 10684 792 1614 7482 19986 16650 15517 1217 4961 11603 7178 18795 10440 3765 5648 18632 14985 12996 4686 12661 8582 11712 101 17884 6780
12047 16075 16610 975 9268 12959 6346 12841 17387 5354 15386 9609 14118 162 10852 17246 10704 18267 18368 15351 14180 7619 18926 6851 12603 5845
11423 11697 13706 11069 10169 7888 8950 3372 616 15957 6402 4105 19227 3797 16161 7577 2134 6293 10752 13662 5455 7624 8405 12403 2257 4102
5503 2034 16659 5991 11412 7768 18758 5511 3596 8182 713 4292 2828 3774 14426 17666 17709 8251 1845 5711 17654 11548 1218 12556 18785 15750
260 14364 3491 4405 8141 13485 12815 1939 17562 14470 9395 16231 9532 13344 1657 19924 19568 14247 6284 3756 14254 301 12756 8200 13554 18539
8032 3703 8377 14942 3221 11819 5244 5289 13265 16287 1880 15932 17770 9389 4292 6837 19469 4180 15478 16252 3023 14557 15077 18735 3886 822
10859 12850 16391 2781 7410 2667 572 1626 11606 19353 3215 10251 7223 13669 10152 12450 5375 19554 12633 1476 5961 13591 14682 1097 8841 5470
19674 12335 9718 172 12783 19026 1540 17310 2186 19955 15496 1116 11597 6411 9242 19393 13428 15329 991 16647 6869 5851 859 2400 11536 16924
5245 8371 12226 3646 13544 9871 31 14411 4526 15188 3907 12449 1251 8139 16766 16991 8155 13286 14686 14410 19271 16703 7443 19436 8749 587
6848 7055 303 14417 10744 11013 18598 14383 15311 8475 11618 6044 15169 19222 7122 9104 14934 8060 1922 17036 6237 842 8768 7376 9424 3537
5410 9057 12505 18057 2085 8680 17631 586 16097 12595 1114 13407 7683 4422 2689 6265 13885 18881 6693 4157 10629 6306 5752 7361 18750 18806
7567 2468 8479 12183 8334 12589 17806 15743 11003 13891 2311 8053 14621 8823 13173 15225 14156 5712 13235 13190 9964 17885 6928 16563 11115 15721
9079 2120 18432 15665 4610 4051 5708 13929 9594 17909 17395 18846 542 8324 9833 2833 3924 19776 18434 10114 11394 12137 2807 14334 18066 14897
2554 10378 741 56 9358 3063 7641 10913 14215 11956 7108 7763 15037 1895 1185 10756 1115 8359 7197 16072 14270 12632 7654 13030 16597 16986
2090 8311 14792 10533 13560 11858 3497 3371 8279 5412 4281 14782 5383 19715 16710 1472 19616 10860 10605 19177 12146 7205 9941 7740 8706 12472
6655 4579 11608 929 2523 4427 2114 16233 6194 7986 3134 13775 12377 4476 17747 8735 4684 13847 14107 9118 3855 8629 1122 5823 1626 17612
18191 12609 5780 5887 14762 19328 18680 11144 17318 277 8169 8069 10951 9859 9805 14297 10037 4683 18436 12026 5342 16752 13980 19573 18442 8205
11579 11845 2793 14233 9116 9830 13797 13793 11217 5944 13886 972 2225 17468 16417 10094 18598 5871 12462 5634 13179 9006 18270 9250 6897 16951
10262 10132 19264 5814 18121 16482 15695 11369 18621 6337 13773 12513 4831 904 17467 19298 8626 17538 14869 8612 2515 10509 7809 2844 3771 9690
14072 10155 4182 14218 468 5990 3141 11353 17684 13777 13950 15002 4248 6344 6538 10274 876 19486 3469 16970 9980 18002 185 17843 9910 15255
6443 3741 7065 15622 6819 9464 11560 2427 3656 12945 3546 10050 16488 14611 17359 5547 14442 14700 8474 9058 14402 19420 14471 4418 13407 190
9162 19461 683 15799 489 10109 18072 5535 15296 13061 15376 1878 15129 12263 9986 2295 15840 10329 16153 3200 19236 595 1971 9355 19401 7507
17391 6952 8968 6387 10412 3294 11419 14495 7805 13972 8493 9415 18221 1985 4421 5427 4078 13375 2087 14263 1420 10589 16520 12434 3777 9452
16359 2158 17965 1296 7676 19342 13590 3184 1113 2281 5683 3924 5028 1070 8534 7092 4923 2796 17798 14115 5804 6218 6968 2827 5658 7628
12530 5190 6100 14518 14593 7928 4243 5264 19987 8716 2377 19032 5208 11819 689 11158 9953 9891 4552 16444 11563 9718 17207 8860 13972 10759
17632 2385 12370 18206 9607 11100 4551 2271 9467 6213 2509 2242 7522 15674 19001 17024 1283 1621 4644 5232 10419 16691 13937 18574 3499 8364
13265 16827 10481 14263 17389 6836 5345 13990 16116 6270 13937 15855 18934 9703 10526 121 16188 7592 9676 18633 10778 4603 6302 10316 19381 10868
19133 10193 4528 16084 8150 3027 5123 2532 19224 783 17946 10213 9430 11715 16136 18981 10776 2365 15763 1395 13847 7886 17547 1502 11131 16066
11371 14852 7839 18485 18206 7251 10863 5843 12237 7903 11006 1099 14074 4897 18795 19231 7343 11124 8130 10776 7226 14263 4457 13381 3905 16896
17035 6113 5375 437 12977 13487 3337 2292 1318 7109 16598 15320 833 18227 3831 14821 11079 4808 8531 3806 9725 16698 13180 112 10937 13113
8350 12713 4716 16291 2987 5392 1538 16550 1767 12517 7987 18336 15200 13011 17041 698 12847 13806 15204 14871 9577 7136 4325 18478 10759 14303
10279 5793 16869 12048 19466 2329 5736 14005 4525 16403 1209 13116 10457 13505 10353 8935 14600 3321 18117 11669 5984 19593 10260 9732 3865 10889
10036 6094 17366 19264 15080 4288 9446 15648 18379 19478 19113 3218 14463 1627 2731 17382 787 11338 16923 7046 1844 10180 9948 9828 15587 19254
6192 1174 16629 3276 19213 5918 2890 83 17175 8784 11958 15244 18565 4538 6514 14296 2703 11569 13341 4039 18597 1230 2374 5243 8976 15755
1687 2660 19287 10048 13584 16409 1514 10023 8240 9908 11305 8190 14708 365 11967 2246 9021 8788 8449 16078 14302 8325 3696 5418 11385 677
18707 16241 4459 5291 16440 9730 954 16745 16696 13919 12225 14749 10411 5810 6127 10773 4581 16655 9630 19345 4217 11871 8991 3235 772 1351
2268 12287 18407 18466 11163 9455 11778 14893 16319 8047 10823 17726 15608 19073 12614 15885 2591 8003 10649 17283 2376 2280 16795 12700 17714 9597
12879 1462 6401 10549 4411 19994 15857 12004 13328 7292 17318 3815 4869 1993 3722 14613 16063 12758 4192 18470 14895 13228 17670 12118 13803 3537
10398 16565 7323 11010 5014 19514 9711 5148 13711 16223 14251 18601 81 1378 17380 8804 2157 1752 18229 12226 16432 11266 19948 19369 4917 19519
5510 14277 17374 17309 5878 15127 13580 15226 19150 14815 15699 8193 9573 302 7002 12029 19557 3754 1015 19532 16556 10493 17318 10475 19350 9840
16638 17142 12526 16273 14346 6987 2571 10327 14697 13056 3884 6555 5459 12435 18109 8016 6074 15971 667 9210 10921 17689 4165 11853 18305 18497
15280 5979 10100 10664 2142 17506 14886 16465 13969 212 13586 5479 3738 13190 18522 6545 8094 11263 347 5655 1230 13740 11761 14405 18493 9836
11065 8717 11473 91 13926 11816 17763 3624 11625 11157 1305 6832 2564 14777 175 14256 18489 5334 2306 100 11063 13696 16414 8016 4951 15987
10530 16915 12223 2805 7997 7606 1072 1964 4877 1035 2573 6827 10646 9281 15423 19825 4888 1604 17951 8351 1808 1770 17822 2709 13606 11905
3995 523 3538 10482 5445 4095 4846 12121 18793 3625 9116 2872 5874 2850 13958 228 1395 131 11835 6456 17703 9510 2816 9418 2666 15668
1617 18841 2244 5579 4870 5857 3858 2229 7402 14172 16645 17168 7221 18434 14172 15316 15475 15994 17479 5864 16459 17915 10326 17509 8202 668
16501 19612 8181 8518 16106 4796 13378 8728 18160 15158 13584 9630 3819 5445 18774 19795 11731 10676 694 8554 6857 13721 13183 6376 13382 9866
2898 14513 17913 19718 15374 19654 9834 12208 15113 13739 18384 2312 17244 6570 5773 9280 5656 13367 13369 5483 2357 9029 7654 1549 7547 10758
3860 13156 935 1153 12101 11618 1329 15358 3998 1806 10750 19723 11818 2051 18605 4853 15909 13969 7797 4190 1129 4825 7760 5597 2219 4438
4267 16591 8693 16123 16585 6844 12490 5809 12983 3755 3141 11916 13907 6437 1371 8633 18945 3897 8311 7901 17471 15155 18090 15457 13578 3946
15442 16084 18176 2203 15502 11434 15118 16777 10353 6552 13422 5192 11159 3689 5516 15708 19022 13532 6475 7871 15030 16297 3924 9410 1727 2182
4584 5548 19031 2822 19925 17813 1844 14434 3273 14551 2783 12062 5196 18161 18051 17036 17891 3449 4019 8934 2080 16509 14491 2872 6609 6526
12561 5870 13690 14039 2642 5681 9632 10010 3690 14251 13839 10784 16728 14148 9829 3740 8009 17144 18011 16279 4654 3135 9998 16489 12799 17928
17212 8434 19007 15874 4342 3609 19719 6032 13754 17910 3294 3894 12345 10479 12291 11135 561 2068 6539 5458 3248 14829 16807 14684 15280 7151
17713 2313 488 19661 9765 546 19978 16753 179 3103 13272 4435 1898 6292 2681 15304 9190 14099 8008 8971 504 19941 6051 14836 19298 12446
3663 14020 9563 14948 8895 13558 6512 9907 18698 12472 4698 14359 1002 15235 14255 5607 3033 19953 9524 8723 14011 13558 1251 12781 6619 373
7190 2236 10611 5303 12913 18333 5814 8001 16867 19313 4071 12345 8469 11141 10733 8133 12051 13387 7296 6369 15332 9790 2850 9474 8444 17553
18290 16630 17072 35 13518 18161 8829 11631 13796 8028 7190 1340 4196 1238 4136 5605 7391 13395 16069 19140 481 5186 15742 4521 1006 11179
4759 11785 6542 2550 15822 6093 15739 1107 13344 9368 18397 3571 11453 1721 1623 13452 12567 2231 4396 5554 5138 10289 16725 13532 6200 9678
7296 2375 10683 6343 14658 6025 1061 12295 6936 3539 2839 12865 1345 9386 11380 1892 6605 8405 3088 19521 16594 2967 19933 3100 16695 13613
769 9113 11706 3316 13291 1253 15238 18557 8565 6120 2100 18874 2755 14252 15521 11661 7551 7799 17468 1912 12197 17428 11837 12883 14212 7844
13446 9830 14698 9909 11699 2590 3932 7590 3443 4351 1450 6983 4379 16039 15935 8619 4899 2000 14311 4716 12693 10623 5942 9499 6496 17146
10403 6276 1859 17137 17613 11135 9311 12820 16176 10632 11098 14632 14396 17713 5641 16359 14263 18227 5263 4389 19376 9233 16237 7638 18207 1229
16010 3066 18719 6985 9433 58 17891 17625 16415 12472 821 3076 5876 7277 16000 7860 14122 10291 19924 9663 13693 13382 18233 19216 19804 10486
13853 9391 6003 14135 14130 13371 12717 15605 9494 5694 1183 6726 592 15536 13738 11911 1236 5634 8311 18704 10153 6702 15842 15882 6785 1021
14947 8175 18404 3631 10024 7967 10528 86 2887 16727 15599 7624 6879 13623 14825 11421 19835 5788 17972 10249 7584 11526 19970 12061 8545 10018
18515 9923 19751 2709 5175 2415 1784 11429 11868 10727 14318 4619 10300 9416 13044 6649 16128 1379 14505 5345 15726 9895 3357 17418 6511 12951
2434 5784 18944 15584 18482 16783 3450 2474 5276 16826 15380 18424 4101 11785 7719 5929 2211 16163 9037 2749 6567 18960 3414 11835 17708 12376
116 9862 1988 16884 1607 12452 8105 6627 6940 6239 13079 14540 16647 19241 4292 4799 2278 17377 6564 5889 4185 7488 8951 7918 7274 7643
16764 3704 14717 5965 16999 12941 6158 6797 9888 16239 7739 18508 9302 14700 17017 14427 2319 15107 1205 4951 12366 7652 1059 8601 12653 5023
13236 760 15952 16571 16283 17891 7559 4912 6748 15670 13244 3232 11245 16964 5770 3936 6755 9035 9228 4393 16975 3571 15769 5006 11228 12451
15992 489 8383 1262 1267 1720 8517 17985 7639 19858 17818 11343 11367 5475 16512 3284 9637 2595 1307 7028 4184 8130 1113 16048 6785 12522
8436 2663 5101 11474 463 5133 13461 5598 9274 4147 5875 4139 6829 3756 15406 13534 4402 19681 19023 1464 8215 3826 2120 11864 14957 3671
17558 3408 3433 19736 4659 5249 19643 19379 14198 18605 11570 891 5433 5495 2854 5779 13432 1353 12612 2054 19226 13908 6346 15136 4170 10770
10827 3082 2504 6566 6193 2891 10593 3513 14144 1543 4652 16969 10713 16138 14756 8481 5239 16263 13553 5199 6765 3015 914 6317 11784 302
2310 3448 9128 18694 9912 18613 19702 10350 12427 8379 13790 7622 15086 5085 16626 15270 14585 9600 2960 11884 8326 5732 5012 5931 15102 10507
