365
5 70 11 55 76 63 83 95 30 99 10 99 6 66 46 99 10 25 72 35 17 17 22 12 60 74
5132 16259 2620 9926 6410 15741 2252 13733 7219 12799 16524 3419 2674 6915 5206 12753 19869 2015 15528 16406 3464 11215 11794 10157 19151 6720
15442 156 17925 1279 13026 19003 17002 18476 18900 5155 3709 15311 3682 16969 15105 12959 588 10593 14204 1364 19076 9916 9823 15031 3009 4637
2042 4424 14930 13808 17884 18404 7347 8662 10201 12690 10839 10899 12944 9962 13179 13224 13101 15228 13702 2570 13492 891 11092 12891 13821 17520
4885 18062 8384 10680 18364 12490 4151 17889 2539 17779 16971 6376 13026 7237 7442 6466 4552 2681 18501 2314 5668 8521 1795 14101 6620 3547
12628 14956 5393 9330 1505 6869 8327 11996 17268 8802 15383 10539 1023 1243 12786 17757 5802 16968 16904 19218 4809 18636 13618 8341 10693 9713
6820 19052 7169 19168 13724 13272 6023 9182 13016 19526 4401 17159 10691 1984 15001 6210 10188 6826 2274 13436 6642 18016 15550 5597 4524 7627
3348 17101 9198 17800 18730 14503 131 9037 16162 6757 8111 18575 19840 3433 18753 16010 8497 3128 9189 12384 9630 14033 19406 2690 19605 3127
11478 4373 8793 8709 12661 608 16019 12859 14684 10495 6810 11581 16416 16124 9880 16823 17636 12370 13331 8097 6431 5308 11540 7853 19868 688
8162 603 18962 11497 16693 15394 6087 14662 8105 12733 11891 11295 15974 3444 18279 10675 1389 7345 13618 17929 300 6756 14110 6585 8669 2271
16344 19313 13472 15079 16789 6432 13851 11904 3720 11097 19108 17605 18144 12835 16108 7590 4117 16122 15361 5250 6494 7227 211 10354 11508 17586
13514 14350 6021 4731 10173 10215 13127 10973 6925 4567 16580 10663 17047 11482 6155 13446 4127 717 1697 12213 13724 5453 6298 13405 13183 6364
10760 12563 3540 4925 15801 19470 11179 3853 13915 13405 10191 14515 6464 12240 12512 12939 8509 18865 3573 7257 7486 3088 1866 10348 7100 17790
5196 6232 9390 3144 819 7527 11938 17695 18302 1303 16729 6080 7741 16736 9500 17443 15786 7142 11834 8542 13346 5393 17462 4990 6442 7299
5093 6367 13972 9256 3075 6009 10931 10991 4841 15715 925 16014 8433 9171 14902 14912 14 12069 5315 17005 19016 3378 8289 3489 17414 6331
5171 7458 5543 12076 1791 10206 5318 13857 3694 18170 16419 4799 9754 6489 15865 1956 48 17781 8574 9256 19574 10621 14604 5802 4817 8488
4622 12904 3154 10898 8462 5614 18369 18290 15502 6753 17216 15256 843 879 7700 11239 5371 16397 16880 19926 9625 15069 9694 19346 12834 8415
11616 13409 16876 1278 11309 15887 4764 9702 15604 12320 17388 4866 7732 3690 13672 8718 16992 8031 8489 12564 14805 4508 13067 1281 11121 18355
15853 8306 18731 17072 18626 15394 6209 470 7132 13803 18895 10000 7368 12679 8444 6839 17525 12607 5343 9605 7961 2997 6634 6988 16597 12186
2702 14769 3644 18995 18725 8230 2725 4909 3308 16991 2496 13034 19283 14460 13954 9410 7869 5922 18807 2416 16492 3712 6418 15631 2725 13418
9902 15020 9471 18603 16900 1814 6953 510 4883 1271 6327 10956 6645 336 5545 18957 10431 8027 8862 15442 19239 14424 4500 10186 4888 8676
11476 1020 14882 17789 18245 12895 10358 11775 4736 15434 13392 4966 15374 7225 7683 10144 9256 13612 5565 4287 15894 19592 18699 16798 5188 6711
9203 8279 1591 11694 10064 15197 6126 15250 18910 18602 19132 11597 236 18720 10200 5555 10762 1341 15122 516 8623 18758 5229 3952 11124 4207
19328 15781 3936 2827 18107 12762 805 14647 2358 777 5677 15012 18032 6882 6054 15452 15776 11037 2993 17927 19447 15920 9800 4557 4907 16155
18046 10219 1566 1683 10156 13897 9602 17862 261 3334 2625 4216 16033 9427 11878 9600 7647 16404 13387 8948 14331 8295 1894 2542 10703 11173
5426 11923 5671 15724 5373 18405 6805 15271 14662 5348 19876 3358 17698 17928 10221 18421 13892 18690 11954 2820 1117 19130 14456 12858 17676 18826
1862 19373 2246 17402 1129 13881 17509 9682 12870 5542 8003 1717 12393 16539 13951 8142 2369 15920 9666 14837 3323 19934 16503 6446 4300 5118
12012 7349 6002 1256 3425 3559 8469 13598 19054 7852 19530 9870 3625 7193 6690 7451 10557 12384 19180 16874 17463 4785 18951 15512 19294 9796
10108 1817 13931 9169 881 3601 9863 7501 16432 2929 12760 19366 10631 34 14366 3178 11170 12044 13121 14680 454 19641 3900 8091 19185 3047
2814 14007 1185 7630 3886 15081 111 17286 4674 9990 9017 4447 18269 982 770 19172 7451 13775 16324 17603 41 6486 18480 5658 13944 4139
794 13475 16429 4223 18427 18772 18937 14589 8122 13489 437 5943 6125 10605 13239 11303 8218 12015 4303 19799 4100 14883 16612 15079 16520 6776
15601 15164 14771 17642 13258 9473 16185 17848 11026 16283 15106 2106 1078 8649 8471 1254 15293 11283 5138 6499 16762 2354 11127 11852 17072 13688
13262 10518 8694 7118 15306 16536 4018 13665 7376 10287 12255 872 2781 3061 11184 10258 18534 14351 17588 1739 8872 7810 10630 1600 6697 14479
15110 3174 8011 14981 2780 17967 3488 8461 5316 3115 2191 164 17240 14635 12251 2674 15279 16259 5153 15250 3211 13489 16539 2067 7126 7538
13745 5901 17157 14602 253 9172 16950 439 912 8738 17672 513 9065 7286 11507 15019 11950 6759 17515 13440 18703 19063 14454 6234 11653 12430
15016 16578 8447 19689 6218 933 18017 10717 4029 7401 19958 3041 17446 654 989 250 18634 14288 2158 4781 16058 11252 18774 1378 18918 17233
13472 13839 18734 10680 18652 6540 17317 12296 11372 12229 13484 11078 9637 16158 17639 11288 4064 7169 8659 6997 11061 3867 17849 13304 14795 4290
17504 9890 15307 3174 9573 8417 2940 2557 2047 17566 10266 16894 11369 10414 7068 18912 2138 6022 19499 4503 297 6672 19996 7240 19365 10047
18260 12874 13445 1411 7402 6201 18760 16522 19797 11519 363 5615 16043 9795 5084 12822 16933 12248 17032 13900 16212 4736 1618 1581 2011 2631
11141 15235 6939 10068 9734 18467 7536 3990 12462 14522 6776 7004 7007 8008 17322 7816 4073 11121 13787 13532 9414 758 15497 1217 6054 3264
11653 7794 11531 5384 5905 6516 16697 7523 10297 18441 5908 11772 14509 17217 13367 18736 18963 14818 7534 9924 13597 8125 5426 16315 10693 4281
17596 18111 14470 8633 9696 6091 178 13282 9558 6687 18063 5266 9267 14954 16485 17571 5999 2816 7411 16583 3553 13292 16003 2579 18122 4589
6722 4000 18959 15756 3864 11650 12055 76 19118 13364 10670 1844 1150 7009 19839 16579 18992 18238 14049 11423 9410 15151 10751 8116 863 899
3377 11858 4708 19771 10538 4903 6488 16643 9698 16544 19122 10843 50 19156 14080 8507 8225 26 2397 2916 18483 14809 10686 15143 16605 17423
16302 2922 8664 4382 13110 11388 7744 12434 2973 2576 12205 16268 19960 7511 15236 4681 2461 18343 11998 8989 18495 7496 14010 3811 7195 9651
16276 8953 5323 12095 14537 8541 13484 16928 17165 6981 14086 5172 13720 8934 18304 4304 4623 12259 15231 9000 16272 10326 6212 143 4734 1544
4430 15003 4999 17371 14746 3609 17768 14917 10009 9001 7479 10234 5115 15219 11705 10243 7530 10537 9518 2797 9660 14203 2073 5562 19053 15997
4797 15616 5751 19810 16850 5323 6433 16156 16899 6216 6284 2073 5590 11329 9582 1531 4118 15715 12481 11871 3826 19914 8884 6028 17952 10920
9874 17201 15531 9163 15595 16143 1722 8405 11539 13414 16539 12728 14190 8009 65 15509 19281 13950 8974 17224 5268 4099 704 18310 8996 19585
6810 7750 19652 2057 18054 4706 2035 17558 10148 8050 1257 8371 12952 874 5146 11458 4968 8612 15430 9565 10685 19401 7525 9394 205 16805
17952 4688 7171 8802 432 18231 10866 19727 10735 16327 11869 5316 18437 7035 2193 3434 19042 18445 17865 19468 2745 15438 4089 18254 15766 14137
11027 4294 9535 10044 15062 3344 6538 13090 489 4903 15838 9750 286 10146 19182 4045 13625 3608 1105 15677 2161 3881 16803 17922 16898 6556
10362 4612 13737 15718 3817 16565 14693 10838 2995 5337 12514 5608 8921 12124 18457 19594 16564 14590 5576 10061 11210 7120 7890 17193 1872 3885
5233 171 7559 4938 13866 15944 1103 369 19027 13898 11937 11545 17730 7302 7108 14630 7987 8957 8096 14598 17370 2068 2826 18804 3899 13782
17816 2701 3887 12140 15400 9382 17171 4514 2253 16215 11283 11507 2900 3080 13247 10765 16184 17002 15950 10445 6528 9155 11302 10182 5598 6593
13533 18019 6469 8980 2312 9524 18821 9577 15842 12697 10266 7539 10298 13893 11990 5895 13532 17874 15511 9003 10548 805 12321 7697 19407 15335
14846 1868 5939 16610 682 5705 10835 14833 3331 13942 7264 3278 6893 363 17896 17732 7509 18485 2749 466 19697 19232 12368 16770 18740 243
4374 15217 1570 5284 16665 10253 17871 9539 19132 11595 2422 16793 1005 2921 8531 17981 19061 12465 12434 11618 13485 16801 11866 18806 15759 11843
7267 12856 1146 9521 5541 9071 9506 14381 17607 509 15005 19998 12938 15384 159 3335 3558 9241 771 8052 17051 7424 15993 19217 6737 9907
172 19657 2466 3094 5399 19178 2326 9858 3434 12390 3242 10917 3101 5153 6599 4495 16305 3974 794 16865 3942 2278 5433 18185 2747 18326
10846 8358 17762 13209 11664 13573 13925 11317 1259 9917 5489 15173 993 11770 13484 3037 3945 13026 1119 10261 9750 7420 15587 19103 10017 12894
3104 18494 18212 6795 7640 1879 12878 3820 12371 4954 13628 2359 9943 15050 5780 1265 3684 12286 1336 2195 9614 1794 6993 2880 4547 8816
17935 3326 2915 13370 19778 11291 5201 17670 13545 5492 13757 8491 9641 13177 11256 16583 3043 18331 7005 15165 718 13046 1216 17527 12363 15374
9723 16906 923 8425 15414 10131 7614 590 14718 4447 14010 4207 10050 2072 15983 3862 6629 5490 18754 19737 292 17017 12449 13650 13223 5372
12754 8503 6646 14692 1914 1686 16799 7116 16131 6525 9020 10781 3833 15370 8555 7546 6898 9147 6893 14424 18465 13906 14053 6130 11360 6622
10973 13029 19946 3682 13592 11352 13231 1086 9649 13152 9267 6776 14100 7334 6469 5585 2166 13174 6924 14384 2785 13664 3452 4921 17379 5254
18300 12311 5962 8340 18827 18670 11269 7204 3225 10318 17351 7277 8766 11005 7815 10836 18192 1291 7916 18559 12800 10882 18442 5886 19186 7115
14601 9164 3044 14654 827 1206 4004 3372 464 408 13408 14751 6600 6546 376 16355 15310 16855 4620 12641 13871 4507 16986 10671 15820 6047
10413 11595 16710 12126 15331 2599 872 2841 3883 13307 19792 10296 4931 7580 19570 6087 18156 3503 1802 18519 7956 5810 6007 1280 15441 9783
14006 1961 10536 1173 11137 18476 10179 12373 743 12767 16219 19776 15444 17607 10973 19014 943 14832 1779 9246 4756 5100 9158 7141 1345 19174
7269 3175 8366 4541 13493 7325 1504 19881 14360 17336 12700 8037 14919 10486 9189 14658 17921 11599 3652 4204 13698 17382 2422 5675 13293 10723
7200 3427 9109 138 17534 3699 10692 5266 7698 5509 9005 15996 1182 1049 19995 1389 6805 2649 18463 3441 15023 8461 624 9125 14522 15593
1913 13660 3121 15849 7365 15123 2262 7279 12783 6647 12309 17175 16813 15201 15593 15327 18294 2691 8210 10880 32 13693 15881 18949 8582 16255
6141 9878 13460 9747 16649 572 14819 1102 213 16190 8886 1684 3691 12478 11045 10280 10766 2625 1100 10518 6553 9443 13819 2616 17158 12667
7190 10112 3433 12407 9690 152 9026 14188 11457 651 8730 17520 13628 7435 195 845 18192 12736 16886 8322 10263 15823 15170 8848 3078 16621
15521 10716 3851 12493 8506 7105 7862 17216 12297 5258 3855 8825 1304 7707 1751 16643 13610 14308 14803 9919 3323 7025 3860 15420 16787 9494
12229 5274 11215 8524 13301 4207 8463 17231 7357 8387 560 3264 17241 9436 6730 8763 18982 18208 279 3549 19542 9056 2782 16689 14297 14146
17712 1242 18024 9537 3363 15295 784 19685 13853 11485 4363 3478 2307 9120 7231 14038 17772 16514 10944 11193 13156 4509 12246 16855 12119 4282
5137 15661 18009 4921 10742 15085 3565 8349 11878 2093 5125 16366 1293 18031 13471 12880 9627 4715 5893 16282 15658 5696 64 10188 6329 16164
5083 9560 1144 5775 911 16757 10263 8474 5033 1490 18709 2621 14272 14854 8386 12624 5591 2473 3275 14120 1895 1436 12957 8956 6305 17404
8300 13425 1353 5811 6700 12212 18074 7658 7761 10512 7956 12092 1055 11461 17091 10177 19916 12916 15962 8550 14772 9226 3533 18582 366 1527
791 17808 5567 13490 6086 14251 2759 2881 18147 13783 5882 1110 16370 18237 17043 10680 14284 4630 13059 13358 300 16633 11778 10135 13747 18996
13126 15799 17778 8263 14327 7725 6312 14632 9811 3707 7612 9900 9076 11407 19167 9390 17490 16881 8681 14842 1646 17330 8038 13746 2161 417
19179 2727 19482 9267 1255 16349 19719 13478 15334 2415 10439 11375 7670 13842 18376 17797 5135 12429 3431 3706 2536 5823 17841 15128 5200 18188
13704 17678 19678 376 1515 17587 75 16825 17412 1220 7477 18676 16959 2422 7174 1058 15862 14386 6835 8985 7452 3550 18921 15327 1052 9783
9929 1331 12435 2234 13878 7119 18488 2659 19939 16782 2855 17494 5335 327 2004 3747 15963 4285 19613 1383 5781 17644 8387 8030 14170 15085
5394 1653 10013 5972 16112 12225 9130 2917 11768 9735 19191 353 11541 6311 3219 8655 10734 18524 18894 5912 1464 9183 3247 8769 5379 14220
6183 10824 3782 5755 17699 6698 15713 13638 11691 11517 11555 3927 18755 3680 5878 8144 10203 2450 9568 3581 10707 8658 18972 8788 2203 6682
10935 2106 3614 3711 2744 3206 8169 16113 10210 15109 17665 619 6812 7389 10106 7629 14182 18105 10254 4284 17160 7613 18850 16410 3373 19301
5635 4978 11512 17028 12353 5047 7867 6644 4686 6892 3918 8174 18317 13214 12738 3879 2039 4009 14500 15588 14758 9151 1377 19540 11813 10979
13724 6404 12918 13988 2784 19899 17933 3216 2884 18685 9705 6638 19448 8288 12322 8850 16681 14456 13204 10413 8532 2224 16183 202 11852 9056
15911 12551 2678 16690 19179 7112 19612 15994 14728 17022 4434 17728 13142 12645 14575 1808 19578 282 1311 4981 16946 13193 2142 16272 11789 12742
16260 5242 3524 2457 14416 14436 10519 18204 8444 4319 6578 3026 14943 3399 5343 3257 17452 9226 12366 15833 19791 4805 9767 14636 8214 5918
2998 3571 5886 7581 4710 4609 16496 6819 10255 15112 13478 16233 16554 8949 14846 14452 2916 17614 1556 13843 15663 4536 17813 9877 573 14119
3619 8056 8241 19605 11425 4521 3571 1235 5432 19119 18262 9840 11525 6569 6153 13342 9494 6533 17494 521 3887 12598 16067 7926 281 17688
6575 16300 9018 11993 13994 7802 10639 18796 10094 960 1689 17253 14197 11086 1979 6629 9919 10207 9427 12769 1340 3881 10308 12578 9668 19881
13322 1817 15198 19463 1111 13034 10833 929 3362 3769 6267 4845 16720 13128 15337 7523 8876 6616 3550 12338 11874 5371 677 16016 6247 8640
1390 12639 10528 17074 18268 3455 488 19209 12933 12807 3802 6983 3802 2653 3833 1951 16250 12638 9693 13308 834 4446 1412 19216 3452 442
16298 9989 3604 945 50 17329 9896 18257 11102 15414 10749 5940 10748 12402 18652 12873 1895 2266 6323 4546 267 10855 18936 8096 19237 18966
16807 4961 5677 17227 1474 15278 18750 11887 15475 8008 12066 19254 9711 16799 10101 19855 15771 5567 16741 15027 14914 3066 15050 9568 17975 12521
15953 18850 8660 13798 9782 5684 18774 7878 5684 9163 8513 14161 142 5131 6939 8719 8492 6935 10868 15080 16496 19035 16203 7516 19668 177
18766 6753 19305 14875 701 18393 11602 18640 19740 17999 7922 16127 19228 19092 6357 7757 17732 19808 6276 5644 11227 9372 10654 1411 17589 1033
19328 18996 17092 3969 13969 1539 18669 16799 9374 15780 6703 15222 1039 11897 13951 19500 11863 7041 10440 9804 16070 2017 9061 7914 3639 9522
10870 9996 8105 13677 13380 11715 12572 5385 8580 4086 5387 4893 3639 4816 17604 19573 7174 4180 5395 18521 3669 7431 4273 1751 14578 14514
17304 793 2251 5826 16301 9278 8007 18619 18292 8215 10717 519 6540 10199 14584 19208 11049 7782 1396 19403 6530 11582 13004 9330 7335 10862
17321 6893 13856 13773 3172 6143 18221 8460 11920 16917 19589 15513 19125 11398 2134 3784 5420 18152 8871 2921 5543 4468 6378 12913 16059 6587
2105 17429 15513 11569 17295 17847 10838 15241 7176 10146 10383 7425 13760 1932 9374 14404 5588 12909 3846 13418 8574 5788 8735 651 17783 2451
5184 16024 10924 13092 11487 572 3245 3474 15455 1706 8117 19933 4001 19205 5394 1126 5868 2275 11635 17967 14654 14744 6075 385 13822 11136
2975 15730 15734 7421 14505 11813 1085 4251 9012 524 247 15172 3797 12147 6504 662 6194 18107 13347 17961 19284 10498 8426 5246 10820 300
17487 18070 17616 12781 1850 15273 1428 4957 16566 16760 1631 5462 6668 19721 402 10599 16389 10044 12945 1386 7810 7679 13725 7236 12117 14836
7273 10697 14921 7129 17951 13555 4537 8078 17846 13822 11193 4999 10270 12318 11908 19655 6316 13415 17680 15477 6229 3940 948 5443 1475 2189
7825 19422 7397 14739 14290 9666 14004 15028 1471 15933 6944 15255 11232 14415 9808 13428 5330 11848 5411 15556 6278 9718 9280 18558 14930 18085
2148 10792 19774 9491 13232 6501 902 5545 2244 2804 11690 14612 9237 17602 7132 1751 14541 1782 4635 4097 373 4171 7959 19064 6326 1645
14043 8165 4031 8052 10245 13932 8421 14713 9884 5168 9660 11408 8194 3906 10845 7914 4020 6125 7432 17362 18988 16399 5430 1587 5653 13537
15523 17425 18569 3202 4406 13792 8664 14728 11891 19051 915 10050 15298 6848 10925 14170 15733 3556 17660 933 2229 5386 16218 16059 1520 10394
18951 11510 7221 11133 10162 7873 1818 1721 17019 4179 2907 13021 8293 16947 15958 10528 8245 19776 6263 1358 9974 4822 13630 15285 12822 5844
12804 10193 18214 6080 1746 9902 8618 19388 16309 3015 151 2095 15636 8646 16999 999 19524 13181 10070 16863 11586 17469 1547 1806 16237 10724
17713 6603 15278 7888 10590 13936 18440 16256 14124 18323 17765 5738 5362 18372 9861 3238 14033 5525 9204 1002 2090 4908 5334 8808 17671 9424
6633 408 19479 17640 318 577 4989 11418 12651 6072 6307 16706 3280 18294 15277 19930 15013 4017 5593 5754 18627 14066 12062 2137 10890 4383
3685 4378 9982 13134 377 11692 88 6167 4515 2044 10876 13507 5280 4891 11545 6552 17143 17864 6798 2437 16368 8234 15481 11822 2876 468
7668 6330 14872 1510 8804 1251 4534 14184 10491 502 15967 17353 14719 14437 12908 10941 17714 19760 4390 2888 2563 4240 10560 3284 13777 3261
6580 14929 11405 11193 10775 15807 14679 10593 6639 16025 13221 7671 3147 917 9402 19035 16466 6542 15448 5438 10811 528 17849 7574 5007 4239
1507 7282 19710 11350 11897 13365 9378 14825 19255 12231 4433 5823 19528 11720 11501 14359 13306 1223 8963 5292 7029 12997 10728 2443 19919 630
374 2172 18346 18356 10342 9137 2304 3006 1468 2998 7978 18720 10272 7520 9525 7220 2887 18477 1145 19234 18116 12895 5504 15923 18285 13082
13625 1036 15936 10649 10123 7096 7928 11895 7170 14146 17035 11369 3039 18059 9069 4172 16822 6024 10561 10330 4424 17008 4216 15391 1284 6868
11538 12695 1009 16663 14473 8981 2384 15824 7619 9498 11342 18293 10989 16682 9867 5037 4995 5825 15006 1711 3493 6717 6756 8018 10042 19121
1168 5324 17306 16039 19370 10384 13929 14476 11314 4217 10359 15945 7710 18364 10975 2651 6539 18623 10410 7359 18108 13740 8944 5547 3166 17055
14952 8396 5326 15850 15550 1839 10061 11317 14820 14674 4806 1819 17270 18791 18102 14498 2715 16552 17285 6449 15251 2938 4761 88 13678 11110
13187 10051 9417 16033 16455 10959 8546 11314 12906 8905 7258 15593 6009 7222 4142 10945 7237 5639 384 560 18937 823 15503 15374 1055 8786
9350 16372 3 11157 13238 3153 9124 14200 12130 18588 19677 15322 5993 11629 13985 5737 1483 228 10750 7038 10662 611 1391 15359 12229 16751
15495 18754 8029 18837 19521 17290 14299 8173 2175 14381 15341 14964 18123 11058 18848 16239 6042 13431 8555 14182 16633 17412 18196 2491 2019 8571
7523 917 4990 3356 14784 3484 19851 19079 16772 9230 16230 8235 8813 7792 6719 2581 16220 6821 123 3625 2275 19405 2721 15989 8607 13565
7224 16767 16880 5360 1724 13192 18865 6720 9768 1784 12570 5528 3278 7661 7897 16849 5410 14012 8242 15578 17921 12185 4531 11135 1057 10698
2639 5539 4034 8142 274 2525 18484 17151 9810 9890 18467 4709 10825 6463 7743 2196 1576 11541 7914 2569 11886 7983 19954 14478 6584 10777
2212 3273 12552 18526 8105 7145 19555 11558 5122 8375 2896 10359 4360 9896 2607 962 12721 5984 16949 17451 1533 19839 4833 2759 530 12402
6519 13196 13042 6803 3341 19938 9640 3830 3022 7657 12229 1844 13642 8837 10197 18495 12216 19038 15045 5954 480 4737 13319 14895 4010 6682
13974 4617 16276 13463 7568 487 12497 19808 17858 6994 3365 16860 15525 14655 9504 17571 5346 11997 4331 8650 16100 13979 16045 5915 658 11514
2421 11406 9621 7649 13678 4625 7479 19019 15472 19529 17985 13720 1192 12059 12793 14033 1352 3134 3792 14871 13436 13896 9019 16244 667 1907
8486 14192 8743 18809 13922 14178 5711 12892 12281 2400 19464 3123 12606 1386 19835 13190 4767 16228 10755 10273 12003 479 17553 6499 14370 1672
9312 10034 1855 7697 667 816 16156 15131 154 4620 6664 15769 11192 8788 14639 7307 124 17993 6269 2035 15204 19871 18269 14744 17710 19280
10846 3691 14904 13459 17595 3447 2553 12192 15736 15795 6022 11124 2706 13500 9767 17224 18947 8192 16269 6607 13012 15400 17223 14900 17060 1127
11001 17559 15000 12868 14854 3173 15953 5991 9117 11092 1590 4196 17800 16970 496 19583 17770 3429 16809 16166 1732 11943 9957 308 7499 13813
9398 10893 17439 17537 15391 2421 586 3618 391 15851 13539 12649 10988 8522 6627 1259 19217 18049 18279 3249 17800 17322 8234 19345 129 412
14440 9938 12120 4467 17672 3011 12066 16411 15280 19042 9236 8687 9116 2097 15475 11167 4214 11468 17934 12449 13019 8643 15974 1931 15957 11879
12754 13377 1672 3313 11545 11956 2950 1045 9240 3626 18961 18848 9451 11047 7480 16706 16119 4047 1085 1192 9056 6267 6321 10665 6911 14275
9146 16652 1787 15755 426 2187 13398 3138 15369 11972 304 7276 13849 8699 12616 17746 17803 16003 736 5316 9369 4766 14005 15389 12964 2084
3398 16727 14439 17852 14598 19353 10910 2610 4948 4391 13249 7739 6922 16862 19544 4626 13605 2367 974 399 8626 14693 3668 681 5514 7819
18193 15543 13669 8635 5518 13573 5882 10441 17522 8875 16994 16673 19200 18633 15798 4785 16857 7863 17813 19075 5840 1720 7955 9286 12916 15396
5049 255 1453 19910 8040 17056 15079 15509 3245 12131 19248 10050 10647 728 18809 12673 1812 12199 3897 9051 7118 17572 238 2132 3465 11990
8124 11339 14886 12821 10901 15952 7570 15694 7376 4563 17284 8041 12531 8242 18127 13155 18718 9057 13638 144 7233 12338 318 13755 19655 577
3103 16427 3913 5668 41 12384 10143 5165 18762 3598 9470 3132 12187 12542 2613 3054 2625 18035 11930 4411 17854 8586 13021 4865 16663 12744
1022 6890 13590 8732 3078 4104 18712 11530 13880 14185 3231 9637 2456 3518 2805 19917 17531 18511 4435 9362 15998 8000 16981 13762 1072 5091
8706 2380 11938 15843 6235 18950 7852 6901 18342 13276 17410 9852 9371 11274 1270 11762 13733 12786 13338 2714 9219 6959 12464 37 1495 6471
5581 986 16232 11552 1187 11996 5094 11004 2995 14637 15136 8418 17559 19521 17611 6674 566 19537 2561 14915 301 9485 2405 7662 3446 16829
17627 1332 18978 18976 14351 4015 5647 15567 13804 7753 18846 11472 8743 14666 11414 1303 4798 15854 13398 9529 13019 3585 16332 5418 17848 15125
15992 9244 8180 5640 12797 19346 11253 8632 15564 19432 11931 2745 7292 5116 7031 15772 7201 17457 4414 7320 17570 13380 16077 18002 10384 17708
8886 7109 18841 19952 15637 2945 19037 16165 3956 15186 5751 6797 13316 17005 17262 12173 5705 1470 11084 6212 13646 10927 7196 11082 16985 7210
3943 15339 13704 11878 7333 11884 15784 19479 10154 16742 9567 7998 3588 4652 7317 17670 18436 14003 2282 10252 8595 13974 10576 6785 17296 10544
2149 12785 9327 1 7179 2522 6809 19720 12657 6661 9854 6389 15120 15568 914 19336 2572 2289 6614 9929 14765 8026 16950 17355 1749 3032
11693 18563 5527 815 18469 4029 16733 13805 1061 11126 9301 1288 17681 1111 2386 15786 4557 18671 10916 12707 7299 3159 716 7109 10016 4377
7852 7818 18411 8101 14041 19088 17321 13173 2828 4593 12752 7013 5027 9068 2255 4659 2619 5748 9139 5514 15395 8774 5844 19547 1891 12249
2853 13551 15214 15154 1798 8017 12711 15191 2162 11056 10807 16881 18440 16560 7764 9809 652 14011 19103 11332 11762 7458 3079 7099 2006 3982
8350 15326 7455 3346 10120 16327 14935 8072 11851 8941 603 14974 2106 13996 17625 6921 5723 19750 4153 3489 6839 6666 16287 13035 6049 6679
18679 923 7161 14584 14338 14439 3446 7269 1616 6358 16809 5204 18992 13535 12483 19780 14594 17423 150 3430 3429 7924 2576 2764 6041 8154
15219 16972 13246 14013 9689 11842 7905 7208 14874 10776 18609 535 16284 17991 16983 4223 6081 10157 1036 1196 14427 3359 2992 3752 16105 8823
15378 841 19163 11332 10296 3120 9732 1503 6358 8085 600 5788 14110 18397 3112 5076 8607 11657 1323 12212 13149 1128 7946 3773 12258 2051
9828 7136 10583 18043 7440 11324 18108 18194 984 4625 14008 10164 7431 6940 2031 14805 1908 9953 3507 3158 987 2486 12979 12274 5703 6103
17210 18009 590 14067 7026 13827 19099 1739 13269 1138 10037 15442 19146 4807 16711 11580 4306 6394 8103 18668 6408 18820 17834 10982 5911 13010
6605 2439 10671 10012 7385 17323 16104 18566 11912 18776 14953 2936 14288 12319 17865 2832 688 8034 8738 454 13359 2851 18353 10796 1819 12684
17360 11829 9544 13710 2290 19297 17034 11976 1492 13594 559 18374 10024 2309 18516 16365 17772 2633 1741 3785 3470 12336 1293 1354 1407 8776
19072 16839 9845 15499 774 7023 19875 18712 4040 18499 4124 5672 4336 14618 780 15982 17194 4247 3709 1713 14872 9215 18747 13500 2274 10752
15138 16046 14290 11854 18548 1264 16367 12931 4558 4510 1364 12829 10564 16748 4694 947 9784 10957 3090 7921 12365 18970 11465 18383 8385 7588
15630 11461 3988 1364 15976 12095 2438 16203 14574 3934 8343 2480 18762 3057 13168 18862 840 305 10594 1440 3918 7413 9114 8727 16249 3765
3284 1927 13877 15962 11256 4506 196 4309 9680 5426 8871 13539 16680 4340 6197 8853 5525 6973 14735 9810 11663 1474 2674 5637 4937 2158
5335 2238 6838 4255 4956 3106 10626 16451 5954 18981 5578 16209 2654 13051 18466 2459 19802 15617 4404 670 19398 2866 2702 15043 4519 10982
18513 6265 11226 17948 16028 19789 17189 7877 6137 3967 9735 16955 7834 1952 11947 11570 11162 635 19986 3720 957 4648 19667 11298 10232 6952
964 8842 11119 12480 11587 5599 8879 13611 10275 17635 13446 14147 4901 2214 12503 17518 7113 11065 3955 9301 14459 9763 15719 9398 12433 16525
11965 441 8514 12528 18473 9963 12738 13050 14352 15937 10405 10007 6451 18376 15973 18866 10161 7160 7053 16854 10537 5390 11014 17295 7136 13334
9214 17093 1894 175 14157 4183 17196 12825 12523 14840 9278 19885 1783 6494 5001 4503 9040 8359 336 11397 18384 16838 15880 10116 8077 175
16203 2683 13186 18184 14015 9061 14653 15114 9540 18655 9199 6320 5492 15862 1316 8597 17778 15207 1946 5259 800 6412 964 12833 12613 16743
6105 19447 4311 19095 6294 2231 8901 3645 7944 9875 19635 12063 11256 7981 17077 7421 9497 9255 16964 8642 12583 19953 9868 9413 18823 3129
2405 15341 2724 13313 15310 16455 18987 5510 12133 2501 16353 1014 16945 7755 13295 16489 13023 9832 6593 12042 12527 644 14529 5459 5995 1926
3337 3150 16472 10259 16424 761 10279 15518 3454 15862 9727 14350 14518 3949 17091 4968 13624 4237 14407 8789 10571 18732 12067 3145 16408 3557
16315 6018 3848 707 2771 16455 15669 8216 17872 16127 8845 9759 13202 484 7790 7657 13080 510 17352 15118 15159 3603 2061 403 6970 15530
6585 13509 15251 7013 13074 15520 16896 12389 9093 1954 19766 18851 17862 559 5230 1450 3976 14738 2289 339 18543 876 8233 1979 150 13546
13305 10773 8764 81 8658 18942 10903 18076 18595 15577 6858 1192 6037 3366 3756 6226 16834 7665 12362 4329 17415 11238 17765 12359 938 14612
1687 14317 16661 7722 3868 10559 3967 11887 11916 5772 9074 497 15653 14613 2809 15841 239 5466 6194 7831 13126 16367 5994 16941 13933 15848
19940 3732 13346 10957 7289 17422 2046 7797 17331 5942 3473 4039 17386 19287 18817 7290 5654 3246 5486 1376 15016 1041 14325 2898 19927 2323
14365 15099 18260 4041 16034 16466 2302 10874 12211 12621 16836 16381 18167 188 19470 8928 2976 6090 17314 13839 18034 8348 4616 1713 4531 13017
12175 7058 19206 10516 100 19058 2062 2752 2852 145 6817 14025 14787 19211 4864 6361 384 12869 9193 8068 19722 978 1448 3010 3284 14895
5751 4508 7231 2641 4988 12999 2852 15380 5435 807 14672 13443 13814 15451 773 4404 40 3632 19699 667 5305 1654 1545 7928 18362 13144
12600 14246 9166 15857 9343 19404 15912 18901 10755 11972 18914 9123 13382 15742 15086 140 16988 19785 6527 10786 12819 19375 17783 7389 5092 5770
8528 12616 2536 884 2489 18973 12115 19235 14945 7191 16880 14194 19568 959 2657 12315 19583 4411 3831 7763 16183 10097 6381 14982 12982 15599
18647 5557 13760 9045 3748 256 8403 19888 4464 2297 18911 1734 19825 1700 14843 13380 14130 18330 14287 3051 14662 15296 4874 6217 213 17762
1420 19145 17672 14541 3247 9219 18605 17458 13559 6760 17796 14337 1292 4579 16102 7866 4969 58 11511 11549 5160 19978 19803 16586 3500 14814
5372 10047 225 5773 4134 15032 11118 17556 5978 4651 9597 16307 18897 2706 8467 8822 14639 15638 4482 11784 19709 6280 18940 10601 12516 3493
7175 3093 5293 6520 14061 4354 8779 11006 6760 2043 13756 2477 9321 10442 15370 15837 7560 13621 396 6338 2329 1961 19351 19872 2796 5766
8567 15211 4405 17134 3807 11726 9519 14189 14160 2745 18123 8005 11743 15224 15526 7607 14025 18120 16921 13462 7163 17510 19321 7583 11168 4097
5171 14479 17092 1286 7003 6293 7772 14677 8625 3334 10457 7469 17615 15463 19437 8299 11782 5606 17047 3270 18156 9087 12843 14106 18875 15474
11417 17218 19432 8258 2048 7615 14957 18519 2206 7243 1595 3112 7782 8382 13414 14612 14928 15616 10791 13871 14111 18275 10174 4337 9397 13052
8108 6670 8667 18819 9754 15113 6416 8263 12058 7744 12405 14435 17791 14230 13125 16862 12787 2320 2397 14444 11174 17403 5674 9407 17905 9236
13196 4113 18874 8195 2726 12014 14975 5084 3851 2516 12244 7569 17452 9194 11902 2547 2296 7 17623 6778 1719 14532 15917 16052 19465 12521
7654 17589 12046 2410 10919 18701 10842 18860 11580 12452 3053 13371 5532 8822 5131 901 12427 12344 6256 749 9862 8165 11380 16905 4563 14486
1452 5988 13326 18261 4643 7547 11709 7460 18416 1311 4867 10389 6093 18117 11840 12389 3216 6597 10233 4717 15212 14596 16396 13129 14399 8687
19370 17677 12548 1834 10658 888 15562 16321 18369 9529 18360 5334 14632 13792 542 17231 6307 19672 18742 13785 15410 17257 19996 6143 7196 5139
5961 10477 19345 8766 2706 18065 19126 10904 3536 14156 7851 14989 11006 2637 11257 16987 3889 334 7849 19906 18754 6790 15662 17321 11812 14249
6104 10833 10725 12353 17235 9795 16948 5264 13579 11153 16392 2100 4266 15853 5320 12998 17752 5547 4901 4783 16373 3121 2152 2586 14821 6261
12289 222 15292 11672 4830 10348 18753 4995 8601 17090 13508 7030 234 11467 12770 6638 9106 14647 19268 9318 14365 7443 19382 7165 6134 15408
19167 5379 9139 11683 10827 9766 9727 13196 2988 14859 2945 6112 18065 6052 508 10082 9049 6120 2599 17250 8158 11514 8914 12048 2701 13477
1890 7611 16016 15047 9252 13480 16932 12890 3754 10472 15623 8935 12337 1901 18837 9111 10573 3662 11735 13256 9870 14421 16445 3278 14233 12709
9155 8339 4372 4399 18386 2647 6417 13093 1135 3269 13950 788 3822 6133 17192 10368 2561 16869 290 13621 19563 16956 8378 7146 14412 12214
3995 13265 7279 11744 1536 6353 4856 6943 923 8038 7774 3244 4571 15862 18114 173 16148 8417 19851 13741 16071 14891 9635 10925 7925 3419
16761 19680 12228 7621 15446 4806 16692 11075 3351 7904 15520 18527 19173 4622 16490 19870 7369 13327 1295 17916 18607 17184 1242 19817 2488 15012
17569 9322 18772 12366 13355 3154 4568 17913 564 4226 18384 5105 10455 13724 19006 19278 5062 9735 7452 14313 12015 6586 7481 6969 15937 4272
7945 5271 2218 11064 468 12246 12294 2745 11286 259 5672 3053 13188 9476 12949 17018 1378 11113 19754 10861 11233 13275 8393 12046 10656 2197
7157 859 5564 17433 15575 17693 6354 10065 8470 7090 9568 11324 10135 11057 7244 7734 15009 11090 474 1466 5377 8780 8537 8462 11883 5713
5129 7371 12005 15649 13949 10773 17774 18199 14628 6173 10090 621 18212 6707 9608 18463 7622 8867 12210 7709 2391 14717 9014 5687 7304 18671
17776 11684 6687 9961 8796 11085 8611 12625 9540 9146 294 14793 1201 19849 15326 10861 16261 10860 7509 13253 15949 14394 720 17975 231 16065
18947 18731 16612 9135 18057 13954 18560 9230 13721 851 19548 459 13612 10317 4803 653 11539 17452 12089 18235 6045 9381 2888 2438 12597 19227
13844 15552 10426 15839 11358 17615 13593 14260 11049 18040 14150 19080 19414 10638 8568 4800 12364 18213 8679 3402 3942 3859 15298 1646 15003 3438
5017 19253 1490 935 11975 6731 7602 13556 19641 12895 8398 14667 14760 6019 4325 18709 15443 7133 1134 14479 6662 0 17259 2967 12854 5185
12232 1037 19170 5022 6042 8578 4275 6548 15991 11195 9134 10514 9205 5305 1410 4078 15820 14044 10757 5474 4794 6704 4005 19039 3216 4669
17401 4310 3329 16539 14771 14351 16704 8855 15343 1580 4166 15677 6069 19875 7533 16162 5652 11839 11180 12150 14740 406 2572 16041 19818 11522
834 4197 12735 17674 17131 18630 808 3156 9180 5296 12686 15962 17230 1972 12108 19906 14422 9959 17288 17710 2285 15016 14857 15154 1846 3503
10239 10562 13763 12629 19613 15530 9968 9032 12157 780 13869 16018 12733 19269 18426 3638 2413 10879 14346 17858 445 10792 14785 14623 13821 1257
17293 15484 6116 11545 5548 10669 14181 18621 18701 17876 15802 1758 10819 364 3198 6288 13138 15011 4041 17125 18138 13429 6183 14988 14021 18113
1525 12399 15223 1254 11315 7930 4907 16297 9781 8872 7620 10876 14206 4379 4769 18670 13972 1129 1586 7038 18786 17361 538 8502 9774 11239
3478 11097 18236 782 1202 10759 19754 853 3887 1389 5981 19399 11405 6787 3732 9494 19771 5091 1865 1918 19375 11743 17572 1258 13662 19195
12864 11176 11327 10899 6492 7312 2945 17729 116 3980 16096 14167 8744 7093 19028 6818 7584 17466 1837 13724 6126 15232 14082 3735 7363 15616
13188 4086 18437 12206 4897 4004 7763 9561 10529 7355 16284 12384 3146 8332 1384 5675 8161 5154 8820 16778 1374 2511 7101 6628 17190 12090
11439 17645 6947 13018 16902 472 17580 137 5380 12133 10728 8438 16603 8491 4585 11721 4218 4078 17478 14102 3850 14812 13178 11604 19923 13002
12396 9936 19264 499 14199 16031 489 17342 840 2934 4096 19235 17173 8425 2105 16992 14834 8710 6203 386 11279 8409 14668 18212 8085 2145
17016 10427 19862 16823 7252 4562 4773 13579 8098 8788 9183 3638 14887 3677 1474 9196 14983 18404 16164 2385 2095 9592 18001 7532 16013 6013
938 10517 1464 19676 8475 14949 19078 2091 3971 15489 11568 18074 19587 17375 4499 7565 14811 2430 10784 629 4108 1724 19927 9663 10789 11504
19013 5100 16038 13446 11783 7304 14132 3800 14302 12065 14728 15673 8548 5134 6000 9714 16857 6386 10852 17862 17525 7803 11140 11258 11204 15408
1184 17534 12370 19288 16188 13037 6620 1990 6924 14708 9649 8202 7964 13251 16557 3928 16741 16920 8346 3771 2178 8628 7426 2689 1240 1668
15133 2837 530 1333 14602 3595 12441 4946 6840 11072 15354 17333 1597 9520 681 17534 5211 11801 14531 11972 7805 19293 8045 9403 15080 8419
274 12494 10720 17095 19829 7127 10625 19061 5255 14120 6496 14270 3456 9976 2342 11291 9824 1539 11437 16901 14354 11025 1370 12370 1953 18663
11876 10103 8855 19445 19696 13715 15670 9093 16023 17062 2942 17618 7516 8187 5390 1347 7164 18305 6052 17882 5862 4898 11303 11500 375 1164
13710 2511 5764 18895 3859 13970 12668 4171 5549 6456 18190 2650 1020 11143 15675 18371 17000 19182 16511 9196 1544 16133 14637 17530 19544 1852
18840 8158 10305 15320 8989 1237 1333 18673 10509 8319 7964 19914 5188 13725 16085 11824 16416 15976 5972 8098 3705 8335 4734 2448 5957 8267
13096 15258 15806 7780 6084 3007 7306 587 14537 10954 14936 4583 6984 7859 7075 14920 959 875 6718 8234 10271 15287 8871 2147 15383 8681
796 8523 1620 1605 4041 12555 10728 9640 9757 10355 1309 10757 6407 1600 407 3009 8630 3628 17775 18794 11790 17244 6986 6698 9419 12574
11149 18625 1797 13508 17992 4484 16915 16941 11871 4467 89 16639 12615 11448 2725 9575 9980 16690 10050 119 14456 18601 14505 10643 18089 15645
3187 19264 18536 14076 10599 18566 4350 2671 3223 5916 6524 13024 17315 12128 4860 18820 10461 1630 4643 13230 12153 3992 2306 2663 14314 6196
18628 10754 7678 11710 8911 3879 1638 10677 14403 16722 680 7327 6999 11663 17712 4275 6408 1986 231 1689 7510 4283 7089 741 12051 9673
10137 18103 1844 3909 18922 17198 175 7777 6530 12267 15561 4471 10134 10539 10583 17392 2326 5748 7828 7968 15994 1340 864 5677 18301 14499
1636 576 17817 4816 5027 17677 5792 5280 5645 7547 5028 2685 17050 16127 13128 2325 4935 19755 15548 18539 2329 5529 4193 19547 7949 17993
4635 17370 13608 6816 2084 17082 25 13596 2431 8415 12614 3157 8797 18156 5450 2565 9889 6903 1036 10024 1603 14998 9172 6409 3032 9180
7453 14254 308 19707 18806 11800 14212 6082 16440 1946 9098 3853 1293 14552 11528 4537 17427 3532 11861 1622 1497 18277 18535 4477 5349 7337
5138 6954 6089 14392 12620 18358 14372 15059 12927 12454 9668 11003 4590 18899 2658 10475 5696 5525 3283 4264 5434 8768 4158 16570 1118 11711
6726 16182 8053 4553 18778 5932 11336 14905 14203 8110 12821 9614 12998 6296 11766 1739 12823 5598 11613 19543 8416 14147 8116 15295 14059 1965
3083 3897 10731 17668 7986 12769 5406 18720 3831 7324 12826 11352 322 2649 15546 7453 4293 18585 15627 9726 19052 15351 1557 19591 19252 7789
14820 5708 5267 16407 8780 15482 7358 4793 2618 8666 8136 14076 9317 11606 3586 7488 12919 1221 14226 2972 3493 19687 16268 13309 4726 11063
4139 6209 9707 17511 4155 18841 12979 10067 17203 11492 15836 11460 15386 3503 8313 9926 16802 12092 10850 17892 8113 18842 17409 14500 19392 6252
6899 17268 6199 19357 17020 12507 16974 12346 14464 2967 18331 13586 11632 1663 10216 1393 12095 13702 17119 16141 10852 4622 10695 4291 9551 10592
15078 9953 9494 16708 16504 8762 15291 6746 2214 17835 17415 1579 13966 16122 4556 16107 6993 12535 14954 18473 16780 11178 16682 4908 612 10083
3151 1151 8050 6813 11297 1788 14531 16163 2956 460 4646 5319 7455 14246 13321 24 18492 11438 11668 9252 4487 8442 16852 12238 972 10046
17273 1021 12307 10494 8453 7865 19354 1212 15038 6169 4061 18277 9974 7790 2711 6038 17899 6293 546 9052 1013 6273 2971 257 19909 11200
11253 696 17266 10994 9096 3019 8675 19136 6348 13878 3775 9563 16319 17506 10111 18076 10538 10288 12417 13442 14270 1246 18176 16701 2917 2552
8186 6834 7777 3324 18556 5599 8268 7576 9734 4411 6666 19120 2677 16547 12400 6253 15463 1124 8091 6417 17372 19147 19824 4168 5140 15623
16330 19647 3108 18909 14254 9502 8844 10326 4641 19095 11490 18150 13700 3005 2988 1180 19393 16145 7139 3454 14393 4081 10080 10996 8291 12310
18201 8156 17572 5255 19893 8657 9371 9875 8624 5095 2254 12379 5209 3651 17473 4253 1111 19246 19209 13856 18838 11047 17821 7053 13280 13168
10889 607 8567 9653 11625 11874 12241 9474 8272 2624 13994 10237 16549 12045 17592 9715 3642 11 12633 9257 11375 7417 12033 12938 5305 9576
19737 14487 913 5665 9576 3326 4209 9951 14479 14311 1701 9859 8248 17035 9077 16315 8386 15586 19217 3778 861 8213 19005 19267 11257 4297
6213 13275 5435 15035 17153 8904 7697 19078 13718 2264 15498 5742 7854 6079 7541 16171 11693 18209 13738 573 11067 719 15767 9963 16071 10222
14719 13611 12315 8620 13989 2078 18754 477 15814 6668 15802 2204 8880 14850 12739 12718 10028 10172 2946 11621 310 10139 11170 10862 2284 15598
1128 7107 19238 18140 13355 16800 11523 1384 18162 12626 1429 18849 13830 9829 7820 12565 12708 760 2543 18823 3152 8183 14300 8015 5941 17028
18755 12111 8696 12219 11646 6857 4934 19797 9029 17297 11559 11616 3987 10191 33 6824 7344 7900 6295 16451 17964 17068 18999 9944 1950 8196
15160 16588 6282 385 12877 4872 7362 12949 17248 673 6259 1567 4480 1028 3912 16952 323 15865 14476 8650 3268 16375 17661 18392 11295 12924
1977 12091 13753 1833 171 1168 15318 5643 13705 11207 1765 7308 121 8871 6482 14850 13749 13875 18734 606 12667 15717 13090 16468 19419 9232
14819 1457 8341 16475 5644 18241 18100 7470 8588 558 3217 4662 4439 2094 5394 5176 2068 2662 17359 6868 8904 18859 1819 11366 18104 273
8866 1050 6170 12132 2540 17386 5439 10290 10822 6591 7751 9316 7514 13492 1606 6509 10603 5709 14831 13531 4152 5684 18489 3842 987 5326
15930 6468 8908 5604 11394 12501 9450 18611 15338 5237 14612 9962 17817 9750 2352 7921 229 6128 3862 16583 1755 2920 12693 12845 18375 16331
14960 14424 10354 15230 8501 217 18048 4893 1813 1461 12599 19224 9134 19347 5359 10872 15435 18579 2452 4938 2203 12299 18799 13112 18415 17856
2909 13495 7939 9988 16573 17215 13850 6723 6329 17600 11649 17502 16062 3331 7821 16753 4406 6623 3474 4052 16101 12999 14276 2907 3846 2470
2132 17911 2726 2269 1089 11998 12614 11611 5066 13097 16824 131 13401 18579 15786 6671 3544 14664 18446 11537 17717 1722 4376 996 13238 13488
6294 14374 18379 7473 10677 9378 16984 7479 16265 6679 14042 10063 6420 6581 7549 15426 13559 17622 6292 3361 18599 4513 17816 9637 16378 9031
564 2403 17646 18933 10799 3220 209 19477 12703 11491 2085 4343 6829 12808 4334 16085 711 17232 11679 4187 15456 4760 2947 14719 6674 14412
17650 2897 7333 14128 2907 19372 13138 9139 19288 18237 16389 16752 5730 8189 5443 15006 19937 9883 3446 10586 13624 14082 11498 3187 11414 13722
18517 16774 19114 11886 2 5432 12187 14217 13799 8333 12412 12925 1524 4005 10645 18027 2923 19745 1634 15569 19302 6149 18667 13352 7515 18227
1234 8600 4385 2640 171 11356 13134 4150 10072 8378 7426 5171 6860 3858 170 17293 16992 7667 12084 7185 19066 1374 12374 4241 4751 744
742 2956 9666 14827 11395 11437 8151 6551 2708 11926 7596 2268 17139 18923 3218 16779 17950 6790 14229 4974 11769 8546 18094 16895 419 14961
9872 12523 1904 2479 19165 12205 5866 15279 11418 7463 16397 12128 3573 8516 17520 8592 8185 977 15863 4885 326 17266 14008 6818 6555 10644
1989 18864 9399 4122 8645 10875 14778 6593 6404 5372 8562 19624 6833 731 2485 751 19990 13940 19496 9548 15837 16888 9478 19548 10845 3250
16697 13583 4136 14331 14172 3870 14270 1814 19031 9292 9323 6952 5361 15104 13642 4349 7901 10643 10187 14300 9016 17976 9924 16827 1910 16562
9666 887 10757 10394 15802 15864 11148 7697 11587 1377 17613 4965 11375 15478 19524 6630 636 6283 2447 9674 16255 11023 19639 15426 6758 11226
2311 5587 18488 6390 15130 16815 12889 4391 13528 18924 18595 2624 10358 16689 16157 2733 18169 5392 17505 10847 15449 16637 1839 12336 19021 19906
12286 15466 2872 15012 11555 6122 14745 61 5671 12748 6949 14328 17851 16964 9488 3113 2345 19949 15506 19354 15707 14928 12530 2319 11301 13943
17491 2401 1927 14384 5445 17382 15033 16115 10430 16399 7479 5024 10401 13629 4880 1794 3244 16943 3093 9652 9007 7577 3772 6091 285 14997
14158 10892 1090 9361 15675 19501 919 19809 3022 19628 3482 4758 6230 773 9572 10105 11826 15854 6824 18495 2277 2318 19715 7594 5110 18301
18699 4011 9348 3563 16110 3880 19379 144 12339 19842 10060 5765 1235 9030 12286 7942 7184 15611 1925 5484 1688 8860 19511 6731 10150 9017
4048 5521 12478 2363 520 7665 15729 12616 12935 17230 17357 19729 1898 12021 15941 1644 6562 14060 10832 5664 10815 515 19524 8810 14923 8852
12712 7906 18982 18703 2963 8628 18199 8683 19570 4627 19003 18307 17492 3913 15337 430 6048 8622 4664 6468 10809 12575 13784 7698 11818 6597
8958 17337 1173 678 13418 5660 15608 4400 4722 622 15047 12108 12754 6522 13782 16728 18732 9842 198 4255 14714 8018 18045 13437 6974 5728
3609 635 18539 16948 2401 1729 6349 3329 983 534 14881 15092 4229 863 16192 12495 6713 9177 8065 13147 12419 5025 11770 13977 16345 8507
18069 13920 14564 7360 18629 13033 6565 14196 1159 17143 15082 320 7808 5743 1587 3668 7735 18947 19044 9638 1719 4435 17694 17998 732 565
13573 10597 13346 6563 16244 15704 4819 14696 4143 11514 3216 11938 19224 18112 9529 11540 666 7532 47 18240 11433 13107 2330 19281 10882 4004
810 1454 7196 12097 4729 10826 19029 985 2252 11827 18880 17396 19343 13388 8724 1494 6503 16040 1732 3691 5335 5417 6629 9249 8716 7155
13903 5980 10265 2632 11157 5329 3022 4690 2956 13252 5155 15328 6416 16849 11592 3166 9158 2114 8610 15697 16450 5150 16922 2632 12363 7436
9063 19292 16270 13874 5994 5391 19299 14594 14529 8274 6884 6956 16420 9932 1625 13510 3454 18785 9787 19149 4481 11537 7874 9115 11320 19745
15392 4129 19930 3202 15004 1192 19849 7667 10070 18851 11976 19219 7112 13243 14287 5336 14913 10214 4569 10153 13154 2099 16832 13895 16772 14172
2845 12263 3848 7568 1568 596 6158 2364 340 4901 6687 6592 12436 15750 6758 4161 14569 17021 7456 15038 10412 15192 3617 8372 18084 2034
526 19423 12823 19008 2179 16140 15539 16659 760 3198 2195 8284 18301 14734 2618 3711 15300 19735 1270 9644 8826 2897 15239 15572 12158 16593
15775 1608 3198 16444 108 10899 2651 5394 13954 15991 10220 11785 15968 19616 2388 7037 4242 14559 5754 16631 17679 930 16590 1240 2063 11205
18834 16009 2233 10441 19389 10384 5083 5918 18021 7414 2564 18483 9738 15621 18902 14425 12586 4477 844 11762 8321 2980 15133 8030 8762 1450
8570 17206 17150 3391 3685 18393 13027 9156 10517 7586 1795 15952 16518 6733 8224 9971 12395 9286 5362 7957 17264 14953 2559 3751 912 4031
18224 216 13202 15316 5084 8935 19863 7605 14217 3082 4568 1388 16978 1231 11678 19150 15928 3515 17529 2084 8853 14205 2098 13957 870 3421
10875 19210 15427 13581 17775 6881 2584 8366 17810 11128 9286 7429 15915 5558 19215 10064 9294 18444 6305 12861 9896 10745 17900 10512 5845 2537
8589 3493 1367 10299 12221 18913 11742 2969 8443 17041 18895 18823 18857 18551 13188 17479 5626 14753 5400 4132 10392 13077 540 19550 9822 15395
12415 12338 14510 10325 11063 19976 5241 9444 11409 7412 17577 11146 1706 16965 16323 893 8722 16707 579 3552 6803 4071 992 12111 19410 7885
18841 14444 2761 12557 6029 2239 131 2886 18291 3657 18454 5408 4203 3694 8407 6975 6806 17072 4613 361 16160 312 10899 3789 8306 2061
2313 3284 11112 584 7666 491 5002 9399 4393 2632 12262 8892 7199 14998 12406 18733 15545 1201 14768 1394 19864 5121 14565 5970 3493 10293
13435 5670 718 16920 9532 7353 10354 12378 8715 17231 6137 14578 17982 5671 19107 16543 11099 1749 6090 7749 7592 18065 9674 17722 16893 2704
4136 13933 10101 12816 19892 2816 5038 8320 3866 16191 5325 18978 19497 11669 6006 19660 11817 266 16948 4092 778 1519 14579 7890 4193 8616
11960 7991 16153 7489 4366 15011 19776 3525 6102 5559 8029 6315 10182 13551 7169 3349 4421 14630 16109 5624 1776 8692 9289 3248 5978 5289
15408 3605 13154 3270 19162 12349 142 13175 670 10347 3833 10011 6043 190 13413 16614 4171 12763 18589 14710 11445 280 4426 18170 15575 16706
7087 4518 1061 5499 10395 1372 14829 8938 7535 2243 13182 9136 1158 2737 1603 1720 14307 18282 18322 4707 10376 1198 14351 1071 19399 5105
1279 17070 17437 9884 1960 7421 3945 18616 16450 19530 9346 15120 4494 13283 17821 8582 18155 8106 13396 15777 14160 12122 9782 13845 2488 2874
12751 15707 14837 15261 12178 9182 9425 13881 4447 14711 8573 17913 11460 8438 17095 15896 3431 19402 18654 4203 2680 18378 17226 9369 4697 11280
18332 16493 12779 4564 16216 19493 12781 8668 12166 17072 10071 4103 1007 10936 2088 1214 10603 7633 11553 7561 14561 9735 13434 503 6810 9837
17915 4683 3887 11653 19577 6316 3977 15245 13709 3993 4645 7767 1018 216 5655 12630 14533 6903 3193 7804 19881 1122 885 14441 9861 5158
17248 7718 13307 19486 1714 11603 3495 13503 9382 6245 9100 13394 17296 16545 18783 2883 8734 19943 7109 2832 11647 1999 14703 11404 7927 9545
5240 19898 12752 16064 13628 6584 12123 856 10877 7824 3605 10375 7914 13138 10812 10549 16823 9528 5349 14654 7051 7059 5689 925 111 4216
2487 14779 7525 12806 2922 4600 4533 10137 6904 16736 13535 7397 15490 6708 15598 15934 4672 3454 4076 10825 9728 19468 3364 17797 12873 18570
6866 4631 8125 13380 4888 1435 11951 7536 17655 15539 11648 18033 17335 4317 18971 4176 13445 16985 4825 790 7255 11803 13448 3440 6565 5878
15697 8575 8183 8527 2710 4189 6546 6208 4362 16658 18481 13452 15800 12432 10522 19043 15674 9446 8998 1579 8556 1993 18215 1272 18183 2417
6361 3785 15139 18180 9232 7367 14041 13729 8848 16546 4539 11675 17615 5307 19604 10650 12452 8059 231 15127 18959 11733 12369 18643 1888 18558
14884 14553 13121 12748 17071 14638 2198 5238 11986 9375 18609 6085 12970 3581 18117 5133 12750 15741 7369 1585 9344 2364 8513 5110 11809 8602
10923 4426 4763 11737 12600 19858 393 7854 7960 11019 7029 9460 7480 3857 4689 4802 10856 10281 19872 12256 2618 11077 4001 13772 6199 7007
8507 8224 736 7186 8284 13434 3976 7431 15306 8262 3936 11574 15792 12019 15225 11329 7017 6593 14057 16308 5408 14587 3686 10773 642 1078
12609 6599 7097 12231 3220 2769 16545 12316 18651 14225 13658 1865 18918 19456 7952 6852 876 97 5223 16996 279 9808 5981 14469 18521 4461
4584 3944 2887 1802 18208 19481 17945 13509 3834 9083 6728 2390 12855 6992 10837 14299 16978 3117 18786 6215 19391 14750 13741 16060 14452 16813
1682 200 6967 8295 10420 7986 8258 15252 13647 12231 18887 15789 18911 5188 5640 71 14493 19040 7264 17304 6092 15201 7058 280 11423 10106
11705 9479 5341 13420 18416 8481 6438 6389 18987 17753 13669 384 14573 18070 436 10361 5012 6761 35 61 2105 19223 7170 1021 772 1229
9230 2200 1726 5302 7481 8175 7418 19200 8029 18143 11810 6712 17670 16232 3167 5936 9307 10242 2058 13168 9417 8940 16513 7000 16162 8223
1350 2878 10919 5108 12100 5768 16875 7607 16194 15257 15856 15938 11370 12599 4833 9872 10026 10043 4230 14038 2725 16280 6692 13596 13019 13180
15597 14715 15851 9299 4895 8064 19908 14491 9722 14870 13085 12078 7620 18246 16081 9574 8826 14781 19486 5894 18846 13914 10545 4461 15813 71
11141 11831 16146 18532 13738 2857 7170 4376 12584 869 12071 10124 11014 16705 13158 14045 19079 16902 19610 12075 1998 6458 14815 4195 765 2534
9404 10915 17888 12056 18021 14666 1507 13931 2447 12378 12545 2115 7457 2596 3287 11318 18034 17825 14654 13949 6735 5011 12262 4565 9415 2091
19313 14866 18011 1557 10420 5798 15644 17229 17100 8110 864 3118 11636 19331 368 14151 862 2289 2313 17426 11863 18799 15269 1246 8448 2314
3383 14704 306 15414 4221 6152 11636 16497 18780 9357 16699 608 8188 14036 13526 6175 18652 3860 16654 19496 8401 3552 19333 3660 8001 9921
17467 286 6280 6549 11472 8512 162 16538 9474 7362 15436 14819 2793 5927 17284 13743 15974 5645 10521 17737 15739 17953 15656 15185 542 3184
4778 18623 16625 5431 12613 7468 5105 10821 4504 2334 14244 4509 340 13665 2810 8664 5912 4744 11100 17699 7585 17009 3420 10649 1647 6338
10427 169 17167 15462 17511 10351 72 6028 1525 13339 7019 11762 12601 12956 2624 17487 11417 1480 15983 1504 17396 7471 8042 15876 1394 2658
5838 1996 3905 2150 9467 10955 12449 12909 11692 16996 8694 18252 4091 16711 3737 17618 2708 6104 760 17312 1662 11994 18704 243 4686 15742
849 9447 7048 13799 11010 15620 14741 4952 3740 19277 11733 17020 13472 737 15786 11392 8605 1551 4226 18226 19054 17707 11926 17522 707 7884
6832 1417 13507 14910 18149 19268 3749 4565 1206 10646 19433 6059 19558 15028 3738 3782 3779 16003 9375 6317 12725 19962 3852 3063 1938 7931
13421 13120 11243 6086 15847 15917 11760 6485 10205 13484 11674 15121 16454 13259 6284 8270 10607 10958 14883 6251 19325 3480 3249 4946 2236 7901
7612 7509 294 11272 6952 1053 19504 14594 17908 12336 6965 5659 19157 17146 11292 15139 11586 9429 1072 4878 19619 4607 5615 10900 9464 8383
12884 1126 1743 6535 927 1209 5652 1255 19472 17241 3865 6381 14437 16689 11117 7414 5426 12071 5125 6010 18407 9261 19933 10194 15272 9811
17714 13118 15459 2314 7658 3501 7181 17798 11310 9241 4445 9067 6462 3960 17043 8717 3638 9764 7485 14920 5133 1979 2692 18573 9713 4955
12300 7082 12090 17385 743 12429 5112 4527 18751 10309 2381 4641 6190 15242 10331 10997 1278 1605 2803 11043 10509 12986 11374 5755 12936 16097
14109 1481 8144 4593 2626 17085 4768 12707 3078 11790 13960 15031 6137 88 18465 19811 2512 19400 10963 12133 3537 9989 5638 12267 3519 16531
13703 12646 19932 819 19759 11194 11640 18437 8493 5768 2685 19818 17891 17049 5065 19775 14120 17517 8441 3600 12738 2395 8685 6828 5225 1982
17667 3312 7256 7754 19929 19448 5749 12 16070 1946 9058 18995 5604 12770 19811 281 17529 9743 11758 11969 13574 622 6795 16997 8898 12143
1478 1922 12377 12872 3107 11761 5967 10112 6112 19405 6727 14585 4773 6578 1416 9999 2391 19560 2983 15293 15572 3064 9226 5307 5866 8615
9983 626 15590 8648 8048 725 19312 13459 6425 15260 5830 14935 6063 12654 12499 1013 17681 7266 19723 4055 6265 51 12131 2131 7987 18406
4537 7251 16297 2595 8343 16759 18044 14507 18863 17758 12818 7090 7461 19193 12817 2365 2133 1972 15535 19081 13740 2799 5044 18200 15634 267
19660 2428 3342 10841 1478 2155 207 8580 10432 8710 17993 7534 2769 6798 2038 6495 11953 4282 120 4796 7394 10167 2199 9090 16614 18666
14766 7551 2478 6174 16597 90 1121 7122 6501 17144 13858 1284 1298 5754 17372 7147 16132 4549 16856 11043 16638 19408 8413 2783 315 13221
8224 4746 7453 15718 3816 17357 18665 18712 19866 16150 6473 6661 14569 5184 17228 4764 5749 16494 10483 2476 1337 15430 2990 17658 13015 12809
13740 4196 13544 5806 9163 11352 11512 12436 3441 7010 75 9722 3448 19397 8087 4748 7331 9293 19624 12640 16417 1362 6923 25 6807 12630
13573 16314 14824 10398 869 7078 5329 4494 15147 7079 19310 13673 4180 14897 19571 2616 239 16595 10368 8908 9292 1109 2458 2366 18487 6410
18571 11783 5058 16098 12073 6330 3978 1099 5510 15003 345 13907 11857 1276 19491 17902 13616 329 2706 655 7920 18946 6163 2510 19666 17772
3133 18252 3392 18824 38 2839 5048 17932 13208 14186 4944 16109 6956 9546 8749 6820 9835 2579 1276 15605 8402 2558 15974 4175 3961 770
