365
94 96 97 54 43 77 99 48 92 32 17 59 56 94 0 0 67 84 32 68 79 84 80 99 41 70
4684 13522 18677 10973 4255 3563 10088 7969 4377 6307 10921 5780 6353 5718 9334 19803 1394 14877 7156 12402 4696 2366 8059 13770 15162 12491
1680 18943 1437 7396 6891 11039 7098 17789 13892 12505 7158 1899 18831 1252 7154 12829 11169 11031 8936 17458 19405 6499 10724 13334 1100 7450
10171 12002 10726 7583 5189 13039 15283 3782 14163 4054 8130 13925 19974 4258 3777 10385 14056 12131 18925 17943 17688 17922 14096 8400 16595 8154
8527 9474 5175 5671 8781 6778 5144 13134 14593 16533 17284 8405 9939 17949 5041 4654 14783 13383 3140 4665 943 551 16721 17978 18510 4734
11761 3943 5442 7366 8454 5598 6148 770 14257 15920 5867 1487 19707 2719 19454 8370 8385 3335 18446 4649 11293 14513 15408 7069 5178 18996
8707 3635 1735 3737 17811 13582 15141 14221 16170 19674 16497 6795 9262 18874 5245 3560 10231 14250 1766 3627 13796 327 16659 7135 13433 4691
536 2062 5291 50 8455 16753 18258 12981 11105 5999 16367 7998 6175 848 9445 17853 5668 1458 1180 8225 8829 3088 6206 7753 2374 4571
1217 4843 2384 10603 3704 4224 1216 4507 13305 3059 13641 15204 8648 9348 8618 17338 5339 7716 18832 1531 11010 6416 1416 16266 18954 373
17184 349 7804 11914 12430 4830 12226 12403 14153 16256 42 8609 5890 19585 3003 3849 13376 8079 2902 9923 10908 7063 3660 18002 11398 19491
18775 19864 7321 1112 18077 19572 15884 12747 12520 11282 6836 7138 2542 11340 16369 4747 18719 13164 12093 15557 10106 19058 5600 10166 11472 12890
11374 9314 3726 11525 13146 9157 16236 5292 5507 19717 12299 7745 10377 12507 2285 17875 10160 19177 8259 12146 5528 2501 12079 16568 8256 3780
19876 9963 10309 16407 2564 9591 8995 7775 17714 15577 7587 14414 970 12234 1277 17797 2658 10215 4653 12154 16742 16648 18866 10854 19229 6588
4316 19478 16906 3123 6864 819 13430 15647 10956 7432 14281 12439 4866 9053 16443 6362 13701 4288 9804 10533 4677 3432 5687 8329 17568 442
13291 12256 1943 2916 9117 2876 2653 16936 18832 16653 19336 19621 16406 7508 10862 6160 18215 11534 15337 17644 9391 9897 11682 2651 19216 8982
1196 5143 8898 1598 3119 5125 19576 18199 2989 943 10774 18255 10428 5156 14513 4636 1639 9429 4299 10154 19257 13002 7672 8275 1435 16059
1331 107 8139 9580 8714 4584 18234 15006 8639 3919 15511 11522 8398 4427 9440 17035 14834 2650 14259 15005 12282 203 2384 6355 10668 19660
212 19164 7510 3537 9081 10628 13754 824 12441 6183 6825 8946 15577 41 10049 6083 5454 9177 8691 11432 7144 6568 8932 13211 18579 729
14917 19429 10415 6062 1084 14543 14057 6151 9895 7285 11860 1779 8578 10274 15595 1594 18825 11338 10988 11346 17423 2823 2984 9832 11037 16061
2980 5301 10929 17715 5436 7561 16070 17195 9067 4804 7416 686 11284 5453 4472 9980 1321 6781 14808 6886 11818 6771 12592 12327 4877 15999
5703 15788 2253 6083 4331 14422 2155 934 9396 4403 11034 12751 8995 1007 8213 13875 18592 6203 130 3443 2093 7934 6692 6253 3080 5733
11235 19301 17203 2769 5990 8319 17366 8201 15937 8708 10761 19305 16549 14571 14277 13560 378 6170 17319 19294 2888 18141 15684 4678 670 15515
17361 4460 6904 5243 3594 2461 7611 15670 10908 1591 19279 2075 9669 7711 461 12925 19290 986 1090 3868 14740 18619 2099 4180 14774 12372
15604 5191 6132 5085 701 3808 1218 8733 10658 19212 14644 4729 15575 14406 14892 8870 7521 1230 12469 7261 19178 447 12707 477 18264 5084
798 8426 6418 18471 11467 14609 9828 12583 10722 19719 9890 12710 16375 992 11946 19296 426 8011 9756 13398 3819 8382 2509 12792 16203 18914
7072 19332 18720 4598 9945 14491 17678 15344 10404 17065 1860 7391 10696 8660 13860 5627 13059 1202 3437 5392 15394 10119 9750 16417 2217 15830
13317 12832 6907 11254 18738 8760 12273 5155 17328 3271 18253 6173 17426 19221 5788 11169 3109 9231 6297 14442 19229 11607 11832 263 5594 11020
10215 2287 19422 3383 17049 13505 10705 8426 2730 13545 6928 413 8172 19985 894 9018 957 6739 18697 12914 2183 15784 14041 5476 13573 19046
351 2853 14512 11272 4526 16135 4895 6601 2367 8065 7677 16591 19806 11379 19939 3088 7855 11732 1322 16697 9288 8344 4563 6224 11443 8848
925 15570 18802 9348 5476 10413 6027 18803 6324 12694 1387 7888 8514 12985 10593 29 9019 18236 2485 19063 12871 8739 2253 6682 8205 6170
9469 1921 4121 10101 3480 10952 9621 2175 5390 11483 12156 14556 1134 6157 18671 10152 17513 3236 13997 14045 13588 16498 5554 19151 19813 529
9028 12295 17395 16232 652 7131 8295 2693 12086 18661 14145 2584 13409 17240 10287 10551 185 3607 6946 5183 19134 5304 266 1422 18880 13150
14156 15320 19569 14479 5448 18903 10319 17046 7116 4738 6374 1639 17032 18604 276 13605 3503 16325 6707 7703 5599 11525 4975 17720 2180 10260
6369 13231 8379 13829 7641 15165 6178 7093 3244 11777 9077 3001 13434 6253 12677 4319 16402 12281 2149 11379 2683 5891 9620 17235 10500 14892
9750 13232 15293 6507 8134 7419 5605 3444 17224 5102 6440 14070 11645 15573 18582 19221 13538 8735 11255 13325 16768 13529 19103 8161 2182 18231
6218 3296 9790 9543 7887 8832 6237 2503 5102 13403 9120 3561 17023 11095 12760 17025 15259 9764 7830 2090 18505 17023 6316 14772 16735 1308
5832 2911 252 14339 15757 1355 15987 14461 10501 4982 11241 10052 11887 11914 11618 16749 17752 18650 19003 14606 1491 14649 18882 15129 8883 14294
12622 12437 12860 11417 17605 18979 14154 12525 9537 6061 3033 4278 6675 9736 11019 17594 8604 1828 12221 10250 12519 8096 4258 10856 9643 13186
8610 17103 4600 6270 2618 10416 6378 1733 5780 5582 44 1522 7097 10081 1311 2967 7044 1288 5729 6908 6078 10466 2033 6481 9573 6612
13621 8935 12632 15369 3494 19412 7687 13214 13994 1971 13920 16583 6156 14010 17273 3090 5880 658 6921 8303 10983 7752 13712 16841 17634 13565
14545 14578 11993 113 19317 6851 19034 7673 3179 6516 13268 15380 17915 7415 12181 1821 13452 8144 2699 15014 13994 9665 13183 1208 4423 5869
19475 18809 802 9247 19507 1871 10871 18521 7895 4529 10767 16719 1320 2915 12292 6500 2715 1545 17922 2918 2522 12494 10491 8731 17337 12749
13555 8691 11022 13141 13467 6720 3709 3780 317 16053 1695 10128 468 6491 4615 15957 16082 10719 2228 551 10457 13617 7177 3443 13772 4177
13874 12788 7729 9619 9248 14094 9909 5273 2676 15492 5911 8957 14272 6975 8915 18226 4918 15206 12959 13093 15095 18572 19991 17975 15538 7985
17794 10430 9539 19873 19381 10517 1237 4797 14154 3653 2365 1576 15702 7353 7091 9314 14139 5417 12704 2393 15204 4000 1189 1990 725 6276
10572 10578 10929 7816 8863 8 870 1651 1545 16656 4582 4576 7189 7894 351 3808 17386 4351 16475 17368 2005 8552 8243 2045 16787 5276
16534 13429 8146 1778 3025 2796 920 2663 7587 14636 3458 16310 7052 14204 6797 4913 16785 12317 5951 12326 10704 18908 8928 12080 13081 5433
6849 744 5501 10184 17560 4110 1161 9131 17830 18384 18080 4824 389 6791 1287 19766 11522 19169 5133 14665 19375 5267 1569 7395 8246 18087
5493 6523 13425 15816 17103 8925 12816 1354 3442 18350 5947 2917 3803 37 11822 2105 6147 11786 15716 13910 5999 9337 14073 15865 6172 4457
7717 11809 17842 10503 5534 11799 14572 4511 5732 11749 7230 1984 10961 15463 76 3339 9973 3688 16535 16474 2595 4709 14805 10416 1457 15261
15957 1161 13037 1754 29 8600 8664 645 830 19994 12910 17941 13068 15866 10627 18507 11726 9628 17368 4552 3207 8997 10654 6249 7053 7901
5899 5584 4225 4780 17148 6483 16796 4359 13729 8428 17133 11228 19522 13218 18914 11906 5293 374 19200 5692 11168 746 8269 7027 10231 8083
1676 10571 9469 3104 6475 6387 18881 1458 3218 9186 5716 4996 3273 2209 5937 13899 433 10222 9101 6482 7456 17632 11444 1271 17816 6032
7292 15453 533 1286 3412 10118 3237 3354 6624 11753 4806 11844 2167 14516 12000 14203 17011 12018 13920 11350 5679 5738 18866 16662 19055 17767
4435 913 1563 96 1465 11086 17848 15070 12786 1581 15966 6734 15608 15516 7466 3803 16280 18843 4555 2093 12906 15705 18526 1160 7029 13161
19054 19471 17087 18301 951 19819 19155 10622 15868 5284 871 7594 13990 18627 4414 156 1392 13752 5033 348 17996 18481 17730 3289 12745 7060
5919 2665 3772 19384 19587 5426 5135 11450 12205 5498 2271 4833 14997 16226 1868 12185 11069 4735 19549 10043 19399 17467 19963 6563 19858 6824
15093 7859 1599 9758 6025 19138 12935 18776 9513 11520 1215 12831 18856 19036 19634 10127 10637 5521 13161 18656 8997 19993 1502 13304 3682 16994
17816 15586 5014 18023 12567 12517 15432 18868 6531 5047 14812 17102 2166 14220 3955 757 15634 7297 14531 9968 9460 8763 3745 9161 2815 14165
13392 10182 11163 14297 1739 15536 558 11084 3308 17577 13732 17904 2505 7986 4046 13788 8492 5158 12564 19520 14882 4503 2017 10910 1907 16783
13533 6525 12396 19944 570 8450 9639 4051 16118 15246 380 16795 11890 13618 374 7917 13057 12849 14388 12980 15384 13860 13033 12523 6593 19981
15335 7176 3241 2746 1492 12537 18994 18317 5433 10540 5973 5600 15238 18407 15107 8427 13200 14759 5924 7652 16765 7282 1898 18555 3380 1373
13844 12544 682 15258 18141 17923 8985 6026 3584 7420 460 15525 864 14608 4539 8130 6356 16518 7691 6675 9563 10287 1998 3911 8991 638
16043 7132 13515 2795 15893 11424 13340 5916 15358 16078 17116 570 14905 6799 2340 1707 7507 10680 14283 6132 4858 18555 7586 19421 16858 12100
16081 4023 13600 16047 15329 2020 3636 7264 6797 16959 14551 4968 17653 9028 2646 3252 12070 7572 11977 19087 13246 9275 13459 7658 11859 1762
2578 397 19901 15193 17620 19831 17962 3564 9682 11869 6133 6141 4288 18369 8859 9255 5463 15827 10980 6659 18038 19 14495 3314 10363 626
10506 5904 19925 2423 4609 11881 6843 14868 10162 9388 15757 4373 18632 17981 15263 13070 17650 14224 5793 204 5452 4438 11306 14379 15946 7580
7465 13971 6480 3071 6582 4643 1629 19116 9768 2069 11608 8974 9987 17521 17074 6705 5132 6633 9716 6178 8261 6743 4731 12373 7107 6276
632 4697 12887 17684 4728 8693 10955 12105 18072 4015 13496 2212 7926 5792 4995 1954 13519 17340 7903 1827 3746 13492 19478 9345 9002 17428
14859 15041 8130 15638 5721 18506 331 8466 747 7666 19835 15803 14090 16571 11223 17022 6162 716 19562 14338 5338 16081 15452 6278 14639 16043
8272 8338 11716 13482 5916 8135 1129 16684 872 15213 2952 9220 14087 18686 3618 5793 17541 16136 8987 10828 2079 4436 6249 5853 8976 4087
18020 14503 15014 16116 1381 17824 12209 4657 16976 9563 4778 19542 4533 9779 8798 10714 4939 10138 19942 9950 14223 5965 9103 16632 16909 7102
5545 6478 3848 18423 18594 11281 3074 6807 11120 13986 7635 7595 9891 15795 1172 6754 3628 17243 2627 10819 10194 15033 8761 10904 14219 18442
14705 2315 15476 1523 12569 16711 15885 16219 1827 12295 18879 2778 13321 3611 1501 7489 11576 2763 3145 4493 8884 15989 9353 2868 13388 5721
7374 19729 11304 13945 5167 17536 17471 19164 7018 16492 15044 14217 10384 3312 8849 16081 18173 5086 15554 19163 8640 2845 15756 18225 11972 10848
14219 18672 15605 17702 6625 17446 11741 4679 3299 14757 7888 14000 8997 16300 10930 11997 3149 12312 14805 11018 19960 1405 16855 15714 10971 14340
13117 5121 17870 4474 16388 7401 5369 4264 9051 13655 16862 11166 14209 2812 18876 6401 4923 10791 4187 15359 8318 8120 16875 12968 17794 11243
3340 1469 19390 681 17977 11026 15815 15580 17675 6766 18145 10199 8010 9140 6974 4617 17633 1251 12144 18678 8855 17220 8163 12938 16321 16543
12125 1400 2217 18034 16670 1716 19793 9759 12255 5150 2117 3806 14262 17191 14133 9160 19054 8447 11931 16306 16433 17998 16308 9540 5037 9538
9757 14177 3626 10310 11233 477 2343 16842 10561 14246 19840 13973 9702 4480 7185 3249 10439 8677 12177 17642 7346 3998 6186 15139 19053 5501
11156 15114 6305 9851 17869 9612 6588 7922 8256 3907 16103 10707 15731 13287 19330 13670 14090 19679 644 15446 19897 6535 10408 8263 19 2991
3534 19622 39 2197 2658 11827 19117 14478 12837 12627 6435 3414 12543 3671 7784 12753 5515 19039 12132 17497 11986 3273 1003 592 6544 1722
17688 11735 2341 16764 7169 16421 17760 6482 8671 15039 15526 2984 2356 11248 6057 12811 10857 13403 7329 13681 7660 4959 1895 9250 4968 11037
6373 2540 15368 1282 9641 13259 11518 13001 14247 16650 1063 10680 5578 9264 343 11373 8226 8325 6224 4985 5163 594 16979 13219 6690 151
17960 3587 2688 13440 15127 13177 10989 8329 13338 3382 17616 9099 11989 12203 17597 4879 8131 4722 6226 19074 2747 6805 852 3094 17106 3053
18695 2059 11466 15960 4221 7261 3467 17067 4160 9719 18422 12671 18248 2346 19811 2470 12036 2374 11087 17017 17642 5495 14675 375 10078 6822
2893 3562 15805 15073 10528 7331 16912 9230 1694 10992 6549 939 10307 8386 13909 1097 1187 11005 12919 1864 9936 718 6077 2619 17275 4558
6786 15266 1227 16390 4772 16981 18778 18558 1035 24 3537 8707 4664 5891 11201 9891 19269 14016 7800 316 6521 19382 4181 12425 10482 16428
6136 16632 6915 5987 7541 3041 19640 8741 1778 2694 10606 15490 6316 17148 1120 1508 3235 17242 8817 16176 15395 10559 17304 15178 11780 11492
18471 486 1552 5302 10084 17473 2937 7248 1037 15568 19181 17007 229 2685 821 9882 13243 15052 14417 462 1112 7490 3419 10524 3320 736
13295 19238 3352 3673 16329 3613 19315 270 5009 13410 1997 10585 578 14228 7343 15426 18195 10394 9951 9033 608 6056 2087 1192 11621 11699
11351 10272 10782 810 549 15175 15650 17942 15281 8806 15505 3925 10124 3024 14151 18646 10752 6584 132 15093 11690 19699 9413 15735 9960 6213
15900 17636 15425 18166 17637 6622 3798 3629 2543 7444 18190 7705 7968 13828 19735 15568 9632 6574 11732 19923 18848 17519 6332 19352 16653 16302
3239 10968 8720 2849 10715 2956 9963 10596 18845 16281 16980 9738 7636 19344 6438 14133 9960 8498 11636 8639 529 11417 555 603 18810 4392
5308 14836 5262 5922 10673 7946 1968 17273 7093 3588 17213 14744 8328 1176 13694 14626 19268 2717 4548 15807 13995 17952 740 4292 15592 3036
4074 18750 18878 8777 8269 3693 2115 13086 14442 10575 3619 19565 5176 18277 13753 13403 19045 8007 16808 16306 18892 130 10932 2784 8290 7316
13117 19591 15144 19472 12898 1539 3257 7942 18545 13142 6328 19919 1998 1081 15783 19375 17974 321 19664 11061 7749 5301 16669 12517 1190 12591
3532 8384 2943 3065 14994 19335 5910 5281 600 12222 12964 10 9438 7732 8290 2268 17780 5417 3540 7195 11599 8278 1428 8753 9126 989
7995 1707 16374 12467 374 456 14448 11438 130 1971 16119 5711 16117 2804 12867 14917 911 5767 6814 18786 2542 1688 10679 19848 198 8140
16317 4323 4185 11295 6369 15950 13501 571 15699 17222 7949 5741 6404 13819 7037 3717 8878 10315 1485 17411 12460 17461 18819 4881 9165 17023
19339 18698 3973 1212 18249 18851 18520 19384 12851 17832 6811 14860 15014 18808 8913 8699 12346 1155 1323 18649 290 17427 5163 11246 6691 2033
19121 8270 12021 13923 8015 9391 18281 9219 8406 304 13623 7296 5829 18606 2832 15175 2520 6789 16644 18924 7797 4028 6033 11145 11590 7232
5578 14810 7760 14574 6530 17045 12824 6629 17888 9105 14677 18661 1579 4296 12441 19889 11524 14065 11742 7270 19168 18491 17599 19971 9371 4210
8877 1513 9232 8984 8627 9839 786 8222 1726 10789 4536 10710 6981 5587 5267 6295 5951 15071 15675 6198 14444 1821 3975 15568 719 6438
12374 1265 7362 1877 8384 16746 3852 13450 1665 6004 17824 1282 10376 19320 19696 12147 5238 5580 8256 12796 8446 11941 6583 2293 15058 18972
19210 4244 7689 1624 7277 18475 17151 2817 12499 16007 16744 8778 16081 11428 17911 2709 18962 19999 8790 7035 8081 6728 13605 2478 15166 1202
16160 11563 3889 16993 18527 8539 6030 14676 17986 4194 17868 6682 18260 15449 8739 18685 7099 10598 16254 11265 358 17071 2295 19511 18884 367
3522 3385 6145 2132 15512 3953 10638 17006 12370 4065 11385 6849 8402 10758 7911 7147 7222 9487 1954 17853 10869 591 8785 6134 11767 6360
1727 3165 855 10344 17347 615 19983 12083 9504 10368 9698 9236 5039 2261 5485 3366 19234 1419 10034 3323 12692 11095 8200 10949 14774 7069
3116 5369 9027 7793 3701 1287 11900 7699 19753 3312 14338 13478 11500 1280 13288 4553 17689 3808 1539 16664 16868 9601 1909 8714 6730 4313
11834 8823 9035 17616 9906 8817 1619 14190 3194 1973 4854 17217 7098 18739 2987 4584 10961 11026 530 19211 13902 7316 13126 18261 6407 9497
14839 4945 7560 13321 15923 15235 14223 19580 7923 18849 13515 5182 8141 12499 5941 8334 16988 8564 129 6125 13518 9236 5153 499 15754 635
13616 6462 11250 11603 10177 11194 3085 15483 19094 10545 18039 9643 1653 19936 6283 19207 17916 19578 14359 19266 3315 18338 15905 3003 6617 765
3988 6362 3437 9485 16347 6066 16159 13032 17534 9426 2518 18315 8917 7510 3898 15761 2362 13376 2765 16298 11313 11239 9198 1555 2048 17762
1000 4065 4132 9750 12340 17945 4597 13114 5681 16710 18072 3143 16831 10832 454 13159 10064 12356 1763 9163 755 14794 4033 12789 13786 13078
19146 4081 17717 14710 8761 19844 1958 16623 16272 18598 12941 18391 3600 16471 13102 14868 9647 17353 4577 13746 15892 10786 9777 19891 17822 1408
4455 3215 12201 9402 3767 14172 8705 18939 5336 16315 19316 8951 262 18151 15156 2868 13510 267 252 10458 15923 14866 15237 943 8391 12564
2325 16327 16674 5415 3971 10450 6773 19486 13285 18679 5460 7661 10040 8044 1324 3128 6453 19123 8432 3827 15005 6383 7359 17717 6601 14948
11474 13660 6543 11486 16640 14124 19155 4155 6675 1633 11935 10437 12092 5646 17193 14698 10932 15844 7259 4663 15802 12445 1053 10883 16244 1050
14144 1549 588 4991 5762 8493 10792 4702 2533 8818 15944 645 88 19937 12892 1096 608 19223 4680 4938 18096 7000 11765 1886 19950 15180
19670 8459 4102 16286 5601 6952 4103 17949 5082 17719 1090 12304 13627 7063 5993 14433 10376 8196 12444 6394 14016 5211 132 18576 16171 11708
18446 19462 17458 8818 18429 17848 8556 6245 6318 18927 1719 12381 14456 7824 12745 2772 18553 11822 18913 3253 16813 8817 15252 11132 4883 14151
4964 17922 19940 7697 9187 5577 2902 18159 4107 3300 17534 17974 6172 14566 19683 2533 12332 19015 17558 4439 17957 1685 10575 17342 9320 5458
7185 14216 13695 7687 17260 11783 19651 6198 7431 14277 4381 8196 1766 8769 12517 15571 12861 5094 15887 16163 62 14392 6477 1693 7476 16320
8919 3917 17709 16412 5080 19131 5472 5374 12487 13866 11695 15789 6513 13525 11341 11149 14601 2950 12362 2760 5596 2782 6115 11361 15233 1093
12751 3695 13548 2486 8870 17556 3357 15462 15922 2610 3328 5944 181 10582 6736 12025 2232 15984 2528 6935 5034 13225 11963 9256 1292 1841
15806 18287 13031 8839 19368 3949 14914 12967 9146 4455 18203 6361 16044 1743 18903 447 18756 4063 14941 8055 660 15117 4950 12733 5332 15737
4151 16656 5927 8452 18484 421 15064 5401 18982 11259 16892 2247 6202 2577 14961 12253 8395 16433 18963 3951 12032 3504 13966 11081 5600 12338
11959 12128 7939 15776 1470 11653 11403 4800 10044 10876 15904 13487 17954 7947 5347 11851 19232 3584 493 9994 1588 7258 18018 9664 5330 12352
16729 16921 10205 19027 6930 14445 19886 4084 19988 11629 5350 13534 13699 14487 12331 3716 2617 8699 5752 18469 9694 11422 2436 19018 11650 3273
8096 14185 2783 15474 590 10181 541 18258 17835 13508 2363 2565 13636 13737 10237 14358 7146 5398 16750 16905 8409 6411 14431 8738 8922 7511
16982 12552 7761 3879 11930 17333 2962 11444 9480 4746 19325 7430 12077 12055 13817 2162 14867 7243 5425 6756 16463 2656 6392 4891 15444 2760
1176 13680 7200 14432 8269 19873 9283 11718 7100 13251 2177 19743 9669 18483 17827 7600 10347 17679 3304 7935 13393 3892 10115 1399 17374 18954
14291 15825 5496 4155 7548 5414 6609 15744 4867 7388 12059 4979 5326 18818 11825 10112 4620 4068 7252 10272 11243 6190 19938 14532 19970 5153
8112 8762 10149 12369 681 16605 11669 8714 18852 4354 3220 8468 4927 18335 12448 10998 5166 16221 438 1689 10956 3239 5936 9588 13204 3667
6646 12858 7124 11655 9102 6763 15198 17850 14123 3994 18359 10894 14901 15526 5140 16115 6245 14470 18822 16411 15131 4883 15744 15007 13088 18986
1029 12685 12190 6304 5319 13227 17425 6583 4947 16085 18802 17308 19150 12484 7773 11461 1529 3920 15555 7286 507 6312 19328 1247 8398 18372
3961 6283 3186 12061 8292 13791 4982 864 3231 10154 7305 10558 16408 5402 13468 629 891 9834 14289 15800 3756 5340 15929 2077 8947 3010
3402 8494 11924 19596 3109 303 1171 17326 17764 18084 1386 18214 19764 14682 18706 17383 17240 8570 2121 8567 14864 19792 7509 8489 1916 18404
6902 2719 6993 8727 19512 12929 12358 14023 16498 8270 2837 2029 16794 12500 14611 16477 2957 7686 13534 12957 3173 18248 19880 9219 8351 10685
2001 10234 1776 7339 14122 14376 3212 16845 7832 7842 995 4045 3038 1621 16859 17379 11790 1114 18972 3135 8760 15286 19921 5708 2999 2663
3232 5924 16035 13874 16367 1372 9350 1186 14136 18617 7741 15908 2452 18454 18071 158 3304 16754 7664 18354 18711 3575 19286 10172 1689 10374
7871 2045 3872 17716 7790 14764 13779 19234 2678 1007 14627 11625 12174 11012 14383 19622 14630 15803 5493 19465 5017 15639 6115 6076 7320 10978
13016 3690 3368 1215 16116 5890 12874 9432 8896 4230 17830 10737 17477 15499 18183 15471 14824 4910 9019 6621 15159 7715 8101 645 10183 5778
13087 12346 11352 14611 5960 18633 16431 17209 17878 17014 5757 13793 5638 5074 9628 586 15749 11179 18147 17790 12623 857 6064 16122 2254 7620
13576 9105 6694 8573 9270 6637 19185 3123 1366 4134 14618 11018 16431 17976 3769 10441 19360 18572 13035 9830 8104 10464 7030 7940 5853 10467
17360 8787 8745 16000 15251 14070 19119 6244 16953 9349 19304 17928 19282 7808 15685 15382 1355 8408 18992 11572 3983 11847 7459 15042 18116 12628
13034 9929 6848 18036 11681 10539 7039 19332 19632 4916 3138 8879 19226 16905 5188 6999 1235 604 18441 19699 9869 2796 18403 5565 11428 13755
9898 9271 18055 10277 16765 8809 9029 1524 8234 16153 5216 12507 5208 2824 17840 4429 4706 3617 799 17284 15232 1789 13171 5829 1620 17223
5392 12532 9570 5136 11694 77 15414 5212 19322 10053 13180 16233 13707 4324 10017 18773 13275 10498 6377 18673 14156 12775 5217 17020 19685 14325
9408 6842 16389 19007 9049 5948 14619 19570 18917 16914 15735 6121 2195 1522 1526 11081 1945 12023 4283 2317 4349 17376 6640 988 17575 17963
17255 15807 1944 19344 10200 17018 17914 10804 16630 8838 17806 19837 7643 5079 12233 9866 11301 16481 1122 779 1426 378 19523 8894 5290 18842
2608 4116 16820 2445 17278 1671 2359 3594 5122 5815 2708 16951 2034 16633 13379 15009 3821 6941 19936 16267 10586 9625 6878 15201 18486 1458
13172 9634 2280 13998 3896 4107 11690 8907 12393 3932 9384 11511 2516 14430 10712 4150 4069 11616 18290 13771 3310 2901 10852 5186 4572 15652
7935 9172 3810 14066 18549 12319 13979 5977 19090 1953 16728 17868 8247 13734 10168 17230 7045 18235 1651 6252 19615 14831 6582 2017 13070 7964
19945 8299 7063 3718 15933 17847 16757 1094 2492 7896 8170 3749 18117 9485 11609 1575 2495 11347 14332 12127 14266 1474 6130 4661 8967 10862
18893 6723 17266 12474 12231 12633 2262 8021 17391 6585 18369 12136 12045 12701 3178 2419 16281 7519 10863 17314 13281 12816 3404 15428 11871 17373
8739 3831 6851 17790 2428 10290 997 16339 15328 14799 16738 15513 11975 15302 73 17073 9433 6495 9682 1551 8033 16816 7971 7236 14471 2042
8556 4021 3696 7799 8682 16002 17988 7281 17683 11486 3608 2945 6733 12724 18498 2766 7333 6875 5537 8716 15485 3857 5631 8601 6161 13885
1730 6664 13473 12530 17909 18217 6179 19744 12548 12072 10510 16863 2737 3601 12550 9230 12149 13679 10300 19499 17616 19433 7385 2176 5471 5008
703 6010 9995 10212 19930 14577 15664 14120 9607 10365 5005 15511 16204 4871 13922 537 9016 18356 3275 7626 16844 12137 7969 12098 1181 15582
8256 4071 11407 5902 2175 11464 17974 2885 900 6231 10423 1318 13716 11341 7002 1957 10214 2265 13662 2806 8032 10266 1410 8572 18698 10511
6614 5632 1451 15642 1516 18030 5829 5389 5004 13726 6632 3172 7724 2136 18149 6670 11887 16335 4627 4197 7075 253 8459 18821 14770 13240
7610 16817 671 4401 19130 8963 15568 3448 19447 6260 8911 10198 13001 19175 5761 2326 13145 19947 9568 1475 9967 16718 14016 17579 8146 11194
16370 6141 16642 5727 12870 973 5801 15170 15613 13488 12666 14483 14878 9455 19764 10564 8971 10218 1601 7417 17295 11745 4729 15876 12438 3078
3290 15765 1008 10147 12750 11847 13420 796 16141 7207 14609 17988 9942 17374 1902 15804 19867 5024 2203 199 12925 15816 4620 13475 15093 10140
16894 679 7166 18862 12616 18054 11602 11659 9788 9825 11908 6580 3983 3575 12767 2507 12999 2625 6663 12593 13673 17364 6786 5231 10178 7165
2283 13549 12209 4508 4037 6434 17107 5815 2416 3155 12425 3546 15314 2877 11502 11037 9002 10911 6504 10578 14143 2610 3437 17424 14012 8875
13634 1669 12432 7199 12775 16751 18529 6645 13825 983 8715 7535 3960 5979 14445 11082 10339 15079 2590 19531 13177 11883 10430 11105 18871 1200
3035 13073 9777 5141 9504 2206 13868 10259 5445 6358 15994 5510 2959 2016 14782 18502 1454 14979 7332 5138 16282 6671 3178 11739 4933 6156
18808 2118 11884 19561 5018 7197 2906 15808 10611 11027 2256 3234 17363 8954 6403 4629 1625 16992 747 24 8196 5929 13909 15037 10928 6434
12379 8556 13775 14051 12834 15413 9729 10987 18605 17294 13117 3009 16216 7977 1110 11930 14191 4981 10199 19142 16063 17027 5009 11565 19856 29
17869 95 15506 12030 19073 18761 12251 17399 14555 13545 1886 12597 19474 7950 12496 19511 4926 2075 275 524 14995 19372 688 2804 14711 1044
3502 12197 518 6238 8262 6108 14962 7259 2328 16592 3451 11163 4349 14656 11127 17172 5769 15484 11262 467 3635 8132 1961 17334 7040 5113
11962 14375 13606 13352 12647 9603 11137 15788 15797 7302 13828 1083 6787 18047 17970 4391 18715 4950 12062 5701 6169 13799 373 9377 17610 2966
17053 16188 9995 13644 10649 14312 6415 1404 12559 9523 9505 17419 10998 8919 1747 8156 18823 3753 12043 2614 12458 19223 16146 12510 3597 5433
1364 15293 10018 4226 15023 14600 3740 5317 88 5876 5982 18752 15675 16768 110 2194 332 16162 13702 4743 14122 3561 14893 18754 10017 14604
5378 3828 2034 18016 13147 10849 4000 4625 6833 13362 14003 15625 3081 18002 10010 15190 31 18850 8514 11737 4533 10896 6396 1366 905 12962
12411 9206 8080 12184 768 18788 19518 19350 12200 7757 1334 15941 19521 18178 2089 6010 15264 11290 19926 11070 14728 14966 4486 17337 15425 6663
10789 16717 6709 1408 18967 16115 12696 15945 5067 9936 2830 16620 1863 16230 255 3925 12957 18067 14666 15257 856 15928 7791 458 15723 7433
5973 6332 17414 17477 2427 7418 12367 11152 8269 6728 4201 5141 9320 9329 1263 11654 14207 14809 6769 17757 12664 8094 4497 2082 19775 7548
7148 17700 6935 1116 1509 3077 10840 4724 63 12191 9426 6276 5765 19954 1269 13380 5166 9815 6371 18493 6054 16116 9128 12377 11816 2223
4153 426 14961 8570 7625 10930 10441 3378 2417 17795 7077 15090 6013 8257 8968 19037 2848 14438 16540 3361 17267 12109 13310 2297 9063 14699
17768 1050 13433 19481 6449 15810 6127 5766 6095 16300 5716 10249 9640 4192 7652 12480 1859 5553 1626 5084 458 14289 3682 12729 14452 1440
13359 6267 3137 14016 8506 17778 580 967 13524 18852 18237 15389 18257 19874 12361 14912 3190 17463 3604 7506 19693 12757 9898 9367 10477 19697
2453 14073 11733 13152 6817 18824 10917 3837 16195 5106 5042 14488 4908 903 17596 9139 3060 11958 16446 3138 6772 1374 18064 2654 14389 2826
15099 9202 6353 2969 13018 5012 3060 11328 11973 10546 16457 13306 7352 9169 19321 12454 17767 12838 1007 3206 15402 4361 15459 2542 13485 15045
8528 17936 10634 18834 10686 16125 1745 10270 5597 2067 19397 4346 7415 4765 4449 6808 7517 7741 3477 19474 11662 10318 18919 8676 11729 4838
15548 7878 1314 5473 3533 1456 1387 5833 9462 15142 9926 4219 7515 1581 1521 4411 6128 15268 6824 18760 17473 3019 14426 3047 6637 1928
3609 1846 6804 1781 17401 16803 2385 13894 9217 9469 19846 16915 19889 14410 9352 7227 12696 12008 19189 8635 19395 8792 18002 18433 14727 5383
2018 15334 995 1086 3080 16812 16382 18780 13572 12405 14776 14563 1264 5787 15611 1039 15602 18221 15006 11462 6825 7064 14026 17246 3102 3625
9520 1314 19113 12053 18255 6408 7849 19264 2208 636 17340 2348 2905 1449 8142 15352 2973 10130 17047 11188 4200 19452 16080 9923 18612 17290
717 19278 9005 13214 6237 8540 10665 5443 9807 6729 3268 7707 6628 4599 10566 10458 7192 9493 7311 869 9164 46 10817 8904 18829 3498
8566 18867 8066 4576 2701 1253 15495 1696 17037 18114 6202 757 9860 4917 5829 15724 18911 1655 11989 6242 5448 18043 14682 13795 8167 10887
14522 18620 17768 7364 9780 14657 8792 15270 16276 7950 8785 2506 7563 3776 4933 7915 11150 4606 7862 1702 10056 19809 15125 18163 13359 8091
17626 11867 19272 14996 1899 10857 15409 14597 8772 15811 15424 7163 3563 17427 8259 17353 18291 15539 9316 8442 10649 9114 13025 10705 6260 13118
17215 7192 18460 16606 13309 629 10932 16329 1533 11434 11016 11835 11181 11723 18393 9721 3973 2845 16693 7909 12038 11587 19611 1968 18581 844
9981 13894 18897 3216 9918 245 12646 12302 15434 1564 4132 2341 1401 17662 5413 15990 12586 12050 6822 8459 7428 12963 19047 13519 13574 17604
10646 12277 323 14089 5849 13899 15364 3880 5092 358 12795 10705 17634 12650 19836 9892 16406 6183 818 8603 17405 7399 16890 13651 11586 14209
7110 15961 10509 10061 13125 9794 17146 4749 10199 13188 5515 9492 7521 5894 16497 2726 7669 2464 18220 15529 11926 3984 1678 13705 7653 312
2153 17832 2815 2375 19295 5539 4425 12617 16210 14200 11966 14851 8485 14094 7781 2223 19374 12291 5395 386 4751 424 15033 18093 16036 7121
16042 6931 6139 10592 6331 2795 18029 4659 1647 17734 2451 19086 9035 16178 5125 5117 156 7120 17858 14843 5345 1548 17083 13359 4310 8955
17025 16352 10611 7585 10426 17709 11065 15751 9876 17013 2894 7416 9569 14012 13638 3947 19340 645 2155 12139 1375 13964 2150 9742 17488 19645
3428 7334 1210 5160 12141 16950 15069 8178 4099 18492 7682 6775 19023 19576 15498 16725 3744 7791 11472 4114 13425 15071 19766 3883 10967 2208
10290 6879 12067 12906 8534 16550 2527 17248 13858 8742 2336 6546 1038 15401 15994 11697 18677 497 19154 12755 17197 6973 4780 12797 13347 4055
11114 4443 2049 4473 19146 9276 15571 8212 16226 16098 13507 4658 1632 1295 8459 8843 7126 11323 19218 2338 3239 17367 6707 16371 4976 18933
18256 5713 16025 16542 693 11448 10699 14160 4360 14365 17348 17941 19856 18248 3517 7406 8935 12370 4321 15105 9261 9727 14314 274 12839 19345
11302 396 2371 19489 11428 17377 2542 14935 11248 14587 17838 2378 5434 14250 6981 16416 1452 7690 10018 19360 11399 10882 4320 4776 5302 355
18168 14738 8134 2494 8124 15348 3517 16461 13312 17928 17350 1718 6052 12565 949 17023 234 18889 1067 16402 6169 1052 18122 9522 6499 7402
16589 9623 18457 6744 8111 6432 11031 11583 2374 17500 8041 4405 17128 11676 4483 5643 13998 15474 9974 7586 16094 15307 13257 1514 1712 16014
18450 11759 410 3679 5179 979 8977 8996 1010 10713 16662 16781 411 2962 5277 16020 5556 18714 6326 4914 3126 5004 3391 8964 13037 3996
3538 17718 6825 155 7649 120 2793 16299 5023 3650 14733 19104 11852 5863 8954 16481 15567 5236 8320 8245 5738 18165 16709 10050 2115 19303
9185 6866 12273 12912 4887 7708 2413 16051 3871 9439 5031 7159 3188 18438 4129 10621 10512 19984 11460 15522 4787 16727 10492 3329 7615 16898
15415 6044 16767 16590 17197 18173 18290 16602 15590 15594 5304 901 15232 11963 8578 15970 4637 19028 6763 16285 8007 11602 17520 15561 16328 6858
14776 6288 19367 3556 13774 6312 17102 11125 6552 12316 2501 18783 13804 975 14418 6282 5301 2517 9302 7288 7856 6853 19478 14454 13397 16891
8282 19348 13397 3890 4797 4784 12075 12068 10779 4335 973 9627 9284 2992 19685 11874 17476 17232 19426 466 18598 6051 4444 2418 3790 4935
5422 18272 18666 14335 3941 17182 844 14218 12036 15850 14245 10766 1 2753 6748 17924 18975 16505 16300 5346 1183 19542 2050 16551 13735 10204
4297 19725 4075 9602 18567 12563 7568 18031 3540 14602 9703 3598 5221 9035 13140 480 1957 2040 9548 6552 219 19893 8600 18196 7712 5691
19667 19152 17773 7302 933 5664 4891 19009 15049 14823 17134 7652 15155 13607 15671 1582 19193 18666 6396 2598 14634 6859 11989 5610 9288 8277
2454 7282 14804 6538 5663 2531 2484 13810 14239 7132 1675 17931 14244 8166 13394 15648 4498 19147 14446 10963 4764 11422 16742 18247 1523 3378
13372 19484 2743 17713 4393 4783 11252 983 14489 12323 532 5124 15961 15088 18749 2276 2058 6661 8587 6501 17388 3705 14781 9041 14014 5786
16327 9160 12955 4864 3029 5715 5679 12353 14442 11872 15279 7401 4777 1206 341 14326 7101 15487 15899 16421 19734 5508 1582 13081 15692 11463
8729 14494 4028 12016 4763 13378 3253 6271 10470 19806 5317 10720 13864 15750 16719 11803 8201 7559 7142 14885 14873 8524 16123 718 19890 2973
13945 6938 8395 15223 14401 7322 19011 2169 4555 17189 1839 3276 11069 9368 14711 18922 7994 601 838 2245 9464 17095 4901 904 11113 3325
5 9171 9664 1801 12816 3067 7621 4410 6059 1866 18144 6063 4311 16387 19763 18562 1488 19481 6033 19492 12463 17597 10898 5892 9634 3526
16310 19032 4471 5017 9285 6927 15326 19910 2189 17040 5684 9717 4939 8331 13714 13364 13843 1234 563 8934 4977 927 1939 6805 14724 10510
11842 1642 16838 5424 15538 18272 4797 11994 5984 15693 14429 15583 245 1625 10612 6670 8131 14698 17028 13022 10101 840 459 6269 304 5791
285 1664 10832 7265 11137 3756 16139 13921 1459 17579 4941 9910 7322 10501 1798 11180 7949 19987 14762 4904 9655 18589 769 5850 14141 13124
11029 2433 6794 11051 14338 10245 17420 6433 4646 17140 4644 5285 19818 13821 1595 137 4390 8365 10536 9575 4279 10884 12809 7126 10924 11822
13215 5452 8181 7452 5819 17888 12435 15641 2405 2686 19848 8270 12160 16179 6469 16641 15650 9973 16925 18774 11722 6087 4257 83 17638 12230
6161 14168 6736 14996 9066 7481 16848 17545 1929 19764 12116 2212 10644 16928 12747 4032 11057 7186 501 14412 9899 13406 263 15582 18600 13922
2754 8837 4538 1370 5974 3611 2924 645 4834 17024 17286 632 11122 14921 11917 10656 19257 7329 3694 10022 4594 11467 3962 10992 14836 3406
7136 15141 8607 14292 19723 19511 16682 11288 16668 13718 19638 13022 7633 13274 3794 6115 1528 10325 9804 14020 327 4513 4366 13879 18554 7041
3428 17143 8373 19356 15021 19051 17096 4889 9863 440 4979 18115 1118 8140 10761 1644 2798 2800 13256 14923 13674 925 19394 11130 5733 11126
13651 15116 1115 18063 6667 12231 6314 1953 624 5997 8672 18241 5558 5390 15548 18872 11891 5538 5256 5045 1027 10853 17157 16846 121 11011
7881 13301 10865 1433 9680 17469 4203 19065 18450 7107 12846 18658 18829 3621 10946 10216 10417 15523 6916 4267 10877 6760 10230 11791 4108 18860
2072 19311 9888 6270 18817 1575 4584 6518 15035 14361 11886 1658 17401 11579 2846 12110 19221 6986 224 14822 5397 14708 4487 3778 1321 17666
7277 376 17021 807 3239 8007 1941 18665 15603 9580 1475 5277 5500 13708 15528 13142 8426 12523 19929 9814 3122 9706 14102 1296 10787 1482
18379 19969 2903 14900 3878 14601 15178 36 11012 17094 14640 11501 5127 8805 18699 3882 16424 530 16510 17663 17311 6898 17968 7789 9169 2590
5569 16393 3586 19347 11820 10901 12280 2266 16812 19888 10485 19371 5473 10108 3375 18433 19398 14720 7020 7160 3219 1654 3498 7773 9677 10824
12085 9284 17952 5263 2305 12780 1405 1432 13347 13136 600 441 9906 16732 181 5861 1897 6127 15503 6749 1260 4919 8209 12836 10282 6032
17029 4686 4743 1635 11521 343 805 8421 1975 18926 14377 9928 19251 6953 4478 11692 13340 7172 6096 19074 1044 16043 15404 4884 40 12793
11613 189 17067 8383 6787 8359 8593 3434 638 8219 3400 6019 14898 12247 8270 945 4870 6199 16714 7300 11493 10578 10102 11101 2714 4684
15503 16516 9257 3385 11830 8629 7454 15832 9180 5362 13615 4404 7953 12515 14696 16382 14231 19735 8169 15357 1741 10363 19887 1257 1455 8208
11081 402 16127 16617 837 18289 3057 2357 3759 5350 9804 10793 16624 10754 1766 8643 11705 8711 18855 15376 6296 8757 10907 14861 7207 7403
3690 16569 16796 14285 12988 2128 4180 8575 10960 9755 3597 17683 19258 6536 9790 1504 1316 2221 13325 3675 12164 13036 834 7798 3220 19234
9042 15531 17112 14479 7754 6821 10703 8895 10563 12891 13488 3341 14148 12242 11394 14115 16921 14983 4135 9749 18187 17796 12542 18009 15747 9892
14098 5915 10861 7497 6237 8626 7187 17032 3993 10060 17048 18107 11017 7068 9322 18132 19605 15657 17047 3292 1876 8248 13269 17658 11530 10300
3084 15397 14517 1459 6856 18996 8929 1680 12727 13696 95 13017 10069 1156 6751 6051 11022 3781 7798 3566 16469 2853 6244 18584 5557 616
12077 5163 5242 18625 17471 7614 16993 5524 7288 18277 16794 12204 11505 16015 7366 19429 3557 10597 12336 5640 13053 5573 19968 9723 877 828
13309 4629 10635 1330 17689 1160 18801 4181 562 14492 4800 16721 8026 11764 18045 11562 8765 16798 19387 6017 9616 4946 12576 19799 18005 7258
1490 3478 11537 2762 2351 13488 374 3126 6700 516 19029 6234 4358 1767 19468 7224 1300 4453 8100 16583 14628 15708 2229 8683 8795 9046
13393 9381 16835 8300 16270 16697 10463 6608 17094 601 11773 17041 7818 10853 14155 18207 13543 18489 18345 8195 11834 10330 9555 10405 17722 6256
16569 13861 4965 12977 13915 17634 907 3410 9693 3184 3099 6479 8089 808 19721 13271 8377 4758 16730 3018 18096 17265 3986 17899 7153 7794
15966 17688 5108 9518 10078 3979 4610 18382 4108 5146 2822 10692 7311 9226 17623 2657 3115 11576 8750 17989 15008 1416 18164 188 8663 489
8899 5053 18092 17498 16741 15219 11507 11615 8499 18484 7652 17779 14021 3237 10806 940 9891 8226 13944 13805 13468 12528 5478 11640 11921 8823
9594 1370 13108 3756 1137 9396 796 972 4346 4338 15189 11856 15261 18562 18025 2572 5547 3472 14565 4568 18826 6281 11761 19129 12225 16331
11071 8965 19416 19223 17802 12530 13359 1348 9176 2024 13182 6924 4468 12542 6162 8445 5220 4198 637 5979 7053 6499 6347 15548 3817 18142
15148 2322 10571 12237 1492 6537 13254 18232 17408 13469 12872 4174 18539 254 831 16069 7180 6134 14482 352 16245 2424 1084 12083 2658 7701
1130 18518 6324 18624 9844 3477 1593 2906 15657 11559 7949 15326 6293 19574 16206 6096 8291 16684 15537 11743 12280 887 4808 18853 12381 8934
13503 16448 5225 10465 18519 12782 15160 8831 15159 3502 19105 8992 9447 2840 12604 3138 1206 11310 2238 8394 14429 3541 3465 9010 2615 7552
16220 16351 16782 17730 18150 11721 16901 19711 11408 5648 8536 7215 15440 6251 9865 1066 816 9450 11325 8568 10661 16999 11767 16831 2583 12931
1526 14230 16029 904 9168 4221 3580 747 8326 6618 9963 18408 2135 8386 1085 9220 11883 12825 5296 16082 14984 2969 7664 13154 13482 15398
6378 14090 1068 1080 8626 2875 9556 9469 6437 8090 12024 17791 18038 10071 2946 10947 13822 12889 7514 7805 4605 16010 16042 19543 8141 13397
10095 7990 8548 2835 5621 5982 1627 8620 8055 8959 18881 8086 14888 13805 15095 5273 15028 1631 8004 14035 4724 10887 7282 15385 14177 6245
16825 14287 15202 6658 7088 2371 15639 12024 3254 8101 8576 10952 9797 12462 17581 4601 5799 13683 6468 7388 16441 5824 11833 8115 17186 8006
14378 1592 6683 8992 162 7826 10417 10394 6361 10855 1984 6807 3575 16479 14769 16518 7315 9174 17607 13571 15919 5419 11010 1183 16933 3112
14871 151 10506 2414 1610 8208 6399 17091 17472 3965 14940 14383 17714 1985 10537 7719 8319 10033 16850 15420 2646 14087 18464 9400 17811 1131
7650 13217 1341 14765 13384 3072 18540 14389 15862 17735 18233 15468 13167 10726 1062 9196 17023 7328 5340 2000 19328 10308 7206 7059 1765 8430
131 2026 19173 12897 16922 10790 1673 16480 16481 14845 15525 12834 15098 699 2387 14554 10418 19692 5281 12373 6512 2702 16465 17033 9984 17221
479 2377 3369 6213 8255 13010 14318 16954 16592 4247 3489 6490 12206 4200 14622 9217 3796 8923 10062 17232 4008 7673 10104 18132 5386 19377
3550 14338 11952 8598 2087 7719 5414 14804 18375 14158 3946 6888 3392 8681 18559 11717 19356 5297 17869 19551 5575 3203 6907 11219 8652 2636
5703 3368 105 381 16283 2889 15687 7773 15205 11046 10426 18740 111 3329 5612 5366 1475 15915 15956 14062 5773 15608 18065 7941 10753 17989
9669 10590 11455 3776 8159 10002 3044 13419 15117 18507 7619 8667 186 5004 2739 18437 13899 14753 6610 16915 2948 992 5989 2974 15924 2890
6506 4311 1052 17364 16866 11818 8275 14659 8551 12594 14817 3390 4482 1788 8667 4977 12899 18839 18806 9994 2627 10626 1322 7675 11938 1374
4361 19621 5585 17605 5961 7346 18845 12597 15764 7198 10677 12712 2157 15849 17932 16185 8197 13235 18656 18652 6356 6513 2738 19693 15344 7454
9852 12318 10297 794 5709 15009 13863 1932 4049 19806 11730 8748 2896 14308 11623 19384 983 15336 15057 5047 18193 6792 4029 2148 12417 13375
7585 12890 10069 19322 6862 6366 3686 4130 16786 3317 17009 11535 6203 12885 18698 2862 19993 13228 382 18344 15531 4912 16070 18440 14935 15474
360 5860 588 15851 4638 2033 2018 14121 6058 10418 2538 10966 13948 18170 15905 2320 5720 10835 3168 4067 183 9337 1405 19459 15760 18340
9129 5023 17914 15028 12799 4387 13400 18197 7098 19886 16918 7575 12129 14223 16066 14181 2311 19519 2813 226 16552 12984 198 1551 9782 16517
2664 17430 12534 10199 6156 13603 9607 6513 14180 6300 7912 15082 8792 592 18691 12400 6814 5607 14170 11962 5985 760 15751 17770 14642 7070
8628 1771 13857 8008 3307 13408 19366 12125 633 10177 12106 11859 10924 3191 16139 15115 1373 5028 9774 3482 19159 261 16280 13364 7837 12770
3104 312 19175 9748 3020 10615 7886 6689 59 10489 16335 18304 16785 8577 15993 575 13152 7295 16999 12067 3258 13466 123 19374 17026 2606
19657 5463 6067 2697 1506 19975 5663 16874 1044 4676 15348 16443 16568 10158 11091 19630 18091 18650 19826 925 2235 4261 2262 4131 6603 3789
17078 9295 4618 1522 9117 1286 4570 61 11641 15793 13323 16488 3380 15896 4970 6089 17103 16802 9116 18199 6303 4778 10807 12079 4850 18979
16504 18507 4284 9420 3126 18377 12721 3610 12246 16880 205 2738 5564 3034 14462 15188 5399 11897 1991 11147 4448 15269 7238 13859 15183 12636
7952 19087 4162 19402 10352 10964 2392 6795 287 10566 16230 16734 2066 4950 12116 7789 8450 2368 13421 2233 11542 6572 8903 2605 5864 10102
10715 8502 4777 7151 11927 15294 15679 16636 5730 10864 13359 11067 16255 6731 14864 9671 11288 2531 590 18025 9680 6664 11770 17244 13487 10814
17463 18549 18897 16082 2588 16885 7259 9218 11483 19060 4653 14157 3913 19155 13242 8168 9847 15483 4405 17103 17901 9389 10518 3324 3836 15424
14422 1774 15000 14891 3867 5802 5012 17188 9427 10299 6024 757 8858 3257 7143 2045 13879 12159 11568 39 14583 6435 3463 10044 9189 13021
4635 3600 5886 10393 11994 5095 8375 13031 7396 736 5703 7359 2269 6132 17530 7508 12161 17967 9811 935 16007 569 4444 14321 7193 11053
12361 3661 17976 17367 409 15082 581 4521 645 7448 18262 14438 2859 14 13635 16340 15118 4057 1029 500 19458 7012 15698 11674 8285 16589
7706 17745 2634 1230 11027 1479 16459 9159 4161 13838 13329 19349 7567 11507 7191 10752 5571 13031 7661 14925 4316 7125 5589 11092 11231 19248
5189 6229 8564 194 13250 2060 13696 14566 1567 10581 8174 18259 13188 3689 18585 11350 4941 1305 16643 17659 14186 11477 16009 5380 10451 1170
10844 8585 612 18677 5843 19034 15132 6976 2286 11215 7414 9721 4160 15036 7942 3074 13400 12210 2811 17240 13658 9788 5365 15717 14109 16312
16302 12813 9658 16839 2619 1750 11713 17792 1804 18314 17679 10984 8369 14883 5874 10245 12001 12856 6244 6642 17768 13328 19220 17958 1644 17203
8914 3383 460 17595 4317 5159 10639 1489 17404 12559 2015 2411 13085 14398 14189 4719 6761 6404 2005 2775 4263 5535 4578 5449 4398 12891
14699 13337 16030 5914 12665 14354 12343 3400 13034 2914 8782 9615 16051 8980 18716 2175 9312 16111 1868 4324 13825 12697 19056 5808 13586 8794
2746 16610 11442 1512 5972 5253 7522 15103 17428 13945 4463 12367 11764 16452 908 9800 3251 13320 19182 7956 13314 12854 13613 11417 4480 5063
17103 10800 17872 8262 4328 14464 1205 7603 13731 12888 4246 14779 1826 10572 18101 11215 19167 10984 19139 5282 10783 11205 11475 12767 13437 19836
18041 9169 1359 4290 4379 11673 5920 11719 982 218 13052 15946 18066 7238 4260 1428 7886 19072 4195 12487 10798 14806 2101 5678 1507 7629
17706 7525 539 14190 7993 3922 11073 7471 3794 4007 18861 14305 19544 7125 17255 1994 14338 19892 18479 17771 7122 18717 18898 11822 18787 15521
1008 12709 378 3139 8725 8549 15000 199 1126 7313 14293 5976 5217 16152 3231 10441 18931 8740 14946 17153 2867 11222 17135 4286 14231 4817
15725 10744 1986 17156 8279 16300 4387 2925 11298 1074 17168 76 2856 20 19816 977 12604 6025 4241 523 2554 8934 19491 5503 5568 2367
13473 18017 7106 3752 11341 19592 6144 16448 4520 6769 19068 10721 1229 9593 3932 12816 19733 11434 16184 18035 6744 18752 7487 7973 14296 13194
9688 19686 10103 15018 15021 5622 6753 11161 1124 2876 7884 16093 19297 14525 14207 9280 16295 7883 132 5177 11969 14727 4864 832 2175 14108
9203 6347 18691 12228 13952 1322 4737 15118 4453 14787 14526 7744 15693 13764 18281 14251 10377 17068 8717 19595 13783 17579 1204 384 8862 14959
2187 7761 13341 3325 5134 7504 12970 13119 6316 8891 5733 17804 11709 4631 3540 9627 4850 1953 13390 12803 8414 13572 9887 5539 11531 2168
13421 19181 8480 15649 16668 7275 14990 8524 18421 18087 17697 18296 15855 10712 2507 13578 2697 3979 1447 5899 723 6121 5696 9658 14830 2611
9246 4036 12544 4651 2787 19428 10471 14692 16301 1318 13082 16916 416 16734 10528 7418 11358 5073 18303 885 6164 16882 17048 13828 2441 13353
19720 4431 10439 671 16866 7185 11491 2925 19184 7757 6057 11308 6940 18566 16195 19886 14510 3286 11584 1038 4791 17623 8045 14523 14410 2665
17883 5107 9898 12874 2154 2222 2596 8117 2098 10202 18807 13342 5735 52 13739 8234 50 3552 5209 10540 7500 8317 13086 4081 18187 17448
5871 4301 8177 19636 16838 17120 1682 776 2390 19441 18390 1034 14059 782 4463 4420 15619 15470 18258 19002 19269 883 17982 6224 16473 18264
4116 10210 6915 17989 14403 16590 1349 8230 16883 2171 14570 5277 432 4000 2458 2354 5674 5355 6201 11023 13386 13683 7507 16164 5590 19668
2533 10466 14621 9273 142 7267 6691 10780 10358 6164 2813 19951 7901 10290 10773 11380 17961 3721 6363 11277 11450 16825 2967 6402 842 908
634 8970 13708 6683 16241 3298 11948 9463 2453 2757 5953 1914 16699 1218 7077 18447 8685 3596 5836 3371 2035 16292 997 9 18862 6408
14782 18921 17675 6482 10263 19790 970 17584 1983 9001 62 4295 14680 913 7838 8193 19583 5149 3604 12753 8980 6616 3717 9704 14600 2881
10319 8674 12732 2935 9276 18620 14881 10584 7665 14395 10356 18946 19495 6665 5652 3549 937 17325 6954 9973 1340 16971 9759 1271 14141 6781
12047 6685 17280 10754 6810 4181 3515 5162 7018 5899 17663 6980 17448 15615 11520 8607 10393 17065 1711 7311 14323 4918 11559 3333 14734 9475
12400 19189 12821 11138 2495 3253 498 1043 3131 10668 12079 14527 19467 15956 13190 19735 11908 4385 15534 19386 4606 2982 7991 19233 87 17614
17891 16932 14118 4418 9307 17027 17123 14281 19745 6979 19990 9349 18481 4315 8919 5703 16507 16881 17284 1125 14686 3008 13055 3194 285 12936
10051 13537 9802 12005 3985 7575 272 3096 10056 10217 8523 12343 16523 19417 3730 7085 3609 734 8486 19232 3537 16145 6988 1378 8907 17450
9396 10087 14348 365 16720 4943 886 6922 12872 2050 8930 13336 5206 4060 13203 12202 17046 5065 3516 13401 5233 14486 2809 16013 1890 4001
15504 10160 16527 9350 4659 7648 7901 15281 16058 3643 1257 7527 8839 9250 18655 17958 12499 17349 13578 11246 8481 14636 2261 17690 352 4483
8956 10248 8089 16551 13431 9872 2587 10393 11081 4501 18009 4312 677 13926 1829 12617 7729 807 16335 1844 8773 14652 12166 8356 17960 17915
6620 13048 5849 2547 19157 9664 18244 17162 16401 12460 3869 7294 427 5813 19969 15306 18183 10558 8332 9510 6619 5056 7496 17492 15553 4291
18557 19409 12037 14472 2792 5848 1289 18016 6877 3967 7382 14295 5599 17660 12576 2307 7156 2802 12485 17989 6888 4365 4107 15366 10814 1801
18239 17901 17473 18812 13000 2451 18857 9452 8583 10821 6638 1481 778 454 8773 7012 15362 1341 17657 11588 2090 7609 1171 4734 9017 12670
5934 19101 16041 11428 8196 7481 10340 8985 4798 13700 4373 19345 5401 8986 9394 4726 195 19794 16272 18374 6554 18176 5789 7953 10344 17355
9852 13974 526 13716 12615 12297 8762 10383 11102 5107 19250 13423 6799 15068 17160 14643 18062 8658 17788 8179 14480 6479 880 14236 19647 4760
7339 18090 1828 17244 14031 8744 396 15870 13174 1956 2342 18804 12109 3585 6060 16067 9088 8712 19683 19746 14859 9819 17697 5160 10092 19347
2248 13191 19499 6333 3367 10516 2455 19696 5303 12863 18306 5035 6077 2542 17710 16273 19276 5429 2022 11884 11243 131 12650 19433 1998 211
13746 5319 9059 17775 15791 7582 17609 18959 14875 7107 15312 2192 11211 446 9073 7459 18557 5542 14323 1202 9153 100 340 8108 172 7154
1393 14064 15285 11087 11050 629 6438 5413 3765 8211 170 10763 10496 12399 16215 19518 15521 10332 492 6264 3531 14064 16135 5810 8141 16955
17181 1494 11024 7053 4497 1278 18045 17461 12908 13059 7435 5833 2275 15492 12449 2856 18015 14167 8791 6083 726 16139 16924 4415 16723 15120
15157 14325 3530 18490 1012 17526 10321 12268 19443 12359 11804 9613 9151 13116 14736 3252 5683 17899 16692 10181 12720 3998 8490 12273 4899 5346
7862 12520 1931 6362 13477 4707 12976 5773 17944 16738 19662 9608 4307 6824 14502 19269 17443 17286 15257 11649 19871 2968 17083 16171 11346 1650
5968 14942 13890 18530 4230 16648 12757 428 4997 5258 10339 5865 435 13652 2228 4050 930 13855 15545 17553 12596 6108 18613 9498 6496 1701
17160 8903 19356 14271 18658 4487 13519 8210 9882 9260 13168 3769 5864 6752 18022 2445 16574 8730 3569 9437 8772 12002 8391 15516 10834 3879
3748 3151 12650 8751 14781 565 6053 12740 19038 470 15637 14040 2300 17096 18984 152 6737 4876 15206 13288 11776 1423 8204 3952 6331 2927
16713 15198 8867 18805 9085 16944 725 1263 388 10880 9370 19857 16821 4084 6321 3972 14416 17429 10632 3397 7709 19964 7898 10755 2084 1111
18256 12503 15142 19029 16444 1299 478 3446 14328 12103 2640 18247 5421 1768 1194 8231 7367 9552 12239 430 10455 13923 14732 19923 13093 10791
470 13355 6768 13116 11753 18620 14745 12827 6149 12285 19751 18959 4964 3500 8367 7122 17450 11509 5167 12977 2969 6279 5709 19520 18330 12903
4044 17491 9261 3277 19830 7905 9452 959 18465 15267 16763 13597 3783 6212 18321 10272 17835 10087 11829 4479 4503 1023 13082 15780 12007 12816
7235 15524 8161 19754 3701 10402 2914 4714 19790 6614 4827 11785 17047 5034 11508 14856 9507 14506 5448 3175 13119 14768 15898 2817 952 5834
5674 11962 791 4946 15474 2595 10561 13824 3417 5113 15430 13666 1717 10876 13447 12164 4420 18586 7918 13259 13951 14007 13223 5761 14651 18551
1656 2038 7631 6776 438 7613 8190 9953 3928 5797 3780 460 8191 804 1832 16039 5271 1243 11451 1882 5126 5220 11993 9090 14951 1865
15668 19835 10877 11648 2393 11422 14124 16232 15935 13775 10953 9728 5253 3416 15385 7895 9389 1679 7802 7682 18577 6061 2582 9267 6341 7595
15116 14467 8186 16616 8166 7956 6099 717 536 17998 288 9823 17746 14087 10447 7407 9773 10549 19955 37 10008 6689 16424 19840 9084 19392
13602 10927 2632 1984 2994 3027 2283 14613 17186 5342 8478 4409 16533 9422 6283 18204 2050 19656 14588 183 9929 1638 15571 9512 834 1008
7816 8458 18711 11391 12277 7039 15378 5323 5588 13913 8218 5272 6262 2877 17498 16505 5575 17988 12999 730 18637 12390 17504 19703 3214 9365
11991 17006 838 12993 9013 8363 10569 2554 754 15092 1310 3724 18038 1343 11520 718 18799 4431 1414 6499 1534 2650 15098 4051 4201 14941
7231 5643 5637 3863 7676 5609 18 19862 19699 5924 7044 13937 2454 8978 10139 5085 5700 11639 16362 16936 5966 467 11693 2683 14502 11924
15741 4797 10057 19880 12215 12028 2019 18214 19535 13568 2094 15322 10805 9334 4146 11217 2851 18296 18436 18588 9584 3979 16982 5010 15456 9889
11365 16405 2567 6917 4852 8066 13358 422 15771 6466 11568 9404 10802 4424 286 2803 18431 6473 10160 18718 6922 14575 961 19925 2050 12715
13140 3593 15194 19516 5375 15405 4934 14847 2888 386 1715 9514 11431 19758 3120 9358 1987 9799 11044 3072 507 17522 17835 4739 5648 2253
2646 12706 11925 1102 1855 7934 13962 1131 1625 16538 75 10086 10504 151 9921 10011 11456 13024 15057 7382 18743 15166 2799 13384 9967 3625
6716 16605 18817 17187 665 2113 5797 3510 10759 11082 14542 3204 11483 16647 10042 2164 19020 4007 14786 9716 16726 10884 1126 17124 1201 13239
4849 6473 9372 17565 8373 546 19514 4437 18636 18031 365 17928 13329 16519 16326 15396 18627 1196 558 3893 3066 3540 17960 13876 2652 14444
9120 19483 5446 6008 8880 16397 1887 14557 3218 7180 7898 13736 11512 17248 9279 1220 18690 12970 11719 1254 10292 4152 13095 14626 4300 19910
9506 15458 1609 229 13372 17931 11268 5099 18250 17765 18966 286 10090 11775 17251 7569 9245 15632 7096 9569 898 10594 11434 12238 10387 3644
394 9429 13033 3335 10558 5383 4756 6694 17938 6262 5264 2482 7849 5777 3215 1041 8045 8342 5351 11547 8845 16876 1316 15700 19141 316
1515 6961 4143 18729 8929 8694 15068 9919 18346 5483 6821 5404 13775 12148 3961 16494 10604 11927 5542 959 14673 13028 9639 441 17709 15558
15576 241 12260 6126 3670 8723 17938 441 19178 5229 5711 9783 9110 7099 3005 6113 19476 2803 11157 13092 502 2999 939 18545 8241 6015
3586 12805 19272 3212 14532 10719 7135 12877 9294 6423 8524 464 2679 17405 1341 18904 1372 2751 10617 9631 1782 15805 6511 13334 7024 3459
8579 1537 2806 4800 4673 5687 12869 8662 2370 6346 2409 4753 8363 2455 511 11894 15904 12143 1351 3629 11333 17368 4865 15840 2562 15364
