365
22 45 10 93 76 100 38 2 74 82 17 5 61 69 37 34 84 82 66 32 84 55 43 78 23 87
18736 15448 18883 1752 666 10398 19510 111 19820 1471 18991 5522 12432 10314 5604 17654 16292 10597 7816 11855 4252 14420 2728 14461 11370 10238
2354 17469 12254 226 10107 18485 13496 13762 16817 3940 5965 5554 8616 8340 13205 18768 16760 19379 10173 14277 19476 12443 12507 19256 7875 7209
12859 2058 14558 1019 18885 19062 12260 10246 12013 11963 19431 19343 1357 14826 14640 6982 14950 19654 5196 17516 18113 11668 5522 6120 1978 1768
13519 10823 13824 13802 486 15445 800 9045 8274 15744 4190 1289 7927 17474 13849 11860 15471 15572 16908 9952 14101 14902 11441 15429 1226 4982
15525 13894 19063 2003 18651 8048 15664 7091 14168 18890 9695 2876 9309 19268 9527 7371 2272 2272 1770 9231 17712 18686 1484 4762 11046 5890
10084 17181 8660 3063 5653 7298 8777 1379 19265 17328 6634 3689 7967 10094 17082 6489 14613 13612 10345 16179 558 18909 19859 5572 15706 5440
15778 2591 2893 6261 429 4253 16246 16281 3771 1257 14714 14545 120 8870 1354 17907 16567 14900 5083 17540 8139 15692 12476 14886 11969 13557
13242 4635 743 19577 16641 9739 18229 18419 7255 16210 8696 14271 15220 5690 7568 10102 19900 474 1406 3130 17072 19957 5570 15433 17263 7908
13174 1129 7782 1446 10197 8795 16059 15157 12735 7776 13581 11639 10437 10273 7948 14240 18945 19464 17516 16682 870 8758 12699 97 5447 19761
5053 7745 11271 12983 15258 19530 17401 13495 6614 17933 19179 10361 13647 18567 15758 3565 7545 3535 14860 18877 16994 7908 7307 7077 10672 1925
9310 8187 1497 17173 7635 39 5062 15836 7785 2972 12438 10271 18934 6836 10378 5937 1676 11773 9752 17910 8324 8684 7298 1763 2832 14674
19541 11596 11118 19552 2941 11395 10073 14382 3210 819 17236 12047 14849 6576 3286 6461 270 18748 15343 13676 704 18861 12400 10509 11148 18329
14321 7983 9560 11324 12595 13714 11642 16119 14004 19812 9896 11671 1783 15473 17230 19154 2371 5355 1720 16164 5572 16839 6462 7329 8275 16338
9724 13563 15534 12794 11952 169 3662 1023 16469 15302 4788 867 9454 14527 10830 11961 19247 14102 3816 14090 14310 14015 13359 11476 7335 13271
17714 15029 5391 4135 16485 15311 14492 5850 2867 11137 19887 10462 2972 11468 5504 8092 10742 5846 13482 16326 4869 2871 13935 18513 12590 12081
1723 6290 12946 10252 14638 928 9505 79 15421 6266 1303 1243 13067 7170 10295 7435 3572 11038 12673 2678 2946 6034 11060 7271 14749 12306
6886 5935 1473 17399 17138 13365 1690 6114 17902 13499 334 14581 15645 10503 1410 14884 12153 14008 18447 13373 11617 7595 6906 9832 13359 14460
3858 11375 13361 7723 13578 8134 9585 18163 952 2529 14907 1121 4162 19453 760 16393 9297 14849 15298 746 17296 7362 10017 11094 6656 14187
17288 1614 9140 9998 1746 16425 5546 8617 14605 18823 6515 831 6523 8012 17428 2275 6041 15071 10600 8259 8525 6723 14018 13862 4501 18510
4503 17070 11781 13431 16870 1827 18671 10877 11706 18000 1040 16007 18841 8302 7216 1248 12940 13530 7055 2791 4582 804 1894 17153 1525 11798
13101 16631 17216 17150 8585 13195 12042 11080 298 6509 7107 17601 15494 9271 16004 4085 11837 7814 18368 12496 742 7948 18791 16322 11397 13995
1781 3995 13778 8256 8601 9439 1934 12767 13483 268 11329 6105 19906 6248 1123 3948 3136 16137 13722 15952 9866 13484 13331 4482 15661 4256
19748 4148 11890 19131 5547 5633 1014 12806 6579 11532 4009 11415 16629 2890 3774 12192 10269 7258 12716 5413 12852 7277 17718 14172 9519 7980
19963 15489 18834 3709 6775 5847 12440 5361 1615 15686 18255 14277 15902 339 8763 2266 16441 15704 13313 7580 2546 11638 11400 17960 18781 16509
919 8277 4256 12296 12073 16042 6665 12070 9341 14024 19120 4611 13687 16081 3330 12636 11339 9198 11984 19895 748 7970 16255 893 18347 16130
8129 337 15169 7190 1626 8614 2244 12697 4171 8402 11637 3750 18443 5843 6839 6575 15360 8544 4793 17002 2933 3334 9752 13906 14234 9876
9454 14312 93 4110 11892 11009 1786 7401 13490 1017 11034 14370 7820 6976 6736 9179 14338 12638 3362 8120 7932 390 14169 12098 15254 15990
7431 1967 3418 14884 11328 14288 10593 13067 1496 17898 10082 16380 4046 17800 9530 7772 7432 5273 19799 11241 6025 15749 14284 8389 664 16881
7201 17195 18811 5888 18950 10224 152 12756 9525 2781 17066 8262 505 6461 3964 7262 14999 8084 4365 5467 4421 16117 1909 2108 2859 2298
2986 1528 5592 16514 52 13030 8835 1963 16676 13937 14497 3579 17801 17148 19392 9086 12085 3612 13378 6937 15527 10837 9126 17197 19912 5562
3214 10162 231 7448 18800 15962 13016 18180 3027 18616 14239 19371 19332 3177 15521 4125 9849 7361 7450 19374 6793 198 10228 12851 17179 7664
10513 3400 8335 4092 19189 15883 4366 4952 3779 15418 3039 14580 18703 4076 11312 3782 18616 7835 3673 743 10639 5931 8462 10587 14632 13952
19234 5584 10194 8687 11898 6206 4367 1219 12889 1247 12959 17386 1531 7945 9173 18505 1384 282 8003 15886 8214 4874 19678 334 12319 11444
19899 6207 12335 1777 13549 8861 9448 15934 12612 6543 946 19799 19303 9911 17681 19699 2473 4907 14229 11209 7735 12135 4288 15250 13957 8900
10154 17714 5709 18362 16737 3998 15407 8750 19622 8381 16962 17755 16595 16962 7017 14048 7835 8191 7619 17725 15472 6142 11945 15162 15020 3278
9261 1862 5075 3511 13770 159 15664 3650 2508 2545 9015 2314 10808 11653 378 15880 14014 868 6216 13542 7861 4150 11273 7230 19056 1435
1818 5701 16965 4411 5326 16209 7504 7805 5655 8192 571 18732 2510 15040 14905 1275 8121 182 8557 9666 9562 12067 12123 19656 4344 9967
16249 7684 13205 12038 5523 872 15262 10807 10307 11184 18335 15276 8116 16780 10435 4897 13574 15600 1518 585 12782 2886 12543 14438 19428 2428
18001 9225 1410 14033 2474 18306 6921 7731 15540 12249 6403 4128 2511 2083 800 5958 5522 11075 10088 7381 18565 3896 6717 6827 15538 16821
18137 6802 9596 12380 4785 4121 8031 3483 17935 7178 6620 6959 3376 7097 528 1176 11311 288 7515 14208 11346 7647 1882 13104 8069 9651
18274 13846 14439 2722 17134 6391 10734 3496 5993 8971 9920 19450 1028 5967 2851 3135 11733 17933 3013 1071 11584 13578 8758 10757 11788 15022
957 14756 17594 19055 833 14562 1831 3354 9412 18789 7302 9571 16568 17252 3352 12103 14604 3486 12586 5412 2488 12060 4424 13835 3380 11701
10894 6295 4067 11585 19150 15438 10908 13950 1301 5347 17957 1445 2053 15243 1071 2559 11871 2363 14419 779 13932 13764 8104 15354 9265 10423
11520 16839 14290 10265 14141 1018 10427 15800 16322 3616 18627 11973 17054 19969 19955 12351 16833 7857 15157 18473 12368 1603 6927 19740 17256 10669
13252 12966 6723 10197 19472 18938 17766 16838 12769 12379 17961 16757 13141 17856 1348 1203 14089 325 11436 9963 7070 17230 10754 3572 13769 18146
17830 11137 13645 8124 6487 17964 5846 3799 13633 19710 18056 5281 1084 3461 17598 18841 10566 18480 18973 5105 5587 12052 14023 9085 142 7349
4869 8197 6139 14781 16828 8414 16714 16033 5482 15915 9702 17850 17384 10142 13250 15917 12986 3656 1858 1507 6909 13889 16277 4211 14063 5863
17534 2023 5648 19738 752 8012 547 12031 15324 14832 3008 976 7415 1596 11459 7455 4669 7681 898 15401 5473 17925 10899 13014 6699 12457
8425 6285 16364 11976 3374 10787 11172 905 593 13167 4094 14934 8210 10759 12869 5118 6566 13900 11792 2154 19001 18519 1871 1921 5954 2053
5710 775 2705 18420 2457 3086 15276 17076 483 9597 12577 3101 11936 4279 12960 12040 19844 2611 11894 8022 7069 7639 9124 7194 17246 5636
7493 1679 9188 6092 11565 5548 5098 17232 3796 10326 13939 9567 19736 3595 16920 18339 5913 17494 19387 7294 18085 7046 17420 11058 172 5040
8945 16242 10745 8976 10227 14180 19513 10636 2970 3858 2557 4717 15450 1353 5908 12724 19438 415 10251 13345 5705 5733 12985 9934 3457 3138
6903 1412 19940 1413 17235 8361 11170 9955 17596 9018 1570 12638 1054 15815 3933 8258 19235 11824 9401 13594 15042 18403 7439 18111 7010 11619
10154 8955 13452 6754 1528 1976 10689 16961 17793 5980 10950 4911 11466 16137 19574 8012 1072 17230 9967 500 9942 5437 8096 2186 13544 10104
5254 1626 10408 7222 3870 10686 13147 1969 3705 1609 16778 6246 2844 16426 3938 12547 18851 19663 4359 6051 7562 12537 7143 13653 19200 8260
14075 12253 13978 15577 2021 19424 9968 5801 13275 3415 2133 4162 9158 75 6898 16332 3045 17136 12057 3064 5843 19346 18513 2243 9742 18896
14454 1731 12738 14185 18873 19527 11723 2432 17442 17964 967 9532 13358 1615 11132 18635 11166 664 18055 6666 8275 15027 6821 10010 4231 16957
15198 16938 16898 11230 1174 7319 15065 389 2837 246 3072 9050 7176 8113 17148 1629 1665 12221 19284 13412 10304 11153 16687 12989 15158 3156
2627 14651 17295 12047 4291 8479 864 6497 6463 17202 13034 16366 16751 6668 15759 8748 15968 8896 5711 17089 4434 12391 2710 8282 1835 14631
6350 9237 11054 7942 19115 15098 17389 2320 19186 11508 15094 11430 12621 3276 1374 15502 10765 18964 7955 18528 14066 12171 5488 13869 4008 19835
12308 12402 12983 1491 3414 18546 14634 17212 14032 18753 7565 16254 11272 14626 7456 12424 14825 17346 3245 3346 19449 66 12947 5133 1394 7038
13899 6261 8461 11084 19535 939 14321 6079 14535 1174 16047 14201 4950 8273 8564 8005 13093 6803 18589 14696 7735 18750 4102 11969 16317 5531
7458 14796 1302 19387 10374 9487 7032 16635 2864 11923 19331 10924 10 3164 13571 4388 3021 14493 12295 11310 5735 1623 18614 1358 17117 1232
14562 7616 18744 17109 3425 6289 14427 6328 12678 3179 16870 16651 10399 8657 3639 6319 683 12964 6590 18816 10342 9403 7833 9281 1716 9832
1787 15414 3388 960 16781 15614 8342 13789 7485 15798 13904 17776 16434 6690 18914 13084 6719 6762 14572 1781 12446 10327 903 11539 7003 4790
13474 18287 12981 19515 8006 16102 8497 10135 17097 7051 1061 750 5323 8511 7106 15867 16615 395 180 12484 12973 10822 19399 11142 1845 5769
14121 17693 13462 6078 4516 15240 8876 14700 12480 9236 14724 14185 3835 8082 9780 3790 2050 9408 9114 6270 19287 9083 15421 9532 7813 9273
13212 2582 15193 15242 4672 15093 11281 13823 9007 16064 2562 14490 2823 17039 19946 16093 17629 4758 3600 13236 976 4111 11482 14968 8061 17152
10223 12734 253 3302 16146 14113 12928 613 12049 14127 12273 2107 4386 13081 10906 19615 10954 13041 14360 16804 15757 4505 7580 15336 7934 191
15988 1671 15806 10425 6070 3289 15853 19863 1869 18355 18017 13420 379 11865 5567 4 10930 393 12315 17566 13447 18501 3762 2791 10139 14538
3776 1736 19355 13136 1591 14490 6178 1630 18808 13428 8888 5390 19254 11842 18303 8189 13029 19057 2827 16281 5245 1677 5728 18695 6858 19965
1551 5413 8265 15368 2146 9891 3929 8423 18189 7948 192 15660 14326 16497 7071 9945 17044 11745 10162 5195 545 8504 6342 10958 19018 15799
11291 18727 11886 558 5767 12229 16247 6195 14768 7275 17070 11898 10361 17011 8056 14685 4027 8319 13467 10319 3714 4460 15451 16489 1667 19446
7279 13985 13448 10007 105 3794 17007 7757 208 13618 4425 1060 11430 80 14320 2681 11192 729 796 19193 2954 19022 13406 13179 13493 15375
2724 7823 10279 5540 6864 10196 17649 8808 15282 19242 2716 17197 6202 18180 4608 18929 19378 13507 10461 17220 9253 13502 12592 4062 1402 5667
12186 5212 17400 19481 17712 5246 6141 4892 705 9042 15246 12920 14521 15991 17187 14922 7262 16515 16551 4442 19622 11541 11726 9176 8368 8362
3180 3278 16562 6000 17830 4195 16006 7676 56 1700 6250 19549 18588 2326 18776 3591 3993 6090 7933 15845 7437 16734 13425 7445 647 8029
13701 13294 6152 9341 1612 10304 18606 9560 3759 816 1984 14475 11366 14584 15765 8103 13404 8653 3517 6347 14475 156 2237 10257 15302 14092
4006 6586 393 990 12872 17883 16664 10897 16526 13745 10501 13325 8443 537 2000 19538 15869 570 16203 11862 16703 12274 13159 19732 5547 8523
4982 13895 9785 9046 13209 9926 1592 14299 13061 19284 16988 19710 7749 15177 17375 18915 13713 17828 13192 14706 15222 6400 16474 16180 11985 4362
2281 3018 14275 6190 16369 1397 14772 4642 12812 1988 672 1848 19878 9761 1424 13499 9256 15120 16343 16024 635 14095 3246 12925 17540 14543
7032 1324 3964 11031 1560 15514 4040 3800 4344 16750 14755 14151 14635 14505 11237 4617 12468 15844 9992 15008 2821 9244 7645 12053 9861 4627
14563 467 9203 17374 6112 12490 1994 14271 15699 11882 3144 5012 19872 18916 8741 16567 13724 12351 18966 9681 1019 9901 18625 10003 16051 13760
11379 15715 14704 11711 6072 452 3135 1456 7339 15982 14311 11686 17836 10355 14635 5162 16823 6060 2785 7347 5758 18597 19356 17691 13447 16470
8873 19008 9662 8187 10104 12869 1003 8264 7344 19803 5167 16017 12575 17277 1024 13546 13560 1832 17032 5454 11283 4864 16808 6038 12657 10374
3665 15789 15941 9074 6793 16428 16693 3859 3200 16078 12450 10325 10664 18726 11870 10822 3143 14554 10144 5609 10181 16671 16713 6197 3192 16212
1726 10494 16395 2667 17883 3418 18382 13916 12021 896 11248 13602 16873 644 7730 16325 12072 14167 9175 15837 18049 6969 9480 9901 5338 18394
1286 17517 15133 2227 809 18238 17252 11540 17966 6674 11029 1457 1204 18122 12335 13192 530 17028 3477 19225 9257 8541 17706 10824 17397 10754
1171 15846 14347 16125 15724 19073 2203 17887 11944 323 40 5825 16245 16622 18590 9594 17674 18041 9006 19500 16438 17077 19749 2521 15383 11601
3375 7698 18341 735 4395 13352 15916 6527 13993 4711 13237 9037 5868 18858 9135 1157 14379 5395 987 3169 2836 13990 19663 17436 9184 7215
3557 18209 12101 16820 3999 11834 1812 5791 6696 2819 6066 7131 6075 14724 18666 13085 14904 2588 7465 3867 9810 11756 12544 13691 12385 2283
2095 5643 12544 13794 18996 13063 11040 13948 14500 17029 11659 7243 17777 11393 1844 4742 13752 11276 13667 13021 7170 15667 10655 13410 5617 16242
16405 3675 8383 16869 18180 524 19227 15349 19366 8834 7450 9986 2525 13416 7295 13167 14525 19680 5544 17230 12336 13777 1804 12171 3743 14135
10011 1236 14821 1251 12991 12353 1229 11037 2286 4512 738 1943 18724 14713 3610 7724 17569 18886 3988 1384 19705 1847 7453 18925 4024 4161
6754 18241 6992 2653 888 13527 16589 8682 1385 16733 6298 12078 1220 7198 11370 11523 7864 14676 4326 17545 19596 15762 4972 7434 12734 14722
13138 13009 18968 18401 6647 5675 5050 11734 4464 18827 10861 13234 2125 12639 16314 2896 18505 15433 422 359 11824 8232 11630 13906 5380 18725
7580 5410 15310 15602 18702 5196 13683 17532 1721 10795 985 1397 19589 3142 12374 13611 18573 9178 699 8674 2010 14822 9975 13276 6745 5568
6310 6560 17637 10047 1243 2908 5892 16977 14533 11087 5083 12750 14077 13497 6049 6529 6696 4967 1452 16776 19704 17408 9554 13404 481 3030
3469 15559 4050 11567 8979 1266 9795 15981 9258 15803 7472 15594 1677 3410 14157 7114 7441 12258 10525 17102 9286 2713 8954 12688 863 8418
768 4852 18816 800 13238 12654 1168 12160 7842 11590 13241 15715 15232 6402 1669 13265 2789 9888 16483 5943 13702 7041 6210 17458 16025 3647
17764 6036 10093 11922 18781 6534 17971 14602 8896 9477 904 10629 19252 7679 19824 16185 1219 15050 16166 1546 9144 1129 8753 688 15765 15370
8243 466 12961 6361 19416 530 10023 17939 8368 6855 3193 18919 15355 15108 14683 2832 1149 11998 10643 11013 19835 2702 19983 2976 13190 9857
16382 15763 16242 3653 5316 7207 14903 10533 2964 11058 11655 19928 14448 4143 16411 11479 15406 9887 12686 13238 2900 6323 5355 13970 11768 17867
15737 9821 19524 1811 5117 9142 3307 11315 14052 11447 1830 15823 9333 2584 19233 6568 16805 9714 11828 7372 9383 11158 305 18655 11135 4431
4059 11348 3079 125 3879 19164 3330 2731 3569 12131 12428 5647 4455 16821 7714 17906 8266 18670 4205 12302 13127 745 1889 11150 11988 7270
8008 15133 7331 14615 9201 823 12683 9444 15892 17341 3342 83 15079 15524 14102 198 1457 5100 1295 19343 15913 17127 12744 6464 9399 11258
1658 5767 17916 16526 13989 4689 3441 8151 19090 12285 6582 9242 18166 6543 8868 655 11887 16097 915 7585 19131 4588 11570 15675 14461 356
14027 10383 10811 15836 10686 252 7412 17364 19393 17809 5727 6154 19329 11890 3883 2236 13353 18233 19645 2497 10270 12439 18918 15795 15225 10947
13533 13271 11870 8355 8485 12244 18659 13344 11292 2733 15122 3961 6419 7630 2431 15000 5148 4040 16074 6209 18079 17089 14267 11803 1856 18465
9279 16665 1930 4965 8314 12930 12213 10101 1112 12969 6711 2773 3336 16351 2510 17266 7973 8323 16291 3691 3103 2986 13372 1234 13918 12088
11012 9217 3894 15372 13012 17972 18790 14741 13969 11047 16205 5348 2847 7773 16033 4949 11523 16298 18758 730 14450 9896 14641 6249 16472 1252
10742 16350 15035 15257 11520 15312 19572 6867 15399 2279 2827 9529 213 5897 266 2325 7979 16579 3148 5284 4469 13696 8566 8917 15086 4505
5594 9176 18622 9222 4771 9157 2843 6271 14948 13159 10981 2261 10728 4152 5634 13713 3934 16494 8868 17025 7278 2076 4313 3654 7156 6895
9061 11493 19571 10824 4673 735 16948 17773 7023 18511 4415 4366 11496 11405 14238 9845 11967 6876 3575 10941 11531 2759 12254 17584 9691 13475
13674 1334 7823 5630 64 9714 7644 389 16844 12218 4400 6112 13145 12168 15146 9351 5424 4704 4482 5123 2032 964 12355 12063 7069 19923
253 9862 2997 6370 16492 51 14957 19505 15023 13329 5182 4654 8503 7450 13531 17963 14307 9834 7603 2075 886 8199 3875 691 17971 4858
19815 3946 19310 12003 11284 7689 9206 18368 11391 16356 1748 15121 4143 3148 3511 2520 16930 3105 11731 3555 16528 5685 3287 13259 8195 18560
16093 2859 11865 1961 16924 19459 720 2936 1378 6723 7435 6646 5608 9497 13377 5566 16226 6927 7377 9364 13794 1808 17897 2114 16875 8675
7848 5329 14863 8611 13456 5256 2279 1839 18644 7176 2112 16655 3428 3892 5612 9169 16410 6265 789 10125 3310 19739 6685 245 12559 6415
13526 4846 15700 10194 8265 10997 19735 11749 9182 17287 19307 4764 4549 14771 17623 1817 3321 14433 15072 18063 19294 18444 11305 8156 6612 2654
1993 12096 900 13794 4792 11322 13250 6506 6119 19640 1782 19571 8048 371 13638 5451 18714 3576 16770 11295 15669 11686 2717 3696 14329 4580
10714 18824 16750 988 16092 17836 12509 6724 785 11052 13836 16209 971 16481 1911 9844 7504 9658 2536 12781 679 12148 3627 17515 17346 3675
12692 8562 12327 1783 15928 1194 4880 11107 13149 2204 19819 18179 1085 18531 16668 9522 12640 2627 2349 14084 10459 9807 17140 4203 10165 7044
11423 15202 12297 19298 6641 7635 12016 12064 5044 12564 15799 14807 2162 11483 15828 8048 18387 4900 999 14956 5971 1839 12928 19002 11258 10902
4313 4959 3234 4844 4061 9268 7738 7492 7786 3599 19230 18992 3390 10257 795 15518 4374 18059 7573 7213 18042 15554 4282 19774 9813 10837
7026 14686 5393 6643 19327 12194 7219 14154 7916 6158 14690 4325 14779 11943 15722 14792 2205 5995 13144 11898 6221 4914 2734 7597 15209 6737
13903 5299 12146 7675 3114 2966 13546 11841 15749 12503 3523 8676 10462 116 19237 16006 15851 18917 15841 14518 16625 14933 4076 5837 2767 18796
7610 13903 10210 19396 11538 12303 700 423 8325 1679 17805 3056 18139 2806 13086 19885 12312 14070 3136 10482 995 14187 13786 18777 12283 783
5202 5572 11282 9739 1173 2606 2804 230 1747 5658 8986 6050 2988 5554 13743 9986 3066 8585 4750 16792 743 18614 18633 5392 15181 18808
5257 1165 15890 15917 6420 205 3517 14514 2762 19779 15050 19034 9231 13197 18226 13180 13504 5214 2116 11940 4723 3640 12490 12280 861 4749
9806 19288 18288 14614 13668 17421 7563 15021 14646 8349 17240 2540 5186 1102 16820 2507 17882 9018 16632 8309 17512 11085 18998 8201 15859 9154
2383 17280 7168 1941 19831 13184 18379 15924 7384 16449 10515 14339 4551 5787 6409 7675 2863 6464 8938 748 4800 3274 11551 13770 8687 6138
11313 4433 10597 5292 15417 11905 3381 3004 596 3390 10502 7412 2526 8881 14278 16215 10799 7286 10077 19301 11360 10767 18997 8533 14233 7567
8946 11255 17297 5406 13115 16399 6509 3259 3405 16448 13911 16566 11236 8363 15806 17386 3990 5597 3596 17095 17168 16713 18751 18501 16811 15887
11171 6264 13486 7296 3092 14682 8097 2404 16132 17566 10466 5345 1243 3947 475 4996 17967 7788 3845 969 6966 13284 19655 1531 582 16015
12759 4544 18362 1030 9746 4962 17823 944 19079 12353 381 19668 14018 11105 7517 1621 11833 18955 14530 15231 8033 19983 1306 17962 1882 1412
9697 4996 5343 10321 17170 19159 19433 12043 17282 19487 1250 443 12188 1419 16080 14689 12226 4659 15570 18046 11396 10803 4198 9049 2086 12320
13307 8825 4156 7337 17469 4425 6366 17600 19326 2612 6925 17404 18057 7135 8068 2336 17030 8204 9443 6643 8144 17551 7175 13710 10776 17938
13390 9146 3564 2643 9422 5242 3946 7852 16311 8012 7407 10302 6087 4404 7736 1801 5363 17015 1002 7251 3057 9797 10988 6294 11673 3526
15000 1094 10254 18379 6727 19979 3876 12059 17337 2763 16044 6645 5431 997 2426 14468 19845 15868 783 18541 16857 1962 6824 6751 6346 16268
15458 16774 14752 7774 8882 19044 4161 628 8572 4073 19004 7657 5357 8956 2395 19112 4780 10280 13432 3015 11966 19906 14811 7866 12019 1888
16564 2770 10006 3364 2838 5112 17612 10325 8431 13974 4765 10243 7122 237 12971 6842 1458 10918 2289 5713 6300 4080 13451 4020 18498 4665
1526 546 18697 6792 6134 1193 2225 3951 10064 7516 14411 10044 18455 12235 2219 4371 7373 12319 16904 10159 13567 18023 6339 12484 13687 16674
3541 11428 8363 62 16197 16058 17667 12198 4985 14606 18688 11758 13953 14985 17611 17829 19610 8392 16899 7681 3005 11352 3805 6842 8808 14067
9604 13230 2112 4285 18407 12697 13745 7199 12410 10189 570 3299 18200 151 5112 17437 16973 15048 5680 17291 16087 15137 18851 10848 1703 10366
5310 7244 4492 8294 6410 7520 11668 16193 515 14360 15192 19554 14061 6017 16237 5308 10335 14363 13795 15830 8167 5251 15982 9245 11897 1070
5188 19914 15310 14654 16643 10052 6382 13434 11189 4345 13273 308 15440 9784 14767 5428 804 2032 8272 17416 11928 12856 2765 15223 12712 10130
16015 7644 19880 12907 15140 10735 11956 537 13729 12645 14847 8137 14764 2364 8674 15327 10008 1660 14574 4649 14194 17817 3379 7183 12490 7615
3343 8750 1219 281 10244 14433 729 16095 8577 15532 8747 18751 3653 16872 12084 4670 4971 14444 11918 10456 12726 7834 10268 743 14740 12184
14809 19981 14708 7192 9157 18515 603 7982 3453 6274 1520 3985 7322 15221 2660 19024 5077 1476 12701 10915 6142 9885 17807 15809 2669 12283
14641 4368 7582 19203 12098 12907 5005 15109 8003 1301 9709 1808 15977 3825 1911 5095 15706 4960 4990 12655 8503 143 1305 5971 3834 4372
7815 18773 1770 5137 16677 11110 19001 7874 9783 7327 18111 7119 14911 8492 10432 15797 16844 17090 1660 11454 14682 19493 7786 17312 15590 11651
14704 16298 12843 16636 11724 18492 13670 2901 16090 10605 7099 3131 2346 2765 3019 11456 11229 3823 13903 6755 19010 9086 16722 5393 13407 4342
16593 14075 3799 11147 7398 17714 2721 17658 1158 3038 16904 19267 15637 17850 12834 1561 15190 19806 6785 5240 7151 14710 17072 1624 566 1972
6747 5436 7001 15022 3062 4025 9870 14945 10522 12100 11955 11366 15715 8882 11014 8404 11251 15510 7443 4526 11451 7873 7182 19850 6951 11148
13550 10365 6323 3042 9953 4166 6742 7179 15559 3857 12267 3594 8880 8627 1710 15089 9513 17429 1147 5588 8603 14575 714 5196 11080 6155
1913 1148 12102 16822 13609 761 6886 209 17618 6460 4399 5920 15915 8974 15020 10972 8013 11316 13083 4150 2663 18226 16645 12937 16195 6838
19172 19537 12297 11948 11554 17914 2011 2159 4751 17920 4649 7539 13093 11267 8713 16449 8364 12018 8219 15395 19775 12492 1368 4542 5009 11974
11440 1879 2819 13170 4943 8720 8751 1319 18494 19390 12484 2235 9518 16170 11690 13722 12503 12604 12363 8835 666 1986 12961 11534 7288 1532
9938 14133 2963 5895 16620 9706 18938 14824 14792 15733 16888 17852 5070 11076 13337 10732 11582 13112 9517 16926 680 17191 4642 5491 10303 19621
7623 17967 8700 10060 5811 10638 10972 18945 3927 1404 4442 2612 19140 10563 16559 12235 19440 7275 11902 7820 6361 13508 1549 249 6597 12209
17770 4516 2429 10422 15611 17029 10924 17979 3236 6436 4478 14467 275 14421 14396 18529 7028 18608 11328 8644 14708 17481 8388 19338 7289 13460
17568 13537 9629 5626 16119 19667 14004 1446 721 8315 14943 15589 12895 11708 5443 4013 787 15758 5617 326 15202 7244 5953 15016 17294 11473
5216 1101 19519 14481 9686 19892 13379 2747 12309 6546 16655 4486 7973 6005 11917 9380 15527 4555 2169 7405 8980 13856 8278 17236 16227 5359
6108 9435 2016 8830 8765 441 18201 852 16807 8981 5422 18488 15949 19556 5273 1321 13847 3236 12744 17099 18054 12940 8200 2697 10917 14791
15841 14087 7095 13210 11481 18328 10343 3774 10776 7395 14461 16391 1948 19033 10219 4058 5406 7026 11265 2034 2056 1468 19865 6540 8351 3900
15580 19875 17906 12868 5921 9775 19705 10204 18945 15180 17099 811 16214 9640 10003 4289 12892 2369 12002 1306 5070 792 15779 87 15397 17025
3381 15647 13037 12306 16785 18651 16490 5482 14450 18843 519 16369 2881 17192 14448 17778 3158 10146 6286 17174 8516 6347 11330 10871 13473 13454
16536 13504 1485 2994 19654 14847 19315 8130 13314 5554 844 8938 9615 847 2480 16697 19594 5141 3480 14637 2250 6292 8414 17247 16789 13914
12367 19742 5079 8945 5532 19476 12032 10245 7602 5867 12458 16620 13877 12813 10115 12606 5197 16497 7338 16666 10106 7538 18109 1267 14455 9071
17326 1316 7274 5119 11949 14015 3241 2602 12209 16164 8725 1881 14612 4156 1426 10862 4386 16802 5210 8185 1581 12425 11076 6044 11299 19859
12746 12690 7151 14855 7520 11073 6517 13272 8574 11161 5760 2925 17891 12292 16458 7604 17199 14837 7369 14619 5881 17962 5963 13478 19331 12645
3163 9756 273 6554 19330 14336 4741 8664 6707 19280 17992 10251 15166 14768 894 5967 19451 17015 2837 2267 3935 14778 447 7352 9047 17398
18720 3371 4634 11928 3622 14260 8517 13212 15688 13166 13000 11596 7489 13601 17634 9952 14522 8065 13632 19571 19903 17189 8849 6193 13168 1585
6900 8438 3459 437 5553 15969 1461 14629 1228 17352 5121 4471 5456 10749 10746 6615 3614 13449 686 16633 3840 13466 4743 4567 1626 11332
7036 15525 440 19935 15913 12591 9505 4688 7426 19717 19967 14388 5278 19381 14676 14389 7685 11221 11295 15022 14149 3601 3228 67 17194 19347
18322 9161 12792 364 16271 12827 17718 18444 2770 1710 11591 11051 2698 33 1275 2906 885 3195 17531 5946 2864 15472 16218 2326 17241 6452
11659 11885 399 11332 19550 17551 7012 5734 3878 13856 1831 1142 3473 9369 19054 6992 10289 5260 5970 14670 6268 18849 11808 2385 15423 18680
18087 6802 10628 11573 16323 17343 4491 6589 17265 1962 19032 6857 6385 16015 9307 15620 15967 1547 8026 19162 6010 14812 15065 9028 3903 4529
19963 10521 18749 5463 4112 1014 5766 5403 1419 13775 1663 12853 6418 18783 14831 18531 15649 10898 6468 12750 12065 14370 13044 4098 15455 9067
7981 3209 1406 17605 2536 16893 16631 15191 210 1040 13459 11377 5335 5669 2725 12560 12199 4130 15873 9309 5439 16090 6097 12493 9180 11772
2252 19188 17552 15137 4006 16166 6983 12163 18695 8723 5843 16737 5215 19409 18729 4850 1612 18078 18689 13135 11657 1808 7348 10624 10902 15199
1009 8043 15165 7247 9738 17432 11302 7772 18454 1198 18895 13770 10829 14345 17964 19341 1110 1484 18765 2881 19617 11118 1886 1627 18159 9679
3138 11478 17571 15765 8163 13679 19094 18118 4238 13928 3266 4396 2180 508 8210 9610 2003 19747 14630 8175 11908 2994 15128 15427 7073 2639
2109 2048 10826 9922 19494 12448 660 3975 17158 1072 5868 11535 18916 2846 16918 7736 18784 171 7359 3807 11683 4654 13066 6526 1344 11207
6931 12550 19241 9378 7975 9109 7684 4278 14671 9582 11972 19975 14051 11503 13278 17543 16033 1053 12181 12882 7423 17423 10986 10921 13029 9528
8143 15404 11107 1142 16731 16627 16139 10256 4126 2117 5017 12112 8188 11099 3242 12200 12571 12107 5615 14644 13572 11992 19072 13435 5440 14666
8176 13613 12967 11037 7299 1987 11599 1844 7489 9864 13508 11268 8551 12194 11772 1595 11574 8106 9191 19726 4886 8382 14622 8135 17638 9458
13902 15907 10089 18250 19154 9442 16753 2775 17497 19189 10621 12181 4731 6996 17970 17008 11049 8323 9280 5988 4952 15936 1898 3681 6954 12036
1534 14988 6676 6064 8626 8287 9810 4331 2046 1442 3666 12862 14435 4652 19552 9531 10865 11638 12138 19306 10584 9581 18250 7199 12860 8594
5652 12855 5980 19891 18738 10363 7405 9340 17429 2030 5875 1623 14787 8407 12366 12118 18428 17508 10071 18023 10121 16827 7989 18953 17455 18656
5733 7739 13921 14513 16308 7078 10169 16161 5264 11351 14155 112 5976 1753 1209 18478 8779 4854 10878 13634 10915 16303 12705 15125 14760 12401
2070 13070 8103 12763 8363 16371 9600 4298 2394 7552 10625 16584 3382 5129 10282 10643 2283 16818 19146 7260 19477 5200 14832 7573 6034 2690
18042 4759 11523 9962 17178 11163 1841 12187 19797 8626 12593 1355 13319 4005 4135 413 8156 9724 10131 18879 11528 8965 1575 15435 18950 11744
15415 3534 2021 15576 9085 7259 14221 19839 13828 12609 2811 13755 13785 4078 16363 15229 17632 2655 15364 19467 17207 18943 5468 1402 13680 4491
5484 15356 7279 18727 19086 6483 3477 14067 7920 4565 16783 1504 14163 5075 2620 18976 9216 7723 4825 9540 2531 14467 5162 497 11525 16423
12029 12441 17439 19368 5100 9586 4129 151 10888 4902 16886 17483 19322 18947 935 19460 6016 3986 8552 14680 961 11024 14453 2864 18612 13031
14033 19988 281 11230 6687 2355 1556 11368 17764 12681 5497 14456 12211 13747 10331 11568 14977 1003 11683 5018 589 15679 11780 6774 17964 15360
17790 2343 8829 12719 3891 15168 373 10476 15840 16799 18198 6149 13894 4490 16923 8848 16560 11300 15588 15390 10494 9237 9081 10217 14437 16497
19669 3066 18004 156 14794 18318 14525 10030 18872 8456 18361 6713 10559 17278 4727 6752 6151 1062 18860 14004 13900 18891 1405 18586 8138 11733
18252 8462 16263 1014 456 9829 10342 18319 9381 5651 9694 13228 497 9955 17337 3238 8996 13529 428 13721 13675 13725 4779 6283 283 18159
12534 18979 3655 19342 19353 2997 6296 1658 6178 15251 3210 1720 19977 3537 11584 8785 11934 2662 3837 9546 10374 8230 3563 5815 5558 18133
19676 13508 1836 1592 11002 8395 1346 2774 18857 7106 14136 10188 15055 15539 13226 8770 1411 3744 10506 19035 19910 11836 9839 823 3712 14054
18836 19525 1579 432 11806 16705 6398 2900 218 6198 18449 19054 13142 16853 5218 2901 13300 1012 9620 7737 6848 2018 18518 4064 3033 5304
19053 12632 2626 3577 8779 922 2464 17662 15330 7596 3779 7894 4556 12590 17402 2820 3578 17115 8562 8986 3519 18038 4203 15505 11990 16358
12444 7159 10787 19806 4978 13192 5645 6282 4588 14030 8269 516 44 1970 16350 5052 17361 1515 6390 19432 19862 13808 14825 12839 13847 19366
19772 8345 13078 7481 4522 4773 19923 1292 6712 16478 10324 2497 8980 15904 2012 8944 8621 17121 5481 4902 17599 5247 5431 8740 11160 13609
8313 18415 15201 10905 2788 16395 13748 7658 12146 6218 7186 17446 790 17581 8865 6542 4466 3948 12790 2504 8779 19377 5030 10361 16886 13808
7059 19752 3498 17263 3866 19076 13764 5867 15798 17259 16575 3314 9330 1350 9892 6135 19598 8036 3205 17339 3252 4141 2862 8779 3584 3590
13117 14584 4077 14271 7362 8718 18881 12201 6350 6292 19392 8470 631 1150 18443 8979 10645 3016 1651 18632 6071 19160 12897 14767 11872 630
18929 14136 3603 18608 9474 16299 5221 7858 4933 13565 14504 179 18317 19957 7509 5788 9104 9250 16800 14230 4241 14955 19039 13289 19205 6037
7641 15031 14598 19502 19207 9495 19585 12776 15236 12981 4065 286 14538 17085 10757 3030 5923 1013 15308 18399 12658 1844 11683 4946 8922 17
3778 16567 18801 3416 17257 6682 4877 3326 10837 10297 10397 15926 1277 2847 4720 4280 6797 7796 984 7207 11079 7667 1923 974 13574 4133
10659 12138 4077 10550 14993 19264 9612 12362 3367 7187 17566 4691 15250 15621 678 19320 5622 10074 13259 10557 18900 5520 2992 13377 12416 15754
1060 8205 6782 8225 3844 18777 9994 16058 13960 11508 15345 121 18841 5170 12321 5839 7395 14999 12854 4092 18717 14562 12477 9815 14090 5501
526 18566 8006 18717 2613 12726 14071 8865 15648 3309 10829 14633 5575 13010 1501 1801 16215 16118 10272 13989 1880 13843 1018 13811 9394 1433
1446 12296 18380 62 11173 7244 11595 6826 9167 5465 14201 5190 1959 19453 13115 7482 6535 9847 16102 19792 15471 6506 13788 17142 2225 7023
17327 4669 15622 14804 2369 16418 7907 17654 3198 7626 14902 2801 6568 6741 8973 7844 2681 6022 16082 5245 1947 19425 14370 4816 5091 6499
12788 19505 16581 547 4943 14646 13941 7048 12977 6785 7305 6482 18770 2548 4867 19911 1427 4332 1594 5512 8645 12662 7987 15909 7009 12112
18095 3304 2305 13098 14291 18148 6953 3994 19734 13079 15430 2479 19646 12330 8269 18846 7377 2571 17927 18046 16700 14599 2531 3733 12005 10581
4040 9073 7071 1160 1164 10643 10663 11904 6840 16059 5891 323 16535 1194 8303 4599 14268 16380 16017 11092 10140 7542 3413 6963 12360 6730
18593 4826 2707 14315 9864 4502 13864 18571 18448 11960 10476 3624 19755 5444 6254 8171 2404 7475 17112 8045 4374 6159 12110 4130 2644 19325
16686 461 8886 19625 3702 748 14590 3001 19671 1540 7145 8761 16791 9876 4806 8449 16793 596 14700 945 10 13697 18495 1870 13289 17824
9138 11628 5451 11583 15502 3510 16210 2695 661 1815 5283 6526 8884 12550 9581 18842 4997 9913 19908 4957 14222 5374 8538 13613 3437 18940
17215 8702 5317 18698 14090 2348 2791 6896 8735 13892 7548 3128 15745 12985 12931 7477 18438 1576 431 16156 19387 5915 5458 18389 365 8214
5575 19529 17612 13721 187 215 14665 17 2872 13901 16465 6250 1159 17561 18296 15522 15765 4425 13242 11035 13097 11374 17854 7319 5801 11429
8695 10069 9436 558 11856 5912 5028 4414 17666 8328 5041 8761 4102 19188 3649 1212 8816 4742 653 19983 8552 11663 3087 15256 6170 2805
12244 14080 8332 14472 16510 3555 12639 7146 16097 13043 5736 16851 14920 17210 1152 7075 4943 13548 19337 4335 12560 7391 14304 14599 12791 15894
1425 16614 13387 4410 11233 17648 1279 12052 3948 5764 7989 19648 609 19618 633 857 13919 1428 10783 6301 14431 12255 5425 12721 12523 14440
15363 1368 14920 11640 7308 19640 4149 19478 11829 7293 512 9281 12718 12957 18775 7063 822 5913 1839 14289 2515 15460 7800 554 672 13839
17892 14051 10989 18103 838 86 5515 11896 12948 9470 7419 4666 10605 10082 6225 7872 14743 1740 10838 10405 4757 1200 9345 15520 5358 6509
4556 12648 6587 5716 16114 7258 15266 13568 6353 17755 3020 10542 1252 8652 7380 8682 7866 14758 1130 7482 9413 18062 6034 13227 7117 227
5778 8914 10779 14831 11828 17909 14056 14509 5347 11427 512 8423 11573 4486 9909 8812 10231 12207 10458 6249 5985 8515 14635 11795 16956 10171
13775 32 14030 7830 5650 916 8233 581 13342 16406 8266 8157 17310 9863 1228 11495 1347 4062 7200 10408 15170 5986 8447 3291 3640 625
16690 15953 7398 12367 15785 8361 15530 13216 18137 5299 8865 11600 3154 2362 9480 16331 6461 2161 5337 16755 13662 4961 8564 10250 19947 221
19777 293 12142 14233 14596 10793 14163 15547 8194 2056 14180 12938 12984 3749 2685 15738 1678 672 19246 8352 19158 14204 16735 13054 3525 7758
19482 15631 19987 9445 7161 19313 11529 16247 4508 4787 7203 15045 8681 1644 9205 17282 1100 161 14588 19790 11646 2132 3231 8294 12503 13473
14357 2998 15616 18864 18717 17753 8654 6201 18864 10298 12257 5064 3428 1419 1153 9017 7509 7050 7101 11377 7272 9293 2903 15021 7431 15218
12961 8234 4857 10478 14500 17262 4043 798 4567 2406 659 2698 10629 14333 7562 16531 8358 19806 3610 4512 5485 2637 18288 16862 2786 6788
9234 18354 18831 1191 15582 4610 16398 5703 15713 18130 10917 13121 6545 19108 7387 9626 5116 2018 14306 13165 816 8857 8995 19285 13565 5943
11641 18183 382 19922 13588 8562 3415 10333 16495 9870 10190 15399 18211 13139 12302 3243 11114 8819 11826 9059 17813 8657 1125 10080 7633 10013
12707 16043 10226 15346 8860 7513 13184 18699 10815 19956 3843 8762 12032 13611 12535 16890 8698 11475 6239 3398 4260 19468 7012 12069 16233 10874
7356 17612 15585 1627 1043 12957 8876 16149 14111 15135 7555 8721 9703 4239 3112 13312 5888 11685 14140 15019 10543 1853 5825 3261 16796 9724
19329 17360 16507 10673 6749 7623 11746 12002 11360 17198 4009 19291 13013 12432 16692 17460 9158 3473 3993 18584 10777 6055 6301 9855 13356 3961
4373 9948 894 2817 18396 7729 7526 4989 15148 2522 5371 1213 8699 4990 11548 5353 19927 17179 10898 9408 12445 1906 6794 16691 6516 13900
3477 8209 2854 14312 4582 7720 18322 6831 4980 18639 18142 16708 7553 17925 547 9519 8469 15346 13102 5644 2053 18832 10155 10272 18740 16489
12748 18532 19951 7957 4249 1980 17105 18902 13669 2557 11070 18084 8158 3911 17497 1303 5349 5435 11844 19348 4611 14485 11825 11483 4805 4377
3926 741 16680 12471 13121 8537 6639 4067 15867 14205 16660 7054 13054 9892 9741 8092 15306 3578 12315 2882 18573 7974 12476 17487 2703 12089
7243 3177 18614 15703 6203 1534 15994 19599 4479 2513 13901 3943 18887 10082 3247 13334 9593 14523 9861 8324 2445 17211 9716 7229 8161 16337
12203 7897 5122 14121 13602 11869 16615 16294 721 2259 9179 15507 10724 3349 4658 16341 16063 6939 14642 3200 18231 9321 6935 3241 14736 19286
6136 542 1075 13444 15794 4223 9006 14168 14986 2764 17288 12594 6301 8999 18338 14808 7632 7278 2033 15567 15253 17118 7011 15892 7438 3659
7651 18780 7553 12963 7993 1961 6219 2273 1292 9868 14481 3942 3381 4974 15263 2785 15033 16665 1629 7732 15976 17102 19783 14316 7965 8003
16787 5590 9921 19660 19224 17073 16944 16833 10908 19437 11022 1223 5905 14883 5079 8855 5330 15154 12544 10672 13471 18047 7059 6892 14387 12350
8092 7924 7006 16259 2460 14851 12077 2185 4115 18894 18933 9538 17771 11229 1689 8483 15848 19612 14998 16724 14119 15253 7005 9677 13265 3880
18760 5416 17949 1544 12168 9111 10205 10305 14340 15211 15722 12972 8918 5413 19701 8921 12360 15231 1817 12610 3655 19328 10085 18969 17828 14261
10382 9758 13042 1172 1167 17862 9004 1949 4004 2776 10639 16131 4033 6674 8630 3991 2867 1092 4676 3083 18801 6429 17178 14028 2020 6243
8184 4177 17960 5286 12114 12583 2949 12946 8863 16290 17311 12514 7373 18860 6636 11469 12321 1050 15434 7712 4811 11309 18391 315 19338 2914
4705 5762 16369 16614 1589 3223 6167 998 6308 645 7666 15147 5823 2140 14067 15120 8444 972 16640 18489 4602 14882 6890 9578 10528 3880
869 5165 14243 415 15810 2745 18645 1803 13388 16077 18757 2328 2391 15706 19688 5075 6773 12239 7490 9107 3247 7118 18597 17228 10687 5672
3373 2761 2765 3939 11844 19378 16906 1920 2740 6561 16048 3402 13379 16404 10341 5878 5163 1195 13152 9766 9703 10535 11955 14176 1780 5643
12022 17090 6833 11678 10777 4356 17954 290 13434 12398 457 10608 9854 17125 10139 3282 12696 5902 17755 7294 19021 10034 2236 4476 6111 438
3163 10943 1856 14912 16187 8497 11456 16936 18329 3216 7812 5153 13269 13230 18264 2859 9601 3883 6329 12984 17848 2539 4616 1543 11408 9783
1866 9194 8009 13671 18478 16217 265 10525 6115 33 15817 17233 19721 3227 13251 900 173 19315 18155 1099 11925 16510 11555 11014 5908 7947
13230 15563 8011 9364 19143 10118 5878 8145 12695 13266 14430 4392 15923 2297 11627 9100 19499 9539 1615 8786 10203 15614 177 13752 7143 6235
13436 5277 24 12207 12974 10032 18386 7884 1488 8953 14111 11704 13396 10416 5594 14241 3498 54 17787 9161 17352 12237 8145 17401 15553 6997
15370 1019 12762 6939 8555 11265 7035 6290 664 10010 15959 17517 13354 5737 4495 6695 9982 14155 16109 6737 10086 19351 345 597 2675 10599
12220 4693 10044 14805 12509 8818 11074 11440 10277 13826 8625 4503 7140 10858 8954 19379 2069 17959 2636 19959 19836 8001 7381 6921 2819 10817
5352 2825 4024 14635 11261 13866 17558 5322 1048 19221 4659 16508 8102 201 1699 6161 15501 7773 19525 10377 5935 18246 13264 7341 6306 13455
14209 3854 15904 3549 16350 13502 11731 15879 2781 9635 13868 16398 4193 17453 1260 15139 3178 2917 18025 17437 18810 18837 7896 5774 19500 18836
590 16553 12134 16117 14485 16963 11370 5395 5570 15137 18733 13702 19066 14859 7804 9132 16545 11315 8403 13071 1050 1933 19879 8691 13088 3179
13107 1160 2936 12540 3427 13462 17293 18319 9013 2179 9959 5069 6132 642 19042 17022 7185 6045 6839 8434 9057 10231 6745 16480 3864 11346
17642 1508 13681 4675 5348 9603 14380 6015 6401 8708 2531 12630 13255 13815 8948 5729 14315 14185 18974 11225 2356 2347 12099 577 7715 12442
11247 13641 3084 18064 13305 7139 2995 1504 8453 14671 19987 16302 9911 3073 4863 9765 12936 4329 3704 6565 12737 17938 2447 4161 6539 19634
6801 12082 2677 4387 3521 6892 3636 12616 15287 19894 17989 12378 11176 6940 6316 14091 7582 8831 7815 17256 652 14623 15571 15714 5499 8325
17420 960 19670 1732 15436 1848 4379 2527 3118 12478 5112 5416 14837 18433 13125 10075 5083 5675 3296 4274 3093 15945 18425 13611 18039 6946
5884 16135 9520 12761 10677 17300 12148 18463 18074 13078 10717 3085 6389 4756 700 12887 9208 15383 554 5465 18161 5478 16903 11406 2348 12824
12429 2108 9083 7996 1482 12564 426 6735 2353 2712 2708 14336 7497 19813 16176 16847 8097 8318 11426 13238 16723 11054 12773 18146 18978 2290
14219 11138 14421 16207 12382 17213 4479 4226 298 2075 8379 11491 5683 11708 15828 977 13826 12750 10036 13242 5392 17347 11368 19120 10599 12563
17031 11364 18991 16804 5778 6582 11873 389 7855 18772 13282 6579 18259 7115 3539 7444 1064 14128 10908 9982 1844 6976 13355 10830 2267 7651
15984 9013 12916 17680 18927 12584 735 19815 9397 18788 17978 4925 18212 1483 110 43 15238 10933 14217 18639 9324 11825 4693 19231 16306 13486
18780 12557 6602 3168 1046 16504 10266 12096 11789 2778 6420 1196 8479 2043 4423 18714 12293 9075 9088 4978 9896 9128 9679 8735 3501 12407
13053 8837 16408 603 9592 14695 6208 3901 12812 19493 6122 15085 7820 3305 14974 13241 6940 17979 11671 14204 17735 16195 16512 16239 11604 1742
7737 18299 795 14606 15416 15137 447 8452 18606 19325 16189 15111 6362 253 2766 7820 12658 4026 13157 4457 13439 10385 11823 16777 104 13961
12438 3411 7859 18747 10042 17654 4604 9896 19023 8759 15156 13615 6470 2016 15420 15738 3497 10502 724 19369 2918 8122 1259 14895 1242 906
15115 19626 18524 16884 15588 12678 9346 7016 8685 9222 13216 12124 15520 983 19183 18784 13373 16841 4248 7823 18659 3655 16602 6882 18277 10403
16811 16492 445 18934 11779 11452 14000 17470 2142 7839 6446 7110 16649 8381 14944 15177 6892 12952 12758 15281 19817 11004 19133 6237 5813 6426
1142 17916 751 12568 14630 19480 1665 15133 2315 19226 18470 579 13455 7497 6420 8806 10484 9997 13816 8555 15865 15650 7993 2431 1233 5532
7420 15275 5040 14152 1588 19369 7303 2964 2655 8606 6579 6784 9805 7680 6501 16401 14748 18218 11472 1389 9627 9484 14372 2818 13311 1673
18246 13413 16686 12283 2931 4377 6171 10105 12522 2577 4400 18838 1127 2663 18901 17658 4809 16183 2082 6996 4531 4903 2241 4061 8832 11488
5077 8832 11138 6445 17699 16849 18537 18516 9051 5890 8694 2504 1045 2036 2132 19567 8202 14365 19304 15502 7276 7201 789 6381 17846 16800
11066 15620 1958 16244 16348 19570 6138 7588 8115 19822 7906 5 18931 6833 10349 18708 5272 3319 5144 1793 15131 19065 5352 9395 13512 1204
14617 6757 12633 19284 6103 11615 2673 15797 305 7903 6305 5438 10267 5263 14576 12020 17584 4613 417 2819 2350 293 11041 1368 18727 9456
6063 7248 6140 2101 10210 3154 432 17249 10910 17378 7612 1383 11347 8224 7945 17468 846 16433 16931 2602 19795 18109 8024 5251 16128 8124
3841 5422 6417 12667 3748 8850 12551 13247 16166 808 18376 8411 17551 10964 17527 3157 4649 17262 16109 8382 10513 8952 937 6795 12122 13982
9192 5528 8341 2201 6824 7615 7477 2951 10315 7877 166 583 5435 8639 18370 10584 7742 9971 3730 17251 7682 5360 15731 16159 15697 3374
19218 14414 9666 14285 18993 9336 17637 7610 10925 18752 6716 7750 1200 18338 6101 4832 18621 253 11981 1362 13458 2788 8182 16867 3796 13057
11600 7809 18701 18227 18084 8598 5534 6941 16019 4042 9858 5802 7617 4784 16610 11856 2198 15050 5362 1476 9127 6645 12618 6706 5322 8104
19975 9687 7061 17781 13084 10468 1303 11938 3783 6428 13499 7455 14761 14127 6818 9944 9754 4553 15552 8611 41 15920 6298 19831 13054 4587
2453 17966 5067 10117 11439 19918 19586 14766 2450 12656 3692 12246 15363 6136 912 15473 17627 6511 13715 801 10306 235 19774 473 8165 15197
5745 18404 19597 3500 12554 5707 452 7965 15638 2409 18776 14965 959 17633 3261 15876 7819 1781 13938 9245 16147 8660 2817 18841 1965 2877
14920 19560 4123 19683 8325 4441 14944 10275 14253 13384 5839 3003 2302 19436 10625 2651 1388 9427 8496 12101 11053 5738 14160 10196 9559 1609
375 9969 18420 19930 3182 11385 8303 5213 19769 8029 6711 10065 11027 6423 17532 7186 4538 13799 8394 11584 15617 937 19356 1298 19012 6367
5517 3894 19411 2557 13380 19759 19343 14591 714 11709 156 4348 16292 14664 14328 18715 3960 19665 10378 13760 15382 13969 2963 6313 10023 13967
18481 19462 6775 9815 4575 6989 2097 17629 12132 4213 8193 17151 18233 16972 5167 12148 12038 1477 10184 5691 4450 19180 5042 6316 234 16483
5291 5739 13736 3235 8590 3694 5748 8466 14621 11405 4434 19571 423 254 16991 18421 3968 11841 19001 4135 17827 19570 9412 2904 13816 8290
10013 2011 4082 6402 10271 15772 1776 8195 19495 1625 10790 16663 5359 5789 5139 6670 14724 18677 10668 6939 11714 2007 13604 378 6203 5531
14939 7864 11856 1363 10487 11916 1263 4001 18505 7017 13836 12042 14400 3842 13495 4379 6740 2905 14205 7583 11294 5845 3011 3261 14943 8843
19051 8129 6234 15700 10440 16667 4861 1792 11011 799 15777 8560 3451 4353 13984 13799 11305 17690 4112 13066 13751 12781 6193 10258 423 8374
6622 13879 14546 18061 2429 4133 14364 8415 4834 6946 9251 1484 11536 10764 9895 3536 3183 15684 4034 10118 6473 4413 1569 3502 15530 10768
8318 5904 16551 5664 14189 2496 19678 12758 16358 1093 19680 953 15215 11043 5949 1410 1805 14139 16209 2929 1205 13077 2242 16821 15889 16148
14126 18506 5165 9834 6563 10816 15042 10138 4684 12298 9301 10282 834 36 16890 1353 15889 6975 2063 16750 1107 10585 6856 11744 15044 17598
8661 216 2310 18541 3663 16197 16399 18636 17509 14962 12803 2112 7017 1239 2277 4243 11488 3023 14421 14373 12317 17613 856 1996 18268 16787
4458 9916 6444 4531 16974 12922 15441 4802 2610 19981 2045 579 7767 12310 4190 11095 1564 10479 1095 926 2471 4121 11341 4225 17919 15088
1608 4523 247 8853 18380 7770 6470 6209 10083 5926 7973 3064 11781 7905 14963 8319 13908 6322 7844 12658 18116 4744 10658 14838 8021 17198
13141 13596 18149 993 10347 5144 16418 12801 9928 17984 1244 13984 13719 10099 13158 6357 12683 5192 487 8706 4592 18977 12792 624 17978 17164
2636 4513 7218 409 2554 5323 9799 13050 8132 14260 15584 12164 1945 19286 18142 19342 14434 4915 16713 16624 1838 16103 10120 2795 15366 8628
12479 16588 18423 19980 19428 17859 4130 11199 12819 4504 17235 11039 6615 15105 15647 1076 16513 4521 6033 4236 9124 3893 4355 460 15016 13933
16202 15171 7829 10771 18606 9490 6422 3576 195 894 8224 2343 2988 19316 14479 4252 18685 6543 11428 937 4904 19351 1983 2092 13806 271
18029 14169 17689 5606 5966 17134 13206 13979 11886 4769 12035 13339 9810 13753 3047 8363 3800 1573 9978 10841 8972 174 2909 13780 4098 17705
17913 6038 10963 6182 10379 11990 11057 12774 1824 643 18552 17813 5472 7559 2795 9393 13235 9733 1372 4984 16680 15299 18393 14165 16231 414
2919 17288 19480 17108 6625 251 3309 2223 3004 17386 14823 11823 3315 1870 6092 11637 19131 18139 12543 11804 14173 10985 4592 5462 15476 6448
7861 3671 10109 19549 6094 10830 1676 10771 9614 7940 6601 11730 2455 2872 4225 11488 4549 2431 4304 11129 13267 2275 14547 12238 19089 6813
10088 16078 17470 9632 10024 10936 16590 17307 5290 9425 1987 3496 8881 15696 12243 16293 9635 14607 12151 15171 7485 2116 19660 7604 10548 2227
7286 19381 3345 12018 10243 1618 19373 8679 15261 17898 14069 14719 19470 5198 15291 2114 11509 15009 19136 5710 10400 1618 7137 14800 16288 6530
8097 10112 2207 6100 10586 9733 15841 18454 12708 7018 9068 13855 15541 11820 1864 6302 8746 9889 8920 19364 14036 16672 4640 6024 8563 5449
5378 16377 10799 8006 1073 1631 13090 161 9209 4566 6413 8059 12236 16925 9741 3680 17712 11143 14840 9072 1355 15746 5387 18712 18557 6330
16783 15085 12502 8221 10359 2127 6374 545 5634 2416 17761 19185 11692 4950 3617 10130 12976 3654 3072 19490 19186 19163 2058 11787 10773 559
12999 14250 17583 17762 13583 4733 11695 13258 6499 14884 19344 19313 2008 1199 12814 7642 13211 19631 3225 5757 19743 19846 6122 18399 10483 9422
16611 17254 5075 8411 4686 11573 10791 8491 10907 12572 1386 14093 5250 13511 4003 16382 16922 4373 18036 11226 1829 4631 14352 16671 960 8187
315 9134 3825 19980 2777 19252 10285 19997 1609 12727 9284 6641 9344 4617 727 4340 17254 12541 8289 13032 13846 1480 12237 13266 9944 9015
6572 9314 3502 8790 12100 5292 15236 14178 11838 2773 2271 17454 16849 4523 1493 646 19192 1817 16694 14830 16948 19584 19185 11604 6130 17797
10287 3615 13469 18575 13087 19045 15878 17889 1076 10247 8610 18994 10586 15022 13578 9154 557 5773 19621 6256 4452 19942 11084 12499 17395 11957
15692 3188 439 12516 4823 17320 18480 595 6951 6922 8534 5828 18998 12331 7205 8677 3235 9317 6441 9646 13626 18431 4903 11405 11560 7575
1217 17444 1212 14855 2043 9376 12679 6540 10156 8896 2530 16018 11361 13599 968 3271 9571 7343 6740 1427 16262 10190 7741 9821 9876 14574
157 2693 8295 4102 4873 4527 9218 16483 6113 5442 842 7451 452 12338 16668 11526 11946 1309 4075 16561 14579 4448 16727 5884 7453 16918
7660 14569 18593 14149 14575 7034 15071 14234 6444 4721 467 9580 15319 10995 10405 14591 5287 7662 11137 7021 8373 15058 2869 5277 18133 13098
5117 3256 18445 4350 10430 13746 3501 1591 12533 18577 18084 9989 19279 7322 16001 18749 16204 3623 17603 12105 3588 15757 5899 9137 11872 4915
16321 11488 18391 12505 12704 17548 18625 19133 19726 16241 3413 11237 14017 9451 8252 17043 16425 1375 17292 16803 3635 5468 8693 14916 8845 2067
16345 1965 8537 18997 15661 15333 1555 9476 9009 11137 17037 3391 19201 5771 9772 7326 7946 19200 16219 4337 6596 8077 7392 7193 11409 923
16704 19850 4991 13336 14190 10502 11949 2957 2777 17605 16413 14530 3724 5696 16043 12555 13714 5614 17456 18929 7131 12012 17098 15690 17207 5225
4181 14081 19618 19991 9054 5341 264 7464 6157 18954 8753 1818 3509 4582 13791 9550 8330 4962 5263 10133 7039 12216 3849 11888 7043 15420
3360 11929 13305 9050 14366 4407 12825 2491 7109 10943 17360 4325 19400 696 15733 12920 4552 11779 3620 11141 7318 14795 14642 14962 3294 13439
15999 10556 14738 9386 1028 14263 5949 12447 2575 15377 6580 12487 5017 10714 10685 7275 6600 348 8122 12876 7407 16795 8831 1608 15776 12653
2308 5506 18475 9683 170 1976 11961 14700 18249 302 9529 3570 13114 2945 4103 4959 17923 3182 893 5956 18279 17147 1872 17606 16143 14380
16576 19112 17384 598 13002 15214 19562 600 3791 19915 4099 8562 6263 12216 14522 14557 5351 18487 7183 682 5742 7353 15492 5100 11301 197
18282 16629 11660 258 15955 15816 12765 11275 18563 17438 977 19059 5499 14140 984 12553 15272 11188 11612 8441 3259 12559 11140 10544 17268 17616
18977 10979 8742 12196 16652 1250 14995 10251 17399 11611 3006 17465 6232 12487 2881 18999 18134 4924 12522 6727 17351 7995 8650 19884 8609 16807
14979 13764 18579 10636 14341 10120 3331 8807 7663 19394 15916 17675 14307 19663 3449 531 15836 13102 8839 7228 15970 8408 3323 2457 18452 4628
2487 5600 8316 11376 1235 15629 9026 4005 14012 5273 2161 9426 15662 7061 3037 2084 12115 5559 19923 7442 2397 5240 5176 17288 14852 5830
7039 14191 10743 1304 208 2683 7588 6571 2610 11837 18045 4876 2744 1526 8436 16675 13929 16194 2588 18637 1462 15423 18719 13006 8315 14556
17096 15619 2680 13138 11900 19267 4499 3360 8550 17862 7283 12821 15140 17411 2592 7292 13127 13629 1781 10319 2383 6534 233 17813 19953 18030
2049 19590 14694 17027 7182 7643 5756 15060 10361 8253 11029 5696 3188 14027 16939 16008 11985 17881 10951 9384 5269 9711 16438 17032 3812 8189
7486 10471 17548 7810 4202 8395 17432 8713 10219 8800 9379 8438 959 9022 6555 19471 9430 3018 221 15268 1566 15737 16313 6796 1463 19276
5779 9376 14607 5096 14332 6748 18248 3838 6280 9074 3201 6930 17207 5360 1498 6498 1391 7342 19754 11050 6830 14997 10998 9233 11355 19848
7863 12013 758 4400 11945 7690 4058 13942 2029 9192 19332 16168 2235 885 1057 16469 8850 15393 11476 16600 2270 13218 18775 15246 11404 19209
343 18855 7692 6273 11276 3073 18850 7534 2955 13388 1476 6533 3929 2296 5808 4264 18183 13901 10356 7193 17232 7139 8339 15167 4565 2806
3403 14279 6091 10524 9252 12486 15774 12165 2293 1067 7357 904 7951 2777 5934 4732 12753 10249 8265 7841 2278 1250 2821 5521 5371 93
6456 14228 1698 17827 12897 18043 4242 14551 18181 17418 16291 16133 2339 3292 15515 2046 9531 1 16442 11923 8704 7770 3425 7138 17153 3220
10466 2143 6061 9165 18785 16435 3392 13751 5938 12157 13368 2744 18172 912 10401 1880 9079 9872 538 12636 4197 13185 8902 5167 19702 10169
1077 10303 11451 15906 16778 13043 4649 6065 924 13722 8575 13812 15600 2587 6130 1494 17773 18280 8073 10165 9195 10132 2608 8787 13058 18240
15593 16457 17753 5112 16923 7473 2028 3454 9231 17873 3904 6302 4086 7148 7153 17620 1412 19145 10043 8060 18003 8530 8850 18818 7116 7447
11674 7608 13631 7787 8687 12676 14686 19297 6229 15258 19438 15032 9998 6290 276 19059 10942 2447 8664 3730 10866 8146 12330 16741 2459 5593
4165 16578 3566 1780 19537 13434 2115 14596 16567 4646 18717 7702 14761 1680 910 8263 11898 17566 8852 9644 17194 12692 6244 1176 14016 11641
17708 19708 2874 19882 18278 16730 2264 17377 13142 15694 1327 17839 6395 16336 4484 12361 14994 7227 17917 14202 7661 11210 407 2121 7590 18373
6548 19019 18073 188 11776 809 10287 14644 15646 1517 12371 17793 18097 4183 7735 17653 11915 9087 3260 16746 19631 12215 13129 15793 8462 2229
