365
47 8 25 97 99 40 34 35 0 99 48 18 62 33 25 40 46 49 3 23 90 43 24 2 55 87
1080 539 7071 12632 19235 14139 15054 8320 5621 8450 15728 11362 2824 2385 19154 16147 18991 19555 7799 9537 327 13223 10096 2219 14882 4667
16780 13860 17733 8383 4531 13237 16839 18136 8446 3772 16151 3206 15227 15601 7732 18833 15053 16748 1893 16136 16005 1277 12544 4805 6300 811
14738 12459 9612 961 3471 13609 12181 5284 14993 14357 16747 8897 18123 9272 5637 7669 7020 6614 5000 7939 19036 14846 10316 7423 3918 10980
17003 14720 7866 3242 17034 15045 1184 3015 14316 19821 4966 19026 11516 15027 4913 2114 15875 2141 12275 13649 4886 2233 9054 12588 1533 12695
12070 5535 13389 5093 7715 4094 4336 15113 8096 17148 18153 414 13121 6245 6664 19410 4036 11865 13428 6446 5072 2767 7444 8862 10347 7537
13802 10537 12600 7624 336 14969 12267 17861 937 11064 6544 18254 12635 4107 2330 128 2084 5843 15276 12803 2011 13701 8206 16518 11234 4162
19950 7786 718 1053 1082 13779 12134 1460 302 4023 6495 16005 7602 18354 10347 12663 9052 4207 17692 18481 9861 12348 15428 2850 11464 3436
1306 7095 525 1453 6371 12563 6406 15642 6365 17190 4633 13284 854 13559 3373 5529 1502 5576 7605 14222 2449 4450 15753 13945 10558 5585
2968 4779 9341 1389 8295 4144 11319 11709 6376 6148 1997 13817 6743 11282 18325 1347 4394 10209 19919 10706 12558 11643 470 16486 19374 15602
683 2745 8836 3613 16777 1182 17136 11987 10791 7865 2850 5334 12283 17282 14874 1739 18760 9280 6121 2029 4874 2564 2549 12826 12938 8406
7768 6411 14407 43 4433 18949 1574 1139 10814 5062 15668 18189 8455 1997 13836 19876 12823 12433 19995 11512 2983 10055 12879 3760 19385 7778
18267 14539 9580 11140 8926 6222 6642 515 371 6066 7925 9315 17749 11583 3732 13825 19447 19496 11506 15777 4339 2883 10892 16746 8422 8814
2097 1659 15314 13662 3634 1590 19508 12180 11134 15664 6687 16509 19840 17395 17887 1017 11209 16067 17016 10270 8951 12001 2195 7783 8045 2735
11535 12233 7992 1362 19108 4429 17832 8466 600 19961 6815 10814 9564 4321 15497 13227 11754 571 17248 10329 12552 16341 8588 13875 12250 10737
865 14381 2636 10342 19611 1088 13868 13452 7609 15528 17178 9076 1493 16963 1827 9632 18353 12968 11715 5012 16958 18840 3914 1808 14188 9344
16476 6478 8878 7704 8995 9610 2992 19221 14338 3889 10123 13668 9343 9456 17278 3567 9494 652 13873 1654 5702 14742 2647 10461 14842 18999
6501 17364 11525 3964 4079 17337 13739 4391 2200 6930 19906 8330 5401 18614 19030 13245 8880 1473 13474 610 4141 10890 17672 12452 3342 13432
19563 1824 18486 1647 14182 17448 18918 19905 17645 5893 4374 18122 3 16615 1575 15413 7478 16501 17924 9385 5814 16130 4948 1791 11726 17748
16275 11359 11244 16708 1084 10980 5148 18569 4535 6076 13681 11164 3698 18323 8580 17986 12780 8773 9207 9390 18346 1349 15897 11297 18558 8008
13748 13286 11223 11398 11790 3164 10562 9791 7093 7017 14285 6648 5161 15722 18184 12511 11269 10176 16392 18574 17925 17356 7585 2009 11174 15262
19582 10372 18879 10521 17193 9046 17805 15687 14966 18662 6706 7455 17510 18408 9599 17020 17270 19676 4850 1195 2645 18237 18926 520 12583 19761
9374 18491 6385 15218 8564 14550 10692 1570 1483 17548 3094 5827 5238 19740 7909 1161 893 6918 16251 5410 6653 3421 13184 9191 12272 10035
1382 4602 6312 5652 12905 6596 12518 18579 1249 18947 11529 12387 15906 14031 9370 12610 19157 2629 4465 4302 13045 8153 12015 5957 2655 7802
13272 17196 3092 11718 7634 12598 9093 8161 12379 13973 16564 7714 7600 7475 8014 562 414 4099 7879 13673 17122 216 8769 9546 147 7110
5126 16686 11577 5039 10584 14731 16844 12619 14295 8971 5146 10369 12734 11332 1685 17573 13015 10886 5248 11711 11091 10342 17616 10031 17636 11071
17067 18164 17675 18979 271 11984 4896 11044 1870 13758 12764 13219 10352 13528 9266 12146 3672 19473 125 3076 5599 10728 16912 1069 11065 19038
735 8119 17338 7226 2691 9345 17188 11248 8177 13434 3344 16030 4415 12797 18660 12345 11074 10667 17955 11537 16549 2469 18847 6027 12101 4854
272 9792 1078 11884 19699 1154 2961 771 13017 19111 17883 19625 11620 16643 4628 10229 9099 3404 4242 7063 8918 19921 16592 4170 10051 4968
16549 16609 10887 16290 9133 2174 1595 18181 16247 9521 13560 8726 14771 16767 15508 7290 9174 14065 10028 18974 11841 7701 1382 18109 7183 10490
17327 15662 14810 17182 3230 2212 8304 2847 11456 11480 17100 3124 4511 7386 5930 2452 4986 7027 8923 11808 13179 14368 11228 11565 2038 12777
16756 13579 5596 15672 3134 15451 3700 4883 3534 13276 16604 7237 230 11962 17516 17370 3927 15060 15768 13088 11594 3061 17806 10615 1634 17565
18682 10948 17068 643 7462 15256 7933 14331 16204 4551 10123 737 8074 8716 2911 6823 2003 8633 903 1022 1782 8527 17424 14813 17172 9864
1293 521 12600 9829 1926 5955 5816 7230 1680 12438 15759 10706 162 15108 17799 19879 17411 14859 5284 8015 6171 9113 12839 2862 16012 2346
8737 12238 9858 2430 15811 13676 2213 5638 14727 4013 15907 3213 14050 17689 19559 8897 6167 7734 12435 15794 10181 8627 1392 12358 7773 14495
5540 8044 6355 19097 18783 3817 3560 12233 5968 19090 11417 5662 1215 19737 13991 16327 10754 18106 13908 1983 11446 350 11926 3251 15438 4822
9587 9122 19709 1201 6090 3253 12297 15742 16387 1343 19072 809 1485 11204 10051 15883 4311 16033 2068 5149 3622 7310 14096 17504 6 9546
19972 10460 5158 12270 9352 4897 13584 3555 12791 19159 2092 10855 7015 9565 16791 9369 16479 1783 3709 4321 10726 12133 13242 19166 7081 7181
9265 17194 6835 8221 15949 19825 13900 11307 18961 8607 14634 14908 1355 6497 18215 1046 10261 15327 10792 10509 13021 764 16840 1038 1552 1933
3998 5222 10994 13281 15170 8752 19771 8939 5189 9968 10198 6424 4175 4501 3372 7216 437 780 15090 6329 19646 13498 14263 9027 3270 16130
16505 16208 5232 18841 2656 16183 14157 10006 11676 4739 12427 9390 19307 15250 19626 13282 6313 14362 8208 4717 13609 13400 5687 3998 17596 8159
4925 7145 18900 4974 16537 13605 15656 12375 8506 11239 3902 16836 11082 11820 18394 2483 11818 133 19859 10177 2200 11084 2753 16482 8510 13753
7799 11789 16353 13410 7707 11519 19209 4104 3107 16532 10629 3346 8318 19122 13640 7652 8101 6395 8224 7738 11450 459 12322 19751 17804 2197
3480 14930 1412 19992 2035 8182 14141 2357 17132 5015 8282 7788 13859 1811 2456 11956 16103 12246 16788 13188 5019 18023 8560 6746 10170 3302
5678 19161 14851 13485 17837 9125 11935 13009 12190 17373 18038 12238 10938 6197 7804 1771 4760 14131 194 17427 4779 11224 19737 13081 11961 19828
6439 15702 6233 1546 16618 12610 459 15592 8139 2684 8000 17130 11810 19129 14697 14186 9039 13091 15301 4203 18009 11420 19417 11290 12609 15188
9356 16972 17588 1698 16031 12568 9126 14851 13081 2923 16495 11414 16546 10398 4371 4333 1242 10803 18981 18605 12477 8781 5006 15290 16989 2792
4880 18632 16543 7331 4725 11315 8949 615 3251 2243 12307 6906 940 5900 8227 8829 15799 13815 4953 11414 16240 8950 1770 4579 18669 1371
11984 16768 12566 3800 18074 11135 1267 15293 19421 686 5392 2141 18359 16581 19723 11822 15394 14359 10796 2649 12661 422 17942 19820 1860 17596
13737 14095 9659 5658 7025 3429 9518 6810 8879 11129 5815 9543 10243 16765 16757 10286 358 5511 6545 7422 7258 8370 14110 18815 237 17841
5933 1808 10789 15225 13605 1169 7265 1315 7937 15307 14476 5649 16431 18719 17432 1966 13060 15176 10964 10202 11859 16749 6832 18593 7254 12611
9121 16485 4389 11601 3920 15680 3051 350 3229 8175 15759 11029 13106 9582 18720 7196 10614 17630 11718 12392 9708 3163 8523 13489 11222 16286
8011 1650 11546 6761 8884 17947 18372 9413 10970 708 8007 10385 6638 18585 11975 3940 2705 5634 6773 4266 3621 4951 9061 15801 14800 10579
6487 19323 16995 9119 15094 12454 4740 6686 7590 16926 2265 1463 1440 4825 12166 10175 16681 18110 8074 12513 4325 10536 9743 2132 2913 7425
10764 2439 340 601 17750 11615 11365 6419 6929 15495 658 3315 17864 2985 6189 8493 7350 4545 7386 16598 13838 488 11061 8964 17864 9568
6131 17652 3214 5014 1622 272 17394 8149 9570 5072 495 13101 3461 12505 8222 13479 19923 11843 12229 1035 17132 6483 16863 4888 10433 2557
7419 15284 17241 18792 3338 6163 16925 2359 2427 16290 1377 13712 3028 335 18293 7340 3990 8065 11714 3256 16596 2711 2948 18388 13292 5879
18456 937 14182 10402 2219 2792 10816 4319 12846 5543 4805 5226 11910 965 8470 14199 18041 14719 5040 4082 9213 389 14320 13860 11452 14537
18221 2197 4965 2117 3590 7644 15480 18901 12405 19596 9224 1670 16345 5619 3041 17997 12136 19383 12360 3588 10476 1740 4622 4591 9736 5640
13800 8211 954 12786 12871 10515 7849 15830 4311 19180 8390 8567 3520 17948 11435 19866 14804 15539 8929 3840 9177 2047 6439 17498 15568 8651
11038 4241 3330 10027 10235 5660 934 4818 14301 9095 11595 4990 9760 6379 16210 10367 9784 512 8382 13673 11558 6145 17201 12462 6498 11315
15122 9512 5245 9859 5009 6585 15203 14101 10018 12748 16200 11663 13794 2516 12606 6376 4740 15967 2146 1142 12651 15014 14087 8631 6993 17548
2851 14992 2514 13893 19851 8276 5635 13157 1211 8044 6999 18391 996 19817 12570 8882 2739 4987 17574 7770 5795 10875 14355 12490 10878 9457
10393 7015 8297 5263 14989 2701 6051 6207 19952 17713 7411 6276 7798 14266 12639 14419 11348 18674 5541 2958 4674 2759 16103 3163 19931 1924
7742 5595 5516 1079 2612 7538 10154 11025 2543 10475 9487 17996 14068 18159 19069 2960 13894 1723 9295 12188 1688 792 7988 5495 16894 8426
16490 2223 8916 4784 9278 5379 19479 4870 23 16466 11718 14911 6362 10372 12682 7380 9517 3687 6565 1384 583 8571 627 234 13755 19796
8411 16875 5585 365 4190 3499 4054 16282 18943 19 2188 12600 628 18899 14419 17748 12088 4332 2674 18857 9163 13775 6364 7837 7078 10736
19715 5643 1941 15722 15803 16747 14302 11982 9608 3919 6560 5223 13020 568 4204 1654 17851 564 12306 15551 11984 19251 15046 4344 4344 6266
18594 8113 1808 16433 10701 9292 19167 5949 19626 1365 9728 12917 12553 13034 12927 2385 18363 7495 14237 2119 6271 5522 10859 5642 5533 1156
2848 14415 1763 832 11036 18419 16199 3290 10648 4550 12859 10290 14636 3210 17859 13775 14508 16056 19095 16599 3451 16384 3256 4380 18602 4772
2003 6132 11341 15270 787 5684 19978 12468 14086 2867 11122 11418 760 3165 19191 644 19151 7176 17739 7544 11658 19825 11170 19347 16529 17264
13041 7945 12457 6721 19410 18677 477 17299 11198 11744 12594 327 12794 9888 17599 19832 8843 13831 10291 18920 4284 5465 14795 9791 18064 1154
12516 10719 1469 7935 7040 13034 4138 6694 10299 13031 18423 7152 12091 15401 15517 11372 12584 1580 17921 2076 2058 10909 2429 18191 8226 4047
19072 19306 12334 5420 6831 1323 3672 2066 17078 17976 8277 17449 4746 5417 14430 1650 11980 1997 10700 1515 10284 14914 12191 9001 13146 170
4213 4732 8178 6038 19309 1011 14334 6714 15935 9744 6864 13648 17639 10223 15455 7034 1634 6471 15312 6376 16663 12537 13501 8521 11847 8378
15626 2219 17497 12682 3663 4284 2260 9903 11589 13073 10101 19085 9442 6920 5164 3949 18943 12003 6707 238 10327 17015 12092 10709 7260 18827
4601 912 1860 8377 18185 16130 19516 17769 18274 15052 9139 15465 18717 11437 7487 13028 9578 10878 17713 12206 10494 11591 534 13608 16329 4925
5110 13252 2841 17585 8402 19056 13619 4285 3756 17041 522 6437 1708 12989 2505 12819 2804 17878 8181 1367 7248 14502 11826 8759 18546 18764
11755 12143 6430 5038 9696 15901 7495 9536 701 11390 5062 10131 9946 8238 18053 19960 13479 18045 7076 19433 16176 16461 15457 7030 17274 16883
16102 7146 4105 2325 11423 3994 745 24 14705 10158 8506 345 744 15430 7095 5876 17625 14514 19567 6737 2303 6938 18492 10158 8978 17952
10727 2499 13719 9739 10171 10530 15927 648 6827 5063 10390 880 13317 9364 5261 9478 14741 19876 14632 18223 11669 256 3071 17518 9511 14721
13034 1086 3150 16436 4934 3874 473 11692 12184 1599 11527 10219 1962 4158 11551 732 12133 7297 13635 13379 19733 18249 7784 13029 1451 15935
7669 5232 17034 19308 12528 15776 19409 12706 16255 11330 16289 11460 1956 11926 17922 15711 14902 11946 4049 15746 5040 5811 7168 16818 5287 11988
10086 11722 5584 1369 4006 18724 9807 4280 6023 1043 3937 12367 16284 17900 18679 4394 510 4637 1104 18392 10276 7571 388 13383 14011 3231
2441 7781 18194 5033 10952 17633 14991 17764 17971 12936 179 18979 7969 4611 1679 13792 6160 9260 16035 8400 14571 8538 1579 10756 12631 15689
17861 4091 10691 5034 17628 11060 19763 2069 10783 7623 2591 323 17238 18987 8481 2411 2916 9753 14618 620 17836 15771 18061 2142 12225 12655
12849 15044 8790 9502 572 10218 5873 12837 15041 16052 9233 19591 17729 6608 15906 15949 4679 2520 8289 4275 5251 19265 12018 4793 17747 11513
8498 7661 17791 10083 10579 7864 16316 2302 17077 19124 10414 13182 6046 10697 18919 17778 18262 16635 13847 12542 14705 10833 15214 19587 1044 786
261 14898 7121 17084 1271 3395 12831 16353 7866 16299 7900 184 3790 14907 4544 11479 19548 2628 9322 18990 9104 17474 14069 4399 14237 7278
18163 16622 4819 5555 11160 8690 2946 325 14681 11855 9057 10013 18076 16584 9382 476 11939 2766 15202 9224 18757 17817 12573 18762 2299 7821
6078 6252 17611 4643 1658 2632 8293 11292 241 10293 8622 6266 6959 12538 10967 19025 13130 17187 11028 14570 6778 5989 12713 1175 7308 7636
819 19744 2577 2515 15834 6420 17802 10570 15281 17861 9274 11019 7943 11227 8017 10753 12628 5395 10288 7964 19576 10013 9279 14802 5664 14524
9342 8925 1622 13778 846 19922 19438 19104 16417 18663 6781 6500 15670 11046 8699 2321 9789 15469 4236 12172 12640 14646 1838 6728 1562 150
15263 3186 16061 19138 6314 16965 1305 19170 8500 11114 9629 8112 1665 8932 6652 4816 12400 11194 8364 8893 11333 2801 19728 3564 10888 4378
18118 10846 13916 16418 13569 5051 18770 3603 15707 19765 9952 7188 11422 13651 7481 5516 19362 15925 2679 3047 15386 11880 14975 4294 949 1152
14930 3019 18413 902 17671 18535 9 8050 13000 15391 9289 5980 9299 2208 5314 16013 6168 3702 12786 19495 174 14703 16256 6615 11843 5200
16648 19149 1856 1834 7585 2347 4488 12719 1241 19125 10495 2212 4087 15180 2505 3209 7828 3507 5256 1915 4966 7491 10357 6307 3193 12800
1968 2427 18336 15333 7602 10670 16242 14074 3578 9816 5201 8387 1403 18758 19088 19026 14730 18114 17688 12206 18469 7184 17539 7925 9505 6089
2353 10623 13041 8329 18097 17332 9586 11801 2350 5926 9558 11703 15674 14015 3706 5728 9251 2361 9985 15456 10269 3565 12625 8421 340 13577
17435 10011 13572 16426 11243 9116 10887 18495 7408 17526 9157 3614 8113 12341 15444 4760 19853 17083 10485 19519 2266 14222 5680 19279 10370 17260
17382 4754 16300 4372 11069 8596 17538 8934 10071 7245 8363 4514 7641 1791 3596 3727 10124 13198 1353 15683 2253 10896 9137 5480 17817 2817
2472 11340 3455 12109 3940 17899 15672 8425 6824 19611 752 3076 1988 4320 8764 16724 13585 15607 11536 13019 12387 3449 543 10564 13864 11578
10442 18110 5675 668 6183 10597 962 13773 1644 4676 9741 13240 8274 13237 1331 9160 5375 2483 2417 10181 14143 19469 18906 17255 4262 7360
8855 857 19177 13085 5787 10630 1516 15774 16560 5049 4069 7825 2925 4386 10589 3165 9476 14558 18560 539 1326 6229 4380 4574 11098 11593
8960 5823 8406 8932 11020 17493 15858 13684 19872 10383 9703 15228 7470 13047 14064 8881 15607 154 5250 7361 4360 11216 9456 8199 18361 10634
1219 15067 13761 11355 2236 8486 13020 17450 11712 17000 18452 443 11934 14287 2540 7681 3881 3382 18404 19144 18442 13952 14028 10713 2146 4009
12429 9435 3585 19732 12942 18952 13518 976 16412 5793 4613 14613 12792 15659 8716 8106 7878 12214 6114 8878 13401 18039 14147 12099 2012 11479
6140 12381 19972 1526 17384 2099 2858 15464 9322 13521 835 16733 13804 481 16028 3640 5472 9634 4654 5991 5837 18544 17265 14469 8385 7022
7385 3458 6184 8659 15382 2419 3602 5330 12993 10642 16327 16410 11467 17536 13214 991 5934 1211 11846 19601 5570 1684 12137 11523 11134 6828
4863 809 10780 9361 16657 17730 14369 9486 2770 11259 18444 11789 2000 7827 2380 1700 5879 6990 8348 1377 15935 2914 14646 389 12430 10233
8683 12521 12762 5532 15336 18103 2240 12681 1414 18538 14485 17279 8695 17443 5727 19945 16020 6056 2003 3622 4049 5625 17029 8950 17822 9492
1190 12575 9302 15187 15546 17500 17517 134 3653 9581 14776 16233 2738 11354 17968 8205 5967 12388 13517 14967 12148 9916 7949 5830 13705 11955
19494 7041 17302 19066 18953 6315 7244 1938 15005 17599 10972 16063 5404 18548 13400 11431 15252 10802 16400 16523 15110 14172 4683 17210 9811 18836
8931 12557 15765 97 14576 8231 11052 3901 16316 14768 12035 14867 18177 7478 5517 17261 2515 19772 2047 19727 18642 12436 11580 4412 7362 1776
6701 2003 5017 11442 19759 7824 2655 2411 5590 2935 16749 2785 3974 1002 1623 2976 441 17427 11704 17978 16974 4440 13549 13887 12971 9307
19525 18612 6374 5199 18642 8993 5627 12463 18827 5917 3411 2067 11250 16215 8268 10918 5135 3940 7055 7987 5560 2689 4759 10846 11925 15801
1925 8375 2187 19615 1995 5085 11284 19808 11946 2578 14591 5699 2430 1137 13424 3811 18112 13890 19286 9181 8693 16312 6698 17856 13442 8783
15004 930 5978 3979 8659 319 12231 14404 12175 16518 18960 18470 11871 1603 12440 14949 19813 10120 957 16437 16568 5632 3405 693 17236 12220
4109 10382 15635 17479 12184 16820 14389 9425 10969 13013 15477 7854 4186 10141 1669 12578 16675 7966 8488 1699 10336 10333 16939 10081 18739 16433
13854 2560 8021 11466 15567 9163 15458 10021 11164 16095 141 4385 3068 2695 18324 7457 15332 3002 8657 19096 45 14296 19955 3252 18459 16112
9916 2014 8641 2402 1031 2093 10295 397 19100 17459 304 19227 13191 4086 15121 8650 15880 15329 11287 12338 10120 15799 4016 299 14912 160
7479 9502 9512 18993 4760 17138 3013 6749 16394 18375 6675 5822 7309 13854 7600 19381 8139 15530 6775 6887 16003 17268 14536 18702 480 679
724 1384 10139 17882 8200 16975 1202 12576 15127 17834 4049 8137 5342 17895 12526 7408 934 6555 3351 8077 5700 11816 15197 8131 5541 19529
19465 5309 5800 2105 5012 14153 18482 18048 10599 18023 3033 5167 8156 18595 17858 6035 18164 17364 12358 10278 4112 17442 2219 6786 3752 5588
1505 3433 897 4930 4380 9477 3947 9147 14717 19936 18165 3383 7553 2251 1867 11528 2420 17867 11091 8491 8309 7833 7984 8502 13413 19102
5176 11125 11582 14252 13842 7887 14444 9539 5399 3353 8398 10885 12591 8403 13762 17639 2241 475 10417 5827 8569 9392 8236 7522 3924 13622
17660 12991 12785 5954 12935 13926 6130 18533 15526 7321 1534 1834 7433 7883 15061 10561 3345 881 16521 3790 15554 977 6744 5236 17343 9925
7894 8332 11117 3066 2035 13738 13122 9424 13351 5087 8089 6737 16438 13336 9704 4851 13542 14416 7382 11110 6505 13840 2226 12419 19328 13624
19205 4667 18885 9567 15002 8734 6599 10727 9909 5618 9178 4302 1839 2200 9873 185 19376 11919 9781 11219 3725 15428 14765 14477 10137 3887
16413 19021 10929 3700 17043 2908 2436 5720 13749 5773 11365 9337 8054 15057 11211 10198 8160 15100 8233 7511 12897 19675 16681 3955 4308 10974
8929 13472 132 15689 1980 4080 7949 15680 7600 2674 16710 15716 8383 15013 1800 7219 3280 14777 24 5174 18675 19423 16502 1484 8359 19591
8561 10439 16738 16835 19037 808 1727 5458 11670 10359 19316 4555 4357 5682 1511 2001 7463 2053 19299 16964 13624 14336 17344 3557 1379 2413
7061 9064 7366 12902 2969 19801 15769 10775 11159 7803 1008 16588 6040 19518 15948 566 14828 8553 10851 7325 16144 3752 14046 11820 13983 8036
3120 1624 10844 16583 3165 10250 3466 5132 5651 5270 3971 15799 13443 8120 8323 14935 10978 439 12499 12876 6070 18938 8017 15975 19852 17848
16065 1169 5581 2824 15724 13235 17370 3722 11087 14877 18420 17699 15722 14449 14317 1024 10676 15897 8784 19915 7045 4455 12211 16125 19769 7023
19035 15770 873 15772 1015 2089 13359 3654 7419 14630 4813 1198 14186 4567 12734 12784 12364 659 16856 10061 9113 11195 15318 12201 2450 17040
2582 16066 19364 3330 19443 3953 4909 15070 1168 6010 4838 13848 15607 12397 2406 7160 10008 1932 2167 3859 4794 5747 14875 11997 15581 5390
14657 15774 17564 1546 12424 10597 3300 7010 17777 15160 5154 11292 19124 19151 19378 3535 10305 1672 19919 11404 10259 12358 6702 9590 1835 6450
15068 17850 6659 19433 2779 1748 9952 19046 15314 8781 15756 18526 4023 7622 2993 7245 16178 11460 3831 5498 7104 5517 1017 11815 18077 18539
7862 3775 11208 2593 7605 8662 5529 19500 10935 2783 15982 13868 16852 9822 6658 3118 6457 14326 8242 5739 14237 11810 12561 3839 17824 8885
2291 3020 7594 6332 18420 19805 7934 13975 8374 15817 10036 7056 2581 14204 5222 15078 16571 12273 18298 7542 4896 9337 8930 1690 2240 13919
11506 18945 8791 11455 15634 2519 18147 4336 16106 18958 10901 18391 3699 3668 17214 6560 15863 14011 13809 7763 14030 12980 3179 14639 14680 18891
11801 12405 15760 14882 11641 14974 2415 5485 3477 4470 12341 13021 19925 2217 19274 16466 19373 4359 10276 12804 13936 12269 7058 14719 9298 13004
11611 15137 19709 8621 19268 17629 14934 6614 19358 6180 14445 6332 15021 543 5561 13517 16902 15816 8608 265 3155 11026 10560 17537 16207 11664
3281 17410 16764 3050 6245 7067 11845 9341 6293 10325 18111 13600 15773 3856 7429 18601 6949 5758 14387 19178 8546 13402 13599 5880 9502 11519
4570 14467 4894 17565 12975 16850 9939 3080 15333 6051 17387 6092 4770 7160 13054 16903 7269 2318 8795 17725 7890 14208 6683 2268 14633 1776
4560 16762 19519 13028 7221 6208 18590 19634 13880 5123 4616 18147 9611 9276 3344 12792 13172 3730 15150 1839 5950 16024 3421 18657 18138 17750
1530 757 12749 5798 260 174 14387 9185 12091 4558 9979 18120 2645 14086 1099 17394 3552 17450 15255 4542 1372 13010 18028 12353 4891 18892
17169 13687 9125 11015 9979 17197 19975 14413 18596 4169 15022 5961 4431 17265 8183 16249 2488 19446 3992 11051 13366 11598 1262 460 16584 1206
15169 16835 2295 6275 13130 16232 3504 4084 7875 9552 8335 16481 13501 1755 6909 12863 15214 14339 14111 16104 6463 1131 8781 1413 14040 13269
13861 15658 7035 12079 16344 5466 9575 12166 7805 15817 8734 17774 12786 4107 5179 18051 9347 4167 2345 6716 1628 8550 14849 7116 7811 1245
13058 19217 3134 13961 16949 4478 8531 2889 13472 6178 19340 18860 3638 15422 9301 19873 18919 544 19880 2286 3464 8381 136 8714 11925 5235
15896 12628 15018 14145 19514 4298 3579 15643 9875 4057 19450 19898 12125 9266 6990 7927 18543 19549 10507 8207 11822 12120 6526 11767 1011 19377
2192 5536 12486 3256 9904 6214 17639 201 7127 12148 8594 17590 13832 5273 15861 16483 14822 16098 17951 2025 5499 5737 16174 17987 16203 16359
13610 9616 8591 2000 8573 15984 14899 5635 14024 9117 3626 5712 3388 5747 8234 15560 6968 15018 18302 10236 8163 6778 6805 12875 13736 1474
2537 1837 6611 9107 5155 6819 1380 2968 11349 13956 7869 4858 16257 6066 18547 3888 14537 9085 9424 4244 14862 4831 16693 6837 5795 711
19715 4376 14440 3236 9380 6842 19050 2425 1839 11495 9657 3666 15982 16967 14155 19134 15119 2693 3524 969 17356 5728 6572 2645 3754 5154
16458 18748 3231 5595 8603 18934 6606 457 14339 5425 13779 9447 10165 14032 13009 1650 19676 9613 8807 12157 6846 317 18183 19994 6754 15031
8003 17878 1102 4472 1997 13658 19015 3751 13523 17134 8951 1816 16675 16529 12928 9683 9152 4060 16427 18176 15591 14177 948 7638 19308 11470
559 5803 9611 13966 1615 8641 2478 117 14767 7374 17849 12885 8023 6273 12646 590 6094 1936 12370 1675 5229 5155 11740 13614 5460 7192
17687 4941 7690 10218 16499 6581 7282 13083 10683 12032 10944 17346 19892 8223 2935 19115 7016 4640 18817 15267 5491 7113 8881 2473 19030 17520
2072 1939 2563 17216 19690 2786 10027 10710 8735 18624 4819 6485 5795 919 16726 2715 10267 8628 19241 14554 19293 8737 17171 13770 2617 13824
16659 9696 8483 19075 8320 8260 11060 18368 7692 17284 4248 6836 13693 12110 9010 14919 11704 1402 10728 1348 13502 5670 11406 9037 6033 18723
642 12112 18134 10480 19996 4857 11719 449 14271 9539 3391 8491 8187 13235 12487 7599 12223 19751 8280 2433 1556 1036 279 7961 10770 18525
7287 3323 16597 19289 8427 2544 18481 19860 14369 12112 4246 13738 5103 7271 16551 13066 6536 12337 4642 12531 13105 10054 14682 16003 1512 7679
11588 2550 6747 11185 13078 6264 7343 3952 599 18391 9432 9096 16229 15085 4534 2346 2742 6920 10323 7100 6570 6419 14768 10017 8650 13887
15915 8207 10713 16161 246 5775 7719 13311 11578 2598 1726 16697 9522 13746 15484 2886 11981 19715 19066 6136 7671 12172 49 14415 19446 1814
4149 19817 7041 9738 5005 7642 2931 9807 16981 17217 10010 12784 4524 9614 19297 2206 1571 16173 6438 12691 7151 14607 18213 14237 9810 18020
6490 3106 5895 2170 17807 18976 9765 2057 5830 1956 18120 14669 1062 16034 19300 4179 15257 3167 14395 14297 10617 2616 632 9420 13225 15539
5038 11402 19504 1178 18370 2733 17620 13827 16318 15521 2941 9020 15925 18771 19260 2593 10066 568 5929 3593 10083 13480 15824 4858 19572 2409
16554 6252 14647 10310 11063 18790 8637 10069 16384 512 17190 7487 15308 8333 1147 18579 1004 6841 18681 17002 8766 2573 14836 9277 13788 931
1143 11768 2609 1508 15357 6478 4087 13314 7095 18984 17232 12507 16263 14111 11624 5486 11179 16663 18139 10961 761 12347 6675 19043 7141 1049
10044 15995 10514 771 18058 5738 11488 2058 18734 4589 10196 5345 13012 5259 9599 6402 10852 18397 7079 16474 18510 19499 15657 14358 17459 9282
19901 4198 12319 10716 11290 1879 13667 7642 17662 7402 8771 17661 18894 12969 509 18421 6002 4449 4772 1281 3406 1006 7786 14010 17715 15575
5814 17647 1334 16203 5806 11853 14879 13262 4107 1043 13272 14778 18316 349 14895 13991 2535 5774 4142 12145 1025 16567 6976 7934 12563 15549
14648 11435 11917 16458 5468 7174 16433 21 19511 4660 13292 11984 13215 2092 16977 2997 5306 8790 2123 17278 2540 1992 9082 4477 9947 6023
7594 7589 11338 16650 17295 8468 13424 5533 17947 12995 15290 6765 2553 18219 6423 12865 5573 18757 11613 10114 15448 14628 11197 12759 12008 16129
667 6902 19347 3316 4424 3361 8026 11681 18053 9939 16109 5039 3673 2834 2284 11161 16071 19076 12383 17126 2916 6770 18653 8631 9222 6780
19750 11609 1204 3688 8309 16749 13974 10381 4606 4532 6308 2898 6919 11682 4833 18261 17757 13523 11391 5178 3114 2914 15751 10848 18047 19099
18538 11088 16274 12324 18841 15241 3100 18090 2406 3418 3437 11437 14987 5940 15024 17161 17369 10775 5713 9182 5494 259 2009 14315 16372 2736
9475 8416 8783 14454 1843 5362 7072 6552 4842 1027 7573 10686 10345 27 5813 12150 10089 6078 3115 8355 19395 9015 4767 2952 11477 14746
14311 15062 12430 1278 19044 12676 7679 16925 15835 12003 7819 12014 15457 8006 18265 7187 16053 9220 19753 13692 9883 8114 13624 4733 4070 13150
14419 15109 15081 5819 1419 17627 7667 8782 4942 17600 12943 19918 14721 18120 4162 1883 7616 18050 5007 15701 19950 8590 7605 2966 9662 16954
3364 10839 1790 11214 2430 11687 1280 13798 16053 9557 11066 15771 2145 19524 10606 2142 5684 16521 11499 4821 4344 13552 3144 10591 19339 8460
6706 14872 16284 15551 1741 17780 3585 6661 7801 12230 204 14139 16071 19120 15328 8542 1897 11503 4393 15473 3719 18223 19319 13746 10089 90
9260 15005 17723 8465 17196 1236 17156 10314 11513 1195 16523 18642 12810 848 17983 1321 5638 2766 18406 17429 18868 7662 9786 8278 11595 4844
9501 11537 13519 15726 2622 14847 17576 5679 9219 14870 13124 5742 3992 2054 4238 7261 11989 1475 9754 7970 570 6515 2329 14459 6866 16614
10335 4392 14546 9019 16680 3602 11912 12592 14046 2685 12271 5201 4376 19670 18972 11317 19575 11955 1210 5034 9169 17848 15978 13935 19019 13830
2054 9594 13898 3919 6038 16364 5589 16630 11128 16898 12912 6250 1877 6844 7817 5344 3326 1134 16059 2407 11679 3364 5340 4951 13665 7908
3806 19467 14679 17642 14194 2804 19482 6903 671 1055 14611 978 14737 19135 14224 5658 9737 2346 8430 15436 6028 417 18781 15235 279 10171
11058 17002 7659 18827 883 13376 16634 205 15053 2586 4134 8503 14689 7373 14651 3703 13007 1872 17051 19674 7563 8471 1628 510 4593 2432
15259 9635 15987 2376 5045 6832 14198 19012 15105 11622 17338 2640 10182 420 19527 9304 17164 12372 1173 1571 16014 16253 6403 1777 1629 7886
17166 15288 12795 9170 14028 15613 7168 19656 4509 2584 4388 13813 5117 9023 12632 9462 5372 18566 15461 3730 6290 14526 17236 8265 17632 6923
11746 8233 10416 7887 2960 4726 17451 14558 7018 7594 16824 18816 12204 12377 9770 17629 2938 13429 12458 2966 3622 9096 5341 16790 16087 6944
14344 10045 3773 16296 17316 18287 8103 8370 18347 18078 2199 1059 1352 9039 11121 3538 16802 11057 10972 1756 10330 5359 1464 10309 6867 16993
6268 9771 10503 11255 11435 8864 18762 7953 8731 2522 17011 2385 2901 2058 11805 11588 15701 5347 11759 6468 12582 14621 11258 292 7669 16712
13260 921 1501 7128 8979 9637 771 6136 2696 14890 12025 692 4589 5068 893 13682 18064 1489 15888 15263 13061 3799 13175 9857 16186 5327
17334 16968 2851 13937 8513 19107 8525 19206 16362 1651 11291 4569 2612 367 8399 9509 10683 11168 3878 17502 18 16229 6770 12580 10646 14395
13312 10135 16940 9218 9425 10113 16916 19348 10362 3510 4106 19635 10577 16356 8790 13855 19058 9315 4023 17263 6067 7674 2919 13482 13588 10339
14680 13558 16011 15732 4790 11469 3823 19952 12385 4422 5176 8759 13627 4589 9650 18669 7003 12808 7960 19862 2308 7850 569 16885 17690 433
4920 13889 282 620 10987 4145 19759 14567 9311 17609 15874 11321 16852 3663 19716 679 5359 12046 7416 5644 14715 9311 14905 5613 11301 8171
8890 2977 7740 16199 8007 3175 17235 3288 13560 6754 17708 4803 5474 13138 18354 6472 3177 17559 17001 10166 15515 4316 8999 8394 16139 4716
1476 15633 2295 13506 14660 2109 17366 18155 9817 8320 4070 19229 7613 16795 13917 6865 18596 13166 15263 1272 2514 2383 2752 1951 10213 12844
1347 5199 2061 3487 12055 17196 19234 13169 6153 5948 17852 10527 15698 14276 12662 15872 15396 6817 16317 10376 11067 7016 8276 14680 2187 18245
2807 17961 17766 18845 19506 17633 15086 3850 13580 7712 15220 18183 10787 11712 1995 7555 2052 9345 19674 19856 3715 17587 7229 6008 6462 17566
12187 2287 1559 2768 12959 250 2139 4543 15724 19035 10180 17793 8157 6731 3005 13794 4671 4771 13240 6597 5296 4671 95 7989 10111 19889
17409 5742 2795 8679 10580 16398 3071 7832 11307 1686 18174 10130 12815 14630 7150 19702 5096 6406 15736 1619 16803 1923 3746 13243 8424 1443
19461 16120 15993 18435 16015 15398 13144 13451 2871 2805 1437 8488 3246 6251 18504 1611 16388 10247 19789 650 14867 19220 5169 2503 4135 5234
9124 15356 3455 9115 17959 4553 16234 17075 15841 2772 12991 4191 6004 4599 2222 2769 1142 11086 2776 8121 15330 2391 3102 5992 11072 2477
3636 11097 4685 1060 15898 10717 18600 8589 19950 15661 141 19758 8413 113 1289 12138 13207 17562 10061 11340 14911 10678 18741 7265 938 3678
16242 19848 6374 17054 17302 1998 14084 13933 9276 18282 2512 16132 3812 13777 11694 10624 6706 6695 14369 9209 13281 13616 5481 5562 11964 13970
11464 645 17923 6067 17468 11626 13445 16592 5111 9585 12080 1900 5610 11674 16039 5000 4920 6600 7563 3261 14443 15792 16577 18735 5098 14725
14907 11093 1463 5963 6445 13077 6844 19237 10534 1967 10003 16173 208 3604 7571 6272 14805 14630 9353 8157 11965 11368 12279 16138 4979 15556
14855 1315 4443 7596 16679 5616 15781 5967 8032 9463 7046 18601 2643 17947 15859 18405 12198 10492 10902 5353 4972 274 1527 19247 1187 6014
486 2806 6867 989 2441 4505 485 16872 9052 11788 1575 2316 1266 902 649 206 13609 7399 10488 15827 3069 8225 4992 19855 9467 7765
3114 5356 2172 8052 335 4968 8480 12869 8905 2983 19480 7867 19826 8771 15913 19067 13495 8264 5148 7524 18067 1339 5040 19585 16249 1460
2844 12004 16605 18146 2477 14232 11301 9992 13573 18545 14167 2160 15976 15683 10165 11544 17681 19991 5423 11962 9822 6024 2382 15052 4612 11020
16858 13963 19483 18173 15186 19860 8990 16688 18136 14829 14088 2300 19814 15152 15351 15779 8686 15729 6279 12167 12527 2832 14997 9342 6832 19836
7192 9458 60 14624 15505 3547 10492 11274 2963 9868 9609 11848 4384 2941 8011 5374 11838 16062 4792 10475 848 12177 15074 16083 14994 5151
8630 468 11902 18238 7523 18452 19848 16581 16316 1408 3592 11868 15351 1688 14079 791 10797 1911 18901 746 16214 2675 18468 5635 12176 11429
17013 1578 15550 17627 19445 5420 1413 11014 16631 18550 222 450 5642 10203 6875 11030 1569 8614 890 12438 7342 859 17528 11561 2851 16244
1968 13894 9657 2478 9675 14283 11762 12474 3302 8888 8340 748 11810 363 17732 10817 2954 2061 3838 2903 7379 7468 7115 6594 14077 11901
12992 9041 13007 12384 3859 1967 9860 12760 7812 10101 14958 10180 6519 17752 4191 7334 9740 15021 10066 2781 18486 18295 3781 19092 5712 1938
10373 9283 3964 13551 9202 7482 9468 11409 18788 1248 19344 4012 14625 10142 7315 905 7672 17819 7234 19268 47 6917 16967 15591 16552 17829
4311 3382 7372 16884 16565 14979 11186 663 6669 12420 219 13272 11043 3540 8930 8766 12845 15332 12663 2534 14836 8531 8630 8711 3740 6088
11515 755 1577 13626 16792 6758 16774 13559 3365 18640 17230 19818 17255 7812 18370 10715 4648 11538 5803 14492 10785 16640 19999 9392 18835 4034
621 850 11983 19468 1477 6640 4641 229 13824 11792 8097 17212 17291 16294 17435 19125 11394 7474 4917 14117 16584 16272 8600 16510 12276 17467
7282 4766 6755 12886 5949 9207 12499 9096 4895 2629 3116 17412 6758 7463 5018 15444 5621 16473 4725 16819 7324 5864 3821 12895 6682 15718
357 7658 7600 3095 4639 7903 2143 16656 16008 13363 16594 15180 18944 5439 5617 13061 1357 9962 6233 76 5863 18619 3810 10747 2798 13082
7049 17364 8168 1305 16968 12457 12988 17138 10332 7203 16631 8570 1414 18897 18936 7102 2779 7136 17283 19602 5070 293 18698 19564 14024 5548
4472 12713 1670 4344 11414 919 15954 5853 4578 14729 18027 7880 4692 14373 9516 6415 1940 16640 16645 7087 18784 11386 12914 856 1025 2271
13868 13641 17708 16179 18596 9826 2658 6771 18300 16097 16431 11223 6330 18634 10917 14398 219 6449 6091 12287 4652 11457 10983 5197 15785 9597
5420 15153 8414 1783 3130 9928 7415 1535 3876 9334 15784 12548 5788 19192 4251 10561 4788 375 17328 8960 11981 14611 7126 1057 6196 2027
846 4098 6625 9771 651 16278 11260 4248 9509 18367 5580 19079 16444 19574 11098 5139 4547 17070 3103 14494 19335 15296 8262 15605 2814 5244
12342 19226 1942 7515 9703 2350 1908 4591 14638 8122 11837 2077 6154 18894 5901 19729 10931 7334 13516 16280 1155 19021 19475 18469 16999 2079
10128 8486 825 8314 11937 7182 15372 17427 18396 2810 6867 6293 3415 2187 17319 13640 5491 18295 3202 8731 17719 709 17258 6112 5307 9420
4508 143 2798 18807 7990 12223 13111 5275 24 7441 12087 16734 14151 9356 1605 18456 14211 19991 3461 14925 7788 11290 14369 3136 15991 8875
7146 17010 7408 19873 5970 3228 19318 11832 8697 11232 5150 4236 3327 5499 19154 5150 2226 1784 19927 2325 15382 1331 1116 8590 3619 5729
17085 269 12172 13367 4951 18538 14915 9378 5900 11286 19161 8509 16136 3977 11415 18122 16100 1455 8323 2557 11481 6230 17389 9436 12506 9565
9242 5215 2387 13461 12811 8718 6781 12962 3946 9845 13181 11892 16504 12818 14720 96 4050 16452 17174 7200 9251 339 8401 15058 7232 2424
1011 15365 1725 10050 10289 13719 18440 17736 17920 15220 16611 13293 17106 9049 18453 8392 18693 15212 13244 8399 8074 16625 89 16001 18809 19253
3773 14100 11779 15816 12382 3012 1596 19665 432 7002 15619 7432 15131 16528 10509 2731 7373 17166 7153 19870 13960 17896 11535 11681 6851 11111
17425 13026 19235 10713 11760 14686 4184 18084 2272 592 1967 1583 817 8728 6343 8723 5014 1490 8180 10262 8904 12725 9967 12150 6353 19960
8681 19238 13370 12565 8075 193 6700 9473 14059 13416 3024 6412 12513 7157 16736 5954 14108 1156 10230 14269 17849 9590 15757 13084 12044 6399
10892 19307 3623 9605 2668 10071 17983 19014 19772 2212 15183 3198 1770 11741 17191 2307 19783 12839 19940 13366 16791 12145 15351 3893 14960 1063
10008 14014 558 19792 12873 6489 15389 3272 5002 14925 16435 10564 8679 7893 9754 19586 4026 16134 10079 18552 16298 11564 3303 18156 162 2577
11011 2106 11286 13188 19351 4981 5078 17895 9494 19811 18320 10210 943 15073 13968 19496 15946 16160 15415 15045 5949 19242 13057 7321 2658 8292
13352 19219 19936 11753 978 2517 5485 18339 6069 4475 1896 16471 17883 4408 12965 17770 14498 12514 15420 14680 1454 17885 13159 11764 4554 338
16113 9733 16474 19421 14750 5729 17200 5333 15351 18721 9341 2877 9602 1799 18881 14442 17625 13913 16852 16910 19131 12687 11519 7478 5634 3727
17968 14152 1387 3188 9961 9538 4581 10162 3475 2678 3589 11270 16513 8680 1421 14382 10177 2572 7153 611 16027 1025 1440 7298 11262 308
4717 6153 12750 3476 6911 5056 11389 18084 11150 2038 5481 18538 13934 10975 1194 3437 13578 12965 3434 15390 19303 10351 18532 2646 13794 10350
12114 10811 2755 11434 9823 17731 9068 13513 12794 11497 15571 1370 10008 13785 19494 186 10885 14529 7276 7971 19411 16591 17173 17383 13167 15160
9392 18313 10754 8280 2316 1849 2950 19838 5472 17733 17219 7295 5570 7848 18589 2415 13697 3000 16354 6388 759 13921 15104 18085 18719 16121
7895 2643 13305 1456 7970 19108 16090 6600 10662 8258 19132 13119 2438 9643 4397 1363 11340 9294 5941 17885 11090 11720 10093 6083 15602 16999
4198 8252 5419 11292 55 1208 12700 16833 1585 3510 1303 10773 2632 17854 9579 18646 9064 3213 16832 18367 11394 15161 5482 5841 14150 12079
17338 2342 13669 10743 3937 9172 2746 4577 11586 4821 15738 13919 5469 1088 19091 7936 5968 14872 2932 4362 7003 8684 15294 19955 10826 9877
18093 17401 6379 17300 11398 16612 8869 5005 9320 3017 6240 14934 18611 6673 14597 681 3112 621 15782 12855 341 13613 13622 8737 14106 9289
17498 17854 12737 17971 2293 10960 7569 6078 14616 2948 14642 17508 3636 4118 14970 3081 11110 9589 10149 2975 791 13655 8560 16803 1252 2345
18480 13264 15239 9733 10685 11107 8384 7831 12741 8910 6320 1421 1989 16983 1579 3791 4319 13199 13444 1108 14610 7263 1383 7618 17670 17284
4731 9682 19047 19382 8403 10542 11913 4041 7108 934 3454 17101 9165 9138 16401 16428 1576 18713 4383 7041 7984 8454 12502 991 13615 4010
12053 18190 14617 1297 18144 3256 9758 4406 18170 3206 7324 9030 1917 14313 18723 15506 1912 1547 5139 10691 19326 19819 5559 16975 8897 17028
1981 5095 18242 10155 6680 19840 12330 2600 11415 10768 18707 7954 18249 19716 3832 19482 7612 2861 9899 11132 13745 18652 15656 289 11225 19868
4497 8632 3201 19892 18556 14934 19677 17172 18324 179 13546 13351 3677 4622 15128 6680 4430 2733 10674 1649 17759 8988 9410 5447 17585 14427
7767 9946 17431 17089 9190 10170 18304 12028 9697 8848 13541 17200 6097 12323 19418 935 15429 8775 3149 15553 10678 10517 6331 16516 12616 4333
594 15267 10421 10202 3303 18675 3616 453 1057 421 5079 13525 4766 17212 16191 3985 10491 1943 17842 2584 4286 11387 14171 247 6943 15215
6646 4998 9014 6557 14882 18049 16177 14669 14059 2645 6552 19677 13222 7145 4789 15022 5606 8734 16716 6186 12691 1011 18739 18634 12526 14707
15285 14931 2831 18621 5816 7813 19847 12059 18269 15740 6534 3624 7849 8399 8571 11741 12677 3367 2014 11382 6690 342 13132 12088 15556 8351
18842 5289 18993 15668 14522 8025 10813 6597 11812 12189 7203 3478 8772 16283 4023 15235 10058 18714 5410 18949 7722 12225 5733 4755 12067 14939
3653 5248 5525 7552 6392 13377 4971 19555 15447 14887 19176 18868 4580 10867 19780 7087 17561 15508 17396 14443 8327 455 5756 14426 19257 3326
14018 8245 9867 18021 13513 6127 9775 5999 3839 2240 8230 14790 5000 1738 2314 17742 17808 14716 8717 15418 1249 7270 957 9401 18680 1903
4674 3653 10748 10285 9768 13868 18059 5005 14238 17083 16994 1880 13101 5749 16303 3763 19139 7505 19957 1797 14449 2739 13191 15925 527 3139
4658 9734 14531 5047 4873 16398 1017 13207 10439 10075 1451 2882 12470 13437 11361 7282 4487 19069 16209 13882 10601 694 10817 9236 6137 9915
3089 9384 10879 3762 10672 10900 2670 323 2488 8509 11587 9992 9312 1273 9096 14918 16960 16065 16834 13711 17490 12463 2722 19075 7939 17358
14365 13045 2329 19343 9530 1831 4798 173 8323 18377 5738 7541 17830 12331 14375 10964 7989 19918 13419 6438 9962 5021 12014 6174 3408 8836
18717 16385 8741 15233 4662 11300 11967 9907 17982 19885 8362 2111 15401 2031 1650 5232 1969 7907 6870 19208 5638 12005 7602 11154 11686 7092
3650 6410 1037 5277 14238 13891 1664 1103 17272 9330 2496 2192 17857 17702 252 17810 11660 17044 985 19797 8235 5747 5568 5320 18887 1461
3105 17997 7367 14399 14561 13295 17165 8428 1470 12749 12032 12617 19430 12884 64 19279 550 1972 10248 13275 5090 18268 9034 13126 9997 15311
17955 8136 10831 19152 13992 17930 7885 1702 12825 2428 18353 19873 15089 459 13514 19645 19112 17024 5165 10400 1345 18837 3480 6708 10217 2995
735 1200 9208 18166 6129 14938 1210 17549 18049 11815 8238 17773 1340 14950 12436 11628 15506 16415 17607 3774 13048 2972 17611 12349 3739 8868
4868 19849 13089 6800 6531 914 15000 9023 16320 19113 16013 19483 4614 14845 14146 17057 5230 12423 7815 4185 10824 19067 2684 16810 15313 6596
4372 18427 1379 9859 14620 12605 11980 19157 12932 9518 18124 7273 15848 9098 3535 3284 9507 12080 15234 2213 12158 9053 19510 15477 15120 1701
2393 9155 568 9699 17265 15275 2460 12227 14638 2551 1273 7527 9075 7987 9306 12521 2838 12909 13255 7709 12616 2198 18841 17543 7950 7581
229 3131 560 9146 4371 17641 18246 297 14909 900 6383 13197 1463 19650 6498 15915 4686 15380 1750 3356 15402 17664 10702 18343 13375 12796
10525 13817 11285 16147 16707 16011 9313 11399 825 19156 10470 4706 5922 4912 8763 11043 3983 7032 5652 9158 11202 3473 1897 19677 53 6870
9685 8422 2931 222 10652 3181 12300 8739 6413 6042 6757 4141 15336 16834 17016 16312 3675 288 5631 6307 4823 19526 10499 9614 76 10326
9108 17888 16280 13461 8718 16317 13656 3393 13650 6655 16682 8063 18080 3362 14264 8897 6848 6964 17117 8355 17536 19047 13925 16841 19989 13116
173 1383 9369 11501 12662 9707 5277 19888 5109 499 10903 17916 11588 16169 2022 7070 11478 11115 5292 9340 9771 17146 9154 1603 6281 19823
19415 9939 6386 10163 12821 2376 10752 12156 8644 7593 8281 1023 17135 15667 3947 11517 10180 17363 19027 10373 6528 6306 10085 4568 17373 10
17640 11990 3435 15471 2957 16920 17518 14019 13953 7734 17908 2578 9253 9231 3843 16491 16995 6787 1085 1538 17550 1863 3567 1288 9329 17740
16974 4537 7359 4198 16273 11485 8070 15696 663 14139 7421 5621 7617 14298 5486 9736 11964 7456 12380 11149 10456 18126 6989 10722 2392 10851
7026 16907 12549 5347 12196 10113 4712 12151 19642 11765 19052 8164 6439 5193 1283 18448 77 5753 13755 15460 15982 18011 18631 11448 2047 16067
391 17647 10148 6699 10151 17488 12730 18626 12542 13202 17254 16541 14982 11815 18833 2022 1245 15276 11436 6384 13973 18977 11067 16700 5492 17635
7852 886 5349 19716 14986 9283 11302 1277 18352 1046 7326 11557 11065 6369 6907 15451 13549 3644 9901 12730 14855 18478 6234 14405 15808 5075
12401 9835 6229 2984 462 632 11815 1033 4023 11394 11477 1056 8708 8533 16185 17088 15720 9048 12680 1922 1596 14609 18033 19791 13145 318
1900 3355 16167 3132 9069 7801 4783 12064 13320 10173 18331 16455 8966 7757 240 2471 17471 9846 3844 3269 7926 9722 19994 5224 16713 7128
2955 11624 3546 6421 16755 12432 10970 19646 379 8134 7550 4571 6154 19081 2087 17259 11517 7566 8175 4690 7740 2140 2981 9220 13546 16782
11479 3469 886 5887 11062 14359 5802 9595 14221 13674 6587 9517 755 18907 4931 14131 9183 5086 6448 8101 1062 9245 5367 15402 4743 5687
10453 12436 8236 15196 6256 16419 9661 1510 562 15044 18504 13287 12570 17345 11281 11482 15326 16191 15925 17682 11485 1471 10172 1080 10830 16232
5852 10835 13051 18273 7267 659 13584 15887 7472 1938 10089 13335 1073 531 14902 13830 12165 10077 12593 3842 9366 10317 14479 790 10204 16300
4800 1296 4065 11966 11980 2156 8289 16131 12606 5401 8774 5038 19010 11088 11810 18467 7208 17070 16599 6061 4898 5378 2393 983 1822 18892
15430 16106 3327 3673 15116 11701 13911 15922 10396 16376 2326 1282 13990 2744 9453 2637 7429 370 8316 9806 10939 18321 19244 13444 5352 16412
2070 14224 9462 18607 2409 2554 2791 6270 14224 2597 18686 1701 16450 5949 14841 1441 8086 8326 14237 19401 11835 18963 9198 13290 7972 19476
5370 16463 8757 8875 8022 7666 9264 15660 3623 18894 13792 10065 18770 7744 5217 12752 11201 15303 19836 12754 3796 1006 14204 1481 16084 9644
10638 6076 6427 10312 7972 765 478 2013 11996 4978 6467 291 2137 9496 7397 15205 15767 15093 4501 2271 4553 7442 2964 6577 15690 13707
9870 8509 19810 15044 4213 16640 1958 17274 2467 1919 90 8465 3905 3465 4772 14161 13670 190 16065 14959 2469 14005 67 17833 3041 6298
3521 6490 15447 7097 5646 11997 17700 1647 19398 5494 2503 4145 1255 7678 1992 2903 16301 18037 7715 12812 8044 9896 8781 18864 18516 10402
16970 17805 9779 18782 5992 10189 13769 16665 4323 8444 1528 7421 10298 13946 15542 11822 1406 5206 13908 16037 11027 16065 13265 17917 19563 1201
9041 2775 6912 19536 7548 7593 3929 4613 12527 9928 11306 16071 5441 459 506 18322 317 17609 18366 3643 6820 19057 16208 11564 5483 19255
15421 3359 12375 2716 15206 3067 17021 14638 5773 8687 6095 52 1824 19287 15176 9194 7927 12353 5602 12202 9557 13636 7902 17460 13382 97
3802 1863 3888 17011 5338 3426 4712 18544 5141 16554 5694 15231 17989 10852 1524 9992 17487 2717 3276 11831 15737 8789 2969 12748 12499 12617
6475 3273 272 11600 15354 18305 16772 9545 3770 8552 18623 15382 4054 18530 9086 16492 6988 6724 14770 14337 11807 8119 1086 17318 9687 5842
18266 13096 13523 3244 14655 11709 1651 13846 14589 12047 16942 3187 17334 5274 15871 12783 16565 13464 17588 17545 17425 7827 5498 1037 10037 555
8724 1067 10658 13543 6837 362 2358 5936 10707 3804 19816 12032 977 18788 6121 11254 14755 2293 10151 3887 4439 16517 16865 9421 12806 13095
2415 1315 19159 16100 9079 19128 11574 7620 14292 10416 19705 5185 15639 10203 4468 17108 15966 13435 2435 1388 6655 16646 16068 4679 3021 2595
12369 12109 3880 14822 7083 4435 10467 439 5995 2400 12127 9883 353 19939 11993 14191 6838 18983 9856 10435 15685 18200 11967 5426 10640 8021
12185 9014 1504 15131 17601 1500 6015 14869 2073 10791 7830 8700 3244 11419 12184 1284 15279 9164 2038 15669 9885 19272 8922 17752 7081 12445
9598 9652 10424 11252 8275 12649 15657 16294 19854 19684 12764 19582 14762 13312 957 11280 11600 4728 16767 4075 13124 8010 449 17922 14898 14742
18883 15292 2332 122 12300 7816 11914 18738 2258 5115 1662 16872 8583 11100 17845 5648 13437 1519 2381 234 14022 6300 11525 1137 12653 14538
12425 3624 2805 9743 11518 4777 9942 13840 10070 4162 8604 14570 1247 19229 4930 8726 1658 16110 13782 12310 12658 7198 3812 5638 5581 3669
10912 18546 10494 3243 4178 15526 11223 6462 18366 18008 3526 16264 4402 19944 6463 14300 17678 19395 2972 12603 1890 4706 15090 17319 3366 16912
15222 3965 10924 16880 2264 18100 8781 18945 18204 15292 722 6926 11871 9714 14364 6540 1462 9232 934 12884 4850 11781 8348 12513 19998 3490
2976 10402 11490 5359 14389 18644 9463 3497 8057 4125 1228 6833 9276 2082 18078 328 9238 19770 15226 14055 4621 13941 16137 13033 8539 3365
5950 12301 4236 12226 2351 12199 5188 17628 13860 7244 17703 12396 11143 6673 19464 1922 13781 13361 7737 3537 5552 15228 9271 7194 15866 19561
14872 8707 5569 3672 17237 8913 18659 9054 8953 13509 17532 8955 19368 7105 12641 7077 2512 18348 19905 16897 10526 13155 10305 6333 11882 5893
17890 16795 3505 16582 677 17620 6958 15841 4415 14926 15087 7241 19774 19210 7305 16102 14300 17265 153 6670 13370 3099 7012 1315 10797 16470
19676 10118 1056 13995 15819 6377 3431 15640 18837 10255 15906 2116 6980 9371 19970 16635 11183 14209 12436 7683 13027 16678 6419 16758 12028 14869
17569 14160 6239 10832 11946 18336 4000 19410 1975 1926 16839 2806 2321 12245 14823 4066 12007 5753 16833 17852 19801 2149 15487 18439 14456 15521
14810 13527 1530 11466 9081 16453 15081 14729 14953 18916 15128 18607 3161 13947 14475 5326 6301 3911 12722 7770 7477 6241 18160 1591 13390 7290
2380 18705 14840 3218 8493 6789 2645 2136 15106 5970 482 18502 3556 17168 12275 14574 2655 10187 2783 8598 17540 4252 18136 2060 15885 9933
12118 11316 19720 16384 16632 2284 11729 1133 985 8279 2261 10193 3519 11634 4529 9951 16660 15895 15313 16840 18916 8581 6545 3381 6555 6364
3109 2363 13844 4680 8172 16771 1028 19953 12330 7521 15301 5284 12757 9617 328 7499 16352 18663 10210 11940 9936 314 6960 5082 2387 7970
14247 3851 6208 18983 8361 9751 1522 13866 13232 17959 17579 2142 15310 17479 11465 19992 60 17118 9620 3420 9383 4913 14230 13923 8894 7626
10664 10767 8459 19402 12108 9546 2146 10802 8907 14397 14311 18863 18257 544 11214 17075 12744 18979 13283 11840 3868 6346 18640 19662 3566 10567
12828 7754 9317 12986 8781 6808 3461 2532 9100 19424 4956 411 18267 12476 5785 17174 11123 16211 18924 8810 4414 4678 15290 13499 4619 4124
17001 15207 9071 92 6005 5549 5856 4015 18970 14106 15541 4668 5244 7934 12109 4817 133 9616 632 6975 9085 12461 2840 13765 14201 15826
11159 15914 3113 12826 15976 14198 7292 7443 8829 10971 17564 7537 1264 4828 4221 10804 7141 18701 375 5385 14688 18571 12691 13738 8232 2546
2262 2317 9439 2573 18255 15626 6526 9975 12472 13217 3212 3097 15062 13776 715 18785 19781 18695 10105 6920 6441 17012 19113 4613 14085 16411
15311 11366 1688 10876 19813 11341 18799 14265 17512 6305 8739 18122 599 10536 11376 4869 484 1567 1503 14350 14117 3596 12190 4832 5639 9685
17294 8771 17715 10615 14679 16255 4311 15675 8594 11131 5144 3820 14833 3796 14863 4189 4669 244 12462 1045 3804 13856 8270 16586 8819 7903
10122 1746 639 8953 17243 17325 9921 7888 15475 4928 2248 2396 575 13637 6778 9979 756 11289 14559 9165 489 12609 6544 8796 13737 7827
12849 17518 2603 16539 13964 15219 12594 15155 9555 2847 15837 2833 413 10928 10907 18005 11434 12928 6056 6470 18915 9851 8478 18182 1449 2389
12486 3988 1958 1731 265 8324 10468 15074 12959 16039 2218 5562 2460 13093 8473 15707 9920 11980 31 19193 3644 6490 2699 1313 5901 7249
1889 884 11392 14602 12594 7561 6660 8874 4305 15576 8923 6579 14468 5007 11922 13506 13665 16874 15624 2997 13284 15748 19400 10492 1360 7593
14154 4031 299 17475 1534 5179 2724 971 2806 18456 169 14289 662 6870 11680 4879 18140 494 17559 10138 14831 9315 15585 3774 5723 10296
11280 8692 19666 15728 3074 18958 5015 19643 2501 10247 14814 13194 3639 964 16830 5962 8500 8547 11353 5451 18153 16984 5251 12433 15955 12462
18927 1992 6622 12361 12589 6254 15197 18376 13364 8077 1098 8389 10928 9201 16242 4677 13883 13483 8433 7826 5690 7324 5142 15388 3465 9520
22 2714 4453 4338 7378 10554 6195 15151 5606 13922 12239 244 13153 2576 17207 17526 6672 1698 11961 16609 14482 13756 810 13209 4155 4218
3387 5994 8532 191 15641 5037 1733 14128 15996 2466 17962 4446 8053 1771 13499 16604 18091 18226 6420 16818 9673 17880 8174 19276 5066 13882
391 9131 17335 7323 906 10145 11655 5653 6440 3275 18192 17795 4779 15034 17798 18492 17511 6909 14498 3138 19130 4072 13395 18027 2138 9835
14742 17428 4573 3236 17932 12654 19271 5104 14183 8530 8676 15310 1389 18030 1839 11292 832 19 7927 2088 9549 4831 6453 2108 3218 15596
1825 8232 7698 1824 3844 12115 8366 17073 18471 14820 18290 4592 11821 18596 10758 7440 10777 13242 417 10282 8647 14266 10471 754 2128 3363
8166 12948 17012 14386 9087 2861 2063 9645 1684 13304 13665 6486 1965 18027 8341 6653 19608 17592 16415 4369 3804 4162 12834 4666 1046 1938
16441 8122 17293 14045 12045 1135 12672 15445 2005 764 17944 3711 6508 14923 5505 18646 17555 8816 11954 9767 14830 9093 2493 18919 10217 8404
9343 15947 5373 3111 7670 17796 16500 2297 16524 11374 15675 1685 4827 5596 2538 9097 8276 18236 1341 6716 2857 3333 4593 14841 11179 6419
7963 13596 36 7432 17485 3720 3268 4104 8874 2710 19323 8731 77 11997 8510 9113 3559 5333 17928 6962 12182 6742 16419 3198 6225 18531
957 19153 5838 1921 11304 17347 11347 2084 3695 2491 13097 8686 18317 19762 18577 15224 11064 18936 15011 8775 19204 4243 4068 1135 17636 4420
6784 19171 4524 2749 17631 12543 9597 16391 7751 1881 17670 13178 9837 5247 6394 16094 14914 4911 3056 10752 3175 2950 15180 16404 6069 11801
6390 5472 2324 4207 3738 7279 5161 1302 16337 1770 3245 3992 3829 15199 15261 15852 7443 5238 19491 3987 14710 1899 10909 15859 13678 13996
11504 11968 404 7969 6139 13673 19607 18575 15934 18148 13391 17122 6827 14084 4184 8461 1965 17766 4302 13182 8713 19136 2135 3503 6353 14385
1171 2273 19906 5168 11339 13098 11826 12194 8672 8421 5494 15662 2908 12740 18584 18812 3726 19407 16961 9533 15698 19289 14356 15485 16052 14680
1685 18449 14262 4880 14321 11753 15252 15905 891 13091 6552 13738 11954 14977 15091 5230 4296 18401 10685 16420 222 11387 14842 12180 5641 14998
10800 10719 14108 13234 4849 7327 7750 11013 16297 10208 19674 12775 8870 5002 16499 15866 19902 17827 4057 16992 19946 117 980 10329 18940 2516
795 6761 3010 17354 12498 10531 1698 7100 14229 12315 3108 7480 17894 3051 15394 11468 12553 7887 10037 16584 18297 16356 5484 5231 10012 18699
15363 1987 10682 9743 2464 9850 4742 9726 5891 12257 18826 2493 19265 8573 1595 14741 6333 9943 5236 42 14407 7587 10338 19424 19885 7170
12048 15900 15194 15849 6687 794 11881 720 13637 637 15839 8614 2029 19431 1326 9133 2888 19378 3873 18492 18205 11299 13789 6540 3683 13224
9992 12239 12112 15177 2897 4611 6262 5812 3504 12252 12162 1495 16637 6406 5849 14971 8563 19551 2868 7188 12062 857 15480 3937 8271 221
