365
74 36 49 72 75 58 11 32 44 50 58 6 46 61 18 81 90 80 23 34 51 0 15 46 94 68
10706 7465 6755 1057 9374 64 16266 14168 5633 13767 6502 3217 14404 12643 18175 7032 15127 11591 9136 14503 5374 16031 11309 17850 16628 7655
9602 2525 5191 11842 6874 17375 6730 6632 7314 1630 10624 3171 7851 15206 18860 1357 8859 1152 12218 19905 11559 3965 6568 19329 5580 11098
5608 2349 9149 13155 13942 18998 17813 14824 19860 2252 13480 10626 4000 18318 289 18164 1262 18764 9521 3376 6504 16647 5027 9855 13369 18683
7506 3911 10122 9576 14193 55 16476 2865 13601 9988 6433 11748 3691 18949 7785 1470 6675 14348 3641 14236 2050 17872 6251 5952 14200 13557
3727 5498 10911 5507 15999 9382 6085 19525 7909 18690 5674 13273 17178 6294 12287 12577 4704 5893 19354 15594 4717 3838 9545 7801 8099 15458
19323 3003 2362 34 3989 8151 9898 18822 4342 17276 14705 3870 7204 14677 11256 6185 11628 2874 11190 7245 14930 15825 10946 13579 10221 15882
6066 8744 626 12560 9461 6705 1450 1838 16513 2533 18492 18393 10749 6490 6342 280 6485 1530 13698 8292 5118 933 15220 1730 15791 13231
14146 14363 18536 8332 7998 17737 2818 10568 9894 938 158 18046 9125 16776 865 16073 15678 17130 4640 14695 10780 13921 16932 4004 13640 16710
15934 18051 19081 7595 813 13789 1526 18180 308 18058 5524 7738 18681 14582 9852 3127 3036 17357 8966 5501 15263 18281 10676 11983 17987 11439
12882 12175 561 399 4889 15615 4543 17166 4381 9960 17868 17167 13786 7793 9399 3517 19734 1378 4379 5153 1206 2338 3295 6953 7298 9009
18847 19934 5326 707 13285 8541 5132 12849 2521 18618 7501 17227 15410 1097 6640 2455 10169 6018 16085 17460 5803 606 412 13159 17029 16841
14212 15558 8622 2784 17662 9436 12358 14580 13439 12016 17649 2412 17724 19344 15327 9534 13349 18962 16191 14729 1720 17715 11107 11500 13847 17914
17770 17202 8419 3864 506 10793 184 10192 9617 10780 5932 18207 1851 8977 2438 12859 15891 3103 7246 13865 16011 6417 12726 13152 17768 5282
231 18164 6725 10709 18214 18850 16572 15919 4687 4476 3853 14087 18475 4156 19751 6058 6423 2903 9861 15977 17680 11323 17243 10133 12297 10438
6557 19421 17308 17520 13123 17220 18011 8931 7018 14437 16759 2662 5608 4102 7364 17195 3078 6612 13441 16165 14420 12270 14406 18153 6002 6078
12667 7461 15932 18629 12771 19869 19347 8240 3518 6440 3493 4625 7295 12809 15154 4657 7020 11758 19789 16506 13151 10218 13213 5613 3115 12581
889 12594 14770 1155 19092 2012 18034 14454 6729 6504 14020 878 5478 16977 950 9391 17754 4573 9158 3456 4749 17516 7207 18457 3791 8129
299 12008 13995 1437 8709 601 13699 13087 8679 10011 15021 1630 18328 3321 19255 3301 19814 9470 12439 3913 19980 7800 6366 6738 436 13911
9238 5902 13593 18551 3672 9413 5505 12344 6202 12432 2979 6557 16627 269 19655 528 16096 14313 5722 7595 13896 4404 7828 11099 5608 1427
13611 744 17531 13258 576 13852 384 11970 6495 589 14904 12860 3311 5523 5724 7364 17756 2204 17613 2557 9553 8979 570 6135 10362 8616
10644 7405 4351 12037 13435 5185 17419 8555 16873 12157 17462 17866 10967 8448 12454 1093 11897 7885 13356 1273 16019 3664 14636 14647 16020 1984
1578 17908 5684 9233 10874 12577 1027 5532 2288 12970 4148 6632 12095 5177 193 18840 417 7806 4229 13655 537 11023 6959 6576 6094 9225
7744 7192 3230 7886 4110 5587 509 19677 19546 8127 11078 18413 17327 7881 17201 10469 1175 18521 10824 9465 11198 16889 13157 10778 18353 4143
2897 12505 12043 12116 15901 10076 15677 3474 12068 9192 6529 11800 12200 1615 17894 18962 2469 2528 6061 2736 6588 729 12694 891 12532 19998
19040 16030 4149 2264 2632 1186 12095 7190 1028 12127 16060 6707 4292 11467 13668 3965 3034 2196 2159 2041 14421 19157 5442 18377 12145 13027
17548 16689 237 2975 12370 10452 15627 8811 8327 305 17959 12629 4451 8054 17558 9049 10785 4801 6526 2003 7776 5254 12622 2048 9361 314
10266 12838 8271 6657 1909 4014 14597 9795 5326 15660 1597 16941 4271 12570 17480 9061 12687 6544 5294 16796 4761 15530 12206 3223 15512 12905
393 2600 15022 15690 12288 14334 17354 792 10002 7051 4977 16724 17353 6803 9861 15919 12905 10465 16012 12763 3527 18404 4933 19717 9031 309
18910 17202 9345 8012 19521 9909 16973 2960 5097 4359 12895 11549 636 5699 10226 19997 18881 17305 5968 2946 16316 6362 4955 12981 3135 8838
3200 16790 7171 2046 5132 2661 1258 5066 1006 12254 17011 7279 18775 15114 11066 19655 8699 12689 1316 18176 13990 7943 7633 840 293 12166
15738 3222 16158 16142 1446 13077 3404 13720 7230 1701 18554 4804 16177 5988 10862 16376 4509 951 7721 14379 12871 12317 2421 9242 12462 1825
12338 13718 18039 9801 3886 8918 14448 19613 1168 965 10234 12981 13153 11722 10539 8640 2803 11455 11887 7013 261 9209 3208 14425 17112 14351
397 9002 16895 2327 7553 16810 13596 4020 12746 6230 14380 17729 3624 280 13872 11340 6403 13197 3770 301 17175 16695 16608 16768 18154 18553
19526 15007 9402 16006 10746 11996 10927 19805 19447 17791 14260 14502 8754 16552 7924 13011 13106 676 9528 8067 19461 17326 10224 3369 4268 10566
14749 6453 17141 5984 4128 18108 2311 5348 12192 15640 14792 2843 14333 15991 1422 6909 11434 2750 5790 4406 5849 8662 17457 15679 2918 7349
5688 15730 14736 18142 6594 3672 8792 1197 5760 18042 13979 5391 10306 3654 476 4545 158 4713 6733 13533 5552 8696 12022 6332 7840 15973
16440 12413 18974 8625 12451 12398 8679 18531 10661 13645 2222 11048 12583 11172 15669 4614 3896 18800 16218 1987 16693 9998 18091 12612 18669 219
9357 11679 16303 15429 10882 3258 6447 3712 1954 6913 7804 7513 17517 17526 4543 803 18740 5720 2404 19803 36 19350 3723 3674 9371 12503
10090 9913 9574 1230 4684 6298 15411 2631 17768 16121 6278 7274 1324 2531 3206 19782 1119 19225 2798 17542 7038 17701 13516 13144 10312 13807
14671 19129 1825 323 18397 17969 1613 12290 3466 763 3367 18698 13408 3542 6459 4949 2853 10252 12363 9318 5738 17671 12833 6559 9479 16717
10155 16547 902 10894 12668 8127 19432 16616 7118 19412 13031 8651 10115 17633 13776 9526 11855 6479 4589 8715 6467 17869 12411 15321 585 6072
10115 9025 14741 16395 12651 14804 3182 19862 16184 4696 13443 14989 11096 13049 12951 1734 271 9963 5933 868 17983 15033 9760 8916 4472 18383
13831 19344 12515 836 2510 7588 2344 12055 15333 15531 1730 8778 19113 7208 7969 14817 4528 6560 6193 8098 11107 2212 18999 15597 7950 17215
13991 25 2134 7449 2177 17510 15053 5445 10418 17018 13415 2999 5665 15735 2308 2098 6592 19860 4459 12448 18122 8233 17125 11710 19916 14688
5410 11074 19894 2496 9840 4672 5488 5549 5530 17916 6193 19891 4236 12436 8995 72 13235 17822 7651 13600 15745 1708 13141 14297 14218 2599
7728 3832 13456 14367 1418 14232 6252 15213 344 5709 19476 8106 16296 2411 14489 9361 3755 4913 9366 13852 3028 9001 11432 9153 5035 4506
2892 5830 13948 17916 17008 17763 11479 16982 2545 16275 6172 2895 984 16004 14877 11110 12054 6225 8011 2321 18378 9696 9427 10080 5487 12003
13203 954 6029 7090 18892 12981 18239 14244 14461 3732 5637 14189 10789 10278 7790 16876 4595 13427 2093 12386 456 3408 2353 9780 8139 6770
4214 12919 763 14886 11629 11837 6739 16423 19274 706 19331 1934 1507 16552 8194 4439 1626 7489 7031 15104 11171 13815 16892 14661 12135 6817
2579 3809 2623 9586 952 12724 11513 6428 4627 10205 2414 14398 10492 543 9421 894 5727 1047 13312 18980 17938 14534 4176 3384 9851 8574
1888 5736 9584 12268 6919 14769 10345 17664 5283 19123 12586 13088 4660 14364 10877 18147 7420 13605 11403 10298 14884 11372 9721 16714 11216 14999
16362 17715 4486 18983 9718 10608 14571 2967 9092 7270 15715 13152 4265 4978 1465 15624 9395 18156 14391 2237 11192 10500 15890 16258 2065 7248
11502 10990 6368 836 6426 2165 8015 3959 1150 5968 8485 19176 18496 11400 19351 4221 10269 15198 2759 7983 17884 6248 17208 5711 17384 12806
4103 13958 11880 4734 18997 12313 3713 16398 10071 7874 4516 11687 12741 18142 6234 42 19238 2746 18305 5314 9773 7527 6050 19742 14030 7543
9615 1938 15478 9784 8587 2509 14220 10209 15796 12737 2225 15767 9592 19648 2575 15447 11643 5672 15091 15601 17785 16520 15921 18281 8939 15422
6844 18159 19580 18862 18737 8626 19478 14236 17547 7443 3705 11754 2292 15758 9811 15714 7224 19457 18698 16648 3848 9592 14802 9307 12810 1645
7190 3180 12383 8623 7051 18749 366 9696 7657 4261 444 6448 1986 14238 17989 4538 13491 5827 223 1663 10568 11100 16236 16166 4805 4202
4417 12607 6231 11391 3565 9419 12940 11241 11694 16441 2297 3087 16456 10579 17195 18832 14963 2326 17010 9100 11936 17817 14712 6983 11065 4131
3840 19503 18529 7516 12022 5405 18694 43 12540 2515 6945 19909 706 2365 13792 624 18579 6718 3190 8478 3059 3078 18780 19701 17082 12700
17253 14191 18016 5218 16860 12661 10570 5346 3373 17941 19852 5713 19999 8586 19839 16266 6236 15145 16067 6349 16568 15896 8403 16794 7260 16253
7052 11085 16937 8388 1727 2531 16887 7838 10299 2912 2451 7581 5802 16188 7087 15724 10542 6710 16255 3506 14986 12605 14620 15787 19627 3244
3726 2140 5000 1105 16190 14974 17268 7256 14851 11227 12185 16334 11037 13897 11787 15352 16501 12240 16101 18564 1298 4300 2347 3738 3396 5588
7236 13021 109 19456 16301 6904 18196 19723 6371 3818 4241 16068 9924 1705 7451 17114 10926 16305 13420 6869 2408 15527 12942 10081 16704 17792
14442 16395 14999 1601 3458 11298 10899 9832 523 590 2360 1921 8575 4978 522 19577 12095 3887 399 17128 2682 2316 14607 4844 2421 19168
1473 14982 16203 6115 8643 3152 16920 1885 7793 19101 8983 1830 12304 10615 5725 4568 17616 15850 4568 7635 13737 1666 11413 5174 3457 9851
11819 10930 4955 19851 10602 11167 15989 8603 9899 4675 18988 12089 8114 19650 7794 1700 13027 19880 2640 7270 18393 12728 3290 15744 5511 1351
6724 19227 6813 18147 9504 18258 10888 179 1794 9730 15391 7492 12080 19979 8969 1733 6082 7932 1315 10609 4992 7725 8409 1620 12170 7301
18339 3026 2688 2128 18752 11864 6602 14800 17888 16023 10492 8195 18457 14925 1835 3544 11774 14689 18069 6717 12845 14358 12705 10227 8069 17110
16478 9739 2757 3680 10730 15269 1883 17647 5176 7256 3645 11224 16557 12193 6735 10507 15063 13498 3563 3186 3717 12753 15214 7803 11163 268
9588 19578 17931 14678 4603 5303 4001 4641 2874 5503 19998 16093 19481 17332 16581 1727 5820 16458 13557 1919 19951 5770 8110 17523 9762 3585
7547 14614 1828 14993 14198 9900 19242 4602 11131 7007 11690 16192 8660 17324 19356 15831 16081 13645 4133 8962 859 5993 19099 908 145 5495
12035 4141 12204 12349 18969 12559 17038 4779 9119 1036 1063 11663 8479 10064 6210 784 6162 4220 12609 4411 13353 11458 553 19198 8294 18104
1229 12856 7391 13544 8989 1308 14010 1830 888 13661 7847 18477 704 2211 4562 424 19442 16459 17479 9029 2159 9214 12191 15710 2658 10618
8633 12979 8918 10111 9876 16202 13658 16541 4596 7796 5787 13680 3425 11356 3478 14953 18965 355 4893 11559 10778 9327 11314 15373 19270 8624
18643 10644 4836 14651 12707 16205 6970 14950 4172 7083 13898 3991 12544 19800 8937 8814 19106 4351 14883 4942 13652 16341 5732 9033 6616 9221
2409 13500 4206 14176 19799 5728 17095 9491 15265 2823 15804 3251 343 564 12837 18055 6517 5083 4309 8716 15420 15674 12971 2012 1078 7158
16666 9165 10920 16583 5245 16697 18664 19777 654 16854 2583 11959 17396 12764 13102 12962 10173 16240 19133 6135 6146 15972 15431 15013 19424 13383
13230 5520 2178 7882 11927 12104 18872 10357 14766 14384 9660 14280 10008 12485 8650 723 8759 7762 18459 3149 9539 1648 12314 9912 18074 19555
13883 9471 10563 5401 3074 11706 15660 16409 4583 826 8704 9979 5023 838 19468 9881 17462 3875 2761 10490 7079 3054 6001 1409 3460 19860
6433 10058 8681 17336 4296 17695 12957 9091 13580 11670 2264 16684 19540 7758 9066 6966 14352 12369 3598 3457 16276 5407 3402 18068 10976 11075
8281 11319 1413 4200 13022 8745 18194 5357 5615 9466 10879 12605 9397 13293 17404 12835 191 16796 19817 10004 1349 18178 10743 4838 5353 16023
4181 9796 15395 14912 13248 7646 13678 8253 417 19429 6381 7262 13472 548 6457 5567 3033 18593 11272 2570 19960 1584 226 18890 11601 3796
4809 8709 17682 1413 18330 10719 8364 16016 603 6203 19902 18916 1836 12305 542 16436 6354 489 3212 12030 16084 3495 2038 6037 14423 12312
2072 18326 6948 16525 9406 15221 12895 19639 13228 7330 3009 6966 18594 18570 5174 5387 19828 12225 4181 12269 11664 7154 7904 7078 7519 195
13564 14534 15030 1671 17824 13369 5150 15955 15230 7566 8009 6040 14513 6220 11435 8829 17774 3989 10472 18344 2000 15618 4508 9247 8643 17949
1120 11045 13299 12893 1271 5858 7459 8245 7727 4864 2591 2053 15114 14373 688 3447 4223 18914 2295 2382 11700 17780 1130 19295 5439 156
5607 8496 15593 19142 19559 14617 7494 10427 5966 14585 5578 6206 1437 863 19335 9379 3946 17833 18219 5157 14514 15950 733 7401 2975 4144
18794 11523 9779 12731 2260 6732 13049 17224 18590 2775 3626 9358 17134 14129 11949 10163 15340 1519 17015 5546 17328 12969 11335 9478 1952 11835
2445 8854 12705 1415 9050 19460 7971 16713 10867 1492 14585 11766 17638 14825 16356 1832 4430 11684 11364 1697 4825 5291 16771 9249 11301 19718
7969 12700 5640 16889 12143 17984 6696 15359 17059 3526 9549 1830 4153 12368 12465 14444 10385 293 10344 16933 4886 4486 18703 17586 18049 18089
9275 14144 18173 15040 9238 13832 17748 9280 10378 10874 3950 10657 2184 4283 15265 14392 2072 18427 14828 12190 16921 7994 5179 19329 13028 1726
4440 10735 3646 10035 12644 4440 3347 6556 4092 2797 12165 1732 3250 16536 8259 13015 1573 7919 5329 2784 4614 3905 4556 15967 7800 19388
5806 16670 15000 10293 8602 7800 7841 7848 18718 8608 14477 7056 17987 4491 11859 7075 12518 15787 14103 8252 14651 8295 14398 5466 10737 1840
551 19643 4252 10548 7692 14180 6004 17175 560 14654 13032 9679 12426 5343 6345 18292 16652 15322 9470 16506 14142 5815 5150 4338 14009 19603
3129 425 9667 6502 4259 17618 10347 14996 8956 6402 3673 11323 13007 6396 4170 14055 14508 1481 14393 13138 19192 17346 11673 11769 10373 16070
2654 5289 3471 16363 11572 3928 8832 9914 10999 4517 17978 13067 8700 19805 4017 13772 4313 7779 5294 10271 5671 3749 6552 15409 7111 14468
8705 13702 5327 15633 19748 7391 279 6469 8612 4996 3614 17985 6961 5197 19105 10861 6002 16647 12425 17960 3459 13533 9380 16391 12619 17545
7867 2582 975 4499 10049 4833 12215 5658 9321 8856 8873 12037 19814 16613 8130 3683 4608 8890 16901 8530 18150 18943 8042 4034 3294 9544
16999 8303 15230 11299 5301 9743 12498 17102 16827 823 16220 15266 15976 4899 10737 15615 16743 6367 10013 12421 5214 9241 7353 17064 7283 16425
4966 11724 15339 19374 2500 16020 1876 13823 9939 5165 19957 10371 5375 873 6818 5724 5540 9754 11705 17438 18267 4987 11105 15617 19049 17474
18454 19334 2240 16660 14884 6631 19294 11164 11885 5296 18290 16870 1574 11546 3671 12871 11410 3691 1290 4541 15656 4253 1349 1623 14102 4860
18523 4894 16757 4341 17720 4048 600 12045 11431 157 5369 6642 14181 4346 14028 17323 1464 10545 19942 3570 1901 2603 9169 8781 10174 4788
7385 17331 18646 16156 16225 14072 1411 1381 14903 9022 12620 11273 3721 16612 9696 1262 4388 14062 18604 19334 10601 17478 19743 13638 7666 14416
7210 14669 16204 4391 11565 4120 15935 6227 15937 11363 8640 19797 14293 10646 14032 4089 6875 17561 18354 19639 17843 13239 12366 10709 8660 15148
12526 13125 10271 4788 14808 18607 8625 14376 15087 11330 9363 17239 14211 12760 2010 11463 4710 5156 3669 18960 18115 18668 16395 14061 6354 19976
8714 16827 15390 19802 15444 19509 15154 3324 7762 11445 14907 14737 11395 12135 16370 12167 3674 4768 16448 14060 18375 11757 7610 10914 7284 188
5971 12702 4739 1403 12189 19168 8243 6828 1588 14325 5400 12444 2278 4197 8479 15449 18038 11265 5201 11985 11588 16639 11353 478 13549 6304
2127 7831 17356 2152 8797 17059 12070 8683 19082 12960 2504 3196 6712 11752 2739 13446 9634 16088 6445 18597 14515 9361 6556 15191 9977 3242
8861 13436 16671 9133 7173 13933 18776 13853 10988 2008 27 17104 7204 3514 7889 9524 13292 2303 2252 18773 8381 1178 9242 7948 4523 8457
13063 14618 9708 631 17786 15684 13325 19697 834 2126 8228 8070 18826 13200 2990 13082 18797 395 12709 6369 5893 7018 6032 17701 16771 566
12104 9368 2831 9868 2447 16171 11187 7167 10935 3491 10084 14730 10592 16844 18929 9396 6942 953 1793 6468 11258 17588 16814 10689 5468 4957
13623 51 9422 9687 7323 19783 2430 13871 6546 9064 16787 1870 19384 14451 3462 8558 1978 16082 2209 11659 13901 13450 14241 7537 7561 19124
9961 9373 13188 15994 8770 13800 2964 11305 15891 13332 13216 6145 10365 9002 4510 13579 15207 8496 6149 6044 19514 7811 6302 15677 6642 1358
19514 2464 7566 18120 16035 17318 8548 5467 13512 10106 10351 2304 11455 15959 11886 354 18885 15492 7868 17668 16947 4412 13020 3128 640 19416
3756 3819 2845 8635 11804 9456 11312 18323 15856 9708 4923 13972 19596 8943 2518 9007 5549 11151 17949 8941 17976 13501 18469 1315 612 18422
14615 19597 19578 7399 15058 5121 3213 3852 10073 11507 2211 18190 16740 13972 18507 8636 14980 13309 16413 11185 6344 6238 19167 14181 6570 7045
19810 4479 11847 7134 4116 69 13994 17105 451 19984 11703 26 14763 5960 5362 10871 6076 3345 25 6175 1630 2569 1134 14402 15764 3685
12311 14930 9694 5499 13626 1891 5903 3949 4063 9445 11869 15710 19861 11712 3699 18007 10491 11470 12186 13354 8983 14769 6322 6471 13985 11264
1866 18037 6031 5886 4969 2862 7187 19179 5695 4793 1757 7990 13380 2574 521 643 6136 9898 531 17229 7744 5060 17293 9843 3769 6283
1257 7102 19930 15677 15092 19596 13406 6389 15767 11401 3842 4396 11764 18888 4852 10542 16526 5041 11051 12613 11715 19374 8959 19046 4625 36
16185 3426 13816 16557 5968 2217 19488 8806 17341 4375 3802 7944 6575 4676 8688 14009 6432 14769 13760 17855 4356 6037 1816 13554 11999 16385
7532 2884 2068 6762 9305 9375 14098 8844 15863 2802 8750 8451 13130 3396 13992 653 6177 43 6110 18965 9710 1907 1195 6362 3527 10438
10814 16269 15881 12836 7786 4343 15682 13324 5192 5282 12504 14600 59 16256 16089 13915 2673 401 12200 15277 9504 15436 15799 13748 19644 14936
4285 3460 4333 3486 18199 16245 10220 15110 7902 11978 15223 13567 10811 639 2647 15335 15319 16521 7647 2950 4458 13023 10427 395 9719 1200
1741 16316 1702 9962 17649 17428 4999 8244 7320 11793 19262 6298 17665 17044 18620 6962 11836 16276 18256 8153 19934 377 7509 12284 836 18076
6429 10450 8300 4883 7079 893 19834 1279 14383 14509 11107 15819 19071 3140 1132 18644 11804 2503 10299 630 3283 637 4542 2821 14919 546
15446 18500 16850 14785 3135 18573 8393 11907 8446 12920 13185 6223 15074 13849 19020 18246 741 17024 9339 19961 13486 6484 1339 12696 817 7982
10910 3919 5715 5837 17649 14547 19283 13774 6097 10240 3847 3785 5683 11226 15839 17464 16294 15712 7967 682 10063 3444 228 7772 5941 2827
16163 2537 1455 4245 11313 16659 9793 7916 13073 13156 19942 6754 11006 11991 8966 2550 16545 9575 7025 8408 13809 5350 19661 13616 11347 10839
2420 3801 3277 16142 7145 566 7476 14299 18172 13032 7835 4998 6124 5557 2217 16513 16848 14021 4836 19305 17238 15245 17181 4203 2444 7709
5535 14682 3911 4830 9417 6850 12734 1610 2139 10964 14708 5062 19474 9428 17903 16388 18633 7719 14694 16998 7275 12704 17066 15358 12943 17756
10125 100 14876 17914 12540 6078 343 12721 1587 17918 9571 14965 6722 9193 360 9206 19591 15806 7774 9820 12717 99 17794 5458 10424 5802
7565 5268 3558 15524 2849 12296 4190 19339 6916 7384 12348 7879 18276 19392 5214 19926 337 1594 6686 16276 13824 14034 13812 4248 11393 19853
15223 1560 1939 9720 8804 11170 13407 16963 11901 11295 18831 4302 19015 10436 15656 1138 17280 6410 17074 10089 3072 8211 5553 1019 3885 7807
13590 18964 4548 3434 3900 10759 3545 16338 100 11313 14342 19549 16818 16174 15437 19268 14865 13265 16551 1585 12262 8301 16874 11004 5382 19544
14673 17734 15505 6237 17555 1036 3309 12044 19080 16896 15639 8200 17008 4001 4088 14721 19483 15522 10259 542 5258 19396 12975 8713 9116 19841
17893 17034 11626 818 8163 6399 15117 6624 13238 4016 11021 16945 12172 17906 16803 3282 15982 18199 12697 10338 4400 14821 3216 4004 8287 17044
10550 17956 7653 11218 17026 2616 10925 9740 1049 13686 6206 6379 13541 592 16796 19134 5849 3086 2334 18134 15481 15817 11775 7763 4948 3107
2357 12428 223 19868 10414 14204 6953 18414 14889 16328 18591 14990 8648 10733 18014 13853 4443 9110 10757 16098 8174 15264 11265 8226 8674 7865
12444 3943 9576 14962 14423 18831 3699 18891 15481 15297 13654 2451 5876 7836 19304 13048 2540 6874 18141 19124 10765 7649 14713 12645 1009 12530
5398 19613 11916 17518 5238 4752 19680 1887 3854 11159 19642 5646 16192 726 12224 2775 2473 16908 9356 9716 15644 10058 2724 13058 8425 5092
4233 7668 4788 17826 2880 13520 18959 3079 3961 1072 18501 9140 15589 11427 8074 3782 15961 15979 7257 17805 5950 18062 11134 235 4852 5086
16949 8127 15281 16655 8155 2744 18565 7511 11976 7424 13715 11138 10920 11672 720 6618 1363 7890 1419 7330 11653 14605 16685 5139 13801 18363
9851 6475 15734 14509 15181 3190 19008 7261 8537 870 301 8315 8474 3016 13021 16968 4046 15813 5382 7676 8832 9956 1692 11358 5676 10148
8054 919 4856 8532 3646 6400 1597 4804 8700 5021 3114 12641 2481 19631 8379 964 8274 15517 2098 8560 8535 111 5601 7921 17019 12823
11714 8478 3644 7107 557 1343 6954 14032 13337 8644 18833 117 7759 3503 10252 912 6735 15871 10266 11617 7064 19285 7929 9624 5179 18941
17470 17476 377 12802 5217 4869 11854 14714 581 16086 7000 9831 6545 2865 13316 990 3926 15124 3374 3144 6583 14865 17104 715 3558 3625
8457 17326 17710 19133 9021 3124 11241 5062 13693 18966 13812 16125 5626 17791 13016 8084 19683 13649 4322 6327 13265 15104 14560 19272 11483 208
18810 15493 15429 13131 11364 6782 211 8666 13339 2704 2617 17140 2946 3040 1983 6415 12834 2085 5831 15505 15345 8695 17114 9180 6949 18381
14545 9956 3258 11730 203 6238 17775 3 4970 7282 10104 10424 17913 10887 8409 18281 15555 17327 10210 9509 5275 16133 6581 4686 3295 3479
4130 581 15315 8419 16505 14271 17223 5904 3007 18700 15641 10421 12658 1131 18173 14871 13035 599 15198 8722 2559 7355 19856 13056 18465 719
7676 4267 3415 5918 2139 1885 9353 18031 4200 9226 9343 16867 11317 3448 12888 14787 18606 7122 16154 4993 4284 471 9921 13577 1258 2628
3566 14968 17968 3832 18802 11495 12413 11747 8448 10691 14165 13125 14792 4589 18931 13763 10016 1883 4486 7482 85 8932 11818 10964 793 17545
17613 16084 3864 13293 17309 1233 16507 17153 14875 11548 16049 2437 3637 3040 1675 12893 18063 10953 12033 11963 3887 3278 6523 12509 11300 16548
9005 17830 9427 10462 14718 12662 8704 9318 7306 8985 12849 9590 16029 7097 8307 17896 1281 11054 5302 13645 4919 10739 19811 11654 16670 88
1773 6573 16501 11191 13381 4559 7322 2813 5809 4537 11123 8823 2177 1062 11973 2183 11545 11818 15268 499 7935 18125 15166 13872 17664 12282
2630 15258 15302 230 1579 916 13314 5422 2079 728 18802 14665 19955 13977 16901 6776 11539 17672 12360 17085 14387 6691 5361 8316 2324 8924
11515 8837 12196 17558 19299 5919 18803 11233 5753 1895 1419 3284 2999 4893 11974 12653 17370 17148 3008 8695 8077 2983 16856 3297 9858 716
3930 16528 9830 17387 8130 810 17079 3222 11693 5482 8441 16473 3880 17702 9071 12185 15148 11084 8027 15936 14048 3201 11367 16481 8896 17401
18145 19236 1172 15580 7749 5750 9184 603 7300 7815 316 2405 19748 18435 11703 17357 19965 10058 705 1579 5445 5733 568 7909 12118 3382
2637 4944 10883 7739 11218 1102 13024 2097 6396 3350 4311 13567 18095 9284 6036 8179 6910 1368 4613 2548 9863 15393 3499 8525 9653 8190
6608 9445 2174 18718 14542 1734 4135 7729 13462 18335 19231 14087 17470 17029 1824 9628 15254 8183 18657 3526 1356 4665 19431 4354 3734 9645
5560 13093 7710 2471 8836 849 15519 2714 1120 3917 11752 16871 11414 14117 3948 6320 6689 9922 15201 15794 3456 1324 1021 9548 17451 17797
6551 13288 13686 10161 19239 8079 3473 15485 10766 12379 10535 14179 12701 8118 11969 4943 15819 14932 18253 6847 7397 19633 17332 8418 16657 6553
4537 14956 3133 15547 13439 13448 12564 4793 758 11450 10934 3150 8607 4277 7506 4657 4307 4349 12755 13664 2841 2857 11320 9066 6433 13691
2772 10809 14274 8587 13858 10626 15197 8294 6453 6273 11886 13147 5488 3123 18778 5792 17908 18370 11915 7818 13321 6003 11158 289 8040 4957
6420 15030 17979 2690 8446 4543 3984 8905 16552 17754 15931 18710 11044 14529 17705 5636 4218 1225 15479 16066 17946 6203 737 3002 4884 13249
15700 7753 1067 9899 9387 2662 16613 6946 11339 11914 10155 2705 16897 11724 3138 15654 9904 16648 13712 8454 2788 15726 18748 13241 5765 2674
8652 4948 17756 17074 9708 17688 8737 18240 6502 3639 16586 17897 10378 5110 11677 8801 2025 15740 12699 10249 12847 17086 11963 18130 11399 7768
12615 13310 2201 603 4279 18691 2582 277 9538 13518 9747 7526 18787 9704 6583 18645 10344 7252 4887 17934 9082 16514 10553 7514 700 1698
10493 2303 998 3245 6489 16713 12882 10173 6557 18214 6929 16105 3566 15620 4292 16363 14792 12576 14049 17221 4570 17785 19646 2467 10459 10770
2687 15029 5069 147 8754 7792 1428 4527 1212 17351 5432 5531 18421 7171 12345 11795 11353 14709 16374 14900 18976 19113 19289 13205 18626 8779
8888 5334 19262 17750 18280 6519 9520 18865 11167 15291 17714 5825 12979 15779 14524 7513 6193 6446 14978 9857 6412 5583 18723 576 1163 18621
1936 7828 13183 13214 990 6067 16511 16565 3247 9538 4598 11487 12963 6743 18767 8308 2659 14897 12119 8410 15742 7018 16715 12866 12576 19521
19280 18026 12891 6869 19390 475 10695 15625 13600 2178 13946 1232 7296 7302 10060 14786 17714 9621 8879 9634 7019 14362 10000 11408 8014 19265
10857 4548 2957 5321 16889 15708 8641 1958 19522 2265 14686 2776 3078 7270 17957 11196 8014 11663 8131 12980 11556 7815 17979 18215 14464 10460
14200 2374 5860 18894 11678 18025 5972 17477 16892 6456 1114 8490 8868 874 6359 2953 5707 14352 44 5014 2037 17982 14730 3606 5062 2903
15311 8555 12614 14258 17451 2702 7915 2517 5671 6812 9294 525 9521 8513 4264 14076 11612 3085 8587 7864 9625 4563 5859 16123 13272 13016
4876 13035 407 13612 10111 8859 10363 19251 13092 10808 6859 7993 3451 2423 16399 16522 11992 18380 13640 11853 11800 3983 1774 5724 7572 10007
2712 13645 4889 9222 4375 3603 10149 4474 16627 1785 5813 15894 3615 16891 18391 2889 5790 14049 10539 12997 2002 19354 7629 7822 1291 3350
6665 6984 5104 5444 5048 18939 10679 11007 15960 12792 149 1345 17698 11591 1465 1639 8280 3520 13169 8888 15778 6618 19128 12395 7181 3532
14417 10530 16926 6934 13513 18660 14959 16773 10369 6614 12370 8773 3961 13244 12333 18056 3505 16951 14163 11583 11729 10268 8380 4080 17744 2416
16403 751 872 13684 8153 10233 19246 10978 17060 213 6784 15871 16671 6811 14752 11510 19621 18812 10494 16947 13614 4983 15084 7397 4422 15984
15402 6736 8977 19586 15129 17382 12015 15368 5882 11649 3166 4447 8066 9958 13912 19126 17153 70 15309 9549 11048 12114 6004 7994 9542 6984
1029 19329 6209 19652 5787 8018 19170 19726 19482 5071 4735 10274 1218 16900 8335 11594 15831 12943 181 17364 4926 17888 9789 2158 13784 5955
8471 16170 14023 6965 8202 16023 12958 16938 13825 14457 18542 18964 7633 2611 6775 14170 230 15120 2965 3437 4459 3936 9671 11447 4757 5125
11166 4170 10261 14279 16583 65 6112 1243 10417 15013 3644 5764 3945 6407 6176 14390 8408 594 4470 10825 17550 12838 9221 8348 2867 5394
18483 12428 13851 8017 6049 3143 261 17953 2209 1994 12452 9635 282 19987 12743 6748 16100 19317 3455 8917 13054 14187 6962 11221 12349 17747
3506 12249 9114 3661 9708 11061 7264 14821 6049 4297 2692 13751 16699 8489 14812 2976 13030 18655 1952 10015 3653 10977 9059 10714 15782 18720
18953 2993 1312 7854 15745 17304 9755 11659 16026 11271 10876 15591 1670 621 10240 11683 15481 4455 8279 8703 17870 12198 13525 11464 353 19980
6439 18333 17582 3916 12874 18631 860 15445 14637 13854 9455 899 17853 2415 10279 17070 15177 7965 9045 4867 13943 934 1208 9751 3154 11713
7812 1935 3102 11987 9694 3935 13413 5016 4603 7447 9730 8304 15249 16949 46 15677 2047 10536 7342 6598 19538 8624 254 4128 11641 9665
12082 16060 8172 4188 7832 3288 5272 8444 10781 11784 18570 16916 13934 3034 2189 6239 13675 2852 9476 12178 7634 4526 5668 16861 9065 13273
19921 12390 15610 1315 12501 12678 7142 1694 16049 9233 2697 11177 18339 8237 17504 2117 6199 16651 15363 3316 13141 14326 6371 11558 19551 9955
9192 18227 17084 12739 13227 3692 19943 10502 5815 6889 16141 15938 15987 16711 15719 14457 12228 3497 210 3698 12486 9489 2776 14872 17099 5713
16340 7131 13801 18226 7039 9406 15666 15185 12114 14912 4900 6174 18419 6841 5440 13384 18442 17734 7405 3666 7931 7052 16664 4340 19504 18483
7292 6072 11734 3496 4983 2086 5792 18534 9077 8017 18395 17563 4490 18163 7231 499 5010 4792 12784 5296 12378 11713 6342 10449 18529 6051
17489 13433 12678 6836 5642 17400 4866 5881 8434 10876 15223 8801 1881 4418 2240 6121 7248 18145 5689 8920 16642 6092 6094 12506 6626 13028
14214 17228 10522 5108 11338 16519 9464 1440 4008 3374 19333 4383 12317 2679 9816 18141 8137 10209 5292 1618 1203 6778 3455 3055 14075 16876
13455 1633 18868 8014 2791 15775 17509 1384 10504 1901 1530 11916 11052 17881 7818 6898 12809 17693 11899 18299 5081 7832 7599 7378 734 5739
13852 17357 7033 5626 8452 18540 4795 12277 616 285 14558 423 15327 1723 3816 16613 18691 7890 18131 2980 6398 18985 17177 4473 6567 11579
8794 7130 6196 2214 2553 4716 17601 19536 240 16602 12440 14401 4556 8635 11608 6328 6963 7359 2331 18554 14088 66 4184 273 13101 7058
17895 4546 11697 1906 18937 3698 15500 10252 2551 5233 7925 9181 7760 18295 18140 16768 8062 15574 16431 8835 3340 3884 15735 9142 6712 17028
14403 12135 15988 3395 16493 3549 3844 18389 10517 4755 17818 4054 6181 6689 10927 13468 18949 4133 11276 5611 15164 13679 2962 1266 6751 7885
19929 18860 8259 5488 16643 19898 16269 3855 136 8238 10310 1266 18525 15027 5748 12047 15474 11582 726 17472 1375 13279 17854 4147 16070 15215
3016 18759 759 10044 18421 5335 1160 12270 12085 2595 3596 15330 9395 18097 3508 12496 2395 3898 6774 12702 8789 15134 15556 634 17548 5578
4748 11417 11909 16358 14748 13350 1847 1389 414 3321 397 6297 3072 7890 16093 3077 10074 10526 10142 9184 16772 8287 5072 16804 2939 6923
1690 6477 243 28 9615 2671 12409 376 10576 1096 554 18661 13919 13308 11776 18220 1578 17902 13212 148 903 17579 12728 16971 19873 13451
1098 19834 18411 3662 12721 3710 5214 18003 5703 6272 8079 7178 2482 13101 7468 10952 4751 6578 18957 9162 3500 15201 6653 11778 460 17214
15929 9959 19925 6925 1328 12956 212 13808 14476 11244 598 11388 474 8576 11773 12410 518 14386 1371 14571 10414 17525 14262 5656 15654 5401
5787 9394 7000 6905 18924 239 4737 18371 10815 13364 4732 14813 17324 17984 7368 15296 49 13575 11709 17597 9466 14866 1537 18033 16214 18616
9731 1741 10837 17652 6983 7546 6461 10381 8880 11053 17781 7380 7526 14914 18796 18489 17318 10072 6123 14769 4380 8086 17175 296 3109 9041
3611 9081 15427 7730 12416 14274 7272 6412 6252 6502 5341 9484 14354 6393 11154 1745 3239 13935 289 14416 17022 15338 1676 6535 18686 867
8105 16836 18256 17977 9785 151 18367 19148 7314 8594 4331 18726 6570 11667 1768 2639 845 7388 6776 19041 4999 14442 6249 271 13040 13073
16193 3173 14084 16421 17981 9662 6777 3497 6958 6420 12286 3623 5389 14560 2201 2242 15436 7481 3027 1156 7314 7555 4282 12876 12304 13718
18331 12 19596 2093 9349 269 9548 6056 17125 17035 6383 3224 4014 9088 11839 3270 4328 19405 5728 15522 7203 615 6667 13184 13720 8556
12831 9343 17348 8729 18835 17594 18750 13380 12418 5710 3306 19470 10799 6404 4284 11417 6368 5007 12065 3369 7996 3195 2183 3162 1186 1291
13559 11833 13981 6042 19024 15002 2447 16087 14061 7947 6255 7667 6342 3731 4687 13517 15124 13287 15702 16407 12121 7608 19665 18672 5311 3154
4918 2626 19871 18993 18109 14818 7647 6404 12291 10204 1761 4067 17507 4046 13095 4369 9731 19569 18629 12579 14130 13773 14866 4832 6788 619
19383 16621 11368 6101 8097 16313 2985 6973 8691 1034 2770 12611 19513 7265 6949 5614 11891 18211 15587 11131 867 16648 3671 15890 4619 9471
1825 12068 6506 7266 17776 12791 14839 9297 9648 13582 11576 5557 8318 18532 7820 1418 7916 18228 17691 19954 4468 9431 15694 14370 9979 17815
19714 15201 10498 19671 1908 13503 11143 9315 8307 3803 18953 14754 14164 1585 3851 11379 9064 4089 10826 6117 14189 4204 1875 14480 2434 5948
7974 8473 2598 3829 6403 9557 6870 10361 16362 3720 11515 2700 7641 10553 19699 18699 7059 1976 9158 14655 11331 15085 16321 3860 12971 19265
9950 11767 17476 14930 16758 1459 4656 7616 4408 1984 9864 8621 18133 471 5185 19989 1015 379 8895 13812 5736 9744 17417 12589 13860 5436
13134 9828 2801 1202 15286 15371 12527 9917 14536 3147 8211 6901 18842 6915 12194 12909 4716 16566 17435 14155 10528 2316 684 16764 11473 10635
10082 6348 19830 11324 3471 5958 4463 9500 937 17604 15507 19630 465 14885 1226 18784 10833 9036 11019 13648 17142 17677 18957 10571 16228 3269
13171 14518 11765 15752 2281 6319 16307 9491 8672 3700 8908 10926 4622 12622 18044 16527 19866 14979 3165 13067 13130 18946 3741 14904 12270 7178
15235 5971 17859 6651 17768 19008 18805 16129 9898 18016 7332 4688 3066 10364 19386 12872 12157 4690 5368 10925 2986 12245 7538 9423 13313 5451
10200 12613 14574 7664 10821 6829 13691 17579 14794 18177 19021 18302 4167 3229 1614 12062 13004 5439 9310 12218 18408 15295 9538 1244 5761 5219
53 1171 10741 4243 17324 9976 4303 6157 7469 966 7117 7731 15832 15659 18680 1287 18955 18390 8797 10343 18016 14340 16760 1252 19232 9153
14032 624 2890 10256 6488 15985 13647 8968 10565 17965 9921 1512 17207 7933 10877 11815 4741 6569 5731 5344 6352 5724 8249 14951 14322 19508
544 5997 8002 4517 11821 14111 18101 5809 5121 13161 2862 5815 13106 17392 14089 15675 13076 15173 6459 18983 19933 10141 2680 3242 18707 3617
10687 14263 11118 14600 426 13592 10298 16797 4799 10203 11368 12524 7673 16035 18296 9700 706 2387 7215 14083 17212 19010 18588 18654 4035 4377
5588 711 9991 608 7205 13802 1864 1510 4162 8438 18367 18131 16422 6700 1768 1648 19404 14025 11997 4524 2672 4018 18475 18876 2506 16917
15562 17916 7779 17482 11207 9529 10986 13155 4961 11423 10520 16220 10357 10018 18361 9627 11926 5281 18181 17733 6995 7479 10397 7365 16943 1608
10245 7980 5091 12007 12518 4475 12794 18325 6504 3431 14840 4072 15730 16064 12813 9682 2109 16868 6937 19420 4333 14158 13952 1519 18224 12848
18753 863 17268 12284 4243 5928 9108 13698 1351 763 1815 3817 11935 5923 15608 12348 10273 4469 9382 16158 2314 13007 15921 19774 9931 7111
97 2546 9310 4318 10769 4960 2044 12355 5395 15533 5178 8688 16055 1463 15328 17107 19862 11840 12487 10999 9699 6166 2050 3918 9213 5034
10455 4412 13441 10475 14265 13038 17182 11750 19231 6509 15092 7004 14489 3937 14545 19114 17096 14430 5540 3698 11260 5208 9194 6743 13555 18398
17637 10166 7021 10381 18372 13104 13901 14491 3847 1966 14134 10852 8664 1309 2562 5835 11416 19419 18893 3258 13761 16751 14544 9480 15718 2739
14524 13382 9019 4123 2983 10118 1526 11476 12686 11082 11468 11371 12351 14142 14086 15687 12889 8126 4822 3923 8832 26 14906 15294 13426 15787
11153 8589 8151 1198 6317 396 40 10007 4608 4944 8831 2504 14895 2409 15750 5113 6482 17795 17775 11013 15500 3245 15931 12229 15780 4431
10076 12709 16271 7806 6890 4393 6200 1161 4416 5305 18776 11226 18570 19167 14720 6275 9939 7722 8134 17606 12705 16925 13684 18934 13356 12288
12289 12166 18392 4943 11767 19570 8150 16755 7710 4288 459 9037 16716 15892 7846 1777 3512 19668 15019 10989 19727 9869 18966 16292 8308 18386
3083 11386 1433 512 16164 5241 16668 13967 957 12416 4741 12961 10985 3307 12078 9783 6808 12482 4269 9973 15263 11287 17826 19466 19568 15106
282 18229 1929 82 15092 19041 2929 9672 14357 5128 12822 7581 6806 18840 17299 14054 15974 3831 10742 13212 4086 16445 18424 14070 727 16355
15295 6144 16495 13624 18822 18964 7721 7957 5770 9548 3387 11180 11210 19481 17794 14349 9199 1343 19603 2063 16565 10528 19676 4415 3441 9996
13374 17797 1774 15864 2757 9624 6923 13020 12687 13434 2833 13350 4107 7430 17653 14512 754 4931 19618 17878 4858 17232 12829 7780 18207 13739
7798 10999 4342 18476 8543 1433 658 11676 14273 5773 12023 12616 3970 10205 6582 2557 9463 13927 9542 14292 12248 1785 8703 14715 17927 1581
18663 11062 17656 9250 13844 6776 2037 3251 16453 7213 17893 19767 2470 13628 6361 1068 13652 12414 14213 14668 16222 16265 1387 18609 10692 11257
8333 7518 6165 2461 15776 16225 8358 10667 19262 8976 6347 8208 3173 3305 10900 19186 14758 895 3907 1296 11458 8439 13138 12208 19905 11975
14125 12580 13295 1542 19293 10801 14908 17487 6078 6656 8247 19120 18821 9916 16987 16426 19558 3999 6316 11246 9062 4339 4831 15723 3081 13352
19216 17123 2772 2501 9536 18230 17613 7318 19581 17811 4840 5318 2202 19640 19157 17011 14249 14170 16634 2890 16356 13014 16111 15420 12548 3276
1885 15717 10168 10186 4611 14406 3153 8931 16625 11674 18077 10796 9711 1791 5259 4701 891 10695 15044 1246 12511 13847 7423 19343 17708 5483
1231 7284 14903 3200 10825 17829 11789 1040 11840 5373 6762 504 5168 19594 3114 10479 1241 6235 101 9431 9540 11742 389 3146 8125 15000
5751 1939 3346 14779 3957 15307 15837 13889 10775 14031 17001 12109 4612 18336 16359 10268 8346 6008 58 17505 15098 2641 9180 8921 7030 19963
4781 4927 4908 4971 11953 17958 17496 10273 18366 3610 413 4586 9725 19941 2148 4083 17902 9864 15441 10318 10610 16404 11828 3262 12067 1585
9372 9499 10594 12153 7674 19806 18894 12847 18444 18362 19646 4581 11446 18777 8974 16775 5239 11866 3602 19323 937 9693 628 2546 5174 5664
6389 14869 9921 10853 15847 3396 16777 9784 16932 3258 17075 17807 15752 12788 19005 17070 5716 18968 7429 8975 17828 1904 1374 14944 8404 3630
9743 7488 5434 2487 986 12612 14533 17089 9659 13581 16993 19409 14880 17960 3223 7965 3790 58 5458 6840 3184 19400 11846 3712 2312 12701
9354 4360 12089 15376 12081 12301 9130 4833 14914 16608 10542 11679 7393 5268 3501 11423 15473 12227 7516 1750 15679 11309 8263 17455 1452 19327
3815 15612 6747 15123 11762 5980 6585 14944 15918 15860 9667 16899 2447 13399 5933 15664 14248 13181 8377 8610 2082 19769 765 10639 15078 4495
19895 2386 19416 8344 15928 6364 3322 10529 13682 1506 11170 17360 14546 11812 12620 12470 1360 5551 11672 18011 9836 17357 4930 15589 14642 5035
8249 2970 2995 17415 8816 13329 8097 16572 5675 14540 5310 17114 16606 673 14228 7024 4600 19509 16070 8663 17762 2518 1600 11928 10719 11188
3438 19490 9711 4500 12705 13410 660 19147 1989 4318 575 18123 13861 6079 17621 11020 18779 6588 7009 7185 18090 8753 19498 16289 4564 19563
14553 15103 11043 6978 5359 3711 16645 8536 6631 1970 3470 18707 15123 6257 8603 13330 18348 11567 5171 9605 1451 9399 7887 13062 3070 6273
5080 17171 17376 15930 14452 17026 11876 19913 7388 14972 13426 11600 4946 17598 18905 5035 3705 13040 18883 3017 12213 14947 1013 12195 678 7036
4241 6073 7132 18009 19989 9801 13740 980 4577 19114 6633 6710 13437 12535 8403 12830 12545 11130 11099 18552 19472 11391 11671 11419 6728 12295
18279 4574 3329 7230 4876 14772 10298 4134 4761 4823 18332 12140 17570 1693 8684 692 10233 313 872 5142 17554 2343 4402 16510 10908 11544
14272 5396 17668 6857 7347 3835 10396 2261 3418 3941 4846 18489 15990 15041 11679 13556 10588 4985 11398 3772 3305 8318 15631 167 4015 2797
2480 15976 8487 18434 16919 16025 11173 8791 18398 13902 10835 18406 10969 11627 4771 17239 16840 5959 16097 16680 54 1126 14191 668 1373 13098
12330 9105 10299 5415 7130 2041 10055 11330 10842 7689 2016 11640 7278 3588 98 7097 3533 19428 19824 3051 14893 4326 15746 1088 16454 2975
8393 5096 2975 15463 16841 11368 4741 610 954 19379 5646 15264 1918 10118 2283 9833 74 2198 15471 14253 13157 13297 19474 11116 16424 17038
9066 2407 19953 10942 13801 6893 3468 4899 7487 8924 19232 9738 16453 11592 5902 13078 3559 8167 3485 19849 19361 18743 1837 16357 6117 18147
8309 7503 3916 7029 19431 1335 10086 19387 12003 802 15827 913 12665 2573 15017 9388 7030 15573 1963 12941 14292 11827 15493 2213 2621 7122
13001 15874 11029 160 13381 18243 11093 2472 4983 16835 2809 1447 7936 6754 14925 15953 1763 16320 11830 17762 703 16405 12391 1222 3157 18067
19615 16712 8010 3488 523 19681 1875 11240 16941 14402 6036 13424 7022 9539 10485 15003 4250 14551 7872 4985 1154 13582 17923 1794 8616 4159
3884 13576 12192 17305 9490 16511 6304 5939 1184 2795 12984 6065 19442 16346 15397 15755 427 17942 15512 5898 2047 8914 14341 14091 15838 8595
3176 5210 8543 1850 6287 7956 8974 13937 3899 19757 7566 11018 8499 10451 11732 18146 12023 14220 8169 10309 838 15173 9462 15230 17934 4806
17519 14970 1532 15225 1894 5181 18356 3760 16750 4354 18335 12000 4861 18065 7847 12183 2527 19217 9369 12897 4188 1908 5039 7440 19123 7446
17076 18336 14945 12243 2949 9214 17169 7062 11287 9986 12184 8022 4663 8850 10977 8416 4078 18087 10622 15598 5984 1923 10305 18571 19423 8837
4503 12614 5634 12247 2168 1731 18262 4282 10935 4810 9714 8740 12938 5792 2507 12379 19052 11360 13215 19955 13693 8474 18438 9908 16678 1788
6987 15467 15164 16582 11704 5149 8904 18005 7729 166 2339 16564 17302 11753 12322 2674 13294 8779 14894 7643 19799 15382 3378 8752 9436 6660
18810 6511 2963 2343 3377 17372 17310 1860 9965 8858 1514 7900 7335 19773 7279 7919 2792 1552 18771 15264 11696 18403 3 516 11541 19339
15834 12081 14593 11134 19435 7457 3213 18737 9226 2829 14737 1875 2060 11884 11946 3022 10976 6619 8249 8898 17378 16328 546 10379 10083 7641
16083 11337 7262 11823 2237 957 16299 7707 14105 15632 13050 19141 19933 11397 10054 1314 19927 6519 19565 1219 1009 218 2189 10294 2442 6330
11769 14925 9431 7830 12791 16090 16032 9588 900 77 5864 14550 14821 2047 13069 12395 10641 14137 4433 17190 5413 4251 13469 10884 9758 9091
16182 1593 12822 9865 9652 16073 1610 19659 18354 11674 15683 9079 8278 1602 10570 4881 7122 2383 15540 7943 6794 2028 9805 13132 9305 18669
688 476 13714 10635 17284 6131 3618 12675 14625 17331 9090 13708 15640 9889 10372 18118 4554 16461 8453 5444 18434 6013 13340 933 18444 12065
19529 19803 13988 8573 6214 1677 7642 763 13565 3712 8509 17069 4032 1598 14271 8474 18569 9844 5311 3050 13209 18106 10534 9305 19259 10541
6862 15654 1733 15637 15787 7590 10221 2572 18358 14447 19147 6671 16268 3577 11502 13573 4887 18716 4335 17237 1932 638 10822 16359 14809 17438
6134 8382 2286 18370 10606 6900 807 12996 15626 18420 19102 11201 4811 18521 19111 9875 15269 19645 6410 719 11005 17179 7606 11436 7896 8863
12172 18818 15177 14882 14568 13752 12149 11793 19285 611 18166 4314 12635 1010 4907 8737 10499 18942 12962 9463 508 15834 12018 14884 8473 18243
12627 1267 8731 7576 6014 15318 12020 10344 5367 1424 1970 10358 15397 18250 1163 6805 2755 5916 17456 951 3979 18620 3308 10661 3818 12573
12736 1155 16665 5871 8079 9252 19546 11320 7922 2018 7579 7589 4189 18634 12854 10297 14166 16398 12337 18771 10782 18729 2702 12470 16309 14140
11614 19302 15614 7936 15913 19096 11289 7114 10085 11079 17986 9084 12558 3756 19176 8453 14152 19161 3378 2808 11973 19686 8799 2001 11112 18952
2426 11545 14970 1879 14675 7208 18049 5398 6317 11290 8959 12610 9176 15227 15044 16810 18401 4923 18749 3347 18438 14251 4845 8447 8106 11828
13144 7863 3404 1136 4014 12335 19657 18553 19979 8424 11747 3499 13869 18167 16857 9696 14734 993 6325 16391 6140 9561 15616 13771 9132 9120
14133 3848 762 6082 16157 2367 15447 10468 3803 10001 3747 18201 7585 2310 9866 4427 2216 15973 16992 3063 13986 10570 16102 11671 14890 18773
1661 1423 17924 847 2946 18096 7390 2592 9924 14165 14065 6363 16421 12004 9538 569 3089 18883 14814 9092 1006 16137 16715 15534 16036 10448
8047 12202 16113 7034 11522 17172 1547 7881 14166 9484 17765 6873 4771 8614 766 10545 12109 658 17276 14064 17861 14241 10220 3644 18435 15673
15712 10946 11674 15898 17977 13345 17559 346 12744 11031 16239 8948 16863 10442 9881 13583 19505 7607 2713 11658 14461 16132 4735 9790 321 6999
831 17987 7868 15400 2735 18500 13702 10913 1591 532 6038 1838 18070 11808 16489 11085 1472 10714 13676 4013 4834 13371 16855 5076 16307 146
3802 15996 16745 8850 11126 6348 15279 18730 15780 633 16104 4720 16986 16086 11420 1625 3064 8510 15292 7491 8451 5708 431 10507 11160 2990
4803 13842 3291 394 11669 2356 8649 429 16885 13960 4709 12854 14258 7339 4305 18254 900 6831 16596 3996 4844 16514 10260 3398 14022 11012
12573 6458 5809 7749 19840 16747 9305 11865 262 8425 17562 13555 12282 2816 963 3465 16018 8075 15795 7366 925 2940 19926 13790 5986 3279
16549 10574 8329 2262 14208 15643 17253 4803 12009 11597 6491 8000 1775 14393 8070 19559 4164 17790 17195 17666 19691 6857 10114 8918 1884 8115
11111 8399 2289 14568 3891 1824 7382 10953 17454 5124 15358 10496 6998 5071 1017 9332 6086 5942 11512 19281 536 11547 19518 2642 8282 12073
4 17430 11073 6582 16668 16755 5809 9647 12859 16967 5033 10472 4761 12444 12827 4816 8747 9518 3643 1559 13282 2687 15936 6573 6363 9904
1718 14110 4139 15492 3079 4431 2611 11539 17747 17791 8725 5805 10825 15416 15738 6303 10718 12001 3844 11924 8419 11559 7706 10220 9292 108
1561 2456 10967 2007 12225 2669 6841 3812 4037 4366 12416 18940 11784 7231 6159 9900 6517 19962 12055 16853 15050 1638 7303 9436 16739 5229
5662 13732 17389 13370 10215 2907 6748 5424 12315 16056 10214 18959 11033 17916 1958 18909 12607 9824 15709 4735 5674 7785 17776 7830 9336 6720
8886 15525 14997 14508 5396 17465 3610 11005 163 9967 6013 13203 5791 248 10319 1974 7485 9134 16050 6304 14185 1201 13305 4019 805 18847
17182 11526 11240 2905 12191 5509 13291 1428 18070 15061 8143 9531 7706 2045 17289 10535 14897 8589 10367 3982 16333 10132 57 2067 149 13187
13747 2510 13481 18042 17973 4708 12738 6992 14959 10295 14366 10935 18572 5813 13641 3913 5248 13796 4232 5300 12322 2428 19598 8469 9736 10272
16213 19356 3 15923 8115 14415 7551 13775 8708 17808 5599 13989 6872 4451 889 10085 18145 13627 9085 11596 2621 17770 18365 8005 12516 7901
7335 12369 18675 6204 1364 4786 6384 8076 4883 17205 2510 51 8036 14050 19818 10176 12435 10977 194 13997 13435 16125 9683 11700 8490 18316
14936 1540 3865 2735 8514 7266 825 4364 6037 13766 2154 3093 7473 19510 17169 10916 17722 6530 16131 5038 4050 13977 11485 8555 14166 13113
4253 789 19606 12591 3214 9210 6255 1522 17930 5725 7196 6996 2799 16279 7750 16367 18640 14935 11241 1684 18682 16536 19138 19466 8044 12840
4353 5636 10799 15374 19635 19767 16197 16489 9024 18566 18135 19433 4658 5809 16471 10561 7417 14380 10767 14772 718 11897 12839 17787 5194 14605
12918 19709 8725 153 3023 18228 14747 18507 2619 18780 9269 6388 10522 3493 17343 16609 11396 8727 19018 7895 10010 16909 10367 15690 10729 13063
6989 3857 2343 2800 14780 18552 4375 556 5835 13918 17376 14350 4518 4821 7246 7930 6088 17482 19761 329 14427 12526 15884 19228 6579 15222
2777 10287 5951 3652 9613 2454 3888 3133 6511 3497 1136 14378 16393 2274 13058 16882 9667 8049 15475 14673 9197 5448 1393 11603 1999 17582
9512 18227 17034 4458 11270 2197 12274 16236 10086 19423 10637 14688 15279 4078 8389 9479 8878 9016 10835 2129 13270 2365 11725 17383 4715 19303
4286 10167 8241 4222 14266 17893 17063 421 4598 354 6642 15576 14200 8229 19071 16154 8094 13748 6562 18282 7170 16911 1849 18421 813 8843
4501 6969 3593 11713 18603 17060 15271 2803 4781 6657 16603 2663 3644 6101 412 1548 18125 6430 17266 12294 14749 11200 2268 10739 17690 17002
5201 12065 9032 9355 502 5714 4868 15936 12598 15736 6522 3029 15215 10121 1750 14258 19834 731 2633 13317 10291 12290 464 9588 14227 2750
17929 3888 2544 5201 10143 12328 6846 8557 4682 15743 16969 5325 18381 18560 2018 2873 8658 7384 5183 7384 15424 19471 9528 8265 3240 17418
10512 19847 12812 5143 19057 16825 6494 7988 17864 157 7256 7470 12359 4912 13079 12072 1256 10539 5164 9136 14302 1089 1465 16962 7837 7113
3267 16862 19755 9817 16880 14708 4015 14313 11171 12935 8298 1091 5543 13312 17411 5600 17438 13355 4885 4625 411 12559 85 6299 18725 18532
5788 18505 3508 3342 17332 9515 11076 12710 10266 1178 15517 15487 14325 8609 18938 19193 8113 5453 10953 5942 4203 2106 10384 16475 18810 9337
9658 6771 7658 19633 18914 10631 14533 19971 318 3430 10662 1522 17715 1201 933 17261 8899 4247 11435 2595 19646 1159 19286 9500 16055 16262
3939 5461 811 10476 3125 12089 4071 10025 1717 14312 5095 5762 15928 15214 13463 5442 17655 8610 15294 3190 8250 5523 18926 17570 6565 17840
16068 19358 7037 11168 5989 7059 6588 3824 9049 19548 1058 12746 8432 5512 14706 2181 6216 1251 707 853 3128 18484 14217 11277 13886 9016
13497 12084 12697 14105 11739 12711 18316 19295 17614 3338 10978 3663 965 4703 126 5935 19171 6414 8251 1043 7758 14323 12594 3711 15774 13935
18960 18300 18019 7636 19653 16932 718 3623 3115 17826 8427 15440 8063 19626 19004 3431 7677 1865 11473 8341 16208 4687 4744 19070 3798 1639
2146 16270 17242 4750 4026 6521 4560 11261 14476 12320 6099 3089 7247 6978 12590 19506 15826 17084 2258 11989 1557 16583 13625 1877 3655 8502
8791 10193 9550 12801 10154 16649 1464 19365 5508 10781 16154 5637 2626 19093 12567 19961 9584 4818 6949 12021 10245 7959 13235 17741 14908 13150
7277 18026 1279 16693 19302 5998 14666 9149 19175 19450 14779 3249 5985 11469 19313 5920 7957 1719 17849 14699 14010 15274 19816 3047 11432 6012
4662 16520 13730 15892 852 6003 3085 10922 18168 6525 13103 13343 9435 4717 14759 11270 17099 17545 9776 731 3757 4477 6204 6734 9594 5757
5486 4027 15758 16991 19969 14394 927 5570 8316 582 2578 8460 986 4233 1668 16210 13007 12910 9112 7642 17364 7447 6657 19317 16347 2333
10682 16144 6455 9734 3645 16768 13955 19485 9791 15373 11651 11138 7837 10527 18807 13765 11789 14358 15066 2505 15181 12303 1532 2027 9259 17132
4869 19882 470 15908 6131 322 17596 12197 1087 12670 17456 1916 2132 8272 15107 15353 12713 3649 8356 17935 3162 14585 10781 16410 11716 10206
15762 11981 17020 3402 7839 8003 1468 2803 14174 13251 2187 2867 13578 9145 753 11722 1122 17557 16414 12581 9156 10587 15548 17556 16456 4156
18933 4103 4329 2167 5947 4565 4854 13455 19102 12090 6654 10862 16216 19605 19317 4970 1547 6194 2732 2561 6541 10653 19514 3178 356 19915
19105 5593 6195 19313 11904 14898 10669 3547 15565 7502 5747 14893 3497 1179 5882 3665 968 5320 10361 19290 10011 8756 10731 9839 19804 7675
4268 14713 6655 1515 17203 13468 13259 13660 8722 5088 6085 8186 1556 18681 17041 15081 17406 17303 19630 19996 18019 6148 18879 15624 6345 8026
5056 19576 2862 4442 17787 17717 15019 19696 12339 16726 4162 7970 14388 13331 8087 10697 16940 14217 13424 18074 2985 17513 8792 19125 4940 10052
6613 11368 14334 217 2521 2098 12872 2748 1393 10860 15495 11821 5380 1205 15663 14417 6209 611 9967 1741 7488 6609 18784 8433 11780 1537
1389 12453 3373 5966 5745 6719 15531 15263 9294 4246 6427 17293 17330 10687 3308 11071 16538 13357 12439 19848 4406 15906 5145 5578 9651 19732
10621 17455 10887 7755 2958 6394 14497 18454 9398 1998 9714 7227 5186 14406 13290 16051 18462 6910 16625 6868 11856 8452 16517 1851 4516 7744
18991 12632 16722 2812 19792 14990 7646 16445 16915 2674 16026 12501 13544 17076 18570 5181 15123 18416 16189 17532 14034 16941 16191 6139 8488 8228
14927 15397 1333 5169 10511 15657 928 9408 5311 5271 1515 4821 10546 3365 3971 5842 18719 1364 14284 3553 7224 10161 14286 5580 18111 17020
6970 8813 6466 10858 7014 13880 6282 2481 8178 19128 11538 946 3934 15227 683 14870 5459 14624 1079 16937 6719 17981 2310 4489 16268 19514
3420 5436 13269 11828 18506 1615 19378 1273 17241 12880 7019 19128 7495 4382 10023 19338 18440 8781 17365 10454 16597 7354 7013 4211 16143 3277
5505 18258 7021 1622 19708 2184 10270 18456 6413 710 4815 13996 17528 19468 8084 2294 5260 3561 10678 324 12790 2914 5727 13787 19106 3742
11225 11767 15543 15480 7830 16645 850 5141 7634 4302 13300 4239 14637 6814 12076 13269 8974 13199 5644 17990 8946 5079 2716 12009 1355 2009
1398 10346 19513 4955 12803 4663 12221 18331 15426 996 4577 8811 457 19389 9842 14517 13626 11753 6832 7534 17293 532 10284 19039 11202 3324
9945 8548 12825 2312 2345 11368 5682 4617 12214 2104 4543 19691 19852 7798 4098 3577 11763 8296 2057 11354 7764 4412 8110 6294 15771 10952
13109 17346 10114 16274 12158 4741 16841 17380 8370 4982 19456 989 18963 3858 8887 725 3630 8227 15935 6491 12493 14237 2027 18781 16990 9147
13631 1571 15874 11772 12091 482 4679 1942 6701 14421 16847 19805 539 14213 8182 5648 1498 9911 15921 12211 3093 4558 2953 19290 8205 7603
10883 4772 19549 2062 13781 1553 1166 18500 125 1970 15173 18166 17400 8964 15006 7802 7884 7667 18763 4155 1745 16217 13529 3155 9684 16868
1949 6690 6187 15696 10768 12017 5055 154 15099 2718 14360 2583 18294 8101 6237 2953 6657 7985 8889 11897 17720 13778 3326 13518 17120 10474
17330 6326 8497 4002 7221 17192 1178 19362 18764 19141 4980 1020 11991 17549 15675 15216 6180 10500 16574 19162 11863 6392 17170 1724 16165 12025
2387 4113 4338 14967 712 7659 6274 13485 18694 12133 12399 17860 14713 2301 6546 375 19693 4879 19416 3557 15457 18533 7278 18400 10151 18514
