365
71 3 40 33 15 21 53 79 72 65 28 3 18 43 36 23 50 92 13 4 76 68 97 42 90 63
6291 6074 17948 12497 4115 17308 14356 9133 16697 15477 3356 5208 3424 11108 17602 17287 12297 1366 11919 10123 16866 10621 3588 12539 10053 18776
13557 14574 8505 12275 16528 19044 7375 14830 11856 4048 4491 3041 10475 9964 2787 7741 3522 17853 15525 7801 10047 4782 17659 18362 12898 10301
4725 17594 16480 15578 9383 4468 5540 16770 11213 16681 4157 704 12604 17623 9856 4682 12914 17075 10205 4591 11799 1398 18838 16811 3302 3369
17858 18595 11970 15184 3187 2661 10182 16565 8126 15247 4513 5292 9887 2210 17960 15241 728 13469 17970 18003 15319 19126 18291 9321 19531 17749
14630 15173 13967 8100 7923 1285 18686 16512 19929 4359 17117 14797 4036 6108 13255 7540 4367 11419 14757 18616 4982 16982 9786 598 16229 17270
11530 8776 6578 19593 7083 14423 19440 3725 5673 13100 18730 19460 863 8849 6270 9665 8448 15109 16690 3913 3778 7125 18972 17053 16225 83
19672 1502 8764 16114 17578 7189 10762 11769 4622 11986 14557 1958 8432 8881 8448 12488 14539 8058 11928 97 19185 5093 8551 12972 13367 3129
8635 18831 14236 14981 19885 17374 18053 12021 17156 3167 11500 14981 18486 9090 10626 6113 15392 749 4391 1061 6115 18212 16334 4537 1174 2865
12697 1553 13417 7681 5966 18217 9056 18338 18289 13558 12437 2536 13465 4302 8229 17899 19979 4189 31 4613 4127 4238 3540 17264 5554 8989
1549 3613 10499 10106 5262 12741 13918 16932 14939 9816 14917 4546 10874 3769 423 414 14938 6831 7079 6627 12251 3975 18531 11050 7868 9316
3773 17766 963 19831 9294 13633 11681 4964 13885 6429 3438 19799 8885 6110 11190 7742 2859 2348 8378 10651 16115 12099 10942 4569 2804 2179
19266 9314 17080 8556 10230 288 1340 19262 2604 6504 532 11723 15879 7756 17653 17572 14625 10590 15052 717 2947 6204 15913 15887 5962 449
12505 6244 5029 14182 9766 7444 19229 13106 17990 13152 13592 7408 17321 16809 18689 13738 18741 913 3683 119 12276 6938 3300 5394 15459 2007
12072 19122 8813 7821 8238 8197 3860 8382 19429 12067 10787 7752 15704 19350 15989 16283 3915 6250 12898 2676 18424 9202 16316 3750 19382 2531
16944 6834 17506 3397 867 4690 9913 17922 1069 10874 6913 9955 18900 15862 19429 1672 10512 11880 4441 17358 9603 9355 15135 19140 13752 18723
12932 18909 12710 13646 12949 8745 17698 5275 16911 11093 11479 14797 4036 9030 4138 12272 12100 6206 4127 9202 19987 2158 2274 4829 18555 14045
19853 6013 6098 14768 13762 5979 16163 4375 11565 1345 13592 17340 17348 2222 19219 10310 2197 4431 19466 1586 3254 11229 5 4059 12226 6263
4436 2207 4134 5660 7749 4998 10356 6879 5579 10853 11084 18391 16300 2851 14978 14098 9149 10753 6104 12710 4500 6048 12246 3238 17880 12692
18477 14966 11209 2565 16050 3777 14288 17120 7068 403 11992 9762 13699 6658 16517 3736 7235 4557 6044 13146 17983 2218 5028 19680 1002 12702
14169 4903 3158 968 11700 282 19904 1120 1118 18948 5319 13675 3342 9385 283 11711 13834 11031 14781 4855 12864 3735 19417 8060 2773 6979
19333 212 3696 963 8517 12940 9536 17181 13587 18952 6812 4767 17139 15017 12645 5403 9341 12905 295 12275 3409 11683 12285 380 4193 12633
7754 9453 14321 6477 19055 16952 14837 18035 2968 11466 7826 17251 14384 8336 7904 4316 8954 8069 13737 6006 15599 17080 19002 15890 5533 19637
15350 17198 14614 3118 18581 7986 9363 5142 11137 4070 8736 2571 17519 15839 1133 18158 3118 6570 6303 1627 17379 320 13307 16839 15784 13508
4258 7891 19889 12725 9068 12396 9532 15022 18216 13054 18209 95 12519 3576 9413 13655 4595 3561 3100 13596 3196 17071 12637 12021 6806 17602
1955 13834 1358 13016 2248 8492 16022 9014 16273 17467 8102 18221 19587 1183 5160 17480 11687 16591 7688 4107 17427 10382 9669 16352 1498 11685
7608 10029 2655 6029 6693 10777 14032 19800 1831 8743 9467 5849 19502 13810 12848 7664 13677 14221 6029 4843 15749 15147 16971 1606 8348 9451
7457 3012 10859 2724 2292 9163 8269 9360 4999 8528 4057 18584 17206 10894 11088 5709 4292 14445 14060 15339 19281 7107 17278 4568 2934 19325
3800 13799 15117 11050 3102 5416 5756 2002 18867 16932 266 18337 1137 10124 10108 11812 13915 14 9948 8242 19910 16594 2978 11625 8016 12393
10617 14882 4937 5057 8085 16499 8265 11659 3411 2627 12508 638 7705 7190 594 4237 19954 10845 3046 17733 11405 8722 12814 5304 17477 13963
15368 19624 9567 10259 11703 15000 2171 6817 1785 5275 12147 19349 9318 18826 3997 4098 5513 9825 19813 2682 9618 12237 11630 357 4170 15317
7614 3032 1231 7825 15004 10753 2938 12353 19721 10654 15178 1778 915 4942 11462 13280 12568 5368 15417 9753 11143 6171 15710 11742 9245 8326
18244 8902 5107 580 19071 7145 17661 2303 7607 13981 4690 15919 13756 9741 15725 7324 565 5079 13366 2792 8803 14095 812 2254 532 11458
1205 11272 3064 2019 1956 18558 7732 216 4605 17330 1075 10006 4760 6537 1056 18992 10930 8908 3603 7485 5745 4252 10446 14517 11690 14373
6760 3243 4302 10431 11642 12461 6116 13421 8396 7423 19755 15423 9147 6522 6911 6495 16307 16753 13032 18195 1194 11382 17758 784 14703 16218
16590 8385 761 17444 1831 3567 8965 877 2271 11144 7711 13784 10373 5154 14466 11248 3019 10867 14461 12303 9449 10023 7548 3454 8276 7703
12899 853 1057 8327 3359 16682 15411 837 15509 17945 3383 739 10251 14226 6717 3082 6046 6423 15421 7033 1374 16487 738 18637 12168 6015
14173 6578 4986 4888 18211 7200 11592 15982 11070 8616 14721 14077 7998 3165 4983 15240 19396 12460 17358 865 5362 5272 7419 6747 8661 5694
13244 14449 3005 2157 9885 4183 2132 10337 18267 5070 7518 15893 588 10979 3442 9785 3682 1250 14419 6317 9687 10513 16293 3261 24 13346
13169 13053 1455 2843 410 1951 13324 6813 2088 18058 16852 14506 14456 12410 1015 7118 9498 18849 16187 1470 429 8360 6028 19409 13675 12433
5078 3574 10445 8966 11521 5162 17076 11691 12531 10964 15622 15197 1019 14156 3187 7128 4728 17244 7789 11090 10022 7613 6685 10233 11731 7591
869 17723 14220 13094 12555 11318 215 13908 5983 13928 18692 15927 11930 6338 19203 1909 5582 12640 2771 8089 14752 590 15792 7404 7667 6386
13790 2290 3401 12441 10115 14812 10822 9638 17768 13213 11102 13164 3050 11375 16537 8087 2291 12781 635 16520 2737 2624 14174 17328 14562 5493
7591 5929 8262 7130 18136 6099 2935 13628 17902 2342 14407 16569 8864 6112 16079 9629 15434 9432 18241 14077 11571 9906 10157 2416 13901 10034
1670 6363 16756 4929 14443 820 5475 17432 4097 3712 18188 5344 18637 14775 16785 8499 18054 11988 11710 15086 7587 13293 12788 15063 7988 2698
14269 4511 1635 13462 14841 4714 16527 19915 18051 7480 2989 18811 17380 5357 6389 17150 13044 18356 655 2106 16495 4843 9204 3178 4972 15578
6072 1983 7353 11503 13184 15045 19374 18608 4309 15687 10778 14252 13809 4309 2939 16190 1652 2882 18695 12722 5605 297 13336 19770 10575 8309
4832 3601 19585 18207 19494 1495 7354 4576 11104 8773 7029 3141 11726 16903 10089 2978 16338 5928 11320 19258 8794 14628 1293 14346 17753 18
5384 13508 404 12422 9657 1793 11523 4682 8826 5651 1914 16731 4578 4843 11743 17006 969 4475 13844 16750 14598 17140 4676 19161 6130 13184
10 13531 11042 17432 2964 63 13429 5038 13873 16229 3779 1017 18805 8015 3846 8973 15749 14099 5183 3052 1566 17311 1011 3717 11511 4398
16091 10496 13000 9944 2606 17152 19173 6706 9767 3684 5973 7919 17238 4360 13848 13363 16680 9074 10712 4881 2191 11859 9407 11913 4606 5790
17133 8485 11003 229 651 6973 1835 1370 8267 17024 10506 8481 7098 11725 1232 4596 6360 3791 9878 2243 10250 18342 16880 4176 7366 7879
12576 4605 13493 13086 4313 4415 7337 2944 18920 19148 9131 4039 3187 17299 5526 11772 169 7650 13803 13017 15978 19951 8572 14931 17393 7440
2986 9979 15782 12837 11228 12352 579 3397 9663 6140 6570 417 12820 11437 6460 5831 6687 11516 6941 19777 4328 17585 9771 5511 12583 12159
1751 17073 17986 1428 3826 7039 6122 14675 10363 6494 6610 1783 11928 617 7662 6680 6315 314 10959 1161 10513 1171 8634 18063 317 10651
15660 4551 5341 17361 14091 11408 17896 18637 5458 10410 17677 8907 9861 4104 5043 10349 10963 376 1007 3457 3832 13061 9056 416 15527 9536
12724 16603 10167 3242 14574 11039 17092 12320 1359 18300 7325 3465 11645 18057 2226 10616 6121 15652 824 16780 10136 751 18943 4133 13066 5756
55 4744 869 19576 10954 15545 13870 11012 8467 2208 626 16262 6204 16120 4847 1903 10584 17617 1339 2664 15288 17406 9582 17965 10622 8386
6494 19100 7267 3203 3700 739 6084 9145 6882 18855 19779 19878 17442 18424 3294 13539 4106 18768 13484 19482 5136 8982 1240 8945 14971 2041
6122 18687 19073 2508 3940 12655 3652 4486 14287 16482 12984 7836 3508 16375 2383 19057 5014 12095 6835 6850 8257 14116 3934 10794 19109 6436
10179 5417 15483 2683 14119 3126 2384 1685 16143 19236 2256 3811 18571 15273 10584 6781 10813 9629 6697 9453 7413 11760 1011 2944 17013 13565
4233 5155 17869 7261 16342 7864 8794 6422 8283 7644 7837 14117 18282 12275 8522 16615 4971 19620 10686 8967 15624 11040 15113 19171 1816 10888
18407 8333 1939 11164 2694 19132 5295 8230 9158 2905 6749 19449 2362 19760 7668 2323 17984 402 9072 1496 8482 5938 2371 18501 3361 9525
12663 10869 16809 16570 13053 4895 14467 3668 11411 9990 12271 12650 18871 8511 17324 12674 11398 5469 13784 16181 1349 1869 17342 556 4403 9382
14502 10196 4326 17337 12338 3045 15074 19065 8800 17975 370 18532 3597 9332 10127 13514 4477 14720 19764 7187 11267 4504 16589 16491 7179 11677
11221 9725 4870 1992 14333 17265 9990 5885 10084 625 15435 8302 10532 11162 19374 9298 5617 1693 9157 17857 526 11943 10750 1034 1269 15376
13571 7826 6585 10234 18163 17170 19436 7061 3453 4875 19725 13876 4045 11738 15693 1088 4829 734 1946 7814 16123 4093 11810 16476 4350 5764
10432 293 14084 8610 19553 447 8176 3711 18457 1327 11830 266 6205 3714 5650 11557 11314 17350 5177 13127 6658 14003 2577 2389 7483 2594
5287 1721 11668 11259 13360 95 17303 12153 15317 13965 5942 7114 3261 16229 14738 4958 10365 2532 14014 15392 17036 17773 17362 19612 2335 6907
11942 18191 17410 8152 13371 7000 18387 11351 10053 5528 1022 11367 14919 5131 13920 15096 4779 13544 12182 16790 4675 5032 11194 16187 16665 10874
19603 1703 18233 12766 9835 6920 14043 12040 14403 9917 5890 2279 18607 18902 15721 18650 1119 18280 5008 13726 6667 14055 2900 5119 10480 15697
516 16117 1034 16928 13503 9364 16216 14747 12015 11287 1956 14779 10171 12195 8763 14101 18565 8090 13190 6639 10851 13625 19570 16765 2621 8134
9850 14554 6909 19086 7579 15384 14173 10107 3060 7977 18432 1411 12160 8491 11583 5734 15518 14879 11734 11893 11725 8494 5988 7503 7388 19102
14333 17270 3330 2606 16376 18340 6799 7295 10716 14262 10952 18566 17090 11786 19884 16715 19529 13133 8411 17403 13598 9595 15571 2987 13362 9081
10795 18544 3518 13504 10519 18944 13785 15542 15297 14572 3408 13238 11309 19745 16021 15238 18067 6169 5655 15177 7089 3686 19874 6857 2292 11149
13416 14396 6478 15395 13141 316 7501 15069 6746 2969 12476 8443 17318 5457 10254 14081 641 4649 15925 6853 18575 6968 2663 18706 11172 14220
18094 10146 6040 5788 14392 19083 19483 12572 16504 4027 1744 12495 10187 4755 13926 9841 12826 16258 19712 14346 10965 12893 9225 15531 17460 7542
10291 1644 8575 12212 4116 16877 15399 920 5576 4114 7399 15301 1674 19591 11621 7811 3742 15679 7697 1322 2266 13892 14711 5385 10574 9836
12532 13850 6718 7853 417 14625 11656 15526 8133 3097 16353 7053 1832 14120 13428 10909 14185 7967 1172 13802 10697 16581 17581 617 5692 9139
9474 13988 10310 11319 11998 7658 13745 5222 14568 15624 17066 11070 10119 15459 8555 9885 11586 17404 19383 567 10470 17395 1753 11102 3109 8261
6224 19884 8179 4365 17217 11682 1301 5765 13038 10429 10003 10918 7733 11115 5713 19834 9960 2091 6112 6935 14580 13391 1143 15566 10311 7893
8116 7127 14395 12092 19803 19411 6969 2584 15733 18137 14757 15061 16825 18843 6972 15547 7771 6200 11479 3502 13811 14695 14707 4813 3171 10263
2855 17193 11782 2255 18976 14873 7964 11048 5672 2765 5178 8998 5915 17902 3999 12145 100 1183 19165 9157 3796 2106 4315 18547 6979 3659
6059 8745 10772 2617 16256 2668 16306 3681 15921 12652 7711 5134 1901 3410 13503 14500 10148 3350 5821 8881 14226 10050 2342 13117 18119 10342
16211 8776 6814 12979 9000 13146 6814 12572 8610 19306 17006 11849 9045 5329 16683 15094 13025 16757 13607 13178 3151 19416 4365 271 3125 18476
16357 2916 15560 18414 2756 4073 2861 15934 18036 5105 3104 193 10183 8612 11164 3317 17723 14849 10430 11851 15902 10616 8508 6102 8131 7934
15499 15269 8743 17300 10861 17810 10439 6940 14982 9427 6590 4891 1701 3259 17231 2257 8893 14127 4345 4990 6716 5546 12075 10274 2613 8522
271 9067 2520 18468 498 2921 4720 18069 2491 16997 12230 19865 3877 3029 5466 12510 10993 4891 2950 5109 4073 19554 8957 10304 12804 16212
6658 9065 10326 17640 1024 3581 6768 17152 19550 928 13155 7960 13526 12730 18520 4461 3086 3263 2972 18274 544 3350 9815 17658 4139 12015
13648 13666 4197 12174 11585 14471 12886 15495 767 15095 16531 442 2309 13697 19954 1510 5508 12883 11360 22 7526 17491 13963 18412 6238 17420
2056 1127 16544 10166 13726 940 10991 12727 19309 18661 4154 7399 18125 12336 16181 4630 19821 4327 12606 16454 10238 17364 2348 11200 10573 5141
5414 12355 18091 7128 6131 16291 11721 13546 11486 6617 11044 12243 12085 9859 18903 14593 317 14816 8019 442 391 8585 4630 5855 19433 2923
15764 8035 15379 19270 7528 11817 57 1952 2561 9654 14193 7200 6069 3363 13553 2320 12848 19342 11408 3999 4437 10354 3280 10231 6927 15240
13544 6575 9433 9073 15805 2880 4369 13987 9159 8577 13216 4674 4822 703 1939 9454 8960 1164 10066 18065 3054 8431 19044 16719 10771 13961
19585 9479 6518 19789 19519 15900 4320 13458 3112 1568 17903 592 5658 12000 10799 15828 14052 12907 3216 16475 10887 16796 13265 16765 12422 10618
12610 10822 4157 16528 8395 97 5289 719 5556 10185 1496 10480 11909 16421 3138 13925 2560 635 18767 14427 12820 5284 5411 7142 17365 7793
18050 19928 483 1446 9238 1481 16881 7246 11480 8567 477 6997 18701 4057 15158 2426 13793 12988 11108 8761 17036 2051 11635 2966 7293 4473
13145 6465 9770 3788 10859 1095 10606 13766 2973 15270 12325 16441 18228 6832 1760 17467 19135 17157 6168 19510 7271 7936 15600 14731 13382 18857
12678 19491 15583 15058 724 4847 865 4396 16101 10753 2531 16660 13764 6749 13483 11463 1692 10587 4179 2507 5457 18377 10186 5712 12632 11081
15778 5480 5361 7950 5226 14669 5103 16334 8564 5959 7986 1455 10143 14769 19176 14409 4210 5910 19994 7244 5712 18773 1374 10535 2877 6889
9512 8465 618 9251 13896 4174 17173 10909 9640 1218 9342 13406 19304 7670 14107 3835 838 12100 12404 19332 15321 9555 18693 8253 8471 9359
7554 8420 8567 14185 13316 2453 2587 11433 2415 6280 3489 14441 10949 617 10299 7942 2787 8484 242 4779 12609 10248 10053 3655 211 16987
9571 13389 13536 14907 15248 11128 12182 6608 8948 7572 18357 5576 11222 3236 3287 4454 408 8504 17578 16330 5619 16635 17497 5082 9881 8256
15733 9875 18004 3368 14069 16343 5876 11919 18708 17565 15474 4872 5741 19373 8063 17558 1089 3992 15122 18950 5306 6010 17771 15721 12410 17827
2878 12563 17925 14906 5769 14658 18151 8299 16045 11328 6947 704 16145 15869 28 3590 18809 6537 1856 7980 15014 2063 13070 17812 19276 8120
888 1051 193 10673 17754 11216 3302 11805 13954 5301 16076 16492 13735 8266 14000 5410 17622 6345 5274 1056 8530 15860 16116 19544 4365 3407
5000 4478 10563 8220 3905 14197 432 15922 12998 18549 9523 13846 12433 19998 15312 11048 9622 11453 7950 3728 16812 15720 16729 552 1017 12812
6655 7879 13490 16838 4881 8499 8339 16511 13601 12249 2013 4505 16092 8281 10414 4895 4317 16089 18269 19324 598 14152 11250 12557 13606 15656
8276 8027 8095 15950 557 18909 508 15542 11273 9315 11166 8479 4107 4622 4064 2642 13832 17640 18221 5460 546 8353 1004 1740 15553 16848
14600 17802 17538 3116 18393 19656 3618 19287 13106 14646 8725 12044 19580 14932 16568 18916 11967 9136 4993 10367 18249 18308 16427 6682 18815 16593
5684 4455 16041 6800 2882 18565 17634 8534 17135 2621 6050 11276 7389 2659 13659 19849 17497 18570 19198 8005 6575 11803 13388 11038 1838 17774
12262 3980 1798 5298 8183 17362 1038 15980 8641 10850 17801 4154 11133 2359 13795 4898 6932 15101 7782 801 14710 3982 442 12859 12498 8023
2486 9719 7148 3191 9759 3470 7519 13549 7779 5428 5640 1096 18601 8677 12698 3834 13 13447 6469 571 2198 17955 8195 14532 17614 12469
15012 9768 6652 16054 3587 17793 15080 13623 15171 9559 11748 14677 6471 14775 19707 5315 16633 5603 5659 2092 17125 16773 1051 7478 12942 1190
130 2092 2626 4251 14707 15530 12474 19947 3921 12047 7173 12414 19214 12080 7316 6300 10971 9789 18603 982 7680 1592 9767 10646 14048 18038
11001 12087 3789 3593 19341 14954 7008 622 12887 16419 14787 16580 9122 6889 13532 7272 15684 3285 11471 16356 11797 5275 18045 16673 11324 10686
19515 16451 6380 2761 3125 1151 2463 3080 14065 3589 16189 19137 4305 11626 1083 17065 11285 6692 14058 14531 8946 817 12946 9512 9546 3481
6328 189 12932 5318 15715 12250 10329 11846 6714 13809 329 16371 19564 6893 6757 7386 6928 10037 5808 17149 3525 4800 9259 10869 17185 7016
12889 15683 6357 14901 17945 17826 14573 808 3109 14337 6193 14268 4747 8805 5596 15166 7220 8909 8857 4452 16977 2237 15497 14317 12526 9858
6974 17004 8836 12860 5249 10239 662 8914 12811 18478 14825 15067 14543 10766 19274 9331 6512 1755 19259 13494 9145 16924 7882 907 9542 7139
19866 1826 7565 1690 7599 10930 10138 14570 16583 6542 595 5487 4910 14072 15469 9578 10002 14720 18256 11041 13858 7792 11343 2130 8986 18700
628 2368 2269 17646 2136 2677 10924 13651 15607 15276 10627 19502 3277 5834 10714 347 19241 5599 1797 19351 8259 14229 19915 2669 13573 16622
10979 8932 15113 7181 13091 5904 12610 7923 15807 918 10332 572 7960 11914 1349 6521 8432 16124 19472 6883 18265 16426 7508 13652 15399 17695
6418 4312 6244 8177 631 8334 6404 9761 16443 12041 10649 13416 1256 17287 1230 2830 18615 18844 14991 11230 13937 638 11353 10462 11188 4309
8767 19346 14983 656 12794 10942 1269 1508 8321 14033 5523 17889 11897 693 6565 7721 370 4803 8429 1524 7251 11563 3802 10180 4897 4669
16574 17648 1304 12113 11590 19163 8242 15170 17817 11527 3775 8542 5263 17746 876 632 14233 7532 3289 3588 18580 6427 8377 2656 1747 425
5538 16635 14315 13813 12529 13465 19007 3176 99 6830 13460 1469 7852 15783 16981 1328 11428 4716 4203 15466 2884 10201 2593 13119 16112 14460
1347 8778 13565 7586 14661 15430 811 6801 15185 14690 3820 11630 2349 9085 19683 7551 15192 16342 9925 1155 14915 11416 5006 7282 787 3339
10155 13930 13221 12119 2394 3450 2216 14859 19759 16233 16012 19733 12717 1550 470 3258 12513 5285 16121 1000 1588 1911 2398 14841 19174 2050
6539 12484 614 8545 11813 8996 19234 19509 3385 11725 7358 19749 768 18756 14452 15679 4017 13482 3486 5186 15814 9987 9016 3268 2103 3967
15633 8297 1902 14322 12547 17584 8699 18631 12786 4406 4461 4355 4401 19036 17393 6398 84 3738 12278 15697 10260 9698 3800 10204 8425 13802
19085 7454 9759 10025 14527 1870 5383 15557 10046 15358 7472 10993 141 8221 2194 9143 7460 5560 19057 8835 7335 6742 10935 7149 931 5893
17541 6730 10789 8720 17819 11531 17744 7720 3866 4807 6307 6500 3613 7083 9324 3642 816 7125 19063 776 19435 11750 3178 13820 9542 80
8257 19762 6975 3490 7861 11894 4611 14106 4404 498 4344 16825 3758 14227 9373 12895 5503 6515 1268 12733 17246 17108 4082 9416 657 8638
14494 8901 12567 6360 6318 11703 7370 19441 3294 8490 15647 13302 19624 19127 16718 2368 3366 1791 8759 17641 81 490 1924 15993 14734 293
1493 1453 1579 13040 12545 2413 115 6972 18818 2059 16752 1061 10862 2032 6063 15095 18360 19474 1283 17108 4838 9246 9411 1664 5058 16036
18999 5672 2621 4434 4190 6016 11963 4351 12033 7060 2448 3414 3420 16808 2564 14083 9191 18656 5085 18625 11518 1922 1252 19559 4323 13047
18024 7228 5299 18407 8464 8740 4508 14720 11169 11223 4442 10862 1393 11451 17303 2875 8656 2355 4688 5961 16803 3190 8789 3724 19647 14340
4193 11024 15080 13772 7291 7229 5223 11659 13924 8243 3434 19620 1540 4631 2170 16077 11602 18075 19297 13750 19311 10414 6332 3951 6309 19358
6470 654 1182 786 1089 8471 14778 10093 15020 258 5238 11065 19846 1141 15311 8975 16353 18964 11593 13068 16136 10539 11554 15118 5846 15168
8174 9844 10596 5293 490 12131 17621 4888 9011 19485 7498 8398 2963 13268 6825 6670 19678 4914 8488 4730 18351 6649 16604 7410 16500 19045
13614 16735 11352 4330 19805 17601 15217 18395 11095 1377 9641 13677 14676 7011 13857 3394 12780 1588 7102 9635 16815 13938 11245 3179 15634 1346
12936 15808 1527 12578 16558 16671 10298 18037 7314 6766 17237 9297 7717 163 15225 7041 2330 4107 16369 12317 17512 9020 6586 6347 9067 13482
5690 4527 15748 510 18839 7469 16341 11136 2508 9108 16984 18904 16007 880 4281 9017 6676 14207 16013 7473 8185 19494 10126 5463 11050 11477
1887 19213 9396 4807 11761 5806 3289 12082 9668 11978 12366 14833 17782 1969 6791 8043 16620 7327 3365 15881 3853 17754 8609 79 9469 8276
3877 12092 6177 13903 14751 17907 2791 13326 13651 14413 6103 3351 5415 18952 17713 5032 9878 7357 9512 12232 8655 15704 10613 18686 7735 6742
243 5501 6633 603 11976 17336 8937 3979 13263 19393 3623 7086 19793 19392 2496 4586 6617 7203 8348 3502 4537 47 4887 6038 2784 11191
14936 4779 16575 6478 7345 2669 4929 527 6382 3760 583 17100 7341 18777 825 16685 3427 11669 19583 19029 521 19543 1182 7581 16752 5221
19952 10492 8873 4384 17066 18704 8335 5625 13974 2222 8887 15499 5632 11204 18059 13093 19045 14793 2884 14588 18901 2438 3341 1235 12891 19688
2285 13854 16410 9970 2362 11994 3374 11479 9344 3594 3783 14667 11956 17904 2723 12902 6939 7132 18089 11282 14802 14774 16322 13100 4236 18371
19683 6521 7446 10993 7923 9077 10216 4062 10791 2402 3392 9269 18847 4393 6164 18336 9845 5870 14835 12452 11416 4298 8057 6010 3759 227
3694 10992 10507 13663 11064 8482 14235 2535 10872 15128 5852 15959 13561 687 8023 14635 1312 5900 9972 10487 7037 8152 466 4618 17690 19387
3755 17576 15163 2486 17358 15487 18409 13778 7621 15805 18208 1693 9459 4930 13134 9688 10557 725 9288 13070 15058 10394 17211 12764 7381 5851
7943 9337 18172 11760 423 7285 13429 7956 14853 2628 19691 6853 298 8437 1957 12403 18641 14750 3505 18590 1046 16301 17605 17626 11687 15168
3323 2892 6553 16178 2224 17373 19527 4765 8573 1036 18505 9772 6263 16247 5180 15657 8901 14343 365 3233 289 12915 11164 18879 4716 854
7240 10702 3637 2723 5880 12260 18973 15023 17170 10565 13852 11943 18340 15705 14065 7197 17628 4213 544 42 781 18316 8076 3190 19423 16788
1921 7995 6752 18714 2822 7014 9826 8742 17050 10268 713 18579 17661 18899 10390 1902 16698 3703 10607 17311 19954 18720 1041 9468 9018 9329
9904 1580 3524 7694 4163 4361 3319 7838 8376 3931 15680 7664 8717 13415 4453 4855 19051 3849 10062 5942 8656 12233 10789 6735 4821 19901
10343 5493 17225 6585 15991 19846 6672 12958 5951 15551 9745 5596 9260 18677 14591 13959 10473 14712 6642 15690 18817 3263 8178 925 3594 6787
10713 10513 6056 5739 15056 2538 1093 12420 3374 11791 19384 2791 6306 14767 1233 10573 19951 8825 2363 2621 13997 1199 4335 15782 11630 9507
15969 17501 10952 18920 16613 16872 17461 13238 10259 5477 10318 18890 11283 13434 19602 2366 14140 18119 12224 19455 3032 16008 12350 918 9776 12127
16110 15829 3248 5743 7459 11730 8270 12011 11090 16239 11746 17157 3983 17421 17039 3331 2867 6461 18389 2445 11927 17499 16907 18275 7660 13733
10737 7812 4096 18523 17747 13243 14771 7912 7723 14519 5930 12340 4368 14962 4011 2923 9264 16524 1793 1473 12552 12244 3244 16452 7157 7793
11669 13944 9617 415 17695 17221 13028 7276 15189 17797 6339 8193 5633 13136 15491 8147 10474 10537 5821 14262 8392 16166 12737 9338 17767 16449
1013 1484 15501 9150 6887 15120 11751 10465 15650 17363 19418 3761 6416 13454 16652 17952 5300 4576 14391 3327 6298 3726 3891 16667 10008 3918
16771 12741 3184 16724 12022 1590 8373 3751 15210 9795 3542 7476 5366 19922 17668 2211 9048 6167 1434 1644 3311 13625 10470 12365 4805 9395
878 7669 3981 17595 8441 7148 7512 839 16475 14117 606 17138 7046 2661 6820 13469 18164 8731 19440 1317 5672 8446 5519 12975 11933 14998
15201 18746 19669 295 9780 9883 15097 15895 8440 942 15796 6253 13938 17021 13318 1674 19512 11561 12460 911 3710 11374 14022 5421 11225 13658
17625 10436 14098 1679 11200 16047 18034 8508 17368 5722 14678 299 12920 3665 4519 9034 6826 11507 19884 10770 16963 19497 12823 5993 16711 2030
18647 12752 8558 4388 467 7621 15590 17477 10273 13378 11700 8463 15472 6791 13882 3209 8507 17262 17760 14992 9756 7441 1791 4942 19654 8854
12830 13425 10118 17156 15047 803 17779 17937 5923 1083 18614 12688 9090 11855 3034 1661 9009 18874 3977 6338 5683 15876 8282 8513 12330 13191
352 19394 5592 10543 4554 9404 10537 6179 19087 19414 6857 13335 15924 16578 17922 506 9186 13840 5980 19497 1929 6361 7313 19760 511 15514
2926 5753 3121 15188 5200 12140 3171 15628 19033 1602 4965 17455 4889 11347 3794 19140 18868 9777 18050 6792 2508 7062 18439 13129 1101 10659
7080 16027 17023 15335 9001 18331 8311 9388 1183 15584 18655 17137 5735 14912 6944 6219 9670 2680 19843 16817 6305 12953 3914 9252 3330 12212
11529 5433 16624 11048 1924 19450 12648 338 19746 15309 2389 13706 6106 16684 4725 9258 15374 9448 19415 1230 5541 5192 3974 8845 9772 2937
8750 14917 17300 14654 19446 11217 13174 2010 1589 6946 4373 3297 3154 14879 9529 4656 3301 5455 8725 3774 16896 4450 16943 18280 1694 7883
15486 16176 5768 11035 12073 15480 7617 11219 26 13071 4979 18898 3406 3605 1592 6196 6600 13772 9874 3158 6484 8297 16143 2288 18158 6014
18470 14165 10122 7001 9042 1340 14884 3660 9225 6387 9737 14467 9599 11081 327 8696 12667 4912 9756 8716 9700 2424 14032 1512 11417 14203
15389 812 6772 1880 3048 2989 5362 13335 413 2614 10046 19197 11939 9369 14505 12571 1658 11483 12704 13068 18059 9931 10238 6654 18337 9902
4282 5106 9896 17058 17808 7416 13980 18538 15470 14152 16323 4178 17499 19635 193 10099 10931 85 9622 9438 9906 741 1378 8871 13858 13925
12212 19647 9064 6693 5258 14796 15933 12805 3622 4745 3911 13843 15382 19601 14775 5060 6618 3813 10876 17743 6064 5578 8864 6860 5405 2865
16761 14970 13493 4121 8522 714 13623 15026 220 923 14757 13112 1620 8710 9548 2718 10029 15809 18179 16066 13571 9553 6600 7827 15346 17881
17198 12491 11273 6545 10275 12081 10843 5339 11729 7948 4956 3065 6098 17826 13416 10403 13259 19446 5767 75 5125 14732 2849 3132 15368 7414
15487 8885 16853 19239 15767 1779 4264 13470 1092 11988 7156 6894 17250 8599 19601 595 3925 16624 8766 1780 9309 9775 9319 17583 12642 18853
2506 3574 16889 15224 11383 16491 9483 1494 16437 11028 15925 18019 16503 5521 313 1957 16896 9117 13192 1555 8541 10120 3710 4415 18257 14720
5237 17555 4841 19476 1852 2587 15756 15033 9525 2069 6361 7391 9849 18307 17228 5931 18589 5517 11763 18161 15359 2789 2851 8602 12638 4858
14806 10954 12232 2671 4293 18138 7303 8674 15725 16752 2306 11940 6942 7494 3305 8289 2013 18136 11186 19110 16465 13697 13861 17463 19175 19330
9276 5117 3517 7630 82 493 8739 9112 11943 10143 11969 17667 14809 2057 6915 4386 7779 14357 10717 12201 3294 4008 7926 2932 7979 19094
1231 2347 5528 10090 13434 16902 8000 11212 11553 19571 13051 14251 10384 5160 9586 14298 1208 12970 17091 16581 10219 9076 19735 18093 925 16399
16020 13741 3975 9030 9026 15691 12488 8041 12800 9087 16510 13859 8501 14312 10527 9713 4622 773 2405 12594 9725 108 5935 7579 4607 15595
14110 19460 8346 15737 1497 10701 5880 11169 6134 12499 13153 17812 11397 18137 1578 1226 1066 13419 283 11925 5566 12842 17951 17605 6576 6904
15852 14185 13052 13875 1436 19178 2383 5643 3303 17178 14687 14655 19985 8061 19732 18675 5035 7770 8057 5794 10897 19283 1138 6486 5493 19433
19961 19039 6172 9978 2474 8331 6266 7239 1250 15839 14395 4407 14352 16680 19088 3760 17900 16913 1391 4247 13189 17456 11917 6641 2658 10418
19492 13339 2488 8248 2564 295 12783 6727 4750 752 11331 15756 14241 7684 18056 13789 4828 659 16055 19765 16272 7975 19311 17382 4315 10875
580 15610 10406 19353 11394 17169 17783 19165 12782 12699 11320 5703 4924 5185 1600 1475 4780 6715 1189 6853 9786 4442 13806 6499 2495 550
15017 12138 10073 13008 19324 15814 16809 6626 6099 10728 17747 7969 12227 17983 2206 18942 8850 11034 5044 13396 9836 244 9438 18010 8981 1005
11863 2236 14390 7647 3945 11882 8456 18033 18985 6199 7976 4816 16575 6134 5537 4457 764 16585 12304 13429 3534 19206 18800 10428 12536 1744
16324 16362 17754 1201 18338 9099 9809 14499 5714 9967 170 6789 15427 16374 8371 6998 18539 2467 4822 18388 19727 18139 186 2462 7323 11132
14443 117 15415 9563 3379 6660 10024 2363 2731 10013 3364 17911 3073 3065 8332 15605 6507 18080 15504 5603 1730 7805 2802 7680 14475 12494
11224 13373 7019 15140 15675 2723 16296 6196 7452 10674 18329 5267 6724 16635 4816 13646 7865 12502 2271 6287 10950 9333 17667 19420 13400 9084
4025 5609 154 7268 3022 9860 14868 1438 14187 6802 10768 9797 3252 11313 15489 7185 10207 7053 8217 2495 14988 9709 496 18793 10077 10749
9341 15166 13683 2497 2784 5959 3631 4128 17372 1414 19679 17590 17153 1039 14645 6591 12205 1458 14906 18373 17155 15895 8185 4456 1608 10776
10559 14374 17155 17577 18979 17397 6555 16827 17719 15519 18323 15928 16599 5897 10893 9138 2704 5786 2681 10039 12471 4510 10794 8845 1180 13338
17417 3814 12474 16098 7547 13840 18656 3326 11029 2148 17676 19623 4662 11002 588 19634 13410 5193 14127 18045 9413 16496 16338 12701 241 11333
6275 6712 13833 854 5375 4640 4475 18083 1230 2958 2283 4327 15878 4987 5160 4140 1152 1487 11183 10662 5983 6791 11517 11860 7192 12198
17960 8315 1251 15638 5375 12029 3954 532 13041 7106 10368 6279 11478 11944 1335 681 19589 6775 17627 14211 14010 306 7894 13914 12512 5494
19145 10876 1548 12262 3233 12936 18692 532 9390 6856 15093 3102 17243 7644 5416 3904 17553 5796 16336 14676 18398 14529 11717 8399 14588 8002
12310 850 7974 8834 2688 457 2139 3089 5304 1646 10386 7984 19013 13533 15856 7401 8944 17743 6645 13354 17392 18949 6849 18013 3910 13626
17822 17179 6636 428 14314 12298 677 15600 10685 3433 4382 6666 3565 16472 9266 6995 13614 5134 15857 14293 16071 16113 11649 5045 209 15553
12779 10018 19179 10761 13533 10571 8451 1502 14767 6033 10270 14526 3931 14265 7292 16036 3808 16789 7363 10366 7372 7997 5047 11459 19712 8057
9094 4324 18028 17440 19063 18606 19762 6426 1973 3669 9118 6717 6113 6848 4240 4455 6045 3941 13855 15919 12390 18583 13980 330 10779 351
325 16916 12272 19586 6864 16888 19567 10930 16593 4322 13394 9147 1738 5778 18782 2464 348 1839 18166 16052 17073 13242 12998 15841 17559 4532
6124 14126 387 17616 3499 3749 7568 19900 18191 16255 8695 7593 1695 9938 1443 19607 19710 16939 15461 19896 19303 84 2914 3283 14921 13184
3697 18654 14708 9323 9301 6836 15108 16090 14428 407 18892 2979 9738 12974 14818 11915 7042 1888 11176 76 920 14826 17090 11161 8442 14427
11842 16556 240 18408 11360 16213 2511 13208 11262 11134 19667 15767 19941 12535 3015 12234 3589 19874 17177 11038 1757 9801 2254 12255 16389 14542
17352 8252 10928 13055 19247 5260 13344 13124 7127 9223 16490 17012 12215 4931 11665 11133 11264 5799 12987 14555 10586 11876 1452 8948 16267 5999
6571 10582 6314 1313 7500 13556 16627 17974 18510 3163 15440 6156 15393 19755 18877 13417 11361 12778 13007 18470 1261 657 17913 12306 12154 10810
16839 19535 12557 18460 19100 4669 9770 229 11092 8491 13226 10614 19346 15828 14041 14767 7594 14897 12446 5417 11400 1515 5885 9839 19838 11292
15761 19405 9602 5744 4971 17395 3934 7379 12100 10316 16374 17371 18717 13691 1488 16881 10513 17823 1303 19238 12787 13456 16402 13973 3015 18552
10894 6787 14835 9946 3521 8926 6468 5108 10616 13088 7459 17063 4683 18773 13740 6430 4381 7322 16692 9634 6967 1203 15909 701 4568 777
5492 8585 6821 15025 3849 5037 9111 6972 10419 8313 15398 6857 12592 13267 3568 12145 13292 17778 9373 92 16441 6300 7076 17023 7911 7523
7368 6146 9153 16676 3390 13320 12501 14127 509 16346 11735 2495 6314 14064 12368 13668 16507 9145 17818 16421 6986 12691 9584 5669 14836 14529
5339 17998 7827 18713 18073 3306 9221 17152 10311 19337 13902 19063 12011 15290 7078 16542 4052 102 9601 2308 12776 15329 4178 12328 7511 4442
4508 9000 9622 6337 9407 9091 14018 8739 9091 17834 239 15766 7462 15289 4370 357 5476 2239 17772 156 4523 9437 4771 15701 5507 41
2020 2793 2336 16866 12841 2395 15568 44 194 19850 2590 17722 9360 1115 1023 17546 5817 6481 6314 16552 18723 18812 16938 7587 19347 6519
5198 13694 11751 12149 4243 12872 8211 837 3552 10008 17053 7313 7328 12912 12733 1659 8602 12596 18935 16280 8229 11894 12982 4335 56 16302
1426 5787 10265 7894 17582 18920 5163 15245 10325 17642 13953 3449 3723 11224 16857 16260 7946 15704 11893 4635 2661 15800 12160 4339 18351 17148
16434 6976 3622 2099 19199 7109 3775 5441 2965 14066 14001 12337 7201 12163 4118 11392 909 13830 18768 10131 13966 19885 16584 2573 8346 16983
7778 10594 10105 12663 13741 18621 8392 4571 10954 5520 17661 17407 7158 15162 12777 3597 4116 3848 13746 11933 7438 12128 7565 13234 7025 3450
12352 15722 19171 6151 8595 5125 12619 11270 6519 17283 10145 13436 18903 15062 14925 1268 15619 16222 765 6550 12622 17921 14399 3606 13763 15038
14217 16980 18000 18514 17166 76 2944 3678 805 6688 10618 14714 9695 12074 2088 14733 14620 16118 7997 26 6007 2454 10019 19267 4249 19617
15453 6530 15864 16852 3873 18866 13581 10488 5154 8167 1120 4982 18381 7672 7496 13976 12928 13656 6744 12167 11387 10327 1321 5510 9801 18646
4136 10388 3167 337 800 10440 1804 4272 19049 9532 8476 18644 6632 14431 5519 1867 2258 13591 10173 12551 8357 6059 16953 17846 12616 17927
10708 13545 1056 5072 7147 15358 4691 2917 11123 2472 11999 10033 19621 13108 13241 3391 2498 10986 10528 7333 14193 18532 5629 14461 13056 16212
637 411 13999 11795 15291 16546 9055 7354 1474 18860 7936 19438 11178 16726 15369 7465 15368 13978 7378 18748 11331 8169 15521 13123 885 6021
3235 4843 3480 17011 14693 12499 5816 17615 341 13434 3707 2575 18259 13780 5574 735 16571 12490 9761 1224 18507 10024 15950 2862 5275 5017
12684 4372 10034 12106 6662 11058 3529 10225 7808 8128 7484 6107 7327 18960 632 5667 2884 5814 6569 15051 18272 470 77 18200 1465 14265
6976 14580 1491 7613 5171 15812 1538 11968 17235 17174 16273 2972 13408 19055 13954 1138 11992 14423 18230 6736 15410 11807 9837 16114 723 10572
3275 7434 219 17061 2846 522 11529 16586 7957 12140 2066 5946 2326 15051 8767 18384 4313 7780 17309 15001 9979 11377 13438 11584 18458 4767
18507 7194 8696 10967 17953 14715 13421 5353 9721 10404 13593 8986 5499 8430 8014 16768 3637 13582 13772 14817 8658 2915 18357 7315 17700 8784
13554 13036 3251 771 8353 10653 4039 14317 14123 13472 18465 5200 13874 14999 13194 18160 5275 11810 10917 17899 6002 8319 8096 2317 16501 5357
423 12395 979 16464 14727 15202 16184 14305 7443 12469 2299 7024 11003 9432 410 7800 10071 1822 1697 7836 8366 6979 11675 17168 7882 18007
12537 2029 18665 6251 6731 4839 10286 2978 3059 10000 10025 1322 6555 14148 13156 6720 4568 2254 7767 17452 17884 9974 6074 15474 1362 14792
5728 18557 498 9243 12903 10477 4467 11135 17202 12948 12532 7929 1138 13436 17545 14384 8195 679 19533 17881 10701 10878 18191 2518 16909 2347
17421 17549 3298 4292 7024 13742 18885 14517 16338 7194 6999 6543 325 7190 3389 9656 17460 9808 15764 12512 2053 14754 1476 19691 850 2610
3266 18753 14645 7377 16612 9696 15385 5033 17794 15791 13013 12060 19990 7456 581 4192 1747 204 16389 14426 4636 3074 9692 15526 3648 7192
15400 15037 18654 15622 12639 2116 1015 19616 12567 16441 9971 15791 7848 6672 4314 10168 18341 9638 16493 7225 7786 906 13251 12352 7398 9486
7963 15567 16028 8072 9199 19407 16085 11131 16044 8235 11119 651 10771 13105 504 2959 4813 19180 3336 11515 11315 15950 1416 15918 12260 18419
13041 8241 17158 15834 19480 14350 12029 13513 19478 7177 11982 449 6903 13332 5366 1693 1062 3065 10476 14962 9321 19892 8001 7585 17096 11161
15428 10314 10822 12947 4884 9451 121 7234 15098 11131 10781 2288 18491 14169 12582 16843 11643 9798 801 8878 5650 11357 13935 4319 5681 17683
11503 19365 8922 17417 567 10214 7861 14283 3777 1781 9812 10035 19996 3037 17956 88 16869 19869 14141 5657 10811 18132 8165 5710 13054 13758
1773 13654 15468 11062 15497 16480 10562 14258 17879 10934 7772 13209 12614 1703 16046 2898 13940 6233 14298 12397 5906 15374 16454 16987 4269 11713
19900 16886 14959 13164 16510 11468 2690 4501 14963 15478 8260 19958 2678 11338 4870 11855 989 485 16030 12166 1810 11905 3590 13411 5931 5101
12879 18079 11821 17624 941 1420 8573 5155 1824 1267 5916 10508 19659 3645 17700 12727 1930 8276 6708 9307 5339 8637 17806 16522 8022 7929
15675 5308 2867 3812 4115 2367 5917 9706 10794 18160 7344 7351 13762 6833 5067 4691 16542 15769 8694 8995 2390 12491 6575 17690 4500 19880
13766 13806 18559 10096 12511 7940 17365 58 7404 8328 17625 17308 672 11294 17380 5983 10904 7525 856 4440 14752 16869 14325 1128 1834 10131
13769 5648 19697 18356 5894 4751 18154 2024 14135 7597 18222 15676 10752 8549 15806 3013 7626 14836 14583 18887 534 13859 11052 3815 4617 13903
5464 5931 14954 15927 3378 7707 6671 5666 1970 19453 14075 9387 2580 13434 10074 899 18035 5226 18729 4894 5370 1978 2362 7845 13658 15502
612 952 398 7408 6755 3517 4768 15292 16662 5896 236 6409 14782 3099 2597 8586 19555 4481 17101 19760 15582 16805 16868 15900 10902 10645
13580 6930 13526 8470 462 11910 19146 1729 2019 19182 18484 9521 14533 15341 19458 5363 15157 11754 14808 17184 9917 13050 7825 8157 2763 431
12285 12736 18221 9625 18604 3530 17520 1138 17959 4499 3977 8523 8758 6545 12456 3309 19898 3074 16721 8419 11351 5853 10013 9675 16175 6589
19957 10189 8418 12597 10762 8240 19506 2569 15870 17690 1791 3196 2127 3671 12638 5745 14218 7087 6627 8428 10587 5557 4263 14934 6955 7268
13002 15162 3080 1012 19853 10644 10596 6570 12584 16728 3583 14078 12999 1322 18892 12726 13231 8193 13549 6035 18687 16099 7770 16614 3308 2711
17092 17695 15729 9729 2591 12762 17383 7727 4599 11517 18759 14477 2138 9793 19602 16312 3093 9165 17996 3895 442 5621 1289 3838 15441 17524
13020 1644 1770 12451 15926 990 11088 18648 6976 12687 4723 12415 16859 19628 7143 4065 18913 14296 7846 12770 3195 13953 18090 7961 2893 17897
17442 7282 52 14181 15137 5062 4962 3857 5261 8781 7559 6385 19169 15203 10111 17889 13633 18478 6268 17812 852 13674 12038 14770 4536 16394
18690 14880 18311 1288 7460 3388 1363 10246 8458 17241 10380 12809 38 10133 12400 8051 16678 14208 8200 13498 8353 19841 11682 1645 2429 686
7210 3801 18634 8979 3545 15353 17998 17949 3249 7219 9592 2422 4926 2146 18673 16454 9086 2269 7901 4124 6313 17002 3997 17742 2580 13158
10189 16291 10653 3222 1041 11408 12016 18265 16960 488 11784 5290 4371 19257 5195 1904 13058 4304 15996 15818 9692 1495 13385 953 11919 7363
19188 19640 18555 15454 4872 5080 19303 13384 1696 15767 19184 2339 3636 10629 4970 12765 10699 6935 17135 1908 3210 15840 8617 605 15095 16635
2424 19141 16284 16567 1661 6665 12849 16840 7198 921 8321 2148 3428 6964 14834 17623 10430 12737 13506 8550 10759 1 5467 14874 2405 18187
2786 8754 9464 6225 18201 9704 6287 17045 8377 9704 8414 19274 13413 3637 13042 1409 16088 2243 1111 3223 16051 10747 15857 15798 247 2018
6890 16298 13408 7995 5958 11311 8181 2577 11304 4868 9108 18975 15760 10863 1209 4460 18853 8665 14359 7402 5877 6505 14197 6597 10344 18959
13020 9170 9366 8996 5977 12149 13174 4855 17003 3472 718 12742 18898 18020 8051 2331 4738 18428 14461 11531 19045 6264 7829 1401 4183 19319
15764 12015 5763 3909 17286 15163 7012 14909 7777 14074 9543 1953 13683 15453 14982 14258 13478 9096 629 4485 105 17461 5454 18628 5472 5109
16272 11197 7688 12896 6723 13930 8027 14003 11738 5149 3299 11551 1131 12121 6356 8052 7922 6032 16251 12509 10045 12282 10291 9274 467 9453
3931 14827 4327 17317 7481 16585 6901 8769 9951 12222 1901 5206 3971 550 2057 16377 3262 18622 3297 8774 11735 17318 3973 12870 11883 5996
8903 3908 8759 10666 19912 1559 9665 15999 12288 10214 6044 12722 1383 17801 2059 15673 14301 7265 9864 17419 5355 13399 6782 4126 2534 10826
14665 4919 6467 17145 3822 13905 18080 10802 370 9084 8118 19806 11292 12600 15243 23 12264 10233 232 12587 6129 4107 10370 16564 416 8421
513 16474 8793 671 3826 324 1824 18723 15032 2420 17019 12671 11434 3557 12227 3020 17154 4503 3761 1844 6415 18483 8974 16744 8830 11410
2854 19240 13353 6501 14572 9850 16093 7191 3329 5388 15912 17705 15742 194 19110 18616 1324 9964 10853 7423 16246 3399 8243 12983 12959 14610
5880 4399 6130 14144 13473 16779 4528 1988 12777 10417 1940 12123 2144 8412 2203 2661 618 12370 330 2477 13256 2008 11086 6248 9694 8430
13662 19843 3569 7107 4487 4452 1211 8332 5731 8419 15816 18122 14440 1967 3956 12803 19115 16396 11686 17775 8542 10704 12771 13430 6458 10986
15229 360 18155 4817 1743 17251 4659 10652 14849 15388 11588 18449 11802 18568 19584 13057 16321 19632 16044 17843 5371 2541 13766 16170 2845 3640
10312 1069 13722 6865 5306 19999 9925 2706 14036 8026 17729 14981 3065 19961 7181 10015 8058 9235 8520 4659 11851 1971 6354 5004 325 10047
17737 11492 8834 10874 6822 2889 1784 10081 3619 18762 6280 1202 9047 3909 16496 16189 14860 6208 18961 10140 19869 17764 16287 7054 6627 9944
4240 13386 3689 13666 13649 6239 18771 8969 15533 5378 6471 16440 4058 8456 967 6009 17474 4978 9981 8428 16135 16613 15909 5814 5530 3354
1404 6416 13766 1928 19964 255 8716 11056 3426 12339 7401 9709 11110 8152 14123 11501 7768 2449 1920 8056 15941 3825 15875 17650 2048 2697
1927 10901 339 2471 11045 17658 10945 9947 18304 1993 10103 9965 14419 12382 10652 3418 2063 17102 4211 13838 15971 2261 8547 3606 5742 9125
18251 2600 12644 10305 3778 6765 12304 11846 18067 1815 8655 10462 18484 10015 19249 6986 9276 6169 11208 19758 16464 11003 15731 6955 11302 9826
19299 8170 3315 7926 15920 16290 3199 13336 15779 17162 2007 10025 2939 11124 3375 17297 7990 11471 7692 19074 10302 19064 8564 82 19562 14846
19573 4402 12034 9925 1521 18537 9144 6090 10183 10204 2139 706 1141 9458 1383 6910 4041 732 9535 9300 8386 7337 6028 11200 7417 9826
2036 13663 5796 14175 4226 10075 13869 13656 11698 17331 17398 4384 123 19465 3615 1269 3003 1916 4631 5797 7357 13027 4374 3065 19775 7285
10054 12417 2063 261 1659 10981 14283 16749 10940 6564 15165 12197 7237 19051 18607 13001 8559 4178 18595 19964 11525 15792 13414 6829 17460 4726
9979 11269 18269 4686 18590 18028 4747 19071 14750 13467 13991 2337 7859 1782 11701 19995 2897 11024 6459 7554 18674 18957 5932 7296 1116 12217
5952 3165 10755 2073 5907 10608 3754 1356 9943 13378 5987 8441 17480 10954 15132 8132 17899 14835 17943 2491 15823 3642 6407 17621 10423 13261
18048 13612 5088 19383 3140 9030 15071 6315 12681 14958 1276 7209 12992 2547 5760 7856 4049 12309 50 3983 13790 6826 17456 19005 10053 1496
15409 16770 6415 9420 11512 3335 19155 7050 4213 14067 11876 531 19630 14150 19396 4617 14043 13234 10755 7081 13771 18728 8835 3886 14810 3174
563 16283 14465 14936 9251 18949 13142 13518 6492 19200 5724 9126 2077 9437 10077 819 1556 16173 10846 4237 15135 2803 16065 15812 9789 3040
14576 3520 16580 18633 4401 17847 7969 13424 18359 9990 1946 14990 19489 18917 6965 10952 4244 3064 15851 1384 8981 12381 7768 8537 16496 2952
2021 3470 7280 7246 6830 5997 17030 9303 13223 5803 8788 3716 11843 3610 14500 18598 6258 12244 15615 10642 11763 15239 5903 11574 15314 16929
17367 18111 16884 8747 13825 18251 1697 18690 7953 19177 8760 15275 19791 12324 4767 12786 9280 11979 9939 1940 449 15034 13841 5599 1678 8325
7207 3988 15922 2896 11788 14665 2654 2254 5199 1241 10171 8688 11249 16048 10511 15953 18768 19283 14091 857 16903 11440 7104 16256 11042 17893
5144 16413 14101 2473 13945 11574 2739 5180 1880 4870 3693 10121 18825 2816 19056 8552 5324 3753 15650 17039 552 7976 16679 13405 16020 18635
7787 9594 13450 18920 9332 16297 18917 7906 12766 737 8705 8967 3019 8146 16591 3682 12184 11488 3944 7449 7228 15747 18220 4861 19100 7280
10334 4218 2091 19773 7746 7639 11805 13696 14183 172 4131 3654 2865 5588 6300 11420 1450 324 17416 11248 3435 6973 19486 17510 8191 8015
9677 5786 18393 18723 16975 1889 8478 7127 8721 13843 7989 16067 11344 11770 17269 2581 1516 11567 3861 7801 18752 640 14080 6257 18788 2738
19163 16443 15517 12879 14723 18850 14917 2221 19529 3391 9251 19330 4785 535 10223 5745 5534 7050 10472 12475 14371 7994 17214 16031 13633 8707
11970 7991 12443 18035 429 5262 12713 17699 7929 5276 2514 9462 19313 15085 6512 16417 3101 11639 6121 11061 16539 6771 14963 3472 8860 11024
166 9393 19451 14577 17877 18229 2887 11870 18041 4747 4608 12875 1442 11290 9438 2062 12958 19616 16652 5810 19545 9082 14436 15668 9880 16398
14420 5858 4634 15715 11149 10408 8373 82 4448 6068 1192 13552 9631 1508 17220 4941 978 14413 17912 14988 6165 13865 14222 17183 19549 17150
2204 12128 19578 7329 6207 7426 15739 8361 16561 1054 16385 150 13334 4369 18550 11321 4103 19708 1618 5541 1998 1259 14112 15163 4194 3570
3682 9227 17849 3757 12086 11484 2163 12733 18555 7878 8197 1076 7837 16840 15148 19693 10709 17170 4416 19353 15740 310 19505 12740 9084 1313
11311 12558 10943 18887 11035 4272 5994 16843 10036 2206 7106 5639 16888 16462 266 14877 12170 3054 1812 15969 7107 4303 18851 18958 2388 10495
10066 9242 3295 6031 18559 1799 3489 11122 4226 146 1583 19229 8654 13415 7864 2625 10308 13678 17800 3944 15160 5585 7230 7413 12157 5869
17788 5606 11864 7110 2355 6934 2925 3622 3808 11096 15147 2757 12398 10601 8604 830 5502 16319 6365 19812 7867 2248 12072 18867 6076 10604
16225 1259 19682 14847 17332 9543 17586 4889 13690 9778 1640 10702 11359 17574 9191 2122 11538 18191 8078 3627 19059 417 500 2157 5126 3631
4651 4730 17218 2760 1695 12690 13634 156 11639 8759 14853 13676 10307 12 17790 3293 4470 5916 9478 17474 8014 959 714 14064 8579 6766
11290 1697 5071 7246 17751 19552 10601 6902 11503 7442 13803 6385 11670 18053 12961 8942 14141 10605 7859 2941 18860 200 3419 13735 10586 1136
13957 5512 3487 4377 8813 11207 9539 4602 19552 18045 19899 18079 15348 9133 7691 3461 378 19812 13041 7892 12609 9745 14070 2785 10935 17298
830 1319 13813 11542 1550 14015 342 13226 17459 6940 18164 8074 14226 10699 14575 2751 11698 6726 15248 16415 4420 8007 10713 5321 9840 2784
9491 14299 19166 3678 5415 9900 10962 17430 8091 4307 12890 15674 2851 17966 8785 1025 19952 17809 91 1326 480 18977 9568 1833 6690 13281
13194 14569 7247 5256 3371 19401 10760 19048 4753 11533 13228 11150 14667 14753 11058 18492 5797 19041 1341 18189 19229 2173 9495 4715 13527 12181
13384 11448 10692 2168 4021 19892 11045 18627 9330 6681 8826 13309 14186 18932 14411 2011 18987 15482 8749 16044 3008 13537 16752 19067 14801 4989
18974 16889 10497 13681 732 12539 6607 13573 349 7707 11021 2170 13668 7455 3920 19717 739 8766 5692 10516 8289 3731 11378 14685 9077 14971
58 10027 9170 214 4954 8512 4018 13034 19947 16272 12780 6466 12258 8798 2574 19101 16880 1719 4300 11256 19261 18953 15523 17483 697 6332
5483 11982 2481 10758 10367 17976 11201 15280 18404 9002 13044 4979 19211 12018 7851 1485 4201 14463 10535 9352 2817 19756 16995 5154 3028 9418
9854 12747 12372 18196 18495 9536 7413 5732 10852 842 9177 8879 4276 13600 891 1920 15968 16072 13274 19954 10564 2161 14124 3187 7955 282
9371 858 13542 19645 15283 17764 6637 15700 7927 11568 11508 14529 3723 15798 2219 5068 15432 19533 11020 15218 15138 1931 4316 10504 8073 9023
2595 1998 9268 18904 13842 12182 1210 1603 15025 4476 9655 5650 9255 7797 5651 14515 18800 12533 5046 19596 5444 4995 11252 6273 1626 17656
15429 2998 9793 7397 4543 19111 791 14868 9189 1821 12724 5215 6802 14223 14268 17019 11265 18677 524 3828 9502 13892 212 6305 11187 11837
3841 16430 16035 3150 18300 8738 12940 18401 15576 18412 16962 12382 3284 18700 19119 14830 17022 847 12378 12154 17465 3353 1893 6478 13203 3310
17846 11011 1303 13877 19555 8946 17089 10235 16967 3734 682 6989 15337 17465 2261 4272 1489 12252 5356 16611 3741 12423 19479 3647 3010 10987
2910 2128 1929 19142 14973 18657 19719 3307 8857 17573 16599 2744 3473 5162 8380 16674 2747 3506 14711 17626 6781 11465 6415 16098 235 13507
18898 81 8331 8184 4287 8848 211 15230 13146 11988 10091 257 5017 7562 3848 13767 6062 3809 4798 17346 13400 45 17831 18358 12551 11022
9665 15929 10708 17141 11133 8973 12747 5581 15894 14869 19235 16882 10998 12740 14016 17536 987 14934 9928 16581 3695 18368 3462 14041 6654 18450
13348 3804 19407 15151 570 17299 13558 13129 3114 8411 1348 2190 9567 16476 10764 161 2403 2623 8068 1626 3177 12205 525 14413 14011 18767
9129 455 1299 7330 18610 11544 19017 6805 3137 524 1276 18752 6087 1794 5417 13802 16080 11891 18790 11754 12226 1363 7717 5182 11096 11813
16567 16546 18572 16197 12093 9947 11317 13990 2616 12881 16049 1753 19926 16639 4606 11240 15085 7808 19729 8107 16696 2132 14121 3993 10892 15719
8009 3482 9849 5309 18766 10938 3570 4370 9706 8213 2718 5815 1127 6355 1077 17098 11923 15350 9012 16008 14043 16138 16873 10006 6691 18175
2107 2528 18822 13720 15881 10052 12984 19598 1086 10472 11300 6137 3822 8571 7145 4364 1700 11864 10863 5723 1197 6360 14753 9993 11621 17911
2812 12672 16359 3739 10768 2089 11657 6047 9357 15844 953 17171 13156 15605 10269 6142 9469 17187 16817 1972 19829 99 11054 17759 1360 7440
8904 19365 16964 17023 7686 18651 7171 6420 17750 19042 368 2143 5962 9083 18701 14602 12204 7463 2579 8066 3445 14737 4717 5856 2645 116
8076 492 19509 6614 18203 696 8556 14898 17850 9881 5259 4098 5810 14045 4622 12450 16095 19088 15097 6835 4091 9440 4235 2817 870 11973
18071 893 19089 15075 18612 11507 746 6731 11791 19954 5115 16971 6462 11468 177 5872 9749 11797 10850 19542 7674 14368 229 2273 19955 5783
12958 15213 8332 3766 8372 10058 14278 12493 17604 978 17923 17037 974 375 5354 11293 7386 8446 4075 1231 17302 4910 14340 16681 12857 19479
8874 2880 16775 11630 10099 4431 13183 18995 15969 6215 11236 12642 18564 9924 7180 18117 17549 5628 8063 10255 10259 10428 19042 2147 19752 2813
6187 2346 11757 18783 5662 18591 3614 15804 19647 6852 2729 9765 9245 17001 19541 17695 13522 1762 7024 8782 9364 7918 9317 5043 14597 14945
10647 3342 4716 11582 2237 15465 13003 8753 13420 1087 9564 18226 6536 928 17617 6714 8787 7953 8964 11497 10091 14754 17129 6448 19050 596
19281 3539 13220 4807 17553 221 8131 10091 15674 130 6359 10075 61 6700 8439 3964 5074 8416 554 1289 3680 8503 1215 17468 8818 11535
14474 8169 14638 18246 12075 12095 13820 5428 16319 15428 3328 9027 14972 9602 7503 6067 1244 17297 10617 17088 11169 6970 18267 4939 4346 18285
11772 1270 6799 7019 16161 11592 7507 12726 16447 19065 10635 808 18529 5936 1306 10875 1926 8331 3437 6754 9425 3232 14470 2235 12313 17579
926 16376 10440 18790 13735 14396 8031 7749 13967 19242 15492 11584 3403 5477 15303 17888 16524 15255 19560 13293 8460 4957 3893 3521 4270 18446
16323 16945 17077 6586 5890 16897 16903 19039 11839 2646 14525 11080 3160 11994 6054 4195 17093 12127 1065 3434 17040 1792 8992 5385 14879 14801
1546 7154 9105 5892 13856 13634 3561 14562 2286 15877 4646 11051 12713 19129 15879 11524 14514 11319 2912 10394 18161 13866 14250 5787 16966 4546
16301 13619 13038 12692 15666 16221 12245 1779 4294 18415 7135 13596 15980 14638 9980 8541 1874 4236 10440 812 5681 13741 15944 5257 3807 6276
10300 1971 2595 15717 10016 7629 10742 9578 13730 3899 6036 2071 8853 15271 3074 6600 3682 7747 8149 3834 7998 12201 6145 16955 3686 2035
3411 12492 11558 11030 9753 11523 11651 9450 15710 17509 16492 11053 5679 323 13198 1789 4881 593 15779 12291 15889 4011 7429 405 14470 5582
16646 11969 15051 17959 9777 18058 8206 984 11992 3071 2645 1322 8877 11780 18742 18532 2742 17371 1636 17478 13516 18788 5072 3922 3172 19261
12653 9926 13032 974 14603 5223 7757 18788 10483 19279 8994 3117 10362 12806 19863 4276 12738 375 9037 7317 7947 8889 1514 19106 593 5025
14793 4416 4524 15538 15527 4486 11368 4647 13673 8810 6835 9146 17037 2198 12248 16880 14104 18943 14949 17984 6250 4237 9268 12585 2014 373
4294 17583 4172 16078 12997 7949 2094 14581 7579 2552 8680 10063 5379 19274 15395 9967 1315 19111 16339 48 18099 8938 17977 19292 19016 11817
7914 617 8349 19956 9323 5792 11821 18387 4748 1517 8390 10546 233 3739 15170 1321 377 15440 12504 10448 16737 5376 18722 6841 215 18594
19323 15196 18488 8650 12157 6538 16386 10101 6573 19474 19953 10738 17274 604 6995 4123 4848 18204 14242 13584 11246 10504 5133 1019 4006 17309
5001 18380 2021 17137 4075 18115 10439 5038 11808 2597 15002 13061 8504 11515 1444 2737 17048 13036 15940 15422 2446 11751 15368 19258 11927 13693
10380 4919 16700 18677 16824 848 14158 10031 7606 1055 15842 19729 18240 7393 17243 12849 7978 14786 17062 255 7250 5692 15155 9007 10689 5619
