365
81 65 38 97 88 37 66 61 54 35 2 87 49 80 26 74 44 12 26 86 96 56 95 38 48 90
1448 4142 11024 8169 18236 8123 5916 12978 5408 16686 2049 5194 10364 14597 11590 3401 1377 512 8272 946 15442 8277 4661 19573 14414 7033
336 4639 4156 3543 4944 16040 9520 9458 19615 6546 13574 3753 9426 10449 2433 2440 8344 2423 19217 18003 6567 18157 3773 19642 1754 11078
5437 7907 19958 10090 250 7544 10294 3272 4538 8656 5327 11489 3043 2327 13573 12591 9188 1933 3297 17301 19974 5285 10004 9804 19354 11670
15263 6343 4975 13110 1898 7653 7267 6825 12990 9273 9660 5011 4602 11665 13437 18891 12548 7953 16606 12914 3001 7195 4797 4856 12560 10883
10014 14580 19122 11432 7634 16186 10142 19490 17278 2345 10507 6159 19012 9225 8934 15238 17724 11249 10307 19017 5340 18529 2535 11961 16128 8902
18782 7173 9127 9392 291 6261 2351 17380 15369 6932 15713 9583 11231 8014 7248 37 5908 6895 3319 18730 11759 1605 6957 19194 8882 1797
17655 17200 16447 16823 13607 11279 15424 18966 1893 16406 13728 15141 3476 16551 15918 17982 16317 17021 12850 9528 16728 7468 19770 6719 13257 14803
14553 12190 12634 9862 16800 8440 14696 7152 9540 847 18960 15167 15562 2385 18451 13455 16679 10601 9704 11316 17673 18394 7049 206 15115 19764
15095 9385 5812 19048 15196 18487 2985 17851 17898 9181 16896 6773 15325 16235 3725 3301 11051 992 468 1239 16402 4318 7854 18260 7345 17430
4838 17263 3819 6274 11698 18836 18091 8597 5042 16461 2663 13805 5535 2806 7902 7120 10925 17892 14757 3149 2876 13795 12589 1635 8264 18993
11375 10578 13537 4853 2017 4530 5214 12701 7367 13450 8594 4301 7231 19196 8894 9810 13920 11759 7853 6433 1173 15690 356 8433 9912 7877
19599 3999 13828 796 8467 13904 17308 13138 17910 14793 3207 16271 1596 11322 3815 16476 793 6303 7107 15875 19733 1149 6534 18769 9050 11139
1076 7502 19107 4897 10072 15093 5813 12353 8780 8797 9464 1119 12505 8219 17356 5375 882 7600 11659 598 11535 5150 14170 11975 13648 13071
1151 4246 17175 10145 9526 13081 6326 9614 7393 18370 3780 5485 8938 11585 9014 2573 12395 13128 14539 7803 7533 15615 4661 19256 18368 3473
10608 11305 9888 19370 6135 12698 734 6402 15698 12817 3757 18321 2032 11053 11782 6217 10058 1730 576 6908 11513 19826 11251 12077 8622 17656
1585 12064 12563 14039 19258 13718 11201 6328 11206 280 5958 14788 4579 13706 18541 13771 15456 16615 5131 16361 19465 3346 16401 5579 1136 12281
16749 2458 9746 7720 2231 170 12644 10420 7606 1986 11528 4118 14455 7002 5920 14141 14502 18179 16821 10951 17071 5343 7158 5430 2414 1725
16379 11535 8818 5118 18334 15526 14688 11559 7282 952 12770 14946 9738 15221 17651 11970 1696 14861 18210 12224 724 11909 6203 5870 14644 8329
17199 17294 4443 9104 13477 11194 4218 2222 3570 15196 338 15376 16171 18765 17846 14856 8607 12940 15695 13935 7699 6070 9140 13776 15197 17255
16446 13257 994 6391 16085 8142 10498 8900 7277 14357 6415 14070 9769 16600 1137 2529 11554 19463 13296 8572 9711 13003 19498 9965 9492 12489
10295 15622 12004 19574 6389 13379 15347 10667 3615 4417 17195 10291 13277 2627 11402 9978 10190 6667 12164 19140 3045 6874 18809 17816 3896 2479
13473 16892 9280 8548 3134 16292 13380 6522 17153 12066 16008 18377 6198 9644 1024 17120 7493 11851 10439 15249 14101 13372 12086 16457 6559 17305
18650 16170 9261 18242 10719 4084 1369 14772 14039 15654 6384 18058 3997 877 8843 19017 1935 1166 8438 5502 18013 17045 415 7429 17 19005
7168 7808 18368 583 13764 6989 15674 4378 1443 4251 3688 10892 6790 16911 6506 5601 19650 12889 3540 7247 16877 12628 1505 166 9088 7530
1061 4002 8751 18837 17416 1789 19242 8826 360 13405 19911 12071 5386 16823 9976 4133 16309 4934 17531 10912 17497 4336 3609 175 16810 13516
4927 13360 7747 4803 11231 6249 11306 12920 11271 7216 4969 14639 17816 2550 13067 17871 17557 13746 4517 17522 19632 9020 18873 11682 7904 7758
17706 1006 11691 16405 10927 11223 15333 1762 7549 1293 7251 6641 272 10341 18085 6783 8437 17734 5585 3109 5929 10158 16198 17795 16795 2386
7788 2055 6246 10506 2216 16269 18051 15105 17221 19512 18925 4260 18052 9973 9478 10818 2159 13453 358 12007 15942 12953 16457 13011 6678 16395
16365 15921 17857 8216 10279 17283 18904 10772 6518 11202 18018 11496 19889 12751 12611 17524 6791 8056 11797 10050 786 2223 9840 1448 11759 14034
13416 10280 1054 2091 11952 13640 379 5383 1669 14488 12984 19731 16534 14898 1788 8917 6405 15453 424 15907 2855 15005 4353 8247 16847 13234
11476 15778 18907 5178 5125 6739 18938 995 10627 10709 14569 16611 16144 16768 4112 614 17261 9265 5290 2918 18371 7726 16397 8210 431 18653
15454 8391 6068 7287 15899 18538 3114 14535 8940 11104 4007 6282 13858 9822 8102 19584 18613 17009 1898 6627 806 7501 6517 17720 18267 11527
13484 12761 8642 2550 5373 11463 18298 1244 9387 8891 18118 4124 11308 17033 8229 11299 3902 9957 5912 17344 3854 191 19838 8146 14980 15621
16928 11672 8609 17354 6165 10717 17519 17495 8307 11719 3618 18647 533 9432 4396 19726 12305 1034 7683 19490 15608 9120 9800 14900 10376 16678
19857 14841 16966 3511 16290 1155 10635 3197 12917 6273 14688 9432 11333 2254 2796 15834 18858 3249 10888 734 3690 9828 8245 1832 11435 1348
10617 12993 19633 19219 3934 2193 8841 4537 14310 7870 5807 19596 3635 17293 177 16568 12051 11701 15064 1215 7884 9210 11698 13448 12230 18037
14007 5337 14660 2652 733 15750 9235 10586 8910 16641 9428 12801 14197 15247 11765 16001 16512 3412 11834 15935 493 17060 231 3526 15896 12986
19001 17895 19041 1619 11500 9331 14773 6889 7515 2527 980 12242 7983 15251 3917 14309 5824 10631 16720 2453 8608 11635 12740 14352 17375 19734
1200 18490 1704 6318 17152 3353 9486 15023 80 10850 7162 13357 19717 14456 828 10585 1417 7558 15925 2684 10951 18155 14044 13398 6216 8916
18619 17125 5251 2976 5171 14308 14993 4022 18247 17288 4328 3202 879 9009 10916 11682 17125 13032 13013 14481 446 17278 14051 2819 18132 18871
10758 19801 6335 15257 16812 5497 11647 5373 2692 3048 18294 3603 14623 17177 19410 15341 14716 8137 18739 9189 18550 15775 9821 843 13529 5035
9484 10749 9342 14000 16294 7509 8110 29 18927 4207 3204 6672 7009 215 17168 18360 16936 2000 16400 12229 6613 6455 355 377 15517 6854
6909 11920 6606 12273 4227 2395 8439 3447 3655 13945 2374 18251 8721 3167 2794 5869 19472 5071 17600 5669 3093 15908 15702 15949 2355 15125
4792 8345 2409 4430 6753 10745 7658 6823 1251 12875 4987 15332 5001 9739 5697 7454 2748 8412 14834 10290 7057 859 10576 18227 11143 11617
19068 11845 10690 11757 2028 12053 19623 11540 12336 8850 19802 6883 12795 2338 16977 15635 10911 8383 1309 11383 17433 15797 6597 13147 5536 19937
7129 10127 7545 7082 16784 3819 15049 15226 11647 12460 10145 7156 19267 15441 8863 3971 8099 580 8541 6330 8413 14719 12807 6317 8849 15663
1193 7269 5043 14671 13925 2337 8111 18970 2315 17523 19234 276 13793 6647 9580 10398 5417 5120 2315 9824 6763 4021 3197 10326 8337 1353
5997 13241 5088 7374 14753 12711 443 16409 2572 15372 12364 2476 2690 2620 720 1903 7670 19739 10654 12138 1853 1802 19438 17686 3591 15812
13951 14943 19416 8264 8458 15232 12536 11271 743 1512 17222 17079 14725 8204 13877 10734 2779 4413 4377 6101 17706 10255 15304 6167 5053 641
9262 4977 15979 9445 14742 15047 16546 1203 19018 7862 14752 6491 785 7674 1313 17154 11434 13423 15857 1622 16329 394 14786 12784 16970 17152
2042 1285 7845 340 10764 17194 13806 7165 953 6643 6051 174 2280 13804 17740 2878 5971 12712 7977 3145 14432 2024 11888 7589 9654 5856
17786 12399 11035 1906 55 5279 18063 18584 6425 12362 3897 2545 4597 8448 8059 18050 10336 9099 8224 14426 6547 12621 8488 15901 9763 7297
16775 16382 2316 3326 3822 3541 4926 10702 18706 8098 10581 220 10456 12852 18960 12843 5694 4375 2524 4502 547 6171 3331 16505 8505 14054
14743 425 19921 15416 2788 4836 9621 514 7150 13497 15115 16918 759 228 13517 2057 17095 15456 1958 7163 2335 19072 14696 3398 4367 16910
3907 5116 17301 17720 4104 19034 9885 13234 18097 2685 14115 9411 12318 14283 19803 3488 16044 4502 16687 9100 2838 12291 577 3679 5516 9480
15011 18706 11920 13888 2497 17896 15088 711 4674 4610 7098 4129 5648 1161 1459 269 18355 3153 19993 18248 15875 6924 17325 14532 6133 4266
11222 9821 19993 7918 19732 5248 2352 14821 17253 5693 2263 19116 6190 17068 13581 10727 4106 792 19184 14447 307 3595 1125 15366 19436 15404
5609 8455 1532 19428 15350 3917 3386 2374 16051 10757 5714 3450 431 10287 10849 3925 16680 13154 8771 1964 16650 14402 19136 520 15956 10591
8912 4579 18957 18744 19825 16920 10437 4454 14083 9057 2476 7627 11424 3988 15427 19022 18322 18765 8169 13557 11244 2745 13775 19075 4008 13474
6701 5287 17040 9233 16779 8460 8409 5137 16290 9556 19794 3467 15176 3734 5170 10516 14362 19246 1903 5671 14881 1843 19445 12949 11188 17288
3872 9151 4493 8015 4704 12421 13819 6198 10468 13183 8513 1476 19140 13757 19939 14825 18345 6573 3385 18862 3776 13945 690 14186 11251 1735
13258 18763 5052 13644 1038 7268 9891 18004 18139 4829 17229 1839 2437 19111 5438 11177 4346 19312 5369 4351 1205 3670 1821 5162 11808 3072
9539 1832 10685 1868 13486 17406 10224 1174 8125 3974 6838 14254 8146 9837 3331 8800 5221 2658 19940 2426 10819 8632 8747 14596 12798 12157
18444 1243 9489 2788 6434 12681 3750 10683 10813 11588 10164 12345 10590 2196 11648 14548 16906 9715 3923 8686 2886 1169 18353 12593 1443 11516
98 8926 8346 16792 951 2500 19206 17346 5765 6193 6099 3656 18576 18339 6359 9520 12277 17108 18783 18324 7548 15100 9790 14414 5393 4060
7948 13137 11541 9923 12007 17047 15735 4470 12875 5424 13764 15279 14103 2250 16415 10724 11334 14724 2960 9941 17623 9397 12283 8083 18345 4337
12199 10908 11579 17901 1807 17640 5878 7280 15201 16498 12440 15433 10508 19420 14204 6137 14287 8349 10953 17161 11129 4511 15973 3036 13395 3946
5680 2321 10450 81 16149 17936 10461 19724 18445 16006 13578 18310 14700 7250 19807 12585 4437 4786 397 2624 6720 16391 833 6020 6661 15463
5231 14368 12346 4811 15086 16960 11294 8535 633 9072 9649 9301 4895 8868 14522 13178 13855 2701 18460 3439 13381 11926 4002 839 17800 16927
5829 945 3857 3282 17364 14713 7369 11798 17116 19140 18986 16098 12444 19208 14625 6368 5653 11832 97 2025 11233 13120 18297 12172 2566 16991
10686 7433 7981 13811 11635 13201 16671 19050 3275 19904 11991 8308 18250 16996 10381 9608 18486 6938 11249 10793 15772 11809 14083 8163 4795 6759
3595 15277 6997 5678 18076 17439 5368 13031 4473 12966 12251 16657 350 15436 16122 15586 9765 8981 13613 10150 1787 8572 12585 7277 4537 3393
1484 17878 12246 13315 1838 19765 9671 4228 1371 808 8752 19784 3439 3184 1670 3176 17116 15516 19781 7038 10652 6346 17096 14154 2753 10503
1418 1081 15290 2975 15920 1735 7692 18247 14366 12598 13911 6480 113 17045 1092 8337 8563 7558 15950 13079 1257 17970 13029 133 9497 769
14333 13802 10373 19025 8092 16718 16254 4871 9247 13834 15764 14411 2844 5765 4769 6038 17986 10455 2392 16864 10826 12739 12769 18931 18699 13088
12524 19757 10602 10313 1081 10694 14425 2305 10984 12322 5905 10778 19929 745 13150 8943 1116 14584 15892 12648 15425 14232 8692 17506 1767 17145
19092 8513 4642 16148 15477 13760 17526 5576 3328 18336 565 2622 11842 13540 15395 1726 16181 14968 1833 7858 15212 1499 5190 2281 865 5912
2428 9637 6867 11722 14708 13449 14493 802 7583 6333 6462 19595 13636 2169 11228 10325 14614 780 1011 5040 4683 12040 11681 3327 13374 19298
4812 4044 19240 455 5722 9556 1757 17182 5109 18079 16535 15050 18560 2958 5386 4274 2412 1082 11555 5095 1261 4680 9943 12907 14024 8345
10987 10272 12632 6146 11414 17096 16727 253 3052 9572 4268 13306 14694 15563 10316 18777 3326 16559 19453 7521 6535 5280 5875 9342 12374 4285
775 5647 15602 15477 16234 3407 7852 4189 7962 4904 15319 5433 10111 1669 15785 1803 4126 7187 4353 4201 8903 15004 5899 18944 17619 363
9709 14700 7418 11637 1885 7432 13755 14052 7172 10239 6512 6395 8913 3847 14663 3318 6664 18293 18068 10779 2476 5691 16213 3312 8065 3945
18107 9375 10792 10893 2213 598 11618 6379 11129 6736 3667 12550 10805 18967 13435 17999 18723 16552 19825 3859 4433 6333 447 11798 19327 18834
15868 6745 14932 1414 5138 14258 10429 16805 15773 7282 7612 9588 8642 6165 2458 3503 14790 5838 12132 9545 16787 5287 17710 18288 19603 18116
9735 796 807 8720 4085 9437 5824 7601 11243 4730 18061 5262 19088 1339 19020 3548 19632 11132 13061 3881 8764 12823 1173 7626 15109 14077
6402 8346 11039 16729 617 6644 17807 10116 15365 17366 3749 8007 15181 19019 9388 11713 16767 5512 3212 19932 4096 13262 3294 6184 9904 6588
1801 318 5818 12233 16596 8126 4238 5443 2058 16278 12091 12307 19218 16495 15384 13633 8960 3340 18747 11074 10961 3972 2614 2110 2183 16500
6514 19947 6345 3553 15854 14351 12445 15759 3469 2324 14725 7387 19794 8950 13130 17604 18872 17811 8028 19675 0 7537 8608 11227 11812 3681
18027 15315 3007 2488 13637 9382 11728 7499 5729 5508 16413 19198 15073 18428 8155 19414 975 18747 12468 3459 7112 3507 2857 2259 7167 3348
18170 4358 5030 15023 15022 10706 8233 14514 14983 6100 17996 14026 3793 4868 18216 933 12203 16186 13703 594 12894 15564 5190 3760 480 15593
19110 14244 2863 16838 7827 15112 11240 10206 346 11833 16072 16124 16738 3942 17471 1679 6905 18947 5241 15142 16862 6372 11479 19144 8428 9196
705 12802 15848 17871 16574 9989 12614 7683 6756 13403 15643 15075 11141 10695 15478 14492 11312 17854 7241 9309 2399 401 18151 14976 6312 4615
2133 8908 19921 18535 4627 5414 971 7212 2307 15824 15433 6625 1789 6299 13415 1093 12891 683 9326 7601 15767 18365 9045 404 2591 13390
13090 16241 18128 10441 18293 9624 16150 8120 6514 6633 14051 11755 15395 1958 18882 4138 17247 18760 1603 16816 12167 11818 18905 555 19213 4000
6960 18021 9889 6690 14854 10505 16241 16163 17470 1431 14713 4635 14847 4643 13699 14788 12657 4703 10630 6150 9500 10100 6124 12755 4112 4777
16320 12631 10924 19581 18664 10287 3715 6970 12907 5967 19768 8261 5598 7311 1573 14891 16269 8942 1415 9940 4186 2037 13626 3697 769 8289
8051 15262 16973 9706 9867 238 11342 5117 2109 679 10759 14515 9899 13682 93 4600 11329 14787 619 12455 6469 4925 19289 3555 10473 4386
9371 13527 6318 1120 14642 18467 14051 3222 11735 9239 577 1597 1954 6633 7059 16757 19274 2971 365 14412 8148 15585 7569 15888 11668 11298
5652 16314 18279 16570 18588 18677 6778 14713 15101 14857 13610 3707 5833 19165 2945 19941 11841 3877 19030 19842 15810 13905 5330 12746 5613 7453
17660 6435 14437 17872 15679 7821 6260 12354 12803 13631 12620 15817 9438 14932 15598 6741 9277 12626 5154 7227 12140 14881 13089 8502 13771 4230
6288 6774 10389 18638 8356 12543 19248 1940 8287 11952 17495 5381 8081 11647 4971 14437 18741 8607 18412 15766 15114 17734 1645 8743 8597 1528
18583 15027 12808 7987 17043 14909 16576 19741 4358 7513 2028 10791 10200 10449 3599 17661 8783 15369 3071 18197 4368 4481 5595 1653 12224 13232
9906 3582 9164 10601 587 2746 1081 13744 5791 600 10802 10309 16349 18919 5139 1453 58 10313 16908 15426 1565 10429 18150 2969 11228 19163
15466 5855 444 10092 16419 5780 4393 11235 5618 16859 1863 5538 17022 8874 13723 13058 6941 5698 15760 1648 13380 15459 8316 10916 18668 735
6616 5846 18694 7178 6572 17551 6787 7262 2441 10427 4530 3782 13208 14114 7944 6288 2819 17702 8569 5740 1600 13828 5613 12069 3114 11857
14069 19355 11152 4542 11794 11297 3686 895 15580 16985 13936 6483 12288 14169 7886 11862 18561 12063 2042 397 6518 8905 6502 14819 2588 16305
13482 2703 1464 9809 7120 10981 9687 960 2133 19776 12309 138 7110 7094 5780 12741 16146 19604 2403 10115 14948 17008 3504 1590 9140 3391
11316 11141 1461 2031 1109 3269 8651 8708 9682 238 19083 7286 12811 368 5253 8321 1414 15421 13854 7625 19617 16646 6839 7703 19295 10143
7211 16957 16107 9938 3830 17626 3182 15258 12292 10021 11849 3422 3510 6588 19567 5920 850 2177 11151 527 6572 86 10651 1986 14436 1645
16132 331 12919 9826 7885 14812 10596 7708 5434 3303 2586 9604 14862 14254 12878 13336 8392 14422 15393 8610 14714 12814 19566 12926 3038 14700
12921 18277 13522 16260 67 17380 15299 17863 13932 8609 15562 14430 3127 11744 15497 11605 4404 8526 3478 6154 15949 17288 9026 10090 2087 17608
7281 4524 13710 5816 14239 1093 3010 4403 957 6033 16530 15128 937 10355 19946 125 5450 1168 17197 3834 12801 14164 11624 6795 4339 7293
14166 15883 4547 18021 16638 3357 13369 2532 1479 15235 14299 16585 10165 13039 4166 3722 16928 18792 11425 9714 2111 15248 7248 14102 818 19991
14774 5009 9442 6719 7930 3181 2077 15258 17735 8337 3449 2944 14319 8176 16349 13571 16088 15654 11338 3905 3024 4088 8062 7225 5163 4079
325 1989 136 1089 9766 8414 16104 10600 1444 6901 13106 2986 7012 13433 11408 10861 18536 3520 10574 10310 12516 6591 13972 14860 5556 16832
19395 9656 10542 2815 14045 11485 19514 544 10436 6374 15125 2777 13087 6033 22 5120 9264 669 8231 5421 19198 18594 8901 19905 10085 3474
10768 1139 219 1379 18692 15489 11772 9298 16359 6666 11256 15427 3858 2240 1883 5620 12404 15239 18329 11385 14714 4824 2050 2622 4541 5695
10942 2763 5609 2670 5143 15017 10749 3023 886 8233 9332 11018 731 949 19534 15175 12792 4 14532 1488 13480 3856 5282 3175 5894 8135
11077 10457 3444 14386 13328 13299 7721 9205 6130 10692 12916 17705 19685 1405 12339 11477 5475 3050 7414 5786 12228 5781 15313 8060 17039 10645
4754 924 12888 4865 16305 16713 464 15988 164 9429 3539 12069 4590 6636 12232 1019 2168 8545 14728 4219 403 17043 16029 17196 6556 16697
12751 14476 6304 8683 2402 11400 5421 19620 16025 2096 4151 12443 13544 13766 504 16665 6983 14083 5784 15344 8810 16441 12674 19303 7155 17209
10420 3841 17741 1337 8886 7066 14666 5307 2087 17717 3992 19967 6568 4281 4051 16580 1931 18910 5714 17572 9992 12160 463 3779 991 14898
6882 8725 12707 5983 95 17978 13183 19316 16321 11350 11935 7877 19626 13406 15593 2498 10933 17104 10272 17313 5293 16638 1151 2601 6531 19285
4521 7026 16913 18982 10704 14055 4223 12680 13324 12561 16003 14234 17700 18974 2060 8311 13070 12174 11245 14618 399 19987 12226 533 6935 5465
19871 5644 4609 18017 9103 19989 17818 6420 1030 3147 6616 19869 18480 7134 15649 19573 1121 17063 6556 168 9799 13721 8500 8195 7664 1445
14889 18170 4347 10644 15037 9062 10038 11310 4818 17126 19398 11264 13702 14660 16260 5465 9960 14655 12795 10752 15180 16920 6733 1197 8115 10376
3118 19916 7052 12632 13754 11525 16422 4240 1446 1576 10033 10418 6623 884 5691 13069 8428 8136 1148 4625 16466 2008 748 13035 6425 2211
1453 15503 19181 10505 14152 14662 18002 8783 1688 10497 402 2445 3708 16915 15385 5158 15565 6545 14953 18216 16635 17051 6572 17243 19599 9779
4374 8908 4971 15662 7905 8747 12346 17522 18992 13025 12243 18312 1982 12298 3289 4160 14303 1309 4513 17054 13262 15339 7267 15715 15688 16139
2737 3418 12371 10504 19748 7147 5093 9738 5757 1342 592 145 1195 4305 2290 11892 3262 3550 2278 5003 429 14800 1758 8486 11529 7746
6463 18122 15131 6863 7499 12091 10101 18871 15173 12098 19634 350 13360 326 16764 13554 19676 9069 19084 4401 9783 19123 16531 11806 5460 6328
4490 17717 6437 19187 14873 16058 10812 19928 17536 10937 18308 17184 1072 3654 4160 9824 15197 4759 8099 14056 13648 19670 5247 8254 4575 4974
10889 9723 9890 17128 5973 9292 14688 6003 17065 15966 8363 12553 2543 10895 124 19678 15416 18583 11852 18082 19417 13464 458 2693 15344 17791
19317 4897 6419 9941 13117 723 3729 15668 17255 18607 18144 4148 1023 8320 16637 11359 13583 14097 7974 5361 18391 4535 16385 8370 11704 15526
7331 18740 10840 4123 8113 17040 12485 15080 18771 4555 6038 16612 9160 16826 6520 4501 15795 10288 2570 3358 18182 18648 3271 12718 12566 10738
8022 11254 10947 11439 14101 1327 13797 2578 14332 13374 5264 10164 1316 667 15725 11680 8565 11508 2537 9152 7988 14238 13563 19619 17100 18337
6958 12206 17388 10764 10647 5976 2367 4836 61 14054 4108 11145 16423 3456 2504 12158 9081 9306 9274 17249 6276 9135 8001 791 6832 12950
9566 15173 12901 13090 17194 12087 12006 8138 6984 14466 447 7366 3887 1328 17973 12328 18839 19547 3473 14936 14011 16684 18652 7476 3693 13101
6323 9218 15208 14028 13954 1987 1422 1436 18575 4455 3323 14605 11623 4552 2959 6052 18757 10196 16720 3084 12159 8743 14715 12099 16535 8271
7496 8637 2553 5547 13020 2657 10166 9040 4135 10015 1272 1580 3706 16162 11201 19619 16940 14341 1423 8853 3856 13496 10158 14997 4933 1634
12176 3669 5408 7965 11745 8787 4722 17696 7551 10806 206 14100 12415 5527 5775 10887 12680 18257 3780 8241 3880 698 1278 7475 8996 10944
15218 10734 923 18049 16916 8950 13399 10841 4024 7009 14566 17306 7059 1979 28 13504 12617 7585 2032 11299 4295 8405 7962 5130 2452 10557
6826 8014 11223 4387 11524 3433 15875 11592 4603 18230 12611 6695 3571 18087 9588 6669 6588 16208 17349 2920 18439 11513 336 9622 6691 5981
8946 5502 11957 643 9760 14088 5530 8398 1392 16065 3255 5034 18152 2141 12143 17049 19625 16704 6323 1900 12796 12487 12019 9089 10797 6164
2947 8299 6543 10529 3786 19528 3060 155 3048 5345 10286 5002 19763 16086 13820 9299 473 4232 18089 4915 8823 5042 17357 8923 15471 8670
5718 16255 9404 3611 1943 100 14429 17299 14071 4027 3406 19596 13355 9199 10656 11809 19090 6888 4568 2749 14164 7784 10019 14576 19238 4460
3272 2514 18610 17537 10450 10868 5809 1281 527 482 14504 4465 7984 17833 8054 36 14699 2356 10837 322 1802 9469 1511 11252 18999 18467
6256 3533 4396 16456 2141 19929 13439 3374 17404 14548 6619 18306 2471 18835 8316 15012 12892 6508 10205 7284 17015 6856 16529 17452 16121 10975
18837 16737 16728 13739 4791 12121 8995 13450 3258 7247 1573 19576 12772 12308 3373 3151 7546 17118 7224 15048 15688 1481 5373 8793 216 19315
17544 11120 12424 11641 6808 17459 10225 3683 13800 17590 5540 1810 3402 8235 9453 168 7372 4373 5154 17405 5129 5360 6136 11132 13750 5838
16224 799 10238 17050 17519 6773 12968 10707 5245 5675 7149 8545 11359 9367 9822 15065 15567 10433 1111 1480 2442 1434 13605 16050 10635 3224
9310 1274 8739 3424 13412 16516 2200 9382 4019 8943 18676 13517 2878 9477 1293 8852 19944 10923 8389 17738 12148 12250 17161 2088 15373 11165
14194 10300 500 7484 15825 7948 1489 4030 2941 11550 8318 4403 3017 7078 13810 7862 2313 15297 1244 11285 236 1789 1503 8974 15106 14886
9218 17264 14817 9155 4370 11390 10239 297 4699 633 5240 8120 11608 8811 18712 15092 7784 9265 3801 4433 1510 13185 2328 14381 6947 7892
10400 2415 17046 8323 10449 5735 7334 9883 8316 15945 8377 9284 10951 16574 16035 8880 5825 10337 6232 4666 3533 9508 3511 8588 583 3259
9851 11131 17784 11130 4106 1205 2321 14711 10905 13692 12113 10218 16299 6908 6981 5615 2633 14825 19919 5061 9151 5382 4918 3525 2732 10626
2887 19896 3867 14445 6111 18070 16714 7975 11617 14890 285 442 3408 14153 1894 13067 14113 13852 3378 6503 1666 4948 9341 3522 4232 2626
345 17499 12325 15020 17322 9498 8272 5046 3940 13902 12924 721 17335 12094 5374 6244 1098 6511 18380 16362 5142 10428 7759 1148 3017 19737
16617 11492 12641 5901 11374 14752 1174 1411 14064 16130 18287 13390 1861 323 16091 15651 15449 1883 12682 18085 11421 14205 13896 2428 15769 5875
2060 17076 1701 8222 14287 2993 7168 7341 14521 10344 11672 17220 11748 7953 7942 7268 5059 2580 13557 15855 14688 13094 17409 3687 11796 14911
14339 9093 8981 18285 19538 419 4287 11457 15776 1356 17316 1067 13643 10242 8648 14222 15188 12719 10344 14875 2043 4456 1237 9980 11163 5496
18314 10446 18392 7332 17887 15996 12990 2227 14392 9794 18743 6433 4725 17101 9627 15685 5186 11260 18036 8740 2940 2318 2794 2549 8269 10519
15653 4352 17807 15245 14383 11994 17022 6054 8722 4657 3934 8106 16733 11622 10035 14179 701 12856 9746 13800 5410 19696 14415 1587 18704 16622
18834 11404 9435 2558 15865 18760 14710 5393 15803 17548 8164 8260 16472 5935 13831 1223 13809 8565 9966 1261 8215 962 1918 2898 19890 9238
13819 674 19735 16592 10636 5717 9738 5866 6831 16657 8397 9368 1145 13581 7398 13139 14672 7164 7391 19474 11168 432 3807 19864 8108 6251
648 2363 5343 12594 513 18732 15615 11167 4479 18745 13183 15268 14000 2818 14582 4758 13372 11046 3502 18115 18596 7459 15603 16968 2295 7145
7027 10106 11620 5582 14553 12062 4829 4772 18705 8808 11701 12092 11000 13011 13777 11775 14207 4472 4641 18011 3365 271 9945 17874 14553 13869
6856 3052 15729 13986 16370 11814 4373 8415 6777 16785 14027 11921 16390 6831 10086 1164 8698 7719 11609 3348 8174 14222 15186 7267 12022 19767
17603 16973 9182 16939 19784 6090 9715 11661 402 8511 1996 11438 4766 12421 2797 14194 1293 19121 12698 7553 11269 11183 15604 11996 13495 12908
3697 12392 6861 15330 9523 19161 647 1151 15633 991 19459 5535 4900 3713 3236 8709 19449 16548 8128 18949 18946 10560 18457 16758 3201 14332
4653 1997 3320 18750 10427 867 6797 3916 5494 9184 10810 13406 14341 13263 1315 14542 6096 2880 6547 14451 16683 5948 14599 12779 7266 10549
12133 17443 15963 2490 943 13439 8389 15563 9148 9087 3910 18067 4341 16691 13539 11613 15212 10991 3330 9439 6332 4693 14186 12865 4522 18961
3847 14737 5223 7221 15488 2359 17457 13881 19540 8772 3176 13398 2084 17202 10429 6740 1590 8932 5143 17496 10705 19345 16452 13594 8265 19445
13008 11057 5258 9559 17999 19959 3590 8470 13714 5116 17620 8344 13192 7021 16265 2725 19078 2490 3316 14234 7575 10071 12836 19768 14726 2403
5401 10550 19456 4430 12575 1018 3197 9486 17993 41 13255 16162 12529 6011 8401 5516 4024 11788 14018 8768 16613 2974 12837 5112 12464 144
16469 2138 12230 16013 14156 3943 466 19933 9498 17434 2141 18455 12269 16336 18020 11985 263 17938 10163 4438 8860 13929 10981 15186 12426 10209
888 19793 14797 16615 19322 12402 14816 15822 3527 9329 17512 3231 12479 1514 12039 10754 6488 5317 3765 10739 635 13867 2090 10994 1726 19618
14021 2230 13642 10407 17562 6576 5828 1928 5048 18923 7814 3099 7915 7637 2761 9962 15183 14078 16509 4474 12781 5505 6147 7638 6439 17244
7659 2707 15399 19789 4924 18265 16440 2346 14420 951 9063 6607 6632 4316 7663 1668 7202 12795 1799 16040 10985 13473 19038 9394 10941 9279
15852 3330 4408 3201 6688 7699 5029 13503 7383 4558 362 16370 16783 12545 13395 10608 1327 3572 8711 10170 6782 10679 5046 16766 11621 15249
19036 944 9592 2940 16150 880 70 14690 1056 3074 2364 14147 18779 16774 5035 15305 11807 14817 3163 15397 1414 10079 7256 532 3377 4981
3742 14895 7474 6776 3088 3383 14122 18233 10490 10238 9861 13894 9838 5844 2706 4498 8579 15356 2265 5565 2291 12819 6399 15246 13238 4198
6344 12768 3474 10627 12371 6561 17306 7439 3269 15215 2524 6505 5850 17360 3187 18873 5893 3130 16622 14524 308 18076 14629 11654 19862 18671
6951 6005 17654 4205 13932 14647 6429 8661 11998 16457 16896 15005 13787 19151 6759 2748 5225 7909 19315 2712 1896 5601 18315 9711 1086 10303
2330 1271 7667 5990 250 11805 5329 9696 6004 475 18590 14063 16165 6811 18758 11501 15819 6067 19141 13198 2911 2419 14601 12547 8135 2973
3012 10006 2833 11199 5129 18585 9922 14962 19705 16989 5916 2580 14764 12353 13053 15167 1554 3059 14874 11811 4138 9178 7322 15090 9917 10535
12668 581 8701 19489 6586 6270 7858 7614 7277 952 7399 18790 4809 4543 13097 9428 13254 11733 3834 18371 8451 3461 17825 19624 1436 6516
9748 12594 12810 17146 7678 9297 10021 6914 9981 8938 6239 15263 3862 14935 3637 6859 14874 6994 11851 6962 18660 13213 7458 13628 14229 5343
8495 10922 15830 14320 10935 13566 9522 7084 7680 7534 19860 18611 3268 2944 1109 1904 13326 15871 9083 12505 552 15369 9858 5582 14565 10293
15254 7134 17549 11442 13501 19347 16675 6680 10001 9446 15006 5056 15427 3120 9172 1525 1284 13858 4666 12909 446 5284 13112 6816 11925 15461
14764 2659 19573 1291 6637 9556 14444 14399 4172 6195 691 2590 6353 690 12463 7410 1307 14203 11886 8002 692 3336 12841 10741 19099 13320
5001 1328 2349 7555 7074 18253 12085 16058 10702 13977 9166 547 18110 6655 19470 8642 6621 9715 4988 1799 163 7137 15736 635 5042 18971
16081 2934 19760 2528 6668 987 4612 9203 17310 19686 18115 838 2241 14696 11973 11776 512 13313 10864 19947 1362 5424 4705 15587 1244 10291
4332 8610 15631 1527 19739 15941 10678 13207 179 14624 3797 1821 17859 8353 9273 19187 10401 2869 13643 11803 19418 16864 8643 11453 15525 18951
3726 14556 4059 7732 8148 8927 12474 16021 13831 6720 18514 11591 13515 7459 18097 7267 2513 7041 11224 5905 14017 716 7676 493 19940 2235
2231 8514 15439 7008 10903 17960 14900 12499 6637 12749 3462 14688 13138 11993 6523 11682 17901 13643 6896 15810 1283 16932 3292 17743 2655 16195
10687 790 16118 2897 8242 3087 17379 14621 12674 14910 15749 13091 17856 17213 7421 7250 15538 8584 2459 1214 18785 8251 13412 9594 13589 15508
11512 3996 11606 13444 10167 15230 19906 5401 18154 13513 11114 19336 11738 15525 15832 7707 5970 18548 9305 3552 5927 9704 439 271 16717 263
8616 16512 17099 7696 2179 1791 13852 4294 18600 1685 13062 19993 3764 1325 12775 15947 5561 19612 3303 6899 3242 12551 3384 9838 14442 12360
5960 3111 2437 5910 7769 3350 4943 9612 7475 8930 2894 11871 14437 2856 10749 4477 4480 12720 18603 2731 4630 15500 16251 19943 7739 1084
4199 8394 2482 2768 13057 8215 16312 11551 2753 7013 2105 2345 16581 18438 12274 1910 14435 12207 3544 6650 10948 17200 17513 3927 3874 6000
13665 16099 15207 14063 5384 9399 8009 17949 7694 9749 1086 4288 14444 9908 966 472 19298 3132 5031 738 5332 3921 8600 13761 1133 6943
14338 12181 1004 16726 7674 17510 9964 512 5375 1594 19453 10034 17414 1941 19666 12004 1772 10970 8132 10075 10084 16285 2699 10652 1391 8075
11235 7379 3541 4093 6286 2878 5245 10094 18791 8044 3385 1636 97 1784 6414 13581 16096 4921 19614 18198 17662 12108 14490 1613 15632 13744
4283 15716 12740 19689 9109 1685 16863 14206 14779 1339 6362 17480 5077 14400 5076 983 11438 8177 6689 2347 239 11059 18455 13580 2968 11006
690 8011 4029 12662 15808 9018 15746 6663 5512 6437 8947 10428 1143 3900 12049 2265 10649 5270 444 8402 3858 4990 7991 19047 12341 11319
14118 16080 1980 16090 19301 15799 17643 10531 12138 14553 13567 14569 17576 15152 7017 264 9249 15474 7841 13226 4193 11894 3202 18223 5931 11021
7518 17879 11626 18752 16915 2576 9449 13785 9510 10166 14828 11040 18915 4373 5042 7900 17306 14280 4284 8500 1252 7692 9138 10165 16410 18963
2659 17690 9712 17532 11069 10537 15943 8343 1463 6154 353 14687 13808 16087 14080 11149 18226 19184 7222 15117 18856 1448 11344 6477 15148 18967
3803 11165 4494 5854 5806 6552 5152 1988 17722 18813 16548 18630 968 8440 11294 15993 5199 16681 10450 11680 16367 12770 357 10464 18932 5350
3577 16799 4860 14522 14426 16539 11191 19468 6358 19077 12546 9637 11607 6135 6870 17237 12468 11697 10391 18010 2817 14316 18106 14214 18100 16740
3278 5705 10285 1023 7394 18486 7031 11212 19144 15736 11316 8473 18264 3263 10065 8340 2876 7565 10979 6419 11982 9260 11579 358 13509 1932
15419 13202 13747 10868 15663 17992 6779 13128 5107 10099 14846 10031 12775 8244 7915 17129 19846 1092 19020 6572 18685 4922 12599 15721 16012 16898
19990 6624 17119 5089 14230 13937 16513 4510 297 13454 12882 9396 7483 6133 13911 153 13939 5931 16903 12572 16446 16470 19383 13911 987 9757
8947 10700 14684 1408 9532 16552 10770 15393 8468 10238 1879 16526 13250 12559 15896 738 9966 506 2305 4410 6970 13621 693 10381 15076 1303
19979 13908 5883 19389 10721 13363 18388 15560 4315 5472 10655 547 9622 7359 2904 11013 6614 8481 6424 10539 14576 1111 2345 303 7914 12702
5277 13714 4457 16033 19685 5660 158 18258 9048 19584 98 12362 2442 12589 8166 17751 18288 2080 15354 5697 5094 2798 14972 1460 9928 10990
7656 9569 176 2211 12995 3972 12338 2699 18792 8576 16153 18315 15161 16713 5466 3810 11531 7146 4114 13198 12236 1228 2208 10350 5897 13934
1768 16121 12645 15849 15961 7363 5450 19078 6689 12861 4469 13621 3069 12996 8227 11896 15873 3702 13585 13454 3052 8834 15074 6594 13052 6899
16595 18045 4582 12356 18015 16799 1555 7963 13509 16351 12614 1717 6849 4993 18953 803 16648 4402 3761 18305 9740 12498 19572 12761 15948 13019
6726 7974 17363 19580 1673 9841 8113 19072 9909 1264 14193 868 8699 11516 4103 13236 6344 13455 1519 14766 13310 10332 13169 19203 6476 16189
17099 3639 8185 16060 17586 5699 14892 6226 1266 2066 215 10858 15912 2238 3866 17676 7879 14000 13023 3469 12262 7068 11202 12152 16755 4118
14645 4859 12158 438 14605 12522 13604 1765 10018 13684 11167 3430 3697 6029 11800 13983 1904 18182 19632 7658 19624 4197 19568 4118 5231 15064
1726 4909 13151 8896 7259 12001 19425 15112 6929 5287 10273 13759 4831 2858 2998 2903 8650 2327 18644 15647 13933 10636 8139 10759 15124 11400
13264 1131 51 17091 12580 4908 3280 4682 2797 275 14236 9612 13607 4554 3412 15150 18986 2549 19190 4245 14211 17783 15248 2519 630 2550
2734 13133 8955 18758 10746 11050 17781 16302 5614 12962 7189 388 14619 14594 8622 4828 6540 662 14284 8411 6018 4012 16220 17636 2042 17848
15492 10044 15173 2517 8976 2573 122 7333 1012 11694 3855 8644 5244 4203 11987 12726 6714 9178 1614 17954 9306 16575 11443 10831 9896 7941
3471 18594 925 12815 12278 6224 6013 9433 4083 17742 14790 8430 13247 17119 15710 13974 17660 10110 14613 13244 112 12484 9038 2403 3800 15417
14000 1482 4022 1308 996 10412 7022 4215 13475 5093 15764 1844 10516 18057 14975 16322 18529 13591 12314 9341 3244 17813 18057 18657 16315 5162
848 15728 7815 4684 4919 13483 11260 3043 3307 7350 2859 11067 13914 369 11382 5173 11870 6860 4596 5547 11376 8231 2462 11772 14372 9653
12151 16054 1351 4176 5163 12459 7967 12556 14186 10763 15032 11649 11217 5115 8477 13624 6912 3633 13327 8669 13656 19901 2032 15464 11523 11305
18577 1974 17050 4302 239 5286 9488 6919 16245 19417 16288 4448 14940 13206 3343 9399 13449 17058 1604 10152 18200 6265 1762 7092 4222 10035
11951 14850 5414 6500 6419 2292 19879 14832 11880 1893 13592 11776 1399 17467 3057 3864 2127 5434 16585 18816 10189 19526 9954 11564 16279 18684
5806 10936 11588 17532 1464 1237 7120 15884 15913 16963 3698 5293 1485 18280 9849 16553 322 2993 17725 4651 10849 2357 2797 17575 6412 8327
17915 11638 9544 17842 9065 11035 6303 15845 7378 6273 12258 18579 14337 8159 3134 13219 13339 15315 12302 18170 7743 18192 8377 12644 14615 13435
16262 7726 5283 9638 15052 9212 16131 14833 19530 16231 5126 4342 19539 15490 18434 14098 12689 1440 5997 3377 2116 15356 18715 14873 1003 11287
15902 19790 13177 9097 14246 11746 4074 16989 4220 7669 11011 8933 2496 16837 7303 4268 7559 11382 13141 2523 19708 10850 18209 4792 8297 8433
19296 8227 18710 6434 6815 14211 1537 17611 2176 11617 15691 1743 19295 14790 10342 9736 14428 14174 13274 139 11826 3583 191 5516 10253 4985
18133 19895 3195 3520 118 12932 9785 11889 5837 9717 2263 14053 2957 6243 12110 10970 5169 3174 2382 8989 4816 5830 2882 5394 13427 7912
3874 10633 1778 15598 12680 14822 15858 3741 17003 19633 7993 6932 8095 12919 6906 2765 16047 6300 300 2639 6652 18654 8908 18974 19683 14560
14212 10933 15888 17093 14439 10933 1720 14561 2525 6496 18740 15465 12677 9259 19990 8135 16343 10569 15230 36 11929 6510 8561 965 16034 11176
2765 4456 18978 11580 15749 7874 17847 14961 7402 19007 2343 18596 14261 18970 17901 12081 12177 17164 4509 5492 11431 4911 5135 12991 12753 18187
10388 3417 10856 18453 173 3012 19297 341 13905 8288 18616 13510 1789 6378 114 16107 290 5090 5809 1614 3097 9558 10108 17615 13157 3224
13057 11383 14358 2279 2020 14723 10175 2850 2231 12040 17149 18894 8147 8594 3427 3589 9348 5349 7305 12127 12804 17741 17673 13657 14315 7079
5550 12489 17676 11621 13731 8669 14147 3046 3531 14947 4090 15969 14256 2572 17494 19783 14012 14442 19692 4487 7096 6933 15741 18471 18971 14522
13701 16161 17001 15144 12966 1153 18957 3780 6413 6687 13218 18640 6103 8682 454 14513 19686 2777 17183 9682 18148 9847 15057 1783 9568 5265
3403 16197 966 15858 14680 18188 12934 2834 5797 3899 2101 11820 14941 10585 2597 6994 11242 5154 12167 8686 2305 19064 4281 5374 19543 13465
15409 1478 7002 14611 19203 17953 1591 7622 15114 11189 19031 18759 14015 7096 8048 8238 173 14156 11158 16920 9451 14306 2665 2003 10823 8971
7105 4619 14036 11823 6123 4289 8053 13851 2450 14356 14818 2095 18830 14057 10047 17477 6368 19816 9796 212 7491 14273 5290 8822 6157 15608
14127 4368 16187 513 18319 15644 7485 16189 3707 9079 12698 9821 18798 5650 3571 1299 160 16790 7204 908 8194 807 12983 13708 8437 19301
4582 10600 13586 16288 17116 8291 9140 6141 4137 13465 5865 7914 13333 15321 5868 4109 4830 9817 4821 12982 8049 5419 6328 1988 10567 5752
19852 46 15933 7336 13883 8874 11316 10226 7769 17435 17354 11463 11899 18374 15895 16886 13160 19896 1839 8271 10366 8494 12352 11693 8181 7041
4279 5003 8329 8286 3768 10764 8933 8455 3083 4256 13577 14080 9460 13182 18404 5551 6183 7104 4700 13569 9035 15604 15645 4990 9291 18038
12101 19697 16226 2543 3398 17087 3063 4916 13647 8534 1223 18814 14872 14905 15688 13527 19173 10467 8636 19841 13696 12735 10417 12730 8918 11601
8331 15286 18862 1675 13832 6913 18002 14241 15033 13315 591 15092 7727 1528 7645 2550 7815 4004 2645 772 6913 14756 6954 11002 4497 7800
8332 8516 19968 8903 13857 17325 15011 9182 10014 19308 11747 9263 9965 7508 19422 14063 13491 11951 14782 1633 18144 12226 2002 6571 9582 16910
19019 3692 6851 14778 4105 16078 12765 12998 6509 16377 4486 12657 7905 3202 9603 5354 11392 16507 19049 4506 6991 4454 1094 18872 10130 9133
6507 10573 16672 3504 17532 12854 14139 547 13608 4532 12903 17578 19337 10067 1085 12676 10331 17431 6290 12419 19673 1544 16573 5081 1942 10003
4271 14476 18437 3435 550 829 4842 15703 15388 16507 4050 1625 18216 8673 15982 257 236 1937 12299 1819 1583 13442 2080 5105 14871 3717
3682 2453 14108 6282 5559 2818 9307 18729 10657 5624 19306 6195 3976 6337 5844 18436 15301 12537 9986 11710 18115 8979 5908 7736 6205 16253
9055 6176 204 4794 12364 3844 12938 13449 16695 5103 1886 6133 17216 1373 15519 6564 2954 12115 4980 655 4223 18278 16704 558 15701 17530
17838 54 5763 3372 18994 8114 5662 9238 7592 3954 2561 15218 1029 9364 2777 12856 11746 17027 14053 13893 11749 10704 2356 4178 6939 16433
12041 593 1977 7516 19638 13995 16176 1307 14730 15497 5918 1712 2608 1664 14000 3335 18344 9010 17652 7788 6459 13616 17772 15550 15390 7795
16596 17827 14195 8597 5000 5523 7212 10677 14480 16806 6630 17984 10088 5544 6071 5692 2551 17530 853 15852 9242 17266 5046 8890 15022 4956
3698 2386 16828 13652 19436 8511 6857 5882 7879 13188 15535 19624 9202 7107 15705 16471 6124 2074 14036 8771 12975 13653 19190 9885 15305 11003
3055 269 9131 5006 6483 7219 14482 16556 3789 11831 16385 1331 18271 15839 12413 9692 13328 7860 4735 18289 9396 689 19549 3654 12110 5332
12293 7773 16902 15785 7286 13293 13844 8860 15244 2670 11312 3484 13384 11206 6100 5328 16357 17769 12439 13161 6806 14435 6395 4776 11432 14307
10093 8101 7914 7599 16020 10320 14441 16439 3034 4855 12137 16086 15933 10567 4861 2306 523 13669 725 6819 4567 370 2720 16604 16094 9659
15509 4231 11019 11548 17269 14486 14693 10763 17779 5641 7002 13789 14024 1586 1182 12792 5247 468 8848 11188 19313 9054 2781 5352 2444 14452
16433 16560 15365 13152 10593 4143 6052 13858 4284 7102 2944 11750 13684 13328 734 11520 18116 10925 14523 6955 7887 18134 18823 12837 15915 11422
4420 16145 15180 4289 15842 3498 15959 6139 16420 18175 7166 14175 19931 15798 2004 107 10549 1813 14592 10069 4696 16221 7388 16966 13234 16869
12189 2682 10415 6541 16066 8469 14191 5397 6347 12739 15391 3097 5952 15113 14207 19762 7018 4374 8718 10871 14911 15556 9077 14397 11046 3273
16290 15293 5182 10893 19647 10151 4851 5600 10653 19053 15477 8834 4087 8419 9135 17490 7005 2415 17480 5897 17094 2054 17147 5264 13898 6891
6589 4652 716 11661 9409 2862 3833 1610 252 2955 5923 12680 4056 4644 13253 1288 4704 8721 17889 19758 11472 17014 18388 13102 11198 15696
8923 16982 19358 4224 13682 7071 6648 3246 13849 14979 9293 16180 19472 17651 5633 12483 6426 7614 10656 14753 7661 1398 10416 11541 5458 1190
13328 7693 18901 11489 10093 6029 13350 2623 11796 2923 1062 13583 6765 1255 7715 13564 18988 13197 15865 13272 13904 12798 16788 12733 1808 14481
19863 19104 5085 14864 12539 11040 19037 10241 10437 1152 13657 7884 8532 17602 7778 10256 5831 13030 19872 8814 12335 2559 8467 12817 11706 2986
4748 13549 11188 6839 14557 14409 7456 15877 13638 16709 7377 18971 1490 10037 1290 12326 11182 13435 7474 1647 2149 3228 13066 2979 8376 7545
6686 10400 1416 2551 17625 312 18973 15151 3360 2503 5525 6274 19641 10599 13633 1464 9694 722 11993 10789 5113 8953 436 6475 11006 16233
11388 19484 12239 9631 15871 10400 8285 4543 14176 5754 8773 8344 11391 6388 2093 18845 12168 2750 19256 8107 13429 6311 12781 4179 16221 15661
7153 13243 6477 779 109 7498 9892 19286 5411 17516 4354 15567 16910 4479 12919 10295 10011 1015 15583 18012 12817 13767 7166 17782 10388 9859
3941 13442 17107 8799 3463 10446 2226 18038 15172 13671 18938 7569 8500 15666 18856 16577 14277 17561 4283 8231 9957 1930 4416 15823 16239 19822
17610 3270 15154 18021 3428 18370 8543 670 18743 19310 15979 5360 3435 16158 10157 11562 17268 16298 1995 276 17106 13442 17989 8544 12263 4529
3424 18696 14472 11207 14005 1548 11566 9762 11643 17493 4549 11349 15398 9225 1768 5088 7144 2603 3401 16077 18861 4357 3052 14216 5634 4904
14713 4732 19819 992 18342 19357 3087 7137 10743 11884 2059 6561 14040 14795 7419 18764 11932 14856 12528 8834 12744 1741 2846 2690 4735 283
17909 14653 8846 9434 1551 6291 1351 5532 11463 17560 15385 18290 264 1603 4450 14384 7369 14604 14830 16095 15749 5225 17718 12159 5616 4955
12254 19155 8585 8529 8883 10835 345 8902 3194 9891 19691 17595 19229 12508 17671 439 5263 15405 6402 8690 8635 161 11092 5817 15649 11992
6478 15020 13166 16298 492 11214 7547 8907 19799 10920 11012 7619 5215 4546 15664 2939 16874 3908 12646 2154 15322 3039 11839 19813 1384 18842
9765 15051 18780 18375 6986 1728 17708 3812 4336 5858 18950 12615 17621 17953 5085 13560 16400 16106 580 7830 12771 4891 8816 15536 9538 15858
4785 17232 13880 777 11694 12294 14443 17673 11156 16260 19953 1633 6751 1021 19900 1949 14079 5388 8427 4544 11380 3503 5930 7516 2357 11372
11021 11598 14633 4992 2021 18224 3161 7895 14378 19761 2594 7888 5282 2252 14204 17882 6591 18353 5682 11902 16590 487 5535 273 14956 19992
19479 4673 11127 6284 5680 7448 5946 1214 7725 4527 13304 9988 4880 12307 11285 10937 17754 10408 7477 13676 1403 7837 10586 9620 17266 3659
118 13209 5221 13135 16238 8653 10675 18891 16884 14271 17734 19197 12165 553 7683 3525 1693 4885 14531 15483 818 6274 15293 11570 4359 10078
10291 13610 17307 8832 9456 10375 16888 13551 12844 5820 13985 19617 9349 12493 10109 1026 11943 7709 15989 4757 15901 10949 5749 6968 8982 7917
4584 18500 14444 8753 12833 5460 5191 7674 7066 16467 13180 2315 14523 10031 5304 3518 10616 8524 13292 11770 14520 15712 5008 9011 6747 4577
7415 15364 7193 3819 12924 17655 5770 10239 11370 14770 11381 5079 16129 15376 2164 3366 6430 271 5632 12677 3621 13791 817 639 12233 4602
18986 8997 10015 9427 12225 10392 17673 13327 9841 17188 5478 6240 17491 11653 17391 15187 10330 13867 13118 16294 11161 18977 7060 18439 13526 9920
4897 10119 11990 7207 12031 5226 6633 4830 16973 12611 9164 5284 4574 4555 15245 2022 10490 3301 13353 1766 14826 7661 6129 7231 13822 14151
19123 15063 3893 15217 6414 9164 13201 8242 2474 857 13848 5401 1454 15286 8492 18476 16468 13284 10069 17093 18575 5810 5724 19711 14956 5165
10036 11249 8993 11665 4478 2178 4430 18893 3333 9226 11510 1179 9587 8284 18194 14308 18199 11708 12990 4424 3552 8735 18526 5649 8690 16238
9346 96 12329 18241 5906 6912 473 14809 3096 8211 14078 8654 3079 14518 7772 1667 14394 14379 16902 5177 9157 4047 7328 3120 12603 15113
19271 11553 10844 8882 11793 5039 18644 3338 11822 145 2862 14791 17634 6837 18345 11907 6442 449 2447 1011 16568 161 6273 18466 990 14817
5221 12667 16338 11633 18933 5878 11776 13246 8371 18859 15808 15788 13227 13930 8646 10871 10578 14529 8761 13 18263 2457 16616 12332 18016 18462
1593 10691 782 11487 10432 11090 12945 10904 12931 14003 9247 7037 13747 6749 6232 7125 2806 4033 15433 17949 8102 9300 4954 10874 12430 8388
8697 8627 6420 643 7431 7067 9690 1699 9714 12780 8357 15423 14717 10143 9139 3584 13283 9461 5322 8321 2955 12528 6182 11292 8101 16284
7082 16885 11631 13948 8878 12480 10372 1964 14133 7697 7845 3775 13304 6041 12605 7003 8221 17327 15900 431 4113 13050 1104 1726 19912 6442
14717 7205 2774 1524 7030 16389 6287 10103 18853 5463 915 8603 12076 8281 2835 17468 4961 11739 8327 9030 19767 7588 14866 10201 10804 659
17361 2465 4378 2006 9746 12849 4015 12864 3636 108 7367 6539 1236 7140 7755 11777 4939 15542 19639 11979 10921 11356 7190 4770 7891 17884
19142 8624 1313 922 3995 11779 18591 17782 12235 10488 12861 961 1916 10354 12371 18388 16223 10509 1258 9647 11930 1409 4248 10674 3123 15502
2268 9181 14732 13987 10068 4914 1004 3585 18923 8446 18551 5839 10332 9875 13348 6608 15039 16941 8598 8661 7409 17366 17889 2895 5924 2861
9635 12405 17346 11158 8965 15033 15066 4436 7848 3694 13018 12940 11867 4822 1519 3579 7167 3163 9055 12545 16949 6391 15079 16324 7865 15435
19049 1435 15702 14783 12536 10826 10013 10276 5964 7379 17098 13531 4614 4281 8275 4805 12778 8149 10920 12464 2644 10009 11342 19102 9481 18343
9403 7618 11147 11394 3423 15522 966 18048 8639 791 8062 2947 8600 2502 16320 105 3441 7331 3167 17251 3249 17847 13786 7314 18056 2297
10314 4526 13373 18986 8547 15569 6547 8743 14044 2561 15503 12757 1185 6080 4643 269 3783 11014 3231 3886 15164 2382 8562 15031 11316 6036
8249 14867 5959 3724 19597 2519 5209 19520 15183 9605 4538 2611 14346 19553 15514 11197 6211 12522 4857 5536 8149 5733 10144 19100 10833 12937
1057 2243 9542 16862 11283 17548 17053 9567 15280 13709 13336 11421 19744 7111 7429 12703 3087 19963 2069 7176 19109 17576 696 1498 1787 12606
15413 356 4935 14238 18474 1452 2781 1553 6081 11228 3827 17302 15541 12142 3044 6301 12257 4545 2311 5859 3737 7159 16550 10924 18419 16249
16859 14815 19930 1559 19901 14393 14022 9232 17448 16510 17181 8672 1937 10348 12580 13881 19924 5866 3028 3766 16706 10446 2792 17618 11828 12734
5830 9832 234 8314 7467 2763 3541 13835 7852 16939 14579 4934 10077 19995 14010 4826 11524 718 4992 8941 6208 5866 8970 18536 8507 19453
1648 11229 3332 167 11524 6149 15733 18213 6797 17334 2600 9365 12707 19310 8478 19603 6252 11796 5780 173 16198 351 19581 9350 19718 7056
13388 17676 11565 409 13215 10080 11271 990 17825 6969 18434 8044 7577 10082 7987 13700 4640 586 5473 19511 11357 1183 7773 2901 12195 3089
16737 15788 8335 19324 6594 6274 17416 12362 10834 8962 13861 16010 9285 4855 633 4336 8845 13398 9721 6953 11496 4086 12927 11620 15699 12248
294 16975 16083 18557 11322 2947 15338 8653 8736 8043 1279 16351 13950 14580 7123 18523 18985 12395 12115 16352 11650 6928 16319 14375 3115 15323
6704 7757 19760 1959 16088 12303 267 18088 3223 6120 8781 10911 4250 19260 13112 17958 568 8765 3254 14571 10912 7329 13945 19985 6898 14962
10873 8253 14418 15264 1053 14848 10152 302 4127 13937 2831 17749 14817 14798 18516 3554 1845 19839 13023 8024 4065 15988 7200 14120 18302 2473
9785 16496 16984 10360 8205 19953 10791 19669 8610 3585 11742 7784 17885 19893 17530 18529 8680 7756 19796 6695 4200 10282 10388 14487 7174 9390
19626 10345 11413 12713 6187 7951 3380 644 10709 8996 14296 17747 12437 708 5194 263 5627 7617 3448 1191 1598 12875 4171 15426 10098 12184
11971 7557 2458 4840 19052 4932 7307 7470 8922 9530 9381 18981 19090 4266 16091 4807 15933 17037 13143 2918 4673 11444 5529 1225 8067 2396
19277 18898 14748 13707 6572 19720 12142 603 15237 17633 15193 5618 15010 14612 10257 15042 15014 5007 17828 17365 3637 17737 2946 1470 2698 13452
12866 18969 4152 18888 3948 1321 12093 19618 7938 13466 1102 6365 13152 15350 12788 5968 16239 8450 9608 5309 17220 12398 3916 5117 10249 17505
18252 17321 7471 2413 2033 14682 5547 19219 7231 19345 7857 997 1444 19664 16351 1704 3100 7085 9604 13095 15707 600 13811 1292 19041 103
531 16788 3348 16462 10907 19301 9809 7493 9853 5359 15289 14005 12974 3610 4635 9835 19068 13167 7233 9369 3671 2767 8618 19031 17120 12348
2503 16306 6261 5968 9718 16840 15426 17826 13469 6965 18750 19322 9598 3599 17240 4341 4784 13547 4032 18633 1329 9704 5808 16459 10220 2672
18071 9545 2997 4858 15132 4591 1220 9072 13226 1188 18674 13785 16910 18044 13252 3575 10907 19087 5047 19847 16165 4906 5665 15819 15509 11802
19280 17465 14859 15473 18682 2126 5722 3782 6401 2966 10343 6933 12289 2887 14520 11615 4336 6134 8866 1729 852 19781 17982 4334 8746 7042
11507 12414 8260 12074 4382 15172 17989 19407 6708 4185 11243 1156 478 8173 16407 16430 14940 16742 5917 687 6805 19271 2219 4558 3897 18842
9652 9886 4845 13530 18320 16867 4167 2626 15413 1869 5893 1018 16829 10225 3949 19210 18584 9965 17265 4676 392 1227 9228 321 6562 1554
11075 3098 7727 11879 7875 10828 7722 2611 968 2211 6800 9240 9311 4622 720 5755 6924 4346 7552 11157 8190 16886 5024 345 847 1566
18312 9495 14664 9604 9736 11992 8129 18433 13814 19791 12861 3840 11069 1816 11307 17861 4932 18568 6102 9049 18100 6129 840 3144 17582 15500
5314 1936 4443 14059 18421 15233 17256 8010 17260 15666 18401 16009 18921 6496 11604 4877 13676 7606 14322 19833 6300 849 5319 3790 790 10794
19791 6535 3018 8709 17326 9712 1910 18741 10762 13413 2004 4997 14448 16570 5583 16987 14655 7862 14232 8996 9018 421 1096 2159 2118 273
7010 9115 7334 12274 19328 9019 5896 9296 18850 9607 16930 4385 14559 3242 11017 17230 15153 12225 4557 10124 16120 8871 14191 12813 15026 3421
1996 3276 14019 3542 7321 9296 3089 2924 11419 2800 3804 13410 16954 2063 5656 16053 13601 4378 8991 12006 17790 18715 8992 17822 4933 16651
8533 19251 2682 16712 19865 5141 8658 5903 19460 10584 1820 18434 12893 4775 4405 7053 19166 1389 18705 2613 6305 18149 8841 18447 8964 4212
1480 19700 16964 8683 2807 6550 16958 5804 19113 10698 14341 8213 13985 6441 19245 9286 4464 13302 8538 17186 13094 10027 17041 17912 6426 5579
8844 602 10900 11110 6938 4479 909 9845 14707 2415 14578 10188 18948 10887 16251 17750 57 288 15690 13015 6555 18204 15034 13645 9691 15469
2920 2894 10241 2172 11197 12141 7418 12727 18948 7817 3495 12993 6107 11985 16263 6310 17897 4407 2990 19874 87 6287 1803 17754 18841 12274
7128 4877 9460 73 16304 15783 17044 10514 11985 19199 1861 5794 3836 3800 10634 17184 142 16139 10688 15760 17671 14010 17414 15019 4260 18683
4437 12744 1542 16190 5004 10924 19351 10826 13325 2414 10086 19854 12426 18865 10413 7381 15586 18076 12802 812 12950 12195 11573 3367 3817 16386
13511 17935 15723 10017 4525 1196 9964 4980 14850 10809 7215 5705 19287 2428 12286 3578 2419 10784 17167 18337 11616 18512 12051 8682 5261 16235
9726 11343 14419 11237 13974 4488 1580 4285 14048 1218 4180 13040 9572 6936 15348 1780 6098 9798 19257 11149 4000 11477 2962 10025 18249 19154
17813 11610 8139 13098 2003 16677 7594 4623 9578 16850 380 5481 18331 13402 8366 19187 13221 12814 10244 8721 17689 16715 12193 2567 17624 18481
6685 13903 15585 9665 17350 5454 11340 5086 7532 6668 5774 4935 3326 491 4841 13485 10089 840 15335 5253 11501 4265 11990 7553 19720 8171
16863 9162 4225 1603 12413 6719 16278 1656 3260 15215 15702 5725 1785 2997 11588 17331 14916 9512 8430 1524 13112 10079 13400 19267 1546 3615
9319 1647 18045 14714 1373 18370 10039 6663 10447 14061 19581 18937 17494 19191 12047 16127 18158 15491 484 2567 18433 11537 17603 9280 13724 4365
19712 18084 18069 12213 17027 12959 14546 15241 15834 13298 18786 6581 9033 12717 17791 3880 646 16805 7430 18127 18134 7979 13582 2183 12315 19762
1704 9743 17032 5205 1504 3724 3558 3115 6580 1730 15963 15469 3041 3675 12167 14215 1962 16347 11804 1830 14454 15243 3168 17553 14022 7241
1136 11746 2119 9805 2298 5109 4378 19886 13967 13452 18738 8637 2066 12214 6565 17416 19993 4407 3112 15959 18554 12954 15193 6656 9308 10779
15991 11784 13799 2413 9211 8323 6363 5538 14187 14515 91 3987 7616 10023 7496 2042 12185 7385 13849 14051 601 13079 7793 9859 5015 9802
15330 18894 1225 1207 10979 14936 1711 986 19617 5703 16138 17550 3686 13342 18990 10578 14600 13910 14119 19999 9065 5383 7809 1601 5251 4421
15339 17699 17075 3117 9403 8976 16044 17169 4673 11234 12910 9876 4911 13688 9631 9548 1452 287 5342 3825 13136 5739 1924 17372 9802 8536
17992 19986 5772 629 2114 17059 5119 8777 9334 14945 14007 14057 11654 12361 1734 14807 5309 3062 14241 17672 54 14265 11471 17351 16611 4709
14208 16855 2622 11124 10991 17164 4601 12570 19566 4094 18086 9739 7506 9529 9599 5649 18146 7858 16529 6485 19953 5909 19875 6655 18934 7113
10945 17802 16226 15827 11347 8286 11849 15765 16191 18125 12274 8740 4489 9396 11324 5758 7299 4602 18582 3781 14890 11178 14092 13906 5004 7220
13768 12491 19008 18722 5697 10763 5472 10374 13050 17082 2479 1357 15147 10744 14189 5608 8007 5559 19026 3273 13066 19760 17652 1657 5467 12256
