365
93 92 14 17 79 39 6 69 85 56 40 41 59 53 45 26 62 4 32 77 94 46 8 65 53 35
3735 4953 14779 723 2327 5602 18617 17501 13881 19556 13312 6286 4901 3365 8863 2800 12576 14890 6182 12698 17406 11762 11876 4209 6527 16064
18075 15850 5356 14426 7101 18699 18605 8377 6848 13058 11744 4161 331 348 17884 8661 11335 3719 10474 18759 2727 18145 14482 19573 15880 11077
12068 4307 3113 13098 8135 5843 7989 2384 9858 8957 10716 18286 15596 5057 7802 12823 18639 9522 18671 11976 17999 1551 12434 3214 110 14943
15377 4550 15334 5662 14094 19024 544 6762 11833 10009 4331 610 3675 15421 19711 4915 17781 9356 7649 9358 4851 17185 5744 7777 12984 782
7599 18344 2980 6785 8378 18240 18616 5058 4569 5837 4660 15138 16668 12808 19369 4793 3223 3774 5344 9653 19124 11730 4076 3192 6440 8070
5790 6751 6561 506 11910 12958 1664 15070 994 10092 8756 10638 17802 18127 5791 15733 10488 17655 8296 4241 13571 3209 7287 7261 8705 5301
11444 13602 19995 7257 18414 16296 7276 19275 15158 2538 11332 7087 17530 6282 15376 8408 1493 8700 10303 14153 8363 17601 19873 5442 18679 9714
7270 5157 12288 12121 6610 2384 8976 3622 4263 4438 6267 1175 7340 866 11821 4224 18165 558 7778 2498 18769 2956 14127 9152 6040 2321
16924 13849 17044 6924 4192 2417 7019 7688 10895 1105 12150 7721 4499 13814 8647 7468 6536 11776 2416 17601 12919 3163 19353 18730 11304 13075
3216 5645 2005 19053 3215 8405 9062 5269 3800 8073 19152 8332 5636 17604 9789 14860 11445 1127 14834 12805 5965 3059 12546 15806 15863 4421
8799 31 11256 8255 7742 14205 7233 18708 11835 10277 11739 15919 6851 57 7080 15889 6794 9757 2413 8474 17473 11646 17380 11578 16776 4534
982 12400 18148 19752 11864 7884 2582 12757 6882 10828 11743 1931 18494 6221 14666 3250 2009 4930 8908 6006 5565 1892 5954 15102 14764 18207
17583 9431 11129 1859 18485 16984 16439 14800 14265 8280 18890 7121 19887 5806 9195 4383 8787 1865 8758 8804 13559 9329 9878 17235 19053 2743
18986 14540 15948 1459 16455 11568 4097 15599 5096 10675 13084 11742 4327 4328 1873 8194 15291 2777 7572 9592 6581 7944 11173 4551 14531 3664
17932 9440 13028 13763 375 19501 3238 18557 7081 14662 7584 11082 17841 19147 2077 4532 4080 1973 11858 6730 18309 18286 13669 15667 5744 15375
10892 9385 4901 11920 6071 12500 4887 12616 6769 17477 4856 5851 9095 15645 12949 380 15891 66 8317 12621 17569 11581 13892 17514 7499 8314
16308 7333 1705 13332 9844 18960 15969 11198 8410 10504 5156 15528 14911 8256 14008 1426 16948 17256 4826 15500 6930 5258 5666 3475 8913 18972
14180 18339 14812 10874 14652 1360 8663 15616 14775 4340 5324 11505 14281 5746 1935 5766 4447 6199 8366 14510 18144 13121 11322 19939 14707 8469
5391 6143 18245 12759 18650 11182 5263 1268 19227 160 12667 1346 6927 130 4617 6212 15369 15954 19368 10997 10332 15284 8237 4623 4045 5492
1514 1580 19638 7503 19449 7737 13590 13991 18601 11721 14110 7039 4994 9129 810 18090 14305 7036 17368 1858 17205 14287 5211 15725 6490 12157
13557 12447 11729 1694 2614 7205 4371 2711 9376 11008 5794 6299 12089 12014 6718 5040 3377 10209 14658 14400 12357 13376 8133 11016 11607 6255
8492 12958 10856 9208 9297 8700 11736 17230 13112 9195 4787 1426 4476 9783 3219 15561 16216 1729 14447 16664 19063 9749 994 11287 3497 8952
13791 2539 13686 2633 9059 15334 2997 18456 7466 11231 2066 19088 12818 17435 7760 19266 19329 1810 8269 794 19482 12187 8015 5585 2376 7796
1105 412 13059 13743 1421 1870 8784 2630 6921 2106 3654 5338 9641 11604 9922 8531 5375 11569 3992 18793 14667 12209 18895 13957 6811 17967
11674 12077 5758 18374 18484 11394 19057 8878 5391 18035 9124 15850 17979 4580 1144 9815 7497 10538 5012 17292 2732 15059 10247 13605 7878 13293
2392 714 10895 10672 272 11451 16428 2672 756 12018 2853 14861 13959 8815 15148 16830 2974 3586 12118 13367 5442 8162 851 15514 1141 19475
8173 17264 15100 12608 18905 4570 146 376 19793 11415 2249 11210 15536 17884 884 9026 17233 13075 1894 4097 11025 18037 9089 16076 11618 6278
18371 19682 6794 15537 7847 19980 4525 19027 5641 16547 9895 19115 1808 15117 9424 1107 11760 8985 18459 7391 14992 14761 13672 18618 14135 11049
5474 19088 14158 19935 12684 15562 15422 13402 5964 7842 11392 9912 685 4877 16270 17539 8835 16888 11348 430 14937 577 3583 5253 11540 14747
14236 19458 3751 19980 2557 2152 5612 13925 10442 1550 12637 6729 13111 5840 1615 6986 16437 19168 13658 4375 1406 3302 18263 3738 3959 2405
5707 3908 2800 15973 4286 7627 8696 13284 7811 19896 8392 15304 10906 5576 10760 15222 4026 13345 15672 12961 4844 10078 18806 9295 8080 5965
17110 10187 6569 17178 10581 13007 1182 11993 3872 15314 1293 4044 18257 3713 10171 12908 14604 1324 7671 5900 11593 11172 2273 5486 6416 17304
10625 13323 9287 9518 4277 15770 9182 15735 17457 17532 4477 13193 9122 18268 9058 19646 15818 14627 2000 10745 8407 10558 11850 5411 7500 19986
4245 14600 12413 8089 18711 4051 12799 6429 2461 7214 12893 18153 6224 861 8336 266 6412 1683 17444 1271 2702 18423 14689 11408 17891 1954
19128 18564 12765 15516 12836 16481 19273 17713 232 2846 1198 2597 10468 2602 9335 6412 18909 7832 17167 6756 4561 11969 7712 3892 7877 19720
9817 17956 6056 9684 12046 6507 3641 17933 11685 11232 19833 3033 10613 8487 19564 14851 12977 11792 11084 8190 3459 12302 11526 9950 18100 310
6250 19287 7852 3370 14469 5549 12190 10643 7312 11021 12538 17898 10290 19719 17753 6574 2172 10926 13591 10294 12070 14044 1036 11615 4982 13586
431 6663 8884 19534 1446 12035 1046 12918 15336 9451 7428 2776 11005 11982 11502 4577 3842 5731 3790 9386 8535 12331 17605 16002 18127 3695
3887 16842 11963 19291 1558 8277 17264 12015 10621 3870 3183 11607 1785 322 3995 13147 19401 7561 13895 10277 12823 4480 13932 2075 7642 3767
2384 9184 16209 18902 2597 9469 12387 5450 15978 5471 1685 3248 16302 11867 12100 3912 3827 16428 19618 1165 10078 19325 4127 17474 16295 2264
3076 9073 16581 7985 12385 14540 3806 9765 19430 1029 10002 8177 6525 16986 16407 17750 3649 2398 17801 13771 13057 3476 16832 3817 4789 9392
6031 3068 16661 18388 19047 13375 15987 5513 13799 16800 4335 18797 4852 11329 19457 14170 17292 16365 7597 10121 13829 16614 4066 14827 17053 13529
18573 13634 19520 1443 4631 6776 10014 14405 11697 2440 8579 7374 13674 518 17828 9802 16488 726 13773 1644 8213 6053 16237 960 13832 6578
5612 2758 3547 7257 18413 18695 7330 10391 6041 1964 9056 10475 2176 530 19233 2749 3810 16386 10855 16964 18652 3106 14140 5599 11924 17469
14349 15590 15497 15951 10767 2047 17592 15182 8654 14187 16075 18607 1210 19313 6406 4114 16647 11534 11952 14755 7701 6334 11213 2104 5269 1360
17568 8078 8512 16674 19948 6737 7245 6129 2360 18030 19057 8857 19412 18992 2560 5722 4738 18540 8249 15323 18080 3949 8546 8049 11723 4607
6902 7746 18591 10669 6631 2176 2460 5729 16300 11797 9073 8420 9899 14403 5103 19863 9072 13016 11212 8628 15569 10085 15327 296 18176 11389
7492 9649 8697 12992 10188 9688 18290 2371 14816 3445 3894 17844 9174 4306 4163 8620 16019 15611 14027 6700 19105 10529 15531 6346 4244 16636
1587 14532 19098 9648 5699 16743 9208 8185 8650 9436 4650 397 6515 10705 13472 3599 1303 4619 11266 2645 3247 16365 5201 3172 3054 2620
15504 977 19216 2454 8357 4915 17499 7812 12283 8641 14898 12546 16238 7345 5823 2050 3553 15898 6646 8164 4672 13539 4113 12369 19890 16508
10985 17453 4175 15460 15944 9596 14100 11983 6994 14328 15921 2490 4600 9508 12271 7327 3027 12685 10215 8615 13574 1666 5171 19442 10133 7308
17006 4335 7208 18199 1186 3622 6814 9365 154 6338 19113 18666 9450 9060 3278 7944 122 17622 18509 16434 12071 13366 1401 11967 4248 14863
2230 15605 57 769 18547 7182 14000 16738 17402 15933 17603 9101 9877 13090 5179 11450 11245 561 17763 17125 8796 13680 11782 9621 4370 14318
9960 6760 12351 14497 18592 17302 13876 10383 14017 5932 2515 1499 16140 5423 9515 14737 17664 18765 12721 7618 7057 6722 7845 10343 4096 15713
9642 13820 3678 12453 19346 15603 13216 18676 17222 14192 11674 11926 9421 7025 13508 18779 15340 18822 17973 14337 382 9574 2012 3901 384 18491
19134 12699 13437 9168 14796 19057 10810 16336 16959 1902 3197 15819 14501 7247 17350 19602 18583 4312 3864 6339 2208 13292 6873 11341 789 16519
1054 5318 16648 19761 9055 4837 8121 14649 8752 8909 19383 18422 165 5229 15324 5903 19429 13769 13054 9296 10399 4063 6704 10878 13502 10371
15029 2154 18113 8926 19113 14083 18396 3627 14280 10848 4032 14320 2926 400 18496 9441 10798 13411 17655 19111 12690 9798 19723 11819 11843 5211
6270 14078 18890 6766 18953 5459 2288 1448 10987 7609 4030 6071 7422 8416 13111 11128 8629 16840 12665 6184 3703 6889 3834 490 2497 1009
13712 5032 15838 4069 17520 13871 3078 19477 850 17703 5788 4684 10378 7862 12125 16242 19069 11763 2053 10309 1193 19936 3701 8860 15023 11346
3367 17494 6030 14932 19356 16757 5385 9143 7134 16167 10967 4697 686 19888 8769 494 3082 16027 13501 14611 4899 16925 6197 16121 17269 13018
2582 9700 7455 18531 3258 6984 11572 896 7675 4166 8238 7823 7408 4555 8477 6591 97 12073 4960 635 1445 10430 5587 10844 16810 8169
11378 13353 1063 9479 3820 7236 15982 8326 15509 7886 7905 10412 11227 2903 17801 14970 9254 12411 19919 14728 1113 19575 18860 14294 2726 12871
18894 3598 17453 4933 2961 1433 12725 2958 4190 11892 12253 14748 12913 8230 16904 14380 10076 762 1221 11517 18710 10559 18288 13422 15304 9028
13936 17467 5543 12032 17398 2182 6921 996 10092 19392 17475 10084 4789 12029 11337 4322 7081 12402 6931 13432 7515 13263 15742 12919 744 11538
8801 4439 13231 10830 18478 6339 5279 18706 5323 4946 4122 7494 2890 5035 11084 12139 5565 488 15427 3065 13270 14137 13053 8927 815 6714
1372 19914 2486 8052 6189 6006 17130 12056 6074 13624 324 1801 2331 14838 1044 11219 18333 10978 2529 1236 19941 13187 8528 3174 17026 5401
4640 2291 15675 15580 6362 5280 3240 11696 16109 14917 7444 15899 6125 2673 692 476 922 19916 7487 2193 7359 5198 3712 1676 1613 209
11652 9816 3343 5457 15535 9080 2715 8260 1888 13285 8233 4179 5660 12704 16280 4902 2697 12251 3256 18957 8199 5779 15343 14159 2618 7654
13116 16561 3468 11639 1227 16855 1500 5194 4883 6715 2087 11203 8229 18769 11605 2277 12663 17320 4495 18222 10178 6213 13054 11600 17303 3806
427 18455 2011 13989 17585 8905 10433 1548 18995 19130 16499 4267 2244 1751 11415 11764 15686 2088 10263 458 10760 14486 14492 9464 17648 13748
2496 3291 11870 8829 6274 18729 18037 602 49 7886 4848 17832 18246 3236 1616 11991 498 5647 6259 12603 11642 14015 14736 14291 9309 12386
9243 687 15625 4371 18227 9603 9392 7850 3367 7576 1014 494 11573 19222 13013 3371 19917 14220 3304 2950 14770 9751 18012 12598 8163 16751
14670 3904 18302 2312 3825 678 10304 17846 10464 18897 12537 11397 11079 5894 10793 1280 16986 18995 2932 9190 1676 79 3990 5889 8342 7765
18674 2674 9269 11639 8089 13870 6840 841 19507 17662 17051 3107 15570 7989 6248 14695 17742 18679 6711 6357 16335 8065 4297 18471 12313 363
17376 6494 12048 9523 14387 1536 19800 8556 5763 18785 6124 11665 17405 323 7759 13192 10415 8340 17896 14671 9468 13321 303 13121 3032 6382
6278 15580 3598 1890 6527 2512 1964 2184 11915 11103 18740 6027 19677 18956 10503 5455 8258 1329 17114 19467 12798 5882 665 4727 140 14331
8321 15700 4225 9025 7279 5283 19840 8769 641 10788 15941 19361 5880 9604 5623 6257 11450 3437 629 12854 15614 2289 1650 3552 6487 3842
11146 10877 15726 10148 6733 15735 1653 1054 12297 17659 18495 16240 8371 4878 15893 18631 13742 1073 12092 6354 11952 18380 14040 12953 13028 4101
19318 11574 1139 9985 2191 18614 3222 15577 8289 15525 15507 13354 1540 3460 6917 993 19015 9930 3956 5866 9075 10333 7665 1048 17207 4368
7192 15301 16239 3841 19024 9382 4056 10321 4179 7088 5317 94 8513 1468 9338 9868 10145 3212 16632 2144 2904 13675 12069 16418 17953 6654
8742 7739 8425 6575 16207 564 7701 7610 15375 7978 7302 4561 16270 5274 17773 12118 19323 248 11638 293 160 16653 15585 3578 3833 19712
3404 7837 13021 18906 13034 12394 13088 8141 526 3065 7986 8963 9105 12049 152 2312 369 2326 983 7705 913 2216 11956 14940 19171 8092
8823 17716 11564 7374 11720 18248 9803 3430 6519 17858 16013 17784 15434 7372 13885 1896 16530 16189 10491 11538 15060 4083 8294 5358 8425 13470
1670 12017 19797 10467 7486 12679 17534 18487 3158 10352 6219 6359 1743 2399 4386 11607 19506 19614 19040 1581 18339 14795 3886 15734 14467 4043
13641 13232 10441 7564 2823 704 7357 8232 7025 11515 17952 7884 4899 3082 13346 5653 3027 3173 2260 3668 3571 17577 18013 18784 1169 18207
5440 449 8934 3196 1111 12641 1340 3782 18505 19399 17398 8357 17281 18641 19613 9693 17713 6510 11761 12509 7021 15839 12714 8835 9737 13353
4284 12786 458 12266 7940 5320 17034 5964 4791 11705 15908 1940 4846 16737 16504 485 10272 13229 15055 5250 8839 15527 5443 7317 13213 9664
10508 7816 10001 6411 10421 2584 12671 9164 13030 15242 9834 7749 9818 4700 18928 7600 209 7225 6234 7981 18286 778 7731 1558 8869 18012
757 5694 9616 2289 8543 19514 1140 13661 4850 16674 14456 15190 1290 2350 9733 18376 12020 2218 13415 14490 363 14552 16156 18911 18186 14008
13215 11604 12405 19542 3426 16010 19008 18838 4119 16834 12724 4954 18597 17269 18275 404 13867 13253 16170 3019 9803 5220 14799 11204 16974 22
10546 15926 16303 8725 11363 15335 4429 13213 12029 19359 4137 16246 320 11237 5487 14161 4142 17986 17438 19565 16943 5877 15237 6740 2551 18882
16072 19699 19269 15375 7236 11 13633 9143 4497 6253 2123 11066 2937 10803 3925 3513 10006 8920 13153 409 4191 7510 8457 9864 8865 13571
6198 17736 4515 14227 9297 7176 14270 10582 19326 17749 2001 10222 6721 9321 17444 13922 13795 11297 19615 19179 1255 1545 2121 16947 4091 6092
11420 3272 8119 8223 18622 17112 2284 11752 2569 11786 18024 19154 8469 6872 1493 8084 4382 10848 7145 17855 1756 9634 15717 15109 6202 19537
13537 6928 11074 19381 3568 18469 14255 1212 739 7413 4162 4221 13540 7326 11299 17857 19954 8994 19733 7990 13924 1606 1661 19309 8469 1333
8756 14978 19376 1758 16327 1114 6636 3279 11914 19148 12752 5100 9840 16828 342 17003 2101 11779 11878 13912 17927 11471 18244 7092 6119 11497
13246 13896 18627 17374 13716 1490 17804 17762 3290 661 14467 3367 388 8443 14124 1820 19585 10965 17779 511 8416 2420 9300 11870 16994 5542
5603 1635 9712 9068 11529 15396 4190 4391 18300 17282 17418 13996 11815 1560 16782 8533 3974 609 5632 9187 2361 6433 2760 18031 2945 13685
10122 13144 17297 15371 17754 17247 18188 738 10621 15259 19563 11765 10141 19993 16715 18233 3912 956 15662 14529 11975 9926 14485 11656 17022 925
13268 16836 14030 19613 13510 7557 14608 2965 6643 2634 567 4686 2468 2648 18341 12747 2815 3210 11752 19867 19471 11186 14696 14603 5114 33
13786 6964 16397 4697 19023 5419 17815 13589 5239 19894 13561 3411 16328 14922 12839 8906 3527 16997 8301 6871 3679 1436 2801 19063 1376 19156
11835 17464 3821 1287 10477 16119 17794 7243 11628 8528 17734 11615 4333 9606 14586 2126 7730 17333 4559 735 6343 14591 10646 10677 13276 9877
9644 821 4696 19915 19302 17484 7742 13773 18539 16431 14761 6085 10447 808 17932 8057 12882 1349 6132 3116 15878 9298 15382 18293 859 3306
18570 10632 8267 6284 13046 7973 16838 14186 18093 6181 16563 2831 10940 16603 10732 13589 17762 604 757 11794 10175 13737 14854 1495 1255 1636
14048 11931 7371 2393 12508 17188 11004 12512 9278 16286 9036 7734 2934 5624 8630 11100 15728 5312 2827 11801 1136 4123 3426 9667 18941 1320
11367 17234 19358 14395 555 11582 12255 11259 18005 4413 4529 7091 13022 7691 13228 6632 5349 7241 14623 7341 4698 18133 516 4267 13755 1039
19567 9660 19114 16228 4422 5007 16323 2240 14633 10845 7869 10158 15050 8060 380 13260 6061 10714 4970 67 17530 8719 5861 6284 4331 8733
6559 7859 221 13872 8485 3774 6978 13911 7198 12823 9036 5892 6473 11997 9292 1807 12777 14721 13937 3052 3568 6297 18951 2919 5387 14144
16401 8167 8858 14237 19860 3528 7291 5972 17794 18548 7823 15230 7286 2065 12950 15114 356 12496 13706 411 10199 13635 1857 13264 18655 17385
5950 19769 6834 14403 10487 17300 19645 18326 8711 16379 8974 1780 912 1589 14909 13801 12071 3664 13322 15163 5019 17926 14834 2660 4628 9943
3292 11438 18882 5430 18924 11774 2163 13059 5796 19725 11683 11915 18231 4155 14826 9405 4374 6955 7372 16711 18402 7641 13695 10894 14518 2672
14096 12863 1352 11762 382 6549 19924 14333 8645 17293 17774 12418 4251 7114 11569 7278 4502 12666 18932 1758 13396 19762 19790 5413 16219 18401
5239 11527 17067 12888 5466 15964 12304 2955 11241 14384 1494 12582 488 11636 2896 10141 9754 14998 3888 19140 19254 5758 18432 7159 16405 1486
1755 14639 356 8364 18314 4444 15522 10305 8155 832 6086 12846 5558 11386 19535 12699 13753 18541 12505 454 1533 16174 5354 4576 3743 12619
19117 16311 12968 6876 17026 18682 16240 18275 14782 3523 19154 6949 3147 13477 9865 11504 904 17440 2166 6833 2560 8642 5211 1273 17670 140
17925 10628 13844 18044 3921 12304 6957 11901 19977 6417 9025 11061 18872 17012 19733 14859 699 10582 14400 19278 13245 7171 9902 6133 19825 2374
6447 2280 7398 13326 15186 9892 10231 3734 18961 567 7001 8103 105 6700 4483 12524 13447 9869 18818 8700 13269 8467 11165 8851 6469 13441
813 15311 8948 18790 13845 6070 10771 12216 8360 11036 12379 16249 17998 17025 8914 231 18230 17754 9299 17973 3897 1165 8007 18658 15265 14714
10256 13601 18251 3099 12478 1640 2403 14651 930 13998 16708 9604 572 6974 9872 4926 1891 3707 7215 2014 7979 4440 16351 11645 18822 10896
17838 2346 6554 19208 4543 16981 9319 18402 4548 15246 13610 16050 7874 6717 3179 15765 19504 8883 9000 5413 9402 7369 13937 14689 5818 14056
15075 1561 11001 7369 13453 10746 15973 19026 14863 16766 7677 8747 15140 4856 8902 19461 14522 17238 8336 10065 14176 11433 7879 7383 14385 12610
309 13734 14159 3772 200 4043 6699 4515 18468 3262 1409 9592 1076 18767 4400 18474 2594 3332 8574 16360 8326 19831 565 5150 3188 2501
4560 398 8494 18451 1573 10842 14450 19239 4809 8238 17256 6997 8718 10769 5838 2992 11821 6002 4861 7066 4034 9710 18590 14974 14405 9535
5352 18528 16422 8999 17484 9374 11635 8189 19939 12740 17389 10417 217 6245 11128 14076 5266 9249 3452 17302 19191 394 12497 1615 14837 14021
13942 2352 7748 6642 14297 11035 11291 6896 10524 6420 8923 3093 12838 7020 7595 2937 4615 3812 10707 14914 9535 10099 14535 2426 19937 2326
10183 16548 10155 1532 1639 329 16271 17550 10513 4916 2008 13668 17702 15956 4709 13488 5920 19298 12987 13305 5543 6666 9478 7551 9067 18169
12541 4869 9396 4777 10674 15393 11315 16607 165 13319 271 3461 5821 3143 15720 7612 13796 8446 16702 8747 5717 14106 11577 84 6058 4035
15056 8813 3999 16375 13359 4923 3255 12126 17908 15391 2258 12411 12902 11780 16288 12601 16048 12673 16658 12486 14402 18670 2014 5285 10466 1786
18321 3304 16611 5954 7211 8735 13214 1334 15007 1311 8158 6594 17850 16041 14257 16643 558 4643 2628 15306 12422 1745 13017 14141 3625 8780
17043 12344 10621 19467 16767 13062 16725 2980 16139 13440 5775 12554 10415 6766 1970 9537 8097 12418 2778 7492 2203 18107 11581 18204 1855 1004
18604 15992 10985 18128 1601 16418 15098 13626 12966 151 7290 19900 18643 7247 843 7505 6316 10478 15314 12670 17933 5827 17567 14963 14942 6436
1187 128 13627 11657 14074 534 666 4697 12010 11226 15670 17062 9268 14141 19705 18579 3532 4358 18874 16259 14618 9494 2753 17000 8470 10009
5853 3114 11094 17221 3191 813 19915 19553 16318 15709 8837 18586 15752 2856 9012 10519 13142 951 7084 14268 18861 13313 3092 18529 13470 15511
8138 117 15275 15687 10184 11614 19225 11115 18201 12605 14706 19515 15028 1854 1458 5744 10123 9743 4544 13685 12358 2943 4247 17030 4072 11911
9350 284 18761 11206 16367 10262 6 5216 8629 14908 1931 9719 12272 17986 13584 15994 4869 9311 12770 8346 1495 1333 15487 14535 7280 4589
17110 18600 545 14120 8813 9178 10987 11893 1119 935 18244 3535 14333 5661 4824 5186 19667 12698 13473 18300 17154 15235 3957 18909 12439 11039
11559 18953 3717 9161 15879 5965 18733 10175 9932 8638 7120 6212 7048 10977 16835 534 6768 8505 13786 16808 7908 8983 11971 8775 17176 18119
10217 5838 17778 14712 19953 1929 15033 5407 17534 19974 19844 2955 5361 9322 19332 9902 67 1151 15798 14912 14751 14452 13027 17494 5704 10961
17851 2543 18543 17200 18744 12278 4725 12813 18838 9157 9082 19873 2877 5934 18415 2415 15809 15565 11000 786 5703 7559 16820 14885 16358 15501
13845 12036 6373 2294 16073 18409 16263 5073 9037 7945 16615 9608 10839 16762 9489 3054 12992 15662 2638 10427 1832 14974 12502 10295 7540 4648
4523 9859 15563 11429 19239 13706 12210 2320 9184 8554 17250 7214 19929 14702 18137 15464 14909 15410 12486 15055 5271 15600 2130 882 14054 19255
12007 1258 10136 4845 12509 8950 6477 11205 3381 15617 2633 14207 1111 10019 7760 102 14955 3405 5139 10745 979 9963 6533 17184 10219 2368
17618 9502 16379 10055 4161 4130 5293 3347 2350 14426 8039 6621 3611 5909 12981 11543 9657 15717 7300 6509 15551 11112 8122 5087 14760 4967
15578 5446 15997 16713 2483 19180 915 6864 2666 2232 18365 15524 17618 10715 800 3983 5081 18494 503 14666 4767 8370 7959 18928 17816 9086
9136 4068 10060 10716 3156 8055 13795 5638 18621 6726 11408 13581 5390 11162 768 5301 18501 15924 3469 13921 17108 13507 16209 2884 2824 16373
5870 8819 17290 18966 8560 10202 2775 9505 17483 17042 15918 3533 16987 12930 1081 10904 16766 1770 2743 3982 2428 7141 9516 751 18840 9323
14349 15460 6437 951 8214 6821 18387 3040 11449 19634 16624 3377 4810 406 155 10023 6067 2707 11890 13968 12224 15602 4088 9615 8387 9603
8326 8551 18631 8968 19692 11777 16287 15245 18387 1431 1144 17556 19769 14158 16221 13677 19801 8078 12825 5720 10491 7129 11397 9218 111 19938
3597 15218 17659 10794 13092 6339 955 11918 15269 535 3976 12555 19598 15350 12965 8633 1292 10777 5508 8186 19232 13918 11302 16573 1280 17233
13946 19064 14215 13785 549 13509 5539 3591 826 14728 13348 19510 8622 4703 9571 15382 2840 4607 13483 15167 2626 12663 10138 274 6131 14470
14962 12780 17172 15999 7511 167 14723 4721 7821 15153 11315 7977 5317 7723 15858 16893 8117 4337 8426 7871 2805 10506 5590 18045 5515 13384
10592 18985 5542 3403 6775 18650 6850 12151 9546 15688 3883 6543 19423 7684 8100 11871 15244 9234 17147 18780 14342 3914 17290 16184 17476 17530
15748 12831 16059 8147 6361 16940 9040 9818 11679 15279 7466 2133 10267 9152 18659 11141 10325 9041 10090 11556 12800 4826 12531 10022 8770 9294
19808 9800 2827 3834 2170 13540 13680 12579 7341 4507 10979 13545 19159 13839 2287 6450 3095 11831 19112 5066 7452 9802 2183 5543 3509 8247
19687 6372 3901 13833 899 8441 612 3832 8571 4236 5890 12994 18586 17882 1005 7868 655 2927 15587 14018 3752 4561 9122 11786 11 10297
14301 15509 18859 2 17588 7669 13688 11273 7976 14461 8031 8986 18524 2529 7199 9159 2070 12031 18648 12214 13456 2873 1874 13172 17636 13549
11699 726 4872 1747 2680 996 9239 9796 3112 11805 17640 5278 1295 3771 12834 14979 1427 11700 16435 5968 2433 11622 6990 2908 5351 7031
10727 3231 19387 2948 18653 15194 14096 16270 19723 1414 10705 6692 16815 411 5684 3597 3276 692 15219 15253 2715 11415 17715 15463 9034 2370
6030 4238 1871 3190 11744 6259 679 1878 5115 4731 2427 9339 19084 4065 9775 2987 8491 667 15847 1912 2485 11904 6120 9090 9309 16192
15737 7996 18670 19523 18142 8334 5385 5044 15671 15050 9492 19044 16068 7386 16170 14480 19547 11674 15528 6234 16720 3573 14820 9266 13252 6939
7355 14475 11917 9299 528 6480 16034 3459 17677 19567 9195 12279 19178 10876 12505 8385 8440 15337 13218 19365 5010 2498 15797 6968 16768 17992
878 16785 17274 18848 828 19177 16553 13113 17588 11508 9203 18387 17700 17770 916 2480 13266 12445 7120 10647 7105 6103 1176 5458 2018 13740
5956 6108 13280 19431 9802 12788 2887 980 5548 17300 3561 15576 13055 9430 7956 4315 5398 3788 12262 18195 11622 112 16985 3413 2481 13212
17051 11718 6823 16839 1721 15398 4627 312 17663 5682 5200 6465 6546 11762 6567 5636 8874 4129 6371 4890 11670 16968 13815 2171 10072 14711
1790 5181 8070 10905 6372 8484 2886 6006 1235 14285 12561 2699 3118 158 9533 9639 7383 5568 18826 17653 18588 5804 14845 7503 8575 12691
7142 15590 14689 2964 14438 10918 947 3616 7349 13418 18440 4984 14879 4339 4493 3238 7637 19991 14068 10253 1850 17892 14281 12866 1382 16570
2464 8790 10410 17487 9025 17122 7291 19371 17539 3331 8053 5392 16964 6549 19807 13728 432 19643 10667 2332 1713 18038 16414 9525 8702 11806
4320 3824 3985 6612 4695 2441 13648 5742 8246 10118 3018 14134 6078 6064 1725 9252 11759 15644 6993 250 15806 11626 1153 5609 3792 14663
6814 714 5246 19944 2260 15974 9494 6600 16389 16705 11074 18317 16537 11227 15454 11806 1385 2173 8132 5898 215 2170 18984 18860 16685 8625
11634 17965 15933 4504 10603 2193 1990 17067 7084 14696 13963 2268 5728 1334 9494 16716 17731 5498 18534 5177 1601 336 13382 3128 146 3872
5299 4425 12364 3426 3526 4466 4857 15764 2044 18491 3579 16342 5176 14096 7172 11171 6712 8535 6848 1485 15147 19296 12296 10758 2156 2601
344 17334 10007 11215 121 5661 9026 18976 17080 13439 9695 8597 17184 4813 8787 10518 17449 15151 13029 15685 2534 10023 1198 1384 10333 4053
5492 14066 5722 15798 7606 10305 6471 2333 9150 16388 11755 7122 15170 10320 6825 9694 16974 6321 16107 13725 16783 11857 7720 7989 2566 13095
2218 17227 16555 2848 12687 8011 5276 18033 3698 17345 3515 2187 13733 13995 7514 11031 2254 17426 17090 4967 10410 8922 14586 2821 1373 5131
2966 14811 7252 7433 19597 15584 10979 15520 1860 12996 15512 12603 5835 1198 18389 10992 13114 17978 7226 10840 18950 4581 8356 15379 3870 15261
13605 9986 659 17208 19618 18525 10724 988 7212 5047 2788 13355 760 17703 19655 9345 19721 19931 6011 9277 11026 16028 16354 18736 10069 642
16811 10065 1628 13171 8111 11448 10715 18852 9492 9779 3004 9427 3487 11595 786 17184 15242 16679 1583 18672 18963 6953 10429 2457 317 18387
12100 12588 18828 6 5695 16469 12265 2658 1093 16830 6726 6322 10268 18392 17375 11665 11586 13638 10935 1947 16796 7761 946 6117 11452 16266
10706 14637 15303 19141 4913 15788 841 1178 13785 6465 2484 11568 6628 3977 182 5318 9075 3385 7124 8804 5864 14488 6896 1241 999 2389
11642 19738 13385 13181 13717 5674 4708 10011 11129 7722 13379 16500 18924 6941 18230 18783 3260 3707 19303 3010 188 12314 11383 14233 829 13672
14675 4516 19988 10707 12757 10795 9257 12961 10060 7777 18364 18018 18323 14794 10168 12929 14520 11968 9412 15875 5812 10225 4872 19943 19896 15157
68 16912 4912 12487 8728 1776 10624 8597 14182 5689 13698 11404 16718 15089 2675 2388 11954 14211 9753 2594 18187 12616 10134 8235 19860 6581
13556 6529 15599 956 15124 10508 19608 1282 11289 7612 8387 11924 3258 10460 2636 17108 15402 18813 9268 208 10581 15271 14788 16938 3655 6924
5622 8156 12448 13287 16375 12960 16022 13442 10174 16862 6693 1932 5541 15615 18505 11767 4823 13643 15053 8683 14311 1854 16805 3413 315 14567
14126 15930 5915 9102 19922 13835 14622 5082 1249 4575 7737 5995 9855 15251 34 18139 12554 13617 1431 7481 14381 2615 7549 45 913 5983
3271 12782 2198 7220 14218 824 15601 14133 7766 12264 12008 17439 972 3844 13381 154 1989 12022 11876 6824 5768 3410 9100 18387 15318 455
3281 11283 1801 13360 1329 5808 7662 19190 15561 11351 18213 3121 6994 2412 14688 17829 15023 7348 11435 2558 9340 5297 7933 8526 2696 4280
3482 2825 11144 7352 14134 5703 16817 14249 5849 1139 3464 4736 751 1006 10466 15409 15670 9928 6769 6962 17993 14920 5611 15377 5176 2377
2845 2170 18130 1347 4834 16869 11703 4321 9769 17583 11188 4786 7967 8411 5005 11993 2771 11512 8643 8691 16860 5330 16850 14165 14108 2951
18290 11415 15618 3648 10728 18378 6849 16038 15527 4290 5275 14336 19104 18963 17132 7893 17601 16564 17608 15857 16979 10226 9583 19422 6167 12283
19847 12411 4489 3296 14762 18558 500 18251 2346 2489 10021 13626 14913 10784 6294 4564 1339 10670 6376 9634 6419 10093 4593 5023 15940 16102
9 9826 5372 12661 14205 9217 14737 14561 8729 19041 15458 15042 9701 16588 11553 19095 14525 7227 12958 977 6342 3205 13785 14765 9712 1183
14847 7065 6061 4496 13262 8280 4882 18125 15938 16097 11162 6079 18108 14272 11772 5229 8342 2569 2384 18658 11167 6399 3388 9013 12619 17790
12732 17489 17762 8674 19885 16779 17803 8992 8857 1033 371 7510 8 9814 17461 4937 9725 4032 12475 18481 17418 16577 5427 9828 16007 11445
13720 15275 6143 2309 8017 5667 2885 19527 14561 19291 15447 8407 13668 7827 3598 3487 19691 15599 11048 12226 9789 19283 2540 13356 4879 14166
7007 10330 17566 18215 18329 13897 5920 3377 6131 1729 13416 9433 3112 14177 6681 12948 11876 8117 5653 17981 6289 7221 13590 11196 8339 18322
2130 19170 4644 12982 17736 19741 3897 3575 4573 17762 12408 4326 12821 6230 9608 2085 10692 1735 19854 2093 19861 6137 3225 2588 6785 10415
12263 2232 5029 15816 6037 14179 19421 13995 13460 5504 7051 6747 8900 12269 7668 18524 13665 6871 1255 14783 14363 145 2154 17264 9312 16080
3171 11998 11510 18386 8866 5043 4925 13630 12931 16227 13103 1421 13521 17610 16519 17601 6522 7888 15548 12721 16182 15805 3888 18088 10816 9281
12590 11247 13369 12832 14758 2695 16718 5497 6833 19545 1435 9962 19378 16054 17804 4512 569 10389 14692 414 6695 3920 4891 978 18676 452
2410 15618 5250 18175 3116 17570 12387 13147 5663 201 6112 15813 2512 13366 19165 3080 11681 18124 677 16720 17046 309 6773 9959 10085 5128
18977 14718 18447 4395 13961 18038 5410 19138 13999 18358 8897 7760 3834 15866 5355 19808 7021 7034 2986 4193 12722 9045 15731 19107 17042 2821
4763 11871 8501 15585 4785 18266 19927 13458 4507 1097 10561 4948 4075 7502 14473 7976 18741 3292 11060 1775 17748 2606 19207 12364 14211 16236
6791 12325 9818 14269 17048 8940 4551 6733 13716 1715 18617 8125 13499 5071 17488 19665 19326 4106 12367 332 19774 17432 13557 12358 15889 10097
6444 5254 10876 10253 15466 8495 19651 8958 7755 6493 17785 18944 18058 7326 8518 11345 10433 8580 9312 9609 8411 8666 9687 14379 12961 1600
1677 4630 548 16957 766 11936 4547 16876 7071 8575 7434 4204 19040 3617 7087 4532 1155 14837 13733 5431 16304 726 6085 14809 778 13821
9036 4944 10899 11771 17119 16853 18591 2220 16311 5369 12071 6700 5938 8844 2276 5799 6621 7248 19050 18348 7937 18430 2454 1612 7542 7340
15320 5521 13000 16801 1525 4682 16904 7273 14345 13156 9707 16821 18246 15035 10682 6341 2804 16691 10813 12181 5866 4576 16091 15695 1887 2479
2096 16640 19096 19343 14576 9953 5884 13133 14884 4879 19261 13112 12122 15820 2188 15296 19962 12494 6061 13111 10685 15773 9365 3448 1799 2283
15487 8772 14118 580 14984 80 16202 6954 7772 17698 11229 2276 15606 13179 4717 127 11946 11535 2690 8795 2298 2535 18817 18864 179 10646
13792 9203 6336 12899 9872 3515 13772 18923 19849 5061 11229 15009 9249 15807 1433 1157 2613 4830 14558 816 1277 7583 5822 1918 6140 7184
1471 6826 1917 19776 10680 6889 18992 6319 2071 7898 287 16566 14302 10498 10180 6580 77 9821 15574 8152 1335 7915 2751 19299 18844 16535
19694 16945 16811 16359 1572 19825 16417 2383 12365 8680 9558 11251 2294 3787 5393 8164 517 18137 3557 1450 4155 925 3038 19291 5139 16151
12351 19134 7340 12492 17955 16939 19764 19056 3813 15272 8428 2479 7828 4031 10919 13796 3237 9849 17157 15341 11874 8542 8256 5354 17964 7856
9927 7261 6503 17083 4848 974 19445 10897 12791 6157 231 1756 19364 4640 19447 12315 5078 19523 10343 12026 17328 12603 3734 8100 2166 6794
12693 18615 12961 900 13511 12073 18829 11112 13331 6932 13003 8175 7392 14323 9725 12722 9539 14981 17712 11297 2673 2141 9461 13033 15889 9768
7423 11168 16085 16285 302 1170 17225 4531 12454 19143 2250 3188 19055 3656 5205 19885 5301 9443 19297 18064 12357 11930 9883 18753 2654 4913
4231 1219 8330 17662 10569 16349 16199 18531 2021 5943 17402 11029 2158 14184 16623 10962 8021 14036 5644 14540 3982 9278 18644 6609 9965 9848
14434 15019 4784 16140 16826 17932 18827 4159 15387 13875 11849 707 3499 16476 14677 14629 2557 3222 11482 19266 13429 5492 4083 17075 17156 4495
3746 12926 5932 3663 15563 2032 1639 3134 8540 9625 1688 11084 6844 5750 52 17454 5575 13658 5214 18072 19171 8882 14042 2149 8152 16137
10013 15315 9953 10419 18279 11059 19063 6207 9209 5831 17302 409 15320 17694 7869 19516 8415 7435 13520 14968 7108 10060 3493 18530 10397 234
18875 7403 4670 855 18258 9143 9608 15056 2343 5901 14884 2584 14930 11858 9220 7409 12250 2203 16043 17935 9435 15394 9611 17612 15469 3995
11343 14126 8925 1787 9708 2368 16651 3104 8284 41 8442 9664 4509 5773 8142 9628 11164 16808 3536 10300 18723 11144 13559 13519 8905 19429
16083 4484 9380 12797 1983 17364 17165 13034 4093 17062 16162 9455 7804 10427 19847 5554 1101 6764 15404 12526 17730 9449 541 18654 8654 2143
18343 19237 8862 15192 19469 14914 14462 17299 15485 6319 13597 14599 2113 19522 19264 14585 13133 6139 10733 4767 3390 14232 13749 5672 7247 10025
17931 8878 9502 4661 5046 18340 6552 15778 5525 3961 7886 16394 1055 11287 10728 4175 5438 12795 15311 19697 13533 9792 5574 13358 3529 9077
7569 16411 11173 19760 2682 16723 19304 5745 17532 8194 15754 4234 1437 5351 17865 1849 757 6897 17110 14388 13527 19705 10605 8482 17333 686
17012 2307 7395 2092 17816 6342 8585 12151 8910 1915 5273 16865 3564 17103 10734 17271 7484 18814 16593 15752 10207 19933 10297 9312 17471 8097
14685 12721 2660 17497 14598 8547 8509 11748 3314 9350 19021 12510 9118 12554 19093 8006 5907 5107 8465 6768 1148 12786 11936 14550 13613 14852
19530 11441 8838 15609 7277 3728 174 11329 7805 4974 19538 1474 14727 1533 941 12117 10994 10622 15083 12359 2784 2897 14944 19083 11283 12175
19503 4050 8344 7851 512 17766 12353 1968 18943 6448 13607 16360 12256 278 11147 4146 11645 16020 15993 12672 8062 11560 6053 1963 13259 14527
1995 9977 18760 11838 13891 16836 12064 6422 10363 7487 6490 6642 14652 791 14311 19102 11521 4739 9415 2991 9639 1294 14100 16339 1521 11123
16107 5674 7405 4639 16341 10260 3328 16514 6349 1265 5490 13202 8460 17270 981 1092 10380 8484 2625 6659 19531 17079 14748 11287 3364 4201
3739 3982 471 1159 16987 10876 11352 12620 8135 16218 6372 9086 12495 1905 739 1738 13550 3041 2615 3597 19095 19053 13866 4885 12382 19143
14588 12200 742 6391 8683 3368 2843 1079 4655 4787 16988 16444 12182 15254 18531 15906 6342 13290 5585 3674 17491 2899 775 5119 9604 2003
5528 11963 3596 8158 16830 13382 13726 1809 7584 11606 18195 7318 3472 13917 8129 17938 1572 7736 7296 9976 19251 8837 15868 9489 13585 4514
944 4518 8813 980 8029 2074 7635 11040 11027 10013 1628 7322 16990 10212 15624 15402 122 18927 19022 815 6143 9526 3119 2184 15102 19904
14594 12725 12345 17499 14537 14781 11627 5650 1239 11087 6811 16176 11808 19850 18335 9671 2281 18066 4505 17645 3520 6276 15807 2216 12551 14799
18756 15035 15389 14100 8482 18096 19309 1457 14050 12467 1651 10675 5450 8051 4729 14908 260 13867 9058 7731 5554 11352 6534 3196 19151 10014
6923 19133 14354 7129 1539 10060 13887 413 8784 15481 15166 15764 2001 18076 13575 4030 2871 13036 14334 3407 16776 18218 14682 2165 13199 10544
3127 5343 18770 8468 16219 18562 3470 13923 19812 11435 14715 8366 13946 5170 17880 19625 11581 415 2262 4867 5308 9926 12314 11449 5967 19614
1822 5795 17913 9246 12552 6772 10601 2745 4633 16694 12902 2785 17606 18994 11673 18323 300 19722 17454 7280 13420 2665 12475 11752 2087 5979
3876 3471 12611 12041 14064 467 5660 16732 6883 9387 2240 13294 10289 8125 17449 443 19101 3824 4818 12331 9075 8473 15470 14268 8139 19481
10669 18716 15282 5619 1217 665 6421 15935 1436 19044 3534 12582 14386 17145 7968 8067 8978 7504 5278 2317 108 19408 13688 10437 19212 2109
8555 4952 5403 18092 19961 18025 16544 2668 1423 19170 505 17222 19490 9397 5599 6317 7718 10291 11361 16711 6355 2463 15 5993 2468 8155
2879 18508 18299 14324 13236 7490 9170 16571 12868 438 14108 13109 17679 5863 14254 11252 8862 14032 3865 10334 8490 7424 351 17708 3587 2092
9547 9742 4871 12486 12428 12771 12884 12911 9185 16828 7952 18074 4945 8073 2010 11782 15641 10353 12576 12370 9709 14603 17927 2583 17283 2361
9847 16404 18914 3124 32 3311 6245 16612 8325 1922 16259 19469 9564 8835 4362 6384 131 13934 60 14277 3827 210 6660 5683 16375 11918
16440 13858 11694 3184 9823 17047 11715 3188 5213 8521 13695 18714 17581 622 15044 2373 14624 2139 1330 4380 12748 5999 18210 9469 19330 9458
12092 18305 4240 5516 11802 12123 3595 13704 15039 5151 5400 18046 2671 17860 13387 1234 10641 13703 2760 12087 11971 17339 8106 9741 11563 14530
926 13895 2269 3109 5390 5436 17249 16982 4101 6393 7490 12030 7587 11614 2916 9484 9177 19231 10361 5699 14554 12675 6830 11380 12124 7091
13835 14224 19057 19278 16401 19887 19320 14106 13308 11092 11503 8450 13559 3659 13906 15151 6003 1150 7248 18692 14012 12408 4483 8033 17487 5234
9531 2625 17493 6155 5465 17646 6054 7227 1199 49 2623 2828 7138 9148 13435 7995 3987 1770 3934 1242 14327 7325 4445 9306 11109 18574
248 18240 2840 5600 10427 3959 4065 13652 19275 1586 10674 17825 9955 9734 9397 15454 530 19785 9647 14458 7153 11245 3801 2761 10749 290
3124 4925 15499 13865 14769 5228 11488 3811 3909 12427 5410 5241 2521 5797 1316 14978 9904 6600 19338 6621 3150 9012 13043 13602 5698 3809
3314 16132 2115 19639 10589 9764 7821 8342 18400 7123 17065 19679 11271 18221 11448 10341 3053 14464 8878 15406 14437 15811 4774 8380 13939 2114
14455 52 2591 10925 9270 12674 4405 7108 633 10017 8216 3684 1266 15133 17377 18806 10287 12521 2658 4182 19948 8156 19143 3457 6871 18095
6487 14187 13336 11541 13822 118 2337 18810 11357 19779 1793 14943 7274 10171 499 3824 3220 2130 14474 249 13462 8529 17414 11811 15588 19797
15073 8419 1927 12031 19911 18163 13805 2888 9796 5801 2837 7920 13344 16922 3621 4821 10876 3545 7438 4414 1013 14604 7900 19429 9658 19147
4971 15423 11458 10193 9904 13961 10728 2982 201 17375 14331 9899 12486 1425 1386 15068 3910 17427 4978 7903 1121 10723 18133 15546 942 19484
5539 12651 10619 19224 10001 18600 5315 17764 4314 18584 1320 338 8607 1264 18287 18660 16988 12075 9736 3279 7470 1448 365 3199 14251 11668
9934 4689 7421 1880 4822 1969 401 17052 130 277 6910 19840 8131 15689 11242 3683 19536 18351 17514 2078 11191 5334 1934 5732 14578 15171
2889 16966 7127 14658 10324 16232 12948 6961 11468 7787 18371 9043 3192 8178 10028 16015 11115 2065 6693 12033 5254 14450 10162 19450 8337 10910
3454 9577 15306 1052 9672 4541 3314 1102 4642 18470 9221 12752 15472 19409 5235 9175 2154 6936 10801 3884 4269 778 18861 14155 12914 11668
3841 17594 15696 9389 12599 17382 8759 6960 4381 18963 4058 16077 3754 12995 8971 10543 16950 5272 516 10875 9545 5348 7872 11504 11433 10226
10789 17684 851 12860 3627 12677 4262 11020 9548 878 17797 14577 17845 8863 1342 4537 16075 16254 457 13700 12091 8033 14638 9618 2245 18725
12094 14235 6607 986 8707 5799 13816 6134 12211 1362 18046 1930 7016 8987 4953 8065 9416 6038 14894 9936 8008 9322 12445 12776 15953 19544
15942 17136 10551 6048 13543 13389 8118 10396 10057 4029 17195 18565 5336 663 19672 9492 8967 15025 3025 11680 11178 16805 18589 5371 10820 1049
313 12517 17224 2150 19604 8197 2787 7469 4779 3207 5053 5290 16222 8389 15206 6536 9435 5094 5553 18233 15520 992 9090 9056 16905 14981
9663 19788 1432 19637 6485 4188 12528 8409 12299 17929 7681 18806 19039 12552 731 1795 15183 16944 14266 11230 18712 17015 17229 6993 16991 16233
10790 15634 12538 7985 3904 14323 4614 6418 10145 18762 12099 4733 1304 16494 979 1629 14159 4802 7642 8413 2998 7116 9541 6519 1247 12968
13901 6399 5267 13831 9701 12650 2989 441 4428 16178 15474 1644 5665 5325 3381 19032 693 10896 1758 11311 16624 2579 3635 12832 551 4222
12695 4898 16985 13967 17498 16600 15841 14672 3252 1673 1526 18060 5759 15100 18763 19478 5382 14826 11615 10646 7237 3346 3186 16569 3196 17050
4959 16396 5566 17925 6785 13542 4297 4506 18905 1215 394 2760 15805 12994 6898 8112 16265 19950 6376 4352 4263 13253 2670 19874 11957 14117
312 13317 10359 16285 1565 18445 6516 8014 17170 18093 15422 44 4015 19448 4155 17715 17606 7871 4130 12598 15738 256 1371 7327 2359 4893
13315 19446 15068 19340 17691 913 14777 9907 18219 2427 995 12640 10151 12732 8666 4730 124 14107 6695 6996 6390 4019 2720 18339 9029 6737
8215 14718 2463 6291 17692 18017 6189 2309 12019 17992 3069 1773 10831 3819 19658 13964 14009 19275 15243 9797 3036 8231 17879 16359 4565 1302
5684 3264 10672 811 14438 12445 19352 5199 14095 4216 18403 15376 8993 6779 4484 3673 16046 8415 18480 3963 16209 2674 12444 12278 16603 4260
7156 13954 16914 18290 13490 401 15113 11370 247 6805 894 2707 2154 10726 2112 13624 4103 1470 12548 9375 6805 6950 15274 11387 15041 2189
12300 16673 7976 1699 8623 16342 13155 18145 1362 548 7276 14504 7983 19161 562 13892 4584 10159 17451 3870 8010 8302 10512 3879 2046 10967
8055 8256 4097 1243 2938 2117 11084 6286 14509 13747 18022 4010 2645 18686 9408 4458 13311 18916 1021 3687 13567 11362 1307 850 14590 7540
5992 898 3383 18379 1207 15735 12255 5695 490 8819 7566 2694 5175 5585 16784 14072 2834 13738 17312 18729 2910 5829 869 9637 905 10687
8359 11850 16649 8014 9578 12782 19985 18180 18286 12874 17427 15161 13318 8159 7136 14060 8461 7956 2190 14746 6852 5990 19896 7794 11460 654
11883 2418 5054 14494 3868 16414 4841 19433 8366 5643 13175 12103 6089 11188 6570 4721 12694 655 13235 10549 8560 14231 13982 14838 15478 16710
11211 683 18291 10219 1602 12984 10298 12098 454 10897 11984 16102 6584 12619 2350 15300 3111 13661 12102 14209 4628 112 10686 8893 7808 19441
3440 10918 19329 19715 15902 18497 4127 9507 16159 5829 3509 6506 2010 6527 11904 13226 11670 5724 7573 13294 18102 618 19514 10435 12586 557
17492 16576 2958 14108 4729 7154 619 12654 13143 4751 8976 19225 19627 19600 271 3153 7197 11506 8524 19230 6748 15295 12969 3895 8624 5245
2955 2138 14325 297 14338 1299 537 8595 5762 5924 16614 14146 9056 6956 17795 13038 7605 1834 2371 12581 13841 19695 18470 8675 4532 755
14441 3246 1249 10786 16898 11619 18617 5102 8642 14846 18261 249 7364 919 4249 15585 7518 2399 15692 19269 9370 18814 3078 5014 15135 871
6853 3156 18442 11738 2864 9938 7562 18098 15061 14002 17729 18668 9962 1063 8186 4913 19599 5168 8408 13604 15970 9950 4160 3238 17329 1191
10687 17468 600 14792 17867 7667 14595 16687 13217 17883 18430 5410 9366 8745 1631 19136 16558 18598 12167 3779 941 8890 5888 17167 11309 11711
3749 6878 7511 481 9818 11117 6123 2043 13080 7447 18244 7544 17626 5467 8023 1835 9694 6917 11795 9382 19807 9563 6689 17309 7856 10610
11264 10523 8466 871 8894 6512 17163 19025 8230 8849 11469 777 13565 13545 1811 223 18766 15815 14921 18444 1831 15744 16203 2819 15149 695
14103 17043 17857 2590 19910 10213 10388 19118 6593 18583 10340 11429 3310 6000 19123 7708 16573 19575 13675 16900 19352 5844 5788 7623 16721 10857
13217 5676 10619 6271 5161 12728 15203 18690 17402 12112 4971 15505 9157 17488 2337 2784 2533 9425 6601 518 8492 7798 10470 16859 5640 6107
3696 1251 10788 9405 4629 11537 11432 9558 6485 5690 1841 10817 6081 12704 3252 15763 17484 13730 9743 14398 3693 17589 5940 8547 3938 16144
17151 7416 1504 8260 13727 1299 19305 12111 631 19529 6707 8455 3208 17174 1316 4677 18170 14624 12026 18060 10879 9402 17851 17838 6266 5043
8362 16652 17046 7946 13202 10129 12567 14429 17928 15484 12260 8971 3697 14782 3818 9981 2359 10896 10260 6751 18942 18747 15728 17490 13393 3257
19285 17263 5826 2945 16307 18009 16833 3025 7560 14145 594 16782 3633 18468 19255 15317 14107 16564 5789 2141 7362 12053 6612 2025 6538 12329
2500 7684 18619 12173 3275 13256 9996 2751 13678 19672 16554 4396 1384 15760 5952 14464 6782 17854 4033 14201 15326 6010 17757 2108 17541 19486
11193 17890 7225 10762 1554 12478 3081 11560 12749 5179 6247 1563 2914 2046 9991 15552 6829 8993 19515 17416 18846 8299 1117 11306 11626 11768
4231 15753 10877 3450 14242 13754 15523 16612 19171 5316 12239 9313 14458 12835 6575 17045 8395 15827 19662 3883 9704 10181 1492 18095 869 2445
16783 11950 18020 8254 3452 6592 18590 3338 8286 19761 12459 11588 15862 19708 6738 691 8491 14032 1762 13384 6731 14012 9534 17587 7484 18713
7045 12216 2389 16426 13067 972 7534 612 12823 8973 2306 7915 3331 13354 7657 209 12793 8216 12323 2005 9687 6422 19723 19196 19807 10893
61 11184 17092 2724 12238 16661 168 11181 13723 614 6867 5553 1283 8297 16869 6896 7863 2739 12378 6794 14568 1485 820 2757 9792 8029
7275 12649 11466 10081 19480 6705 4944 15657 18810 14111 1348 15292 442 4167 18353 13398 18709 11203 519 15389 5634 6818 678 10595 4171 12672
18453 5306 16758 6078 12768 17267 17402 15570 16964 4299 12200 7791 4413 579 2088 4445 8433 16603 3151 16270 3629 14524 12936 19743 4651 1462
15383 1381 5732 15653 18181 19396 1000 5762 18980 4705 16998 12526 16570 19595 9993 11960 10237 8035 12471 9979 10735 2030 14673 17212 15899 19457
7581 15380 1832 15290 8948 18865 1759 12457 14716 11961 6712 2644 19699 14702 10651 7874 9834 13944 7280 13817 13365 12952 10589 5613 12459 2265
10844 17400 12654 3777 13967 8565 9199 3459 4276 11352 4449 8147 7748 14237 16314 13435 17095 12802 2183 8073 17748 3659 4539 8356 16509 7013
8077 17152 14698 5603 3698 3320 10620 5496 5941 7165 11244 18175 15255 7043 8901 5520 10619 14134 10540 12884 5032 1158 2030 14950 1653 18051
11910 8288 16733 14056 13646 6204 5025 4697 8068 17074 7879 3435 12291 4907 13604 12123 10700 18808 13333 4729 6641 8049 15329 2733 17038 1950
10425 1664 5542 18146 10832 15009 13345 9310 55 9952 1478 11532 2197 7571 10321 3155 19205 4770 18766 18229 13695 3159 8474 11788 19221 6115
14744 9678 17575 3769 17282 9084 15860 6679 10831 2579 14593 939 11796 16625 10116 17600 12189 16423 14924 15644 3540 8888 16733 18986 1046 11204
19800 17129 8784 10904 19730 8878 7220 14665 12522 2408 5135 7227 17408 11843 4312 10521 484 9780 2333 15063 17815 3557 8575 17123 15475 2758
1700 11987 16012 3043 4704 1304 11678 19403 17814 19946 4849 9231 12009 17283 6844 4613 851 19787 12592 11639 6247 11963 6562 17066 10857 12236
15141 470 19993 10260 3401 6309 5919 16473 6865 9241 3112 3225 13190 16696 17872 5632 2878 8602 2686 11047 12025 577 9038 115 7558 11992
11719 16162 2018 3575 603 16577 16704 6244 12685 15065 19258 2136 10953 12955 2045 13625 4185 3801 7844 3732 12963 12677 5069 3447 4584 15019
16858 12 2289 19739 18397 11883 3027 14315 7081 9784 13985 11546 5062 3917 16374 5805 17370 7828 19004 10606 4264 18881 16452 11746 5603 17703
2720 4306 19395 9088 14250 2486 2035 2454 17104 12003 9914 16836 7291 14472 18984 17085 16571 4157 16147 13923 18172 29 6338 77 17813 11265
8222 14346 9308 10158 5358 5276 14093 13714 6825 6768 11749 4318 6038 13724 19965 105 2363 13983 12920 478 10673 1445 16818 9229 13413 7428
18018 9377 6191 10204 15442 2354 2109 18135 16818 15014 7620 1089 819 17716 19032 3628 11385 18440 8328 14701 10452 7092 12593 13158 10557 17246
18637 14428 3464 7976 14895 12106 2507 17831 6344 19927 18838 17406 3973 2871 19245 7977 13838 11420 2318 2809 14995 2557 66 3788 1984 5286
6740 9922 1095 6405 14543 15601 16195 11235 8165 18610 15211 3844 17557 16781 8782 15306 3397 3467 6649 5876 3518 10515 16593 752 2841 13993
6030 19072 16027 4896 4533 102 2715 3314 18902 15413 2822 6948 5049 18574 17143 18467 18593 9167 8358 5368 11573 10369 4652 17439 16145 16357
10438 5891 15425 19103 9362 10507 17557 7906 3625 16913 14486 6990 15184 5795 13432 14002 6566 16010 8436 14765 4390 769 7640 4357 18389 6459
15593 10317 15534 8693 8460 1539 12758 19932 3692 5371 11280 7823 12224 5723 12757 799 3769 6119 15763 15211 12268 2224 8337 2219 17188 17302
4945 10593 19463 9689 3060 17056 3232 13801 1782 3375 11854 8959 5529 8434 19785 11973 8086 196 9925 19416 843 16658 538 14558 16741 19166
5039 17430 8231 17421 17526 5904 8147 19734 5097 9054 11395 266 5068 6315 4009 8120 6111 14424 17145 7976 15352 12946 2239 13246 19290 6887
16399 18820 17613 9060 15004 12653 12714 1109 17545 16736 18819 7658 10529 7344 11257 6228 1066 12414 13108 1559 2788 17339 5011 9054 3020 2061
4327 18649 12565 8587 19914 16852 83 2059 6508 5943 12482 19786 13829 7396 10969 1178 1091 10967 14 17148 11893 6448 6515 16312 17821 3559
17018 1774 1900 10537 6323 18756 5176 4661 6390 10939 1616 13456 14797 16842 12875 12306 1340 14498 15065 19709 2351 9999 8627 3154 3826 3511
8419 16982 17388 1657 6910 5432 15949 15552 6130 11417 17775 521 12257 8706 15976 13372 7275 142 8857 7608 1693 8974 6325 5850 941 6289
6977 7695 2894 1785 11240 13911 9860 1377 5143 6376 11161 703 10927 12922 13376 11449 6196 8281 7669 1883 8485 7106 9616 15046 2207 19302
18252 14089 3366 17944 10163 8353 789 4372 15351 19450 3766 18982 6558 6462 2854 7227 8282 19416 5793 7533 6955 1811 7766 17418 17751 9826
7579 772 15473 18224 6883 6242 15432 18685 14538 8285 15235 5982 7290 5776 14832 1192 3182 15568 19522 16658 17476 657 6312 6825 3253 8426
13874 11685 5361 10138 7408 11595 7407 15803 11052 14948 9695 18244 1242 12338 15171 8274 6242 5616 17127 15238 1623 9941 17538 2855 19598 9568
15736 16379 19890 2617 4971 9499 10579 15408 15551 514 4446 2992 17536 3992 5348 15823 8181 11852 17991 11749 10881 3864 9253 2356 19117 17365
6553 19587 7297 9794 15045 4629 11989 13842 6622 6554 4153 5738 5339 14620 13494 4080 5484 916 9932 13053 3635 13940 2222 6071 7212 18534
3922 7684 10927 978 3430 8735 19209 7455 11818 10518 5714 5487 3279 759 19346 16313 6657 12682 6235 9757 19786 7543 3985 1791 2565 8775
11096 7164 14531 12938 10804 1975 15120 8414 2826 15257 4084 3712 1394 4101 19920 17864 15185 4396 4774 16117 3812 2036 13223 2726 11877 14975
2426 10069 16090 963 7675 16609 13983 10229 14763 5721 7983 2509 19251 6043 17644 16281 8411 15453 2764 11502 13480 1086 16700 12438 5919 8500
19617 8399 13388 13539 845 8366 1803 12988 7231 18659 11641 17479 17818 12912 13303 3749 14416 3750 12845 17583 12625 15100 7390 13236 13764 3326
10545 15176 15615 10327 3766 9046 2021 10228 7813 15187 6976 3649 2982 1428 7801 5405 14023 15657 11324 2758 6394 11903 2554 3158 4924 6541
10683 6912 11091 18615 2043 13281 207 5496 5811 17128 3583 10313 8334 12424 2118 19697 11351 19411 19511 11576 14259 13971 3030 15433 1021 18777
3548 5812 15914 12519 4184 17035 759 18246 9430 5177 17490 10405 8799 12279 18454 10363 952 6975 5969 10219 3538 19641 11301 19434 2892 14747
1207 6626 18056 18393 2899 13395 18375 8613 860 10820 13217 5854 353 14643 15876 13302 14767 6919 4903 9529 4142 13081 19267 12021 14042 7897
4228 18541 6225 5558 15372 8456 7776 5844 4457 9271 6076 956 6051 19474 55 2061 4784 19665 9924 9526 17884 7175 1966 9328 15658 15818
11330 19995 16839 3468 4424 13982 8220 8366 2992 14408 2298 14734 18662 1808 13659 1385 197 13438 1270 4541 4715 10249 15744 2638 4702 15375
13261 2280 10447 7881 12838 12012 2321 16401 19282 5907 16197 15600 9133 13720 513 3357 1899 16048 1690 11829 7118 4234 14906 19680 18180 7514
8447 15645 15375 5793 4007 2928 10370 10349 8283 9840 3978 10378 7069 3534 16468 19122 13383 1469 15899 13308 16099 16565 11729 13383 10719 7491
5121 9211 13024 12221 15177 163 11728 6343 2452 648 2645 3406 10411 13839 14002 14155 12343 18721 1419 19840 11494 6473 2200 5198 16576 17694
646 19895 3166 4684 16284 8883 17747 1245 6377 14994 7076 16832 10835 6448 18251 10416 18299 7720 10791 6122 3106 15664 8443 4568 15133 10581
10909 5085 16276 11616 8338 349 10995 18006 19274 7342 17210 18172 7797 8575 1633 1544 11810 13028 12706 14157 12791 1348 3859 4767 13359 19745
1854 16949 11823 7444 12002 7657 6539 7852 2592 7533 12761 13591 6647 16475 17414 12671 12249 18465 14645 17383 9884 17015 17640 18992 17413 7591
5338 258 14956 15766 6723 5737 3928 4148 9360 9060 18818 12903 6379 5763 7390 2889 8016 2385 7602 17238 2830 6878 18051 14681 13999 6530
8024 10271 19319 900 13829 5647 12456 6096 3957 12587 17864 12934 6201 7622 15682 2684 2821 10239 11035 14149 18207 15643 14841 7876 19811 4089
13214 13492 18605 11211 7593 5221 19288 6079 6632 16898 12872 12067 15930 18403 16437 12022 6433 12537 5420 13425 18899 5281 16212 10471 3846 4782
13078 19160 13057 4355 3969 9107 5814 460 14275 2993 2518 15422 4692 12315 18070 10336 14963 9966 8599 14207 6374 15583 19841 4907 16591 10541
1382 12013 15634 1921 16568 5277 17756 3782 19528 14720 11377 14757 10298 16885 5009 12221 1758 12111 15549 13321 12522 10895 92 5398 15363 11007
18080 18805 8305 14973 2699 10670 12414 18175 3883 15613 17381 18580 5609 17008 3506 2189 2641 12132 1911 5991 3505 11006 12263 3314 11966 18860
11680 12594 18179 4746 3303 11903 8471 18076 8193 14969 13875 12168 18209 11569 17839 19832 7200 1234 7138 16378 3695 2434 13915 17012 2044 4326
15890 3635 11477 8136 14558 6892 9852 18833 14810 17568 6488 4031 19100 10044 8320 17117 1371 16840 4489 3334 10352 15201 2410 6770 3066 7984
1448 2130 8412 14612 10078 4600 8296 13995 11425 1324 3620 9771 4965 5993 4935 16522 15758 14176 1744 12818 3457 1418 3085 11281 19299 1406
