365
70 16 72 15 92 84 9 21 45 31 30 30 87 76 15 86 78 2 10 14 17 71 65 24 57 60
6529 2946 228 16344 6198 18157 8923 1852 12495 11773 16437 15745 2771 2570 12040 7129 1434 12539 10466 10523 10273 15903 12948 7795 9430 14433
10370 12117 14908 2864 8841 12123 10538 6420 7819 4522 10978 15485 5991 16891 2456 16027 8766 13913 13513 2775 13177 14925 17350 7571 9873 1879
6486 2125 435 3521 903 3037 7688 18256 13169 8685 11212 5833 8019 347 18731 12253 15721 7459 10859 17562 3542 2232 1385 6910 19337 16399
9730 11419 12431 5229 12065 16899 16522 7183 11946 5807 16678 5629 7538 5412 4161 2426 19636 18025 1157 19963 19499 2299 17008 8315 6246 17862
17612 8508 16278 1574 18912 1885 2385 6682 15836 3491 1601 13162 13991 3577 2745 9010 15626 13885 6921 2881 18291 7106 15046 3478 8763 9329
13290 15406 2782 15351 9425 6194 7069 14017 5798 10005 11351 8525 390 10828 4219 17613 17708 13214 7831 15920 6175 14559 18298 6048 7892 3508
1067 14871 10614 7190 13722 18209 1078 111 7524 14224 4137 16664 18107 2237 18762 11645 6312 11451 17498 9725 11140 11620 10772 12187 1874 3420
9901 17413 3544 4045 2956 2230 19799 3613 17252 11064 12565 7472 13096 5010 11891 17587 12651 6996 18331 19183 5314 1539 11002 18274 14086 14798
17261 17548 1891 19304 2801 5334 1143 10793 3251 13000 15891 16233 11852 7794 16089 3884 9926 9584 3813 5822 3083 19981 19222 3847 4128 7649
18518 16585 11994 13731 1401 8047 6280 279 16259 1063 4098 17654 12129 10659 11602 9446 12332 7566 4507 6352 6650 15441 11340 13230 18915 14579
2063 8821 2944 10819 11395 6064 15617 9388 8520 14547 12596 8 12391 2797 1986 13413 12602 19408 17072 13796 13665 4916 16133 11578 7418 5244
140 15894 2526 15167 5770 12328 2521 5983 8403 12075 19713 16619 15670 19903 8191 2637 10655 2007 10300 12186 4797 5267 8398 5780 624 19146
14149 10722 1672 3168 9851 827 5016 15800 5711 4707 7589 15803 6628 7602 2489 17370 2957 11367 19664 8378 3404 344 7484 8566 16555 10760
13214 17361 7683 16157 3460 8418 10598 6403 10803 1689 18645 14592 16518 754 13930 7153 12896 6459 18479 15863 11490 19109 11686 9909 18775 16133
15252 13949 3329 9251 7737 15232 4067 14739 1972 8006 5357 5809 14375 13798 17846 4991 14880 19475 17852 13419 12169 3784 3470 17904 13385 17722
14989 8813 1321 12011 1712 13249 18026 13526 9834 4902 4762 19696 137 10566 19018 7457 3321 14445 5910 8011 11778 17582 12945 11482 15158 1704
15425 11817 436 7261 12357 8406 14693 13565 4220 19151 9151 17819 9589 10476 2694 19969 12137 10283 8231 17309 13361 8350 12388 12619 6933 310
4774 3430 14562 7305 8938 791 1572 8496 16019 13450 6914 6226 15824 4225 12217 17 6781 9794 9202 19002 19814 10319 16865 19037 8577 6382
15831 11960 6246 7235 371 9 3619 5708 3865 13916 2286 534 19531 5690 19340 10343 19766 3057 2598 484 11558 6579 9154 4672 9390 8152
13381 15669 11188 5085 15419 19327 47 19278 17836 7890 17265 2436 16015 2061 13812 486 3103 13086 8733 284 15989 1886 7185 16498 19204 8416
19090 1345 13681 2119 567 1491 8983 19193 18904 13031 12533 11483 11415 4748 10863 12653 398 5830 10697 4957 19325 14476 17746 1339 5328 8638
11481 2767 9746 7027 9674 7326 17894 4572 10781 13070 15878 7837 7046 903 9705 17292 14728 12132 1536 386 16251 19345 3378 3396 880 4937
13311 5399 11397 13112 15000 15645 11606 11184 2886 3720 14841 19212 9290 13470 6278 19640 282 13655 14306 11405 2042 15553 18058 4034 3499 18650
8195 4530 1641 5950 12843 7338 15747 4390 1957 15977 15673 11997 19742 16484 1756 3605 2261 16790 12356 5856 14997 4950 17381 5794 3989 6594
6765 19449 17833 19260 4663 19484 9043 17409 2439 18355 9740 8935 13383 803 1846 125 20 2735 19768 13100 8265 1161 5863 13770 14116 11000
7763 11165 7797 11054 344 4311 5715 4247 1304 4360 7555 10939 17230 3002 5862 2230 12096 2410 14464 19678 12406 6970 6592 11379 2604 5733
15181 19828 16353 14768 18598 14304 19667 13921 17960 9656 2291 18690 2637 11192 10093 4250 4844 1427 2829 2686 16975 5506 1844 7284 13412 4686
14819 1594 48 16486 15433 7893 1075 16728 5916 9321 16284 16988 13806 17320 17850 6686 19381 15079 11473 12804 9657 8056 4888 15678 1163 11208
10263 13829 18010 19326 14455 11436 9672 16768 5203 3749 1406 18758 17161 12643 2665 6609 3558 3909 10328 2022 15176 9462 19711 10135 9060 1715
19768 13443 19527 2240 15989 2384 1479 3615 3364 7664 2628 16547 3175 15855 14564 6455 2102 6978 1484 3904 5357 6881 8622 7221 5680 13427
3658 13767 3580 13513 18008 5859 6667 16314 15705 15738 14119 6148 9104 5854 7580 16779 11140 4469 731 13162 5606 16314 2998 9613 9990 2367
19436 14306 11296 4710 12522 11360 327 15606 436 18048 13463 14344 13892 18939 19204 8687 9160 3397 13634 9327 15953 10742 6623 8002 15274 10040
6742 7115 7950 1246 3474 2889 8438 2541 15367 16352 8817 6100 15300 14918 11110 278 18862 13899 13136 4199 10455 7938 7338 2646 19935 8755
822 6605 2244 17899 6847 124 3668 2124 9940 827 8760 19564 19366 1476 9708 19784 7823 6739 12959 19698 11904 1368 17621 622 7255 19279
2735 19877 17402 19267 15067 8254 3351 16903 15630 1709 3634 12405 6812 2217 1575 17667 15788 17445 4503 12206 17352 1530 11202 5467 10184 10842
9119 11974 6541 13684 13716 8831 13377 17209 12893 13297 10675 11646 2080 6133 13144 16504 17615 5740 17594 4132 10655 18143 14279 3877 18909 10036
1175 13417 11469 4548 14963 5881 14559 17423 11879 13321 11382 19827 1756 17175 19294 15340 9078 14246 15957 4799 9015 12958 19341 6521 7300 157
1633 11462 2065 19708 3917 16544 5311 17241 15558 19657 17569 6408 14780 9764 4463 6695 7492 12874 6891 12501 8324 16471 17061 1095 16758 4594
16379 16305 8072 17411 19194 13822 16347 3962 253 13052 11286 19336 13773 12513 198 16428 793 10695 4200 5250 10664 6077 4515 12047 19996 19540
10011 14605 7239 3686 19632 14767 12575 19417 16273 18378 1283 9207 6630 12540 5430 11193 14495 12886 5793 914 10610 3352 10785 16906 1454 19140
3004 1508 6541 7264 16806 12756 11460 16402 3421 3673 9325 14447 13048 7380 19679 170 2841 19811 1654 19200 16402 2431 10163 16546 15392 13293
938 18290 19848 5950 14802 8818 19297 17676 9654 9943 17776 19900 7064 12179 17853 9367 4090 9902 13886 14129 13792 9101 3986 14989 1099 3863
19690 5867 9680 5559 19724 4498 13260 17978 15155 13875 17827 14277 6015 2697 4291 9619 12833 13275 11787 15450 10010 2349 13698 15719 10499 3602
7302 4692 14296 3534 16484 17973 8912 16192 13507 1628 4851 8286 13503 15457 10511 17910 2099 8355 15110 10505 3858 223 6259 11504 17034 19377
1402 3438 11924 18720 5317 10363 18535 1632 16653 15406 9276 14449 8038 10054 12118 13168 9674 9744 2905 8022 9972 15008 11533 1928 18260 807
2818 13143 2433 7651 9905 16400 5113 13312 16959 10632 15573 14196 19515 12729 7151 5703 18197 12365 3495 15773 16714 13293 616 14662 3593 2866
18194 5481 386 16261 11507 9442 4904 1526 4375 14790 10255 4030 2054 9771 16185 11036 2216 15704 12348 18429 16105 4274 7841 17472 10115 14471
2391 15661 11881 15253 18723 13596 16511 17287 13706 2433 9881 8452 6351 11244 17026 8881 18138 15208 6814 15329 7243 13700 12855 7563 18778 14118
14420 11985 17391 13198 19 5575 212 16076 18911 4923 649 4702 19600 5247 8658 19521 5310 1130 18037 14713 4982 1492 12920 6057 17973 553
18562 282 17588 4118 15800 5077 3907 6617 9268 13080 17191 17458 16373 14516 19026 18839 285 9468 10170 9557 16202 10383 3015 19333 11091 3603
4069 7831 5934 9003 1186 9749 3107 14224 17908 10090 6795 14709 14488 19134 17303 11294 3074 8727 14889 9335 9862 253 3112 15798 5488 16549
16663 10072 9105 3361 18862 5215 3331 11087 10254 8496 5828 16506 18719 1110 5634 5720 2405 1311 15615 13946 1285 8195 14389 9103 1160 379
8762 11458 7614 19224 2140 12173 16367 3433 4220 6680 8742 19066 3248 18851 5592 5515 11611 12244 822 7507 12570 15255 19024 4696 2833 12313
12081 19752 4884 3876 3949 8692 13892 19175 17436 4638 8140 3500 13193 15737 2714 2040 6815 118 17244 14020 7686 8889 2265 860 19757 15184
5181 2 4718 13183 10094 528 7481 958 15928 157 3193 7307 18632 11269 1651 12229 15195 6257 10578 9479 9573 18494 19921 5252 1266 15627
8699 13831 6616 11454 12616 6345 19684 8736 15917 6997 15242 12124 3754 378 16962 7908 5957 17452 10895 14911 9169 19836 17299 19659 12447 6908
11480 1680 2425 15504 10764 8528 2476 13250 17656 12332 8962 18838 12064 12987 7209 11439 8993 938 1669 19949 8599 9410 18878 14936 14207 1940
3269 5842 16115 7390 9928 12006 7628 10849 566 15259 19662 10494 12934 935 9447 9671 5812 14993 14804 6236 13078 101 6977 14227 8912 18927
17286 7024 13734 9999 9541 13138 9444 15535 9823 19342 11171 5036 13180 4633 13562 15752 15775 4761 8377 3596 7284 13289 17395 9200 18736 6666
11333 8078 14418 10249 18315 3130 674 5604 10718 14317 1049 3002 6202 9573 14957 7747 7654 7034 17213 12814 19913 818 12876 19589 163 11912
3640 14228 8829 9271 13911 18937 7959 8458 19098 2908 11300 11519 2719 17612 1253 5029 19779 11349 4804 14713 8462 1451 9922 18882 12407 6791
8195 1796 5445 19434 11285 8822 2714 2288 19165 11556 15721 10217 9688 5913 438 14442 10767 14210 5864 7597 17802 13566 16005 6110 16098 18351
1575 189 11743 7577 2046 9012 13262 19624 6108 12123 6265 7078 3909 11750 7746 17756 13105 14796 588 1348 664 10392 17679 16331 15293 4037
11549 3835 2176 11089 7798 17748 5928 15277 6588 8177 18957 3273 4783 16114 15447 1425 11877 17334 14035 4464 3007 6808 121 3994 3954 12572
11887 8901 14489 12518 8665 5917 14203 7829 17434 4724 14191 1530 3649 222 18739 6121 3081 7530 6890 7084 10095 2415 4094 12996 17862 6456
11787 15542 8591 19604 16498 17458 19719 12264 13924 11777 11890 3606 2361 19566 281 17151 551 11104 5811 7974 10939 7594 1389 3207 3795 3115
14601 17067 17029 8490 18692 16635 13054 8987 3830 5894 15867 5140 18951 6937 17206 3506 6566 3783 11865 14330 11822 13142 15432 8112 9504 19544
159 19843 19502 4967 1670 3397 6936 13092 14611 16557 1840 10984 12467 3581 18353 17341 6030 16912 12340 13133 201 15968 9028 9980 11428 10036
11191 10541 17643 4246 12422 17004 16596 215 13966 11647 15868 18425 1285 1430 16297 1935 5262 4485 18851 18842 8934 19826 3850 9715 11743 15412
12765 10062 9945 8414 13626 1580 15385 624 12755 14232 14644 3294 11319 2378 7353 3285 6843 879 11417 4690 6671 5202 5835 3161 3531 12415
13394 9299 4625 2520 4952 18053 13389 9332 9876 3898 5710 5594 13711 5898 1791 7192 9800 14956 9922 16131 16969 12635 10420 12632 16695 12342
11472 14843 5859 18505 13560 17527 7305 11794 1183 10414 11126 5930 11565 15774 12282 15137 16013 8727 18556 138 8344 17784 18538 16366 10940 18645
4949 11274 15719 5259 17640 446 14210 19586 15498 19229 10742 577 5004 425 15039 181 18677 1896 11929 19130 10698 1357 16853 883 11030 997
8350 7239 12945 17186 16957 19880 10059 8652 3785 3987 7419 11610 1242 17616 2998 7622 10626 19563 7036 11370 13140 19505 9782 9852 5709 9494
10056 14393 18323 5639 8172 7481 10693 1897 5699 15028 14152 15979 1627 15757 1259 13392 8210 561 1677 17670 15662 18902 6269 18307 6725 14080
12345 2884 9020 3831 16911 4644 3605 16284 8853 13488 14232 10969 13235 613 3780 17103 18013 12322 12398 704 19576 17545 6395 3888 9228 15606
1463 9441 15176 15760 17055 17379 71 7709 16966 12957 404 2047 5351 14749 5133 14188 17528 10061 3468 7335 670 6785 6087 16985 6636 7777
9414 16868 19198 1282 10162 18920 8179 16917 10563 10152 13191 9448 18740 2921 19060 13838 5716 19103 15448 13393 4429 18593 8931 295 6080 18954
6436 6873 12779 15578 2561 16117 14616 17583 13169 14800 11178 19348 19832 11997 4509 19080 3063 11490 9853 19034 11059 16162 19757 11623 3273 1087
5820 16951 15605 17225 19777 2151 11951 8648 19219 19801 9192 5178 18768 6851 18361 2026 19000 16213 10749 17235 10730 9096 13163 18095 6485 15705
8399 15258 5579 17793 5279 17593 5561 8270 14128 2582 6 9389 11805 7044 14289 5506 19979 18612 15456 14796 14561 2004 5997 4403 13378 10851
17627 17046 18272 12576 18145 14237 18300 1932 15540 9412 14726 4326 7893 18564 7327 3879 630 6035 19924 6642 2792 10398 15754 18829 9164 9758
12709 18040 18283 16034 16122 5445 13613 3967 16151 14246 11530 12577 17664 6655 6085 5624 17109 16773 1538 12273 5942 11259 16137 570 4237 19525
12038 3537 4349 2728 3597 11402 13470 8824 2164 1095 4318 712 10062 6308 10717 18878 19733 10773 17479 4103 12526 17820 5835 743 11930 17875
1834 14567 17540 14256 13320 3204 14544 5057 12204 7465 5595 14897 3681 11148 4808 1561 18434 18505 5206 18775 2991 7826 19511 1299 12938 2948
10960 4783 1006 9950 3589 10285 12006 10029 8659 10244 5606 6467 2268 19907 9340 3424 18945 2263 16632 7105 1174 223 8314 15804 4197 6805
4848 4382 12500 2842 15651 1849 3363 19517 9276 4546 19010 11620 7327 10505 3565 10669 3205 11442 3703 3047 4035 10091 5900 18357 3637 703
5750 16801 2448 3127 13403 3768 6810 12156 14262 1323 5372 18801 5927 18561 7105 1651 4069 2675 19187 15596 12435 5398 2694 16314 16621 385
15637 14673 2719 8869 18950 9292 19235 771 3149 14077 1979 13766 17296 819 10172 5792 6680 4137 15085 2282 4556 17326 15295 18190 19793 1884
1225 2100 14293 9307 6332 13127 17778 11345 10427 12015 14114 1868 2841 16963 4275 10671 2900 5478 13673 18472 8673 14882 9101 3547 5108 983
4386 13572 10368 796 6491 13732 6725 12996 9608 9107 5960 19895 12095 3433 16727 17834 7211 15951 6118 4360 3205 12291 11380 4060 1823 14530
16950 11139 15376 18191 4047 4700 7718 3262 508 9421 2938 15348 17026 5645 8085 12601 9843 10369 3547 6423 7205 5131 7699 15659 7577 12561
17900 14534 2243 1003 3079 19793 8982 6488 2040 17791 8235 19121 1546 6885 5891 2777 3137 2808 5151 5356 18177 13410 2719 4766 3737 6360
6030 1315 5140 1368 5885 14215 19943 13118 15101 16104 17740 16712 6458 4275 4171 13527 6328 15136 3469 17398 17562 10429 13913 8665 19828 9655
12291 12872 1139 9376 14391 6338 11644 10310 3680 10503 6895 17252 4609 880 7626 19420 5257 12043 2629 18627 12967 315 2250 12189 16129 14220
5702 8912 1848 3163 6420 7020 14366 14671 12669 9987 2708 12498 17139 12854 16929 9986 2260 819 3508 10564 10094 4604 3948 7242 1564 2606
10093 17345 3616 2923 17742 8306 16912 13086 17693 15317 16946 3272 2581 14621 14804 6161 3099 3602 2440 9126 9368 1368 14340 9099 245 19148
17284 19365 1985 16287 12077 18515 5140 14228 1268 19571 5215 10072 16319 16860 13337 15732 9474 14561 17502 19950 3692 1454 13467 12995 16611 8117
16177 10618 10890 12349 18543 11926 19789 8150 16100 9460 8132 12596 17240 15139 5194 7495 3395 9637 9919 2551 9310 14653 12969 15312 948 11417
17048 19225 824 15486 14596 12330 16475 12040 19869 3598 1715 19002 7138 5433 2645 4908 11907 10291 5929 14014 8484 19658 6343 19500 50 507
14232 11051 6726 1467 6493 10107 14860 4254 18821 16436 19910 5731 19991 737 14169 380 17416 9274 8671 15559 14806 13573 15706 16098 7510 14968
2703 12139 14924 19369 10223 16926 18528 16771 1511 14004 285 17333 16046 9621 17487 15248 3211 8597 3178 15546 15774 11309 4552 781 12827 689
15314 2519 8787 14213 18083 15521 19979 11240 6059 8106 19843 17655 1274 17309 15494 19234 2909 4699 7700 4217 12372 854 16527 8801 763 19064
3735 4038 14359 1427 8785 16687 10195 17098 16098 13543 6191 2214 13946 2841 78 19977 10270 10628 11314 4264 509 12249 18085 1362 18150 2637
404 15661 7450 8849 18885 16435 2888 13167 9773 13378 856 9379 18587 15741 4886 12675 1787 5740 2518 16808 1905 5925 1258 3246 14637 1464
9876 5481 196 13552 10437 12275 2581 1357 5993 18001 6034 3230 18659 7009 8345 109 18394 2211 2307 6995 7480 8144 7180 2110 4125 16073
1219 7746 3027 4577 1376 16702 15256 15890 6577 19882 18161 11929 4187 1397 1677 15246 5546 12807 4013 1317 6675 7016 17791 10507 19938 5707
12525 19264 8115 1953 7430 2416 16586 180 365 624 18838 17498 13652 2974 3918 14450 1339 3275 1724 19912 15518 19943 12411 5592 18907 1994
517 14146 1677 9432 4410 2104 2676 11496 4974 18725 1594 11750 6692 19168 7076 17288 6793 11655 13299 17557 16655 8637 16720 15251 15129 5512
11742 17840 14653 1951 11136 7622 17215 17126 13840 1078 13619 14514 19845 3845 10362 8776 1913 18612 1136 12407 18220 4293 19089 7227 15099 11862
18643 8571 19867 7658 14882 18980 11697 1428 1757 18380 8908 16613 5663 2016 7281 2224 5740 4517 12340 3545 362 5303 16117 6714 6550 11163
201 7197 16384 14389 9109 5833 9739 4758 7943 7899 14719 725 11232 6438 11406 6019 7683 5693 1896 5163 14029 8612 5244 2918 12157 4234
11352 19785 15842 16021 14394 16480 14875 10180 7280 2811 8102 1386 7445 848 9873 19637 18585 927 13175 7569 19960 19982 9924 18339 5259 10696
4398 1945 19956 2641 4502 8586 9279 11408 16211 1798 7440 10042 8285 14292 12053 11334 5153 13924 14639 18132 12837 16304 10679 294 8924 16419
2620 12167 14128 10963 19763 12357 12482 7459 14311 4472 5280 16058 3426 1703 8815 18609 8509 8025 17652 10932 1707 10785 8625 1887 3832 197
13365 14858 15239 11124 841 11924 18843 10591 11049 19387 5314 3623 17746 12359 16956 8356 5501 9446 9385 7445 6581 16439 15956 7558 5464 4864
16197 19057 3936 12801 12712 7581 17472 2198 4652 12566 17436 15098 10853 19479 1636 13463 963 17869 8059 4712 176 3227 19603 12707 16754 6594
7036 4871 1795 2456 18772 11835 10669 6882 2490 5315 12911 5400 19178 7136 2660 9760 3975 2258 11149 14808 11720 2035 5287 3006 13210 12404
14801 3037 14108 3858 18457 18779 17963 10458 19989 16335 15650 19292 6104 18368 3883 17616 4307 6887 13045 8311 12027 4122 2151 15215 9204 17139
17188 10722 401 4126 6894 8400 18962 189 5170 12373 9109 9040 11437 15456 1462 5682 6239 6034 6234 11079 6809 5939 4096 13683 18473 9489
11048 2379 5521 1765 15136 14660 7444 4031 793 15934 12676 8362 15183 6676 16968 12505 2269 15720 5751 7613 12683 15472 1038 5618 9780 8582
9333 12192 18364 13990 18276 15614 16925 4961 160 7255 13634 3118 2903 5065 16865 13714 9874 12974 16467 14098 18884 5261 13873 14376 5929 3697
5941 16580 8825 13135 1185 2195 8345 6744 8800 17615 5084 12683 18039 5931 4528 770 4293 2889 19969 15673 9091 9399 744 17336 10756 976
791 5023 10573 17034 4511 19683 16984 11973 5007 11491 14255 17790 8844 13130 14818 7504 685 16188 13994 6847 9643 17976 6666 3684 3782 7339
17091 3159 4802 2186 18490 15768 4158 17267 11722 7586 11721 13836 15809 15891 2813 5359 19967 18517 18048 18566 8636 19663 5132 6591 5485 11561
7755 15924 8218 4727 551 812 9528 8095 13694 3014 12163 10048 12312 2493 29 15029 201 15856 8150 8719 10235 17795 8193 1587 8932 15446
13321 8552 15414 5704 2397 17960 18011 8682 3086 15161 15473 12354 14154 8637 14016 16086 957 12819 1619 4498 6147 19748 18972 8510 13712 6750
2649 16551 18052 5601 8105 12842 19287 11658 9945 5154 5412 16245 6337 16615 13003 17326 2763 872 15804 19306 327 12439 4316 11530 16741 829
15528 12864 8526 160 16619 16222 350 1998 8441 7247 13164 13330 520 9786 7098 756 2259 814 4267 10400 2576 14408 616 18681 501 11725
18364 2253 19981 4508 17091 508 335 16789 11773 2954 19538 4906 1024 9837 18896 10349 5884 13766 12535 1056 2744 8216 11901 15273 6640 190
9962 16302 1274 3044 958 12973 11223 4049 17060 2957 9307 17110 18556 15190 8059 17810 4843 9152 3752 17706 8898 16705 18206 8358 7167 6044
10674 15989 14014 3346 10394 12988 18217 11422 10408 12422 2958 10730 6957 5155 7574 18091 1106 13865 2446 8253 9702 11609 7820 6249 1703 14172
1607 18597 10877 6050 11939 9267 17796 2326 3701 5169 8453 205 10672 8779 1712 14579 16267 2225 2173 1635 1282 6982 3855 12522 4518 15218
4292 5292 16696 3527 18533 4155 4882 2845 15644 14042 7013 14010 533 8777 16823 10638 9770 17625 697 7923 15426 11740 14438 6576 13544 9247
3330 11704 9255 13145 19928 13082 18064 19431 3170 4979 11762 2680 4362 7199 11613 16516 11213 13991 15061 1145 3529 921 4849 13185 17770 19074
11798 1990 11033 3008 3756 10753 2782 11327 9194 19180 2070 17015 16678 5947 16592 15997 92 16450 3606 8546 9038 870 19288 9648 12596 13836
15406 6784 8573 3348 7889 19606 3132 10843 10 12138 2377 5064 16117 4669 10892 14130 7794 15324 7661 13100 1948 18741 19153 3201 9140 3914
2589 18355 17101 7204 8612 1768 8364 13702 19450 16752 16828 19955 19330 14869 16882 14616 2847 14747 10132 3895 14647 5733 5279 9971 15054 18133
5888 4007 828 11598 14705 2055 15465 12645 7590 15600 12050 18342 10465 5581 2357 17210 17291 11392 13276 10070 18279 3211 520 3090 11872 10529
3506 17082 11285 12732 15200 10982 8378 10755 9997 7573 15727 5682 4711 3780 5830 6721 15700 638 13008 18824 2309 17803 10518 19316 11353 17053
6101 16692 13028 5250 9755 19161 10862 5317 5950 256 11752 17827 15995 17211 7838 12239 13824 9234 2028 7798 336 6923 13864 1315 13447 10621
3170 15024 17461 17522 13222 6410 15274 1335 11599 19802 4093 16322 2151 7302 3655 13089 18118 5258 944 19666 10292 1475 16669 15555 13880 14958
19464 6196 14476 12746 19776 17000 5952 14927 14452 3377 629 10960 16205 5828 3319 17221 16890 18363 14825 14252 19353 15016 16857 3594 19416 13368
8846 18244 14971 5934 184 17012 6608 1095 17769 13811 7047 18927 10434 3446 11180 2669 15905 8830 18033 5197 7725 7583 3854 4479 11989 12480
5329 230 13840 15906 11714 1145 11666 17042 8867 9946 17450 2015 6483 14413 1231 3447 18164 10889 1484 11180 11061 8425 10922 15767 17017 7183
18134 5589 14307 18206 8121 14327 15892 7689 1294 7328 10696 1857 15355 18091 16603 16575 14428 10846 13027 16679 2835 6447 4506 13856 9078 8235
11612 11601 18627 12559 14203 12279 4553 6392 19019 3467 373 9998 19170 16404 13784 18116 8247 18133 13696 2070 15562 16166 14865 3405 13771 13114
3764 6490 2050 2154 15599 7210 9079 11980 19403 14300 1229 8653 2067 8946 3331 12575 12539 958 14088 2869 9507 12767 3057 10530 4400 7396
7656 3672 347 8295 13092 12254 12628 15354 12055 16019 6596 17838 17057 13455 16092 13392 17471 11778 16765 15125 9196 1206 15588 9957 7802 13391
2448 3948 5453 9924 3577 18133 8257 12618 16154 5212 1790 4185 19840 12472 4873 1232 13877 12608 7975 72 18614 792 3368 11379 13364 12843
8611 5094 19992 3416 10078 6312 7287 4184 17167 15607 10077 6245 9292 17063 3239 9234 17181 18286 6951 8146 6512 6953 1452 16838 9898 19634
4502 10664 15346 4657 9552 10984 1775 6490 11060 18874 10725 5171 14329 18751 16856 406 6965 17861 10073 4371 19568 10805 16686 18357 7949 3588
3396 2008 2288 16925 18739 6882 6995 12838 10442 721 3398 18117 9875 3222 2611 4566 10116 10589 2483 17474 13164 6837 11999 6917 15232 16454
12994 18935 10588 17123 6293 15688 7602 14257 7706 8980 3205 10133 9865 171 5238 2474 19551 19507 2324 12105 140 5431 6557 18117 2983 8276
11295 3508 9204 14277 11512 12041 14043 927 5479 17258 15945 18336 18325 1576 5260 5244 5624 19703 19689 10254 13110 4181 6487 6615 5920 19400
19116 13822 8712 14859 12751 11773 17663 17280 4627 19954 15296 12394 18249 8558 11813 18424 6850 5397 18503 8467 15184 14984 11391 17700 12136 2824
12949 4636 11221 6017 12499 1123 6954 11297 7964 12216 3981 1069 4159 18222 12302 3149 9100 3358 1363 19079 2231 9863 12512 2992 17374 2225
19884 3128 5775 13540 4904 10632 17167 19375 11940 1181 6269 732 3661 19330 19236 3290 6532 7882 10143 5967 10393 16314 19169 2793 5389 18553
1086 17888 8553 1869 2452 16721 19485 12535 4009 2331 11868 5320 16553 19364 1767 16877 18716 4543 13807 14937 12777 2215 2636 1057 15232 14695
1975 16809 7242 1571 9366 15569 16669 13370 5026 2856 19783 2459 11256 9678 14019 11755 19112 16922 3108 13330 19682 7463 16220 10377 19603 249
3707 6233 12174 554 3913 13907 12291 5133 9749 4535 19227 19658 16319 14630 3136 2015 12842 10814 14208 9720 7930 17669 8393 11835 16578 8920
12363 17471 5368 11788 5759 16599 7164 18609 19845 18055 12052 10854 3199 6308 15446 641 3788 14723 10165 7921 8765 630 7247 3318 8527 10144
14731 2306 3461 17214 15573 17550 15460 6555 5774 8184 12145 951 18831 19713 4659 1992 4469 16310 14690 4000 1693 18894 16970 5248 14957 7249
14563 9005 6423 9018 17196 4321 13276 10710 15230 13790 2605 8027 9606 13959 15244 12671 2931 17324 676 11512 15784 8562 2483 17526 2767 15957
2499 6798 2192 10084 15960 1311 1114 6096 14495 1743 17242 6018 12222 778 8245 195 806 15488 1988 16670 942 12211 3758 16156 2060 13427
7231 10291 15429 8526 18672 14533 951 8174 1966 1673 18947 11810 6348 2718 7096 11709 9295 15810 6529 19963 12270 18949 14464 12830 13891 17662
17916 19267 1612 12744 1439 5961 11122 15706 3894 7449 14401 8936 14957 14677 5218 11248 4328 14401 16653 10581 8720 9053 1233 15382 9242 776
19204 16879 5824 2341 3153 826 18304 5328 9526 12642 8914 3012 1804 9223 12071 14072 18962 10507 17616 16774 18068 16607 1322 11978 541 8628
16978 1600 17332 2374 18141 11427 9475 13095 5260 2741 9442 11852 6377 18743 4553 15515 11530 18082 7992 15250 6383 13179 17820 2527 3179 18804
1274 13414 11575 9716 8741 15835 4306 10934 314 487 7929 4860 9837 1922 18120 18464 9220 4818 16821 19075 7574 591 4833 19496 15107 5787
13575 19860 15424 1720 12026 11167 1737 14478 4258 9984 15021 11491 5304 14277 13905 16505 18301 5640 16303 3567 263 1804 10263 16319 19122 7207
3636 8360 9446 8864 11229 4264 5515 10914 11752 6167 1748 5791 3694 14707 7383 4358 9779 8774 3314 1647 3035 14402 17023 10940 3774 3606
18682 19979 4954 10379 19061 8745 1640 7907 10354 4659 86 16236 2401 16875 13419 15795 3360 12812 9766 19143 11237 13298 349 15 8130 19523
12553 16740 6419 19011 9378 2560 16166 11177 16693 5674 17675 7646 19689 15130 1471 10920 3001 17858 18543 18333 14845 8338 18914 1068 7846 1648
2072 1872 11015 7588 3927 15762 9444 14874 18960 1606 5493 8108 15897 11039 4788 12009 6160 9358 6908 1529 2865 14803 11841 15920 8828 13296
19072 1514 7967 6876 781 8362 4224 15583 16513 13806 4431 19919 17766 9442 13907 6061 8073 8359 7975 10453 16950 6702 17959 5791 8857 17618
10636 6100 4038 541 10292 13630 9563 14102 8703 19725 14763 10359 6664 14549 6195 18350 7318 11298 7366 8223 15804 17201 10738 15069 15144 16470
6804 15048 11187 767 6159 3252 2523 12054 15673 8833 4209 6182 1508 9884 11419 9681 7242 13910 15076 10042 17804 4112 17047 11793 2437 18088
5834 3747 11532 9348 19154 13074 11937 16240 7414 10545 4724 6080 3019 9886 3880 7513 17689 16050 16911 15773 7980 16351 18221 14129 2895 4526
18415 2458 8782 7260 5987 13764 10935 11368 9201 9771 6603 520 14138 3084 6276 5351 13554 7719 11327 19144 13411 5095 18980 18900 5391 18614
16920 8434 8480 5667 3595 15267 10063 10711 4029 19880 8830 14935 8141 6810 15414 10470 1689 11464 9244 1172 4263 10510 7954 418 6551 2710
18620 19830 2225 17119 5883 6604 13413 2025 4267 3921 9066 7303 4242 13391 15351 9623 2304 12839 8688 11657 18967 5028 6052 1971 4127 12132
3222 14385 3424 17316 13680 621 6825 17118 14540 11045 3804 9730 7819 1078 7188 15284 15119 4299 18483 18483 17685 16000 14055 4433 15833 7950
12606 17943 16502 4802 4713 17625 920 4609 4109 436 3212 2189 8372 14580 1079 10507 19582 13230 14331 5402 14103 15454 9991 12824 17803 13034
8625 18378 6746 539 9063 12231 9328 12729 6296 7483 4617 6087 2372 875 17678 9730 10892 1692 10161 6387 19780 14889 18290 10862 10494 10789
12821 1436 7649 17031 4379 6379 13309 14793 17271 19772 6420 4635 2990 3110 14405 15964 15886 3938 9240 16872 13293 15124 16460 3556 5106 7086
1854 18067 13832 7403 10511 13510 10086 11414 13579 11988 7121 2270 19911 9555 16942 19324 11333 13747 15944 1691 14363 13806 19980 19313 7501 17299
19535 8324 11819 8608 7733 19774 869 4562 13075 1722 8271 9620 10401 15235 9999 3549 6697 9050 11123 6967 12527 18440 15316 6920 6259 6732
14073 1768 7259 7979 2570 9453 17947 9255 7217 8212 10011 7740 1926 19214 12528 3408 9956 1380 3372 6587 9336 15243 16764 17974 5913 11724
9020 14223 15071 3390 12324 1563 9550 7494 13822 14751 13379 8767 1693 1173 57 7411 7806 12244 17618 15800 2423 3374 5279 174 9621 2023
10311 15669 9706 18396 2375 308 3096 18499 12288 6611 15040 14880 10110 17130 18675 438 11852 546 1660 16751 5581 10324 2961 9342 1317 3691
2264 1876 16050 19673 9077 601 6707 2243 11768 16284 1359 3140 13515 10938 8621 2448 13025 14104 18279 0 8703 12663 12920 17318 13740 10527
11403 3000 14844 14189 16108 8529 1176 17977 1141 4362 4515 7378 2818 10191 938 18109 3676 1917 17647 15934 19162 3825 10851 3107 7555 11587
17188 8958 12061 14810 7692 3991 12925 1342 13898 14949 6143 11571 11289 17861 14479 6306 7271 12763 16842 3560 6396 17116 4353 18825 18586 16637
8211 1744 3043 9807 19594 17893 15742 135 6267 10255 19999 18625 1813 19019 10335 11775 9443 18743 17516 10789 2870 1333 11147 17268 16523 6894
235 7812 12722 14341 3114 909 19666 8953 10957 14748 12323 17982 11913 3504 7640 3308 757 19260 18738 14685 6302 14170 10372 13144 9323 17697
17065 9015 6704 18244 15184 3967 2597 8639 12583 2596 11543 11094 11979 6431 7738 6812 1431 12875 14587 11831 14039 10056 6212 3867 10874 7162
17246 10155 5330 14318 11935 2958 15615 13663 4071 1673 12232 8719 243 16442 7538 3865 3383 482 19256 14650 11228 11432 13994 2132 15597 19243
5476 9885 6435 2324 18969 9356 6888 14904 3098 10624 10963 12518 9774 7473 5587 5176 10837 4009 16636 4936 17948 17484 16954 18772 7599 7561
13457 16757 15317 2431 16085 7941 15179 11845 3556 17957 6802 14475 6277 16090 1501 7858 14573 15183 11102 984 3087 14833 16185 16796 3308 7109
18380 15764 5524 16190 4176 13432 18730 9711 1892 4343 9304 16845 18776 5646 11913 4441 3810 17888 15482 9612 19038 18784 3268 8080 10932 17762
19606 5789 13451 4572 14861 3699 4786 18270 12064 13596 7066 18119 9272 12621 13455 16392 9084 2071 12396 704 19925 9739 740 16180 10087 19349
3697 16298 8974 190 19503 1085 6779 16732 19216 3944 14669 1646 2286 19087 3803 13263 19143 8519 17396 16101 18928 6211 13036 19738 4967 2216
16677 7086 17074 14480 4593 10723 14613 16155 3715 681 15911 624 13988 8538 16700 7269 15710 17614 14025 18255 4088 2016 15825 12770 8571 2269
263 12504 16400 1946 2936 12219 11538 19376 9578 19302 2951 5152 16382 12383 16241 7825 4704 5771 5126 6862 16820 4431 11792 7310 6508 436
16981 9979 10233 11591 18805 13581 19361 153 7540 12867 19761 13573 8409 18540 5588 7418 18107 8349 5918 5578 12429 904 1416 393 18697 13043
10184 3275 19269 15874 9475 7539 19747 16641 14393 16330 15610 12801 6230 3983 681 10426 7254 7758 12275 19028 11953 6691 19351 19573 15282 1531
2885 17006 15605 1628 9097 4167 18259 2085 15523 14152 8509 18713 14862 16140 18540 17724 8069 853 11336 6815 12782 19584 17234 2507 17963 16584
17396 18039 16886 18795 16196 14498 18250 11701 15085 9600 16143 6454 19365 14955 2169 12394 9259 9232 19629 886 10270 15168 11818 12788 8893 15198
6163 2401 11708 13849 19898 8333 6036 10388 8000 12282 15608 10658 13274 17250 10119 10623 8878 833 8834 18592 19551 1289 6822 7144 15231 12221
16256 16955 3899 7324 17765 7928 19859 9633 6623 17552 9317 17014 296 5661 6007 8911 7694 2122 11321 16228 8947 9022 13730 3996 10589 14797
19471 6332 7440 12182 12756 15602 5925 3182 6259 8966 15729 11004 448 17675 3110 17877 235 11465 10175 14445 14686 11352 14607 8868 9267 5200
12610 2691 17154 18641 8463 10530 9483 2167 8358 2761 6401 2208 19179 712 6120 3291 7161 15092 4945 15937 661 4131 18645 11262 1005 18156
14363 7394 5734 15279 8162 12557 8471 19769 14220 2484 8890 1468 6848 11367 10115 10521 10619 15186 10303 7069 14272 11807 11981 13840 14573 11012
4715 14663 15592 49 2585 15621 14986 10700 9827 2195 8508 12578 12611 18522 7223 16839 1421 3386 15706 4131 12105 11274 19458 12378 1784 7871
19332 17672 18499 7852 14169 1519 11837 16186 6486 374 17480 15697 19068 5217 13798 3429 12722 9062 17591 17442 14972 7958 14251 7038 2510 7352
795 2399 10288 16760 15043 12861 16304 19929 7600 15607 8154 4248 13184 12273 13352 2346 18225 19277 18012 10087 525 10603 7731 3795 12435 19070
5896 16486 15149 18667 10330 593 3697 16609 10491 14232 12348 12717 18098 16879 18503 6384 7444 18634 13079 19571 17099 10246 5650 6931 5910 879
3798 3588 12780 7397 9277 13111 10020 11726 1436 516 18094 6895 11818 11710 13807 10265 18037 8028 10872 18036 2277 15921 5183 5861 14752 6537
7282 12211 18245 11575 4508 19162 10378 13049 17322 19379 14022 6448 7471 7898 8962 10574 16799 11384 13237 9943 2042 13853 92 3609 370 19014
1316 1381 7279 8688 19985 7383 5467 560 18529 13299 5004 1340 3778 19041 1492 14900 10452 18138 9169 18515 15492 11241 19219 955 4164 6900
7007 12036 18162 8162 13202 6982 10575 997 19987 14957 7730 2629 15526 2257 5194 4024 14559 13571 1786 12999 8978 6309 11071 16900 15753 10116
1088 12300 15530 4855 14601 13809 18258 5024 12722 1233 13323 17384 14152 4585 14836 14727 19025 1384 16927 15086 10893 8357 14506 11070 17442 7930
11129 14884 10362 11467 13036 16455 13065 18205 13757 5887 17607 10163 15315 1860 8172 12931 2841 16186 15793 13656 8205 6020 4986 14005 4337 17766
5381 1211 9521 7236 18698 19153 8944 9081 15889 13055 14618 18647 2979 799 15572 16820 13019 433 8415 529 2470 4151 17753 1607 2191 6636
11237 14807 12529 16313 16602 12434 18466 6017 8250 18252 13250 945 14103 7277 19825 9750 1036 5579 16561 8071 18340 13778 16422 341 2079 13544
16658 9784 3766 1320 526 7375 7228 18247 13235 9725 8662 2466 6209 3822 18218 8544 16007 15190 16197 9938 3745 9538 2130 375 16293 9330
15651 3982 16113 17198 14434 1891 1784 9820 9209 5194 4255 2459 6037 17417 2668 9657 7618 4435 15921 16222 6681 7738 4425 8170 19274 16432
14928 10072 1199 6753 7769 17178 9639 8549 2574 498 17831 1570 10011 15295 19774 3141 8159 4584 13627 10581 9759 4928 17261 6876 10977 19582
16697 15974 2863 853 3678 15884 10992 14761 14610 11517 12633 12666 3642 3036 3471 15781 1532 7894 18482 7381 8515 19802 914 11905 19746 8853
12868 7135 3191 6351 10698 7226 1669 9799 16396 3836 489 12140 14323 7232 2904 12535 10924 19360 10308 6852 15661 3560 6503 19453 514 16315
16865 9032 16901 18888 4774 302 17520 19683 12376 19701 16319 16070 10674 5116 15062 18198 417 10898 8754 8274 11812 8043 15639 2488 4657 12040
10909 14285 12136 17827 16208 1293 7274 11013 3848 9456 11309 14250 12947 18123 7971 3037 16557 3534 1875 4103 14500 5818 19995 13204 9561 12611
19338 11259 12345 9694 5979 3597 700 10589 4935 17534 510 9541 680 9871 14674 7725 52 8174 10218 16680 19475 17736 10202 9991 4105 12630
9936 2925 12361 961 8817 7171 9365 15667 6440 6595 16429 19182 1416 11840 10186 16016 17829 12920 19241 2318 19443 2147 2775 7447 4485 12391
16762 2563 3492 9746 11039 12981 3490 1140 1653 7261 15424 14102 7568 18234 14188 19873 8414 17143 11314 5928 9349 15426 8780 1015 4114 1200
8080 17965 12665 749 1331 11579 5967 18527 12936 8380 8451 38 4042 10083 919 19018 6499 14517 3729 11228 8851 4181 13228 294 15782 9235
8596 12239 13166 5941 2860 16912 4660 7721 5166 2689 6280 19356 14374 6069 3626 8641 15529 19243 614 5845 11672 16781 9707 12692 14949 12559
1437 6358 4514 3181 9683 10698 14930 19613 9958 13481 8334 214 19947 15569 2886 19838 16468 1372 14830 2518 7410 19200 11898 16868 17943 3110
17627 10795 15897 19254 6097 17324 18890 5294 6742 19132 15162 16149 17961 1759 10526 14728 18418 18811 12046 1497 8084 13234 3187 6434 17905 18196
12659 629 1301 10739 3718 1722 5085 18183 14813 10466 17786 13773 7203 13174 11190 7546 4642 18098 4544 2257 11389 11662 15822 17304 18855 7903
19392 13272 18939 17890 3849 12491 13377 3153 12995 18880 19654 18901 488 11089 2468 19918 16017 5948 12804 11657 19240 2230 6525 4640 15937 17681
5866 12437 3369 3089 6368 257 15802 1573 13577 15263 13559 8044 3899 16378 9309 8040 13509 15998 15844 16850 2381 1892 11121 8443 13372 17561
1913 4985 14258 15139 9646 19332 2781 18697 15623 16100 10641 6177 10069 2311 4268 8048 14660 1790 2333 5076 15416 9221 11409 19626 15379 25
4032 8702 9353 7258 2204 11372 19692 4819 1546 2089 19724 5761 4330 5939 7311 9773 4423 19780 12688 9894 13045 6520 5270 4461 394 1197
13988 17004 9999 11317 13184 7252 10957 4141 19381 5330 5517 17 19490 4996 3355 258 17359 11489 1789 15291 14162 13865 3335 5344 18523 408
1906 4942 1523 16207 403 11455 14406 4858 5397 10442 11223 1434 3853 1747 17085 9733 2484 3096 18951 8546 10693 17774 10480 3467 10874 19117
314 14053 2356 9794 9386 12596 18958 13119 11155 7824 16609 13886 3426 17188 2388 15717 13772 19313 321 17491 3012 8605 10552 14357 735 11498
15507 2946 298 6515 16410 17607 2858 3831 16312 14976 5666 10810 5007 1608 10840 1333 17807 5136 19024 4917 1294 11543 10150 17049 10000 11190
1763 19829 9100 8783 10739 6832 19542 8369 12381 8557 11488 19101 3269 16212 17051 4915 16722 15742 11894 3032 17087 2612 11631 6698 519 7971
19642 13145 8886 5449 6214 9952 19756 9140 4417 24 12291 16802 4421 16844 2280 7016 8871 15439 8724 15294 16662 8556 8388 2614 8781 2931
12627 12519 16212 16799 3127 18849 15719 488 3430 10929 7575 16270 9305 6597 3962 3930 504 17397 2561 127 16880 12644 2108 15617 12246 7534
8220 12035 15671 9676 13985 8847 7210 6696 11316 4475 14104 2773 15236 13751 12254 5252 6221 17649 15913 19922 4157 14646 3421 12533 2854 18722
14191 1228 13745 15152 12577 4859 6480 19281 1230 2926 2413 12395 3442 9199 18998 11268 4296 17695 9291 11960 2352 7631 82 7275 13426 14367
13587 18378 18424 5180 7820 8449 3324 41 10181 1028 15721 6225 7915 15082 12367 1276 15883 17189 1522 15385 15593 4169 13888 4293 16459 5010
5523 9341 18126 2711 12600 17987 11993 19569 9362 6997 16799 18770 10808 11658 8463 5235 4387 14372 17057 1371 5405 13475 17586 7530 16336 16311
19733 6574 12673 4335 15602 3134 14265 7784 19492 2117 12285 14651 5732 18439 7088 5147 6499 12865 12472 3994 19123 9124 2993 17704 11707 15596
637 11780 14954 10316 4945 7051 17297 13827 17786 4972 13548 5735 13370 17350 9433 8781 4733 10186 6367 2581 3093 6206 17017 8872 6812 5004
17379 17452 870 7774 14895 19761 19962 11970 3954 12601 14655 17787 15192 8383 1976 6601 16634 12853 16164 14835 14344 13658 10042 11426 2787 2853
11107 14906 9060 7587 12857 12554 8368 6135 14513 15263 11101 13152 333 454 11190 3469 11986 1950 5920 7037 4652 2369 1459 13099 3337 14582
9445 11983 16769 3495 14194 2500 17765 17578 11953 7446 9198 18661 17706 4720 4764 7872 1205 3816 3355 8653 11917 8071 17528 18737 15323 316
5563 19237 19578 2569 9589 15373 4370 6791 13516 18875 4260 14456 5203 18358 6261 8589 16716 4785 9739 12940 11099 10292 3188 2951 1117 14061
3228 12297 4949 13979 19999 14040 1049 16121 9103 13285 10952 320 3927 6345 521 16358 15914 15979 7554 8053 10547 2988 740 91 2375 13508
15227 7844 568 5842 12490 17997 13191 17273 11804 12500 12708 3886 14921 6412 9829 16007 6626 18560 1026 17285 3626 16434 7377 5063 9089 5014
197 5351 6468 6728 9007 14232 3072 11891 16470 7539 553 14700 13352 2289 11412 8181 11766 8680 13713 1654 12681 19173 12461 17724 19246 17488
10199 5167 7425 15228 17715 11078 5333 18428 15837 15005 9084 15084 8614 9951 16956 5088 3925 11944 19027 8051 4634 508 12946 2887 17315 455
4214 7077 10990 1588 16279 12723 16272 7863 2576 534 3588 16874 14709 3316 9719 1889 4758 6229 8233 12234 436 18908 7981 4694 11153 11912
14468 6466 5711 1116 13023 2198 10612 15597 10750 18506 13422 15988 10010 1565 13410 12303 2727 12892 15203 19329 16274 15537 12483 19183 17752 17174
3438 9425 3015 10229 7817 8135 18090 6537 9687 11000 18494 9215 8568 19582 3740 9100 8926 9819 1841 11634 8254 14787 12724 18792 10294 3007
15763 8750 16775 9505 8226 6825 109 13747 19023 4287 1328 5851 17663 13693 6851 766 1291 19869 14379 8131 8734 17387 16049 4802 11748 6776
19429 5677 4641 13742 8125 62 13034 7128 13733 19445 12285 16826 14702 3467 340 10991 13892 15955 10622 12551 5373 10128 6534 6978 5510 1068
9792 14791 2410 257 6634 16270 19693 6719 15248 5142 16664 9536 19050 13699 1467 9177 1135 15302 1156 1391 16233 5213 17366 7742 8578 18345
12697 669 9411 6658 1535 18691 19376 14781 9366 6377 3673 12142 2686 11047 7667 702 11666 14800 18321 754 11480 15618 19186 6604 8514 7572
13479 498 18057 18 11203 15967 13177 4930 19341 15578 8049 14531 10255 17172 8579 10099 10740 18988 2191 8062 11933 8182 6442 4077 19736 3771
16416 9034 8217 11849 19388 7673 4862 10479 8234 19340 11141 1121 13597 8365 6406 13341 4001 7402 8165 17518 10771 19970 10456 14857 8066 15328
9968 11699 8283 15307 13317 9583 928 19691 3706 13317 7132 16742 14191 17438 4505 4672 3270 12539 15947 15273 11473 586 3661 19378 10370 16755
11583 18893 11646 7257 6941 6238 3908 3997 10955 2554 16758 17445 11345 14864 11554 6231 137 15582 1960 4341 19295 15197 14974 9413 12332 8365
16802 13075 9949 19720 2730 6978 13151 2527 11862 19915 1156 13700 1803 9060 2689 18002 247 17350 15160 5418 11023 13566 4238 11934 6266 3757
17086 18633 12031 14762 11930 12350 13300 14257 17569 16411 5954 3367 8777 18761 8723 5993 4636 19219 3427 19334 2407 2593 7273 11734 10128 5757
18931 2413 9111 3163 14398 15685 6661 9087 10778 13079 11467 2526 17334 4008 16218 19774 8042 1684 18382 3588 6627 6377 17764 17770 13585 18969
6120 5834 2721 1962 15287 13201 14132 1000 11590 14681 284 1511 14161 12634 17059 1040 15076 16360 5072 1936 19327 8486 7671 9133 92 18624
139 16373 14739 4834 843 9796 6469 17966 3633 15759 11596 1461 3962 8397 8640 3834 8826 7534 14012 809 10305 975 4618 8004 3487 435
15118 19932 14666 9563 6415 2645 10176 19015 12954 16048 13731 10982 5174 6331 7698 13886 2412 18142 16726 14325 18381 11072 18067 6083 4786 10223
12222 17450 16897 3571 9107 17826 17050 16937 6469 14850 1518 16019 921 9732 7554 15707 7346 11609 17091 2355 8342 10062 9826 4055 395 3445
879 7409 4820 15507 11912 6441 7737 11130 14331 4297 7426 19322 19976 960 17770 1151 18343 16907 5832 3682 1210 7324 13052 15342 19621 9765
15463 8798 19169 4704 10434 14249 5582 13117 10763 4566 2978 18774 17637 5282 2972 5935 3538 14224 1032 11056 11391 13462 12925 6281 6526 3690
18422 14044 5993 5773 16113 4419 12846 15584 19812 14877 7351 15667 3320 15391 6858 9573 16548 15495 5006 12646 19296 17322 5924 8676 8289 2659
10424 5277 7830 1349 14910 12227 11247 19155 363 469 72 11697 5615 3729 18942 2279 15074 1561 13729 1475 16676 11096 18484 5212 14443 8545
16636 17926 18990 13608 19114 4027 5184 13656 14598 2140 13196 3380 19185 12541 7740 12294 8429 9640 19777 19627 18844 12613 12753 2215 19059 8337
4403 16271 4293 11869 2780 18471 12930 3850 107 9248 8833 10687 10678 226 6344 13571 16251 7447 5448 19276 422 16716 4202 10170 9726 14515
4011 2522 6106 4593 18134 5620 13547 10748 9725 16758 14878 4588 8795 5762 9606 10341 4407 1721 968 13333 5170 8562 10744 15141 6806 2309
1738 15596 12231 331 17057 13499 19352 8486 944 2328 15300 6935 3099 18144 13982 7420 12608 9262 17833 19175 15886 2182 16192 9897 10639 3614
10838 2632 14611 12101 4495 4040 8434 2128 5403 148 11832 5339 3362 2022 16655 7409 6072 16612 5061 11609 19737 11273 19167 19518 7936 3228
62 19119 14465 10613 17985 16422 7143 13883 7807 19341 1020 1398 2540 6338 11697 8190 14625 2363 18948 9861 15999 14545 13302 16495 15965 10998
9567 7868 10402 13687 4848 10664 1805 10268 8966 15779 10634 11742 9984 5286 1931 6877 8322 19726 9224 18100 5753 3502 13408 18450 7092 8008
4533 1395 3848 16793 5118 3056 15587 9651 15525 18171 18451 338 3010 9630 17485 1408 12449 6391 11466 3157 2692 4458 1171 18305 13009 14135
13390 15737 2176 17909 14931 9809 15957 597 5120 15628 19618 3360 13951 604 600 14418 17257 16204 10858 5678 10557 14069 12226 6854 13657 12518
19272 16432 4405 18166 7744 4112 6901 2410 16148 352 8474 1621 440 17860 12665 6712 10614 3673 17839 15070 4873 525 8339 16541 5729 12412
12144 7266 12335 4079 7781 18373 4723 5114 12883 6357 19822 5871 15078 17831 18626 7071 6228 16015 2694 13437 17861 14323 12177 9370 5927 14028
36 5505 7637 19046 6144 5520 14055 3687 18095 6697 1790 18032 5935 7911 7966 1025 15537 6158 12809 10800 247 6951 10296 9517 14305 6489
4125 6525 13222 802 10999 12178 17590 13240 9916 1892 4942 10165 10084 3451 7814 11154 5941 14442 6620 11513 9729 8309 9804 17627 19579 19153
2050 7891 7792 17344 2826 11579 8124 4141 11213 14741 2361 19222 911 15510 10068 2152 19420 17587 16257 17601 6518 15414 1176 19320 499 3434
18996 12401 13560 13384 7501 14545 12804 12544 4360 12956 266 12436 16627 16218 7998 13377 12602 5151 12845 94 19828 13848 2256 12525 4663 12877
19414 13351 8913 1296 5399 15247 9910 7664 4302 5646 16227 8447 16881 17995 8556 6199 14272 2032 6435 9826 3712 5417 10857 8667 3447 16119
14073 15969 14775 6611 2276 7003 13687 2129 10604 7893 8280 18097 11552 7468 17221 11536 4336 12958 2892 3011 18667 7704 13108 5327 7546 5753
13535 11695 13562 16790 18792 17679 1404 10580 17911 10732 9300 8937 1907 13422 6995 1847 10401 7263 9145 8644 14420 10862 10375 7889 7977 2545
9766 11608 9168 11107 16944 11976 16211 16207 2828 13608 16528 12116 1191 818 19999 1831 11552 13021 18957 6652 18304 2162 9366 19431 11378 17152
4151 17227 9997 19353 759 7097 15370 1609 93 14330 19970 4873 15886 13145 11644 14254 17927 15142 16975 18867 6753 6880 10900 8398 12087 1024
12505 4018 3731 8690 7023 15949 15548 19610 9308 5187 19976 12813 13209 6324 15803 8993 9347 1311 5302 14734 10968 12579 19107 8773 17906 3752
7203 717 3662 11173 10246 3126 10556 10816 5586 1091 12329 17472 19127 18273 19885 13868 393 3207 13593 14846 14985 1834 7794 2831 16914 19232
6953 743 9833 6184 13130 18087 18219 19517 7863 5819 4872 11254 5351 8943 8131 18425 1953 15087 11311 15996 8636 17 16582 18961 3796 9355
9105 3761 1235 841 54 8936 582 4645 577 11606 16755 17702 9049 14891 2386 15139 7565 2998 2123 8561 6763 4933 15920 249 5346 2834
6775 13075 6816 16107 6113 15462 17667 17667 2401 5546 18492 13204 3962 10511 10727 7330 3284 15167 4634 5643 1257 5754 3369 12258 8053 797
6836 12594 8381 15133 6069 12878 18967 6061 5031 13079 4249 8676 13145 9788 350 1371 4439 12975 1632 18037 11308 1999 9603 12817 14990 1603
15899 16835 1603 13077 7515 14334 6195 18887 2629 1622 3308 12500 19040 13815 2124 11184 9252 2413 5372 9986 17131 14926 19909 13103 17945 8555
6420 18290 2736 2788 1453 16919 15080 11754 2372 6640 2379 3363 6592 995 10285 14391 12712 816 8876 10723 13340 8672 16613 12012 11966 11370
10075 14761 19861 8732 1826 2184 6324 1348 19565 15108 17974 7016 39 8851 9869 2315 6065 19572 11163 12873 7039 17319 18200 8003 19806 19388
11365 12462 19843 257 7057 9223 3576 8780 1918 19765 17334 17219 12703 11920 12458 3425 14108 2762 16344 9483 6900 1819 4352 13728 5623 18446
6598 17556 14928 18562 18667 3970 1040 7784 3263 9553 10948 11453 18592 6023 18745 17336 12219 6988 16816 1510 89 13839 16010 14169 500 15466
3372 6641 19220 452 6635 14088 15383 16582 6386 9894 4276 12612 10436 3096 1155 8926 146 15899 1703 13505 17244 13649 7646 18748 16817 5115
6246 10312 11857 3441 7833 1415 15031 2817 10133 10814 13517 16304 17553 4286 17514 4175 6740 16532 18194 2318 9482 17851 1332 12673 2248 6010
15537 12426 14001 14687 10005 4203 14290 3789 7591 18722 5799 9144 414 14138 14656 15661 15853 17804 19272 6942 10103 12662 16254 5151 7136 12436
10616 7105 4670 57 3107 452 9049 18774 2956 10675 11600 3572 17134 9552 14461 15985 19425 19966 17940 2282 4951 14261 17366 6930 3738 7426
18244 19315 18976 18393 16565 381 16318 8333 14734 9045 15542 1802 15642 3435 5170 11071 19761 8659 1594 17149 19875 18141 6913 13459 14467 10607
7628 1540 10923 2347 8909 5529 13012 19334 13793 8814 3137 10660 17546 18452 3539 13921 656 19537 17343 12754 7336 9515 4356 15331 18316 6766
15085 7099 12362 16108 1689 14538 16779 1255 16712 209 7152 13393 2535 11113 8815 6271 6267 14248 17213 8394 17859 18438 10458 3706 3779 14501
12179 7352 13440 10066 15722 1350 17594 7551 3427 4741 2492 5613 16802 4007 4790 10733 10353 7007 3177 1591 12546 9056 3063 17727 2502 2576
19259 4011 18902 9902 8716 1137 3456 2450 16569 11548 690 1022 19932 10806 8380 15806 6224 8473 18248 14945 1391 9659 2686 9328 6385 19474
13378 3536 9682 4630 8842 6651 387 3309 13996 1785 8315 16819 8319 19019 8704 6969 12817 13460 4836 15915 12111 7590 7284 13618 15114 18470
3253 17028 15129 4783 9645 12065 13250 19955 13453 3603 14539 5952 11455 5977 16944 1972 6689 9347 14956 4849 952 15424 1527 17307 7197 11245
11988 11824 2226 9414 1468 6544 14561 13969 1215 18607 14571 9668 5967 3548 15481 5854 1731 7126 13715 9562 18156 2403 8761 10528 11649 9668
17637 4071 17531 8424 666 13113 15155 561 13272 12724 9256 11228 1440 4219 8209 17849 9921 11941 13044 18077 2781 3934 5276 11689 5095 16851
11652 81 6124 3521 14978 3565 13529 11074 16901 17559 11866 4176 13335 4276 12806 8476 12932 11804 1056 13806 3662 12183 19867 11098 16005 8008
7282 2669 16414 5499 16992 13752 4783 18429 7019 1358 12986 17307 17918 2677 11028 16008 12466 15423 14071 17896 5772 17047 820 7015 2879 11893
13754 11798 4713 2310 8806 18034 16296 5461 13288 12801 7316 65 7016 16019 16247 10238 13693 13835 13199 9983 12645 17359 144 3429 18366 18733
8294 5826 15218 15666 16473 14026 9322 5242 15876 10280 2320 19854 13050 224 13474 16105 3064 8833 8647 13095 20000 7763 15426 9668 4688 19710
4647 2643 8874 4206 11485 14833 7831 2793 12895 16314 2239 18364 8079 3302 874 10347 507 8426 7584 15367 19794 8426 19636 3409 18383 19786
12678 12711 14278 5520 3448 12644 508 14160 8760 1858 14272 1467 3975 8191 628 6162 5984 6677 19872 2604 19681 1796 4651 9746 19466 14720
14570 10692 13667 17243 18188 8177 2032 2591 3798 15999 1857 1586 4466 12611 3276 6471 4609 9220 9223 13771 17405 29 3724 17532 11265 19056
14607 10036 498 16063 7899 1469 5507 16347 12557 6561 15511 14967 17907 12122 3401 7365 1485 9966 1313 16436 2202 14132 11714 12681 16921 9476
5281 2180 3472 17499 17808 8787 9932 11842 3814 10095 1260 17227 5317 13890 14762 18876 6292 10126 7509 15191 6886 5080 1391 19610 10172 8826
6746 9144 15843 8760 13506 3293 8161 15760 5063 18203 17165 6343 4589 12554 13086 4198 19365 5826 16226 6058 18733 19903 8843 18723 7637 16562
396 3469 14287 7132 9387 8598 14130 18329 5094 17558 253 7362 11456 3896 2578 3242 12591 5683 15294 9235 17127 12060 10842 10611 8607 7502
3810 5024 15457 1736 10279 12750 15531 835 18859 7695 5578 9826 5043 10385 4811 12714 11338 16920 18687 18619 16077 18222 7361 5472 1618 11912
9366 9551 16694 9828 11329 2477 18472 15830 17222 1050 5709 16552 13859 14343 6785 2394 3181 14802 7264 19458 12659 3230 5552 1095 918 672
2202 4167 1422 14238 18012 15748 2214 1018 574 12832 15408 15210 4344 12553 12167 6956 15219 616 8236 19087 17904 19781 16459 11607 17652 16030
1627 590 16137 4484 16954 7325 15780 8096 1835 8638 6474 3234 12328 13486 19336 5707 19912 11653 10043 7231 11326 5949 9954 13329 7304 12315
5910 665 9670 11212 16575 9013 16765 13949 8935 10798 7832 15203 12763 2783 6046 7711 6992 4765 4223 18761 13178 2042 17003 3705 18362 9876
3917 13681 16386 3880 6844 15398 1600 14887 14803 17566 5599 14098 5436 3503 16563 10844 16747 2679 13272 14485 10342 1565 5222 7821 10829 8502
16036 16957 3265 9262 8517 6478 11685 6127 12964 18483 11751 3811 19317 11981 16793 9174 13200 6786 321 9662 13190 1729 9356 14840 11920 10394
8254 17812 7648 977 8062 10025 19086 18423 1726 12527 7656 2321 7937 15482 12528 2755 2862 16613 4538 402 8561 17079 17619 19171 13516 4808
15409 10983 19081 5048 3902 6186 9863 10434 11479 16557 15676 18062 13554 2521 11014 13807 17253 16814 12472 10963 17685 19860 4767 875 2243 680
11776 7583 9126 1734 16534 14347 19145 2550 17729 3369 1431 13171 6716 14391 13577 14582 16198 15355 16012 13461 3704 16950 3019 5811 9773 17067
11520 6360 10779 10836 9814 5589 1331 13137 17825 9265 1086 19556 11559 13194 18060 11265 19451 10327 19684 2480 5844 19719 16099 10554 18939 162
10978 6577 11806 3007 8476 5329 2825 3525 5589 19984 5257 5704 7180 8943 19691 2666 742 10450 17586 17377 14869 18683 17375 6191 14887 4000
3932 9457 19895 15973 5159 4699 12884 19073 15674 588 10456 2814 9802 5364 19992 16373 18416 1580 15936 16622 16184 3786 6126 3211 11650 6849
9899 8368 9538 14020 13854 9736 8466 5728 6112 1886 1847 2528 17250 5329 18580 13182 11808 10656 16927 1458 9488 3154 13484 13797 3203 14345
17855 5281 2548 4616 1549 10249 9628 250 11256 15944 10285 5598 10023 19631 10633 9288 10217 10669 1605 7279 406 1348 3297 19322 10064 3099
9915 4928 13056 15204 6238 7515 17592 14665 2414 7756 3399 17478 18109 18745 16540 15157 15799 6687 7033 5028 2969 17774 16950 12631 8836 15677
2581 6891 15000 16429 18345 14923 18599 12380 6206 19462 8317 11746 5790 8822 2876 2977 6823 10431 6258 16233 6950 13732 16960 18021 7732 5164
17081 16714 3414 46 7896 13522 4878 15250 334 5852 8498 8629 7785 17284 12324 4076 16696 14470 17676 12099 10671 15011 12463 2210 14688 8159
18568 13673 10077 11390 744 17846 18127 4480 17475 4527 19864 12356 1715 18606 18618 12370 2483 13286 10117 8090 19948 11261 15955 18571 11091 10680
9187 1181 231 3365 17303 7907 1026 2080 4402 13486 5911 13669 4562 18620 12076 8993 19502 5784 19386 14671 15653 14394 12637 4928 704 16101
4358 16884 10311 9435 5197 2871 16599 9934 837 12628 4150 18026 557 14286 13039 3393 12770 8867 4431 12046 956 13368 16417 16345 883 230
18809 14113 4002 17229 6729 16599 13519 3254 16792 17095 9072 14544 16549 11814 5925 18618 19568 2621 12067 14071 7736 11951 2080 6412 14406 19235
