365
93 41 21 31 80 13 82 60 59 79 84 43 74 92 95 53 85 55 98 90 78 53 5 55 69 36
17233 19599 10826 13373 17736 7543 4726 10263 19520 5525 2666 19096 11696 9066 17618 16707 16533 1320 738 14577 1073 4493 15510 16641 17751 17358
6227 3352 10123 15794 1181 11008 1132 18641 1190 6401 19910 10322 11297 8981 3387 6821 5638 16408 1623 4795 12128 6856 4234 5613 7938 1194
744 9336 9486 5232 17182 4985 16531 6585 1474 1101 14886 4197 1003 8229 18289 6447 10665 1298 16260 16545 3459 18306 4745 3729 1189 17434
14974 9120 16962 19210 16564 1338 16958 9664 8555 14756 19440 11319 8922 12529 14179 10595 2896 13356 14190 10947 17095 14360 19540 13731 8845 4485
7684 5499 15359 10064 11512 4708 8393 10824 15472 1169 18628 2119 11398 12587 5430 18469 934 15459 7972 1046 6963 14565 17374 16532 13116 14514
19276 7630 8493 14811 14810 3997 4528 13335 18572 18423 16716 14749 14001 2214 13007 2258 5172 10299 10480 319 11320 3865 12551 19284 2584 14237
11314 12280 9155 14457 11862 12165 7377 10242 19682 14278 6936 19364 17968 1239 1698 3023 18483 19841 16187 4567 9438 19398 2673 1520 13406 14057
10109 18546 9613 14648 6804 15917 17263 11174 18473 2489 8021 15753 1834 16010 11928 17643 316 4170 5203 19676 18150 643 15099 19307 10296 1864
3684 11226 5158 19023 12343 16927 9261 4781 9616 797 5601 16449 13620 9631 12940 16002 11551 16658 13894 12966 18540 18723 19095 1210 11517 11595
10639 7575 778 15346 19553 16733 15257 8833 9918 8759 9541 2462 2188 15067 8063 6315 2247 12462 11719 3692 5513 5732 3866 12182 8823 1786
16425 14773 496 1134 18513 17350 1902 13981 15544 11130 8037 2422 15949 9769 3454 15147 10245 4797 2382 17683 17886 4187 11471 3001 8859 2415
15407 19152 11186 7119 11256 6408 12617 19697 11558 2075 6651 6866 13974 5514 3803 19745 10275 4427 17147 4096 17643 1601 13519 9307 5965 17874
15846 16151 11192 11189 969 3241 15623 13337 3097 10885 5685 15559 4114 18845 16388 12563 4698 3817 15406 732 11841 15701 7892 19740 2876 19125
227 5950 6739 10090 13958 16711 14695 15930 9596 15735 4613 2841 12564 146 12241 6055 337 5794 3500 18035 5164 5676 6292 18699 19441 6067
18816 7396 999 16252 4729 16582 5506 6882 19355 18642 1371 14828 15332 8809 17873 19799 5469 13099 10326 19574 17822 9587 11098 12883 13201 19730
911 11348 19859 2992 13391 13830 9699 8833 7906 7226 433 15337 125 15939 14064 15626 9024 14109 3885 4411 3468 15038 8828 6041 1086 5250
214 9094 15869 18340 10421 6262 9732 17830 6123 2156 1302 7939 9928 3472 18997 9043 15819 3855 11935 18846 16708 12345 16637 15980 3974 3140
8685 16794 9407 9578 1122 6798 2007 12597 16940 9262 4973 540 14072 13496 19949 3849 12701 168 12966 15937 18568 5693 2311 8888 15615 3824
17377 2631 7193 7596 11131 5275 12269 17086 15181 9375 10154 13691 11413 9835 9936 11695 7666 8638 8216 8803 7105 11075 8390 18015 1912 19208
12260 19558 17511 14562 949 12691 18033 8861 9154 386 15113 10313 7618 9779 2631 8923 6345 833 7270 11799 3987 18200 19251 11309 11815 4676
11006 7316 2975 8958 12768 2523 3616 2026 4329 18716 14916 15737 15350 13678 1990 442 6590 9728 16804 12694 1991 18051 5249 1974 10733 8486
8745 11051 11694 258 4171 13252 19415 3003 10812 765 13016 12393 8884 2918 600 12081 16453 11074 8843 7371 11250 9588 11247 8015 5695 9047
2683 6061 7038 8895 16774 18962 17683 3973 9960 18284 13237 6768 8029 4333 8304 15157 14124 13438 13377 1422 14577 18231 258 90 12060 5202
6794 1391 571 3720 5772 1372 12042 67 9977 5036 17871 18479 4121 7921 13593 4614 4010 15076 16593 7791 17096 1773 3436 7424 14466 4485
2014 17146 3502 18944 1615 9415 3120 15441 1111 11755 4690 8567 13769 13017 13278 3229 16625 2323 5317 2338 10772 274 7329 2444 2039 1712
3699 5719 1092 10877 14687 12751 18689 4044 19297 13200 15413 8954 16209 17621 5918 16106 14010 15906 6677 6948 6796 4481 1317 10438 2486 3608
4276 13754 4954 10496 7852 12594 13670 2293 1720 11462 10166 1455 11871 5687 9966 12451 13062 18233 12225 3262 17119 19927 11785 11502 4887 248
2019 5923 3330 18366 6473 2865 7145 2166 12948 16272 2863 13924 12384 9412 1689 1575 4170 11853 7518 16568 14901 17118 440 7739 18376 10996
16843 12032 3314 5811 15585 15484 13664 7701 13798 10340 2514 17989 17584 5474 588 17713 4098 7331 15189 11993 14569 3711 19709 2187 2369 9899
3354 9333 19956 11398 4800 2768 16437 4399 3668 1473 5010 13041 318 7141 9730 6677 10340 10021 884 13442 11993 3710 11193 8985 11594 449
373 7331 7870 1465 2088 0 4522 14100 9222 18019 917 5180 7624 5967 2756 7074 9234 1657 18632 5463 18590 10081 18484 17890 6870 235
15184 19440 18931 4493 210 8947 19199 13536 18117 1464 2005 19425 585 18346 7783 2742 3287 2769 18679 5035 9632 5018 9814 17597 19721 3227
5252 6597 11728 12983 18246 8852 17052 14063 8195 17444 12697 13822 14596 4653 16076 16212 14468 18769 7527 2218 11574 7534 10699 16184 17773 11226
18162 16668 10764 6998 9441 9886 13526 6553 9966 15012 14283 13285 3284 17215 16574 19655 4907 3889 17472 3461 2931 3659 6373 6168 377 16936
9419 10810 10383 6270 9340 8231 4557 1073 2237 413 9338 4723 33 6785 14046 7665 5751 14150 4741 10682 16647 2856 7999 15579 3364 18308
4641 12839 746 18290 525 1198 10292 19703 9571 12485 9244 13228 7268 548 8842 15072 17348 8050 14751 9578 10597 2509 15240 3990 16666 5545
10121 2051 19678 2949 6281 7942 18126 8870 13626 7434 2821 480 5046 5508 3345 5402 16876 14709 13138 9027 5344 18566 14286 3644 8813 8961
11885 18924 13070 3045 4662 14562 2667 16112 13769 1195 3333 16234 17470 8695 8876 2193 7829 2880 7364 398 8229 3987 18841 16307 13834 17714
19391 9398 8917 5104 8772 15385 13339 15246 6751 17734 3680 17544 8981 1511 7108 7864 11715 13235 7277 14200 7203 2321 12984 1514 1415 7583
18141 10482 15003 8971 17996 5509 4166 7725 16686 3910 10764 9023 17073 1451 5496 3597 11639 11402 8059 4988 5355 16256 19074 2606 8738 15376
18011 13705 4926 3395 12339 2201 14364 1796 16006 3210 6535 2731 5237 336 9067 5839 14737 18298 5082 4467 8535 5301 15947 3160 7533 7210
8430 18788 3053 1066 14026 129 5360 665 7346 11078 19345 185 5060 11581 7561 107 10639 14759 7552 1566 17381 2287 3834 19105 5565 900
722 18701 12406 14180 15522 12020 2502 507 13434 2907 7063 13710 8831 4181 17321 12774 8999 19560 9600 11349 5166 4399 11894 19217 1735 12415
806 3743 4524 16064 616 4811 5947 7934 16142 16453 2907 416 6813 656 2902 14226 19394 8985 2495 5676 16551 2346 15923 4861 8581 18213
4029 14499 13799 18524 18323 15418 1703 14155 10909 9816 5032 16383 10907 11643 6790 7455 10582 5563 8161 19291 14163 11019 8836 16069 6488 10996
6213 12188 17190 13733 4022 17679 6388 7339 15321 2374 11393 1491 15075 4885 8913 13899 10628 8317 9908 4975 655 11484 9454 11708 5430 10933
5571 14332 2830 13301 17423 18500 18839 6948 5174 1480 7626 5080 10033 11792 14813 923 7109 11125 13584 9187 9017 16393 3908 5819 12864 18378
6808 4967 2375 13494 16213 17780 16035 7700 10493 10318 4042 17548 17360 19157 14823 15277 2748 9019 9363 1080 19811 6814 8724 17684 19290 7318
13334 12998 11536 10627 4376 578 5023 2448 252 1411 697 2915 9365 14266 14211 19317 5166 3645 1031 18731 5659 15776 12626 8027 18002 19588
7339 6532 17754 6514 18803 939 7610 7670 10043 14766 4171 5022 6577 19085 1729 14137 10216 15049 10819 5384 15397 2565 14221 13353 11666 12641
10035 19034 10911 15505 13884 11042 6017 16409 4105 7298 13643 919 5273 14409 15432 11458 1873 9117 16845 12554 1084 16258 17337 9470 7170 241
4741 15509 13462 19671 10647 4794 17640 14709 1130 14284 8838 503 14350 19545 14291 8692 5430 5042 14740 7619 16940 18169 6189 18346 4963 4885
1022 10007 13054 8554 8289 14653 8560 17818 15748 10932 11233 1726 16221 19141 8099 6526 15998 9094 16346 895 6006 13978 898 16470 4871 11352
12145 18441 12116 13092 660 11833 10589 5353 6401 9221 6245 3017 13766 6623 12146 4237 1704 12604 4768 1330 16678 13044 54 9265 8979 1210
6208 18195 7004 11456 5480 13185 10295 15397 11343 4089 6774 17349 544 10270 9642 6679 14196 9812 18862 16085 10518 1019 8848 5354 17691 2221
9229 10844 13016 12804 2010 12718 8436 10884 15606 8833 15338 11579 1887 2608 18565 18640 17854 17236 12135 15266 7855 2266 12002 19038 7049 10369
13465 629 9460 3521 832 7006 1304 18121 17431 15874 5805 16802 17816 6966 9449 5075 6307 13411 5820 9473 351 1007 8370 13060 3836 7112
7997 9297 694 11455 18047 10512 169 16545 16822 1099 6667 10300 2857 14480 2425 2560 4075 14146 19617 18787 10680 19459 11983 4217 19160 16763
17859 12146 8721 1215 13835 2610 15494 13589 19234 2489 13494 1402 12692 1385 5777 4992 1345 8720 1152 8546 7762 19345 7482 4477 2396 17381
16455 16539 19335 4888 19034 19266 8175 7876 4335 7557 2972 14476 12445 9830 8609 12459 13955 4696 9456 12406 11325 6549 13570 11359 7772 19742
12563 12683 16254 13573 1391 14685 12018 17384 7296 13109 8921 12892 12891 6736 3554 16486 11316 2129 4102 16766 14569 136 12661 12307 13105 3517
6772 15201 1350 1544 5691 19876 7520 12828 7717 4602 12848 4769 18777 5153 312 5301 18390 14720 447 17079 787 11847 639 18633 7570 8971
16283 2046 16254 1522 17364 9932 9942 4162 12466 545 18402 7655 19868 12384 6154 4100 6184 5063 10333 11821 11382 15056 19031 9802 18654 3827
8182 16824 4435 4821 4474 18058 2855 8297 17958 10975 4710 17784 529 13582 18973 11341 7853 3911 7748 18411 19547 2837 3237 18415 11706 502
10204 970 15519 6083 17272 13902 1770 6881 17800 767 7685 17997 6575 10497 17901 160 17398 16921 11964 11646 11615 775 9478 19553 11740 13440
19362 11020 231 10394 14678 10199 1174 1115 10368 10920 6376 19575 5927 12360 18148 6645 9463 14781 18489 12403 12272 1665 14620 4166 18883 711
14022 15397 1798 1783 3953 312 18235 4197 6641 19129 4226 12435 13357 18372 12605 18533 4976 18003 16709 19447 18944 5314 11614 18123 12355 19378
7867 11957 4476 10950 5079 1303 17583 8567 15783 11443 19468 3548 13119 19375 19356 3059 469 777 19970 18487 18102 5130 4675 19288 14684 17971
10531 10619 13771 19067 16449 19596 3471 18576 12793 4227 15085 19573 13752 19499 14574 1935 9249 5570 3203 7140 5784 3575 2325 8627 13412 5507
8207 5187 5792 1473 16688 7701 18828 7044 3369 14276 12681 451 2791 5213 4817 2623 10720 5688 932 1114 9387 10074 2215 10986 13437 10900
1922 5053 1866 3952 5417 13823 6750 924 19138 11506 248 3505 15397 8242 4511 1171 1423 19628 6708 8520 9616 10044 11646 1737 13633 16253
13627 19651 9538 3325 6037 18691 11639 5851 4316 13825 2196 3263 13833 19205 3219 10113 16735 5766 18891 108 5872 1715 11028 9008 293 1849
11474 7922 3374 15971 16057 2030 10226 6797 9562 13389 6993 10889 4391 16375 1924 5821 17372 8183 17831 17481 5338 11295 5215 15032 14299 267
17793 18466 18533 340 2365 17635 5093 15215 7931 14012 16053 3505 13427 9186 17978 15888 4844 7700 13728 10439 18137 807 17224 2813 19957 13955
15472 15827 8562 7797 19466 15775 7073 16082 17863 13513 10968 7120 1926 3544 16734 18042 16698 7515 14814 17170 16662 4271 1373 6336 12311 14317
8698 17917 18753 17868 5857 7970 3492 8208 16545 8838 14260 4158 6241 11965 3856 12217 5154 636 11655 4216 8059 4570 9721 15705 16409 11280
12236 8383 14577 11507 8321 18924 2348 4036 11248 11026 2795 9784 14077 8866 11417 18793 153 9032 16584 4176 3728 18448 15564 16750 9868 17871
8807 19265 16158 13306 17980 2537 8511 11456 17814 11391 11633 11659 2085 6809 11459 13922 7919 6617 14352 16072 12374 423 18671 876 16421 14451
7526 14415 9419 9492 2860 18823 1036 6764 11080 3868 6034 14454 19320 707 2639 6582 13566 11369 13022 16277 13046 3996 19323 16112 7142 17170
7647 1437 14472 3527 7587 3358 16265 16531 11587 1720 19471 1667 15981 6078 9010 10520 15860 7072 4205 8117 4080 7931 19238 3002 4134 8454
16224 154 16338 1969 10328 5893 16069 14511 10962 12071 10858 8615 12547 19167 8955 13726 10367 11410 9050 5985 12530 14149 7023 14363 6279 7279
7286 13569 2356 2361 8092 14033 11441 10700 2438 13379 2148 3372 8280 3958 750 9612 9993 4887 15872 5402 1839 18752 18548 12354 6415 16848
5009 3156 8653 757 6603 2576 14829 4866 4779 17882 1184 5084 17843 12902 11525 5390 12693 7394 13250 18671 604 2244 1821 16461 1227 17365
19895 13319 18183 2629 2502 14484 12924 9564 14091 12232 1849 6018 16606 10878 7302 10901 7791 10596 11938 7251 2310 2962 11835 12652 7648 4696
3857 8452 7631 18054 16691 2071 3430 4815 10729 13035 5573 17431 4906 11360 12953 12134 3497 11670 8388 18094 2750 2848 4863 16199 7348 9984
135 12405 15638 13514 1029 961 10267 9725 13619 19963 16102 2913 7709 4696 6311 5159 7723 2862 10587 12812 17576 11200 8717 339 9389 9352
2955 9771 16181 6157 11251 8726 8551 11357 14869 15152 9122 10452 16524 17954 14279 18319 5123 17401 18963 2796 7557 15364 14981 11771 6958 17249
1150 19309 12391 12354 13372 7436 17249 17558 5711 11367 18686 2792 11675 1643 7622 3417 9951 11807 16733 16464 4330 11717 411 7449 1921 3644
4854 19113 10352 10000 13370 14373 2790 17167 3769 4246 5154 3392 15269 4000 6364 18716 19129 12078 8040 9322 6814 11028 15400 2079 10736 18029
8120 6122 4453 14328 14277 1731 6321 2733 3557 11333 5549 8942 8031 5765 10365 17606 10792 16872 19806 5953 12421 18667 3368 15619 3974 12730
1583 1936 2467 4249 7725 18649 19274 19436 18217 18897 4129 15002 13103 3188 16307 4174 10141 8015 15426 2552 11632 61 1067 19959 17628 2482
5378 16855 2315 70 6415 1586 2889 2511 4037 8682 16149 1644 4672 8424 568 19902 11722 544 5206 11258 17298 10172 12831 10720 10826 10762
19773 19015 13043 10141 11716 9905 10127 3820 6993 9274 15295 4233 155 15981 17829 484 7868 18449 8478 12078 11340 18813 7094 9684 19134 11470
15436 1964 11948 1698 18463 4130 5338 5042 1910 8132 19151 956 19636 1167 7361 17633 12273 6671 2959 16194 9158 12204 13632 10026 10828 16632
16897 14991 14493 12412 363 15266 14398 2579 8217 15295 19424 10791 19073 10462 6069 15483 4926 10794 7712 15053 14980 10311 6028 17439 15473 9722
16081 17973 5068 6775 5579 2318 17169 6814 6175 11243 4151 4672 9071 7463 12123 15301 4360 429 10854 19665 7089 5130 18797 17613 15257 11375
16648 16294 3608 16324 8083 15268 5979 18919 6794 6528 10632 13088 16772 10408 8146 378 1339 15244 11017 156 6253 15267 5764 11017 10027 12326
6901 19416 3393 3030 12073 14255 16956 18650 6357 10981 3315 14695 8235 1943 6221 4508 13488 15137 3267 39 1690 14107 17418 6589 3846 19895
13698 9566 1236 481 5223 5088 13844 8509 1040 1510 18537 881 4121 8668 8676 12054 8283 14470 7497 5816 14053 8254 11569 14513 13802 6092
6598 6603 3744 8117 5767 19802 3296 8345 6048 15293 6488 13084 2111 14638 1204 19564 8154 19510 18937 10102 19465 15561 6393 14097 119 2737
8850 13293 17194 17538 10679 14347 3167 3665 6451 16973 12752 16681 7094 15134 12377 19117 8699 16873 17624 19886 1401 7859 14358 12163 1586 6912
12309 13746 15479 7295 9681 7516 7905 5056 16540 18444 15129 44 15586 8487 18583 5825 3436 4311 5872 17671 1131 2605 3337 2253 8100 3709
14718 11940 14420 77 17628 8314 18117 18361 15605 19199 1637 9867 5060 4941 10925 5895 13327 10276 6948 19634 13857 2919 6580 12582 18609 13060
570 3777 18608 14563 16750 11258 102 12072 9896 3726 16206 13187 17856 18243 2156 7343 15786 18662 8436 14992 1622 18568 19819 19716 13163 7081
772 6323 18484 17766 399 10466 8782 8795 11589 18542 14169 12468 16421 1635 9624 11980 12426 16393 12505 15369 4270 7945 13422 10887 3137 19347
5821 8970 9075 1164 12046 9797 7955 1517 8547 13567 7363 2664 6055 2410 11571 1301 3164 15913 14858 3380 18360 7374 4943 18664 18107 13809
18870 17630 7737 2708 3750 853 19124 19947 8518 11090 6970 17215 7265 4354 18418 11207 2112 7026 5372 7750 15660 12060 6633 10981 9349 17853
8341 12456 18675 7447 13801 3641 10988 4671 2338 7057 10529 16791 16849 12238 9416 19197 6899 2532 2987 16715 5535 17706 15672 19047 17819 9267
1715 19581 9362 12080 19227 12448 9095 8045 15274 1284 15812 16736 3607 11222 17371 14519 7080 6932 18952 12695 4054 9990 1118 16712 16119 5981
3554 16430 2357 13445 891 7999 19055 5751 7422 5484 9728 3355 14816 1639 11040 11866 7261 13893 18430 4493 17551 7251 3938 16410 11961 16135
17530 15214 6749 18429 15319 4756 14254 571 2543 19500 16492 12381 16509 4101 6085 16123 17354 10964 8821 4173 6818 15430 9623 4379 378 13548
3048 18193 16366 19002 7753 15313 412 16139 6608 9967 5057 4980 10917 5597 7079 19069 8301 388 9406 18908 19595 360 8059 14131 9102 1344
3003 3028 4102 15967 988 11982 17594 12312 12223 12632 1434 1287 12204 7649 11559 9335 898 6331 9232 19856 11536 9742 5032 5655 7717 16306
4274 4478 9768 14352 1271 11527 18616 4568 8128 5493 5548 15041 2620 8935 99 12731 9161 8243 3914 13345 3174 11152 7511 299 537 14997
18849 11666 11775 1369 15422 2228 1844 10824 11768 11638 16339 18942 9484 14532 19304 11591 6722 14934 12070 12824 11114 12743 136 18899 361 9382
11700 12467 777 16336 6993 7591 724 15777 7874 6320 12316 15311 5937 5408 13446 3166 8272 10842 15177 9824 15289 18202 8823 9893 12052 9318
8700 12042 18824 4318 12487 5467 10527 5517 13948 3752 7248 1162 8944 598 16781 8920 11687 12989 10183 6308 17326 18876 2918 13375 6799 7560
11437 6974 2593 15202 3209 16617 7909 1078 18724 16954 16748 19418 12388 15218 3232 5459 123 19205 12766 2761 17379 17834 373 15849 12913 4447
1617 17168 4546 18794 8029 15413 817 9523 16359 17891 2672 10068 14074 5059 12524 18457 3771 18061 15174 4185 12861 1014 2133 6500 6075 7039
12062 10294 13777 10979 16640 15161 17079 9318 9495 8224 9066 12901 362 2670 16792 2641 1520 12504 1016 17567 4600 8356 12406 697 14361 15511
13637 19432 8875 12864 13135 16674 5390 6134 12043 16852 4244 10608 3861 10218 10099 15245 13815 14763 8727 14256 9549 7422 6126 3604 10495 13873
10558 19158 1048 12128 4038 12804 4854 10418 1493 5999 4064 5687 10757 4586 12495 14572 8348 16697 8278 2346 7632 12976 11957 1468 3363 14800
15868 2704 12018 2661 1668 16700 13653 18615 19875 12881 15547 2328 15615 16416 16744 16404 9412 10625 1801 6612 3071 0 7501 4993 9256 24
19877 10095 14384 15598 10343 13010 7467 18039 15167 10213 11320 1625 5129 11539 17351 13645 5511 10125 7349 3659 17266 14015 4248 3653 13252 12906
4629 10835 19533 8864 11619 19047 5517 7004 7877 2872 12395 8172 7618 2852 3172 13636 12660 18534 14378 16629 12480 14918 10351 9622 4238 16241
6143 4296 1048 19347 4419 3496 3538 4125 7343 9133 7192 19406 10674 8324 15501 393 9041 7196 6746 2979 9091 18614 17148 10557 1905 7860
1026 14739 4620 756 3952 9948 13795 776 15565 11382 2868 9600 4873 10791 7717 10038 19388 15582 15628 7387 5897 6397 4680 12442 3829 260
19280 10517 16058 8914 17196 19453 11257 11686 13641 818 7485 7435 10916 19992 10661 4 11530 10677 4035 9539 4951 11432 5799 16782 3156 15471
16176 11116 17639 5395 16044 6653 1798 16741 5359 3675 17899 7746 5615 17890 7679 9154 4834 5600 5339 4979 8483 18390 6909 1221 3741 8851
12988 18398 12856 6069 724 19754 10221 11865 5355 17388 7529 11291 17846 17106 10811 15920 4955 10440 10009 15935 5802 11527 6800 14371 16825 285
19354 4387 18312 3392 16682 17933 6368 3668 13753 12479 11806 522 8724 13055 8270 1342 18742 6479 5498 18782 4244 6556 19684 18490 11349 2045
5996 13160 8023 1292 7635 16083 14015 14664 11395 7385 18810 11596 17594 12878 11124 12807 6721 10506 8351 12116 17141 19001 17680 16760 1905 18063
497 9667 7593 14591 16998 14959 8667 12077 4463 13914 15433 2493 4979 15448 13327 7311 15837 17406 19872 6100 3747 8810 6590 925 11941 1441
10843 10151 2505 1209 9404 10000 13537 7678 15460 5450 11209 17 6077 2701 16016 10579 733 14113 18035 4122 16165 2082 18256 4673 2263 63
5955 16909 8257 16622 18475 13330 11047 2268 18140 10551 10983 1979 221 9963 9103 12553 13084 9398 175 3739 18530 2625 19132 5227 16074 11953
3247 363 4363 10951 11239 4581 2042 4123 2822 19084 10229 12838 7166 19147 15229 13970 7703 18909 12539 15603 10068 6904 15340 14320 9128 7870
12827 301 5737 17183 17988 15612 15153 16917 10209 15610 10713 16648 10724 6360 17627 16218 11475 3307 8115 4443 5830 15139 12726 11309 9264 16894
3943 10805 19143 19298 11493 3114 927 14751 3693 18588 10267 8618 16765 2371 10427 2480 11226 12164 19073 13293 18535 14555 10073 13961 14533 2087
2665 17953 6656 2981 2346 13945 5510 1754 8728 4968 4411 9098 4874 16596 439 6156 19689 18876 4699 12118 5809 7079 9666 10819 8910 10042
3230 9767 4219 19805 10099 5620 18116 11262 14122 11456 2988 6675 5295 1337 8359 7842 18177 14674 10068 18024 14252 14045 6290 10891 4657 9107
6335 18420 8767 266 15130 4492 15480 16321 13085 2626 15786 10669 11160 606 17230 1437 14161 8466 11270 18631 1127 17140 303 12936 1239 1087
10560 11777 8870 1217 5712 9336 16194 8284 2386 14883 3856 6206 8152 8060 17350 10303 10098 276 18435 18515 5187 11534 8709 17077 1704 17391
4819 15904 9486 17780 11880 5991 9915 8259 13390 17551 17328 2676 14830 6857 12676 7366 6742 6467 3733 6212 16247 11611 15579 16089 9140 10766
11442 8881 1645 1692 3472 4549 16026 13119 16921 8723 8960 2860 4916 4502 14056 17145 7132 12860 183 9993 8167 5589 4297 15869 10583 5665
1491 7236 3440 1386 11800 1612 9502 4992 11505 10925 12366 17286 16218 19514 5033 13887 15090 19178 17329 6904 15029 6836 3139 6327 10850 5325
8438 4179 2037 3612 17429 3361 17554 13840 6054 12048 14384 15383 16628 15748 11025 12674 7259 12855 13706 5198 13724 13719 9934 7798 19884 7126
2858 6843 15015 7387 3683 712 16571 1457 6894 11354 13759 1624 9353 14879 6566 13696 9906 17459 854 12516 17606 9509 10450 13007 17595 462
833 11578 4893 14288 9194 6263 1754 5252 1417 18981 10647 3433 17168 2169 6939 5820 16908 1991 10421 12823 3732 15199 17550 18879 4181 16789
6960 17915 17997 17360 19927 3540 1263 11606 15245 273 16068 8328 4396 16350 14233 14871 6009 12961 17198 12784 1565 18405 13690 19882 10321 3096
19027 18872 5200 17647 14350 5323 10094 12983 2528 13880 15479 19830 7167 3338 15274 17616 10925 17275 15791 15839 13872 8841 16801 551 5489 11763
6022 15634 12274 8924 11827 5839 17616 7528 16492 6733 8506 9448 3621 18993 14724 8163 7087 15567 18690 2150 9307 12566 781 13010 19588 8094
13766 3837 12371 3877 9217 14853 13822 17671 14326 3430 18294 2428 18291 16080 2228 13619 10459 5056 7721 2155 11138 18392 12000 14398 7978 7803
8691 11912 15611 16421 19769 15961 18903 8110 5577 5018 9791 17206 1709 4498 14315 15977 2025 19395 16582 15420 11444 9132 19211 15708 3095 14030
4847 12737 16010 9857 4299 16964 3383 8715 133 14199 19859 9864 14679 14461 3166 4423 19579 8065 16152 18660 5005 13266 16563 7797 6169 12987
14062 17101 3373 17407 14018 18880 8389 15720 7367 8828 9467 18997 10013 6980 4012 13773 19117 3180 3851 11677 13476 1274 6284 14114 14335 4340
5159 577 7718 19082 19938 13000 19328 7417 11550 6392 7434 19468 8909 13744 13197 3437 8290 2496 3841 11876 2276 4952 13358 2281 11996 5890
12564 9089 6419 19518 14503 4966 15642 1702 18095 82 15104 6690 7316 11003 11714 17269 6623 10416 5256 11222 4328 1010 13621 14713 14862 7985
5975 14671 2192 350 4239 4621 3036 18457 10407 14873 4453 4322 10332 13135 1470 15589 11711 16361 3874 10182 8908 3532 290 17728 4927 8022
16365 19557 3766 14793 18364 3905 8372 7512 5469 3514 16988 8084 4958 18479 259 13176 10591 12360 7824 4958 4813 14274 9722 15578 10158 19089
428 18143 1568 4951 4771 1618 3225 15604 4295 11499 12809 13175 4055 3742 7509 16685 2231 6529 1971 15846 3167 17716 15033 4088 11837 7146
5827 14970 5334 13166 18814 3833 16051 2673 16139 19181 18206 9444 15669 9916 173 13544 11935 19777 13258 15123 7279 1346 19671 2933 12462 6926
16498 13034 19075 16219 4906 19197 707 16341 2486 14983 9714 11672 4194 18245 8754 7166 18691 1616 14672 3526 16317 15804 6763 846 18840 9341
14995 2593 11251 11201 40 6494 12627 5705 4788 2952 4658 15789 8520 3953 1806 7999 5978 5584 754 16112 12621 15864 14286 18457 1596 14403
607 1336 6366 19652 5304 14713 14445 4549 19485 9700 2641 17300 15960 18911 2742 15613 12796 2814 15250 12355 16957 19499 12451 14455 11402 14173
8336 7429 8398 13813 10859 9565 3101 16620 14038 12187 19435 3814 8794 2235 11937 7807 7126 9449 6231 2705 2398 12901 4361 14521 3874 18539
7406 5838 7728 16020 19167 40 5639 5089 9950 8864 4476 17403 12134 10768 588 18038 3598 13323 11458 11861 12657 6322 11518 11109 4952 2992
1196 3281 5136 14519 5440 19260 19028 15632 981 15506 17606 5381 16301 4487 7751 10433 16814 6606 19935 158 10817 19682 12074 18783 13684 253
5714 3559 10196 290 12637 17865 3379 5350 18120 10044 3971 16158 815 16065 9817 17650 18752 10830 1260 16856 11207 15200 18968 8115 9397 13745
8513 7478 3643 4390 18750 4659 4809 1404 10499 11903 17379 5581 15042 17799 13378 11048 10527 19226 9911 19536 7761 3034 13948 11598 1266 19552
12740 7542 406 8593 19548 10130 701 4797 16173 13863 1659 17388 9874 12576 10363 12136 13921 9360 1977 18885 2347 4608 2891 9658 17950 15384
7380 13768 9710 7074 9606 18669 3324 10950 4315 320 8836 15255 7133 7029 14114 8679 18766 1877 195 13647 687 4577 12287 5756 2496 1991
5762 11259 3691 16583 188 11360 8274 3991 7918 8096 8523 41 1152 948 6207 15034 4576 3209 19745 8505 15520 1701 12207 13982 116 16845
16304 9409 7440 16558 16095 3493 11255 7767 8621 3204 6285 6054 8892 8322 16346 6623 669 18828 14613 3926 3759 1880 4884 15176 18641 1890
2898 16143 13815 3608 8174 18776 10192 3823 12032 8999 13306 591 13645 1749 17976 16226 12503 4451 16621 2629 19117 6164 15522 17120 12963 980
924 9096 10501 10185 5813 14553 7182 9830 7087 14325 1483 2384 5824 16320 17557 3323 13983 11589 7047 11583 14377 16162 18990 8126 16798 18179
1837 287 14052 13839 1190 15411 5116 18363 11061 16898 13541 17975 1980 8417 15431 9008 10482 18507 5138 4405 7042 9452 18664 11204 3389 13948
10617 9789 11005 486 6428 17915 16129 9984 6991 15444 7166 2578 19469 13335 16247 9004 12867 6600 14828 15975 18603 16988 7212 5412 17295 6156
7888 16142 14187 5503 18915 14321 15913 2405 9730 1253 11322 8889 7830 19023 19234 3099 18925 11742 1555 19311 3090 13030 8108 8670 15542 1936
13712 2575 18679 14172 2394 15879 3175 11809 3521 3698 5725 4449 9908 16808 8831 1111 4375 124 11708 17224 10578 16400 14767 10057 9258 6449
15445 17907 8110 5220 834 13957 15698 5045 1439 8740 17722 13495 16672 8705 18925 1918 16143 5832 3161 657 14032 6142 11520 4861 5740 329
15093 14073 4138 14362 18623 16738 5813 12240 6865 8411 721 11637 4440 4235 15489 5518 3609 3139 9417 7003 2467 11022 14810 15528 17793 2204
9751 6303 2961 11394 14699 12808 16534 613 9608 14348 17969 7312 6865 6748 11341 6279 12413 1914 8586 2587 115 16457 19412 13510 2806 14687
19131 5363 467 11389 15157 4148 7162 16284 12406 1536 13183 16400 9555 13178 7087 8252 5821 11667 5834 14891 4182 5291 9088 18222 7874 13323
18991 10542 2801 348 19130 16432 11697 695 7827 14185 11248 19340 17102 3672 5237 11046 4313 11115 19152 18742 2650 7301 2707 6061 1138 4615
9704 1546 1924 5727 6850 17341 1607 6297 6802 8326 11310 18138 16200 7547 1149 12410 11177 18703 7763 4610 15709 18577 12176 4546 18835 2214
3630 14821 805 18511 2179 6743 19620 9589 7879 17800 19562 1952 2329 14584 27 1090 1569 7823 13112 16475 6873 2162 7208 12334 18498 15546
4068 9947 7410 18064 2470 3071 2285 19735 9548 4412 10524 10129 9296 9808 7830 3823 6736 7083 1142 13388 17858 17307 17309 5618 14281 8200
8106 10869 13734 15649 9603 19518 12159 2777 1296 6202 15950 5053 14537 2384 16759 337 391 19781 14805 3367 2646 11802 13746 2171 19985 11299
8178 2971 5888 6786 10057 14018 2042 7825 5106 5467 6734 19061 8986 1130 9422 15042 7827 19297 1856 9249 13575 6616 3061 7452 14877 11889
15529 18066 13842 14944 15398 12250 6419 7244 13817 13655 5446 11384 3458 11466 3919 15060 13504 13521 9507 15821 7276 15257 1202 4708 18314 3964
14529 17628 15609 5991 4096 17088 18623 5783 11169 3554 19302 14796 11299 16208 8327 14445 4765 124 7231 10506 17436 8292 18880 15571 14644 19807
7422 9857 15925 7184 3127 2997 17426 10953 16693 10410 17708 15073 8313 18665 15125 13968 8914 6178 9253 8330 8961 4074 18396 13172 13995 19658
4994 12117 10679 14985 16102 6704 1207 3651 6286 8529 10786 3003 14468 10147 16592 2884 5050 13055 6604 7612 8309 11401 12983 11155 5882 18781
14415 11912 11142 11596 13115 5793 7024 4228 9260 5293 15357 16219 487 7365 8280 6332 12678 15395 12527 5370 272 11754 7967 5455 19694 2294
3451 5562 16647 5538 6144 4209 11875 5226 12549 18392 9879 10896 4504 12417 4942 1366 5712 859 19899 16288 19936 19705 13535 11006 18655 10682
14562 14067 951 3993 19757 12708 12582 12407 17907 7536 18803 980 7111 13772 11774 15387 14158 18656 18642 14075 18768 15661 7883 19358 12076 5052
11300 6480 10100 3135 1637 2570 7303 9453 12662 19971 18694 13658 19927 12812 17468 14092 11154 1344 13052 14978 19054 12160 11894 4081 2604 2944
2570 18355 2154 11340 5492 3468 3822 17726 18314 2606 15900 14047 16061 14103 6365 11946 1028 17615 8680 13908 12533 15807 6036 7049 8382 18418
661 10728 16998 1579 9772 6129 6393 15660 289 4113 9662 5887 14107 17639 19860 14958 4245 6435 976 12627 5634 16626 4441 18635 9194 1251
3936 17491 6661 17700 2444 7001 5127 4935 12010 12885 5689 15870 4454 12109 620 8158 11686 12607 4570 4154 15600 18204 5245 8065 2790 6094
18003 1425 14213 11415 11587 7204 2518 2215 19121 272 3552 16733 1080 3001 7122 9061 19266 11067 9249 16841 13778 13996 9777 2245 9974 9022
15237 19500 1983 5384 2654 9646 9280 12506 10198 18802 3786 14600 18839 8813 17176 4978 11662 2642 19645 19802 15877 18730 2666 8515 14674 17734
8124 15780 15031 16987 2513 12273 9352 145 15740 13534 14137 6936 12345 14443 13197 4129 5801 3106 19262 15766 18329 4359 13820 11853 16287 11427
15417 8775 12002 6579 1506 5543 2360 8570 10685 14760 12454 17679 14484 10285 11892 3514 9621 1137 8613 5802 9916 15662 9216 1450 3474 2842
13377 6017 6023 18170 16042 2949 826 9708 5330 1866 10580 15630 4925 12807 16623 9999 8458 2809 2806 699 12570 5305 1081 5744 11023 8465
5061 3627 1669 13416 8629 6187 16513 13622 3141 6225 14052 13887 1799 10159 10584 13057 15097 8168 15957 10249 2845 16050 3664 9429 7226 16927
13559 2113 3258 11226 8909 4878 4271 15753 11666 5739 17803 7845 11585 10082 8992 3540 6192 2350 3058 9886 11742 12637 7112 15600 2885 9061
8521 11391 19682 15176 11925 14031 17931 6407 1875 10432 4679 6803 10363 6219 7121 19879 788 15998 13731 13234 10189 13303 16871 18706 9813 14555
156 9665 9928 9848 4864 11948 1122 4474 16269 12010 17016 1927 18700 15361 19314 17942 13279 14836 11813 18736 5982 19762 15969 9902 9598 11980
10766 2843 8509 2465 11654 370 6128 19611 15163 2882 19017 16754 1692 7042 2637 18030 8194 6777 2681 18900 9145 6748 9606 19824 4248 18184
3106 6263 1111 1113 12643 12100 1301 9849 746 13092 1311 6321 8869 1001 462 18496 3521 19380 5201 17094 366 4887 13403 2612 19051 179
8454 8055 15080 13698 14480 5679 18774 12644 5402 1728 4514 16857 16272 18081 14453 7364 19028 875 18504 1204 5588 1623 16500 3080 6193 6868
5583 17032 15423 19087 6164 2395 8356 17208 18719 12068 1795 15889 6288 15646 16389 9919 9049 6502 9432 15892 18412 2088 12782 8668 8278 1076
4603 13175 8515 13795 14266 12028 12682 5073 5947 994 9464 4116 9248 15304 18657 12244 17579 3109 19310 18551 12775 93 10406 17705 3468 350
4268 13947 15298 10380 7963 5252 9638 12137 18631 2025 13403 4622 5022 14227 17840 15278 11799 19490 540 8650 7076 17594 14425 5461 8109 4621
8840 4681 10134 4218 855 10494 10998 8329 898 8665 15539 1337 15447 15555 3939 9641 2482 12703 15640 2991 17765 16623 12885 5687 48 9589
6138 15469 8324 3046 16176 17563 10937 1479 16580 7942 12215 5597 19453 1904 3615 5425 16871 16828 18856 9392 4345 5107 4096 9101 2000 4124
2339 5636 17640 18752 7034 4323 939 9184 2399 12435 9720 1103 1990 239 16321 17410 8010 10527 14029 6491 16175 17739 876 13858 5589 2035
17603 11647 1212 14753 9439 4728 12574 2520 2094 862 7100 18600 19809 4319 13529 4739 18598 4822 19822 690 16828 10122 19247 6860 15425 18403
7312 11864 13116 3683 17879 19312 629 17136 3814 7236 17765 16148 8772 11077 14805 6607 13800 19018 19368 17679 4521 4667 18523 18745 6310 5050
9337 17578 8376 12599 14492 7991 4530 13715 19370 222 6973 16285 11293 5881 11327 14436 2606 16430 13972 2730 13596 4800 14916 18403 8810 18932
19858 580 16587 5079 5664 19766 16573 15719 2872 17327 14714 1975 6844 2026 9047 7491 18615 16929 756 12296 8800 1337 16734 14222 6524 11794
5098 6960 11727 10263 19797 9326 677 11266 13692 11780 10573 2749 7019 4721 17722 10516 16786 10160 17358 14810 5608 3265 8982 19517 5089 15535
7508 1889 14829 18715 16548 11566 4475 4065 10539 339 14771 11686 15331 5801 17039 17434 15805 13301 12509 1546 2879 8154 14005 11230 6133 3292
1743 8698 9594 5013 12149 8593 9605 3736 1171 3768 12854 19619 5083 9502 11774 3440 13338 8206 11946 13082 13812 10903 18024 14729 3811 18206
6941 8118 14182 17024 16012 8601 9752 18330 5815 4428 8418 8641 5271 4628 847 8224 4600 14407 8047 15056 2500 5389 3550 12818 6229 13800
9280 1151 1082 4520 11691 3154 5459 12186 5319 17760 6533 4219 8784 10060 7122 3380 924 8429 16121 10824 16344 18244 3850 17031 4415 7428
10597 11704 15318 14720 7946 9008 2941 3330 16514 2242 13720 6537 5712 14459 9623 14300 18787 15353 13067 435 16093 5152 11573 7847 6258 8286
10837 3489 12445 5403 1957 2597 721 1022 19676 11465 18049 9464 13051 10933 6197 19982 18331 19271 14736 10655 9606 17021 10558 6678 19884 8526
2538 627 12048 18395 13177 16076 69 17073 18847 2828 18306 18773 14580 10725 315 10287 1140 2404 16125 13973 1559 9128 12768 16970 8959 3681
8106 3367 14506 11926 5506 2619 11274 7313 1159 10525 10866 5132 13774 17113 12242 1161 14793 4195 18500 4791 8888 10701 8297 17301 12199 3297
8960 9205 11059 3471 7290 1823 19908 15106 3854 9111 2078 9517 8774 54 3079 13731 4389 8066 18034 15226 16694 14363 16640 2205 18636 7015
6123 4543 1625 11959 19339 4178 18377 12381 14956 5445 19057 8929 18358 2814 4521 18575 6467 10556 266 4674 765 12475 1105 8179 18360 1561
8981 19525 1441 195 5722 10918 1829 15896 18576 8583 3773 13754 5934 8241 14007 11464 17850 18487 9171 7927 9096 19785 14584 12874 16083 9629
4442 1738 15337 4011 15225 640 16828 14223 8545 7559 10881 19649 2114 7384 10529 12145 11846 10677 1945 2299 12717 12245 19277 320 2940 4084
7385 17317 9466 15405 12458 16615 759 2025 14527 7636 3934 19472 7403 14284 14780 6376 15686 519 14862 5733 8789 14030 18239 2827 10100 15048
18511 9739 207 16031 8423 10094 15013 1771 2855 13851 1365 7615 9806 8157 10987 12368 8947 17264 13129 13734 7553 19314 12351 11400 4605 9423
13351 1942 5734 14868 1985 1540 9170 17326 19127 47 3626 2144 724 448 769 10059 14942 2897 19212 9118 2219 1310 228 1724 7112 4671
18401 9348 3390 9389 4725 1968 114 11292 9636 14657 18447 4002 5867 14280 17767 8536 2738 4300 454 17902 13489 1882 5745 12079 19666 1079
12008 5575 2066 7184 290 215 14021 7127 18918 9916 1721 18789 14559 6962 4908 10171 1584 14615 6124 1960 13429 5398 1298 2897 12233 13325
12724 15425 7613 5250 5405 8267 15915 7986 12597 15134 5212 7923 10163 17667 15424 2600 14064 10854 5550 9980 15738 5634 4608 9605 8476 19293
16827 4100 2143 4774 6901 8687 3107 8613 5078 16297 13061 9540 17567 13761 9885 9168 13258 2159 7912 16118 19135 14730 5433 13171 14886 1653
19418 10705 17678 14659 11261 5639 7646 12051 3928 4892 8121 6456 3782 19543 19850 1851 8178 9522 285 19125 5306 353 14323 11519 2140 19571
6854 17886 15038 14126 15312 13959 156 17645 17329 14726 753 1601 12678 6866 3955 3352 10137 15483 1764 14095 19831 12667 3225 16010 361 11811
14174 8106 14855 8600 872 13173 6035 1795 15634 1497 16294 7927 7196 5639 7797 5340 12458 9556 458 10787 18763 788 16749 10034 9892 13872
18595 18543 12648 4455 11683 11067 4584 1816 19486 8975 205 4300 7495 531 16631 3058 7679 1950 12385 10451 1148 16546 3552 12571 13043 3222
19237 14981 13808 19788 13261 15609 17123 13992 18724 12703 10802 6915 234 19494 5441 7554 5395 6668 9975 13973 15161 15075 12135 13678 6603 18039
3870 9277 19469 17007 9108 13203 16392 1158 13099 4407 14229 283 8629 1390 7711 14619 5957 19816 12051 2916 15493 2718 8317 3738 18421 6186
4095 16919 16229 7591 8941 10821 19390 10760 4531 19793 4563 13264 14916 5749 15098 4001 3955 12212 5053 16122 5845 4432 15456 1871 15986 13752
6998 4553 7244 5318 564 14418 8962 13476 8802 18274 12460 11822 18468 4892 17394 11113 15093 14005 6868 3996 4688 8720 6269 14524 17519 4664
19770 18768 4445 5400 10413 9580 6048 553 1965 3201 5859 10384 7958 8979 12225 352 16768 15041 13612 6274 9058 6154 10573 11278 4021 8776
14620 18395 17026 1710 9478 11896 4521 10892 12453 7160 17039 9220 3839 5400 14367 10179 3697 1916 11271 8341 9388 17985 1103 775 5454 18035
6161 6661 14060 14879 5459 5198 12242 5659 2473 13305 13846 2218 2803 11876 13521 18656 4739 11994 4681 13782 5803 16895 19226 15372 5546 5158
14611 16992 9127 786 7366 19048 18165 747 13075 397 9429 17302 10090 3586 9689 12212 14388 12926 5215 4321 16158 11681 6651 15809 1989 12708
15290 17770 1050 4275 1204 14122 2692 3180 10214 3123 11576 12922 8717 6145 826 16718 5289 17389 1116 7595 9254 8760 5938 6269 16 4377
19964 2607 15722 6781 2666 14355 10406 8247 3396 7422 17392 350 14588 5864 19653 11701 10325 6073 15789 12505 19668 11999 15683 6284 6893 13158
11168 15747 9521 8920 19881 7393 12722 16235 11298 4321 16260 18994 8282 17429 7254 7404 14285 13682 2695 4791 3645 11666 13907 3813 6526 5566
2896 13335 3846 7874 6450 17349 13754 2054 19459 16456 11040 7415 4596 6990 17703 18302 4392 18119 1340 8385 17375 9992 17077 16975 17688 1567
14723 9866 8756 11625 17090 18711 12932 17651 3048 13253 7616 19276 9480 12275 15933 10825 12605 7321 17661 14770 14604 10395 7302 8219 18371 18163
12909 19410 14789 6099 19025 17124 7195 3346 19925 3974 12348 2767 3834 18456 5081 7857 12759 19535 13587 11607 4475 6371 7510 11665 18493 5705
3337 14420 204 6340 12890 8008 2784 16559 10983 9758 3812 746 19970 15865 16873 2772 16114 5751 17987 14568 8183 3916 19828 5604 8153 14710
17502 6171 18816 4151 14517 1679 12515 1894 82 13468 18917 3206 6172 15873 4767 14474 13450 15785 9614 14414 4983 9972 14134 3486 12178 2292
16143 8010 12843 3596 3771 10750 5518 15264 11330 10632 11294 13712 19506 6870 2741 12549 4818 7879 9121 6053 4863 4900 19065 622 8819 12875
3388 14868 18050 16790 11018 17312 1191 14350 14209 18812 8174 5935 9776 14422 9139 8804 6130 8081 996 10771 17787 3593 9180 9236 10255 15877
11794 8108 17500 10782 4525 10781 16392 13341 1862 4874 11491 1377 6932 8490 18738 13081 11334 14086 6908 4574 4220 9580 9260 16967 4141 11712
14371 8491 15470 12307 10326 8280 52 18591 19664 19452 10341 1246 12683 16240 3326 9472 11014 13706 16626 6928 7493 8582 17868 15149 18801 6941
13303 4939 6533 13698 14520 16969 12589 5583 9744 5699 13602 17827 18158 2913 7322 8641 19074 17023 17027 1605 2142 19715 14423 8983 6451 10105
10519 8408 5247 9162 15045 18673 17948 18258 82 13535 1805 10866 18312 9661 420 4520 9201 13089 939 2725 4822 17400 2631 4312 6818 16294
7160 13238 12252 8410 16008 7187 11781 15148 2009 10033 1291 8279 11907 3619 13134 10435 11553 743 1477 19618 9123 13328 14825 3668 4497 19904
5467 9185 17090 12583 12964 11513 197 3195 4381 8723 2613 11530 1124 11818 17154 6955 16750 11538 4013 9391 17333 756 5913 2264 15219 19823
763 19650 15501 14954 3061 12448 18896 11470 5828 19210 19056 10564 15814 5863 3702 9046 16525 15953 17457 15736 3292 16456 11644 10300 10004 1835
6246 10330 16824 6385 9719 12091 11809 15308 13508 14885 15218 1720 8676 1321 17389 5547 12133 5525 9423 11833 7018 2675 7733 6731 2761 4421
9477 5004 12977 13836 18802 10148 17955 7309 13441 11138 2049 6538 4010 17897 17858 5804 7183 18725 14981 12737 12371 3218 4291 6558 2701 14425
12895 3402 5777 3156 7887 1574 11556 18005 12035 14580 14006 17369 7348 2127 9545 4329 5286 18563 3346 8785 13922 11292 16523 4672 2690 9879
8926 15385 19122 11913 9574 7817 3724 6839 14608 18601 9024 4471 4241 3179 1607 2626 17000 997 762 14948 14526 9622 3449 2613 12411 17517
4779 8194 16873 1658 16223 6213 5472 17616 10492 3836 1215 18566 13090 14151 4825 14096 1681 9134 14233 19368 17020 5825 3128 6618 15337 8985
6005 6241 8811 5773 18749 15964 4648 1320 17006 12106 17503 5255 1484 10052 15815 9904 19586 2532 9347 13512 6390 14281 6939 6412 3940 3130
10999 6981 15637 8607 1972 14078 9385 16254 1633 390 6979 332 6276 4393 13220 11615 19908 11125 13194 6656 4799 676 3153 2445 10801 19277
12576 13547 13149 18931 7820 8167 5625 17567 4 7487 9158 3636 19027 554 8813 13606 6143 5671 15576 19391 3512 4092 16 17271 402 3641
5276 9537 6111 10261 9369 9305 8987 15017 14269 4926 12489 3419 4558 8816 15898 5428 17989 10153 10523 912 4614 13238 3184 5375 5554 8190
5813 7128 18389 17354 12508 18354 15193 18448 18928 5905 6601 13460 16862 7559 9683 10210 12467 3679 5320 3019 14742 13296 5085 18181 18256 18271
1709 1919 16816 17421 7816 16972 11868 2676 18725 7052 17280 1595 8437 15707 2446 12638 10426 6354 18819 5315 2235 12515 10065 6381 10701 6318
9246 15393 6972 9424 13364 4162 1079 16521 4132 19665 18419 2766 13517 13884 8893 17361 8221 7979 462 19879 14967 6933 2320 1514 2818 7319
16951 16040 8879 15358 3003 10728 16 8267 1588 5044 11743 8761 11479 10232 3143 825 12101 19642 3997 15400 3108 4350 12280 6111 19060 13630
18952 16282 13544 12018 18533 4686 11747 15683 13227 9071 5297 7351 408 16305 17778 4477 6668 6885 3405 13442 19669 18276 19567 16764 16280 6117
19418 13216 4016 16348 17067 9726 5991 6020 3427 15733 15391 3502 4468 2960 17645 11512 2479 11939 5819 14128 1864 19124 6556 4507 15743 14296
16097 8007 15951 12558 12855 2876 5466 17322 15854 4335 16468 14242 6234 241 1180 8784 18603 11764 19986 2751 17290 15152 16559 9502 10243 16723
2880 13749 3120 14379 13491 8026 19605 11689 19464 9535 673 13766 12036 1447 4254 8539 3029 3069 6802 6983 5062 14452 10884 3471 1615 18336
2064 6971 12904 1926 11756 13758 6513 17508 10001 8789 9374 18357 4393 17325 7733 14765 7721 16602 7936 17267 12405 9350 9126 5020 10404 513
3008 3714 6584 4307 14202 7333 110 1021 4460 5076 3854 3439 9704 4485 11716 5861 10806 1800 156 1384 7171 16075 1814 9555 18040 683
2674 11764 17791 13366 11384 3426 1516 4916 83 13684 12992 18648 4947 2864 10488 10170 2155 13320 15017 15321 2745 10791 15012 12876 4553 6822
4086 18501 13244 13786 12530 2474 769 4472 9681 2959 5313 3194 8857 7908 4471 6037 2054 12402 17471 3454 19582 17002 5894 796 19744 1141
18598 2767 15462 16661 9748 3628 2334 16891 11710 6941 10643 5626 291 5372 16545 2027 13413 10033 12839 5400 1067 12712 3900 13932 1013 2379
10802 15731 16543 14943 18250 8420 2942 18105 10509 2395 2537 5888 8497 17455 6670 18117 13212 7457 6971 17768 2100 16221 7681 16067 6939 6355
16198 18321 13710 12074 18982 17150 2189 12494 6391 10352 12837 4515 7578 16222 7266 4841 16776 2898 18201 14174 4434 1563 2385 15614 18334 2665
17496 1678 8001 6953 5070 10934 15043 4624 18902 13398 3333 17998 6212 11004 2224 16901 6550 17341 738 3522 10677 5508 18077 1621 10921 9754
7020 10175 8585 904 13718 379 3820 18172 10792 14295 19257 1873 16408 2131 12273 9538 13554 17729 4433 12275 14814 1657 8312 14790 12038 5479
9771 17398 3720 1541 5086 12476 3564 3768 1142 14437 1083 823 10606 13279 7882 18078 8904 17929 11225 5998 15380 7262 89 2744 14233 4968
8009 4583 14962 2091 15635 11009 7049 10604 18947 12150 13839 9869 8613 7094 6734 9467 11 7433 1929 17027 2125 4459 1245 19021 9716 17112
12236 19702 14122 17447 12172 5314 12771 1563 5669 9019 9844 16070 9832 18619 13089 3474 16303 7358 3158 12225 18442 16534 13683 9931 8755 14246
11413 5143 16991 17856 15773 10832 18956 7128 9957 3955 4217 11455 19016 14905 6747 9591 8788 16110 1315 15739 14387 19910 3200 15396 6246 8766
11355 10990 13092 1009 8838 8713 12352 215 19642 13186 17198 2395 9627 19504 17850 18778 1105 17227 4360 10674 16091 13828 16358 1700 11163 4058
516 4410 12761 9290 7376 7466 7730 7825 4365 15640 19697 14523 749 19967 14962 2296 9045 3191 3344 653 14076 702 15523 13803 19018 5868
1289 472 2734 7869 13662 7579 5302 16645 12358 17843 18737 9552 17034 227 16817 15151 821 15470 17174 3983 14992 891 694 17745 7821 2246
16874 17303 15780 2745 14128 10945 14646 16031 18580 12183 10545 18442 10973 10672 2225 4228 3415 434 16697 9727 2699 1647 14123 8513 13001 17473
19676 18765 4981 16707 15660 15834 15344 18981 16715 8133 9345 13208 17776 1861 18681 15843 6631 16117 11652 2052 18176 11129 11685 14859 6943 3706
17854 5963 1390 4400 17063 5802 19341 13081 5448 13447 8826 11957 19881 9466 10349 11725 2488 14293 19522 9346 8234 12545 19728 18402 16259 12892
14881 6897 5878 16288 13185 11588 10695 4482 4415 1860 13664 15516 14805 16782 7081 9321 561 967 1779 17326 18876 5730 19930 19079 15150 10543
7564 9385 16380 1575 18810 6890 6735 8621 8541 11848 9475 5245 9902 6882 14378 2489 17741 3859 16080 17659 15200 1482 6652 3497 14880 7148
14307 16909 10387 18162 15991 16568 1507 17462 10101 14299 10323 9631 6507 9877 17134 13518 12471 7460 987 2655 18388 6912 3670 7053 15853 7284
14915 6309 3881 4944 17770 4125 8415 3013 18244 19368 15363 10524 13117 19328 4143 3884 9795 19139 11033 350 14412 17446 16678 14045 6955 15942
5868 8904 1042 3297 2092 17951 15099 14608 11550 17584 6087 6772 8368 149 10460 16716 8967 10588 2599 17080 8809 4242 6380 1736 9027 3287
3468 5465 3846 2566 1687 9835 908 6601 14836 4806 15543 18821 14862 12958 12353 1404 9084 12063 17955 12073 5164 3112 16385 17569 3724 10317
19560 1084 5044 4860 7923 15550 10825 15176 9132 8024 903 14364 11587 534 12764 3405 12545 11034 15724 8179 10301 3038 13987 10888 11086 8806
6037 13297 17945 14702 7760 12425 8337 2550 13548 19380 19313 18717 19338 11866 16607 8978 18697 203 18038 743 10081 7371 7403 2383 3666 4977
8125 13704 9187 18481 2173 4499 19240 1448 5949 18117 18646 7725 16870 3809 19444 17861 9316 19360 6786 17429 5719 9778 7116 5949 5264 13509
13747 5614 14729 4751 6152 19400 9300 8690 5900 1619 12087 1420 15450 11423 15609 7730 656 10265 19613 6719 16125 18811 2361 18308 10107 11742
2353 3021 2353 474 3800 4300 18426 14251 6701 10588 19099 4591 710 3166 16865 13846 9144 6572 16220 10839 10232 13325 16849 4350 19448 16770
15502 13133 1844 19967 14449 2749 3565 15314 4833 14163 5651 5544 7157 1649 11315 2781 19878 14794 17578 18827 8746 7697 16490 14917 18895 6090
7537 9177 2655 18723 5786 5426 16000 8841 18793 19120 4367 5334 4365 7567 519 12760 8349 17936 1813 9167 2624 14824 11548 8563 18115 18001
1946 18190 1386 13763 3310 9941 5380 6971 15419 4622 4092 6929 16476 12752 19585 3884 190 1932 17841 17796 16976 1770 2487 6629 9356 12853
14099 2156 11096 8956 12641 6942 3367 11585 15609 12240 2661 17345 6735 4904 11193 1269 198 9974 2143 1416 6916 9524 13040 12519 5530 2605
10214 5672 11728 4711 2664 19009 825 19297 14053 8491 2110 8101 1371 18921 9087 16476 594 16974 5262 5245 10712 17400 4132 5097 16469 549
13962 13175 1414 16737 1548 10932 1823 11256 3246 2468 2172 2710 8405 14270 12885 13003 18741 17846 16429 9737 18263 18140 15245 19617 13931 18857
19716 13802 11132 7932 9827 1204 18361 8305 7245 19272 7163 14791 11853 2234 5131 2159 14812 6060 5645 14360 13529 7954 9066 14837 2286 811
10785 16825 687 4319 3997 2341 18305 18868 7916 6714 10803 13563 19587 11569 9814 19197 4198 1537 9028 6257 7130 8789 4418 15145 12519 16067
15949 3850 86 2084 15551 10501 1662 16086 2758 9219 16926 16966 7674 1650 2907 17252 1253 6376 10951 8623 9852 17013 17959 6346 15313 10794
7619 18 11238 704 7908 7522 2386 11219 9333 2349 19708 9442 1440 10231 2398 701 7194 2460 18946 4601 11985 12267 1203 1563 1554 7481
14401 5523 2555 16201 17364 6580 1291 12071 1110 1751 17053 14448 9517 8132 6229 19858 11852 6041 19415 19964 6508 10286 65 5661 12993 11757
6566 8438 8404 17391 8641 3927 19418 11096 17977 3789 17312 19553 14170 512 12472 18313 6548 19768 16083 5815 16060 987 9211 17487 12029 19891
16229 18722 3611 17037 15261 2094 12993 14320 14578 10743 4458 2960 712 2414 3964 16912 3678 258 3856 18248 10149 13123 5913 1092 8148 14468
3230 18281 1164 7739 4162 16796 12319 2661 2700 10309 404 18194 4532 3262 7384 204 2783 9488 18360 18594 16645 5341 9580 5304 11078 8108
13186 4314 7356 3105 11086 15029 15166 3287 15380 14246 5419 7336 12008 382 18632 17432 17518 6052 8003 1998 2445 1492 4259 8293 8320 11102
4906 9747 11737 13209 8955 6931 14939 10758 18217 11978 9637 18846 4998 1038 10952 160 12592 15544 10661 4432 5534 16256 7719 6438 16089 16784
4985 14528 1627 9712 13887 2372 6385 8849 18188 11906 13600 11245 6556 3391 12386 1555 7413 4663 8639 9164 4064 15779 7051 16634 11503 19806
16428 1768 8063 10699 7022 4796 2394 15403 6380 16211 4520 11021 16139 3113 6452 17824 7479 6847 12488 12703 9331 17365 9768 3655 19473 15036
14487 15836 2975 12859 18714 17615 8114 10159 18419 1375 8639 4822 18845 6723 16397 5479 16605 6110 1870 18344 927 19637 6547 17378 11826 14124
3714 5667 17236 3194 3784 17124 7016 1124 8897 17304 3721 2341 1616 4706 6477 19637 15213 12451 8780 16219 2810 14071 9615 14750 642 17565
8839 7314 16850 10356 10855 5149 7975 2299 11391 13801 16848 11055 6071 9846 10235 18024 8138 7439 530 9494 18982 6751 6844 11808 15607 5490
2628 501 3288 9604 2199 10901 11144 6795 9042 13993 19449 12870 6656 3005 16494 16214 17357 18532 10886 13224 13412 3140 9404 15724 14614 7423
9893 16913 9640 9317 7853 947 8062 11969 8845 4726 18460 15508 14999 13678 10613 3472 858 396 5134 5426 16333 16423 12438 115 7325 11291
8821 8060 9440 3004 14113 11592 12008 13508 15473 11485 9181 1556 3519 15176 16901 6164 11576 13892 1026 17746 5388 19615 6813 4316 822 3195
15501 11633 10507 11026 4167 16694 15290 6272 12699 5835 13422 16323 6802 19876 19912 15898 9053 10978 10927 11533 15040 16045 19515 6571 13050 14552
7179 6533 5292 771 12922 11075 5001 17158 6485 8219 14197 8653 6401 4880 7404 9988 9242 17468 14080 7954 10600 14385 7673 8488 6053 17863
13413 3383 14941 17864 14604 7873 8888 9140 6830 15342 4908 19582 2513 7804 12168 14414 4518 9978 8319 12890 13533 9335 7450 17205 3857 5251
16828 12994 10108 965 13989 12212 931 12592 13137 11957 5623 15933 14354 2344 6444 15737 3949 1802 14895 14973 14601 13905 10127 9956 18933 4947
7645 7695 19054 4559 7068 468 7401 5959 7774 6758 17155 1672 6501 14126 109 18472 11247 1397 4834 17208 12813 18976 19235 2304 3489 5559
15484 14685 13383 9356 19980 12851 12650 16737 19523 670 9875 3706 6832 3315 16976 8904 57 2761 17444 15899 7958 14793 10999 8541 1444 3011
5899 6594 538 7260 12788 2799 19504 7616 10016 11287 11130 13788 14000 4554 11795 12990 15804 14427 16778 14190 9557 16323 11073 12442 732 2397
335 9505 9348 3852 5932 7628 19205 2461 5692 11244 2873 6257 11742 19079 19264 12847 11976 16785 6853 16079 1038 3722 6110 4893 3258 18114
18255 18188 2066 14266 6203 14601 16065 10660 2664 15029 1662 9215 14409 16569 12921 13620 7406 15729 7705 4049 12713 12 7001 17600 13721 132
14283 11209 5316 17126 8118 6166 11514 5838 11313 4718 1793 11256 1070 9523 13920 16152 15156 7013 16300 12379 707 8405 851 12174 4738 11163
18041 15970 2510 16617 18044 138 17739 16867 7438 8525 13176 3474 14982 3272 15877 16503 4821 14776 13984 1174 8551 10775 5870 12723 13128 19582
752 847 13222 938 42 17856 17536 18912 7380 12584 8885 2631 651 6964 2243 15120 16627 19789 302 15162 4277 16304 7644 17121 10996 2839
19342 19123 10498 5245 14760 19947 17479 6410 16754 3187 14435 13007 8408 634 356 14198 8206 14884 15354 13571 3444 13489 19055 2755 2506 16952
10280 13802 16452 6520 17891 3031 4123 3200 15724 18086 14606 11177 17018 19144 666 4899 18781 15930 6425 18546 1394 15288 5404 789 19175 6686
17155 12135 19929 13437 8073 11505 5388 18222 18337 11173 19125 6082 13535 6531 17525 17927 3135 13722 13746 8237 8978 15872 3698 12420 15398 3495
12464 5535 14897 12153 13780 14777 6611 10958 8837 14084 8512 6295 2126 11614 7262 16717 16057 11298 15957 14431 5757 17796 14162 761 5649 3584
16603 9644 8751 18572 1227 3657 11991 18624 15559 17887 7072 3957 6028 16005 9883 4395 6950 1389 19332 18981 6815 19929 16190 17057 19931 420
8179 9975 11215 12038 18806 15917 11613 9134 12665 526 12140 7656 12613 9469 17035 9639 14218 8341 356 14876 4234 17697 577 2536 11203 10583
1216 5831 9304 1994 6605 1791 5758 5265 12498 15442 4752 17451 13272 19642 1427 11234 13070 5404 8028 2089 15149 13202 17706 18590 16471 11660
18458 13856 2206 15962 3136 16590 4254 5584 3266 15109 15416 18726 7081 18423 4509 10668 39 19908 443 9053 11329 7569 18463 7372 10815 9054
14086 9095 10694 9370 6517 8322 19521 14242 12439 16442 9187 18305 13892 15947 16359 19618 200 13489 19532 14603 9553 6568 12125 18395 15839 1835
19715 19905 10279 9046 3681 4336 226 10425 19764 15909 6973 18433 11124 5931 16097 1526 4770 8944 1872 16205 11943 3437 12812 17067 6525 11090
19734 12595 15392 12646 12285 12096 18996 2900 18601 5534 11795 5950 6200 8514 6072 17360 739 15088 6713 16035 6817 17292 15738 3673 1860 7060
