365
98 67 66 78 46 31 64 83 45 77 66 87 81 94 98 39 45 33 57 47 75 73 29 29 52 28
18693 6986 1559 1296 19309 18444 5362 18050 15952 19086 1162 1267 7473 12488 8316 7842 4378 1059 17658 3491 5083 16766 16552 18994 19516 3931
7441 13449 13853 958 12854 10695 17190 4001 6948 486 6150 11175 14555 8443 1883 11779 6310 696 3017 5246 12284 19346 1917 14846 10225 14569
2823 1773 3284 1384 19453 14491 953 5952 12090 14211 18941 16068 10275 7075 378 4931 1479 14554 2705 18804 51 9881 18801 18458 1059 11779
435 8876 844 13176 19180 18405 5558 7084 11700 15794 11946 3652 5447 11137 18515 9918 13126 14657 13490 1032 14001 17283 9352 13657 2846 19438
16601 9049 5390 4741 6312 8660 11779 18266 9134 17243 6334 16097 19531 10863 10102 12210 19708 18550 5401 6461 5669 2907 12039 2027 1983 3999
11288 17588 8971 10023 7987 15893 16085 14271 7212 4832 15040 5418 7730 17691 14641 6782 16869 5766 7962 8952 13078 15220 11877 18375 4034 19944
15127 8600 10233 10057 2387 14482 3872 4969 3304 15501 10138 9923 17638 2268 18904 17514 4811 3302 16597 1093 3470 11987 8510 12562 15403 13666
6252 882 2183 16870 12992 10630 1872 7276 122 4132 8781 9048 13167 12472 1190 282 19942 14213 10371 10921 2536 5070 16473 15747 17595 8802
7278 2028 18930 16599 6136 418 18212 7946 19090 2801 9042 11997 3521 347 13547 5294 12624 19175 1112 11769 13080 10120 19734 7816 6125 19340
4621 14289 1884 3001 11869 18616 9981 9722 2023 10949 4414 4029 15590 8522 19675 9257 6903 14613 19587 11741 13270 3994 14646 289 11544 19895
12188 13221 8351 11951 11123 18783 6647 10187 9905 11199 9842 7850 19611 11362 4912 8352 15199 6756 11289 7183 4659 8016 11728 4843 14770 1736
512 19602 985 6221 12221 3779 1646 395 8268 9961 6053 9459 16701 4299 18962 2767 19496 4385 2810 10404 12866 8486 6912 16385 9218 16261
5694 10058 2573 16388 17125 15702 16052 12823 2816 10413 4130 15707 16062 2878 17133 19491 10631 8242 9178 15468 9598 16296 5790 5099 4112 8639
9486 2250 15440 17138 6608 3060 13352 10368 1279 13762 11079 19625 18310 16589 13273 9959 1917 17802 951 18655 3058 16915 12596 12846 766 2789
4366 15978 2166 15483 8417 12935 1737 1639 7975 12299 5973 19388 19594 15558 14657 16053 17094 6053 18784 8795 7906 8754 7182 484 6939 7554
8855 3063 4958 15664 3349 10610 17927 16742 8005 16717 18900 874 10673 3905 15377 9447 9568 14005 4006 4560 10135 1412 10537 10139 14040 3240
7330 16981 4756 8917 9258 10615 46 8347 8869 18771 19629 19208 10916 7549 9808 7414 4330 1931 5282 10271 11627 2222 2192 11829 17207 9993
10682 19498 9340 10794 13983 1301 12661 12766 5306 10374 12918 13763 9175 9868 18873 18386 7939 16427 7382 10068 430 4712 18211 11093 4402 5762
6898 19337 7772 9760 12938 4076 3318 19306 7400 14596 8107 13632 4956 3097 1397 13383 15292 16210 18573 12070 6529 12309 2925 6530 12464 10840
3461 10465 4279 2473 18523 19937 10921 4727 15638 13253 4431 16035 2823 12337 936 10585 2846 18707 12925 9813 19617 4115 4884 10907 3222 13688
11305 2240 7512 1939 5499 12028 12085 12512 14034 13049 7649 16375 19728 12832 10759 6626 6037 481 7168 549 19050 16071 16237 2626 4 1081
8113 3725 2206 10122 5342 15964 1666 7577 17413 2060 6200 4259 11668 7334 6155 2174 18539 12847 14248 9326 12047 11800 11956 9451 2341 19522
8814 12128 8066 14904 13656 19646 13726 9306 610 1554 4778 14263 7894 2979 12395 10985 12298 6270 3591 4136 8793 8397 4189 5770 10879 1444
3990 10498 17467 4749 15123 6658 5471 10643 16780 927 1540 9605 19162 12443 2902 12525 9600 16575 19315 17730 2036 2285 17035 13652 8833 18749
4844 5373 9893 14557 4092 3009 14942 6391 15290 11512 14620 14000 5966 13421 19969 9573 2020 15711 15172 15228 4637 10124 10324 213 11350 1351
6694 18132 14242 3774 17127 15789 17691 14004 12726 14548 16136 10846 19642 8022 1882 19516 18023 18634 10324 716 6988 12390 16712 16236 12158 7677
13043 13445 10944 11825 18823 4916 16907 11696 16973 118 14654 9346 10465 12077 13565 774 12154 2212 18761 11693 1663 12487 9018 6030 13152 16346
7550 17455 9770 9147 17718 8448 1841 816 10234 7390 12726 10699 10031 341 19735 1683 5702 10290 13468 6948 6046 3199 654 9852 4171 4799
14045 13306 4322 17755 4158 7699 266 11075 2281 18290 19009 13373 16000 7331 8424 18983 2813 16128 17726 8918 13 10021 11246 1947 6387 7710
17240 16966 18131 4672 9246 1414 10467 19613 16261 15153 14054 19493 17534 14120 4562 1182 18649 5112 9963 8664 6514 13658 11142 4036 204 16713
3058 9273 19134 19353 17700 1984 14140 13166 1978 4188 19873 14453 2305 784 7989 235 12720 15876 4768 9815 18640 731 8061 7081 14228 5288
6370 1796 4615 16804 9664 2356 19140 13061 11433 11550 16304 9054 18899 7373 15629 3455 9316 18833 6752 1747 17037 10399 15316 8573 15099 3859
11044 19209 9696 14473 3921 10442 15677 7114 5124 9585 8378 3045 15467 8666 14306 9955 12596 6250 8849 621 5156 18472 2413 5142 19817 6858
4684 5363 17421 5201 4452 14082 18936 4825 17597 6629 14178 10874 5013 12654 2511 18891 7873 7599 12744 9694 785 10301 3441 4480 4515 7939
18714 6403 6710 14976 18884 1018 19755 1985 8611 4691 18397 15441 10686 9893 2939 15711 18355 10238 8269 2820 893 6132 15865 11567 5809 2699
3564 6714 12999 2104 16519 18431 11703 558 8405 10983 17531 9775 10330 13458 5967 13121 9048 13759 3588 16077 8887 2683 3163 10647 12666 9252
7207 5005 15013 5784 17091 10487 15725 18207 9205 19461 9084 13865 3399 9203 14758 2320 12570 8456 14537 3716 5316 126 9638 17000 15693 1736
9334 13506 14350 9934 6746 2349 7120 13014 12387 14418 19283 17588 14765 6115 9659 1363 4656 5910 7763 7703 1747 16372 10304 5725 14273 12916
14258 39 12067 7253 5538 483 10963 5864 19526 15596 18350 15016 10064 17411 15282 8572 11947 10390 1369 9606 14769 4544 6537 16049 1876 3827
11857 7063 1420 5222 14044 18307 4980 16353 8993 7733 16005 8057 9943 17815 8687 550 1298 17160 2121 13132 14581 9799 19333 18553 8721 18085
2658 8702 3644 11251 10989 8161 11064 16152 336 12215 13690 14351 19223 10826 15569 6961 10335 1446 2927 18587 5593 2443 214 17406 7375 7279
17751 17152 13141 14203 10706 15691 10091 835 12939 6314 7478 784 1956 900 15297 10976 14761 13049 3540 12875 2092 5536 7432 7609 5728 5980
5805 4583 9937 15301 3392 8270 15224 15921 3618 18918 8500 2750 2067 15657 17626 3763 14968 17773 2376 3557 15910 13231 11580 330 9882 15838
959 12648 12108 462 11286 18707 4135 19854 10340 18735 17500 8060 2670 18938 6457 1116 7840 7851 6560 11234 3679 5736 10277 7066 10342 11589
13032 801 8653 11256 12858 7324 9247 4277 5330 11126 15293 1603 18219 9040 12777 3229 2634 11385 5350 19613 5453 16379 12644 19285 15970 11455
9711 16499 113 10320 15695 18262 340 3614 8007 8327 12201 2857 13571 17151 17091 3840 9081 2820 822 1895 3813 7917 13868 19692 7843 17675
18614 14150 2171 11578 1208 17283 7865 11557 15179 19836 8782 16671 19749 19791 11521 6676 17207 19392 19506 10570 1955 5967 19803 17094 15183 12126
496 12472 5068 17231 9980 15009 16503 1840 16340 15646 8292 5055 1315 15049 17388 8646 11116 12298 7209 13476 1847 10312 18135 18489 10579 17031
4416 2948 13317 13990 16653 18259 4598 12599 9977 18182 12358 16921 3005 2882 4233 17864 19303 3724 3952 1412 1392 12040 420 1191 738 15566
16809 8392 11764 18733 13971 6478 2125 11087 9920 663 18496 4400 8366 4553 19227 4641 3067 1764 12041 566 11907 17535 14568 18033 7666 12514
12313 11349 16250 8011 7755 14619 2408 12577 16470 10542 12121 14762 3871 17612 12101 10810 18643 5253 16774 13316 14363 603 19162 13932 15625 5361
12542 7293 18693 16154 16755 11143 17108 7888 8298 15112 11845 10503 6033 14093 2885 6529 19170 13883 6731 11691 2823 250 11188 2395 995 2789
18362 15369 15928 12281 19255 1240 16432 5178 11032 2231 524 4178 4166 602 11791 15577 19663 18265 1299 2627 14680 18009 4527 6085 10748 11957
17390 6143 17130 10915 17874 2511 8378 5768 16596 6934 3563 18566 14951 15791 9927 5846 19238 7498 17400 325 9862 19723 8403 9092 16747 5825
1907 16093 9579 6844 19980 3071 5576 3735 218 2842 16185 5751 10501 9569 18587 16699 13771 6320 14023 5023 5077 5566 16788 12027 18440 4588
9049 6538 3640 3158 12834 8611 2130 3886 10105 1951 4244 2500 10787 3527 8882 19211 2253 12333 14355 13494 6038 15027 2814 9553 8487 1422
19774 16638 13437 6582 6936 10976 11587 8429 14352 8538 17167 3644 19770 6099 9673 19939 4646 10757 17972 8745 2611 14055 16794 2153 2126 6166
6008 19518 8586 190 14449 5025 6524 9817 14133 2097 1109 7916 12231 18813 385 17277 3388 6997 11271 14072 10924 15660 9485 10336 19456 14573
6220 16104 7276 7749 17759 18696 17609 18955 11570 18756 3901 19577 9655 15853 7750 15832 4395 15478 5724 7170 967 15854 14079 13239 10248 2204
360 18834 6352 17331 8065 7315 675 15336 16727 7432 10549 11086 2171 2625 4414 3391 13664 8354 664 12918 10022 19564 4545 15985 6161 18616
2518 10331 11983 15293 4079 15595 6945 4065 7971 11355 4070 18026 4066 18352 15779 14329 14598 2044 8122 215 5498 12052 6709 4138 13745 1817
4228 6965 13426 1656 4533 120 2708 19502 12756 18085 3002 1736 5170 8143 16720 1883 11184 12240 15341 18227 12936 12390 10195 11346 3518 7338
10744 4606 9117 18290 13982 3368 15121 4154 3448 4631 3870 3658 2324 11943 948 15388 17668 17667 17261 19195 18003 4138 16765 16265 11351 1037
14921 2483 898 8117 9574 1578 4809 1648 11129 2750 13986 15650 14135 19026 2292 14122 6283 2593 18401 14371 5640 16019 10002 15631 2252 13321
19462 19948 19518 18588 923 6073 6739 2973 5190 5467 2163 14651 5553 1476 18336 8019 5342 1856 15237 17970 1279 9533 10806 6230 14368 13842
14876 13760 3279 638 2697 9085 13837 8076 13363 14605 6310 18997 14024 17103 14815 19954 898 13223 1644 5898 3983 12557 4569 6353 18141 927
17685 3414 11062 222 15777 10545 14869 10481 4793 15492 15861 19912 5460 14285 11238 13886 11441 4003 11805 9856 15760 12705 18137 9286 3275 19920
17948 16550 4247 4711 17605 9751 3852 2152 3841 19771 5210 3920 5894 12280 3829 9689 12984 6005 17034 5083 5890 12444 8115 17309 4018 7176
161 11033 14671 960 2627 12378 10794 19882 6544 999 17791 10799 3812 10830 5827 4814 12531 203 9790 2237 19981 8066 1642 13257 2136 8794
11139 8194 13758 9503 7967 1783 18107 8264 3577 16350 9145 11354 5186 6321 3477 4149 9628 3389 15606 19536 12213 7213 19636 8509 233 12352
16658 10916 6008 13524 3694 6461 19802 7973 15687 7859 12309 6493 6821 5983 3904 17292 19680 11447 13944 14994 12355 8545 1203 8255 6196 7609
13368 15449 5769 5578 4648 5982 7300 18250 4174 9861 8551 5882 19460 10611 10476 17822 3484 16850 8033 18756 14318 3500 14974 2989 9286 9496
7192 5197 13570 19199 4433 1452 14027 5673 7238 10061 3703 11727 1361 6639 3462 18308 11675 6538 1106 15278 19774 9388 12727 15140 18140 972
15553 4553 8725 10981 3061 4610 7628 8585 710 3239 11158 9735 17744 17981 3375 810 13711 4921 15708 8080 923 17233 18909 15735 19989 9078
1719 4924 5639 4099 12492 16411 16069 8810 9848 18340 11350 6014 5643 17081 9110 11617 9027 4194 1064 2663 11350 10327 10303 2586 16876 8964
13852 19169 5293 14271 2809 5403 8350 17852 5364 17065 8924 1409 7515 16263 5127 6943 639 2028 4567 9507 14121 7624 15250 10130 2450 13604
13781 996 17177 17988 10565 15580 9786 15489 11197 11144 2140 9285 2906 3212 6371 16401 8828 17466 9604 13636 3445 18985 19095 3991 3088 10364
10637 9132 9855 19483 17666 11706 612 7918 7202 14447 14283 12791 17223 179 17930 10215 5850 10582 7370 3758 12125 4581 18813 2376 3374 11450
19901 11082 2519 8905 3887 7203 9257 4407 16856 8294 9423 15773 686 4714 14056 13176 9099 3372 6388 4315 8792 1212 10151 10910 9663 5771
3517 2570 3151 15907 10934 18570 12691 12337 11703 7310 11593 13117 153 4539 2184 120 9489 5066 19563 2908 5536 1788 5906 18460 11962 5740
18354 18658 1994 7729 16981 3878 17387 6291 10814 11930 19990 14803 13474 2759 14751 15769 11266 3487 6593 10945 13202 18634 2171 16649 18674 12403
6610 7229 2727 13826 7885 14002 14710 9069 15767 6389 177 10455 15839 14800 2565 11439 18839 15313 11911 3342 18469 14558 6760 4504 19344 15244
12097 13762 5940 5727 1189 12405 6639 12989 7211 2713 16239 18435 12399 7678 238 14533 3116 7188 15130 17929 1944 14073 3551 2130 15699 19713
14938 702 531 14488 8217 5183 2218 14598 9656 3803 7757 3332 5139 7288 1962 18987 4810 12241 4392 13792 5152 7276 11975 5671 8547 12520
595 8521 5496 6051 12806 4969 7743 6148 11581 13937 19543 14469 15086 882 256 14236 10849 13032 5222 3113 12748 13924 16458 12347 7057 1199
12070 2982 12808 11839 6867 17582 13599 12416 12499 6919 5320 5931 17344 8219 3604 4126 5093 936 1922 10473 9310 1394 1607 15576 16178 7006
9293 7948 4481 288 6555 10620 12941 15352 14948 10888 4041 9945 7320 7962 10877 7959 9756 8528 1199 15241 18077 5863 10805 7637 806 17721
4512 3771 16350 13209 3407 15607 19951 16738 10185 9171 14369 5782 14329 9319 1809 3764 11117 14076 7829 2564 16856 15172 2097 17652 18843 2922
7116 7888 11233 11217 4555 12755 15210 19862 14405 10389 16611 6481 13502 1036 3817 18400 810 13470 18532 9442 9357 13187 13442 11686 13056 7460
2213 5872 2515 5651 1270 5487 18916 6548 10783 18260 1435 16225 18110 17931 14211 11166 11883 8031 3442 19067 11110 15976 10120 2243 1668 19207
7199 15917 10787 4194 15604 14779 17950 214 6124 15534 10299 16595 1933 5789 14530 15328 2710 16713 4318 16500 11133 16278 13451 11483 3308 5789
19458 14906 17541 5318 13039 14312 4888 306 4558 3002 15786 18278 189 18551 3849 5022 19918 6884 7757 8841 3377 17732 12547 13278 2460 14157
7494 5089 647 14179 13776 12988 11893 1705 17353 15079 4016 11363 9756 19896 13638 16845 1175 11829 13880 11515 15144 781 5695 8088 9614 16887
6609 10486 8678 7010 18857 19607 13013 16386 15385 13874 12764 16017 19176 12083 1968 18318 3857 19470 14498 244 4657 6197 15639 7832 13041 17528
14791 14822 18693 18730 522 14032 12898 16935 9003 13288 3290 1819 6897 14522 19055 10535 10828 13404 12413 16476 11109 309 427 10422 6529 14817
16264 17093 15077 11439 14016 14822 7994 12007 15512 6071 1886 10062 1962 6095 3378 8084 10168 142 19074 2083 11544 17646 5569 18381 6891 16460
17751 349 1561 9258 130 9643 11336 2521 8373 19649 8102 7910 4211 13177 17970 15338 12698 17884 7827 3386 14856 6246 12085 14085 14504 7211
2450 3698 13807 6887 13670 14745 2152 5019 586 5031 11488 1836 591 13643 2691 63 15998 15606 14064 18315 5774 15117 12696 8608 204 14539
9098 7000 19908 7928 7853 9453 11665 190 11923 12006 638 8324 13953 16165 6978 4182 12075 1809 4998 10543 12905 369 14556 1270 8843 498
7360 6660 17541 18686 16720 7450 10919 9119 11635 174 1807 17534 4728 10774 15200 14234 4504 17977 5367 10326 9226 4579 11599 17636 10627 15313
9861 17693 6683 1007 13719 14267 15719 14746 4603 6960 4190 10118 16956 14620 4464 13799 9869 16787 6421 9984 4052 7867 9976 15174 10123 7076
18489 17459 7984 11887 4313 2104 1858 9097 13227 19681 249 11939 2267 10819 12289 11683 16956 6376 7262 4130 3217 4303 15958 16465 465 1808
11983 11261 3508 4560 9767 5329 6155 12590 4337 7479 17183 16437 19160 1649 794 18487 5251 2588 12089 1903 1346 1177 11464 15260 10267 6563
8863 13994 3219 10865 5838 10964 3564 10759 16446 17810 18994 19622 18914 9603 6366 7098 15527 3394 17629 8674 18349 15225 6387 12211 11385 19988
13297 3242 18531 11178 9125 7310 17621 4408 10666 5485 12895 7880 14559 9727 7452 2913 16424 508 2915 11235 7509 14619 1914 2606 19190 13361
8621 12990 18444 15014 9716 14008 7004 8628 628 15337 3120 11471 17771 15414 10172 4258 1279 4003 7469 9514 12924 9152 3284 5260 14677 15382
12076 7182 9265 5225 17253 11909 11029 15031 2603 2420 16936 14790 3522 3910 12161 9133 8227 9989 19090 7343 11526 980 18612 19300 7335 19695
5798 16534 2079 15430 10228 12931 8327 9569 1447 17389 16987 10494 16036 19979 4441 16972 10884 3416 19393 10259 9800 19789 15397 1040 5617 6894
13479 1831 684 82 11810 17380 15455 2970 15861 8010 4302 5855 17342 13637 4367 16879 8798 16203 17469 13193 12117 4443 18928 7880 8261 7838
15414 1707 10874 9911 4677 18543 3836 4706 3048 8181 5141 14240 6327 14752 9666 7790 8390 2296 6585 17868 12279 13849 9770 19173 4609 4327
18851 2057 9317 17237 15236 18942 13279 3756 5836 8141 12906 5296 7686 5078 8463 19998 7885 4065 1866 12955 9742 12797 10608 16556 1814 11659
5863 15021 15528 19085 10043 2636 11064 17606 16015 4403 7093 2178 9759 13286 6297 5442 16204 2535 6537 3649 9264 16886 1201 14404 17026 2776
17140 6141 9679 13106 8380 16145 16008 18780 471 4865 10301 14914 11095 17270 17477 1243 17756 13453 13675 8781 10990 15428 17260 3559 3668 19573
4413 9336 2614 3374 18029 10002 19244 17143 8042 10471 11634 16344 2447 16392 5059 13731 16620 4843 18301 9316 14021 5763 1209 17039 14296 9045
2858 18906 1305 3727 19270 7837 18010 2587 8821 17257 6211 10676 1821 5297 1632 19791 6092 7670 13381 827 17296 6221 11739 17401 13288 7514
12710 4337 13479 6879 17094 5884 8484 9649 7611 9247 13239 16469 16293 6520 16407 4713 3042 8956 2103 579 10179 11347 15424 3240 14478 459
10689 5657 8510 14830 8394 8551 657 11209 19028 1808 14104 13185 2375 13504 7723 25 1563 5065 1143 18295 15247 9650 12546 1863 286 3158
19040 9998 1946 6870 18589 9809 2148 5445 14852 7078 1211 6061 10185 6165 12203 13018 16025 18052 6809 7534 10820 9921 16000 2357 15432 11237
4383 8804 6767 1935 2686 883 6037 13356 6397 2392 8349 6616 9427 17538 1995 17360 6921 3265 17176 14482 8517 17508 8870 18547 10057 14055
13351 9365 17041 15162 17269 17949 1975 7117 2574 10666 6408 5877 3335 3510 10806 6121 4474 4225 18041 7995 17219 13662 10933 18094 3187 16095
15328 8824 17376 16338 8505 18965 157 7568 352 14421 10445 10754 5178 307 8586 4424 5660 1269 4140 17678 6330 16516 4145 4733 13453 6369
1608 2385 9929 11017 7321 232 2012 4834 4101 14857 12869 7521 2864 8723 14883 2588 13756 12280 4461 3527 12390 13753 18449 6816 16724 2537
12887 9647 4380 14346 17265 4209 5379 14981 12596 16685 6612 11934 18125 16793 13370 3923 11487 1440 2386 16111 17177 2045 9542 13774 1192 4809
1492 29 16580 19182 1525 17960 4766 1085 12821 2944 8370 14573 7769 9058 8346 10961 15954 676 4787 10896 2932 6609 5361 9387 13770 12876
6350 4228 813 5660 6146 18126 488 19179 17202 3053 2243 16089 2565 10413 17207 2883 13572 16635 13202 3705 17562 9322 12179 3533 18946 4189
3753 5902 5505 8968 16544 13623 10372 2494 9497 2056 1713 2662 17660 10059 13987 8348 13952 17769 2247 15111 13967 5837 3964 5043 4297 6765
12687 11694 5587 18493 16826 2413 9690 18238 3551 1058 12103 10637 17312 13195 2603 14521 17075 10260 18573 17656 13670 10579 16060 9816 6979 14636
19074 12628 7875 9523 7318 4728 6855 16444 8743 2518 8047 7923 6067 8939 12807 17598 11262 11938 2762 18929 15327 17249 11121 6284 13840 12741
15586 8833 7100 11644 589 3017 10241 1929 10485 12092 2524 10188 9723 19477 10597 726 4044 18165 9286 10111 8063 9636 323 16908 5284 4094
18304 6321 13738 13004 8081 8554 14427 12877 8182 16021 8142 14589 2386 10448 7524 10993 13155 16710 14335 18574 8682 11106 4634 4148 3977 4863
327 4187 4664 19272 16560 8231 2840 19493 18180 18591 16257 4284 8388 18905 19666 2439 1513 2640 8519 2935 9130 1822 12725 8244 574 18580
3228 631 4649 8463 18103 6789 4085 6773 4221 16114 11413 15925 16970 12032 3192 3536 13941 4426 11092 1304 12261 12528 2660 1288 9939 6354
15555 11227 4077 4316 2637 15839 9961 3349 10069 5408 10545 4046 16092 3607 18821 16745 5922 9981 8725 15140 17774 11909 13800 18165 3606 18908
5924 17770 1086 3691 18654 2797 10992 5107 10961 9330 10421 5109 1460 416 2712 9651 9700 16031 17976 2367 5988 3442 9746 14856 7558 15410
8568 4716 5551 9989 6026 15557 10267 10543 4531 15208 11921 17851 15063 178 8351 19573 13301 10433 3667 4831 6089 18038 3167 6004 6553 16044
4638 17466 8530 4997 14390 8889 12771 10480 12086 7935 10055 17131 1927 12115 7120 9262 14063 10279 9067 2123 3984 11681 6074 19893 2192 14369
7681 7541 14635 4731 10640 5074 8035 4064 17850 2257 9669 12944 9539 10455 8757 7370 15706 17335 10259 10901 5178 7633 870 15041 19859 599
11040 1180 10636 7808 9645 17099 2646 15832 8704 19041 1740 4923 7517 18738 943 4900 8528 12698 19563 13752 2536 5621 8201 19462 4961 5901
6889 1413 11852 10604 17427 19036 7433 13533 8497 13307 13588 1751 17640 333 17302 17072 3242 8480 7414 15288 16871 10432 3975 11144 3536 16406
7460 1744 8568 7191 7868 9628 15502 14710 3218 8392 17324 6287 750 17512 13794 16755 19596 5907 8633 16516 7597 5127 13933 10101 19656 2689
8010 18127 16791 1982 5969 12831 5275 2627 6766 14540 18870 6697 12174 11583 4549 2227 12082 1853 5509 11387 3327 15334 15613 4942 10172 6483
2302 8201 12403 16474 12755 9266 3595 16805 19380 7245 2275 15890 16571 10899 7111 12123 17944 18002 7613 15165 3661 17770 3064 14440 14810 14886
19548 2073 6995 18705 794 13466 18081 17245 3921 1336 14755 17677 9711 6705 3557 15583 9115 5049 2087 15416 17016 2820 19225 10267 11270 14460
1750 13033 5552 19557 209 5518 4450 10770 10549 6534 196 2215 7623 13092 19471 15293 3244 19046 667 19092 7847 15569 11851 17505 26 11480
16319 1147 7934 10392 6893 5034 390 4778 16653 13111 4746 9247 15093 4375 16752 1371 12083 7698 18390 14084 3358 5199 8148 14467 9825 13274
10553 12613 5128 18625 13888 4914 8982 7759 12693 13429 606 2053 2422 1686 768 3792 15037 15748 4976 16284 10770 2738 3332 15417 12003 9497
18850 13544 440 6232 11981 6540 5950 19199 4013 8971 4289 2977 14778 14693 18359 12839 9049 9137 13604 13169 10455 16373 9773 19367 16545 12748
5523 18323 19263 3811 6571 10432 863 16980 18088 18256 7660 7279 8120 15609 13461 11263 14208 16483 7149 8472 6972 2827 11909 4098 834 1191
11534 18052 8002 2212 13128 15328 11189 6473 11350 16443 4526 10786 5873 10021 5892 9327 1601 12580 18156 11523 10529 16200 5107 7856 9524 263
7917 3425 2954 14585 11451 14437 14175 18142 2550 6665 13863 1566 19064 2150 17253 9754 10094 13953 12829 16666 15102 4382 2639 1455 3849 9571
3289 2347 13876 12899 6896 6267 18080 14624 16329 16604 2281 11655 15168 19235 13495 10825 3834 16438 4145 7921 10308 491 11248 12536 6972 4319
17641 9257 6691 17097 10039 19071 7534 15439 829 5463 219 8799 13090 9114 16856 2643 7745 8952 4145 18497 18873 10871 15734 13919 4222 4561
7328 18597 13911 3508 1001 11407 13545 9114 13273 19338 19812 1952 5827 4551 17007 11553 511 15524 10232 4366 7117 12735 7357 9856 3291 16710
7016 14216 1198 6974 7749 12937 15380 6211 12593 16827 12973 17344 13328 6578 6418 4016 19866 7558 10454 9628 6694 4249 17767 2071 11693 2357
9430 12317 2776 19237 9708 11664 408 9238 2673 17807 5566 16386 11165 6457 15035 6750 6218 4751 13714 9392 2263 6886 16234 2679 19402 8111
10706 5164 396 13592 5083 15566 1828 13094 12568 13188 11607 11420 16946 2338 12327 6938 3722 635 11820 14932 13670 16545 4750 4819 4041 1613
39 9061 18503 14485 6324 19826 11630 15190 9905 13214 355 2849 7732 15771 14680 3983 19 3569 19513 10287 18230 2223 14155 2777 5341 19985
7610 19509 12465 10009 2954 14460 14248 17994 5642 9770 1790 653 18768 54 11054 9372 15550 7466 7394 16140 16429 176 12529 17454 17611 17166
8333 19590 12057 13530 7308 12535 3738 1537 12437 11763 1885 9408 14010 14600 13550 12130 13505 8631 1669 15788 1659 14862 7811 5735 14436 5250
11766 11606 14215 16405 13450 6918 18213 10098 14175 19383 13491 12724 13254 861 193 5451 6629 7997 12481 14456 16246 1136 18659 12540 4072 9244
8253 4545 6229 1338 14036 14504 4101 18373 14843 4971 5317 8916 19770 10925 6214 17276 10232 12935 151 6827 18883 18206 4582 12901 16526 14722
959 5375 8765 18861 13064 15342 255 11842 11026 19169 11957 11236 6593 15842 2874 417 16848 4605 11882 14430 16456 9664 9656 9295 344 16213
15991 11693 12408 8737 5284 19894 15463 5980 3217 5216 16160 7944 3654 1063 10679 16100 12906 11796 19966 1139 16243 12474 16643 9492 1396 5011
13316 17320 11741 13661 2398 6202 9750 10587 19744 4267 3765 19381 17903 6091 3376 15393 11173 5755 17993 18503 13613 13477 9615 11208 2889 10627
4459 2052 3540 6370 11035 10155 19226 15726 14125 15900 3280 4043 7068 9739 6286 2977 18628 7011 537 8784 13202 16130 2827 17116 3956 11275
9875 13778 9064 5702 11824 2478 11330 2110 16016 1109 1209 1990 16510 11530 10431 14406 6262 2298 8095 17918 8166 16084 6187 3037 9302 12341
6956 18871 14766 2617 1649 1231 8239 14343 6025 6071 14840 12131 14359 19131 12501 8202 15405 6944 14358 5474 16658 15475 18038 14775 15713 8763
6296 3713 8545 4405 9102 11045 13706 10177 15897 923 5038 19277 11197 3927 8045 19078 13586 6361 2412 12634 178 17937 12137 5928 5520 3680
19088 16374 1408 4751 19283 17157 11908 8618 10708 13812 7117 16313 4554 9577 3542 4039 19257 8569 16457 16985 15490 17261 4957 739 13977 6592
19061 18761 14760 5001 16537 10608 12069 16431 13173 1149 14870 16388 14223 9665 7920 2292 19776 1131 9922 17584 412 12959 16247 18979 15623 9724
15510 18319 9666 8763 4624 10784 12426 3666 7290 2437 10738 11052 4744 8781 3868 18649 13003 1241 15814 18894 6095 2686 14192 7370 3203 4731
3589 2727 8779 14482 19788 6082 785 8278 17065 18530 13279 1078 10802 11384 4548 3438 12849 17635 3 11555 10431 13430 16311 3597 12215 9877
7172 5406 13970 13457 13978 2968 17964 2684 4987 14229 17916 2751 14432 16088 16646 16314 16007 9180 17656 8039 4594 17766 5345 8981 17050 10071
5563 6888 2052 15527 13740 5020 17074 3203 9988 3516 4771 5594 579 12774 8180 13626 13040 8395 14234 14444 9476 18576 3154 14529 4877 10888
3065 9517 8224 1986 13828 15124 19124 9307 1035 15236 462 1654 16458 11076 3208 1340 3156 7006 12803 17451 12575 7229 7391 16962 17847 7081
12063 17849 11903 12700 16349 19489 7757 10571 1047 19141 5670 6386 7755 14937 4518 3408 4444 2791 4649 6149 8079 938 3777 18791 4555 2861
7642 11021 754 17214 17750 3348 9401 17606 7287 8389 12886 5729 6724 7930 8195 3809 7912 2815 10558 5411 8597 5351 5649 19230 10633 5595
11549 11609 17519 47 11583 2571 19307 529 11302 17814 3397 3296 18983 12700 17039 5188 6457 9397 15672 15484 13950 14723 2376 3474 3315 1633
8434 672 13769 10510 6609 19464 13921 4359 15460 18946 797 16784 5514 17688 2081 6777 4142 15906 16396 19080 4657 18716 6959 19495 19487 15863
12676 6327 16666 4606 230 13886 19693 16409 11943 11413 19140 18255 4466 9363 18295 6276 11164 19722 15065 12203 6222 3083 14381 9093 18123 7157
5244 16856 15242 15784 3312 6542 17281 10214 4318 19236 5149 17089 10985 5939 8857 6694 5991 11972 7275 19249 6795 1257 12198 3627 18382 14046
17915 675 16303 1092 6940 13419 6298 2109 8071 3190 19370 7889 10954 1902 4349 16564 14074 642 14529 9353 17259 14972 17055 5727 16298 2493
3251 4223 444 3382 12906 11041 7053 14945 1825 3488 17603 10837 11656 11848 2332 12969 5858 19717 3104 4074 6622 18500 11811 14128 13901 8644
19375 5902 14641 13622 1307 1934 12540 23 12772 9754 6099 7394 4866 6850 10031 9986 12745 12045 19257 1402 15691 17246 3074 15055 4046 3056
9391 169 13410 17274 18509 4434 3793 19211 12750 12692 515 7708 6115 11804 10673 19702 3057 11519 18352 1891 9926 16875 4963 3639 14158 15251
11808 19753 8709 2917 1006 3469 11928 378 18582 13608 5254 15472 13270 4994 10274 4823 12895 11493 14638 18956 19674 11115 13861 2139 18158 4412
1397 3981 16033 7690 11210 16157 16668 2392 17045 10607 2049 1121 5861 16964 13802 12598 12166 16065 17210 12643 7527 3865 4321 11365 12432 9046
6831 9172 6631 9337 16953 6114 3719 7916 13696 17517 17265 12608 9627 18773 6109 17626 1670 10221 7110 13031 8097 17820 4301 852 16959 4397
6766 16730 15455 6744 3262 10362 7671 16212 377 14588 10207 8534 2792 10954 10805 16714 12995 18961 12433 15872 293 8671 8323 16951 1865 16936
7494 16578 14235 11135 19540 14898 15899 18140 5797 7961 7638 7361 17116 4971 18432 8865 17039 12468 15448 13731 3967 787 12467 18499 15736 119
1751 8273 11935 10041 3189 19960 920 1593 10477 9723 10701 3007 10630 13001 16457 4951 18731 9077 14920 17241 3370 17197 10422 7428 12909 10359
16135 17736 4556 10396 7068 5396 4246 5236 16970 10183 2319 14438 12368 14886 11010 3984 16380 3386 16194 5942 81 15898 1912 19311 4835 19744
14353 4431 2171 16778 16583 12371 11596 18736 4592 6583 1039 9691 11613 17143 15895 9308 10796 1357 1009 4823 17897 13463 14032 16720 17600 856
5552 19435 9004 18618 13734 10369 7567 8945 9754 465 4589 622 2842 12968 16393 4597 17319 7131 14339 10165 17930 931 6082 8973 10742 1437
13692 1235 6420 3431 8378 1183 2504 426 11652 11021 6880 1237 6795 19389 18785 10191 11231 18344 17410 7371 1161 7924 362 5205 9299 3107
9881 17054 7844 11421 19973 8605 2972 2911 9055 9219 17308 16785 2798 7213 13782 893 14012 19008 19778 2726 12484 13426 9161 14668 11518 15797
10837 14911 6465 10043 13144 16416 9748 13554 4629 11367 12598 11255 13841 17674 18072 9438 11838 10169 2382 18712 12213 10034 15462 2771 3965 6256
14789 270 6126 10800 12120 3985 267 8706 17440 17057 989 8335 1481 12645 13807 188 4528 11840 6757 17586 3145 5473 15795 5669 783 9392
13361 2864 5489 9316 9491 15556 7365 18639 6247 16711 6425 12045 18298 1211 1767 1801 1536 9602 2379 13158 2843 4653 6970 1150 10250 7379
16642 10378 13119 19730 578 12125 6516 1190 14854 9123 18510 2431 16150 5415 19185 2041 4589 16595 904 15698 2871 5936 932 11549 12065 16841
15849 2428 3286 1028 15187 10175 9318 10873 15847 2540 12123 5428 15963 15948 18717 12957 4821 4681 12995 2623 1432 11234 11363 6476 9503 14238
154 8078 19723 2709 9107 19557 11724 1439 5067 2937 2755 10089 2036 7600 19331 18060 11813 2390 12414 3170 15729 6582 10475 13339 5650 19175
7220 19131 11262 8100 13135 9676 16693 5967 4444 12414 19786 5366 12504 10939 10914 15594 5236 13111 10118 5843 14928 19488 18694 11604 9540 5860
12937 17763 17818 8528 17435 15929 16867 12211 19237 14667 14092 12534 13475 1821 2171 16402 11500 14050 11105 14171 13417 12753 16108 944 6883 7794
12495 14764 16681 16090 4838 11309 8073 11072 10290 10382 11299 13462 12493 14214 5469 7159 18149 10617 13118 12798 11419 10522 15545 2587 13193 11166
7712 6030 17834 971 6065 4643 4543 11886 5313 8529 10191 19391 7914 2665 4159 19385 5973 12991 5743 13545 12746 6203 2035 1385 220 5024
1092 3257 4594 15944 11259 16064 1966 11658 992 16792 250 5536 1674 13912 9355 3955 19519 15167 4568 5422 5463 5426 12647 6663 17897 3016
18379 8168 11773 4178 18640 13092 8144 19800 7581 6606 5270 14009 1456 15832 7525 7462 13735 16493 724 15440 18296 7810 3228 11736 8072 11020
749 11368 14957 16034 17306 1093 8327 15725 14757 2730 8172 10164 10635 2892 15201 14650 9339 8427 15771 7619 9197 11171 7312 10932 13748 3247
13300 14895 2362 18996 5742 5412 5612 2491 1642 18970 10567 13252 16452 8113 19570 9306 4189 1638 6375 6513 6547 18217 4171 12502 7727 4357
17943 6493 13773 12522 986 15248 2093 8713 13858 3415 18039 4680 11817 16515 5758 9990 5336 10062 11785 12244 7219 17491 5060 19371 18289 18418
7729 11921 9407 4151 14556 12828 3176 15464 9415 13828 15923 3829 3034 14314 17844 11356 17989 14287 6397 4826 12237 15088 15274 11671 7113 1428
5232 14275 1669 4403 9110 14911 11497 1414 3018 20000 2620 18859 14594 16410 19008 2192 959 11819 19177 7322 507 11357 9557 18050 19907 4898
7575 13535 8878 637 6435 6318 16430 14370 7188 6448 12387 11035 2160 16051 5260 3958 1021 13876 12409 12537 15471 7754 3960 3291 9449 7928
8667 1361 2298 3643 5876 14288 14636 228 17961 15369 5304 15868 4424 6493 6226 2570 9696 5714 16575 2852 4548 6376 3785 4834 2714 7364
6756 17080 11785 19970 8707 17425 5370 15261 8627 12709 1890 4208 5517 4870 729 16889 16390 5150 10963 11508 1130 16007 15662 11135 12282 7235
9147 19070 5203 12406 9707 5177 17572 10497 17726 8824 16767 10234 12147 15160 6234 5373 18496 12477 7004 17141 15086 17982 15901 3201 14729 11181
1097 854 5282 14056 11513 3789 9145 4246 16938 5882 11689 6015 10312 10928 632 8389 11014 325 6103 4824 19177 1309 16371 13301 7469 9608
10350 17262 8669 1934 6390 928 2960 16394 6778 8033 12679 9669 4908 186 15507 10850 11414 7590 5034 11551 5660 15343 5054 3263 18870 7648
8826 14592 5605 8612 4564 8452 8962 15508 6584 13740 13322 8611 11361 386 18251 10017 844 12084 3123 800 19486 1472 4839 2430 16971 14282
10142 123 7676 16201 15173 17000 791 7561 5729 7641 8030 11456 12130 9143 1970 14594 5384 12293 8014 13533 2202 5400 18116 3688 15562 4280
870 17929 13861 4495 4923 19014 1791 19021 10342 17337 5511 1545 15236 12527 2231 10097 15240 18489 9198 14550 9125 12910 16838 18081 7902 1129
19304 6306 10585 11331 8459 3274 12959 13980 2768 14079 2530 8822 5559 5947 444 598 14395 4806 17314 19468 13668 13656 11112 10625 2615 15968
7253 12020 12480 12441 11073 3428 15162 11224 18042 15835 15265 896 7765 16463 373 11877 7346 4902 5044 12133 13127 5145 14795 11050 16921 5899
19708 15981 4017 12221 19439 7621 12223 13926 6792 4844 2616 2902 16506 1424 15612 14736 14619 15760 11726 17073 3186 10333 6970 1074 4244 10916
2004 16015 16012 774 245 15122 15329 10474 6290 17831 13566 7673 4070 6991 12535 14979 6133 2017 6370 4806 11882 1406 1060 5335 6347 14767
19599 18006 14040 11777 9066 13368 19479 530 17939 5208 3844 12286 3773 18819 11170 7869 9589 14762 10547 19054 17298 18773 12050 9151 10334 1608
2913 10649 16976 15350 12960 9314 18841 10375 16538 17426 6392 12338 13214 11063 17851 19983 18907 1972 3169 10345 3588 10979 3571 2611 10806 1979
9775 16457 959 18110 6941 3285 3638 3408 2457 11736 2378 2231 4670 11876 11826 19810 3887 9762 17107 19848 5807 5476 8950 11759 15649 4617
4638 11361 19711 18654 6206 4256 8175 18228 7672 12279 17496 2401 3009 9034 15238 5413 18806 17043 16373 8861 2579 10362 5995 8005 18153 7110
14994 9610 19214 1289 273 8582 19517 19346 1767 15165 6954 615 1008 10118 17713 805 6456 1752 10141 16451 2339 17110 4450 6224 7212 7975
11142 12840 11164 15299 9174 4828 7017 19813 18124 16085 5143 2566 9435 15170 5316 12936 7742 1484 19731 10963 3152 2458 15386 3166 5908 13493
11694 17126 13244 17120 19636 12487 5007 5577 12530 12980 12417 11183 2966 4437 10241 4990 6151 1012 8972 18988 10552 5763 4285 1816 11906 17681
6116 7179 7082 906 18260 8325 3371 1190 9039 13344 15003 13612 6706 9773 7433 3165 18686 6973 3220 9769 16926 18051 9723 2807 2365 554
7971 15768 4936 991 6896 13009 4795 2834 2380 15684 19258 4491 3615 19995 15803 11612 16368 264 1235 14095 18836 17513 14499 2937 19168 18445
8756 17663 14365 17210 17349 18738 8822 11552 16552 1816 17012 11722 19402 16630 18489 15263 16626 19962 988 4829 1431 9390 5984 18192 3208 4546
18076 17207 5974 17645 13087 15784 635 19304 14205 10231 14865 8605 10475 18443 19661 9517 5967 3826 11279 11386 18370 12203 16845 1991 357 9164
19438 5276 14167 13888 11756 13583 10409 13114 4831 11069 12404 2990 10275 18420 1162 11319 14397 13792 14833 12943 2242 7685 10506 19598 17722 13407
2239 3853 5489 7757 8348 7127 7158 10319 15149 3784 6503 9901 9768 8862 7715 8479 15357 18758 11458 2210 525 5597 14119 2547 10556 10092
11256 17139 6744 7726 11212 6731 8483 18396 11686 11323 1872 8446 18128 599 7357 10433 17314 5065 17211 11878 2020 17862 12296 18607 941 1914
16621 14102 14800 983 8525 7819 17094 1244 14603 7017 1508 7091 5233 7896 9619 2421 6309 17689 17065 17663 12855 3816 150 15522 8308 7257
2027 10960 2634 18233 13718 9040 11376 10549 6382 18287 166 9854 11154 18916 17192 19504 9496 11973 11313 3035 10429 16963 8552 3000 6182 13979
4047 13468 7935 8731 14627 6162 3841 10976 10877 13085 11004 13331 13477 1942 10836 459 6049 18716 4989 9483 7191 11874 18841 162 7923 130
7810 18612 7612 9651 3053 19318 6766 1743 14564 9712 15237 6484 2763 5841 6072 14420 2483 112 19605 9544 9990 6141 2988 15256 9014 15984
9011 638 12743 8833 14519 4826 10323 5117 6227 10755 11777 12683 9463 3931 12078 16392 18040 10397 14914 16547 19052 4857 4742 3562 485 16368
19699 9449 7611 19745 8552 11349 305 6149 10019 3364 5969 57 7373 3382 3390 16413 5802 16987 998 16467 19392 15193 8350 2661 4303 2270
411 12122 5731 6169 16167 18976 13470 10256 5288 14090 13779 8541 13453 15050 759 19959 1073 6256 8104 5906 2525 1534 19669 17244 7162 17061
18583 1502 16825 8183 3113 2418 12613 16139 11008 18213 14956 11964 12542 15721 6933 13236 17034 19459 1814 6443 5058 6391 7407 4946 9523 8199
9170 18008 11090 13065 3705 5635 15340 341 8735 17328 4226 9922 170 17074 2258 18796 1822 14766 12363 2402 6359 10854 16466 16691 7857 15385
12621 18567 3656 4973 5467 7510 813 9324 13876 19185 13072 7734 10990 10011 19114 13363 3466 19644 15240 6456 1828 4367 11735 1011 1567 13167
10790 16969 15932 13554 3974 11989 5713 1687 11801 4381 17281 669 19956 4936 8064 6908 2980 1179 13891 9796 845 757 512 1813 7351 18443
16033 13282 17667 31 14066 13017 16765 3506 4108 19957 6135 19138 6314 17891 12006 14630 3318 11560 13700 11873 3080 5884 1909 9641 11511 9456
7186 7757 15571 5837 18449 1526 16510 12554 3583 1460 6606 2417 872 5551 2783 10908 12232 3529 4613 15369 9198 11961 9217 9170 1849 1801
5749 12118 16556 14574 9121 7225 10685 1119 1675 4043 13173 12665 6709 167 9370 18380 14164 5489 15088 5867 16550 3120 6593 16683 18322 10850
14362 5043 16928 11193 17561 16689 1944 15042 1277 11677 14860 19762 18495 6925 18209 12567 11315 9919 7305 3700 7893 3269 6799 10283 1935 2895
12566 17387 15164 8158 19527 1672 15734 18260 18785 7127 12651 5280 4230 15418 8596 9305 13677 4837 2987 4835 16147 8115 8278 8553 6867 9769
15194 16424 8137 4678 1774 13083 13158 2406 3009 7089 4563 7995 16728 7365 16712 2977 9859 16491 11873 9343 17504 5473 7908 10891 19934 7940
3971 3030 3921 1962 11698 4090 4534 13608 11551 17311 11610 18046 18917 256 15470 11480 19906 13189 17684 17875 1640 1248 5537 8990 16865 6591
11284 9689 10511 2244 1915 15985 19866 6445 14440 9183 19402 155 13278 18442 7158 3472 9863 16133 15346 2702 3348 4708 4153 11364 730 10604
19763 1618 14759 8136 1494 16680 14240 9228 11372 6300 554 9871 3958 3223 14654 10292 16246 19662 16947 844 2346 1160 8983 12943 15272 1276
9230 463 7820 13654 17275 16548 8098 13412 5263 13520 1209 16852 10927 3323 19800 3415 8292 14114 4845 8727 5777 3942 11319 14757 16717 19437
14690 13877 12152 6305 7706 16015 9325 3338 10552 10627 2334 11737 13455 9754 2882 17660 9450 5830 102 7754 797 15687 2021 7261 2759 19196
11060 10539 7707 9354 8111 19232 7432 12093 6800 4738 1910 10639 7879 10206 12320 15230 3788 8590 5733 1787 5712 2874 18742 3642 194 16685
7521 5619 12342 3612 12562 19840 8649 14439 12994 17425 8732 16124 16189 2710 5269 18227 8499 8789 19669 15681 15904 456 1786 6275 8263 4814
5618 10109 8938 8611 6384 4593 13463 14383 15051 5994 15133 465 14041 3792 19835 15549 4693 8149 15646 5704 9374 4668 9214 8437 9310 2026
11797 9714 19402 18154 1807 15127 14499 16797 13894 737 4558 2421 7013 6900 5469 1074 10958 10230 13211 4077 4291 9573 6667 1115 8758 7375
3452 16625 13839 2945 15033 19251 4851 14037 12207 2653 2598 17111 3446 10251 17366 1305 19423 10424 8098 5391 13315 10941 3394 6599 10988 15699
4099 3443 14140 5114 91 1757 3891 6527 11401 5365 8882 1819 8905 12236 97 4913 6468 8261 6804 1534 16611 12865 4286 1807 10862 8181
8083 10995 4708 1971 1494 16844 7468 4707 5667 8270 11268 4498 6645 15952 9266 10893 8337 4136 1127 18880 11761 17848 10869 5411 4586 239
16567 8590 9504 9284 11839 1496 18277 12400 14405 8027 4816 10003 3627 7954 10794 7110 18010 15134 13594 3949 11965 3291 1219 3053 11879 3330
3568 14322 18117 325 7731 2561 5730 3397 11946 1956 17312 11008 7978 17464 15077 13806 1545 7962 1055 13337 17836 18706 567 18337 15704 18673
11909 6212 13407 11457 1539 9414 2801 11663 19387 11917 309 4046 5490 2311 7166 9554 19706 3801 13800 15907 19226 16713 19957 4378 8276 8516
2596 14663 14454 3324 17628 5121 11800 18822 3419 1390 1902 5371 5474 4338 6743 7593 2218 5845 1215 9143 11413 6803 10379 5327 11997 5193
3831 5092 16872 1583 1210 1366 9609 6450 18492 10551 19071 19396 5336 7907 3264 5843 5777 11036 6619 12914 993 8450 13869 7858 15577 1458
19555 11626 19951 11913 92 12638 1796 14194 3102 14599 16277 11194 11265 7135 17977 49 14555 12461 9554 11853 4293 18308 11468 10058 17630 8648
12451 9463 805 18231 6724 11215 8781 10806 9240 10671 5480 17007 7329 5434 14803 18822 2667 9916 1398 16338 14812 19713 7904 1044 13672 10886
11492 19049 10636 14200 8171 10134 13326 16533 1352 986 3460 14410 15538 8555 5381 15725 11986 16515 10698 888 18385 8699 16950 6633 16213 12625
5005 10621 13369 15398 2008 14371 9375 19877 1356 8703 1655 11852 8062 3227 7826 1581 19358 6840 2044 2377 15775 10781 16319 8247 3313 17830
15488 8292 9208 19569 8481 17581 6540 12409 5789 8281 15412 10389 11269 4987 1973 17998 9511 19141 1807 6892 6409 18624 6689 4669 10031 19654
5175 3491 16151 10767 4945 4228 11555 16280 11173 8608 9380 10217 7778 10958 10338 5949 7960 11161 7350 790 5992 816 13642 16323 14854 6906
14800 9903 6546 1334 18183 1318 1273 5223 19003 16517 3635 14205 1426 9162 7091 6169 14798 10655 4311 16689 12056 8515 16572 3297 5296 18513
4955 6823 9409 18789 12090 9780 18196 14049 174 17455 11366 7524 16524 12918 11744 19829 12595 10058 3597 3412 386 6652 2415 10588 13602 6522
5064 361 1837 4914 15080 18353 13515 18805 3741 19739 13424 10350 2331 7938 287 6864 18972 1081 18096 13858 1935 14268 3724 524 16247 2570
10810 4554 2635 6439 15384 9824 10380 6967 18722 16003 2892 4109 2860 14304 4985 11107 7228 9852 18627 6973 2681 12107 14725 1348 8144 9498
154 6823 8737 9737 14241 11107 17664 19131 11496 135 6865 17864 13883 10002 15355 14286 6227 3302 14651 13697 10559 9136 6846 19468 10796 18713
13322 8230 1727 7804 12367 13602 4411 1938 8683 17592 19771 2532 15215 15664 17498 18774 1795 6264 12397 3549 10166 15174 7685 6465 7207 14583
2952 4795 2905 18212 9824 14953 19511 6729 16064 17353 17537 7880 17925 3008 15866 10157 4860 19627 6439 6082 9622 19389 18400 2209 11014 996
10111 5541 2826 4515 12183 17716 4464 7367 14448 6542 7672 10171 10581 12296 16335 7308 5474 15488 5210 9125 14377 6202 13587 3653 5456 12775
2937 5593 6534 4448 9388 18654 18956 3781 395 4375 9816 16987 14964 8570 5912 14140 14099 1528 13674 13822 18941 13823 3154 10646 13970 5387
3379 5738 13007 5623 17314 147 15914 11837 9334 18320 19881 16016 8059 827 569 8988 15427 15102 19713 8214 13089 4047 11445 8295 2785 1327
10049 12841 5531 5277 181 10030 18946 2135 14077 11695 14637 2712 5303 16394 16394 9309 6799 631 15062 4398 14607 3918 17567 19931 26 11821
9496 2236 17551 12425 16843 11550 14359 9779 1212 3598 14385 15606 4232 7607 16984 2029 4907 15898 2623 6297 10996 1389 3874 17873 18995 8498
19134 7052 291 5334 7071 16691 9966 18964 9147 2885 3111 17973 15088 2016 13835 3132 18599 1637 7998 18273 13852 5281 18509 18242 12950 4366
15579 4141 14801 12801 3074 11885 12231 17744 3722 2 19374 10033 14899 2852 996 14980 12462 5960 17882 12487 2240 15492 3975 7031 10453 5795
1660 2325 5111 12898 15016 12113 18785 12457 9859 2910 15560 15080 13230 5842 14543 13813 10742 14380 19761 3904 7935 14528 2388 19142 17199 16435
6738 6172 11538 8858 9454 16856 10640 9033 16192 4001 13514 14415 18177 10575 11467 17760 19746 4361 19260 17960 8075 11339 8204 11715 3655 10140
10902 8043 16678 18104 9458 9433 1475 4099 14467 4874 9995 299 1418 16964 15103 12217 3673 7030 8657 11568 18478 12821 4503 6192 17339 35
7966 6426 2763 11774 15630 15700 11219 5454 11192 10565 5590 10623 15861 6177 9368 10463 6286 4820 11201 18728 14729 3671 889 18566 13236 13609
15734 13148 4235 15497 12180 1785 4777 9420 14894 18746 5263 6916 14699 1616 4173 14887 7631 14009 12757 2276 2371 4022 4348 10246 12152 18951
1555 7442 9843 6664 2241 416 14623 13968 16505 12885 1065 5131 19011 6265 1626 18226 1238 1258 13408 14120 8885 11445 14577 4447 13400 2578
13355 13632 14191 15556 5884 9990 3458 13121 12076 4782 1590 6499 16093 6029 7959 861 9527 4701 15879 4931 11207 3517 14162 1473 4738 5756
4575 17950 9876 9477 16185 16825 2335 1655 672 19112 14081 8779 2747 17044 12954 16112 15336 12755 15379 9258 5527 3499 6386 4158 10156 14112
1603 4559 17079 18344 8531 10922 19553 9476 1862 18021 14413 7248 12871 15580 7935 1878 8652 9899 17288 724 1091 18993 3356 19326 7117 14536
13359 2407 7532 11886 18316 8236 2924 6818 18087 7800 4688 5896 11361 18272 9613 6462 14299 14070 14895 1712 13871 4473 11925 18611 7401 9214
7643 17939 14812 11665 13295 12516 14869 3196 6471 7117 4661 12418 12468 14492 736 11716 14210 1816 4768 14083 5588 11629 12927 13765 15194 5924
4940 5764 2080 9149 8929 260 6342 18070 13865 10104 13066 19372 17258 16678 17121 13742 7677 14707 685 1400 13586 19030 13800 13592 15073 8734
14287 13829 12200 5256 12719 3753 89 18004 1009 12734 15083 9940 4006 3698 9777 12150 13448 8910 11847 2865 17837 5462 15214 14456 17501 13612
17867 15690 7762 716 7122 3897 3947 19147 13012 6292 12170 2866 16724 4470 1836 4727 3168 11461 1559 8998 9442 6332 12794 3459 17504 8877
13966 2610 8297 9091 16058 753 14858 19335 11433 5154 1020 12283 10416 5154 19210 12246 14301 4507 6707 19112 8293 14240 3029 389 7918 14685
7840 10867 9081 3445 3262 1757 7621 10749 985 9277 7479 2116 6546 435 16359 3504 4441 3427 729 14116 18313 5705 13408 575 11469 18289
14374 4430 18261 18568 15927 18175 13216 5002 10206 6251 19513 13903 9999 4154 1038 4305 11269 18523 4348 19651 1914 8161 13930 5576 15634 12430
15584 2375 14738 12271 12825 9705 5323 1766 9351 3119 12871 17034 4663 6676 15424 19113 17122 783 19054 6419 7352 14826 13623 4479 18703 4649
3572 19262 6842 17042 14594 1636 15257 13918 7122 3883 807 10717 8527 11616 5492 13533 18918 7014 19883 4363 11241 15173 11811 7595 13489 10205
4019 3895 11108 1962 19532 7052 12297 4772 18779 3373 9808 10014 16844 3107 5026 13003 11365 1707 11096 11649 19177 10829 1061 16606 16806 6407
14562 6075 19777 11926 19909 10464 3969 19671 11812 6929 9906 5833 1134 10066 9657 11423 11481 7447 9027 9321 13712 4189 6229 4741 13295 16588
7511 13376 9092 1637 7485 14990 10728 9324 12508 7246 2619 16167 17751 11040 14681 16122 30 16155 1749 14426 5302 984 17297 4162 8280 7838
830 1554 2331 14584 5725 12407 19815 12346 10469 10768 2674 14 8580 6517 13027 8602 8223 3042 11353 2194 18115 14472 9384 11555 6949 2101
9565 12853 19275 13559 11846 8779 5368 17218 12714 5860 423 3003 16518 10417 5180 516 19522 1218 9994 13109 3296 17427 10044 19994 332 16135
1452 5507 5111 6873 15153 14546 49 7661 16698 11901 8466 17237 12684 1749 3403 18748 19223 4510 17718 11284 2985 5687 16065 10188 12192 3651
15415 10278 8258 12510 1981 2915 17870 18550 0 10068 5866 5151 15742 14909 12393 12179 11767 18054 19907 19158 3028 3398 9220 10063 13064 16483
5556 2785 8639 10123 6899 19447 18168 8665 7827 19020 16615 15914 8024 12146 8303 15938 13852 10965 12602 7935 7988 9735 16188 15615 10196 10201
1104 17307 17594 5233 11249 18658 2860 7629 4353 6227 15785 6869 11479 7705 3232 3392 18160 14485 15524 16914 1158 14536 6135 7303 12900 8045
15355 4227 13822 3890 15652 15882 13347 2733 3790 6066 10958 17647 3240 12946 2070 7895 17830 4293 5039 15747 4486 5045 17043 11001 16404 7553
12521 12744 18166 12363 19339 12356 9752 340 10914 481 329 16736 15278 9374 16817 18035 10886 967 10412 14178 13411 18717 15908 3863 3012 7941
16624 4583 7803 18642 11716 7911 17499 11911 747 887 15964 5202 5344 7337 6840 8713 14143 16737 11164 16059 10600 9927 8444 14353 10198 10559
14354 18604 12799 5637 17135 11436 5722 17925 16559 15072 19633 2640 12319 19465 15577 18531 16050 4830 8389 5337 3484 18652 9178 489 7819 15425
421 13788 12661 14931 15283 19980 18807 2713 6090 2501 10074 12513 8572 856 11516 13947 2109 2828 5555 18992 11411 15675 1983 12608 18648 15364
13541 18038 13665 16332 622 4357 9206 4593 2231 15008 3504 18847 7344 15923 11838 8779 13601 5080 6295 7443 16059 8932 17202 13148 12235 466
10375 5713 9878 5013 11113 2235 15146 1448 5226 8666 6436 13558 2695 3199 10776 10845 16360 5908 1153 10891 9794 14698 2769 14717 10151 14991
7507 15104 7605 18239 13090 8810 9305 6761 5868 11061 11187 13545 5810 13448 6252 10701 13507 5149 18804 4285 5188 13260 5239 7104 12707 11721
17535 10218 13687 19265 17289 18870 17381 4172 3656 2655 4146 4066 6915 14030 3988 1159 10457 8059 16560 16988 5297 10584 1551 11249 12398 19757
17988 12650 1045 10531 19346 12365 2049 6479 9469 13938 11791 12363 2136 2002 7789 3159 3190 5075 11991 13480 5488 7350 15172 3835 5713 5365
5128 11847 8080 2136 10128 14452 12820 9109 4023 47 10774 326 4992 6272 13634 12357 11545 17189 19078 12143 2629 10438 13513 15537 13532 1793
4225 8894 4114 11875 18658 1262 15686 9175 10868 16488 18571 16358 9863 7174 2687 6897 8817 16015 17690 16688 14622 5052 3021 8663 13791 11265
8432 1375 2567 3580 3751 11398 12438 17473 6237 6145 13929 11119 19040 17848 14116 16572 2228 11625 14215 9571 11292 39 1170 1929 3966 11748
6517 7153 8874 6817 8607 14535 12097 16230 802 3856 14869 766 2508 18703 1564 7124 861 1826 1209 5640 14918 1836 17588 2572 5298 14175
14789 5186 15018 13813 15131 13858 6027 5732 12272 10287 15116 13728 6546 6830 2133 12075 15063 15466 3378 6689 7626 15355 17508 15481 8097 2712
8810 18876 9014 8185 15758 4950 14306 14900 13064 18995 8915 11073 3310 5460 12026 12218 18043 18896 32 4050 14641 14995 17832 7610 8654 10348
19472 9580 19194 6044 18352 11534 14183 9539 4015 11591 1293 1695 9464 15113 3477 1956 19417 6693 18312 16337 1684 16804 10604 6468 18597 13865
12990 2363 10514 16558 6047 5131 14525 16788 8782 18464 16347 8031 16877 15142 8005 3793 7577 17031 7144 8345 14004 8788 15386 8596 2750 14478
15229 2671 12626 16680 11130 8860 3003 15933 2520 12158 11169 17878 9963 16517 14897 8817 5755 7175 11693 6023 15825 7810 1443 4787 17098 19248
7649 269 16626 2637 10188 2084 16809 16454 2192 18693 4393 547 2855 13261 6006 2182 6906 12607 5745 19875 12503 16949 2121 4404 14822 8533
18014 11980 9696 7833 6217 9293 661 16272 8174 8714 14074 17211 607 4565 13689 486 6235 4048 5682 13959 7957 17736 12618 16779 13439 7163
2311 605 4602 14462 4469 19787 9528 1873 2046 84 50 1670 9461 9001 9699 357 3586 9642 2645 12383 11092 6457 7702 4623 10261 9368
9946 9869 16747 18088 12165 906 19399 294 15017 17992 7861 2263 10253 9646 4436 3419 6040 4791 8603 11079 11476 5509 6208 6658 12292 16007
7786 3527 466 2814 8279 10618 3827 13542 15323 3809 62 626 14183 6346 13212 2235 16505 864 1549 6971 10614 7987 5014 6250 18919 5757
6636 4801 9899 9235 6710 13431 625 13723 19782 4387 2525 12584 18302 13607 15756 14373 17796 15012 3851 11250 6172 637 11800 16377 10402 9914
9085 6073 9449 8820 19217 2503 13128 17456 14954 767 7436 3515 4193 5793 7660 17305 17773 5056 18414 6869 2156 19359 13183 8237 14704 5987
4697 19209 2066 7453 16965 13754 7634 357 3182 10611 3227 15332 2968 18433 13858 579 346 7356 11124 12029 4997 7816 1797 8732 6546 15808
16696 9705 10310 6467 18073 7956 13367 237 5343 2436 2423 3203 7365 15638 723 8193 8950 6232 7514 2029 16211 5870 9889 18612 8620 241
18405 17512 14760 10988 4850 10528 17289 7266 19832 9195 4072 11682 11207 774 4760 8983 13687 19580 8528 17864 19646 18200 13805 19070 13324 13166
17504 11025 12907 6940 18174 11160 19028 2772 18418 4228 6069 16980 1453 13198 14145 11457 19717 18744 17566 14579 4352 11884 17263 13608 332 19797
2728 18417 2808 17585 3963 7025 13879 7540 6598 14839 374 463 8912 4461 7224 16380 19796 14293 9650 9715 1220 9181 695 7427 631 299
1462 3952 3388 11474 4425 5528 17834 617 4181 14170 4966 2915 5884 857 18985 19025 9422 110 9883 13930 15436 14739 9947 16683 13564 18101
15662 11165 15292 217 12642 812 10255 19384 10073 3394 17257 17959 5855 6290 1802 10747 9804 6788 6930 15063 15849 10101 14981 8464 19001 6051
12671 12541 2579 7544 380 18361 6535 9174 7717 453 11042 6335 9756 13414 3656 1872 14354 8542 6902 8743 5281 16656 16248 9261 7821 8845
8133 15147 17264 12284 6600 6869 1979 4697 3035 11413 11233 10180 2426 6746 15509 7058 14911 6256 13537 6047 1264 2937 9874 1770 13776 16329
14424 18385 14604 9945 19293 7048 586 9409 15021 17693 823 743 10451 5523 4612 3989 9294 18029 17862 16201 9410 407 11670 16281 15684 11465
14691 1461 742 6379 9205 15157 4805 16094 18557 9133 12895 2791 11834 17677 5919 765 17771 3442 14668 7011 297 18333 17531 4864 15341 11564
9578 17497 3165 12105 8773 19067 14128 19151 9177 18714 17488 4881 12597 19253 2125 1755 764 645 968 18251 19128 13879 16482 2426 470 7365
7681 19218 7493 12804 11891 2993 18584 3670 10316 6382 4987 14866 19550 6331 13493 19250 8501 19608 5670 19063 16250 7196 18612 831 4812 10694
10761 11073 2214 508 16150 6129 11499 14677 12320 2118 5038 19522 11588 3924 761 16528 17909 17127 14010 18287 7891 2063 13730 4438 19833 6297
19438 5135 10087 14567 17525 6860 18819 16246 18663 2677 7832 19745 8023 1208 3076 14064 19818 17129 2196 11902 7975 6009 7104 15065 1090 3765
1521 5224 18108 13323 1440 7100 9131 19730 12148 7363 8962 12031 16046 16899 12565 1935 11581 17211 8774 9174 11222 18281 8871 15812 4048 4030
4858 8699 8451 792 15406 6606 3341 9854 16545 7791 19536 19101 624 18045 12564 5663 7729 18318 6452 11779 6944 15704 14523 7714 1484 16531
