365
15 80 98 36 75 67 35 85 10 36 78 77 18 74 95 99 1 61 6 86 41 76 73 37 84 70
7734 10575 11508 2191 16067 12484 10229 18396 7412 4041 8585 4991 11827 18038 12228 5260 17456 7480 18930 4890 1457 11841 16367 14354 3758 3061
9262 9704 14180 17263 17673 5157 436 15392 16453 12350 18363 8817 17523 4044 16297 17742 12222 18912 8093 560 10466 347 14082 8642 16834 2982
2202 5827 11218 2899 11460 11947 6148 10248 3848 19535 11759 6610 7145 3411 15547 8862 5340 17363 16306 4000 3643 57 1572 6874 8259 6280
16078 12786 6813 11483 18365 14437 3349 16054 3444 5289 6744 11143 2293 2516 6901 1753 2279 5792 2522 13992 927 15725 12874 7599 7266 13662
5896 17316 4769 6060 16947 12376 19575 5994 16056 337 9105 9415 17240 19026 3742 14025 1094 8953 16215 10473 702 18586 4326 17054 15058 12397
16321 11091 14755 5500 8144 6203 5824 9459 16327 12889 14934 10031 4326 4263 4422 158 16636 19831 11491 8800 4425 11339 7747 51 16163 15978
18980 2833 11060 18658 11077 8583 2471 13209 5772 17104 9529 140 14087 18839 7182 2265 2167 6872 298 10002 16767 13267 15841 16493 6840 2828
10441 6479 1496 17404 4814 9015 14105 10368 17477 7546 17470 18498 17878 9499 4569 17336 14911 17608 10081 14697 19956 13144 10416 18751 18835 17394
18143 8228 9512 13474 1900 17334 7855 3937 8872 16555 14409 15768 15874 16334 17630 3652 10111 18030 6632 303 1637 10304 2781 2642 6839 10126
16073 16122 12631 14978 2643 5922 14021 11024 12611 3304 4859 19152 8745 2242 13362 9301 16224 8064 15756 10707 737 14995 12123 1696 10132 18616
1385 14467 14799 14292 15046 16776 7828 6542 3223 12058 7467 6073 7962 7007 6146 16249 971 507 1286 3896 14091 5179 18115 9203 643 3028
2230 5463 2346 1705 13050 10699 19794 19200 19227 18978 18046 3498 4787 14229 7914 10820 15136 1452 6120 16430 13144 4466 17520 15841 8286 11349
16213 14915 7205 13714 15499 11573 11065 14742 16614 18034 14808 4402 15563 15913 13442 4181 9843 9580 6360 11907 7116 8595 16943 7589 18533 5352
11348 879 7264 4306 5311 2455 18325 7820 8891 9521 743 5072 17854 18325 8259 844 2445 11150 17576 9954 15634 3580 8057 5120 7925 1707
13645 9907 5554 11917 8570 9203 2495 7577 9862 19386 3771 11884 3843 15256 4323 7153 11084 10851 4709 1276 17726 8876 1055 1223 4395 10605
743 15396 18460 18484 797 11280 2448 3052 5376 12171 18361 2262 1233 18769 12086 2688 618 1923 19437 830 2524 6026 1109 7760 4181 16498
11235 9342 19557 17968 13592 12253 15092 6396 4680 13227 19714 17479 1306 7354 8456 19310 4691 8310 2986 1819 4174 11440 2836 5934 1014 6058
16449 15464 9317 9922 6277 10899 7217 9369 3349 4944 19908 3531 578 10825 18699 10861 1400 4618 11341 8470 5278 15643 13973 14577 9182 10409
15016 13618 1826 976 3521 10106 10400 7943 3499 11281 14440 9051 18172 1255 7074 7726 15081 10151 8093 13038 15585 10669 6631 17628 19981 18993
11531 205 12367 431 6895 18043 15990 15457 10229 9340 19616 313 3925 11554 10071 16456 18362 17811 17237 15305 6793 11965 7267 13154 17785 1076
13665 16057 10751 19703 15102 8973 11635 14476 2334 1189 5498 16130 6908 12646 6737 7428 4659 9523 11558 2175 1934 15916 8022 2352 3567 5839
19273 18565 12909 19175 1464 17615 7954 2665 17831 16360 15099 14799 14185 3845 17919 13084 6041 3879 16783 18825 3196 7544 4904 866 3068 13973
9909 18360 10324 19452 17870 19858 16372 3028 1058 18906 4686 16644 13339 979 5814 14465 12658 11259 14056 504 19144 14753 14893 4701 13127 7254
7796 8150 8342 13920 13995 6022 2145 8976 18833 9761 16292 16715 5213 2431 10917 9429 2617 13572 18088 15879 1797 12807 1007 8646 5401 10406
18134 4807 17810 4220 7861 3124 1701 11207 19789 10523 592 6594 15136 5057 2711 9431 13060 5539 8371 19869 18388 3582 465 2607 4698 3775
8966 18293 19371 4412 8718 17431 3682 15882 9793 1186 4363 15344 5866 12328 8530 1734 8844 9909 2499 9885 16279 4266 12862 7535 6138 13182
5011 8480 15666 7185 12992 17203 19151 7551 14407 15551 8878 18513 16688 18755 14294 9557 1762 14230 19082 1664 3604 15167 15851 15157 12827 2597
4 18886 13444 2817 12810 7044 6425 2603 1316 12418 18355 12870 12587 16521 12811 10197 4234 2289 7125 5592 15960 18559 9288 5519 10996 1715
15430 1512 694 18787 18481 17322 10764 17589 1593 7067 19944 4473 7342 15461 11610 2030 6337 14663 19404 7192 7934 13717 11213 1994 1355 5762
14604 18726 17096 4016 985 6912 12422 6119 16432 1541 12529 2153 18933 7040 6345 18256 13722 12406 5027 5772 12101 15693 19380 17618 8454 19322
15643 18797 9015 11464 11275 5192 19290 919 18055 13904 15551 15682 14057 11481 12110 18420 14062 12429 8807 18728 809 13761 6869 10077 19535 4975
1921 11880 11 5275 5986 15923 4581 10376 15324 2228 4517 19510 3821 4708 8245 5268 2823 18982 13510 11600 6575 9807 1462 15553 6384 17971
18968 1778 17717 16562 15706 1533 1256 6843 16878 10001 8741 16776 6335 12962 18544 3212 11161 13171 11048 17940 13365 7552 4367 16587 15692 15423
13070 13721 9732 9001 1946 17942 7066 4659 4455 10997 2568 9250 9840 13489 14870 7071 12462 19965 18934 6251 10644 17404 19373 7327 3928 15154
2235 3858 2483 16640 15124 9241 17131 8060 18017 6148 16498 8919 7255 10567 19127 13803 11308 629 4221 13952 12949 696 18330 14820 18150 3014
16709 9648 8859 8916 19383 14067 10600 13241 7401 7018 1592 9307 10660 6186 16673 472 3932 14320 19797 3557 8565 10112 1221 15402 1115 15903
17096 3757 19896 18764 14255 798 19777 17338 4843 14247 7874 17579 12252 10730 15693 10234 11058 9894 4959 16882 19698 1249 685 11277 13558 16246
11505 6711 5007 2012 14484 11922 18348 19340 8959 7345 9227 14529 7817 8965 9385 5813 8169 17289 15794 11866 5911 14247 3080 14134 23 15125
496 1199 4549 8504 2167 8316 2443 7263 10882 8210 8268 881 19458 17761 6998 5401 18955 1657 2573 2982 817 7591 19559 2263 6193 3584
15015 1804 11921 19311 11989 2676 16632 17539 10006 6455 12880 17495 5549 11196 704 6160 9703 19246 17141 19240 13864 17408 18978 7466 16255 10645
576 8393 19536 16336 4783 13175 12018 10166 18521 14895 4862 18442 13423 2340 2358 13531 4235 1999 6277 11223 999 8944 4442 11659 1774 2862
10119 11347 8497 3208 9250 18528 17783 14036 5502 9313 11410 19059 8152 4088 12172 10063 16803 16840 2955 5909 15712 13197 14151 195 2366 6208
12062 15605 13570 10234 7583 15253 19393 5905 15098 16715 5996 7193 16610 5801 11100 13854 16504 11664 56 1167 3874 18527 10586 1177 7195 3928
11775 11075 9183 6827 13565 16848 15558 17797 10255 424 2796 18407 9843 8250 18907 4902 2656 1905 11570 4034 8524 8623 16164 11133 10524 18624
4604 3973 16124 19981 5154 457 8260 6198 2773 6112 6596 18261 6476 5243 2223 16111 16338 7736 5607 18425 17735 6796 17720 2062 9817 129
577 14169 18588 8468 3916 12400 19299 6821 12894 8957 4753 7583 11163 12361 18688 3171 18059 13668 11202 4699 15716 8533 10153 1332 11000 10829
12009 510 11951 8604 15646 278 12867 3503 4212 7852 546 8861 14012 2029 13005 8500 5467 6817 17949 11214 8626 4172 8660 2694 14868 14496
7777 8378 62 9549 8814 14175 6898 3463 9166 6129 18857 3691 19357 16873 5201 14179 798 13264 16322 14885 12335 1895 19868 7313 13830 17656
15622 4465 1134 19883 8472 11369 13114 1295 7143 8030 1837 9542 5237 12434 18800 470 16778 5869 9777 4217 14254 7421 2891 15112 12862 16817
11052 17707 5208 323 14484 9429 18554 8846 9238 4839 16139 13268 4817 16935 6621 597 10978 11953 382 6355 15883 782 1178 17110 5228 13381
10314 17455 13405 4778 8418 4780 5925 13885 17376 17211 4291 1752 10641 9470 12814 18297 7958 14708 13622 5650 14093 14481 16916 14860 3184 14258
1549 4756 2442 16449 13447 14205 14336 11026 4447 13130 15960 14701 16723 13148 20000 11396 18714 17282 7912 18934 7402 11762 11271 19135 4808 11901
9263 19753 4875 8967 7511 1061 8367 7776 8983 9134 5450 10907 15063 6962 13229 12833 12044 18103 1927 19554 8525 2830 15774 17919 14853 1426
1083 4719 543 17490 3606 5278 5911 18552 3840 8453 17392 18997 16800 15697 4921 8374 15901 18459 17419 6461 1630 19602 8491 10997 19911 8094
4710 7098 9482 17322 3252 14713 13855 8293 13359 11007 18812 3543 2129 8634 5865 14301 535 7872 19533 17485 9906 18209 6596 18883 16014 14662
2329 4645 19325 4305 11957 5515 1768 15170 7466 11677 18217 11926 2245 16052 17520 1461 1505 2807 3246 6020 1110 6505 368 17174 11822 13775
10675 13411 406 11059 5839 9407 4032 13138 19374 13709 14221 4147 8949 7743 2149 577 2433 17242 15982 10957 1197 5012 1016 3306 8547 207
6402 2299 4037 17189 11532 9759 11926 19684 13416 10280 18858 15879 13128 4263 5195 12737 9241 4878 12771 9451 16843 2981 7433 12240 4036 7208
12444 11879 2280 868 8443 4724 6144 16414 11362 2572 17494 16896 4474 457 12128 11876 8115 12095 13329 4951 19601 8647 6282 17788 19363 9171
19390 2242 13295 3038 7789 12996 10678 5562 11069 1765 1903 16269 19602 12586 8545 7626 18508 1518 5071 347 8747 6609 13367 17097 4054 8759
5251 10453 1116 11659 18645 18553 6041 1774 11951 8939 691 8402 5121 10076 11181 16618 9589 15233 18691 7049 18460 11177 12918 17920 7967 3646
1116 11450 16056 6050 4656 5685 1430 15472 11236 14807 7152 5769 16575 19273 6591 3748 18506 13379 13488 4015 16641 14933 16873 15472 5600 1978
13236 16013 8829 190 14000 4215 16861 3108 8356 3062 16974 8106 5756 9676 9238 16780 17216 13871 1111 8550 13454 8297 17311 1152 1249 1213
18573 9532 19325 17035 148 3763 18078 6059 5510 8050 1940 3686 17488 6502 9889 7244 6993 11249 7713 16604 9538 6715 15999 336 16508 18791
13145 13052 13077 6726 11886 16993 14578 15839 13007 17240 6779 19065 11720 15948 13973 14346 16825 3565 2272 11243 16068 19381 16106 1719 7948 13815
13828 9873 2361 15182 19064 9631 4292 210 2870 6144 15237 9960 15680 16189 15237 4642 18587 4028 14619 4387 7119 5888 6017 1804 17492 10443
15105 10883 16049 1191 13565 7321 17022 10329 18770 2634 3593 14028 19482 11441 14908 11184 11821 17842 8181 11113 6803 12357 16540 17789 15920 5850
16541 12694 17412 16631 9575 13845 10654 6751 3101 749 1224 11946 14782 6610 3841 12651 12812 5072 12550 8474 19018 14066 16876 19822 3404 16058
33 19194 19633 4930 11031 18383 13060 16697 2551 5734 19432 1380 1374 10964 16555 5623 3602 11892 15390 13084 14321 112 5802 550 15501 12872
5382 13824 13317 10007 14127 12225 1465 7479 1879 13691 2165 19980 12989 7456 107 19980 846 6992 8965 16951 14324 4896 14017 15156 13251 6848
1350 10922 18152 14814 11155 11808 10835 16337 6822 14224 11816 3587 915 5372 5152 456 7015 8973 16063 11588 19689 16509 3151 13582 17629 16410
1114 10608 11585 13093 1284 3161 17751 17320 8542 10972 10594 7887 15351 15106 18322 1923 17218 5616 17104 1860 3640 11381 6799 14706 15736 13566
13636 12896 16814 1589 2626 14303 10861 13073 19852 12069 5000 8093 14000 978 17113 4597 6652 288 18136 15627 5544 5506 7508 19904 1529 1880
10629 2247 10833 10201 2723 19054 845 19848 18367 18240 1677 15106 1279 17012 17494 529 18980 770 13573 10949 10467 15404 9962 1160 14273 10037
15788 1871 8430 507 5342 212 18553 12539 5930 3311 8461 11421 16347 5630 1558 15329 2670 6533 14444 8969 13281 10105 16147 4060 10125 16162
2293 5960 6006 4425 13655 16995 10422 18244 5707 2192 10448 5451 3032 7467 6616 17325 13014 6885 13911 11049 2578 8496 6892 3156 16177 14267
18184 1188 19855 5261 14354 12532 16338 16318 13277 19809 14624 18138 18471 8725 15751 151 15200 13440 15076 18098 1914 17477 11750 6480 18339 18420
10602 2863 10740 18821 7063 12372 4538 4370 6500 5887 3373 7959 17831 10835 5372 15449 17789 17422 18923 2209 2077 6644 7604 16120 3132 14641
1442 9946 13680 1942 11270 74 11441 17911 1845 6331 2677 7117 2969 16202 12905 7325 13524 3556 10065 8842 908 9899 12059 2379 19001 13494
7928 12351 2215 5119 12252 11349 13122 16277 8490 4800 15399 8782 14264 16199 8414 12455 13166 19185 11982 7561 12407 17126 17096 8232 11130 7440
4006 9502 17015 12524 6438 16833 8776 10950 1 17100 13028 1728 8073 9712 7163 11573 9044 2813 6638 14056 4831 19115 17096 6718 16527 16853
2529 6123 16495 14754 7179 9611 15365 8422 13206 550 18033 16527 9459 5063 109 1522 2996 19305 4681 10303 17802 2930 5198 14549 19629 10417
16735 18481 3040 12361 4022 1746 10693 10051 2 2231 12473 14931 14195 4547 1918 18779 13235 7389 8371 12046 10407 10107 10039 17473 16557 14505
7786 14823 10482 7355 6929 16237 16557 16236 6065 16659 16022 6631 16567 9284 7694 11659 910 8080 11152 9757 10653 11300 18405 600 19081 6237
18283 9608 17379 12039 9116 6746 18732 2353 4705 12466 726 6001 11607 18908 677 10340 2751 7039 6401 4482 3650 10290 11787 997 11188 5873
7245 5586 995 6604 15364 483 5616 17421 15468 7538 2304 18085 19856 7568 278 5269 17441 3115 8896 13460 15226 10521 15644 17798 7547 9707
4957 2121 12129 18043 17895 11945 5106 1473 7933 14767 15385 13289 16053 3671 15321 8803 4476 14734 13695 12291 9590 8627 15333 19858 6399 9353
1802 7027 11026 16715 14161 1232 4681 4165 14468 8153 13621 16859 14167 18252 19298 16148 18765 14172 19978 1495 19631 10567 11567 6996 3307 4518
13867 3094 5293 7108 1177 12888 9169 12978 7768 19827 13237 13412 16674 13072 12309 9495 14640 5859 10285 411 3125 7614 8461 2782 8907 16781
10885 7230 5390 8145 10151 15974 1152 1918 8084 14066 12927 9473 13081 18056 3384 12187 12473 18896 4309 11323 16941 14796 7692 2141 15143 18756
868 15917 15245 12090 1855 8510 9398 11606 18717 5471 6039 4233 9160 1770 9462 2265 9087 7863 12292 2716 12589 1061 16418 16300 8814 4624
9280 15353 6399 13347 1274 5404 9051 7880 14068 19563 18937 12226 16294 369 9393 10392 2458 15938 16386 19826 19121 6208 17423 19782 12048 3780
1283 13599 3979 9177 15502 16050 10984 9737 18999 753 10302 4378 2085 13920 9436 15507 218 9406 14914 13163 14042 16621 15348 16956 9304 15909
2997 17720 2281 8880 19081 18558 10528 12497 1422 9313 12019 9099 19325 10621 7332 13832 15655 18814 5680 10476 19581 19952 17082 16092 656 14293
13993 3891 3103 4796 9833 12802 13046 3326 18359 6103 15344 18098 7290 18681 2527 18717 13500 594 10366 7020 13831 6359 3711 14030 16937 7128
14542 3663 1882 15971 17409 5316 19354 6487 2258 8195 18565 9322 12691 7029 7991 17979 17525 59 18798 15812 13815 5890 13250 10818 1433 4335
9353 9133 16382 18959 14786 11550 8635 14801 19857 12574 8035 9846 15520 10499 18335 6637 4163 3704 7897 7355 14165 17185 19944 9883 14773 9241
5795 1226 13405 18809 14720 14892 16503 12703 2584 12771 9102 13857 6678 16039 13870 13251 9204 17333 2315 1106 18762 13757 12262 14758 9476 16158
7060 9285 2694 16433 7316 7408 6464 1685 4363 18769 1031 3587 6823 6666 6414 17136 7061 14638 855 1601 11931 8782 2554 16242 4004 11174
9418 17266 8866 17998 9606 1086 18350 17687 3892 9796 14867 18779 10166 19588 18306 19814 18745 15251 15143 18497 7184 11951 10093 14651 5225 19831
17333 13919 4115 3221 12729 17963 992 16120 4035 7826 10614 15283 6816 4342 13265 8325 11352 2841 15410 18861 6708 6023 11185 6267 19363 6701
2339 11923 15501 8600 14920 9850 13284 6735 790 17108 9652 3328 17814 10438 8955 17011 4475 8564 14167 11241 19229 14429 19299 2900 8741 6754
19040 4489 9270 14632 5382 17544 10108 14292 16595 15682 2570 9236 14376 196 8851 3965 9807 19892 8023 11986 10055 11530 19943 1244 8124 2314
11344 19399 5800 18098 13256 500 2993 9055 1772 6006 11194 3493 19510 6830 10358 16123 19132 18877 1281 7084 14533 11739 17289 19533 10673 15524
4609 16860 3002 6023 3912 7250 523 8306 19788 14982 13262 530 13447 11480 13717 14467 14426 801 17133 4871 16692 2060 6667 5067 15161 5621
8646 16038 11930 13765 17542 4037 19025 18986 1354 8253 5686 1917 3705 5973 14533 18223 2791 6565 2548 2403 18587 16834 11724 6290 5895 10375
742 9144 4370 11165 13572 17317 17712 17935 1612 6450 12914 15074 7482 1886 15062 10546 6541 19596 11804 10057 14014 5170 10292 9331 17170 16802
16910 17996 17297 5848 14676 1731 16012 14416 12555 13812 6213 1709 3183 749 4616 974 8397 5637 4182 18553 9360 8197 3996 18518 13103 13990
4356 3296 16751 5515 12676 16649 8296 10481 18293 14318 6286 12666 10619 16707 5656 18102 18495 13917 2551 11511 1828 13090 12989 4513 11029 8522
1342 1439 14469 6533 6971 10686 16951 7793 5515 17996 3682 569 18357 12416 5415 715 9361 13838 19798 18519 8898 1076 16463 19816 4767 18906
7922 15408 3819 7700 6474 15789 14752 12132 11820 19109 12125 14542 19749 3110 12991 18839 10789 19460 322 15066 1702 7871 180 14011 19141 14794
17487 17796 13831 15630 16413 13492 2755 19992 1890 11585 12099 1813 11142 13119 15337 14802 14152 10222 17243 738 3427 599 15828 3911 17406 9073
14903 13170 12286 13518 2685 843 9591 5041 13782 12589 11464 5396 11223 19697 7286 11433 14047 12378 14963 3901 12302 2600 7004 11365 17580 14149
2040 15632 6503 15878 13191 13154 11546 10578 1298 6407 13232 1108 3474 17285 124 17309 11523 2736 8916 9437 10473 4188 17082 7028 10110 12785
2471 25 8294 15646 1590 7294 2981 14123 4881 8087 17858 6732 1203 518 6805 10190 13705 13668 8712 19306 7055 5836 6033 2616 12369 12493
19951 19787 10257 6734 17745 15604 14083 5833 257 967 15436 16393 17195 4564 872 18133 8923 15460 1832 5175 9837 11936 18493 19854 19884 18051
18471 13603 9414 2113 13027 13476 19953 3606 8488 11290 9813 17783 2652 13417 3153 19017 14921 3812 18519 7324 10114 16358 9162 10944 2940 18496
11146 12753 1261 19962 12201 16145 18611 18315 2647 1925 17253 15949 2040 1676 10157 7853 11347 18037 7357 15266 7952 19428 13008 9913 16036 3786
6936 18784 8894 12350 5772 14756 7813 867 19475 10193 932 9777 7994 17955 6144 2920 19590 5067 15513 16219 19261 13294 14325 13660 5445 17891
4347 8691 8167 17217 2619 14982 5456 16527 10292 6295 8088 9196 650 16901 14873 8088 1099 12587 2111 15352 13890 940 6684 10879 18024 9824
8529 4862 12078 8056 1950 15079 9554 18724 14652 12641 14765 16885 16247 15204 4241 19799 17562 8246 10108 18204 14817 9861 7835 19978 642 19636
2258 19339 9033 5488 16209 18826 6504 9806 10512 14809 16004 10130 15416 19053 6681 10793 2874 18689 17694 13295 3324 5638 12390 3565 2249 13761
3047 16071 14847 11227 14897 16127 11603 14209 14068 15311 19568 7340 19365 4767 14176 1647 19772 11485 899 525 10758 14004 5988 9674 3135 8539
18761 546 5367 6192 15837 8579 17009 3117 15582 9049 1481 8097 13158 3266 16508 13559 16135 544 10344 13331 9246 1355 1478 6628 7503 5436
14845 12843 4256 12354 19949 17177 6293 12896 8604 16802 16516 15413 16118 16385 8732 2777 8420 2188 2136 12130 4371 14782 14902 1009 9865 10919
13276 6593 5001 5772 4084 2100 6893 18230 19207 18688 16581 13049 17518 8058 19799 10999 14676 15272 345 2639 2324 3297 169 10490 9528 194
14051 17875 6012 3578 19111 11512 3550 3936 17 16581 8541 1450 4999 13756 1918 11019 9026 10316 9163 292 112 5824 9972 511 5356 14788
17984 11716 6991 9269 19047 397 4464 18093 7118 18185 19845 8223 17671 10410 6122 869 9074 9766 8395 11824 14325 16196 15136 5497 12785 19032
16141 16777 7483 2117 1 13756 13651 8894 19961 4212 8298 16412 14657 14164 17300 15155 8835 17915 12789 12299 8257 3547 17639 3338 16856 19024
12112 2250 16435 6129 14703 7513 6104 621 14929 11631 7348 31 17850 6592 14301 4714 11203 1388 16977 14044 7475 10779 17900 12507 15405 11140
9509 6137 2341 7566 14655 8043 12663 6366 13800 1040 2214 8224 11042 16594 14940 14889 4609 18183 5075 9590 12235 19215 16575 4989 4740 15736
7083 8641 8272 11690 4374 7194 1740 7626 7316 6988 15107 14464 5280 18301 6099 14156 18342 15190 9429 18859 19870 6819 2227 5390 7820 3489
7733 9923 10741 62 14270 18931 10374 16403 12423 12455 9062 18395 613 17113 9685 7318 3271 9904 6284 3958 9094 3054 2487 11064 56 15028
2353 17389 11013 5664 14412 11953 14196 14683 17309 8702 4596 15534 18202 10108 10260 18045 10041 10557 4848 8567 7598 15377 7710 15151 14630 11502
7093 19289 7987 10685 18684 1743 3652 10050 13013 5452 8856 448 1764 444 8245 12947 360 8027 3555 10982 16403 6908 4383 17525 18417 9793
1133 1560 10736 19336 15746 1174 13813 18375 8207 7784 7213 12427 11902 9150 18726 17737 15365 4608 19924 8513 10172 2670 15605 18724 14215 9479
3195 11296 3105 12686 8823 12145 9339 15357 15286 7385 18067 17561 13369 6215 3415 14322 12920 7733 9760 11406 12368 17614 5087 17339 19805 886
11509 5135 2365 3804 14195 5418 2975 11781 9720 12012 19203 15310 17858 8623 16385 8424 5892 582 4615 3768 14057 8613 13589 10613 7289 4863
17819 17671 17183 9206 15797 11745 485 13800 14755 1746 4361 15605 5918 1092 13886 15695 10657 9936 78 15931 18915 9092 7872 15466 12186 8061
19042 1370 5340 19385 17791 1921 15376 16771 16165 612 18799 11984 13736 3591 12845 14409 2205 156 4691 10689 7669 1702 16058 553 8136 1046
7412 8229 14792 5624 5498 654 10318 16475 5943 8060 5865 8046 1786 4267 16851 6318 17819 5680 2729 18405 9117 4630 1546 5380 6529 13990
14846 19524 18867 12161 3476 19262 7554 8379 9997 5972 19263 17957 647 8675 17926 8450 5536 16144 15167 7838 3448 9898 14068 6617 19724 11185
7020 6931 6187 18817 4946 15796 12796 14426 18498 3991 19658 1408 1076 12638 4757 11832 19243 12023 14624 9355 19837 18849 4269 8125 10906 5152
6416 2666 18679 2234 14041 19931 11875 15695 2769 9511 8030 16385 13185 7636 13632 17334 12919 18075 13015 4945 10635 1870 841 4272 12813 16076
9936 3667 19701 19363 15847 1727 16650 17228 15930 6246 8608 17608 2392 3008 14030 11012 9318 16900 14518 7326 5159 12342 6219 12717 8151 17887
2311 17451 18165 16851 9068 10566 2990 16612 18982 11206 11236 14829 9051 15579 8763 5205 1301 8751 10587 6023 8696 3185 1224 18698 15799 14291
3791 2726 5088 3736 3935 5453 1960 8969 18585 504 12683 14494 2866 14240 11324 3047 15356 11228 2662 12906 10160 10143 3498 19484 13040 10413
5090 3792 224 14640 9747 13612 7081 4986 13080 4133 4154 11086 3991 19793 16560 10516 7276 15028 17295 15314 13524 15384 5882 10384 6527 19810
4364 15210 18711 4194 9803 1963 10715 12497 1599 13988 2005 19226 2682 12246 13678 17477 7649 9608 17549 16704 6473 3866 15393 13097 5653 18266
8402 3239 17563 7555 17845 10946 5134 13374 16821 6923 12869 688 5597 18692 14631 13426 6945 11643 589 17489 8738 3677 11475 15442 540 9723
15205 14467 5653 2552 855 10099 17743 2103 10038 17618 7206 5527 8982 89 15861 10084 7732 10127 5063 5135 4784 10143 10595 8364 19749 10199
7185 3558 8693 15350 1282 3352 17040 7108 3376 12797 17649 18701 9690 9562 7123 11139 12394 17961 5228 9708 16687 1957 1377 7357 14431 3682
4742 13062 10837 10684 16473 2820 11811 1405 3924 15961 8917 8271 6709 67 3533 1549 613 7604 3464 4097 19207 5102 8080 7921 12728 10853
18155 12306 16544 1851 14031 8576 16634 13155 8301 1596 188 12797 6586 7176 19906 16786 14631 10612 10245 1228 10428 14160 3829 8107 2660 786
6517 9346 13581 18443 4495 12765 8881 12344 4927 13762 12079 5534 15549 36 1041 11624 12218 12193 12893 3949 19704 9630 8197 13585 17931 15094
9287 7480 11947 14624 18617 15545 14528 6250 18619 11300 18187 7618 288 4214 12883 3576 4996 18492 10637 18794 14626 12667 8976 14607 15088 10434
18756 19793 19216 11145 14246 4278 1165 3972 1242 11337 1228 330 14209 12138 9562 11879 8899 17466 17686 9556 16008 5670 12940 6436 5821 2964
14399 17764 17352 670 17762 7231 15856 19715 1847 2825 19240 4933 9155 10864 16189 15206 2455 18702 2728 2862 16615 19862 4938 14100 11388 3516
541 5098 10692 6714 13624 4285 921 5144 18923 18133 19244 19837 14623 9449 18786 2459 8332 18079 5420 1674 18102 1716 6218 14458 18338 3675
16139 3461 133 5263 15305 3911 13514 12873 3649 18458 2281 17619 15438 11451 19171 10353 6916 18343 12951 18147 2841 8073 17001 1654 13890 17098
11597 12618 13564 16943 18760 11818 7408 18523 8678 9495 1870 5248 11336 13308 17580 8548 17736 12686 10733 17502 13722 8225 2433 13867 7360 12091
10667 13657 158 10807 327 11016 4783 7243 3739 4959 14728 711 12227 17128 15051 14098 1431 125 5894 9282 6699 3663 2745 17749 17732 18791
14818 13839 1331 12682 19244 4869 12871 2742 13440 7901 8480 9159 19787 17432 1342 1024 17315 1256 443 4763 6386 8084 13051 17285 6916 16943
12370 6538 316 935 3919 17067 2064 4830 14762 12359 12684 17521 2235 8227 2028 19447 8497 12258 14869 7323 3298 6603 7807 5922 9572 19167
14076 19730 442 7762 16523 207 19815 3468 4469 9912 4115 15882 15094 18146 17944 6414 13691 12134 2464 2 12095 17039 18628 3913 12856 15632
6551 19510 1426 19197 5623 9487 4375 12458 6682 7348 2480 19744 19788 6508 17450 6206 11998 2587 6478 14338 19597 19487 193 6695 17553 2568
11988 9201 10621 8421 7417 3117 5851 12512 2296 18579 12134 2907 16458 4368 8550 9949 4468 13694 19176 256 16223 291 9361 11063 19877 12060
19218 9462 14721 11281 4015 16767 14404 13732 2542 3799 16987 9128 7984 4383 19513 13794 19773 13316 5452 4130 16392 11808 243 5543 1058 8269
15587 18493 12867 12094 2538 1387 16787 8589 1716 7853 14003 7477 13026 19713 1403 18391 12797 2280 18546 8688 8662 12793 15610 6785 9925 16103
6835 1791 19416 10421 15831 18033 1154 17418 15393 6574 2771 11826 15042 6578 15068 11706 19677 12452 724 5516 10665 6349 531 19671 12070 8167
19848 10947 19296 3859 558 18285 15955 2898 743 18556 17647 5983 1003 11859 8457 19090 5420 17668 6840 9555 763 8470 12940 17952 8889 15917
14092 9576 13386 1548 6200 16681 3935 14854 14740 2320 5111 1264 16392 15157 10790 9805 12515 17057 12761 11567 11068 3621 13454 7958 742 9267
13640 6374 18028 8126 4120 7559 1578 14621 14633 7749 2006 9774 6900 13689 6075 2870 13652 18413 12613 5594 5552 18249 14005 19613 1815 8787
5838 1492 19835 4519 18735 11625 17642 13097 13596 17525 2898 1819 7909 11424 1199 6048 14040 17821 12021 2887 1203 5430 4074 4594 14991 19739
11702 6540 6987 16187 6291 19298 3012 17122 3803 10905 9919 10993 9429 19389 11458 9030 2113 2166 6669 15198 17686 1245 7400 14830 6357 12146
5737 894 8883 3778 11802 15099 8731 8581 2817 19271 16484 7906 4491 18125 19475 11035 2802 11909 19287 11253 4935 12480 9566 19322 17627 1865
2217 635 12552 1322 8769 17856 19250 7386 17715 977 10696 4397 17931 16869 9785 11570 14639 9741 12381 17986 969 14720 687 10100 858 8656
2270 4499 4606 3552 1880 7185 7649 16536 1353 16336 18464 4124 17566 4037 10106 2209 7026 18251 12133 3673 4200 6144 16194 17588 8669 4505
16560 15586 10499 7568 15721 14375 10046 3180 15505 7847 17738 5854 16089 4807 14332 13399 2531 15425 19402 17879 18789 15967 8189 16993 7732 14559
10214 13954 19276 13392 10818 5011 7256 5438 7297 9394 4018 15275 6085 16902 1263 5097 14928 19308 10618 632 10525 285 12337 16142 18993 9072
1193 8196 8893 17219 17204 6923 11605 5433 3359 658 4758 4734 1613 16117 11737 3887 9983 16308 17190 18380 9140 19081 5776 11026 7433 15883
7514 15728 18034 14790 19400 15954 2487 1001 13381 14523 16311 8496 15296 6610 5612 12757 17614 7740 16 5947 9459 14624 6883 1618 10062 4443
14290 17243 5229 3093 11125 18319 10786 6531 17731 9114 7148 5685 1109 16418 2034 11748 12172 1626 13647 2543 18618 5209 14897 4421 19069 10847
8419 1842 4181 423 7868 8359 13344 15731 14609 1833 5221 18998 13116 18030 14622 12490 16237 12714 16312 11429 9314 15272 4362 14379 18794 14983
5392 17994 7915 260 14515 14184 19621 9105 14224 18440 13961 6048 16878 10794 900 14280 1983 16363 14784 8022 8593 12370 424 7913 2914 2785
4456 10195 14492 4168 8939 5553 13581 17696 5358 1108 10430 18094 8425 3141 12354 9720 1633 5136 10298 10154 16691 14956 6752 11744 13861 2724
2409 15689 7720 2440 17322 5766 7956 1947 16416 5389 9082 2263 13623 11887 11061 14930 6110 1508 15592 11246 6513 18986 12039 16826 12031 502
12044 14642 6850 16732 18116 9577 4350 10805 15733 11554 5122 19131 13842 12686 5377 7417 8436 8841 11261 3543 4167 11705 476 9993 14540 15934
15747 2053 7024 851 2496 17635 15514 18151 13428 15181 5943 16386 10541 3769 10045 15173 11313 7648 4371 10785 18677 11492 15100 10050 17044 731
5470 3477 8025 6725 11321 18598 5295 7567 10264 11826 15963 1897 8832 3768 15479 17192 7968 6487 18904 5617 898 984 19832 6542 4631 15591
4824 9660 11765 1100 2261 16733 3137 9462 574 7310 7257 362 5042 1448 10494 17957 843 18524 13854 15567 19743 18124 1769 6051 10714 14488
15503 7213 8120 458 9655 17747 14399 6995 1636 5611 2687 16169 11813 2266 6257 12980 6484 8749 16568 2577 2945 17882 16288 9390 249 12123
12554 18242 2261 5438 10660 7447 19230 14691 667 11860 8811 17028 1127 9929 3976 10604 3359 6749 9252 6668 15795 3840 18742 19432 14602 10114
1110 19758 5773 9732 9879 14205 4552 3483 12498 9549 8280 8727 14551 5968 7823 9368 7665 14680 14250 378 1270 814 2219 1678 14512 10711
18422 19327 1923 2284 10263 11019 753 18240 9678 14772 6476 930 17744 7001 7023 2650 10610 18397 12231 1640 15591 13369 8085 9699 12617 834
17261 11334 18691 6574 5599 9065 4917 10402 6344 2360 8067 19624 2728 7834 6260 4099 12077 17159 354 4502 1257 6219 13848 5400 11020 8307
10123 14828 2089 16828 19523 16524 2570 15142 9196 906 3890 8192 16198 11365 12542 4492 12235 15919 2192 11500 8591 343 5456 19622 9875 10705
12215 5719 17920 7646 9007 1830 2384 13742 12562 11823 15709 13139 9438 11310 19298 11449 19773 6929 4295 1707 17567 3521 13404 6159 1884 10739
18516 18596 4823 5966 6398 7516 6005 6287 8440 734 2278 4107 1051 19002 18769 11262 9429 6345 998 17887 14962 19027 2710 16254 2248 18663
11185 6353 18971 4521 18006 19721 1719 4978 13595 1527 3666 15536 16940 1405 1020 15724 8318 14165 12839 2830 19807 4719 5840 862 12438 743
18713 2358 8535 16153 18483 11604 4007 12810 19356 14835 972 5070 5048 10344 16814 8814 7946 16856 13169 10360 9439 10336 19650 12639 15264 3700
5195 5901 17002 18152 4007 11736 17916 13180 5861 2526 14818 8331 16810 8095 5266 13562 4111 7951 17163 330 16017 3695 13139 19292 4299 4012
4286 1109 532 16472 13133 14961 9795 6212 11707 14785 18029 9096 19168 11582 8804 137 6337 13140 19814 4178 11220 2433 995 6167 16311 4511
6074 19096 15140 279 18940 12144 8194 16836 15586 15670 12193 8980 1192 7212 15582 3433 82 11153 13398 14867 8722 9294 19810 10044 12989 11439
3637 10531 17163 6431 19397 11076 19115 800 5690 2511 1294 14409 10667 9384 12830 16450 13559 18296 481 11511 1085 6513 8230 2479 6444 16067
11530 8683 10065 18811 17245 2501 14893 16144 19150 1096 10361 15622 9689 1130 7778 243 852 19389 15582 18128 7281 4313 11573 808 16037 1564
17305 3117 19821 8991 12243 13630 6290 1949 2037 17786 192 3626 19503 13851 19400 4120 1350 10702 15194 10369 14799 14028 7717 15373 19752 910
11658 720 6993 8397 4646 17086 11171 19828 7695 8225 18216 16608 1431 15866 17591 13887 14032 17823 3102 13831 6194 15650 32 17626 18064 5052
2927 16187 17149 1465 10430 6267 7954 9418 5509 4129 6496 15230 9132 14956 17653 17454 10550 14792 17430 2020 3665 4745 122 4048 4287 15001
8506 14701 9576 1701 13117 4504 328 17651 7878 7476 18476 11370 2435 2700 19536 6821 12608 15053 18724 2263 6229 8212 17637 7310 7701 2581
6282 19328 13246 2583 4041 5517 12449 1498 12779 9022 19334 19569 2846 3123 9096 6511 6597 7663 19450 14755 8655 13456 17619 18899 5714 3002
17030 16809 15262 17754 15951 18025 18443 12102 9900 12193 6274 11941 18264 19834 18930 3790 9560 10126 19919 5158 10887 3711 781 6208 11685 628
4515 2421 2656 11164 3149 18832 3392 3498 1022 13968 3299 4441 16437 5270 5243 18322 8652 17269 19803 12072 5789 3064 2186 17761 16165 2078
13429 6532 11111 1587 4287 16134 12180 19457 17394 12648 7135 1126 10264 5426 14883 16748 4908 19105 19270 11439 3990 16712 15323 4625 1238 5984
4673 6235 12911 18052 8154 19074 8288 8317 9532 17789 3954 12690 11357 14442 3010 2121 8700 173 12412 9501 2598 5252 17904 11730 1640 159
3634 18909 18020 8465 2917 14832 10286 378 4803 10193 6939 15014 11307 9745 9511 124 18620 6020 16942 2177 10831 10463 10275 11999 1165 4620
4858 10263 16128 6405 12637 8604 7692 7843 12882 12451 5227 3604 15527 17792 19387 13537 614 2829 12160 16167 71 1420 13047 5892 15221 4892
19937 15616 9037 10654 2897 12979 15226 6201 10478 7744 7177 12442 11668 15900 10427 13956 1392 7857 2284 12975 11840 6541 14412 10037 9253 7755
15493 16555 15056 14846 18433 1026 7657 3857 678 13715 7943 13388 3682 6025 13417 17805 99 3162 1040 4542 13435 6944 7698 13816 18201 2197
9587 1553 1416 12202 12211 3454 18759 16525 10898 2175 10429 8615 3975 19328 710 4785 17191 5850 14887 19128 9288 17845 14951 8732 3738 5185
19500 11147 8684 2812 4000 12590 2787 5644 7854 16899 5039 8560 2015 6627 10415 2630 15389 7313 18173 18268 11792 16499 12977 13928 14267 19942
1112 10590 12349 11161 2569 8410 15877 15520 13254 3396 17171 7497 16990 8075 13202 19538 1107 10208 1289 9640 9859 14597 2641 5998 12499 18631
13719 16885 3800 16390 13683 16351 4832 9949 3448 12234 14961 16562 2825 5240 16749 9200 10523 998 8546 16219 10563 6321 16891 5389 14341 2370
7272 13878 13226 14744 12594 9342 19177 19171 12893 7746 10704 6261 4329 6822 19817 16745 5921 13340 18649 13414 9228 19957 4846 15202 19990 2158
9740 3821 13098 3498 9244 7790 14414 2985 1047 8304 13988 1274 691 11080 16654 17552 3862 12158 14410 3221 844 12998 13079 914 5084 4679
18652 3337 15191 1810 8824 19890 19098 4089 4808 11546 17212 17543 19375 157 2322 5156 10713 12933 18578 11230 17445 19928 1390 12398 6440 253
15245 16621 8844 9969 7285 4263 276 11449 5258 14538 19142 13596 18674 6284 10630 2752 9293 676 1644 19884 13361 12538 16039 18899 19972 8511
10610 5548 16912 19833 12132 17168 3462 19533 10275 18314 2891 19007 19915 11157 18541 2116 13321 2502 19397 5711 12547 1457 1186 10958 4508 8344
5357 10798 18568 18151 13850 5883 3724 6892 3008 181 1298 4885 17831 6026 9262 18040 16967 17574 8835 10842 18671 11331 15107 13700 3337 19509
11305 7762 18377 5031 10582 14199 3890 5150 14212 18702 6981 18487 4701 8628 19041 14568 6725 3228 2595 6803 11514 2144 7277 5415 14658 9729
15174 9427 13889 13706 13240 8694 9039 14495 4202 4636 4277 11543 16161 1040 8726 11810 11640 17977 19591 5750 2342 8181 1011 3899 10372 10229
3936 10098 16610 8539 7380 6758 15188 8585 14585 177 6476 17965 10532 18930 2723 12944 5247 13392 7559 10486 4172 2164 9231 907 9838 12227
1505 8373 10445 19388 4105 9030 4599 9566 13135 9209 11151 15891 3145 10428 19795 17226 10993 16107 8296 5641 16099 2347 4111 7881 4587 13708
12614 6631 15218 13572 13980 15715 13165 15130 18598 13661 17010 13271 4927 4562 5289 8713 7825 7068 1054 16861 7146 17035 14004 21 15977 2119
14978 7520 7024 13405 149 18388 13839 17312 4856 3640 3091 499 10620 12057 137 17388 3194 19105 2102 2323 14336 6073 908 14197 16259 2070
11812 10758 15542 6250 18093 3636 19171 14434 19942 6153 18586 18199 16199 1733 875 1590 2547 16202 15608 14089 8418 9437 6223 16791 1216 17292
4760 17743 2857 17710 17400 4613 14804 19651 19981 15150 12526 7659 19245 7663 13411 1901 15720 10774 6024 19334 4530 3047 8785 2797 11382 5664
4736 5565 11451 2090 8644 18471 7827 7059 19427 2754 16427 1524 19640 8576 1074 3824 12227 16589 4884 8932 16658 2979 10563 253 19540 1472
16432 9704 432 19865 19489 3829 8414 19290 8884 10637 10125 12101 14353 5972 669 7230 17876 19393 4872 1772 8242 6006 4089 14019 3376 1063
19755 11624 2420 11311 4626 12969 3750 6924 18389 10533 3813 8325 14745 19745 16182 2237 4518 12477 19815 11426 11069 12004 817 2906 11422 16453
2512 7912 9854 13936 1942 3901 14172 5097 5084 8687 7952 2667 10119 12906 4734 7583 2835 11628 5410 11968 14590 9708 19806 11567 12281 8146
5221 3040 8580 11886 8107 4143 8135 7415 2494 18475 9818 9180 4206 1627 19475 17964 10081 18936 5898 17810 19501 19013 2343 13901 6979 8278
11152 7147 18617 15280 13287 8491 798 16373 5685 6730 2392 18758 10753 15872 19264 8089 19871 11833 3823 15415 18870 3373 8907 11182 117 2005
7917 429 16497 18443 10060 12232 14769 15391 8938 17784 7873 7932 17784 8484 2426 12975 19006 2375 15090 7933 15560 3270 19996 19738 8262 17901
4804 3278 10492 7665 7584 6285 17283 13081 12833 10168 5058 4827 6318 7458 15003 6165 3160 1000 5552 3378 5675 5353 12540 17857 14548 18240
12867 5572 19625 14152 10534 7121 3221 17520 13986 4016 19628 6271 17448 8819 16891 18118 6681 17684 5260 18818 14146 7979 14806 15703 10238 6398
13531 5059 7331 7374 14896 4737 8481 13414 10928 9237 8872 7249 3792 5464 4319 17832 10238 3507 13403 10985 13847 2439 11838 4351 16333 11487
17258 4467 17438 5801 10309 19852 777 8024 5008 3396 9687 11411 15400 4610 14725 7305 1696 7290 16044 19410 11328 11513 2283 9675 6869 14068
14991 15955 16503 3814 13286 5948 13715 15566 14461 14923 659 5101 10555 15797 6414 3509 3822 10936 10536 19524 16609 9929 19061 10685 13385 12248
2295 7869 3135 12825 15011 18729 1450 11409 7678 10890 11891 18037 348 7015 13826 12341 6094 133 9011 11549 7983 17543 12153 18973 9092 917
2302 8448 18077 2274 8949 2046 5578 7580 15235 2994 6834 17286 7900 10430 3272 10744 3783 5928 7885 3122 7085 14404 9211 689 91 15640
19783 16659 3864 205 14951 19752 18393 19943 10298 19932 10351 8573 785 9680 13723 6329 6113 3680 18511 19570 9615 9459 1711 4672 1777 16860
14300 629 14892 19801 11178 2026 8399 6500 18508 13593 4699 11882 834 18467 6130 1772 15953 3149 3189 1 14750 5965 5850 14847 3448 7675
10098 14337 10872 15569 4820 1175 406 19380 12589 17313 3216 10522 3983 18843 6026 5864 11405 16840 19320 14778 6833 19600 15617 5828 9918 13307
10325 9579 11633 19743 1006 8312 6766 16335 185 3994 19752 11465 9029 19837 153 15880 4928 17263 6210 18831 4523 10169 15724 12351 6934 6627
19208 8254 19648 10238 18604 18824 18547 985 1870 3681 15656 4142 9027 9347 17422 11249 9307 3828 1513 14054 1977 16189 3586 3405 11781 7091
10252 1089 18088 13055 11869 6171 8263 15969 16817 11453 15405 7178 17577 15401 19073 8926 12006 11823 24 17117 18126 9203 18925 693 2643 689
11260 5648 9338 17916 19897 18202 1437 7730 13247 10052 19125 943 15053 7473 10127 14280 1704 10782 12192 17686 13270 16978 6505 15229 12512 10124
2335 12473 8629 9177 12660 17413 13524 9415 12092 7778 9174 3186 15933 12252 8166 6943 9697 17967 4519 13007 6145 10562 6924 17617 190 197
19008 19148 9716 13895 18262 6783 1656 13222 11446 1974 17431 7350 11988 7665 8520 17733 14326 2538 13818 15073 10694 12919 13971 2272 4365 3434
18731 18673 16519 14355 15569 6487 2681 5419 10536 17380 6692 15810 227 6421 12947 12149 12312 6523 16893 3647 19747 12960 17086 10228 16898 15370
17507 19655 10327 15634 10264 12267 10229 2583 5964 10588 13155 1182 18159 12797 14532 14722 465 1867 12137 6581 7789 13157 15222 17887 15494 5885
15474 19725 12583 3766 9661 11165 1213 686 15477 7860 2793 10731 12771 13510 6982 17560 14182 3267 15601 4364 1854 15874 4805 10753 12030 16181
1151 1618 413 7761 13573 8117 12152 7714 18093 14026 16225 11173 10976 17139 17674 17625 16016 17055 10120 1142 8104 5161 13197 513 19457 5380
11320 14831 4771 13960 11409 12035 1682 13555 14314 15589 9492 17212 10235 11206 18053 5793 11439 7816 16223 4693 8405 6281 748 10849 7259 1952
2642 17715 4194 10611 5806 17049 11194 962 9460 5533 653 8477 4832 15631 2483 6984 18693 16335 14011 3996 11965 12589 6701 19756 11122 4855
17010 8729 17046 19024 9023 19415 12525 6290 13287 2545 14827 8785 11847 1438 8900 18084 17915 2224 18833 12454 13137 14569 16600 18829 16190 4260
9003 16423 5552 9488 19745 11461 15576 1957 586 13512 16352 10600 13056 7532 18663 15228 19627 15905 13008 15012 672 2573 683 4541 8241 14937
16090 17924 539 9950 1401 15456 9811 8987 17460 7452 17831 12158 16168 17366 8522 7209 9935 1794 18171 14325 11382 4376 10307 2446 19031 14115
15577 167 15170 4986 4990 13366 5859 3556 18756 8936 10896 17397 10590 977 3691 14951 1295 181 15555 897 13349 18417 19403 14235 2442 2045
12005 16404 17032 2880 6454 4077 12998 7264 1002 19355 11079 941 18305 7336 5780 10884 3248 8404 4976 6645 19954 8637 12629 18673 14068 5085
18622 8334 18266 19418 4983 18092 6601 14489 7777 15721 13392 12326 17697 4630 18281 14176 5390 17609 10438 4774 270 18541 4657 38 4565 12905
7382 18130 14364 1751 9246 11355 15778 7637 9047 15182 7084 13100 16152 19633 8582 15959 10315 12742 8065 18032 16604 18807 9834 3239 16618 1668
16142 3915 4053 10642 19286 18632 4427 17677 2654 11469 1041 10221 11261 1466 11084 11262 19261 14074 17906 15161 10637 763 19840 6579 1578 10182
18600 15443 3375 4089 5966 4229 11918 11110 18885 19032 7350 17044 13857 2890 11215 8932 6799 15381 7220 12458 2462 11945 13864 1119 16920 3535
18761 286 13460 16528 2585 14636 1082 3048 13234 2753 14963 5244 17681 911 4587 2894 8575 17146 6333 1845 13552 2750 11711 9104 18861 1992
18310 10944 16677 670 11905 531 17458 8832 12091 1868 7132 12090 18564 17772 19718 5588 641 1869 13139 570 6860 14958 8364 18159 5018 3159
9385 8803 12841 3623 3945 15614 2543 7903 1718 10515 5272 5915 8281 4562 18651 6782 12814 19144 721 129 19508 14771 13251 4120 15918 458
18685 3523 17576 874 10246 5860 8013 6725 9274 16104 11980 2181 770 8086 4984 17151 4638 14670 17461 4715 17531 550 8072 18847 1742 11055
11848 5117 8214 146 2711 10500 17963 14686 8907 13065 8695 9648 17088 13221 19480 3053 16614 8098 17067 8800 11640 11260 4117 15090 1343 10757
10709 2915 9155 10263 7613 5503 5764 4777 19736 11054 8183 14737 16380 3398 16108 4203 12109 855 4554 16124 5196 19423 1023 9443 16907 11141
18434 4668 12089 13519 3735 15341 18248 11314 502 5746 1151 9081 17278 11281 7607 5284 4602 152 6982 14964 3062 19948 13482 15540 3921 11543
11253 15293 283 18498 354 14796 2331 15996 7510 3739 17250 3305 11993 4156 14627 3977 9519 1324 1143 5337 15500 18385 4622 838 295 13264
5428 13464 12405 5722 6098 11222 10919 13750 3403 13448 11637 18740 11261 5382 854 3941 14648 1026 4907 2250 5015 15329 15648 10673 19390 19525
2974 6122 2080 16889 17559 10105 15470 18382 12480 11911 19770 8305 16398 12397 17895 15204 10070 13235 5618 15330 17521 5510 13275 7853 5885 2676
18207 4306 3117 18818 3780 3355 18072 7207 2375 5035 10407 14775 1358 15317 13402 396 10536 9621 1068 19885 807 19587 4868 8044 6402 1434
5425 5801 1271 1817 18577 4858 8083 6213 19106 4175 15963 3636 7087 710 18634 18794 12143 16356 10294 1117 12752 5461 331 10993 11517 8663
7741 12471 16343 1987 270 8365 3417 10561 12464 6697 4613 11994 5678 1704 5931 12740 13334 5160 3311 3234 12192 8027 10602 16607 5267 9667
8387 14057 15263 9160 6522 5089 5464 16038 14863 6211 15039 6249 4914 4175 14972 11835 1092 7688 14316 6020 8383 3075 3537 19120 2056 6979
484 11644 16452 4338 17425 5915 5935 803 8330 16900 1337 18641 13409 14701 8421 13416 3267 9858 15149 13207 8650 4103 16203 18193 4152 14760
6934 13695 6287 11490 12230 2829 3970 14823 9395 6066 19942 11088 10274 16075 1720 6057 18390 18889 4610 4150 6481 19584 12502 13857 11080 19091
810 19937 19374 4116 8643 2550 653 5547 6711 6567 17316 17922 1094 2572 3613 1560 5646 6779 18386 8315 6348 16874 2685 10507 16498 7106
13978 4124 3473 10329 14678 18739 123 4510 12382 2967 12880 12107 4013 13958 12403 19841 12784 19032 16133 2862 19259 527 18533 13650 3927 1312
9293 1802 4669 4262 8000 12556 8406 4968 7622 5522 3568 14338 6496 15843 4729 8621 14739 9453 14598 3109 3142 5323 17351 3285 2818 11441
10401 19167 9614 4786 4535 720 17346 8963 4504 9858 6493 2511 2811 9138 15666 15680 13871 3453 6134 9428 5024 17820 8945 10713 4929 13584
2863 6759 239 4762 14175 4883 16557 17444 576 15940 17637 11809 11055 3317 10326 9804 4179 18998 1648 5427 18492 18051 5121 3836 17505 1927
5872 7745 14497 11692 9906 5368 7581 16333 14193 14004 7740 8184 16519 19053 15025 10359 2602 3809 10551 17220 19370 1977 8846 29 19593 5891
14079 19819 5234 9442 18095 5155 12667 1555 1704 9212 6465 10949 9389 19854 13383 657 15598 19395 6812 14758 15087 7307 2059 13282 2145 6937
12804 4726 2865 19025 14814 2444 4343 9802 252 17682 8787 19422 3026 8468 7062 8179 1327 14184 10360 5305 14218 7206 9735 15039 2765 16994
15121 13523 6795 5177 15869 5297 13910 13826 14333 2267 18001 19407 15207 5060 2226 15412 6805 490 9252 18353 15561 484 2264 889 3318 1719
4171 18940 4513 14090 14161 6115 18612 2061 7812 925 19526 3039 12221 8176 14848 14746 2940 16598 6451 10793 18927 4649 12657 14130 12737 4835
17446 12212 13197 6343 8367 9420 6474 429 2975 3952 2017 15037 113 2984 12438 5801 9978 12529 509 13856 4147 10426 11527 8312 17335 17750
1172 8458 18826 17261 3254 14225 7744 6002 9499 3079 19581 10766 1149 5988 849 7056 523 2382 9447 8639 15353 14315 867 14931 12930 16210
2752 12234 16759 17229 3025 17825 7601 3763 7728 8808 18995 874 11349 4288 8901 14219 11515 10393 6986 16015 15794 3017 19671 5086 9508 734
18010 3051 16201 9254 6253 13744 9077 1158 18108 794 12786 18571 18098 7490 6269 8643 6535 3537 870 16430 1060 3589 9359 8275 4727 17239
12596 16335 562 4685 2005 1554 3744 13148 1319 5711 3039 11573 17588 16375 7849 14646 5099 12625 12379 2310 8637 13615 10207 1546 7959 52
13947 8911 15102 14926 9333 14502 13301 12952 4859 12986 8668 10300 7578 658 10025 9922 523 1237 9588 8680 1987 14055 15063 8465 18551 12987
11354 8616 6172 8711 19778 18320 2818 16691 5195 18385 7880 11377 9909 2342 12545 14703 11132 19587 19548 19731 2825 17284 2302 18386 14504 1682
4750 6750 2836 9146 5933 1097 3446 17170 13499 3562 6691 5862 19325 14831 10397 2128 3872 18124 3898 18097 15197 3988 1855 2878 8650 5576
5427 1266 3972 5905 18253 16397 4615 741 9219 2377 15832 10689 16460 14348 7489 5019 4507 859 427 3248 14180 19831 5828 2250 6245 14066
4945 14619 7327 18257 14574 19928 6554 5687 18736 6005 17964 12309 10090 13967 15606 5922 9172 3524 13253 18673 3966 1770 10021 19749 8314 4602
15137 5409 17237 13868 11222 8125 567 3058 6952 13908 7257 9507 14027 5589 16595 14259 12159 6233 8685 3874 9286 12885 773 8436 14588 15999
7690 13235 5566 592 16170 12519 13915 14656 12017 8177 7127 1586 10002 12187 2425 14094 1916 15412 15204 11602 6900 15630 4751 10443 5512 13598
4423 13894 18835 16556 15203 18860 1909 13824 1258 2309 6194 14506 8843 2762 9066 17168 3134 7421 9516 9201 10590 7554 18505 11501 8345 16830
10933 12177 7698 12245 14806 4917 15707 11166 17992 16277 12663 7008 887 12906 2874 3175 5483 10807 10757 7620 3180 9897 13969 1323 3796 11937
14747 13672 8012 14542 16509 14855 12884 8976 17471 10773 9114 7461 17215 8503 6328 376 10734 11607 14391 13194 17675 290 14239 11051 4151 15329
4424 13303 14722 708 13212 56 10749 14220 6629 7130 3826 15456 11997 696 19188 1761 10494 11649 12813 11910 7441 17997 12715 11601 6748 5136
6103 14218 1321 8923 1189 15924 7382 12878 19173 16582 5224 8409 119 5003 18240 1742 14534 10922 4769 3049 15618 3714 11903 234 6290 18401
4555 14307 8225 1356 14579 7095 13862 2467 17450 8032 4523 13362 13445 1360 15637 18741 13317 11853 12804 18194 16927 7338 16060 5800 12551 8004
18229 12345 2436 2136 10101 2396 4522 11107 7323 13178 8165 3542 18186 15433 10810 824 8800 9370 1425 1303 9276 9620 910 14477 3474 3308
2785 19320 17627 4640 8654 80 5677 19203 9978 17378 8811 16272 17680 10038 18145 15673 14430 1804 12328 10173 2162 1760 6313 13137 639 1138
16847 5533 12113 2414 7235 18875 2231 14686 14608 19644 11373 1147 1003 11152 9618 11933 11772 15117 2983 14095 3230 10617 17103 6302 14985 17715
16477 14591 13517 9383 16434 18028 502 1449 9776 5352 17391 2732 14925 9186 3848 2021 13002 533 8482 15778 13123 15572 14387 18833 3308 17286
12745 18873 4508 395 10728 4121 18560 8037 8008 8128 10361 9872 3053 18183 2438 1179 13095 6786 5511 12046 7126 4726 6778 2517 8963 16468
11004 15142 7449 19331 7335 5350 7079 17156 13741 4343 8642 15293 6216 5373 2872 15866 7963 3004 18094 6849 179 14479 11586 7026 11495 9102
17815 17175 16307 9511 15094 3375 9985 13172 856 15700 11805 11595 17236 18427 12114 5627 14252 16938 16848 15293 8634 6605 10770 10582 18124 4052
17047 8287 18538 19370 656 12278 1327 10289 18430 1804 16566 17536 2209 14571 11939 12199 3213 14582 10724 6285 8787 10889 16014 5676 9559 14747
19282 19135 16621 18747 8606 1359 5660 76 16619 4059 5534 19323 5612 15535 6728 13442 5831 1137 2371 2983 10611 8005 16455 11407 16238 3292
5240 12979 16527 827 3394 12247 3542 8026 18240 11946 16837 10137 10781 10795 19839 1369 7741 10590 3554 6934 8954 2781 13822 5158 12038 3388
14302 18222 9391 7532 15304 2059 12906 10452 17977 16954 14696 16317 17846 16456 2309 2134 4149 9679 12103 11975 18001 13042 7140 14541 15711 3634
16435 5095 15321 4556 4454 5662 9892 7924 9346 9750 433 11892 3097 3012 2031 630 18671 8647 12830 1484 9003 12290 2225 13162 5624 19995
14166 16875 16730 6372 3906 12563 10065 6223 16386 640 105 10825 16468 16262 9242 15296 19991 19462 18644 12818 14769 8485 4485 11875 17378 15893
8258 14897 16566 4416 19505 14564 1342 15253 11694 3946 6746 12654 7934 5233 15543 13332 5128 10361 2513 12054 10888 16738 512 13389 448 17835
10149 19140 1435 5789 13853 19608 18778 19296 18150 15112 10407 13394 17072 11557 11888 929 8064 14112 7657 16149 3255 5564 10808 3953 12184 2071
1490 19518 7939 13387 18820 12568 4971 5495 12392 9650 14755 13839 3757 18222 6505 9299 15513 14262 13361 10426 16191 7180 18981 25 3877 19327
4305 17150 12790 15282 5869 2132 16004 10011 5398 12723 11793 13090 18370 3696 15663 8011 1225 10453 7231 13026 13562 11741 12349 134 2994 19700
9006 17966 3818 15385 19950 8802 4421 10217 12360 19894 6883 7221 14147 3505 4388 13358 6936 3429 5100 6150 4956 17712 13967 7227 10971 8901
6654 5679 16778 13007 3408 2213 1626 2160 17741 5809 4059 350 11587 11080 3816 3784 8099 2611 18774 13813 5069 17397 7537 7208 12076 13555
8760 5960 2952 17078 6671 10860 717 7233 13578 15213 4488 6033 8603 19222 4714 8155 5279 19509 10729 857 13363 237 10578 19347 11221 15944
4099 3597 13249 5013 2361 7703 19101 19576 7164 10075 5888 17134 616 12852 6463 434 3787 2401 13623 12968 10225 14314 15152 3723 6196 11764
15553 2164 5647 18866 19725 18804 17732 9611 4828 8531 16734 9228 16403 7415 2331 19941 8597 5138 17501 4965 7684 5282 8208 10363 16832 3356
14775 18983 15814 15192 9786 3433 16434 9240 15992 15116 5562 12724 2885 7232 12024 18228 11821 14950 3680 3043 13234 11267 7506 18927 3945 3509
16536 3963 18948 17615 262 3229 5861 16639 5023 18905 1075 1559 4188 12670 12570 9762 10230 17213 1056 13432 8134 4844 18105 6404 18673 10989
12300 11938 1497 6415 3164 4380 11578 19197 2791 11394 11893 5557 1570 15040 4349 12114 17771 16197 543 11005 7094 3746 19569 13713 2574 15426
18564 16041 17863 7554 8149 17288 4287 1294 19918 12789 14294 18449 4437 15079 2669 4493 8508 17033 7839 6070 8695 16740 924 13044 18312 8443
6629 18020 14916 19176 10507 3311 17663 9505 5557 13513 2246 11723 15684 6023 12300 10436 7989 3308 14921 3024 15035 9795 14302 3587 6012 19754
3393 13781 15809 2811 9323 11784 144 2579 127 13580 7202 6076 18740 4579 7849 11271 64 7309 17245 15879 9431 17945 429 18757 4762 15830
4564 22 19670 18570 14604 16171 16568 5726 13383 2602 2809 13808 2693 16735 1329 1137 3272 13431 10852 2376 10675 18915 19024 9068 16885 751
13098 1066 19361 6037 6 8684 4633 1990 12433 8644 4080 11464 656 17921 14669 2861 3855 6174 17641 19421 17058 19876 3085 14808 15472 873
15340 19805 11033 15450 12286 17659 10630 7460 18815 335 2487 144 11690 16879 11286 308 17648 5610 18606 13615 5278 9148 9098 10381 17718 10673
10929 6884 8930 16611 5542 15066 6699 723 3539 17468 2328 7020 13758 13680 5224 5603 3414 16217 19367 7991 4378 19490 1230 16884 3856 3198
5125 8807 7618 2367 10944 15467 9136 665 14113 16653 3429 11450 16203 6777 1342 6793 10736 8547 13476 17268 3618 15162 2585 9004 2738 5393
1968 3958 9312 12345 14140 9453 2427 12578 11100 4491 6024 9215 2701 12822 4333 3935 12853 17259 4818 1259 9842 3440 10593 2979 14176 10788
5002 13396 10533 646 6095 12286 3280 13097 6557 17691 12406 2988 18620 522 18793 10110 6587 9193 3648 19128 17260 17703 2223 12850 3171 16927
18813 14017 6529 15790 3348 16374 5724 4597 6000 2999 1926 17767 6658 16122 9133 4676 4723 15990 16309 90 16914 10599 17195 9890 8840 12809
4044 9975 2896 5564 10587 9711 8659 11566 12118 5738 9668 1670 6606 19922 10892 17033 4055 17890 13652 16977 11876 3191 6951 89 10571 16179
8543 13965 19597 12955 11142 6159 18321 2591 9140 7764 15640 9009 8257 11594 10913 10906 7706 13666 6922 15542 18023 14204 13396 2809 273 9269
14295 11542 4214 5545 13833 5963 7316 2618 11865 118 4349 6842 12927 17668 1326 5302 10441 9156 6828 7275 2765 1760 1730 214 3120 4371
10672 5212 16005 5736 4693 2360 15382 14731 9986 13657 16566 3836 13334 3141 644 2371 9281 1415 19469 5821 5637 11937 12165 18012 15265 5178
9905 9816 15269 16756 17626 10850 8445 18051 19536 9182 7268 12472 1022 7841 13416 9282 15070 16754 11880 2737 10204 5024 5718 18445 8780 6198
14384 513 10156 1199 427 3738 6226 5290 13991 3377 18599 11859 18951 15541 14357 5823 15928 5892 7603 17446 16152 5325 5711 228 3695 16659
12355 5569 17995 11941 5713 16182 18957 11095 14295 13117 16753 3144 123 17987 18710 5624 14812 323 15895 7885 9221 18942 19268 19182 4672 19600
19510 10247 950 8350 17301 9485 7789 8245 8446 19449 19075 15927 6337 1834 12848 15939 6563 4779 11514 13802 8472 8123 2629 11860 9133 12184
4368 15370 7890 12452 16617 18538 19268 9552 17830 8330 7437 1989 14220 2438 1968 16047 1970 5649 4264 12872 18122 492 4887 19992 13497 13104
11718 1446 2430 6013 17055 3362 15567 2298 2693 17322 2241 7914 5345 14678 4181 12672 445 10137 1591 16632 9668 10050 2904 10555 15576 3560
