365
30 64 12 91 31 10 100 96 2 61 31 43 63 81 22 43 68 36 4 64 36 5 35 19 73 73
363 15316 10448 5976 17275 19602 3573 14620 15176 1120 7861 1983 10794 3171 6492 14154 8208 13652 16929 13985 15225 5399 10724 1620 14474 8488
811 11665 2273 12174 19035 9859 1845 4538 9667 6971 14486 16711 4101 6613 17419 13691 7561 15429 3628 2500 9369 15697 7636 8523 11191 2849
13127 3749 8826 13510 8859 12997 3159 721 8317 2608 17328 8521 5859 4964 4386 3625 6772 17637 4581 13870 16545 19711 13045 164 8439 17724
1998 10717 15958 2891 12533 9333 16426 17591 14104 7748 16719 15403 16268 8735 14182 11730 5113 171 3743 19142 16836 10345 10162 15867 10716 11055
19332 10984 13634 10812 1819 10322 14593 10231 16783 10660 14383 18010 1634 11717 14155 10468 17626 3201 4037 6446 16557 16372 13330 3864 17702 6619
1876 11674 6823 10860 9875 18937 7477 11059 7039 9794 8330 1861 11711 6082 14559 11045 19473 371 341 18017 16210 6190 10497 8599 1685 1120
13203 2757 18583 2129 16128 3346 12067 1552 206 1451 5710 8074 10725 7828 3928 3893 13213 13329 1963 2061 10750 1681 12286 2839 19286 17373
4223 6702 1893 6918 8972 7220 8139 1808 9628 2816 7298 2538 2828 13467 2669 19262 12182 9678 819 13244 8399 17786 18797 19846 13897 19971
12202 16433 9719 2383 19941 18843 9615 836 298 16662 18421 17177 7919 265 14274 3501 15085 10185 3618 18621 12230 11626 9531 15360 10544 2600
12583 19313 10506 714 17736 707 14629 12600 9826 14679 15481 18415 18640 19786 16532 18744 18299 14342 3473 18968 10795 3154 4191 3044 1873 2049
10053 7345 15353 6533 10535 6288 9907 19402 849 10484 14297 10980 11453 10343 5220 19268 4216 1776 18758 3356 12910 11527 8069 281 14468 1523
16118 11918 1232 7497 6109 15218 8970 7339 3716 19116 13152 18551 10500 6925 17766 19931 7946 5619 2410 9615 14825 14773 10121 5215 2864 11968
11687 13593 10764 13915 11539 14935 15184 9393 4470 14745 10042 19945 11274 7579 12765 4854 8759 2497 8244 19856 8578 1480 3740 1258 16215 16284
9499 19270 11045 4235 8787 11890 5488 7439 9433 3788 11408 1187 3531 16287 14455 11007 11459 12242 12994 1558 17222 8067 13843 9802 7225 11451
19475 4603 19326 14803 11751 9483 17976 18526 3575 11851 9000 12044 15758 806 1638 17076 13524 11205 17802 1555 14673 10279 2889 3676 19219 9416
7635 19659 13 10159 15958 6324 443 4391 12249 9423 4163 8337 15509 4446 15363 16176 1433 2024 4194 13794 17926 6454 1760 16009 6570 5858
3877 3109 3311 4189 12131 9822 1541 1979 3524 10639 12649 11410 17081 5536 19419 10814 15422 138 17581 10758 14695 14411 14229 10725 7826 6374
6976 16078 17433 17559 15150 5497 15759 5643 13148 19423 16313 12559 6581 10979 2310 4970 8546 10439 10911 16697 13793 8868 6353 17371 7231 18139
4812 14323 6185 2701 5390 17175 19148 19426 6367 7163 6343 312 8627 18028 10886 16159 3177 12305 4916 17751 11918 5240 15101 14404 6149 19344
11376 9988 6346 11652 5193 14652 9299 18254 12087 10780 4470 18343 12711 4578 12645 3124 10774 2393 497 1111 7194 5473 1095 12253 534 18912
1265 16031 13534 1518 7368 16218 8811 7253 17258 15655 10338 3098 13938 2360 19201 1207 6133 819 13995 11764 16246 19087 10385 11689 7308 14202
14619 18767 12472 2400 18159 12185 484 19598 15246 19329 6804 4384 1894 16591 10100 4814 3393 5085 19056 13214 3165 8733 11533 3736 5654 18682
8991 11570 335 2180 9241 10432 8013 19302 14023 19984 19253 14296 13382 14530 2353 13044 14712 10211 3302 6622 15112 450 8889 3434 15038 166
8865 14006 9761 8914 18240 2842 1286 11914 14188 14187 14380 19977 12999 1765 13388 6961 3049 15853 5844 11694 9518 3087 1849 12423 18932 14170
196 1912 13846 6146 18728 1397 13129 11582 16975 1129 2398 7260 15433 8374 87 13718 6790 8431 9115 19434 8844 11927 8760 9225 5420 8886
14807 15860 13185 8812 16072 12504 11276 11996 15646 11992 2371 1118 12931 481 13137 1856 7313 2994 9915 5230 18227 2616 710 76 16999 9188
14506 18837 10948 2204 9912 18942 13819 9181 18143 16368 4068 728 11978 6420 9043 10489 1244 432 6950 1002 4853 7946 12751 19559 7414 704
2393 3962 16771 14188 13296 4697 3081 12031 4423 8300 4471 8303 10741 284 11074 7671 5350 1704 15815 2800 10256 6007 15883 18772 11308 12141
4106 17490 6919 1099 6836 12133 7885 5851 17688 545 10412 11287 8326 1274 8649 6347 9085 4059 9229 12181 13358 19240 13517 18554 16793 477
12624 5809 12112 16845 16957 2312 5696 6126 12111 2160 17455 9237 1924 19949 15821 10428 7458 14023 10547 7556 16956 9099 9624 8573 19471 4089
14235 6254 8459 12745 11891 14083 5003 8193 4690 11608 17001 5934 14189 16310 9320 659 13525 19055 19363 768 334 15258 10420 7583 13871 10607
16722 13950 282 9109 3169 3500 12778 15694 16889 18925 1496 18467 4380 6546 14810 5673 1445 16180 1783 6849 13072 12321 19301 13121 5469 10600
11502 12724 2600 2787 5974 6044 3607 16824 12103 1558 10453 7398 19271 2914 10298 5054 3940 2743 13069 15831 916 1008 19476 17852 8395 16378
3334 19669 10137 9883 144 19306 18970 9027 12473 11132 3056 15126 1845 3034 1922 12772 1905 18629 7794 1636 18519 11467 10813 7653 1443 11789
16362 39 4407 966 19610 19502 16399 2304 6267 7961 19809 748 17906 2032 13108 3529 19935 9983 5356 16858 19147 14135 2977 5999 13506 10730
19757 16400 15214 2119 5262 19641 10281 1640 13116 17035 17755 13295 13325 19678 19301 11299 19455 11958 8394 14253 5605 17270 9322 15777 8393 11019
6702 2787 4464 14851 18333 7415 17380 16752 9419 14441 13812 19835 307 3167 16546 3702 16560 15456 1124 14212 1622 11905 11348 17182 10334 5812
14650 13103 17841 18344 4277 11366 7596 19084 15257 18836 14612 6327 9145 9704 12297 16674 11261 7994 15906 6393 13779 15516 1623 2806 8005 14523
13806 18929 12013 7820 19250 13604 3237 18001 6262 7873 2469 11328 4700 8975 9887 3573 5793 6394 2886 4718 15222 7530 14331 1868 2997 5466
4374 12317 5055 4600 4951 4846 5278 5648 12988 801 6767 14514 12498 6213 11886 11493 12534 9927 4059 2507 17446 13894 13561 7107 3617 14050
19067 13780 9068 3156 4204 862 3560 11363 4194 17081 10530 15928 12034 19779 11525 12477 16644 7361 10422 2144 18487 3263 171 4717 10076 19413
14854 16280 17279 17881 2092 17197 3241 4472 19776 7686 6832 16721 19370 6477 19544 4887 13124 979 16836 9143 4667 4871 4050 10532 2898 3634
13806 2807 13746 13464 3355 3958 10282 13299 8898 7673 6200 10814 8926 1502 1914 7775 4348 444 11308 9713 6521 12818 3216 11316 7148 3172
9489 4076 17219 6716 9459 13314 5985 3053 12770 3633 17424 10182 4690 7659 19415 10365 9706 7753 9075 5209 2429 15067 13147 5096 14566 10307
390 3443 16126 9929 1323 4271 18661 9617 19587 479 13017 2035 17530 11830 11901 3144 6541 8788 9162 8032 12607 6630 7063 16294 1804 13658
184 7956 754 17119 7397 17797 12593 12297 15272 7730 8487 1126 7819 661 15675 4863 2989 8833 7639 18611 9381 7947 8449 14881 1468 14509
6445 19356 11900 11472 2353 9725 1002 13142 735 13524 16713 19659 7800 3275 5559 5933 2692 11024 15377 15709 12721 1026 11207 17120 14186 4010
5426 7918 14033 4660 174 12694 9945 5771 14607 1093 5677 1134 19697 8087 14396 15261 4912 2831 8924 14585 19851 8734 16176 10645 1205 11193
13781 10514 8089 9005 988 3722 3028 6933 19855 15952 15141 5582 4490 18018 9757 16077 3435 9927 9688 14553 9116 11407 9692 6509 15272 15492
10490 2784 16691 5544 6428 5323 7828 14463 4351 6113 2150 7860 2103 5783 18106 4728 16484 19801 619 13622 5872 11426 15364 6167 2764 15940
9949 12077 7726 7522 5167 3208 357 7772 6440 19301 28 15326 8203 17635 18978 12415 2991 19378 780 11341 18968 10385 16823 6486 19546 1777
15097 2686 12123 7070 6936 15187 7213 12236 17567 312 2890 11324 11520 4665 11826 3062 3735 9909 14430 6638 5409 2876 19990 18489 781 16090
8348 19314 15969 18215 8555 4663 17941 17356 1828 11184 13897 11215 10110 345 1553 10092 12435 9220 11905 18914 3192 14745 5291 6295 1477 3809
17426 10937 6124 8359 2385 12394 12204 19164 18714 19447 15023 17642 15921 5267 16384 3101 1069 8088 6760 4748 11484 11220 15249 12326 3066 8693
4895 3254 18274 12092 15580 17578 18401 332 3513 12765 5049 12151 12897 11742 10344 1973 16881 3287 19537 18046 3385 5546 19288 6627 17348 16939
14027 11852 15779 13121 13650 4697 10205 10663 16504 13040 9247 872 3439 7510 14722 12355 12972 750 1247 6955 13702 9710 12185 12905 17850 1742
11590 5689 7785 12910 18864 12697 7972 1679 409 8961 12576 16864 14091 7912 19810 9736 14146 19086 8370 4843 14025 8585 14424 2933 3845 19496
14353 19886 9576 14250 10084 2328 12170 14841 10753 6024 5558 282 18816 173 537 3087 16460 6170 1586 8970 16016 8387 11734 11879 9851 9675
4461 11058 6374 3835 11036 18197 2942 14668 19539 8159 15570 15248 10416 16250 7109 3588 5119 4869 10158 2510 18811 8041 10193 3030 3729 11918
2815 11492 12394 13555 6990 7922 15832 9096 16768 12246 10916 17394 4711 16724 19662 16792 19358 19739 10940 1323 18136 19646 13234 3155 5922 11121
11279 5455 16875 7622 6759 13333 2538 18702 847 15462 6526 5478 7163 10593 2096 15674 1359 9040 10296 11849 15463 8696 14898 4077 11674 7361
1329 19901 15978 1665 18794 1255 17897 19513 19752 6797 7574 5791 6210 19131 8867 10307 18000 15993 10194 16536 12920 4849 251 11452 15714 16063
14178 4271 19706 6471 6077 3278 19058 18652 6959 19591 10593 4389 14341 8224 18141 5307 1204 9629 6609 15270 18104 5392 14371 7313 5461 17144
8701 6800 796 10437 6443 19666 6020 11607 326 3145 14934 15205 14949 14541 2795 11515 12737 13910 169 15468 16715 10441 1811 11678 692 6596
2743 18485 14460 2923 13419 14972 1974 14449 17440 18637 14181 17712 15745 15039 6359 4540 10644 7841 5345 7659 17782 16222 1099 7352 2177 16453
8640 1111 15071 17683 6077 18352 12102 12522 3014 4659 18663 19654 11468 10210 765 10034 14393 1041 3961 6165 3050 2703 19755 19980 15111 18624
8424 19453 19695 17292 19288 3512 1747 12094 1069 13784 13741 13395 1197 19697 14971 17756 18015 915 1341 17629 17026 15963 8097 1698 1554 3518
3465 10486 2860 7610 13712 2559 7490 7149 11017 16430 8689 19861 8587 6486 7743 12547 14040 1935 18345 15431 12287 4144 17222 2999 16275 14958
11811 13527 18150 9919 6055 19504 16582 5697 16212 10919 13467 4598 19917 15936 6591 1420 4201 5392 5309 9024 1221 9438 6000 18095 16617 14130
4261 19837 2140 9853 13037 17133 6505 5497 18468 2658 17015 10422 16340 2395 12961 19523 9605 4999 15574 9271 11630 1761 4847 17844 7943 16201
4286 19235 4345 4708 11784 7143 4132 1665 16109 360 7126 16763 10988 15759 4870 15254 18560 16108 7381 14074 10550 15035 18862 17176 1820 5725
7505 341 2022 13817 590 18540 6028 17562 13800 16404 18101 1845 10923 11179 7226 8965 11111 17268 17990 12268 18783 1544 14310 14256 18050 5395
1039 8729 14774 15258 15995 19446 18917 17088 15145 16867 4661 4910 9054 15470 17748 7868 8996 17139 12987 489 13277 10542 9429 7981 13340 3850
10840 4652 6281 6636 4665 5830 15371 669 4188 10040 11840 1460 12333 4324 5134 10080 9095 15722 11830 19048 11584 10429 15341 6212 10950 17634
13894 16263 9483 11566 6972 4270 439 8912 4343 12481 9354 3210 8345 2549 1347 6536 18150 12459 15932 18329 5871 10553 18992 16555 16922 19984
15751 13279 16688 6522 17963 11668 7898 95 3429 19353 13311 15611 1943 6700 7905 18612 4725 17095 11817 4610 4602 474 14646 12740 5463 10996
1298 14586 7284 4910 13040 7012 2451 16568 13605 5343 11613 7873 6960 13266 4324 10235 14458 16449 16082 4613 4005 18234 5005 967 4602 18609
9821 5940 1068 17128 16939 5318 16925 2798 7504 4639 13642 19792 14230 9000 19031 5615 2628 14888 10484 16827 13355 2097 13560 4740 14778 10640
10676 9008 16436 13562 8655 19260 9006 4553 18495 11169 2839 16337 857 15996 6259 11556 17232 17543 5398 4201 15110 8649 16003 10366 16766 12080
13518 12407 7439 17260 11257 5496 13030 9913 8949 3293 10604 8805 5194 6353 12388 14811 16919 1314 2864 1000 3340 2698 18436 8124 9595 19018
18040 7144 15072 19936 17000 13034 10728 6212 3910 7935 17001 5167 13339 8834 7969 6862 16986 201 14459 4043 6850 13427 12915 6177 9743 14816
8103 8574 4488 10233 17558 7831 1040 11212 2414 12975 17472 19200 12289 5645 9299 15182 610 9961 12855 14242 12870 6982 10069 13502 19030 19289
4271 11466 3457 1215 6610 18800 9404 17915 19529 5110 11422 425 12287 6319 6305 14919 15582 8601 12487 451 1081 17197 2006 10188 14551 11610
13931 12808 19687 15387 17534 9353 4821 449 13971 16802 14660 8401 609 1523 3073 11157 17609 12955 15703 5277 12442 18690 6049 15735 13061 19643
321 15726 2527 13742 13092 9580 5426 4643 1466 9559 1800 6366 11342 3342 3026 17920 13225 4107 16344 1564 2911 10286 18468 11456 1170 9001
11025 8369 9691 6004 16577 12911 6301 8632 13785 11524 9299 2284 174 14641 3876 19440 13496 12442 15833 8858 16840 11093 18952 11092 16093 6512
5054 14613 10956 7146 14822 16828 8554 12999 4174 10513 9102 6451 5460 2936 723 1222 10896 8273 5347 14405 17126 8896 4253 6715 16810 13571
19478 2551 5580 18302 4920 14086 6600 2089 5487 6248 3958 3056 10560 9575 16444 19236 18046 1996 19036 2649 2052 9448 17116 10994 2128 9034
4961 19630 11671 5353 19006 15349 11472 9577 9997 2858 10569 16814 9425 9234 9409 18459 9947 13184 537 619 12845 2370 11600 9557 12994 16399
6882 9821 13879 14899 553 18815 6198 8115 16766 11418 711 12848 18450 11150 348 8515 18529 7700 11690 2975 16983 456 4166 6449 16104 11573
8936 6196 3912 9601 2452 11385 5090 7082 18255 2120 15901 15432 12082 13487 13238 11619 7771 13708 13030 804 5853 4460 12215 1436 9285 13795
6957 3136 14014 18632 664 86 15746 9327 14699 2384 9013 4176 12551 12677 18137 15364 5687 6644 18672 14612 2947 6927 17499 15551 16926 19524
16829 4776 1477 4707 7877 5853 17527 16950 18576 15835 5993 7183 18200 15090 15012 8782 6843 15744 3847 19457 11775 15078 2845 17499 10954 12073
18353 17444 19911 18709 12823 1812 3333 7243 7872 4559 17203 8566 2577 7877 1578 1125 5434 8509 4365 2290 121 15708 4777 2862 7161 2381
12601 12377 630 13455 11529 6385 19828 4703 6587 18590 25 8059 19570 4280 17449 6003 12992 19630 219 960 2569 13693 19748 16506 501 4910
13621 18914 572 11594 17813 1163 160 9279 15893 7696 13697 8587 5238 2862 15463 538 10142 2926 19813 19165 2275 6665 2819 3410 10246 15011
2622 10669 10469 4265 12081 16346 8569 13299 19989 4347 16780 8300 4076 10016 4760 7678 9846 2099 744 3901 11425 736 19098 14878 7552 19100
11235 15563 13989 19999 7937 14057 17172 8202 13601 15632 6868 3107 4042 12852 13907 16348 19627 6357 9955 10361 7343 6995 10062 17671 6863 3537
5481 5863 10626 7217 15272 1265 4769 1344 17950 18006 15662 12730 13162 356 19711 19961 6492 1588 8922 19478 17965 5977 14673 4535 13753 16672
7071 19881 1400 13384 3597 13670 3764 5784 16058 14274 16484 18437 4566 5136 16648 18931 16230 19437 15650 8489 4197 1852 4994 560 3812 6205
14459 962 19016 10087 13529 9575 18494 4040 6143 5297 7552 10213 994 5465 7476 7580 17794 435 8548 15841 12822 16711 5335 12811 2181 4097
3468 12933 4550 1039 14488 5802 16656 17830 6085 10057 19589 8503 11883 19038 19996 7094 5115 13199 1611 8079 19679 1772 3344 528 322 6736
1969 16897 13226 14121 8377 10976 14522 1036 5342 14887 10252 18944 18604 9480 2636 6539 14784 19551 8203 9738 16328 63 9289 5945 10582 2327
13290 19556 334 16713 6767 17584 12526 19571 8787 14575 11827 15026 5608 16326 17514 6783 12119 18367 946 11498 2156 11709 18607 14120 14378 16171
10444 15687 12055 6865 11634 4984 9928 9398 11887 2666 3785 2236 19972 13282 7136 14739 11732 17091 16946 11520 11910 4407 17653 9425 15308 8884
15222 9872 10599 10007 14001 1680 7721 2091 4649 18654 16306 17863 14525 13892 15690 12450 425 12738 15137 2000 6631 3100 2968 11439 3190 8175
18994 6357 6084 14643 8947 6870 11703 8322 6534 15682 12117 2365 13183 14009 12124 15615 3613 4453 17947 19178 6636 13897 7379 8445 2768 17611
6292 12345 13074 12850 12706 9710 2122 8828 11897 8658 15537 12196 13606 10163 3559 19835 5236 39 18737 15811 9758 16390 16780 10181 8606 18319
4081 6115 1901 2141 2153 3249 7971 12869 62 1806 13737 11192 7078 6842 171 15492 17033 6219 4522 4740 4406 10467 8640 8425 3102 3383
2069 12667 4430 1944 9886 8914 18919 30 10134 6312 19776 19938 15605 1242 14365 12392 9564 12589 400 2618 17794 18780 11378 11482 16243 2518
15861 19976 8367 412 5570 4769 2799 9617 7196 1385 1252 1093 14816 18247 2476 3736 15209 11476 12385 10886 11034 4261 11944 11079 4047 1935
13658 18354 2513 5512 19604 6694 12799 10633 2210 804 5262 5410 19094 18321 8263 12321 5694 16816 12844 5907 123 6051 1059 7950 11312 17888
4399 4869 2235 1609 15958 1701 9485 1546 13842 7908 15984 18626 13638 10772 12847 3631 9331 11100 17524 2331 10432 15776 7584 18465 8723 10457
18073 8561 245 4865 11403 13949 14683 8385 9878 13609 19791 14279 19435 15876 6280 18792 17791 9219 193 11958 15851 12644 19777 8749 10485 619
18535 1116 10677 1249 6817 14606 6342 10916 12439 10782 7221 2608 15464 14303 17426 6109 12525 8074 7721 9808 9658 2369 17642 17118 4066 3851
13855 11600 15868 10915 8291 7430 6417 12577 13540 2645 1746 18479 12465 5525 1787 13563 7856 12099 17116 10404 7795 12508 9554 13634 8769 15211
17263 4805 3059 18693 2617 18850 14507 15574 5625 13636 18281 15481 2559 5547 9539 16840 1970 14813 3101 3877 18168 13370 5675 19196 17804 5083
14724 12654 8561 5359 5993 5115 12055 18185 19 7396 9626 13680 15137 593 3561 6785 13867 8519 13354 11636 18855 3716 6955 16591 6304 6167
12402 16722 9951 12455 13670 9791 19078 3661 14856 4885 601 9136 3483 16663 197 10608 19230 14647 1830 10205 19345 19814 6423 7 8754 17307
2441 9503 8991 18184 16277 2685 3990 4700 12834 8992 7567 6125 11878 5106 14691 8266 9683 11153 545 4490 18740 15862 1462 16862 3088 6891
2855 17063 9937 9933 15158 19466 7962 8573 15764 18274 14272 16034 1431 10317 9421 15206 1578 757 13287 17897 9089 15289 12988 9075 9990 2732
417 8415 2614 9305 8390 14424 2211 5151 19499 12682 15317 3776 16151 9740 8353 9725 4417 1189 14645 8249 11751 1666 19592 9811 3625 16997
10278 19882 5972 9761 7350 1878 15527 5813 15041 16919 3013 7238 16112 14607 5814 15315 3344 10611 9480 2681 460 5287 12213 12306 3847 8869
18456 1678 7480 16744 2353 578 16554 10565 11764 502 16674 11522 4528 11187 11930 15133 18520 9293 6522 3904 3789 17873 11058 18397 15810 2515
9783 6269 750 12481 9134 14624 12007 14080 2442 10573 8931 13534 16945 1729 2598 15609 12326 7601 4392 19000 16753 2632 10087 12183 16970 5005
16325 19540 4712 10098 12870 10767 19267 13864 15691 15280 7385 5126 1488 15976 4337 7198 3935 15301 7741 4280 10609 6123 15546 5390 11626 6474
19131 11123 12897 10855 11467 12272 443 18462 19574 2609 19645 3714 3637 9359 13807 10539 6877 3458 2675 18681 829 9838 2323 4391 15727 10286
11322 18781 4960 1382 13023 11256 10314 18207 1579 9199 9224 11153 8446 14863 8879 15316 2521 3876 637 12711 8140 8708 19981 19191 13731 3607
965 9666 294 15785 7889 1246 13269 6170 9841 1972 11380 14211 1017 19044 18635 14341 7238 5328 3505 12593 5268 5035 9477 3051 7290 1852
7482 14232 7664 7832 6397 8388 13368 18225 15858 6135 5437 16574 14795 5793 14910 14012 15081 8766 17115 6195 2379 8338 3416 5566 4190 10049
19280 1436 7113 5483 12038 14282 17252 15176 8966 14775 8669 16158 5367 6196 7589 8751 4953 17334 15060 4190 17008 10071 11150 18462 2899 13921
17580 7973 13690 17960 14171 11697 14224 18374 8966 4121 17923 12308 12587 8647 13568 2665 17235 12946 1155 13803 725 10964 9347 17421 18572 19576
10835 7104 16096 16363 852 10960 9673 7876 4965 5540 4379 14533 4397 17549 2574 16331 6309 15887 18275 3770 13206 10886 19555 9283 2407 18251
206 4258 9485 3002 1782 8929 18112 8162 13933 12989 16107 15328 7600 2302 17213 19921 12011 13117 12918 9896 11170 14803 5752 3322 584 14050
19157 17456 5422 11303 6773 12513 11516 1740 2651 873 2012 14152 16022 16459 10600 2620 17272 596 19810 17468 13766 17603 11344 14442 19368 7789
16774 11273 14398 15379 14564 17555 18783 17333 14854 15285 14067 6077 1819 3190 6971 11166 12345 9810 2415 16285 2515 5601 18580 8017 17230 18998
9514 5231 14224 3405 184 14411 7941 19060 7009 4378 15658 16050 4045 12849 9397 8554 10089 10529 9493 6865 7205 15872 10905 12017 4517 8760
9146 9514 9706 10 18301 7809 2308 99 11644 4115 249 16238 5288 17789 13807 3020 18291 2500 18779 13212 3817 5838 12983 1437 10753 13892
8804 11167 696 17815 6871 18619 18200 8420 13712 304 17647 5151 1700 6367 2782 15061 4472 18346 5394 19019 16296 12069 4108 4275 7765 12746
9707 9508 10487 18652 15909 8669 2505 16793 2462 15551 18686 4813 11058 17995 11353 13302 756 1598 5700 14728 10685 15710 19269 2236 2633 2816
9895 5102 9530 9914 15644 16 19638 5890 12850 10786 5595 14196 11640 9188 8491 9309 3542 8682 4081 9873 15395 5269 9321 9469 9059 1525
17163 1606 12895 13344 4176 4604 17240 18863 7878 10877 3839 8087 2045 10616 16112 15246 6127 8436 19486 18554 13180 17423 18502 13733 9961 10868
12924 6453 4144 13501 2583 12045 8550 6809 7032 9451 1521 13627 18567 13560 17904 9754 5920 10570 13068 19513 11585 10415 14281 17491 379 2735
15401 9028 4539 17445 18530 15591 2740 18550 2173 14609 8885 2897 9235 16750 15165 16089 5369 16461 449 9281 9995 7575 8120 2719 12343 10454
8634 13439 8033 270 18517 18964 11087 3963 18763 620 4299 13972 15387 14938 13110 7750 5837 14282 18782 11343 17027 9704 1799 1708 19914 15006
10782 14806 10906 19053 14238 14084 11599 15270 1400 12598 10105 8540 14015 16525 6042 2036 4483 3746 15340 3817 7296 4124 18299 9231 3536 2721
4315 9473 6708 10622 9672 10701 3483 11230 9138 19042 19135 11056 11975 11070 3302 14683 1800 12485 10177 13667 3550 9309 1350 16543 18151 8057
5823 6405 2086 15443 3090 18950 2622 12296 18221 13792 19942 5012 1010 2898 4668 10145 18535 9481 16734 15037 16289 17357 15969 17382 4996 13250
2192 8995 17541 6380 11974 10351 12918 12220 1229 10782 3054 4598 11866 13646 7837 19729 17109 1171 1741 9158 2178 12872 17337 10460 10733 14341
18924 4806 10487 14148 7615 14447 18904 3077 17778 12310 6666 16278 4330 238 8336 3456 11785 11492 15712 1087 7332 14769 5827 19087 12210 19168
17741 6440 478 7277 1431 18049 14599 15295 5744 8921 12471 10557 13687 12262 5428 7973 10128 2172 2604 2889 10274 4744 1429 12316 14397 12361
2747 10460 19843 546 13817 12223 4026 3218 9957 5881 4142 6764 4250 14017 7958 11311 18387 8526 11396 1151 4623 18259 14146 18283 10757 14649
14476 19825 8257 10084 15017 19199 3098 8925 17793 22 14975 16798 15262 11046 8293 11552 3369 12093 4472 11511 14629 3875 1764 18213 8878 3945
2769 11004 11666 18265 15867 2493 14777 7922 18761 1370 16851 5751 9900 16932 11628 3266 16108 17807 8344 14148 6410 8562 3391 18753 14622 14560
14280 14975 3453 12584 9284 564 17785 16715 7342 11359 14314 16086 7211 7143 12061 13592 11421 4647 10201 13265 6166 16638 9933 19721 5266 4911
13488 16819 14988 10426 4172 17741 18025 6197 2412 3104 12907 1221 16534 3712 15152 5956 18224 19908 6354 16306 13928 13483 19643 8375 14062 9873
4411 11092 9974 6183 5602 7376 383 19182 4131 4435 10726 9399 18999 8019 7335 17828 7615 12787 10680 15947 689 6789 5526 9441 4853 8373
1513 6557 10472 8269 9319 10885 1936 11835 2976 6539 18710 16475 3051 3664 12537 13757 17699 18286 16500 18105 14508 161 3070 4114 4009 9383
4760 19973 18242 9980 647 9175 8797 19931 13970 7379 5652 930 14697 3026 19728 18875 255 12183 329 5963 9482 19011 6776 3417 854 10417
1473 17643 6791 1645 8166 13674 1971 4766 1000 1304 17024 2945 18715 8185 6774 5646 17503 13534 5787 15010 1445 10190 3734 6319 15581 15648
1899 19480 3603 16428 3803 10725 5189 18856 14008 17467 8798 8934 8328 735 17821 14877 13623 2535 19065 10739 3036 8920 801 1000 461 7998
12592 7494 17883 7584 4468 17581 5472 6549 16177 17780 14374 10169 14837 18901 6717 10861 4539 19469 17836 5351 15013 7603 3310 19637 14645 14704
8410 4924 8233 16814 7512 18508 731 3160 9165 19122 19063 15554 8953 1412 177 19648 2935 18829 16076 14807 2329 16412 9786 11786 16461 8230
19430 4072 2964 14275 13396 15193 389 6025 16993 9921 11229 13433 18647 6764 11024 9025 9887 6120 7407 3354 8931 15443 2952 9503 5710 5079
3915 8477 671 9798 14399 12885 11288 13998 12081 14938 4981 9363 14842 13226 4932 7588 69 13960 3408 9236 4275 7743 1080 7932 15916 7302
17809 19897 1376 19443 12834 19820 10943 18691 14357 10822 9567 4149 2375 14829 5283 6375 758 12853 19391 7279 5914 11096 13276 6960 16626 3975
4852 15912 9553 9781 6161 5188 8437 9916 11966 12918 2701 1312 14497 9745 18599 19772 7087 2846 13349 2945 1998 1979 11717 1836 2523 15388
3421 3904 16266 15955 7621 19154 1532 959 12581 16774 19709 3116 6450 5291 9803 794 11911 19541 6578 1810 607 7021 18519 10874 8924 4072
16069 18635 18198 9486 896 19716 3334 11947 14263 2735 11062 1168 426 11091 12657 11964 8255 16638 13082 16242 15304 16300 10014 14809 10193 5532
10025 13188 1250 12740 3281 18346 19962 16534 17500 7288 15535 11868 16448 11053 7120 13250 1814 19807 15597 16784 17548 14671 2173 12745 12972 17180
3522 1301 13286 8545 18267 3347 14939 14983 18101 8821 1683 6697 19548 8227 872 11402 19249 11040 1270 4500 15507 14639 17239 5010 8300 7602
17920 10230 17826 14742 2634 7212 11555 136 2282 6143 4138 6271 13639 4191 2904 16540 10916 17192 17345 8812 15250 10994 7212 10573 7232 4534
11940 6333 14866 9005 12552 11626 11179 18374 1762 4337 12146 16651 14234 7777 16605 14723 11851 16795 1213 5635 13160 13619 17393 18186 12699 19319
16916 17707 18506 15403 13902 16715 14042 8170 16260 2727 13744 16034 18068 5305 9571 7476 16395 6445 8304 9197 8232 10295 5567 16225 3483 539
7292 9872 529 5681 909 7717 1077 8017 6346 11141 14400 5298 6493 2247 12106 1947 15646 16834 16389 7214 13539 10804 11665 3575 18650 18909
18697 9912 7399 13912 17084 11011 5286 18255 9511 3826 5722 4686 2170 5337 5163 4823 9679 10360 15536 11164 3313 15037 12344 11236 13161 8812
8686 19290 16981 4187 10451 18617 2597 4448 10656 17786 13709 14550 8997 9786 5770 11705 1483 11402 14982 10953 10472 10342 19594 2874 3404 12070
3771 7534 15398 15542 17868 3799 1675 4634 12334 6109 11731 16709 18114 2905 11035 9436 11621 14833 5546 9384 6725 19468 2146 9103 5657 10922
2636 3363 3465 2354 7862 17017 19818 17170 15643 6901 14685 14296 12977 14777 8387 7262 15054 1155 14978 12534 5309 3244 13229 15284 9279 7670
9326 12797 14942 3527 6651 16717 9242 1484 18136 7291 9215 12261 12649 1227 16518 1284 2049 13651 16430 5367 18188 2218 4421 9823 5429 13648
18539 15555 1517 5916 19498 18037 17018 13194 16507 16751 14808 5401 8551 6593 15067 6967 13596 1688 11747 1156 10613 3492 5880 16549 7903 773
13336 13589 6489 2482 3457 15395 1031 12976 4593 7971 14414 9425 11247 11731 18372 6560 14744 17876 7027 9989 19218 11922 17494 18440 4716 2442
16362 8062 2060 956 3127 8241 16635 13803 15656 18491 1033 11192 6071 8923 13322 6239 16327 12594 5226 2517 4491 1529 7551 18507 6433 4898
19320 16432 3581 4408 5703 7885 7839 9796 4596 4046 5589 19431 10733 7987 16595 2185 10572 17587 3273 15417 6669 14281 18715 16200 15119 16808
500 14658 15713 13653 7118 1864 18911 12363 12990 753 3082 15866 17636 18861 3053 4355 9450 11425 4916 15781 13527 18758 19571 5527 2537 5116
2054 3223 1406 17152 10521 8177 8720 11616 6616 4192 873 608 3900 6705 2442 14076 18185 14922 1943 10640 12441 17910 14434 1781 3605 14830
9642 8864 11841 15632 6468 14451 7843 3560 11386 12894 9704 8922 13214 392 7912 7121 13452 3990 600 10426 14685 4675 10753 18909 1362 7686
318 9737 17751 9631 1230 1623 9076 16722 14279 19160 3516 2865 16180 19101 7465 13805 15527 876 15218 14390 7980 18315 18866 8277 12736 17631
3534 18605 11752 6101 7215 4330 6581 12052 55 17670 15400 14202 12716 13566 8634 11398 8350 10700 10461 12183 1933 2088 14489 19047 19586 19227
9468 3586 5872 10907 14270 1653 5940 12439 19660 13376 17662 6571 13023 1571 11603 10792 15989 13950 19825 15782 9842 2011 18803 7639 15507 19949
14511 766 7268 19123 18005 1727 4391 14550 2881 12148 11661 4704 16232 7159 3567 10863 4088 18665 6492 2431 5184 10999 12004 6660 17171 13814
17020 14582 9763 18706 18844 14146 6529 2052 12504 9434 11355 13236 4957 6559 8523 15315 7174 2654 6054 12408 3642 15107 9521 16819 13910 15193
19414 6437 3569 3470 10966 6792 14592 12659 15212 16228 7018 2151 15041 17235 19769 2248 8702 19948 4212 4377 6954 7186 14416 989 10311 10224
4576 7465 5122 11786 1346 8047 13162 16955 8220 13989 2941 1896 2198 17583 11989 4875 10390 14116 14465 6516 19939 7363 14224 19423 9295 3424
2155 5459 19874 17036 4663 12398 3951 19150 10694 17570 9472 16377 8324 5036 6638 4077 15972 5407 16859 5523 8445 3142 8659 4084 5746 15472
10646 5440 11572 1795 1668 14626 11411 5006 7548 10896 4783 7820 4409 9025 19301 17833 9453 2554 18407 18104 15958 13636 10422 7113 11994 353
18020 3782 6376 2299 15721 19486 8195 5787 19220 19673 3467 8689 3375 4996 7274 12699 8820 1294 6192 3507 16831 9196 1214 10765 1008 19086
5106 7462 14526 12210 18015 13694 1740 18513 19662 15397 956 13010 16967 3472 7023 6954 11786 121 17966 2502 4957 5466 13884 15427 7505 17381
15520 1745 4405 5233 12722 16063 9926 9439 16936 5782 12823 19929 14653 14451 19052 10688 8561 19606 11698 17131 13578 16418 3974 10694 7289 2118
17933 4983 16943 11019 12420 6034 18270 13516 7631 17257 17978 15536 8819 18646 10193 10770 2489 8088 6187 5598 6964 13165 6419 12357 16144 15198
15010 2165 6268 11120 7014 3485 3346 7614 9636 1372 17381 8552 1021 17611 12268 3556 17979 14007 4115 19222 370 6633 5170 7347 12321 3248
3104 586 1805 19 1937 5729 11685 2882 1503 2977 15146 16219 16159 14348 8158 11801 2305 2940 6193 6431 19993 723 5620 12265 1872 15971
19304 5488 15885 11505 17333 14753 2572 13895 19435 19071 19596 16549 460 9027 7742 15275 9652 13176 12656 19049 14596 17412 5035 2356 18064 15890
18022 7928 8 7373 15947 14238 13804 9172 13553 4771 9069 12949 2005 325 6169 9567 17003 18202 18861 7799 8459 15665 1986 19966 18685 14775
5871 9599 8796 11502 6169 13704 2546 7984 15250 13954 670 15770 7672 10262 11065 19269 13446 18356 1565 8664 13272 18580 14621 11330 17083 1309
9478 3156 13239 11933 8435 16962 5949 7414 3454 19580 5426 10401 14561 5049 11470 16364 10462 7417 9494 5978 11363 9513 2457 200 245 4035
1119 12676 4232 374 18224 19290 7755 18171 13367 14489 3040 15568 7607 7821 17627 11401 8360 6958 17482 17230 15852 8020 11867 4821 16041 8226
5048 18529 12248 8391 8764 11234 14293 5389 18248 2630 19379 1000 14744 1677 5774 7965 17193 17542 15901 10651 1157 7935 8302 80 16501 1910
11116 12899 2204 12145 5522 10141 8409 16228 15408 15250 6100 4897 17620 18487 7273 779 5390 19636 2597 10853 18741 8871 8499 15716 14843 12037
4512 2296 19018 5863 13576 8110 3095 3925 7850 12073 700 10627 1105 5879 987 15952 1672 2403 1865 6710 11690 7367 5682 979 4708 10558
10515 10729 2839 8630 13388 4448 5979 1490 11547 9868 2824 14690 4922 10928 15208 14480 15833 19234 5849 4511 10682 9071 14828 6022 15049 13066
9918 17716 12175 18526 11437 14025 8886 11260 5832 933 6391 8548 16296 14418 18586 6961 3059 7835 12322 15295 12157 16384 2928 10496 2461 19446
171 8460 16562 9062 675 7291 10924 17863 11513 19411 17643 7175 8470 13436 3060 5287 4861 19652 9766 187 19736 1230 15630 14808 3274 257
2006 3695 9164 19689 15819 13 13805 18006 11520 9504 9069 5072 19502 7263 3977 12182 2556 4787 17124 15620 4138 3479 18721 19343 16074 6369
5381 10805 16455 13524 2330 19927 3949 4978 8022 19075 15804 17421 19282 15857 293 4909 13336 2311 16598 18764 9494 2733 16166 19671 4057 5558
3683 14970 3015 16928 12962 10173 10345 8004 9246 18253 17082 11593 3068 4537 9152 1819 15350 5903 4233 19518 19737 2751 10066 6088 6507 5866
10293 15437 15585 6521 13749 8642 11586 12890 779 8883 12104 7406 9688 9891 18240 19266 2001 17755 12971 338 19512 12393 2040 18825 13664 1858
19732 16319 13762 7181 13019 19807 12525 13466 14763 7727 19685 237 18993 6887 1648 12642 16806 1391 8786 11067 8602 15914 7412 14665 4812 14425
4422 9433 5974 16845 7585 19780 17533 589 8853 9327 377 4158 10008 1840 9877 14294 1705 2248 896 12976 17509 7181 4634 6607 18889 9727
1059 12216 4731 9995 17722 2743 17254 14833 9831 9390 13037 10825 249 17272 7923 1795 12729 3064 10555 6474 7961 6 4107 6363 6859 18907
4682 10173 3918 9018 7422 8762 2157 14760 8555 3055 4323 4578 8224 14918 882 5327 13885 560 9753 18036 3492 12021 19269 18727 12994 1565
2100 6398 409 5341 10020 6656 14073 7307 15294 3822 11363 14471 1964 14472 17709 10905 262 18697 14723 18513 15659 8255 16870 5543 9985 5826
16407 11974 11180 13235 9991 14944 4082 14510 339 14569 13568 198 1303 14954 3554 16008 12467 165 15146 13756 17375 2091 5391 19740 8429 570
17942 3407 18730 2735 2865 19975 2601 944 19289 4962 3733 18867 12039 12016 640 3769 16205 12810 5956 18554 10729 4436 12340 13760 10447 9683
14917 14665 745 4109 10814 11028 1664 15493 19061 6509 15279 2502 14938 12628 5023 17607 16854 5621 1494 5439 689 4633 10049 3344 3413 17132
18436 18574 10760 10628 4760 10763 15459 2573 15653 12280 2078 7822 15304 2637 6488 4031 4977 8815 15962 1836 5899 11986 4271 3345 18276 9129
4252 19387 14521 18914 19783 7639 2994 7526 16758 3472 8007 6777 5905 10408 7781 7171 5999 15161 3884 6130 945 8064 1317 1199 16783 14594
13199 12615 7413 5820 16797 2925 11044 4873 3979 17683 7206 1677 7072 16623 8028 10371 19604 14122 6040 2752 10906 15264 7992 16006 11130 8313
5109 5842 15364 9838 3196 18869 3778 9214 18238 17690 12018 2639 6495 11704 17557 5807 11174 1862 19266 6109 9862 3438 11943 16451 8595 7727
9244 7595 2189 11004 19094 7684 4842 9694 5018 18120 1742 4102 18573 15016 4746 9495 11143 11011 2869 9155 4991 19520 6477 4494 6636 242
14086 2276 18883 17009 1580 15358 2300 13475 4746 4259 11933 5275 2955 8751 9859 14374 532 11431 14567 7291 15310 5329 8723 1174 8604 15798
7381 16105 5480 8831 2152 3495 19842 19141 19565 16180 8620 19128 14273 7645 11487 19487 17692 341 5611 16408 1248 15654 10643 3462 316 5439
493 18970 16618 17084 17895 19716 13211 16745 4193 5390 16027 12289 1759 4497 10272 8253 18175 2161 1526 728 18524 3131 19651 16154 1382 4637
14303 269 7889 15457 3707 8886 8398 757 8973 18350 13944 18351 15936 8593 3573 12974 3839 8332 11072 12861 7148 2345 916 11326 7398 3027
7612 9427 16936 19599 15620 6224 4590 5026 13501 8332 15256 1700 8604 13441 8916 6507 19989 10736 9685 9724 6321 617 8215 8545 3851 15866
19603 5242 5716 1937 10743 8500 16084 19876 17152 11364 15635 1801 510 6478 17006 9243 6028 14313 7912 18087 12260 542 14418 18734 12841 2204
16119 11752 14947 7595 1842 14538 5156 1682 7078 15095 7236 4991 5628 10536 5767 8335 13565 4462 7207 157 6104 12012 1268 9111 224 10921
19370 12459 17272 17379 4351 16921 16289 11405 3262 15593 19721 17051 9248 1536 7183 19819 4298 3095 16892 18943 14747 14476 5262 10580 2308 15606
7374 1359 9987 2151 9352 4640 19751 10488 15061 9210 7143 16394 13582 16028 6375 1121 2267 3676 18969 13445 8776 19104 15625 5315 1324 3705
1588 9880 14176 13185 2836 9763 12668 9608 5190 17221 10445 2899 6146 4709 11759 9990 17228 10819 17628 13281 5426 5740 2768 10362 1397 19229
11535 4795 8376 10013 1134 14856 5644 18482 7856 3141 10164 14269 9559 14933 696 4511 9702 16734 1254 7784 16527 3362 6818 2360 4356 4245
3288 13741 14060 8810 18366 15582 7107 18475 7689 6599 11399 10538 6247 16755 12736 7398 9487 8470 7448 18059 10333 19761 14108 9823 10409 9968
9126 18627 2361 767 6787 9390 511 3354 17364 14831 8851 18436 12193 9968 10189 3156 12974 2689 10343 6842 1958 9230 18254 6204 3275 18187
9501 15163 14056 15613 6442 19397 2418 3091 4262 12637 477 2284 1080 11918 19739 3499 7097 14016 5775 11453 18448 14937 6947 18972 13495 1349
18359 8242 15537 17851 9934 10851 12365 193 17265 4692 3601 1984 1072 14106 5166 2652 17494 14353 10171 362 11844 9119 762 6259 3202 13054
14987 3838 7002 13186 11666 11011 7942 11334 12365 14735 9782 16954 8037 6728 2236 7605 15559 17792 11904 8061 7227 4750 6567 14279 18086 1693
18605 4346 9350 4405 10303 5608 18447 17345 13911 9424 4126 14790 18187 13759 4328 10447 8360 19076 8352 17246 18599 15689 2693 8248 18687 804
16627 11558 5184 5927 17990 15377 15019 11834 17232 7260 14127 6958 4785 2876 12529 16593 833 2234 5845 11901 6972 15053 19008 2727 8203 2253
19640 8994 2693 13816 9314 11290 4411 10088 3432 6264 8160 16219 4836 2723 19989 18324 6409 12713 18732 14762 8025 6543 4482 11223 1067 7702
10327 16841 3347 11594 8283 11438 10555 18318 7976 8015 15973 17251 17844 12838 1636 7203 8595 17866 791 9600 7686 11960 7982 18976 13389 5578
16184 13205 274 7955 3631 13775 6977 9992 13275 2913 5758 19 2774 1397 11747 12565 3022 15365 6273 6116 14033 8334 15271 19737 19829 10890
11537 17949 5336 452 8118 8913 14840 15771 5177 18933 12730 10584 1285 2906 536 3874 19867 18339 5125 945 9422 9406 3172 17389 1903 5658
12208 3063 13345 9985 14974 14371 6880 17642 1579 17286 18274 14690 15006 5484 10246 7836 4160 7014 6963 8518 15470 16121 13166 1245 5937 19970
6016 11188 13089 15836 18439 15789 18467 1680 12663 5392 254 9959 17999 10466 10214 11709 3784 4699 12692 16155 13631 12160 17020 6202 1240 16931
11260 15019 1137 2328 3416 4274 7621 18784 10162 13605 19057 4987 5589 9162 12368 2636 4626 7006 18603 2287 16687 9047 16594 6401 543 18830
17587 15299 18434 4156 18104 9641 12818 11270 1841 1140 15093 2821 3293 8242 13511 9838 1514 106 10501 7520 5853 16728 14124 6838 2682 5145
19069 16236 15294 3278 18211 16566 15074 3455 6088 7183 15424 6506 371 9819 5098 3848 15783 999 6321 842 7615 14092 625 7655 7661 5224
3107 4658 15322 17657 3534 18782 15643 5847 11492 6480 14605 2261 16161 9081 9640 17943 18607 6505 213 6167 2289 11191 8942 1556 6688 339
19827 13704 14752 2502 15003 17113 16877 18770 13624 11950 11174 5785 10125 4733 19003 6668 12464 8409 10261 4828 12240 2840 4670 12567 17646 16597
13451 19938 7792 4290 14892 11070 18267 4990 5780 4906 15546 7909 6382 16329 16251 17742 7846 6695 14186 9248 11287 3142 12688 14715 4657 14341
13060 1389 6022 10569 11605 18539 10750 8862 8790 19688 6430 7830 1300 12983 4303 9996 18463 3021 11716 4734 1531 14670 3625 1915 18807 5853
14788 19208 4473 12579 18157 12453 11202 16622 8133 16312 390 10315 16256 10795 6579 10012 16747 19480 8437 9802 11665 4965 10459 4744 10363 7426
12501 5489 16289 8308 12437 7108 2920 13219 1512 1969 2680 13206 16746 5541 11606 12753 2869 17919 2022 709 8289 5267 11544 13285 14988 8419
3323 8935 13161 18224 14279 3694 913 18165 6906 5316 6328 5954 16662 17442 4047 16574 6503 1940 4965 11231 4411 5659 14300 2053 2864 9626
1418 17871 6143 16845 3803 4367 11127 11143 9660 2006 4156 8592 14008 6796 10566 3321 5997 3064 5945 14829 15433 12226 3817 4498 9152 925
1664 1936 5231 13929 15124 15030 19543 19324 17743 5904 18818 4467 18930 19703 15478 12254 4010 15392 19173 12480 13995 13319 5857 2813 17731 3983
7672 15991 4702 4706 17612 5065 2402 5710 7125 5847 13949 8935 7200 12405 17517 214 5453 12798 8997 6063 18980 9564 9982 1474 16334 5766
10548 6112 18136 2764 12316 2844 7564 13640 15625 14272 7635 16630 2686 18020 19903 3718 18357 12926 17610 12224 7514 10993 19338 14036 7405 8031
4757 19350 12073 2764 13127 10683 2376 2725 14859 4277 16513 222 1673 13403 13331 17822 6742 15357 2843 4839 16499 9677 3580 10242 17327 17211
3219 472 4498 6969 9849 12012 17385 2735 17594 17203 6633 17597 11636 3583 3869 10724 12752 19798 174 659 18720 18173 3510 9010 6076 4775
352 11362 765 2807 11983 1802 4066 2932 2930 4815 6601 7881 18864 2953 14166 16804 9896 8270 19933 1890 11521 18903 386 6234 19171 4920
5563 352 13574 16546 11301 18941 4827 8932 14072 10976 5304 9922 3698 9588 14911 16784 679 12775 19917 6110 15239 1736 18354 7884 5205 9204
7520 8515 8315 1507 2110 7919 14979 8152 8485 16437 5467 1886 6025 12977 5422 2530 18618 649 2074 3231 19207 16174 15593 19800 11821 19845
14668 15886 11773 6987 11090 2197 6039 4728 18137 6270 9532 19279 10905 10242 2298 18173 6363 7977 270 17708 16311 557 13795 2217 19290 12453
15156 12601 17030 9469 8762 14038 15722 5785 15701 10497 2784 11374 7528 2411 61 11101 9898 18536 5381 13724 12096 9972 17309 11653 13312 5201
14665 12929 4205 13307 18673 7530 1766 2229 10921 16374 1562 13056 3252 18648 6129 18187 16925 11217 7233 12765 3657 19419 6365 17752 11082 7266
17382 1265 14660 12939 17137 11424 5840 12548 13598 2730 1721 17865 19866 1116 49 9243 10122 15985 1602 10308 14631 17644 5488 8933 5440 1127
5367 185 8297 1413 12984 6511 7131 16190 17973 19774 8215 2174 12507 13034 7550 18596 5486 13844 17224 3277 592 17093 6633 2449 5674 11222
4108 6442 1529 6268 12210 19814 10315 6111 19113 14367 10059 218 6014 13160 4524 8288 18886 11416 10844 5488 3472 3466 8333 930 12138 8785
1334 12483 8715 308 11730 4031 3687 14313 9649 9118 6639 11633 10838 690 4747 10254 18992 1722 7978 2765 11309 2302 6038 18575 6485 8034
6247 8908 7231 12573 7213 13478 14976 10453 8563 206 2850 17783 16319 2593 10158 7903 15159 17973 18365 3219 4960 6273 7285 16153 19941 16942
4684 13551 15610 4510 103 17361 6176 395 9895 17666 9387 15213 4334 4957 16248 7771 7724 17384 19052 2006 10508 6187 12256 4414 3266 17779
13328 19775 17426 7645 12733 9444 10120 2594 19215 5615 14110 4186 1490 1715 4191 8036 7688 14152 1612 1024 19698 2605 17053 11990 13823 576
9187 1732 2519 657 3340 11461 17529 19226 5980 5812 15237 1116 13276 14997 18321 154 2251 1461 10814 17619 12091 14975 12037 1967 3620 7134
12264 10810 14345 19436 17076 3345 5827 13074 16971 17898 14374 18753 14971 5674 14795 10197 19746 11059 14949 17125 2563 11224 16149 5073 5798 11015
12178 14111 10417 3996 5656 10523 16966 13892 9448 6087 12247 4471 3824 3664 15011 14059 17208 13658 12682 10046 9566 11403 11986 16488 6216 16340
14967 2735 4087 2863 13093 1156 9753 3299 14993 2590 15168 8308 9229 16323 19034 4335 15496 14415 1293 9988 17304 9189 19859 17149 9344 11991
6356 8098 10540 13339 9500 16748 6891 4866 13239 12259 16213 6801 2818 4235 8950 3657 7150 9155 3719 14918 664 16878 12440 12421 19228 544
18512 10735 2979 9247 11991 13993 19494 7478 9792 7575 15926 17371 2087 859 1081 10363 9551 283 6434 6972 14351 14591 19152 2990 6848 15658
1896 6051 11994 18789 9224 8756 11979 6782 9472 13251 7304 8437 1305 6201 1613 18240 1724 10039 18782 15515 306 14520 3853 4760 17909 12172
7167 10229 14411 17840 10383 14025 4578 7577 9478 1714 12982 7745 11132 1187 18887 13419 11119 3538 9185 13983 13081 5759 2231 16097 8221 11596
12620 6375 18357 17443 14243 3367 19471 2369 12150 4363 16091 6603 11729 16712 12031 191 3052 7077 6059 17446 11709 1478 18667 16106 17364 14359
3793 5189 4179 2389 10821 4558 2517 2245 11108 9146 19794 16666 11489 2130 8953 5291 5475 7099 4504 2119 1969 14675 2720 2504 10539 16876
6566 7984 1208 11652 14405 7987 8353 19193 18523 4370 959 6727 19283 18892 2126 1303 16714 17121 1181 3140 18476 14746 11699 3612 14087 2290
14477 9959 13729 9756 6197 2391 7205 6370 15893 3103 10195 6579 3113 5134 16760 16896 10339 17187 4987 1103 2401 19786 1054 19401 15038 10525
13145 16030 19169 19513 12398 13506 7046 14266 12994 12807 42 9081 6047 7313 4892 18503 16822 6508 2465 18197 17144 9734 18702 3802 7806 19295
3211 16997 2206 7230 8151 12351 255 8453 15948 13896 14174 18372 16571 8999 2059 16780 15072 17761 3964 9237 11424 14026 8140 16229 4312 9960
16415 16286 10894 15655 13764 9320 13777 2852 16658 18293 10448 11568 7454 19707 4122 8525 13875 12103 2491 9299 12898 13895 8218 7761 4832 7777
13198 4501 1912 15127 19439 18996 2467 723 15798 734 14386 11281 13764 19560 1641 12518 2306 13851 18803 19060 14343 5329 13525 7862 6320 9085
8876 4906 1666 9523 8761 1254 1268 17046 240 7332 16101 4121 5047 1961 465 15283 9140 19129 15438 5900 17906 11828 4392 13207 948 6243
13659 15190 17277 303 4991 14339 18019 9080 11518 11217 14701 18307 6266 295 12505 19436 12668 2048 17274 3084 9658 11014 18941 10629 12806 7429
2855 7954 3976 5970 2317 18594 9017 3027 6465 10285 15403 10830 12550 14763 5662 13461 578 15238 15901 17588 7881 56 5382 8019 14539 15507
9323 4129 3171 13416 7460 2499 1634 19974 9968 14286 8161 14227 8692 5034 13075 10486 13578 9623 11914 10387 13580 3091 8023 800 15490 11075
13404 19653 2228 7383 8836 10244 3339 3504 8452 6189 7977 5346 10024 1647 15667 13486 13438 4490 7728 13327 17863 15011 16993 479 8936 8971
11484 5192 12924 12889 4307 13992 252 19421 309 6663 6379 15267 15576 6260 10471 13170 19443 10632 17649 10584 1573 14636 17833 7237 454 3698
13161 17432 15577 17664 129 3944 13472 5207 8753 4514 6667 3324 3893 16251 3896 11581 3788 11196 4080 7190 11457 10358 2 4475 3501 11544
4372 30 5401 1855 3495 10693 7392 12026 6756 8171 18680 11943 5155 16509 8455 4206 19400 3025 10362 12813 2108 13576 17278 2520 5129 18290
1852 17127 19860 4658 2919 17080 14590 3486 10330 3729 217 13325 8946 4766 16896 18139 18577 3087 2949 8640 2617 19200 19122 13863 14547 6506
4558 18611 4779 4114 10435 9479 3776 13599 14583 4063 15559 5827 492 16563 2638 14215 5222 12965 7385 16285 18416 9204 17757 9998 15450 18237
10218 17996 11100 8368 6027 14335 540 10547 18484 8698 7478 15890 18600 8475 1841 18810 4330 8071 8310 550 7897 8353 5088 226 6934 14266
1503 3276 11105 15871 7938 18987 19862 11443 9418 3049 2842 10048 701 7115 6061 12610 7663 14306 11119 11503 14182 2718 14234 11321 15458 8047
10352 2096 19201 4213 1041 19572 16054 10504 19418 14479 10176 11289 8989 52 18280 261 16277 10173 921 817 10007 3087 43 4256 16378 7916
1022 9824 15405 9757 6027 12115 5317 3613 15818 9866 3404 11986 17601 1262 5597 3031 8016 15289 4103 3794 15564 6973 7684 16334 2880 13412
10118 12583 6808 17417 15681 15521 17084 10943 6134 6377 13611 9491 10515 13879 19328 8021 8335 14502 11736 9909 12734 16223 2490 2227 10384 2208
13422 14973 11658 13456 13210 12213 251 15528 10235 14557 17483 15039 6848 10287 5121 1879 816 17627 7935 11827 10330 9057 14235 9413 13847 11224
6336 14017 15460 12526 5502 14337 17772 10520 8871 13919 12346 13626 15892 15241 17825 4538 19597 15594 10307 11447 4214 5590 14415 3464 6859 12972
6741 9426 18384 16681 204 10640 8101 118 19176 7197 1591 12730 7235 17119 512 8263 19456 11143 12781 11750 5180 12089 8504 3919 18645 19120
17137 10559 7986 3965 1594 11359 5229 17013 6001 19773 1645 1380 19648 18785 14142 5287 12552 19534 202 9215 16506 13629 17637 12247 8682 7604
7677 3643 6113 11444 17931 16050 15474 15931 9425 4755 15251 14432 5657 9927 2325 9780 4593 14075 17757 17519 18780 14147 14182 14842 7210 9628
133 1115 6276 14210 1758 2050 10357 7974 18783 1837 19462 8661 12021 14520 8260 6580 7842 18804 2997 19889 7028 19762 14772 12467 4716 8205
8550 4403 13310 2435 8108 611 8208 13392 7269 10090 5995 19844 12002 14838 16413 397 5140 14233 17233 11156 15161 19197 13540 5824 13502 17868
14732 1071 6324 8676 15071 11670 18783 12544 9025 10287 4000 14041 17773 16741 5534 11067 10000 3679 7777 9444 12390 2261 13177 1784 14323 573
6287 7505 10059 15390 14456 9192 18463 1303 5058 17956 1039 8073 5420 5898 15852 17556 1344 10790 8604 1841 9391 5461 1343 2040 9007 4978
19094 8378 7070 7842 19421 8610 19859 16245 15061 16786 2582 9343 65 9713 19500 9439 7227 863 2682 14552 6322 18562 18296 12688 17220 14086
12342 10489 3781 7722 19114 18267 13272 1610 13017 5580 6058 1143 19349 3397 14142 13923 15111 825 6718 14638 6952 10046 15015 1315 4303 783
15635 18198 10228 14490 2859 2100 18881 6634 9176 16903 11343 17719 14681 7203 18273 16565 16660 1116 13700 6907 16381 8278 14588 3909 3548 6324
7072 5257 17210 9910 1483 14188 13470 13004 18923 3917 19842 12222 927 13481 16090 7555 5677 17426 8799 18952 9657 4038 16296 3730 7763 5265
4668 2408 11729 11893 18546 13742 607 4066 16616 457 14143 3107 15868 5651 19192 9079 17619 18175 19497 776 8917 19749 5135 1756 5996 9773
2572 7329 12275 13973 8989 6025 15949 4659 14947 11930 3270 9576 10144 6271 19641 10029 13758 14041 951 1306 3172 9071 7070 11264 1668 16722
2830 3000 14103 7149 3778 5507 19602 5897 5251 15427 5658 12457 18389 16754 3165 9773 13409 1652 10280 15654 14637 7914 10622 10163 401 5740
16304 17360 2465 12217 7014 17681 7974 1100 3526 19767 2629 11470 477 19878 9644 16022 13126 9130 13559 15551 19283 2123 8455 392 3250 9920
7064 10141 8092 3527 5593 11479 14655 12096 1727 12290 13762 4451 3578 4157 19976 3101 18067 2104 7572 5534 8614 15577 17852 7651 13946 8058
12098 16589 9671 1044 3146 880 17100 17414 13389 10153 17378 9850 6115 11712 8961 2899 1389 4139 9948 16689 8352 13063 6693 2511 17105 1880
17904 12132 2376 11717 1364 6921 14060 7328 19896 19564 4085 4512 3654 2807 2349 17078 7708 1167 4434 14585 19767 17393 4319 19070 15855 6042
19870 2952 11146 1166 3658 18355 2569 18803 7862 19165 15618 11601 305 10457 4898 11406 11312 14907 14826 253 16717 8639 2865 11621 4579 16275
1301 16620 12425 16818 9115 5596 6027 1610 17391 10673 9736 4586 17680 16838 6527 17904 5223 6321 4583 11402 10419 10472 2543 11076 7969 17269
7994 9766 4274 3966 9639 10872 12351 8402 1123 15358 19759 11636 8887 7187 13628 9722 7316 18320 5945 15364 408 6443 14349 10921 11795 1566
14040 14368 19871 13397 14282 15282 465 12263 13229 5251 6258 11272 10656 9606 5527 8562 12315 318 14534 3505 1103 15739 294 12670 14147 9760
17418 11916 11664 3054 325 9896 4466 12276 2888 16063 5932 19928 19441 19573 16580 3671 9222 19326 5666 11118 14787 13921 5768 2779 8266 3661
13983 10705 14860 15781 1578 9221 16867 9677 10777 6967 9528 1874 13703 10748 2570 14333 19813 11859 5347 7586 19998 14681 10830 18625 8009 142
3769 3964 16644 9722 14464 7845 15427 16326 5019 17949 831 7862 6449 15222 84 1382 14771 19875 4263 11040 17495 12572 2840 11872 831 3832
8969 15005 17755 17630 5192 14511 1324 12830 11359 14380 10434 3355 3244 6324 4722 18127 3587 14993 17479 17949 12193 7132 16386 16601 3065 12938
7169 16032 10476 65 13925 14656 413 8274 6383 5298 10309 13243 16739 19954 12652 6842 14245 6782 14806 19665 8108 4504 7128 8685 2850 6835
12281 5162 12740 9168 18507 7888 11657 11826 6816 6971 19606 19260 2432 396 12817 15912 18871 6101 4731 165 7044 7443 11203 7593 17722 7371
17401 16366 15291 2326 10030 14120 11041 11450 14687 12880 903 12105 5734 9315 255 14283 6298 1740 18719 94 3150 5070 7772 4943 12091 6980
9663 105 15896 3432 11770 15431 10280 2545 7033 9174 4518 11973 6852 13006 9943 16348 4591 15358 2322 2536 18836 5538 7169 13778 19733 13830
14119 11657 696 11832 10450 10233 6408 17206 4711 5834 12976 10073 15980 15612 9197 9440 10423 4168 11426 13545 11678 9289 15438 3458 17430 7453
6723 12016 3580 13532 3575 2557 4713 9435 8706 12584 9319 11616 8140 10274 19939 1929 14302 10462 13433 17854 17732 5749 11901 612 6806 16929
13384 8889 8285 3856 17856 5733 16149 11837 11557 401 5372 2635 15963 16899 293 7976 5811 1872 1471 8190 8135 14218 5288 19317 12338 6962
1514 17162 18035 4681 18251 19347 15829 15164 1877 3865 17503 8891 3094 19444 7109 19872 13969 12578 9503 13959 17160 852 15663 12688 19237 5872
15556 440 6436 10737 8096 14452 17335 7010 6507 6255 16933 5969 1038 7957 14202 6245 7029 12434 8841 10099 5972 15326 12947 19380 13942 12171
19433 16500 19682 13648 8542 17659 18522 13824 3289 9663 13296 12182 14112 136 41 11806 10523 15788 10920 6804 7744 15932 3667 16003 10646 3268
325 7945 15324 4452 13178 17432 534 14825 15934 181 5029 13305 10389 356 10904 11476 15624 5506 8288 18039 1632 1455 13904 15716 14348 8875
6529 16912 16553 16746 11106 2828 13891 5845 18964 11629 5912 10092 17841 1535 4201 4441 3846 12512 869 12872 13093 3677 13248 12828 8738 5173
7183 3831 18280 16903 17377 6018 979 6464 7447 16148 7098 4517 16604 8159 9707 17871 1394 13236 10004 6112 3533 7878 7269 4150 12746 17807
12326 1227 13348 4253 13723 2039 9534 5408 16606 10021 7125 19074 7627 10464 14106 7926 3269 69 14413 13232 8672 13043 14843 14072 18334 9939
9287 18838 17887 5703 1054 15150 16807 13727 4532 14596 3804 1884 9272 1437 6078 3352 7550 13313 13609 9214 9858 6551 9771 14958 11028 19863
11835 7922 4167 1205 7181 17426 15626 9267 14010 16326 12931 9915 10766 7235 14135 1313 12171 8971 7232 18451 5279 9273 4300 14548 842 4588
17641 2250 19511 13753 204 7150 13019 2860 5447 666 9879 15052 16288 9237 2911 7175 12088 16846 386 17399 8325 4142 18136 9290 8994 8594
19249 944 6519 13465 13232 5944 7299 13719 15902 16979 8454 8953 6948 1621 3451 16787 13287 14261 3336 12239 19015 7580 19111 9047 4447 181
15526 17543 4877 5495 2076 11292 17798 12290 18154 3561 11645 3934 7415 11263 2398 1183 4416 13041 1195 9923 6508 6355 12035 18739 3153 13892
5010 1420 14297 13888 11213 12217 1341 13344 8152 2945 10823 4891 10991 3655 16933 6262 7503 16920 8755 6223 18337 2440 11294 13801 2610 15197
14320 14927 14958 14702 19426 18279 11602 16969 11768 19988 1878 5884 5757 7951 18721 15687 17583 18535 1181 8289 4155 18042 8439 11160 8611 3397
17774 5986 6017 18418 3128 13453 3310 12823 19043 3646 15725 734 8675 18490 2987 19954 6322 206 5723 153 8680 6444 14825 15592 12983 18133
18138 17597 13645 14802 17263 2948 8935 5964 486 3814 11131 545 18330 18286 1114 16158 17904 1924 12031 9044 12146 11088 6557 18948 8122 3961
