365
82 49 6 100 68 94 98 3 81 47 31 56 31 15 89 71 29 48 36 7 17 50 57 23 36 86
18960 19067 14142 12941 16182 15905 13201 14215 18590 19833 13277 9149 8304 6549 9640 6133 16378 5807 14674 14589 7552 10891 15072 12975 18449 8877
10077 1660 9730 19564 811 15176 8419 10722 5151 7800 7561 928 17029 14194 2578 87 8629 3922 12950 5307 11094 9058 8475 11993 11878 5563
15327 8354 6684 8146 3675 14621 471 9287 6383 17525 16824 2023 6644 19220 3912 16494 7371 10666 12942 13065 10634 2408 17945 11891 4103 1552
10631 3149 2934 8890 1073 7693 16724 9297 9721 16744 3428 8358 5698 18541 4992 9735 11025 6962 19159 19329 13069 17216 17303 3436 16293 6709
11345 7522 16125 15486 18816 113 19071 19938 16973 14060 18469 10321 4025 3243 16259 6606 3853 3682 3183 16455 5379 8384 13315 13732 11814 16272
6568 3852 16987 4473 16939 8259 9594 3228 9123 12905 19966 8708 17993 4740 11691 8619 19538 5590 196 9300 12822 7721 10640 9210 981 18726
9498 3878 2948 9248 7683 9988 19325 15058 207 12936 13344 16915 5989 13530 358 866 558 14158 10478 3088 10726 5915 10622 8752 12768 14441
11594 13085 14102 5738 17963 17874 19021 15074 1894 12199 8095 9323 6894 17090 14811 12804 14393 18937 9787 15712 18324 18788 15034 11611 8694 16172
13067 11102 1130 3799 4288 17032 6844 1540 18675 12510 3070 15082 6679 6762 11780 11016 3794 12208 2056 4005 7312 17096 15253 6528 665 9194
13810 11439 9960 11547 7524 1557 10200 8021 12763 14597 4748 5936 16287 13647 17340 11194 2200 15184 6481 11494 19190 2945 18623 10765 16566 487
10113 7074 1660 4428 1327 19786 13111 3520 1706 9698 6688 16004 18305 9934 11481 12449 17665 13105 1760 1516 6202 9990 2567 19665 14047 5733
13825 12129 1411 13110 2998 12015 2928 18234 6473 18229 3833 12969 1517 7462 6241 18228 1365 6799 4674 16278 14375 19711 12233 4664 8383 8093
14879 10076 5516 10501 18212 5875 18923 2309 8744 6207 18995 1515 11436 8105 2586 1696 17977 7754 7990 15761 290 17720 5172 12312 1038 9052
17674 13846 11622 1381 3193 7851 11521 7041 15934 7999 15866 9834 14703 9312 17412 6882 14923 15202 8745 11017 935 6728 16168 19472 4322 17752
15253 10461 465 16 15245 1055 18977 11736 8680 11798 17449 16219 17618 5151 18912 19210 11816 13383 12492 1850 16396 2138 9859 14782 1341 8437
10636 3251 3604 7239 15007 16551 18812 17269 10404 13313 1896 14515 12237 10120 18003 6322 255 1915 14718 12471 14319 3218 1627 15941 17541 13605
1351 4721 619 10460 7949 3396 7725 14977 5428 5173 3511 609 10924 5754 15429 17363 15564 9692 18395 15534 18214 18539 15145 11849 14895 4047
7131 6357 5098 16145 7481 6695 5781 17100 12672 14195 7708 225 12471 4821 3934 8933 15292 19592 17085 13502 1837 3729 8910 12139 18749 14287
14141 7794 13866 4336 12259 2618 10691 14102 2030 16956 19820 8205 15882 5299 329 18071 18164 486 16089 19518 9070 3287 10078 15294 16212 13684
13219 7015 7707 17887 4772 9028 18609 18682 8018 2559 9808 6418 1800 8066 7716 18797 14299 793 5643 5640 5923 735 17517 11379 17027 16788
8436 12002 5377 12913 10371 4966 18136 6136 16546 14066 18583 9991 704 10143 5988 3920 5463 15692 11369 1704 19480 7097 9848 17196 3059 2709
5080 8740 14227 3677 10200 15083 18660 11599 11205 12772 14382 14780 12322 12728 3781 6715 11486 8431 8776 3445 4612 16639 5930 17638 11721 18067
7987 15058 84 12085 12776 10222 18591 10286 17606 15107 10843 2297 2714 9770 16232 14724 5934 7544 8343 13610 19107 2125 7941 16632 2344 11620
16444 12590 17955 5904 13315 19088 11687 3258 17752 289 12774 10680 5209 18167 14066 17182 15197 2791 17969 12283 17809 4334 13268 17211 17620 17592
4631 9635 2499 16996 13665 19023 17391 1476 6002 737 15850 833 1083 18771 17412 10031 4859 7286 5010 18867 18667 7981 9229 11737 5475 7852
14615 3224 19845 13608 5564 11266 7844 15046 12570 84 14968 18821 15151 1004 12985 3592 3146 18497 3907 7204 10307 16123 3521 1947 17865 14282
17564 9448 19147 11814 18163 15840 10120 5785 14945 11673 4228 13787 3697 1488 15315 7735 4862 18303 15035 1277 3188 18966 5045 10698 4690 9261
14612 4509 11984 1826 14550 6926 10852 12367 15186 6580 5274 8301 3123 10309 18019 6659 4035 3760 4051 933 14599 8686 13666 2649 3088 17778
13212 9246 9414 937 1553 12120 6679 7006 8657 6647 13576 16361 14301 2118 15382 4012 5362 16197 15358 11106 12894 12243 5618 18952 9651 14110
17324 16496 698 1570 4127 18821 9923 5840 8424 3348 18697 9713 15378 14013 2909 9777 8895 450 10591 5170 8791 10694 8735 15258 11362 695
4283 7202 809 3204 8156 4322 16182 18348 19627 13600 9786 5626 6249 5528 8400 8954 14109 19652 13907 10056 3388 18105 10753 600 12002 2866
13683 11712 10044 18003 13966 3399 7864 963 17675 19092 19352 8040 17778 15439 1589 1672 9094 14529 3939 8159 10009 16430 16080 18104 8102 13391
11207 19502 1485 13808 14073 10042 11617 18505 19837 4811 17729 604 17319 12963 19454 5220 1399 10913 11808 19468 1111 7417 18509 10259 5622 14747
17720 10914 18425 6301 9004 15215 15555 12305 1264 5662 1788 18790 3100 15617 14195 8604 3896 6999 7038 17429 11837 3609 18015 7570 7326 4665
1252 9657 1467 13608 1848 6209 4794 7845 12014 14473 856 488 19797 8501 10660 9712 2861 7158 12803 17314 12949 5513 14963 15650 15438 19621
2846 11733 11506 17451 7596 16058 19097 12871 14922 14738 889 6690 8394 9326 8926 13364 7563 6557 3504 6588 6964 13220 5574 4083 9981 5461
6847 715 14132 2679 17653 12112 3782 17988 18395 9622 14114 10776 13185 9457 19391 18786 10036 3259 18656 18672 8452 10442 16221 13424 16082 8209
15575 4070 15748 1050 15514 19124 4116 18452 5996 17943 9549 4648 13404 14210 4522 1329 17686 387 17557 18940 3802 4464 4785 950 5858 3159
2585 19573 19527 13232 12540 17659 1392 11353 13401 12959 4367 17831 12462 19565 4394 12804 767 19609 13836 904 8202 15369 19789 14108 14555 9523
8096 6077 11573 4317 8519 18251 397 11599 1537 5976 9781 7827 14304 18926 4213 6049 13037 18864 15299 17202 10693 5683 1234 8011 383 12022
6414 9365 11861 9313 16052 2139 6392 18072 6258 15712 9098 1366 14155 9266 11313 14900 6429 1992 3423 3112 7827 11697 7466 17493 11656 7936
16955 9269 14855 14672 12402 13004 18529 12341 128 8548 14221 11862 14733 14803 9738 3203 16275 2258 12198 9146 5309 12470 15606 12322 12099 810
2775 6155 7431 13553 18602 3236 1427 995 14290 10340 3936 12293 17190 10203 8338 15234 2016 12196 15521 9374 483 1353 10372 15064 17365 2744
18078 12041 8243 12094 17685 17230 9923 10528 19123 12826 597 7434 4982 1704 9918 13933 7798 11391 11321 17601 9641 3637 4811 8966 3405 17794
2970 7343 6798 4746 7551 10542 3014 11751 376 8158 2847 1102 14785 17707 4789 796 8973 15396 1443 205 17133 7904 15362 17684 169 8939
14088 16229 15075 13561 14439 4143 12654 8116 14668 6475 9470 14797 14881 7564 12135 3352 3492 5337 18232 1413 4410 3379 2113 3032 14921 11522
14656 7322 7685 7415 19713 1629 2739 8363 2004 13179 18562 14584 9946 7683 19706 6583 13485 14441 13078 3550 5284 16354 2307 3512 16828 1737
16697 6556 17429 1597 1663 14416 7176 16854 8836 2331 15412 2462 12016 6832 11213 9572 16894 9471 2049 7260 12585 7579 2138 13149 3816 6269
7975 17740 13803 14107 7515 16917 2149 10736 8023 4510 9381 9209 15366 15873 19262 13381 16561 11076 19024 19971 17876 19606 18398 12655 14925 11901
13162 17847 12569 17207 15797 9733 9179 18629 15693 9157 15080 7248 9225 7755 9901 7011 45 8288 10204 13606 18419 15286 1509 2302 680 10669
7245 13349 7113 13413 18747 3838 12242 16106 9032 13808 19245 11980 5959 18578 12592 18504 17507 1875 16440 5412 8454 12850 17176 4362 368 15840
15455 8822 9647 7341 339 14792 12481 17624 2538 2755 17813 19763 16282 7472 14047 12166 9456 6021 6082 14186 10198 14962 529 8298 8343 15756
6398 18074 8892 17388 18149 5313 11310 18865 9470 16187 7175 4653 19147 8824 13584 10564 1651 10769 18146 1332 5588 2643 13982 17496 4081 3423
9750 5230 1281 16029 1317 2543 1891 10172 95 3733 9076 13539 12150 9869 13792 2105 13535 14854 19393 7501 10555 5147 7299 5585 16888 3550
4813 6734 7981 10729 665 5077 14243 14062 8184 3584 12275 1875 9365 2180 14473 19933 16628 4928 19423 19782 1176 16066 1538 16128 542 1333
525 17144 5241 330 15997 8167 15127 13661 8467 9696 3947 14428 4551 12056 18449 784 18478 10741 3520 9714 8176 11576 11359 15712 10555 7012
14766 3748 2792 4173 13430 3493 6778 10041 14922 19566 14339 11271 14125 11467 61 16707 17244 3731 973 9529 3 63 13609 6634 15543 18184
323 483 5304 16338 11544 6126 1003 2177 13222 18682 8374 6431 17286 2975 17658 4692 14186 13064 3846 4418 2096 7620 8242 13804 4267 8862
18443 12777 515 7180 7880 1863 5694 18048 7369 16088 6448 13309 11069 16472 2598 7047 15947 456 8729 711 6842 277 8965 545 17681 5135
6660 11042 12291 15029 17487 10206 14052 9926 15535 17357 6493 17414 18682 3406 4639 13333 12245 3402 10707 5002 13370 14635 3826 6052 7433 13457
5418 19337 3844 5062 20000 19671 11971 8170 16349 8518 8613 719 5855 12674 6598 18057 16602 8467 614 14104 19110 6284 4100 1156 5042 1928
19442 17925 8532 13589 17126 1264 2997 10501 18903 15140 15898 7659 5190 8143 1558 14515 597 17284 17623 12821 1748 16127 5185 447 16526 9581
16259 1146 16399 11695 4223 14205 6440 19553 17460 11901 4934 12254 302 216 17277 7595 2714 16492 361 7465 4540 18045 17902 3456 5433 4334
7638 6227 267 10718 15834 7075 6166 16255 9490 547 581 9908 4463 10555 192 6856 6323 10784 10849 7107 2054 6222 16271 19149 13723 9244
3511 1545 8105 7927 5463 8456 13476 12854 11409 13976 10622 16808 1998 17895 12150 11240 19365 3628 16066 19595 11428 1722 9127 17365 18851 19827
4557 1223 9025 14646 1379 7006 8015 16045 17756 14968 1814 8723 19069 18002 8410 1889 19738 10358 381 17366 13362 7181 16461 12304 18635 16760
3240 210 5609 12881 12961 11367 17970 13155 11773 12364 15533 4630 1356 5600 683 10796 11442 11689 15666 9050 1789 4412 6475 19782 2824 8828
11940 15523 19973 14141 9945 4015 1894 101 17063 18908 19778 10634 19817 3422 19427 14799 19425 9331 7680 14114 15705 10855 10953 5723 8232 4578
9039 12108 10143 7606 16121 17307 18149 10140 5462 15587 1015 6298 13913 14115 6138 680 1785 19357 2702 3007 3130 4439 9182 13025 16130 14713
14993 14510 6479 3827 8579 11110 665 3875 19729 13942 1539 5152 19452 18325 8393 19155 9167 11140 1749 4491 13005 6291 3311 6028 5391 9415
11748 14491 13215 3720 12404 1988 11685 5077 1996 8590 10841 10920 3142 9149 4402 18031 4796 754 5281 2239 12807 12832 19583 10107 19752 10516
11991 14055 11475 18115 8863 19706 7867 4986 15687 6510 17425 14073 9259 5602 12226 7464 1745 14446 3923 18181 19514 4646 15330 12216 17752 14210
9663 3664 14035 13913 9458 13847 17061 16581 18882 7279 17063 9163 333 17623 3762 93 2014 16776 917 15931 3095 9200 9989 9552 19272 15917
17383 9808 13131 14264 19352 11922 15995 6922 19389 3140 4106 9038 13418 5328 6169 8083 9674 18921 1396 18145 6512 268 16839 10293 3876 7370
4890 15492 17666 6059 764 6348 2035 15106 18839 14147 1031 15262 13930 18907 12776 208 4503 10396 8896 13813 8454 7654 17866 1635 16290 6755
19892 18330 7335 13612 8950 14207 19896 14621 4423 18390 13878 5584 9879 6908 19530 1667 1960 13840 14341 7154 3461 3321 2687 845 16626 3313
13303 6991 7178 3261 16645 18838 13398 4755 14441 16994 13065 8503 19902 4245 1377 13118 16635 6778 19779 5079 7677 19215 5997 12756 17849 19564
12899 1729 6794 11427 1182 16739 14101 17117 7737 11575 18871 12469 2712 2455 5225 538 6323 7769 16306 9133 6880 9579 8748 2792 52 16580
11562 1210 19681 9685 19899 8970 18353 3544 16251 4271 2137 12710 3771 1231 18342 6775 5174 13133 16218 12910 18398 15540 5367 10189 14111 11135
189 12628 936 19237 5049 709 18146 1933 12004 6935 15832 3300 10513 15994 8120 12261 7244 17397 17030 4609 3217 13933 15823 14828 17809 5455
2460 9201 8332 17787 7004 18044 9848 15258 18216 15909 15074 2289 17915 11863 13990 738 10847 5252 1681 19845 16812 16806 11138 16459 7248 7317
2191 5754 5056 4894 9142 2017 3022 2592 18645 10142 11935 17436 6698 4299 15030 2381 2758 19838 14235 10063 13569 19180 7231 2971 12683 15711
2478 8639 1348 4747 10185 7112 19434 16160 17230 14363 15801 15216 14992 13435 5734 11398 15021 15091 19632 17289 184 1315 2868 7976 17188 1514
16087 1035 16489 1483 9213 18130 5437 312 10990 3211 15766 16651 543 9453 13561 19641 16128 7381 5064 10412 10542 13531 11858 1310 10658 18646
3915 6382 179 6988 4368 5280 18864 16336 5023 14231 6955 12183 1724 14121 14600 14071 7678 3280 466 17554 15424 9533 11531 2684 14139 16115
6445 0 17021 16398 10504 5492 9872 7443 3544 11754 7315 3213 15395 14828 12048 16536 1751 2145 12697 18632 19285 14922 7997 4785 378 11032
19178 16467 12857 913 14823 1439 19126 9530 11280 2079 13515 256 1839 11588 6493 6783 4508 14985 731 7406 16113 17613 19734 18508 17069 8485
1903 3337 2942 8167 9380 6957 12977 10640 11012 5180 2206 16421 11999 8395 9944 13909 16483 7414 18979 10369 4920 2376 11194 16924 10690 6916
14410 6343 19501 10966 15828 7816 13340 10580 4337 5415 12473 16896 14069 16556 7440 9274 4418 6824 5464 3001 17995 6834 6032 16549 19708 3696
1060 5984 2211 12313 8790 14378 4446 9855 4683 2547 9141 7888 10836 4306 7245 7394 7428 17696 9925 4414 8507 12970 2839 10694 3628 3612
19009 15335 8181 10092 3474 12592 8475 19349 11262 15261 16150 11884 9030 19629 4741 5007 6033 15241 1997 750 9083 16213 9332 1489 1253 3832
2202 268 2044 10818 10840 18021 12620 18989 8152 6854 1782 9049 19031 8648 18539 6621 16167 3764 12523 19345 19879 11375 7141 8565 1522 671
5154 17530 16688 9894 10399 5546 13174 16788 16627 14411 19528 17004 12194 7959 11266 13822 785 18439 18413 5906 13504 11789 11167 1644 3801 13746
18196 11587 98 6921 853 12305 10746 17001 9794 2373 16178 12079 9401 844 15710 16130 3703 15284 18191 16399 8359 9714 16809 17480 8691 1879
1663 13879 4870 17748 7401 4072 19425 13266 5312 237 6422 14813 2225 1716 12308 17489 5683 7036 11205 14310 4686 9954 6377 5381 6761 10678
18341 17040 17260 4479 14841 15910 12759 11671 19678 8998 13071 19726 36 5043 11507 15468 8059 10396 3014 12146 17320 9991 4752 1199 10526 12537
18277 13566 13036 12512 19260 1707 19550 9085 19529 7018 1990 3135 15214 2531 17091 2995 1798 18640 12933 9378 933 5515 9319 4152 17508 18773
1885 15301 14502 6159 2886 5464 5973 13811 17615 4608 13498 6253 6461 4085 12165 3343 19204 12653 8221 1336 16800 11521 6124 8346 14367 9107
10817 8814 13739 14508 16432 18204 10178 18926 18315 17068 2872 16668 12115 2058 7890 19144 2295 15115 9487 813 19347 2075 14964 6278 17507 18135
18325 215 2733 12828 3374 13841 5650 18736 4365 14879 1431 11412 10083 7435 7889 10334 17106 13663 16298 17952 14519 5035 12148 9620 3144 10101
579 11853 15235 4293 9368 6115 295 11428 18964 12247 8849 17314 11058 15685 9848 19945 17558 3580 17766 8446 2143 16961 9956 9102 13907 4356
12015 10022 12064 11320 3096 6428 13641 15687 13264 13673 14969 13890 14810 5607 11998 12935 4473 17984 1613 12981 9193 12719 5240 1690 14154 11280
14178 8339 6475 12240 4417 17985 6531 14103 15769 15662 12385 9130 9918 11064 12657 11419 15301 17001 15984 12430 14493 1636 8430 9329 15366 11084
9102 11680 17500 19981 13405 10178 19315 4389 792 14791 7849 6738 1626 16818 798 13236 3049 13636 5447 13485 12714 541 277 15008 4696 5950
18873 8650 12905 16974 15094 15213 19250 13048 6519 6001 10585 5211 6438 2259 3611 12875 5246 4703 8854 14756 15393 5624 7313 4023 10413 9547
3220 6626 3654 6903 12499 292 52 12315 628 7129 13184 8555 9388 18424 3701 10912 2921 17334 176 15552 15516 17093 628 4840 11742 12937
19237 4722 6837 14454 17797 16744 2432 17753 4563 12225 7668 610 10607 6721 11753 4153 5205 6653 6687 12190 13507 2550 3421 15731 2906 12004
10315 8208 7151 11197 8083 4620 13874 2334 14134 11365 9201 19755 9134 5873 9145 16005 17646 657 19882 11579 7550 10913 5527 3256 15858 17669
10013 1783 15852 8975 2258 436 2947 12807 4040 1573 13781 705 3445 17244 9038 10495 12214 1782 7358 1047 15506 13935 8845 2006 4818 9746
9940 17420 1758 8073 13385 1282 3762 16726 5748 17000 13579 3742 11161 16167 13214 19495 175 2036 11567 16592 13223 17263 16478 3821 9250 19707
12561 2518 3465 12720 2594 9218 19656 2064 8639 3503 3868 10524 19794 7776 751 17858 11297 7550 12949 7317 7214 1994 4725 11829 14800 4640
8815 2236 4131 4334 3375 15078 2332 9769 17108 16745 7391 12366 4227 12756 16656 19917 23 19708 4342 11157 12715 18954 701 2350 1447 6901
6310 12168 15426 7535 10877 7509 6825 10214 13764 13180 14231 6872 5238 10710 15694 1723 10177 6122 5955 3410 18990 13539 1652 8433 2797 3074
7439 19592 654 18888 3773 2074 14971 2605 1443 2448 7746 15959 11682 16413 14638 17726 16397 3816 7640 14608 13324 2478 2633 5939 8801 5031
7724 14882 17871 14991 8903 6550 7549 13945 18428 14005 14175 4399 13830 7598 13534 5222 16077 11128 6220 4453 14431 161 2147 713 5970 3001
12374 3662 15540 1769 858 10640 16572 19538 1660 5934 3933 15337 11128 13062 8426 929 915 19274 19338 11330 14989 14637 6551 14234 16684 9296
897 9147 6775 16664 14443 9978 9791 8086 12107 957 3850 5072 2633 5233 279 5309 2069 11623 4975 1916 12838 10741 14415 14392 9851 5451
14335 13706 15447 650 6177 9552 13733 19069 3546 5440 6391 2898 13166 8193 18805 8239 5022 6201 10908 2013 8307 9067 4098 14484 89 284
5713 11639 17921 14206 14491 17966 6154 17283 15466 7560 1487 13715 13419 16103 9455 16332 1354 4271 10587 9409 16828 19411 11928 12175 14774 9383
11523 17486 18581 4703 8788 11385 2717 4766 16784 9558 16143 14307 6586 1681 1997 13461 8432 5977 19996 17213 6852 4763 5161 13654 13538 1511
11462 11378 14791 18753 8402 17695 18368 2752 2176 734 14423 5627 211 3701 2152 4687 10050 3053 12698 7577 19531 15138 10948 6008 12738 9991
17913 12411 16322 16949 10296 19912 11072 14826 7488 16135 5252 264 10192 6888 1655 6884 8101 4997 2735 14007 19079 1141 11009 6476 19261 19665
8498 741 4302 7525 13359 2560 11855 19353 6139 14765 14043 15977 2574 12349 17729 15495 4466 824 12613 9949 19666 5857 13554 4686 19641 19392
551 11353 33 19491 12566 19413 7118 6900 7175 13703 15762 1943 18722 15829 10704 12419 19680 11811 12485 14222 10514 8028 491 16621 9373 16157
10054 12665 10581 9659 2996 1960 14265 10292 17988 15903 100 16179 14880 10415 2715 2512 17687 19783 16397 320 4002 10595 3869 18256 11945 5514
15497 18098 818 7628 12792 9139 5995 7759 16144 14262 2357 11291 15994 601 7014 5168 836 2645 8751 5402 4585 4107 15777 11088 15221 9297
17314 5865 12156 13486 11704 18992 2934 12321 15299 1348 3770 2436 2146 7001 3933 11919 12189 12031 5921 14377 13167 14489 9435 18421 14002 5811
757 19909 18258 418 5233 19968 1405 13244 14381 16445 5893 15059 3906 18393 1672 10794 17550 14713 16160 17043 713 2050 11817 8334 6341 18939
18616 15579 11876 5540 16713 14451 14915 2605 2902 18227 13132 11177 3820 12980 4548 10711 1890 18427 2266 9972 15005 12975 19918 76 1232 3022
2352 6418 9715 1972 6887 19072 4981 15704 4370 5105 10579 6394 13796 3176 5267 5790 6992 12393 8461 1424 6375 14770 3003 18591 15825 13747
1825 5166 1696 5151 4202 18357 8947 1239 7991 5303 8520 14304 13956 11993 3320 6364 19448 2335 16698 9536 16147 19786 8952 15682 11570 8372
7579 4051 13263 697 13204 5984 7114 13114 7888 15327 8810 14451 8621 19869 9956 15126 7593 2254 2730 1390 1090 2909 13725 13627 1215 19783
19045 6192 296 4161 14058 12879 12640 4481 12968 13668 9020 2941 1424 3552 15520 3021 1129 7192 3791 13827 12628 14108 1119 12696 13782 9492
17849 17629 14766 15965 1411 10715 12298 17021 14549 17907 7733 12842 19186 6240 6039 2629 10607 5440 14367 1859 3535 17168 4082 7462 3130 13223
15951 9385 14265 7589 14550 9126 7737 2983 13760 12274 9392 8731 10633 10161 18437 19295 19624 1954 16647 8407 5799 8387 18975 728 6247 18094
10943 2205 4490 6886 9460 3818 9389 19455 179 11435 16138 6448 343 15891 13110 3043 11596 11703 6037 2877 16613 11072 10611 3978 17426 5637
4760 13484 10811 15585 9261 16587 19124 17367 11160 9173 1400 15846 9134 19607 5076 5016 9374 9974 3646 9031 3445 12959 10930 7141 2369 19599
10524 1290 9289 2413 11451 8119 8242 12529 1782 10969 6012 13990 10455 14490 5444 11449 14600 8918 16369 11948 15828 11325 5205 5117 14124 18295
11265 19805 19164 12341 1715 19064 19006 5048 1298 47 10178 623 17537 391 1864 17503 6248 13735 561 9086 5503 10962 4894 298 7058 18797
6718 2521 6520 4314 8734 10806 4713 14679 18403 16701 19152 14436 9166 12036 9199 5289 3154 15841 2512 14598 15853 17230 14424 2358 5593 4813
19303 1102 10632 5705 5214 15699 8764 12859 16713 18067 16346 5502 15237 6858 15602 17350 17630 15072 5729 1984 9593 18583 12604 14258 9707 19285
424 16880 28 7050 7863 12695 7312 19962 3265 16379 12373 14448 8638 5254 13392 17641 10053 6655 5856 9326 5174 17 6943 4351 19676 15820
18735 9743 6757 12504 4739 19613 11722 1132 9131 4982 4615 2548 14014 632 7176 17626 11623 12529 1200 16581 13958 4421 6726 2041 3201 10679
18891 13060 14643 10628 16275 13635 18087 13724 12631 18327 15337 560 19513 19280 2620 18118 11393 19165 17128 9406 3948 5358 17042 1961 60 1133
9088 9328 3811 2043 6753 3353 15083 6626 7720 13906 18899 8434 9461 8548 1725 14835 10878 2722 11566 18955 3278 15711 11987 19479 223 11333
607 2408 13612 6213 12326 18094 7927 16637 13222 6077 2561 14632 13549 15506 8477 2137 6435 15216 8270 11173 14284 15282 19519 3771 3645 11074
16186 6998 17819 18931 5467 10535 6569 11658 14165 503 16933 8758 16422 14452 10724 16865 17788 7758 15220 19838 2166 230 13500 13719 16649 19045
3277 15470 7928 17301 7539 7986 14579 1738 3588 9707 19435 322 4161 6071 10308 3009 14497 3679 3204 5547 7971 6765 1325 224 7827 19082
5764 2375 3822 11242 7179 18956 8988 19634 3664 7049 4834 14118 553 17786 15116 114 14143 15008 388 1178 2187 3092 5111 5511 3775 14996
1089 6090 2234 18156 18336 1663 19265 1678 6592 14204 14525 1359 19158 5651 11984 6295 13518 5808 9214 17643 5536 14493 3610 14094 16664 9274
6391 5916 14489 8001 14550 15460 15134 328 17183 12708 13511 11062 19375 9873 19334 9198 19198 7667 10776 17601 7974 11065 4598 6555 2860 3698
19474 17493 2087 10231 19061 10304 1475 11419 18692 8634 11529 297 18365 12973 6890 5729 1099 6112 17604 4008 13115 990 2253 7017 11761 1276
1885 15767 6291 18516 1604 8203 3189 8265 13057 3146 10205 10600 18892 14101 1554 2166 4357 3166 5004 5346 11346 4039 16150 1115 6918 19210
1361 13955 17358 19445 9146 12866 6861 9161 6184 10154 14303 16582 17470 7141 2947 4365 1925 11471 15368 14507 13963 134 16647 12017 10857 11627
18631 19893 15069 16874 8508 4017 16319 5432 7828 16150 3709 3291 6565 5950 19525 3186 4027 10989 16154 5347 3056 16540 18202 1181 10839 14209
3475 15230 19710 13242 3527 14872 12832 904 14819 11978 571 4020 11481 17897 19988 9168 470 8479 10122 12373 16962 6975 4334 12673 5786 2110
506 14178 10834 2550 18066 9119 14083 1335 7862 1244 12377 9967 17645 7303 18817 8887 7446 19277 9566 11219 11592 8725 15406 6333 15742 5651
9899 7966 260 12908 9684 9584 6486 15854 12054 15187 13863 9256 15478 8027 11931 19962 13886 11902 16101 8630 17818 949 1622 14464 1298 18644
5227 1301 2960 5173 12898 16800 5892 18956 5574 9915 3604 6781 3608 7036 1310 18207 16619 9682 17908 12735 510 7700 8300 12242 17473 15127
11455 9388 14244 11649 5966 16459 5990 6829 11176 10983 592 8927 3191 8119 14518 14032 13355 10972 19666 14887 18221 16369 6552 15772 10599 11801
2683 16181 11810 2854 3429 3720 8463 12707 4082 8434 18910 2158 13639 5821 8496 5085 9696 8547 7003 7089 9398 16820 5583 5895 16694 3949
11865 2714 5155 10156 15772 5082 14257 18680 13158 2861 8825 7522 12061 17499 769 16816 5586 10940 12031 7265 14762 1650 18834 15927 13790 9378
490 9537 3603 1311 16480 10799 8791 2221 14133 13124 9143 7317 13144 9426 4863 18394 18817 15522 18938 14275 6750 11223 7449 13470 9146 16919
18356 16123 8772 9531 12955 12117 19643 6137 1120 3967 850 4567 7552 13828 15898 15582 17781 18946 12996 6598 18132 8975 7072 18092 15898 15055
199 1483 1049 9480 4998 12938 17310 5274 19268 756 14193 6056 13161 18521 2460 6512 3473 1059 347 7159 16829 2159 11461 9749 3099 1225
16495 8238 14444 182 16734 14143 7264 13012 18388 6637 10812 7815 16311 12194 10635 4973 14110 15778 17668 14112 14522 16701 5924 11323 15912 4884
12273 9107 4959 7919 1435 4210 16229 11974 11539 9691 15390 16423 16715 8563 7627 18706 5886 5218 18225 11451 3730 9142 18845 5268 10359 14281
6177 3100 18778 17060 496 8453 17928 13756 13069 16481 8244 10055 18116 13377 7065 8962 18520 18859 690 13674 7888 788 3825 14133 4410 14370
11728 5621 18413 9660 12967 16942 16084 14895 10217 14807 18096 12583 72 2820 14699 1343 2571 3384 16285 12298 4904 12509 7998 1027 7495 12083
2084 4092 6173 11568 10103 9363 15346 12482 16016 16416 15434 12097 1173 9971 18241 12592 10815 8671 4547 2908 1900 943 19569 10122 13078 10307
17669 281 6699 2719 9365 18922 16040 11096 13432 5016 3076 13276 9823 2499 19531 9758 5450 1695 15983 13236 1092 16524 10897 19658 14323 8642
3292 14082 11145 638 18390 16079 8308 19704 11134 15494 11223 17676 9970 14888 4734 4910 12216 1794 13334 17884 17810 782 17010 10728 13567 3768
2813 4705 16251 456 14867 220 16696 5314 8041 8534 12023 7780 9314 8607 16929 9673 7141 16057 9760 4202 15477 15188 17455 2022 974 19915
11532 7938 515 3538 15937 7315 10428 16315 4201 15878 15676 4632 9735 10215 950 8837 14409 19370 2282 17400 17960 12147 18175 12004 4262 14098
5754 5475 2618 4766 4115 1037 12962 11080 8075 1085 7190 7462 17468 4745 8974 5948 4394 13619 18036 395 8606 12740 7359 2731 18043 8026
2591 17172 7855 7966 7990 61 14511 3761 18533 11346 4130 5314 2760 10533 2521 16820 8506 6509 5015 11480 12441 14837 11273 9600 10378 8236
17764 17077 16682 967 1302 1444 8637 19535 19520 19429 9968 13327 18325 14495 9967 18023 19525 4789 14209 19114 12728 7856 5869 17634 11847 1539
11081 644 14842 17530 13088 19906 16037 7191 16383 7374 7797 14113 15952 4585 13864 886 19896 12562 1065 15076 4889 18620 1500 8582 1263 16773
12734 10676 19830 16179 14907 2504 3297 5368 14399 1983 14909 12163 14934 15236 5094 5389 12906 8221 11505 1233 10212 11180 7417 13115 12549 12676
11695 4178 8432 3299 10059 8455 1977 4338 18838 15325 6791 10482 2 11239 10314 18041 5411 11484 13676 6507 1808 2765 9585 1652 11300 16035
6392 12283 7951 3541 7048 9724 1124 5229 5395 2321 12669 17464 19413 16331 4764 11340 19382 6607 6528 458 9972 2478 4503 3799 17450 14104
5379 13825 9846 15264 13630 7251 2354 6653 2903 2264 11131 11930 7286 10404 9741 7206 16168 2575 19958 8394 19306 16310 11864 18964 5344 19008
11924 5090 733 14349 1988 15820 17297 10728 7285 10829 2904 2141 15321 14910 3313 10301 372 15306 2833 10122 10274 13682 4049 16981 7199 14595
4078 17247 19984 8952 12261 14693 8876 5053 5522 3120 12657 8702 15122 5336 7160 1302 5376 8091 9159 17636 9163 13383 3321 13452 8437 9927
11932 17204 9770 6316 9040 18532 12938 7546 18072 17203 17334 9798 7735 2600 6194 3512 19384 5887 14083 7620 15732 18613 15658 100 16796 567
19520 6960 17969 12354 13381 826 8486 5337 5673 19774 4796 10963 6703 5247 19038 1426 12967 17417 5798 5554 5242 366 2271 17854 8893 13366
5347 11967 14606 2486 8883 15144 2069 12925 6564 16314 8775 1378 16651 9101 3911 9464 5343 17780 8197 13382 18129 12547 19510 18909 4518 8672
3774 8646 1579 1233 13767 7161 4763 1302 10915 6840 11410 1126 3902 16672 8414 14180 8009 1489 2106 1228 509 19760 15536 16324 17654 15411
17066 9656 13340 15081 5792 18579 6097 9454 12996 18382 805 14070 17447 6450 14760 670 15584 5142 11953 3143 3074 17069 7485 7914 7123 16581
18903 11172 518 1580 18084 11215 13916 6808 19571 10208 18952 4539 7901 14679 10922 8400 15071 5608 19042 5046 15844 9364 2154 19667 5363 19622
14752 14843 11505 11507 19167 5672 1755 7542 3359 27 18978 3342 9154 18685 4149 18978 10444 6088 10532 15321 12824 17174 8481 15269 19820 790
4513 13773 19238 7000 7835 8418 16357 12910 7101 18247 4057 4084 17433 3976 7952 3134 6667 5470 520 8822 7767 17095 2010 15542 13499 18305
17867 17949 1996 15886 11089 1141 15437 7569 14774 2757 19196 12523 196 9263 16681 2879 1396 16115 6643 10572 74 15597 12275 16639 12028 779
9903 9212 17003 11773 9403 14201 8749 17837 6347 5961 11647 11149 17887 15070 19449 9652 1526 16429 12472 7280 18762 12918 6459 19079 6514 13544
16158 4184 15520 14796 19917 10808 19412 8702 8293 1599 10625 12506 11126 4434 19964 12972 12707 18352 16207 1376 5461 19925 11037 16407 16494 9799
10797 18741 5806 3992 14885 1576 1189 4571 13899 2861 2558 9874 5631 5487 1587 4633 3884 3399 7160 10501 19196 13604 4642 19158 19360 7660
14343 8813 17679 11762 218 19913 16849 10624 19805 12191 9321 11660 3128 6656 1639 14518 8463 7578 4481 12894 7285 8696 7750 7949 13791 86
12625 17668 19505 9470 729 15695 17487 8644 13824 13346 513 16514 15865 14885 3161 11819 4298 7424 17337 10203 16586 1313 15617 19701 6237 15828
2478 6615 7319 4763 14241 8262 14389 10213 3214 18209 14692 10014 18883 14021 15636 18107 3014 230 14974 8892 15039 18697 12604 10395 2395 16966
173 18592 5545 4434 98 18737 17578 16954 8021 6856 19240 12701 14330 18629 13451 7763 18978 10342 14500 16272 5101 879 414 18188 17797 15154
9720 17275 5282 13006 9038 2180 6534 17468 10468 6084 17473 14307 5335 11238 8146 19689 5970 13351 8940 12495 4330 17877 2748 8852 8112 16593
10392 4875 720 2967 3158 4106 8055 764 12352 327 19428 5156 7642 5262 17591 7115 19119 7374 5733 1375 17532 13184 12364 8756 567 11292
10247 7733 15307 5464 11980 8850 3320 5711 14565 12361 19001 10468 8552 19891 10501 3786 3176 17655 9376 461 13768 14692 4845 11082 17367 4986
2531 17369 19337 9201 8791 2558 503 16958 15886 34 5819 10042 1643 14222 14058 9418 1781 3114 8918 15201 6402 17086 14585 17105 19474 14508
13712 7997 2657 6648 11225 16390 9968 4457 13936 9125 11421 16609 15435 19706 17237 7183 7332 4179 2728 2662 2095 1251 4354 11367 8350 6291
7981 16862 5461 7849 13796 19134 14963 15899 12263 19315 17161 6944 13825 7002 16621 2011 7972 15716 6411 13055 11968 10117 4128 13892 17135 11113
11138 9145 5534 19547 18934 3238 8094 11880 8572 3539 13204 2718 16174 12090 5388 1684 1203 16125 15177 11152 12498 1536 4185 3776 5622 14328
15300 19362 5442 8530 17285 13038 18313 18456 4380 17655 6512 16107 7159 1990 9818 6290 3041 3078 17409 1551 4880 3950 15630 17610 5862 9306
7732 12377 17171 5928 7136 6137 5210 19045 19636 19138 8479 10334 15131 15305 12637 4213 14990 17764 2990 6440 17076 12003 13375 7753 1699 14471
410 4472 18450 12987 14605 10083 2867 17073 16342 900 17769 18774 702 19817 13327 11642 17272 10984 14529 3344 3162 4622 9604 8942 11702 11643
3092 4850 2611 3751 17376 8232 8057 4211 1348 11631 11402 10336 8505 6356 13006 16137 17851 12828 15755 17603 17833 8362 2667 5932 10721 16368
1104 12213 9318 2789 6500 8753 11029 19907 13905 8704 12639 12549 2707 2426 3666 8649 2778 14277 13173 542 15169 2524 10940 2037 13354 18867
814 4604 10714 2832 3220 15060 2303 6353 18071 3543 18270 14073 14126 8336 10736 3299 17383 1796 7356 9143 1062 4922 3354 17603 3324 12241
9235 11624 13369 11052 1349 15974 13994 5234 10900 4367 17685 10749 10166 19158 2111 7683 3508 1775 11132 1513 9840 17358 14368 19610 5776 18151
12734 16942 11022 851 6895 19564 17210 2255 247 10891 5431 12575 18620 11711 8837 6834 3635 8939 17495 1634 15119 19783 3375 3923 16118 3047
15050 12927 4600 3082 6962 10822 19909 1833 3605 11171 13080 15168 6604 3581 13958 9459 14445 12221 11330 9918 10930 16838 2546 14321 10353 18647
19980 19394 17510 13169 15621 2922 6760 14863 19696 7306 254 9644 12788 13925 17852 10325 10367 17828 3194 3298 1343 1447 10590 8191 6728 11878
14936 19038 17011 19300 18923 12243 595 18417 5762 1571 4988 14879 5678 14269 5475 855 13493 15697 8041 14804 9250 6757 19350 16086 9270 17205
4360 13874 4760 15862 7472 13211 14070 11331 15228 5333 8227 12648 12756 7328 17681 17958 9536 17113 972 15512 14137 13589 9518 7444 18308 2279
14668 10123 16067 3099 4957 17142 2603 8126 9024 13536 9099 5906 11776 7641 15867 10113 16567 13716 4328 3106 10332 16358 15839 7418 11398 10533
17898 6681 3921 17217 13950 18330 7691 1964 17061 12984 13021 13966 12179 2816 12868 17019 11864 16765 15576 11092 5952 13916 764 15598 5100 4286
10509 12290 19046 240 2235 16969 17031 3040 1307 17528 16385 114 5517 4810 9961 418 2636 14816 12949 8292 19062 4987 4183 11905 5485 12233
8007 3121 9138 9467 18662 4188 9139 14579 16466 15805 13114 4597 10738 5496 2435 4390 5094 16226 2658 18411 14985 14583 12451 13848 8648 19416
9294 67 15407 13649 9527 7952 14686 1537 4701 10084 10346 9629 12017 14480 11186 12927 1489 10341 13693 7401 595 19650 17175 19344 18690 17061
11204 17594 8641 9977 1754 4358 15660 19404 6210 11480 4738 1366 13802 14944 11383 1562 625 5673 289 1647 14315 17294 1001 1395 9972 4569
13120 9237 12637 6702 5487 18305 11392 6952 9913 9012 8876 19007 6801 15980 13480 8058 18152 9084 11235 13879 12931 4721 595 1150 5958 212
9705 700 11113 10414 4201 7393 4190 7057 10996 12183 5280 1356 2028 8211 16664 1243 12304 462 16049 2197 201 9957 3605 2827 2226 7795
7513 17854 10985 8160 18041 4291 3626 2633 17100 7310 9830 17386 12766 17382 7114 3989 8180 2196 4045 4980 18508 9325 2467 8459 2919 19262
1219 17346 17471 19443 2854 12936 8506 15732 13093 5932 3698 14524 19647 8403 5839 8557 13172 14655 7645 15934 23 13248 14937 4999 9740 7116
6956 1578 12125 5261 354 9331 12458 7415 3531 13648 12914 15041 12261 11734 18112 5238 9144 7864 17579 16318 3188 6629 2120 4349 7667 16235
142 1113 8865 16526 11793 6817 12317 13549 19712 9286 3081 18251 1972 7155 18718 9642 2403 14404 18712 229 18433 15103 13724 8564 11645 17620
9275 4581 15707 11722 301 3080 1270 2063 3608 2443 1313 1501 2210 12312 14172 17984 1259 5924 14140 16216 9255 9574 11917 4645 2324 11134
4377 11348 15488 5791 14374 18805 3552 7719 6856 11928 11804 17582 3808 4772 16641 9976 11632 19661 17626 18189 6977 2254 12507 18842 2843 10522
3053 13229 3889 887 11366 7048 17675 12721 4770 367 15003 13469 17462 11875 13566 11630 6081 17273 1509 14396 19079 2354 1421 18946 11649 16243
10848 17057 1822 4004 12535 15973 8044 444 328 5947 3162 1187 17804 9549 869 8711 17669 12255 8537 3545 7693 4249 13829 18359 18732 14150
8060 12722 3493 16764 3967 3585 3581 12369 13558 17585 15447 1273 8957 12585 10851 6857 412 5195 5176 8644 19540 17739 13410 8082 7747 4743
5000 9734 857 7929 2804 6605 2517 2486 14962 10111 13656 12013 19895 6605 10549 19644 13817 13515 19812 13718 4818 13050 7272 9476 14503 4085
7264 10233 8393 4149 9959 10992 19190 15821 6672 7404 4704 6525 123 19338 4501 5252 18655 6768 8699 17967 14431 8335 6542 3304 9721 2175
1712 8558 14122 6558 13160 17855 16846 12929 12206 3995 5681 3924 8160 11299 145 8402 14976 4464 5372 4233 16211 2987 13078 11438 8649 19033
11407 7958 13707 8374 15619 13544 14946 7917 13871 4279 5833 8264 7722 1788 2612 19683 3254 7835 6233 19688 1830 17196 15952 7170 19857 1024
893 6941 7388 18697 3853 12485 12287 2959 8910 15259 19806 15752 6187 15957 6215 5776 4597 9980 1400 4851 13335 13257 19579 17198 19208 19697
4260 16204 2079 1152 6855 7225 9091 6097 14904 13619 7579 7895 16631 2939 19792 1866 537 16575 6115 19034 4126 17972 15630 12618 8773 12350
19967 9023 8868 7689 3448 15283 15205 9169 17415 14545 18368 4218 6829 13212 14131 3582 9991 3004 18515 13929 702 4882 9791 4262 18570 19363
4957 15781 15024 17384 13390 16645 19014 15918 4903 368 6230 10739 9733 15129 9829 7546 8392 13264 7652 14890 4111 12873 5918 16768 15697 2959
5947 3597 18326 16949 15669 9849 12291 14657 2944 16762 3466 15738 5976 19162 9659 10889 13706 12583 15894 11401 10512 9904 6008 597 16303 5805
19132 9746 9326 13054 12067 9628 12976 19114 15006 15984 416 3682 8669 17679 7430 8255 7284 17150 19070 10956 16229 627 1813 10731 4571 8937
2706 18792 18195 17649 2642 9046 16744 2499 13101 14929 18739 7962 9130 19079 3200 16942 17871 11924 1517 19937 9973 17929 16616 8080 4456 16769
731 3605 14631 14211 6711 12894 96 5173 5803 2718 19206 3766 10211 11585 17246 10364 5818 15189 11660 8986 4462 12380 13406 17725 8350 5364
5651 14528 17824 9673 19519 5630 6689 9196 2516 18616 15512 11771 16907 13627 6962 5205 14259 5932 3501 16505 17885 9383 14097 7885 5440 502
16989 4793 2825 10649 4320 3854 5503 17945 16466 4785 3543 7422 18104 6598 11704 6260 15961 15504 9604 915 3708 10606 17176 8405 15252 2202
13146 19735 8291 2284 17334 15401 18990 6739 14916 830 877 14020 10506 10367 16300 4702 6118 17257 6958 3990 9172 19451 16652 1145 4157 14017
14178 4693 9098 18986 13666 19042 9413 11596 6924 9160 9845 7598 9223 17727 5192 15331 13668 10253 652 3056 13114 7133 17919 18928 8963 6032
2849 18345 19941 14347 2147 2823 9313 9326 13560 4201 13564 15191 13317 2933 17147 2493 9264 18460 13741 17476 11404 12145 13850 12239 12283 5222
11617 15682 11092 7253 9544 11793 15560 2109 2528 13288 3658 11424 12625 15419 6113 19978 16684 7234 14492 10816 4649 5468 3026 7129 15791 4055
18938 9754 13117 19012 1731 3165 8340 5791 4937 3688 12748 12802 9083 12614 10052 5451 18761 17976 14635 10350 19502 16197 3285 12694 5174 11791
14234 2437 5342 11304 6474 238 13924 11613 10875 19477 16027 1202 2513 13170 8180 13000 17762 6357 15573 9424 17752 542 2655 18134 11140 10581
87 5634 2932 3215 8467 17172 16197 19256 14461 4225 2939 5839 11565 11255 2007 17544 2829 2056 10985 12970 10785 8479 3450 14280 3636 14882
1955 2677 13214 5530 13145 13600 14999 17950 1602 17400 16505 7344 16507 18225 4304 11756 17338 6901 4377 12508 1797 15742 18348 10144 18063 12784
11513 6409 9591 19495 14905 18066 14382 187 7795 14524 7701 14696 9454 3005 15719 17991 8836 1100 4039 6123 19123 13690 11928 11040 4290 6523
2098 8342 17261 13240 11180 8081 5800 1760 15367 8154 2045 19939 16705 5073 350 10505 16140 1901 6077 382 3270 17615 158 1798 10825 17899
2976 17794 3578 15536 8241 15856 14781 11230 14322 16922 1232 14041 16837 7093 11066 18953 14896 2083 3483 11700 11763 14273 11184 11878 16016 11426
494 18782 13575 19691 10578 3807 7962 4246 3386 10466 1673 16760 16220 13614 19786 7840 14345 2569 168 16982 10373 14953 9915 10355 941 6330
9489 15817 5878 5944 13346 12590 7300 19823 11850 8242 4094 12521 12986 4076 14423 3497 8900 15615 5879 19440 6390 15825 10605 10323 13774 8954
6963 592 18492 6620 3215 16971 11968 3073 3450 11739 15752 11065 2495 17802 18317 15899 5603 18120 17520 6634 1259 4714 888 6460 7059 16684
18251 16270 13772 792 9708 15963 9011 4541 6964 6051 1953 12404 10634 1755 3009 806 11671 14904 19696 1379 14188 15448 10784 7224 4630 4139
8667 11332 6072 36 15178 14101 3519 2251 1380 12696 13850 4975 10291 5579 17391 15584 19987 4749 8140 6060 17442 984 18223 12157 3149 2011
19286 14954 19535 15551 18842 6705 3223 16189 9490 963 10738 14481 6397 6295 3926 16014 9386 6544 1565 10300 1659 16409 12414 14284 357 18236
15373 12984 5391 19871 13678 12814 3360 15063 1743 9341 15709 4485 3 12400 16869 10967 14326 13646 10301 19709 13059 8264 15078 5378 6205 427
6901 16400 15311 3739 12486 1287 14139 6217 6367 4421 10876 18058 5168 8721 14120 11229 9785 10536 19276 8020 16505 15687 5243 19809 412 9407
19025 6411 5004 4460 1368 15741 3947 17809 10102 7353 7742 16422 2561 13666 18757 5079 7415 13389 1154 14254 13582 13617 8889 14537 13687 12731
14379 5674 9766 10483 10924 6207 10993 13130 16344 5333 14259 19413 17789 17155 6668 10366 5417 782 6539 13044 7456 18234 17343 12336 6704 9335
3385 7209 17550 11705 9882 10598 133 15005 2819 18896 5407 17960 5963 2708 15909 19535 11401 6179 18193 16904 12497 15548 13499 14490 15779 14665
17477 17957 14947 4528 8871 9521 4575 8213 12489 15553 3994 15064 11318 18059 5841 3586 10252 19539 19149 3992 5776 10533 16368 12897 19203 6758
1681 9262 5851 8278 5270 5256 8089 7211 18897 7507 15462 1338 12382 12723 10381 15587 5917 7372 13264 11544 16954 12942 5142 19231 1325 4117
6481 6807 1756 3214 2807 17077 5180 19529 3444 447 4619 19624 18489 10774 11730 2612 6058 7008 3081 17724 17475 3046 7475 14465 9524 12104
13238 6091 17198 13754 17087 5763 5684 18634 5989 11678 19218 2636 11964 4774 3566 18558 16027 13724 8654 15204 11144 689 16299 13913 1277 17312
5886 3754 9678 1173 19681 7083 15958 17148 13822 1131 5466 3788 14512 8409 15412 4960 2921 7031 5530 9271 17831 7520 10016 19628 15224 12787
15855 7823 1516 9209 3184 16252 6655 323 15416 18603 9403 6086 5468 6641 10392 5848 14002 394 14729 2776 9380 3534 2768 11199 1553 13818
14602 1781 11106 12764 19219 11326 15047 7979 4278 2155 5230 4819 10247 9460 19741 5233 3430 3129 12911 2650 17521 5405 5190 7925 4008 16221
18118 16002 13561 17169 13095 11020 3250 17080 1983 6849 16682 2165 5230 19204 16325 8391 13694 2560 9503 11747 15089 16023 14113 9944 13102 17601
9254 2805 11758 7734 18925 2827 15400 722 16767 2210 9544 17015 3504 6396 6214 11394 14187 3535 13652 16157 9284 14989 17693 11691 2024 14172
6603 6332 14224 10835 6655 11760 4990 19577 1720 4625 19740 1303 272 13707 5676 288 6792 4881 13865 11863 1029 7485 10198 17545 8485 14028
750 3758 17770 10936 14567 8322 200 9823 6914 5958 4314 7217 5461 4496 3830 6715 3607 2713 15221 11376 546 2230 1920 290 15650 6862
3334 9028 7344 15466 17652 3663 14431 12764 15721 10849 13912 17554 3910 1905 7258 2078 10172 11930 9592 2043 10627 7729 819 8525 775 8520
14408 16068 10181 7124 11240 9406 8531 15333 4063 13176 12336 17335 4768 173 6244 9942 9029 2721 464 14180 19183 3795 5510 518 9365 16663
3909 15516 9497 4134 982 5914 18231 5077 18242 950 18811 4509 4800 19184 9712 16503 6474 7801 13790 19377 19008 10838 951 15624 19490 4989
15639 12296 12699 17676 11846 5368 11612 18084 1609 5424 11469 47 10024 6754 6094 1323 10013 12186 14565 9784 19216 13651 9591 7979 4996 16871
16402 18422 19827 15866 3609 608 16635 18696 15438 17806 7531 1005 13643 11970 15810 1403 9730 4525 3545 2853 14284 12351 1646 10343 18790 17398
16835 15328 12461 2502 7261 14328 10671 19988 13195 2139 5311 7988 7897 4190 11117 4724 16194 1761 19007 6720 4148 19009 16394 17784 10112 4342
7275 373 13707 2295 18017 9979 2512 15707 17918 9789 6306 19620 4509 5816 7974 12030 19279 7611 4231 13323 11414 3932 19821 5849 2793 10177
13064 14781 1636 16302 52 14322 505 12023 17356 11830 18993 335 17335 4692 14594 7669 8784 12813 7536 6356 13977 16094 12308 1454 12633 3353
14526 4897 4805 12117 5987 2345 18056 16467 4154 8463 7790 5338 8486 4431 2681 2478 15319 15265 13704 11735 4474 15150 13641 2181 4525 15282
5608 11795 8443 15768 6030 2581 18680 12081 7459 12914 19289 5351 3345 7813 7520 15256 19701 389 1162 8313 14500 17117 1354 4599 19463 12192
14656 8631 14976 11779 19090 2841 10203 7272 7705 13588 8723 14820 18471 769 1174 19007 10841 18215 19208 17402 2339 4833 4106 13724 6495 7527
18508 302 63 13464 12054 15203 5834 14337 19253 15319 14969 10955 6437 5585 9596 10872 9320 17170 19095 6465 12465 17537 19538 13713 18922 9402
16631 5276 5329 17629 14407 2762 10689 11870 6261 14521 9657 12067 17604 18568 6353 14051 16232 3357 15899 475 13314 12548 8894 3718 12543 9960
13116 2569 12828 17279 17227 2518 10771 2684 10790 8432 817 15740 18226 17318 18163 585 4502 13550 15986 13511 17914 11261 11178 10202 6515 16201
585 176 14158 5031 18569 12401 8075 7816 19201 10171 9011 17362 15944 12239 3484 19503 16276 9341 1341 17377 17394 17768 832 783 883 10857
6596 14824 7355 14482 8149 13548 4695 4800 7623 16596 1300 3509 15816 19465 4728 560 7650 3206 17480 19437 2549 12452 9294 7433 16681 2913
18112 12201 3804 3941 12010 8927 11950 6958 2013 17207 1543 12847 6538 6857 11814 9458 6207 15908 1519 628 4633 1601 19327 8743 11563 12102
2869 3121 18765 9636 16072 18094 3279 15835 15348 16952 6303 10554 1772 2314 2984 750 14263 12159 1897 15356 245 3309 13279 11585 7365 19614
3005 17519 9865 1928 1697 19300 7419 17578 11983 11140 14823 14624 7623 19938 19083 1362 2803 6959 19078 12845 17496 8925 792 4690 14649 490
6637 8984 12320 11097 7126 15132 755 6197 14587 2766 9008 9551 17755 11205 6564 18855 16527 14376 11706 19627 8754 1234 19109 19042 7820 17824
2446 116 16858 17559 5141 14080 18647 1729 1555 18850 11509 9759 16779 3364 6078 18574 8141 980 3126 17682 17143 7308 11378 15374 16070 15280
11211 5039 16916 19238 14354 5539 16908 13331 13532 5907 4254 4404 3505 5063 2422 12702 19366 18052 16806 15956 4176 12446 17285 323 4488 7470
2694 16951 11175 2584 11009 10605 9836 6775 10704 15615 2736 8299 6364 6736 1915 6735 4110 18136 10592 11890 16944 19633 2685 8145 4032 4719
14501 17594 8582 4279 1291 9389 16805 18724 6591 4383 15222 18801 18480 9544 16298 12684 14264 19493 18954 10404 15285 4566 5163 2510 17779 13373
16221 11438 14352 13429 2133 7935 11311 12955 3091 6031 11408 19237 7246 6544 11500 12801 16360 13372 16356 18008 13612 7144 1822 8636 11338 16659
13792 5775 9021 7227 18898 7093 4366 1262 14783 15187 17401 14462 12129 4723 4463 17110 6264 131 19244 13142 6564 11513 18120 2511 10378 16177
3444 16870 5288 19457 4073 3410 9343 13307 1918 15093 19165 1928 1857 16142 6795 16028 140 4901 14186 6866 3445 17425 976 9682 7971 9535
3964 11604 17283 16195 6278 7908 12077 12248 3887 738 2059 8210 12825 11862 13203 10541 6895 13980 14200 18601 10237 19371 17183 14053 10083 754
3430 17610 4253 17502 17386 3601 7416 1185 2185 8017 8159 15291 16555 11764 1310 4146 5746 19594 7958 7395 16415 19625 5472 13343 4066 8622
2271 10432 2504 17310 5883 2700 19380 1100 14046 9007 19230 9045 7687 9768 19678 9469 6429 9390 10621 14867 17609 354 17926 2470 7484 13764
12298 11439 1618 19024 6475 6117 2407 4101 1566 8822 12824 19119 2792 12535 5229 16785 5099 9792 7483 18658 15818 664 17163 14408 2700 13422
10551 13923 2011 11390 5267 837 12613 6321 18207 10393 11572 11636 15532 1687 12548 2173 5965 8387 17406 12682 1294 19577 240 8978 12799 6708
11716 14719 9245 5063 15012 9787 3910 1885 9152 778 12339 655 553 9996 5381 15630 11096 6969 9431 5698 17005 132 16227 10232 17360 10483
4869 2591 15924 9151 19122 13718 5162 8834 10496 1307 3076 13808 6399 12526 11283 14529 2301 18244 13200 162 8257 10938 11222 3559 8328 18801
15449 6387 13281 15417 16283 13754 19297 13971 10658 7737 18436 612 10667 16369 17638 14397 14319 14145 13140 16109 11789 10692 12924 6888 13944 6352
15536 7315 9445 16209 9870 8726 10904 9005 6083 3044 15965 5225 481 3803 11545 15484 2422 313 8977 16458 9827 19057 10152 4715 5710 5420
15141 3522 3341 13615 2445 2729 16275 7307 15775 11676 16731 7465 17625 14099 13122 11658 7406 10365 17023 18360 4748 15252 2545 12990 6789 7968
5100 11658 4220 14042 1420 13535 10842 9970 11012 4046 5957 10055 9402 8889 9860 902 7181 11135 4329 19366 11695 8059 4606 5029 16599 9023
13457 3676 8292 7334 4106 11197 7139 7485 8625 14263 4192 10217 19171 6992 8478 10459 16866 3300 17968 5443 3473 8019 18559 2638 13273 1293
8220 241 6390 1975 5094 1683 14074 17930 14058 4528 2422 17164 10821 4533 14858 15802 5024 17370 17970 15629 6596 13394 16036 13019 108 3803
15161 1199 7317 14039 5932 19254 4173 19077 3296 1437 16891 5553 9288 17579 18502 13009 2720 5348 14270 11036 9525 706 13734 3415 6917 9532
15314 9667 373 8584 15910 12239 8427 14305 9183 17721 17755 12995 125 16524 3022 14594 12571 3386 4703 10622 4986 6452 7926 18452 16025 1620
13617 19629 9499 8095 13062 17821 3576 18671 3986 16678 11500 15534 18629 16421 4518 8817 5423 10624 12634 3933 4654 7181 5124 15087 7188 17482
1292 19766 17967 12298 19366 15413 2821 6649 17502 7726 2927 5273 1633 18642 10589 5715 16698 7721 5600 19011 6135 9951 17634 13920 16383 14389
9050 6572 18508 14582 1202 12998 1992 10430 6960 17767 15214 7148 19632 16193 1561 10864 11239 2199 13208 10266 19560 19749 6434 5489 4602 11553
1087 3468 9605 11250 13539 16215 16254 14970 13886 14866 16638 11877 15565 12528 16823 11339 8816 19691 2557 9322 5486 2080 6416 12224 7320 4798
10444 14582 19376 8421 3664 674 7960 2693 19881 19940 10694 11873 8464 6780 16996 862 3078 5334 8550 12997 9083 13475 18196 19776 7864 5095
17137 19047 12204 19198 6774 18546 4347 2047 10104 13547 11592 8319 10609 5237 12587 18706 7280 6607 7828 2444 14960 8697 8591 3737 16345 5458
13305 3743 6833 15824 19788 9997 10870 19816 4363 11376 16446 9131 7836 11501 13880 9133 13693 2965 15214 17079 664 10023 14898 2901 11683 11490
2270 14242 9223 19116 9526 1 1579 19399 12684 2275 18079 8596 17295 2241 9351 19557 14218 9600 10011 4456 5926 3215 9928 13197 6850 12250
18301 6106 10796 4930 2699 13514 18191 7062 11372 8846 3384 3535 169 12761 236 14011 16153 11163 116 8640 15898 1602 13646 5235 13921 5293
11722 14411 2495 3597 14988 10888 16855 16567 7250 17443 2603 17506 18734 5539 16050 4291 16650 8159 10320 7473 18937 9717 12928 3197 2901 14403
18434 16626 12918 202 16095 14054 6745 4774 11865 18706 3032 3900 1951 8822 15716 3112 16108 16372 18792 2940 9736 5648 13715 6430 14851 14445
12677 6519 1226 8073 15891 12700 14996 12354 17806 3045 9894 10511 13176 2091 4771 15548 2642 11133 19661 6859 11541 13351 1148 13171 19396 11990
9994 15148 19299 18799 15344 11597 8760 19079 4999 13874 13309 18535 3138 11860 5403 16671 10859 12256 3150 3312 14448 9080 4164 9295 1727 15535
18981 15830 13089 14174 10440 15442 7459 15784 15357 18470 16310 18126 7412 4141 6088 9080 7888 2960 11906 16693 7890 14391 17426 5345 2483 7442
10495 17058 7441 16522 8921 17933 18087 16645 2448 19467 13915 12257 814 15512 15976 10385 9428 36 2769 2166 4384 15367 18620 19705 17185 18003
16282 2009 12345 3360 5269 12506 6924 9041 15340 18396 17972 16127 17509 12125 2753 2581 5370 18533 13942 7608 8335 3358 1049 13245 13794 17621
4075 10836 1328 10943 10188 12629 2982 4531 8844 6916 4729 18246 4496 8899 4969 6715 19844 19812 7612 18108 18232 18742 1372 11294 14697 2396
7446 12416 19789 7052 6114 19874 2966 11011 15726 11742 4287 10868 5019 2962 19326 3911 11769 11172 5495 5006 15879 7303 17520 13430 4648 18402
12058 6779 15269 11963 28 16037 1423 2860 14542 8338 6310 17523 6503 5471 3492 1366 13418 1564 19753 10636 12033 5152 2183 17615 5344 16250
14551 14005 8271 17165 4275 7269 2108 3599 6202 18095 11644 12115 16222 5841 19518 5484 14248 15189 3910 12819 5489 4511 12282 12605 1935 5355
14011 17228 9921 5556 13321 14411 2419 6190 13612 15849 1292 482 12356 5674 10811 7327 17229 8984 13877 9543 799 3688 17927 44 367 3018
16054 10058 2334 12000 3788 6868 11000 11860 6476 13511 13808 17591 9223 10794 17782 19096 4772 10143 15259 7531 2751 13340 8289 2152 18221 19715
11010 15003 4120 11346 10220 16118 6073 5727 5346 4665 4579 5389 3532 13123 19805 7121 7671 11372 3874 8568 4872 11062 2059 19340 4666 16032
6281 9990 6608 11246 16449 17066 8941 16697 16354 11725 12337 768 13072 7871 8142 7309 14593 5189 16928 1930 7902 17659 18577 6592 14715 11254
9488 8766 4066 17311 9428 1587 14618 7452 19686 11483 16120 11727 10354 18386 16126 10425 2657 640 10317 17850 12266 335 3219 14743 16272 10938
6712 9681 11923 2615 19436 2770 6344 5122 17698 4660 12694 10172 8399 2516 1692 19719 210 18557 2862 14224 18960 5472 14799 5220 10293 14751
18485 11540 5889 19722 19393 8340 7648 18516 9104 17534 14664 596 6007 10854 6038 10817 2206 8738 2583 16664 3101 13306 520 12763 386 11756
15948 3981 3989 8986 12188 9349 9636 16298 7464 7951 10888 832 16392 8975 16535 6238 8015 16171 6601 17895 13896 4447 14567 741 14779 9426
12352 11716 11108 16165 15123 14969 9688 16208 13333 19682 18530 15374 5588 15562 708 13372 12209 13378 16926 5520 14491 3134 11171 11782 11291 854
8184 1435 13825 5716 9457 18113 10628 19299 507 16365 13954 14082 13787 10767 13988 867 16852 13752 13759 6118 16548 3036 3383 1918 19019 11557
6128 10487 5094 10588 16826 7620 9157 2222 3692 7183 1901 8667 12960 9694 10630 12825 7758 11581 10743 3254 15321 11036 13609 6162 15017 5821
10427 5215 11425 17638 219 12931 16463 12920 18517 5670 5243 5738 13964 2350 10719 19095 19942 14320 4823 6081 16088 6845 18619 6305 5476 2897
8091 11870 5952 6855 11830 6973 1920 14207 16009 153 6957 19125 14357 10779 13133 4027 18040 15998 1891 17833 5609 18762 15231 17624 17200 15779
6747 2982 11077 3893 19800 19216 14319 16411 2105 3143 16620 8525 5213 1908 401 5975 1923 4235 13750 946 9141 19427 2751 16424 15030 15527
18377 19719 568 19650 19334 8981 8718 12118 18399 19267 18095 13896 8732 12815 19972 15852 19037 15095 19788 9942 12338 10958 48 6178 14020 19550
4830 15907 5848 14902 2948 12932 1881 6714 7746 9810 11192 7740 18911 18023 15419 5995 11039 8739 8847 11358 8259 12900 4122 14882 3909 9194
16679 5418 10671 4727 8731 16653 5327 286 19398 142 13219 16463 12404 4412 17970 10189 13960 1122 15181 8870 1941 8747 5027 4019 5287 3050
8812 17034 15421 5782 6907 16499 14916 5028 19915 6877 14370 3610 16989 13681 17640 11822 9478 8078 1731 11148 1751 18271 14931 4114 236 16468
17236 4250 18624 11021 3291 9314 9269 5269 4838 17461 3548 10396 9354 3693 7222 2274 10311 7249 4287 2959 2778 12168 15421 6332 11853 12334
17527 2129 3490 8492 8737 17438 9005 14329 9246 7368 8174 17087 12337 3190 17818 5458 3745 3190 12839 2452 5524 4878 6619 12028 7745 15002
