365
39 71 32 100 11 72 62 99 99 58 52 99 54 70 32 36 57 27 84 55 18 92 5 31 79 98
205 12635 10066 7498 13420 7172 3366 3231 3020 10680 2151 19544 2468 13768 18609 17497 890 1985 2005 3121 7465 4179 17987 10456 2466 9534
10723 13219 15906 979 7869 3698 13832 9289 12573 9083 15804 5480 9996 17536 11102 9584 7722 8357 4970 9299 961 2469 2490 2141 6150 9160
17460 12934 19789 16761 15589 4039 12917 14405 10479 13975 17902 11848 18767 15056 713 17526 4985 10092 19592 15587 13137 836 863 1139 13019 2451
3948 1376 1963 9510 10597 2440 11275 1452 8122 8113 15750 6794 7408 17020 18993 16047 6233 9833 18847 1897 1791 19328 2621 16654 16452 19532
15336 15336 19256 10628 11636 7229 11551 16723 11961 407 17966 14579 14196 6012 4876 8163 18156 4118 1515 2652 5560 2520 3410 18565 2215 2572
12902 312 4882 16454 18024 6075 7844 15368 6667 10944 8776 4206 9613 5136 15109 2828 9564 4536 1501 10221 9897 9636 2303 13930 4926 16427
1719 14070 9210 15590 6174 18556 8039 1482 12925 4745 16390 18267 1321 494 12760 2799 2789 872 7878 11718 232 10779 5005 9936 10212 19088
14828 6900 17097 11572 9069 15415 15854 13354 6046 12467 13346 14207 18211 16405 13510 2373 9873 3540 14580 3601 13671 13394 17762 17157 8531 6315
10505 15068 13838 1877 4837 15178 12269 17771 17837 8108 225 10937 2122 16417 7707 16533 14532 921 8860 3489 12359 3046 16361 19311 15959 17238
14767 1710 11704 14335 6431 9685 866 7293 19341 17965 7023 4147 10496 17890 6922 8357 18191 13386 17580 6189 1539 755 14275 6455 3226 12917
13723 16446 15502 2963 12360 800 17435 4107 2720 5712 13913 8795 7665 11052 12759 467 189 16220 14803 19342 17607 11538 9718 1925 1169 19177
12941 6513 5231 18026 446 15105 17394 18278 8640 10907 5915 6168 5953 13680 6099 13422 11109 19355 9001 17658 567 11458 5088 91 17529 4532
3503 3397 440 6556 12588 3652 16787 10087 16436 19968 2582 5233 13142 8575 144 6900 5516 16397 2270 671 9632 8397 10670 8220 4362 14740
15095 16250 18555 19145 14972 13667 9353 17730 16384 3356 5266 13036 1061 16386 9288 11279 14344 15277 11669 759 10785 2114 655 18824 664 11600
14919 10310 6045 17218 15767 12169 2056 16640 9886 12007 12098 6941 39 10794 2188 9553 1427 19821 248 17588 1315 8868 11005 17009 12591 9792
9764 1682 18592 11137 17891 1601 3086 7991 12123 11274 10968 16026 6956 11700 11306 3342 3169 655 702 10191 16982 8391 10971 15200 9981 2572
4524 13112 3087 11329 15472 16613 11156 6267 18526 7447 4102 18729 1534 4258 8495 10892 7838 16439 16162 659 18052 12410 5089 20 14031 10369
11237 16134 17891 3567 2270 1497 5433 10771 7996 5133 1501 8985 17662 13646 17665 3791 7917 6294 18353 18292 17708 6605 9639 6224 9333 14020
11603 15844 2627 17249 5720 16057 4128 7634 13769 12683 5792 6767 12080 8659 8851 16309 19610 5298 5581 16729 1939 3963 9877 3055 9461 2191
14304 17698 14126 12370 4522 13160 19995 4830 3458 16563 8377 4760 18441 7101 16242 14533 9470 5673 7625 7578 6410 17013 8023 18015 18098 7057
18807 6583 6970 19967 7058 4526 6263 19387 9551 926 5548 17451 7304 970 17509 13977 4132 13102 8471 10997 8496 5494 10667 12399 14529 16588
19245 3658 12296 4526 4651 494 8137 6683 19084 2065 13902 13241 11482 8042 19240 16351 18954 19443 13988 16525 1720 16478 7335 11733 7054 11394
5644 14836 14443 9647 13845 16872 8133 4039 17061 10306 9396 2640 1058 3532 19101 13851 15536 4299 15385 16741 16346 17409 10652 12615 6884 6847
5929 1266 3704 4059 12087 14047 4437 5985 13180 10041 11563 14290 1445 5332 13452 3889 6068 4679 18241 8562 10011 14925 10116 19341 19830 11502
835 19145 985 17625 9144 7312 12253 1496 18308 2958 4004 6199 689 14197 13016 10890 12744 2985 13749 15933 7247 7727 10994 18566 14302 17335
6903 13204 6197 1360 9889 4629 15465 13361 3923 19331 11170 11622 17687 10413 5214 6651 17516 7948 9544 11850 7751 12281 19991 1838 11968 18132
2501 16160 5882 7017 1533 18191 10615 10667 13451 5391 726 11879 5620 11761 16169 10920 8153 1886 10699 2473 11865 12725 18280 5183 13158 15694
4620 7869 6190 10426 2550 2005 11083 7450 1807 14800 12098 16419 15132 15381 14310 13023 15216 12514 19018 5816 2904 10127 2068 4144 594 9633
3630 18860 8730 12206 5854 18734 7359 18180 13168 8332 3248 11361 9621 18167 17391 17787 18076 18341 19547 19404 17327 10227 91 8909 10634 8386
4932 18847 17414 17819 15860 189 8221 14395 6613 7728 17683 14732 8331 2803 3218 2763 13289 1857 12158 6994 7289 19683 19024 1343 8346 3342
3790 8016 10768 6437 10126 3773 4711 18263 11457 6608 4654 10137 11362 13556 19939 7844 19654 8050 19748 4127 17137 17760 13469 13804 3774 19074
14772 16426 12992 2703 13618 13866 5382 2816 5748 7020 4967 17076 5381 19132 14000 6171 12456 18054 14233 1114 5976 14721 4149 6589 10096 5088
11226 15642 15908 4754 13444 13730 11916 3344 4528 5855 10153 1824 11302 17626 5456 7848 10348 8583 4196 17784 18187 15441 17107 17342 3289 7118
208 613 3060 1558 16922 4089 11190 18831 18969 6867 19394 11806 14967 4100 5113 17216 7616 11697 12768 13519 720 1363 1776 13063 8425 13773
1071 17767 19620 19502 8322 17050 13392 16536 12024 17627 18299 12817 13904 12952 1893 231 8138 2967 18719 17727 13200 11770 17830 19430 3933 19871
1454 11662 18025 14159 5383 5101 940 18006 6484 7297 19874 15765 1499 16452 6476 6662 19172 18563 8765 16783 11257 2354 14090 15930 9170 9325
911 13028 17722 7715 12847 13390 14337 9208 1841 13772 8137 17630 638 9667 2278 11416 10526 8595 12280 15751 11458 1962 19616 11742 4410 3133
9120 8738 19474 1 6104 8574 12574 8226 13873 3224 2089 5799 5055 7067 18984 6714 6489 9350 10625 8911 2184 4806 3456 16281 8987 8572
668 5624 10785 1995 17638 2791 5357 11190 17997 9477 19773 10667 3304 19907 17589 8835 5995 9336 12706 4288 12634 2061 6190 6966 3143 5579
865 6632 11664 5187 1890 1366 5781 16108 4131 633 1532 7115 4901 304 14644 6985 11191 15082 8026 18079 2287 16817 462 3699 8722 5435
3261 1967 15898 11238 5318 18596 9964 14681 4177 12236 5043 12244 4751 2319 15557 18029 1824 18943 6153 14483 12536 12807 2328 15595 604 16649
12734 1658 15351 3679 9809 15209 4100 12312 10255 15980 10249 12662 8505 9190 13759 4345 5746 14975 8363 6876 18908 14333 7993 979 6518 3880
11153 17132 18764 1952 9180 10835 8036 1357 4795 11868 5062 13352 10738 15452 11668 17257 2727 32 2491 6452 1445 11749 14861 9191 19263 2734
17803 16965 18977 14352 2979 3252 16324 14466 11708 12172 4554 18068 19518 10233 9878 4119 10639 5266 6789 9336 3373 15265 16865 551 15405 15502
14933 5816 17452 19267 5219 17180 16100 16417 11484 18525 11410 12698 16119 5637 11299 16973 11340 13510 5086 8224 720 375 12170 19446 15600 7788
15797 10576 7581 4032 5370 2387 1350 3477 17519 7494 611 7221 17607 5592 16045 7391 17513 5571 7607 19282 15398 7820 11144 5123 1221 9144
18146 15409 1379 7406 14596 19369 11827 4096 17651 4125 9366 134 2971 8292 18807 9832 8158 5391 269 16495 2631 13855 14583 12800 10607 9716
2231 11485 17390 19614 574 5745 19085 1514 13976 8800 15816 13397 12399 7873 8716 11267 19811 15565 8809 10475 5735 3537 8661 7231 1603 19034
1216 6428 19328 12526 15489 14917 416 1094 7573 791 3804 4849 483 5063 12652 12794 3872 6663 2220 8893 5419 15080 18279 7908 137 13945
2741 4811 9762 7184 18289 6555 15594 13175 11111 7435 18533 13835 8569 16812 8957 6290 5251 121 5886 7132 9602 8056 17621 18077 18774 10955
9268 14013 11299 17441 14325 1513 13643 5324 9847 6539 2453 10811 14807 12025 4526 13621 14999 15866 12532 13548 18754 6312 9106 8661 3284 19903
5702 2744 10058 6549 7053 1606 15121 3332 7121 8812 1228 16079 15609 11174 3827 5724 935 19983 9358 8576 12116 6338 2872 9185 12252 13195
8448 2475 2620 3370 17940 19100 17186 14530 9960 2677 3457 16112 18281 19038 11601 6899 2432 15646 17013 11175 2261 3171 644 18672 544 12805
17632 15167 8607 8958 13088 13783 4757 9762 7263 11980 12872 1259 14665 13545 13201 7426 2743 5544 15691 6920 11367 13375 19941 5077 67 15999
7833 8169 2231 4536 3683 12843 952 13364 15263 1158 11646 15907 17438 4861 266 6858 17858 10450 9572 15512 18008 19591 15253 18195 1304 6525
3788 2753 17798 17567 11281 18380 14363 15693 2604 4391 18519 6306 14385 2944 16369 8584 222 16324 8931 4018 15522 11182 8776 12637 12494 16677
12478 14482 6852 9535 18761 8178 6003 7732 8269 8013 11883 7655 10003 19651 11692 5224 6815 18785 15785 19648 1185 698 13242 1473 13957 8982
18932 7266 6371 8230 2591 13377 12235 5700 1283 15798 6159 14071 5798 16736 13415 7771 8962 12680 7009 6225 13787 11496 29 16895 8418 12974
16773 3961 1657 9838 18769 19816 19007 273 8165 12089 8656 5444 1175 10154 4901 10799 1154 9673 10524 16326 3252 16290 10404 16351 7765 12246
4868 15230 13634 19834 12492 18507 12237 7851 551 2643 2573 13569 2443 15178 13367 4031 2010 8517 2499 16720 13157 17590 8549 7924 18357 9270
1839 16895 17354 1495 9050 4195 10646 9486 16772 11995 11362 12846 7907 7692 441 13931 2474 6218 1159 13091 1320 18066 16574 3083 19508 5527
11787 19494 15122 3556 5695 17647 13508 14487 8037 5573 11213 3847 16209 2088 8440 6456 9941 8399 3322 12651 16416 16008 17003 19042 15639 11710
16876 8377 10297 11301 8139 19210 7911 9038 12125 2409 7542 2559 7829 8446 17467 3388 1465 4533 10640 2251 8042 8041 5929 7141 7746 2813
2312 15594 16553 19148 16694 13570 19138 491 15878 19053 12522 17375 15575 18560 6010 2888 13189 2724 4341 173 2811 12196 16266 876 16223 2018
14882 8487 4560 14964 9300 14601 18677 19675 14300 15046 980 3871 7760 19429 8340 530 5327 14511 17821 14441 14515 14733 3705 18550 12133 16223
4556 14415 2953 12468 8011 7066 16226 7929 11921 4127 2685 952 18662 5565 225 14449 10368 10484 12477 13355 4900 4488 7599 17242 7417 1139
5322 6731 2966 2628 8797 18544 11000 18276 13376 9855 3784 5354 13700 12182 4657 17827 2277 16795 10366 4239 1337 6081 1974 10004 9002 14377
18181 1973 7203 14763 12823 8932 7138 16551 300 16002 12959 5046 3168 18486 11484 19039 12313 14516 5368 4800 16524 2153 1555 3071 15717 5632
1379 3967 17839 10531 7202 5362 17838 15176 3564 4970 6893 1732 3840 15224 1068 11268 17356 17260 9904 5565 5871 4497 8382 10779 2966 9114
1008 17112 3679 9424 9448 2622 17220 9294 9339 12479 16650 12738 4846 15227 1226 17184 15401 11554 9211 60 13314 19013 7982 1813 4851 8219
17784 2322 3778 11058 952 12106 16964 11953 7326 11066 3661 1909 6522 16683 720 331 5282 12784 18136 13599 13159 12364 18685 14524 4834 19120
4252 3373 8337 15815 6683 6283 16018 3323 10724 5947 14134 7066 13284 6130 5932 13987 783 6328 13019 15547 15908 3450 3732 15923 1250 14791
7057 6181 3119 2724 11728 10133 4281 12890 13417 15985 17598 17353 2036 7998 15861 12491 15420 15135 4700 6904 2669 17292 8528 14752 2115 13381
10780 6653 10361 4985 14978 13801 1073 4094 10978 16098 8805 17385 2334 9969 6748 8510 7727 550 955 19251 7140 8912 1987 18860 10665 15750
9654 11386 16199 10046 14838 17131 4266 17631 15647 1766 11197 15618 690 9371 18516 14957 3442 9753 4321 15232 10164 2473 11974 7180 1958 9939
1244 13376 7505 10661 523 10433 8663 19778 7195 6693 16034 17828 12669 3622 10724 13710 12521 8597 2844 12518 2615 18188 18717 15261 7924 11739
12610 678 10008 19408 13507 6744 657 4109 4989 13246 4412 17551 16459 7026 1889 15132 3013 9271 14592 14601 15320 12037 4702 11169 5988 2454
8546 414 7404 8242 13398 15678 4296 17606 17801 16056 18163 19285 3844 7359 17440 15127 3756 17774 7673 12344 3281 4860 8386 608 18683 11315
3418 15174 9805 13282 13431 16633 1807 14663 10957 18437 6953 6730 5433 3595 5291 1302 6090 5655 6793 8319 11021 6481 7568 6718 11006 926
13435 5000 19055 12075 7519 18960 2368 11437 17483 4072 3207 12608 2365 17519 15426 2840 17185 16833 15299 18826 9201 9344 772 4253 9995 7518
52 19301 12502 10283 10832 6397 16177 15872 12103 13658 3811 4937 3166 14297 1008 2321 11174 3600 2158 14910 16757 4948 13967 7211 13806 4776
15715 11365 3895 3817 4112 9330 13528 1029 3706 8799 12620 8215 2081 13437 7392 3141 19916 7710 18162 3614 13830 18082 3534 3022 4959 9716
19285 4442 18823 4092 13856 3166 5729 8992 5051 11394 10820 14560 19622 2712 3125 14510 9751 15832 6575 13572 19346 14997 13904 5682 4708 16766
14634 16499 11189 2018 11891 3993 15458 6121 399 3193 7711 6677 989 17018 12206 6025 7662 9202 8308 10712 12961 11591 15953 12987 7817 13378
865 12788 5532 6333 3657 13477 5849 6315 8227 4654 8830 906 6774 10437 12286 18498 3788 6174 15627 2023 16709 1610 11363 17899 5210 3860
15419 8752 19008 13078 3290 17995 13638 8339 16821 11241 14741 12205 12657 14127 7874 17119 3418 5092 206 1678 16653 17609 5986 7239 11627 15063
2310 935 11395 15608 12690 13690 2669 8580 17917 18108 16438 7069 17625 1896 3584 3086 9212 16047 16697 17908 6969 12521 13329 3680 9274 6102
10428 5498 6073 17858 12026 6810 239 7507 11266 6478 19808 4667 10035 3777 19906 14107 5779 5311 220 6910 18364 15579 13928 4062 13511 5055
26 2012 10402 18828 12233 9723 16133 2308 1954 12976 453 5158 17675 9064 12542 354 812 18952 16100 6544 8061 10232 2439 18285 14601 3701
11996 1688 17123 19022 5739 11285 6143 9560 9781 16284 17171 3190 12369 7433 15639 5260 11359 15704 11320 14050 9319 7533 11741 11628 7827 16448
7903 4515 10711 18489 9064 19216 5245 4405 12128 16496 5133 11109 2238 18208 17212 3019 13473 10811 4339 1123 4944 14265 15914 240 15229 3279
4075 1975 4505 16804 9940 10760 6537 17877 2950 11719 18632 1781 4323 12777 8054 13463 1131 16798 18285 12315 2997 11798 15263 3280 17778 12599
15410 2058 3137 19700 19440 6144 11685 12944 16003 2731 17510 5675 11277 16355 18093 18937 6590 13230 15670 9263 8443 14878 195 8836 6426 11947
4738 16203 13020 16380 4841 10236 18425 11806 3210 13939 19046 8622 5252 18130 13698 6601 3737 9050 12072 6597 7602 18294 16624 11501 8897 11294
11013 17591 9004 11763 4415 6713 14943 15289 3017 9577 3129 7754 1999 12237 17278 17672 1275 17263 11560 896 16855 16630 16347 6161 1041 6452
14014 5523 10136 2615 11751 14025 5245 14211 12296 4903 12340 14482 6881 10420 943 16332 10462 6301 19578 11836 13726 2715 10849 4479 15366 8771
13365 18953 6585 16002 5122 2145 10671 12118 7662 13273 249 14199 1856 19409 5634 14674 6216 9984 19461 15879 2776 1719 3005 3464 3738 16992
7764 16970 16584 10628 2611 582 3817 12685 3666 4393 9807 6063 19716 1438 8329 7136 14259 5777 6406 8038 14543 19073 17754 10768 12510 2617
12239 8993 4964 8074 4478 2644 9109 6833 10741 6606 8212 6295 138 13743 18074 18406 11189 1528 173 5874 14187 5195 4834 6060 10336 17239
17847 19571 19503 1516 2057 17842 7160 8458 15837 2005 14819 7614 11233 7614 6093 1966 4841 12966 18356 13038 8151 4714 3329 9640 4448 12622
9841 3008 17489 6341 2922 2024 12921 224 15348 8185 59 789 10924 15951 5243 18303 3207 14974 14280 6976 16468 2582 5244 1781 9472 13414
3061 13673 19110 14621 15687 4980 12734 160 9336 12113 4650 1169 12714 5026 838 18755 7334 16279 14043 17226 9949 13308 3295 10483 12220 6065
13519 12939 10062 14549 1588 16003 5951 19103 14850 12970 12758 17601 2151 1699 7279 10760 2792 11409 13968 13893 8170 7753 17015 19409 9108 812
8966 16860 19324 18261 7367 3345 18284 12495 3955 555 588 19397 14153 3040 5425 3795 5070 17816 18043 13352 14461 15174 10400 5392 2637 15039
19571 18521 18193 4960 9840 9911 9057 13635 18119 19873 14306 5671 5597 8974 2456 18616 3069 9237 12075 7977 17126 11889 4065 1432 4014 16971
15904 8784 8787 779 19052 7635 367 14673 6853 10931 18214 2062 6648 5576 12005 2409 14263 19630 2434 19756 16813 12936 2986 4470 7227 4353
14287 6545 2040 1304 2221 1599 16194 1637 17815 12250 6389 12819 1235 10020 22 12678 13045 18337 10709 2985 11332 14527 3940 1935 15684 14125
10032 1031 3576 17617 11644 17563 13891 7582 10659 1957 2890 6 1953 17231 9332 502 7943 17275 8775 19849 586 8246 16059 7918 17856 11958
16257 18096 5463 7487 10042 7462 10925 5183 7364 4942 14030 18506 13916 16114 10847 6390 1091 18853 4749 4833 617 18087 18585 4868 4783 1492
16272 830 16905 4934 13727 15008 10899 19593 8122 924 15782 4365 117 18000 5293 6837 14509 13104 7379 17568 5195 17387 18280 5176 1769 19732
14965 15962 1469 13073 19145 9270 19819 174 8459 11477 17113 19581 9235 9040 18493 10031 8175 7674 8249 11410 8442 2052 18596 19448 14655 1071
17001 381 16372 9830 16709 3657 13622 5538 11562 3126 8534 14741 18243 8209 6022 3710 7303 13757 4648 17514 6934 2003 17676 4159 18747 5812
12314 10666 15321 4511 18110 14369 19053 10538 12564 19404 13747 16338 4256 10837 14338 25 8413 18154 383 5977 13907 826 8701 9197 19657 19643
18868 11149 1501 18397 4526 12078 6287 14310 17054 2647 1703 10893 7131 13953 10759 19716 16607 13650 10849 14816 19566 12750 9584 14020 10594 8083
19468 6231 17733 11592 14008 5320 8350 898 13154 11547 10093 9102 7213 1488 19529 13783 12132 9505 7780 10504 4608 15578 16612 8695 5315 16940
3574 11283 13258 2294 14477 9867 4818 10150 4099 1637 13435 3381 4026 9928 1442 13347 2576 1552 4438 4268 16497 17826 12543 3413 10698 9681
3702 9751 16609 12346 16013 18269 5780 3278 9689 10787 3325 7144 3811 1813 8525 19487 9671 6492 1616 17993 15127 2030 1358 15258 9647 7213
2978 15643 2350 10392 19919 18087 8586 7677 19917 9057 13843 5899 18424 8730 4530 17970 11523 7492 3755 7135 16862 9523 2767 2575 126 15954
15786 14546 14308 16767 15594 11628 18303 13844 17318 19099 3827 14053 8218 12757 1984 4905 16784 8281 12150 2089 9632 10782 15041 5634 14360 15696
4705 17060 2841 12957 16617 9538 13520 14484 13459 5240 3051 7047 15744 1603 3537 7270 5553 11899 3710 19452 4976 7672 17012 3990 10669 6533
17747 7074 5073 13565 8896 6916 16532 11570 14616 16777 6450 17450 2500 4723 12950 17116 2415 16982 5836 11582 897 15258 13763 254 13661 4683
17713 12189 8025 146 5066 16078 1996 12517 8648 3150 19269 7883 2817 18503 4606 5480 13676 3967 5347 16102 9236 12394 7550 3288 2864 16198
5369 1607 1025 10010 4387 19748 630 2601 14886 16938 14979 6210 6199 10211 4044 5325 2972 12693 1241 13521 1947 16863 13470 5128 14863 16692
601 12069 12306 927 641 5240 8945 14757 12660 174 18026 10743 789 3957 10593 11976 5960 1329 7109 18674 8765 15955 11482 10039 13993 4919
6485 16002 8753 1946 15350 3981 9180 17096 18901 6171 3905 7293 14805 6631 12488 15140 17491 8055 18619 8516 552 68 861 17138 12269 17842
18188 7261 3264 1353 3451 6466 3713 10989 11200 19047 18564 19358 18214 19138 12502 796 1488 4703 7668 12995 13374 18166 8176 8156 660 2331
10186 5951 11825 9387 11926 5453 17637 2136 13042 18210 7117 8234 19550 13302 17658 8561 7495 7469 3126 4340 3256 16396 12622 6999 5074 12508
19929 6318 8569 10478 5177 15948 16453 1404 801 18867 8673 16291 2819 164 14582 11001 15887 9443 7616 15504 11011 7669 1492 698 2322 2913
16953 6387 1736 13640 12771 369 9471 54 14602 3525 8187 697 4214 19869 13012 17896 504 12227 11726 14552 9702 10296 9813 6823 14563 15009
713 6105 6030 163 16414 1443 19312 6955 551 14797 12713 8292 11263 8008 13293 4252 3115 5777 6516 19586 5455 4634 15571 18724 7023 6424
1143 597 15269 14197 19412 12174 4953 1148 243 10235 12646 10502 10997 11188 7357 1664 14901 2415 10669 15932 12082 12069 14439 16381 14782 10915
11488 7660 12590 6995 10587 4361 3272 14002 11240 12742 16145 10695 9079 2224 14150 5030 1313 15154 12277 8029 15707 478 2964 19649 6942 4396
16364 9832 10462 13548 4559 6388 12926 18645 11884 8303 18046 5884 14694 19836 10321 18727 9133 13960 18716 5374 4624 7628 3713 15538 18346 11757
8064 1681 14623 9058 15287 17471 12768 413 19126 7543 13491 17270 17508 2692 1328 2367 3066 2660 10612 16650 3367 3492 5126 4382 14768 9905
15781 1286 18700 4052 6767 11572 9679 17598 16200 8722 19586 2015 751 17065 9312 14266 18033 11699 9529 14495 7850 4433 14118 16430 17228 12593
1379 6486 9841 12925 13323 19481 15516 15081 11886 9086 585 2775 18688 3276 695 19812 10713 4429 4366 9010 6751 8124 9262 15096 2380 9487
12176 13595 8871 17772 1962 4308 6892 575 13400 15517 19743 2392 2865 17976 9391 19815 16780 12603 15472 12424 9911 6162 6495 18403 1597 1324
17843 9695 14274 10992 5641 4071 7107 14988 3899 5761 17253 2414 9512 12497 16866 10902 8687 16643 13806 4224 7008 15020 13553 3710 9332 9498
9001 14869 12570 5614 283 4934 15023 524 13492 5231 4805 19278 225 2141 12729 4535 9980 3130 7803 18337 12169 14516 178 18607 4329 3445
17897 17577 13091 16654 14227 5206 16097 9400 16929 17957 18515 5815 18541 16731 6500 11271 9389 17884 10847 9893 3445 8161 14144 15206 1132 1052
16505 18091 15018 10240 18868 17987 12819 5455 16845 1357 10665 8285 17375 4793 12382 11021 1518 15754 14631 10380 15023 3001 11329 15668 1050 14247
17847 13080 16656 19963 14080 3538 10263 3168 9780 16083 3110 5433 13056 19440 1016 6422 490 9657 18942 8234 18191 15742 16315 5745 6424 17680
16099 4874 2131 15664 12189 11012 11308 15598 15347 7645 5600 13113 12215 9296 8708 1682 12452 18198 19689 2257 10959 14067 9610 9763 5258 18487
6319 180 19771 1466 1187 1490 16162 14719 19608 15437 2021 6956 12630 9835 16337 14339 5929 12469 5522 14831 56 13360 4000 18504 15789 14707
2853 169 6019 5567 17817 15097 2508 14887 4011 548 9155 5615 2014 9905 12043 12894 8749 6131 17235 2244 2768 19411 4642 1420 1255 14715
16643 17570 13671 8139 15791 13504 14132 2554 18066 8891 16695 9498 12403 16036 12810 12250 11551 16357 12831 9307 14611 17057 12140 12762 14251 130
330 4747 9518 5711 11740 6961 6840 4377 16226 13644 11821 7837 14311 10513 11104 19471 12247 17017 771 1056 16228 7920 11946 6846 15155 6945
12947 15656 7029 7994 7776 15456 2087 14857 18813 9134 5110 13762 12742 4323 13623 11745 17119 17747 14059 8404 18132 19340 3845 9911 3639 4090
219 13974 10249 12025 5262 8593 11851 3885 8005 488 19991 5308 10524 15834 5869 3130 47 1127 17488 15491 15082 3312 13365 6218 5737 10845
1689 13445 6595 6450 166 18623 4264 9829 11143 11362 5408 11392 1173 11301 18151 17353 14008 8066 6893 18618 18017 2482 4490 14486 8391 12842
6268 8422 11968 8888 15271 11525 2224 18481 2698 11148 1072 5355 6552 18927 1809 19481 8553 17203 2154 6272 19904 19422 7383 6421 1726 15029
7814 3259 6928 11874 18960 14447 3190 12041 16707 12334 13442 7715 11164 3924 15376 5228 646 17382 5655 14326 1710 11458 11528 14670 18158 3947
852 4051 17875 13620 13128 11217 2331 8627 12677 2739 7347 17988 9917 2167 15697 13975 17511 4538 16649 5682 1709 16122 7166 5250 1211 17238
11503 5887 15366 10082 4932 7643 3881 11274 5137 2928 5937 772 761 18969 1638 13447 17263 9683 16526 7309 3001 4907 19776 19821 14860 12650
5227 6986 9408 12147 15032 2773 17027 14107 4827 9903 9002 18483 5779 19601 4562 2972 3652 16492 17985 11540 17039 12134 6563 10002 18756 18474
3252 1435 13668 13298 15193 10714 16024 4347 10792 6765 13656 10707 9274 9133 344 3458 5458 1007 14345 18085 4122 7647 6588 3052 6482 6909
1685 6203 1964 17307 2958 8524 7776 1749 17093 10447 14507 4066 2684 563 13871 17178 18137 19805 18080 8214 1567 5253 5156 3021 15444 3666
8879 10263 6490 9113 17194 1967 10159 17238 4415 18206 7375 50 12412 4087 16883 2599 836 19532 4437 18756 8705 14799 3734 15122 8146 16404
5746 15406 293 10532 12445 8095 12056 19975 12888 9481 15296 14793 108 14382 1011 17139 2005 18969 7415 7310 15752 8212 3857 10225 19741 16427
19737 7685 14348 5990 8944 510 1973 17791 1604 796 16954 11652 8315 9988 2676 16349 13678 12279 1792 5431 11690 1416 7139 5694 2331 19600
13196 16034 3227 16005 18629 14291 11362 16405 16538 3751 5070 5403 12237 9402 10722 7605 15960 4414 15249 10797 12624 11340 4321 10432 14872 2951
9277 1328 10189 3492 9140 19263 13373 8480 12323 665 11319 4385 870 14661 5113 2719 16915 13417 9990 5906 2952 6140 15499 8350 17571 17165
9148 16190 17765 18359 3044 16171 14327 10591 18867 8430 14947 6550 15873 18251 14494 18248 3616 17652 13940 14537 12711 8049 18451 15776 6073 14328
1971 10905 2454 16262 14310 8888 16417 1419 6482 13393 15883 2395 16906 15901 9247 9154 15434 19411 17481 17464 18461 15249 9155 18270 4147 6398
3341 14714 18686 3614 10894 16508 18892 19587 1432 16100 12905 3423 6529 18762 2588 6397 1579 7370 16222 6275 5849 17414 2524 1224 8930 16868
752 1949 3644 1531 4065 10098 18809 8268 16898 13486 12651 19287 5667 13406 12602 12224 1433 5730 14834 12095 19685 3218 18336 10807 14119 1941
12249 6275 862 6585 2355 2285 11559 12955 8779 16139 15351 12752 2566 767 15027 3617 18210 694 15847 5988 19712 7810 4215 14880 16431 6306
6147 14883 8332 6432 13613 19903 1172 15286 7440 1843 13649 18885 14651 1152 2252 19511 6474 756 8320 3630 14314 6694 15043 12326 12259 19627
5239 14055 3689 2376 15528 19832 17637 19004 17641 16780 2562 5757 7956 7115 18133 12459 10492 6698 18724 12483 15017 15061 17245 570 15783 15854
6690 16805 7639 7358 6029 4210 7963 13190 12621 9037 12881 7630 14124 10739 3110 8431 6285 2486 16800 18607 9955 16672 12851 17608 2181 2414
1792 14424 6066 3876 2640 3296 11605 5038 16953 11883 7755 8512 1050 18682 19058 15599 13492 7230 8228 12018 16265 14741 19429 5829 18709 2594
19364 530 2163 4029 19171 5882 4165 14458 13618 12093 3411 12378 10681 15926 8853 11532 17139 1609 17950 13656 16453 17161 10611 4508 1446 14836
1306 9828 10405 13113 10096 8983 1101 14053 7360 14132 6079 19140 5666 7421 13916 4558 3114 17992 2950 18223 6315 13024 11698 6655 2661 7110
1076 14290 2236 11029 12042 2744 5301 12245 6787 5095 18267 4366 10518 384 1851 17105 13909 19009 1862 13140 184 991 15266 7729 13301 3835
13625 13950 12472 1371 4674 17905 9206 9048 5476 12016 6996 6057 3989 4269 3624 16504 6857 3849 9812 9288 4478 4368 4427 5010 1144 6806
10791 8138 14462 10256 9345 2863 17688 5903 4238 15548 11923 4208 12293 2474 4924 1598 19856 16232 11292 4174 14202 18629 4533 18155 12309 2095
17999 2624 8492 15827 5545 3152 19456 9672 10994 18209 16702 19058 10294 17047 4505 12740 1896 7504 7371 5628 2411 17942 8782 9254 3499 13364
9615 11280 7020 12350 12681 16670 6160 6797 7749 17554 14687 10776 11240 4826 606 2760 9487 6123 7985 17879 17414 17167 6459 4208 3346 6433
10584 9886 14793 12768 19942 5825 3180 11021 7450 2004 4322 16156 11955 7464 14340 16689 17719 3248 1923 10744 7265 19399 18912 7832 2619 11111
13252 5019 14059 12668 18910 11899 9168 18149 15195 15066 19376 17881 11210 16170 17102 14486 3788 11087 3761 6973 9509 15021 6935 8299 19562 3198
4466 5610 16746 9923 1130 18057 861 2783 7928 17250 5681 9150 5713 7294 707 19991 4501 14015 12150 4711 17554 6560 8871 18528 7870 9701
13419 13612 18845 12169 19283 8760 6968 744 5214 8080 4762 7208 16688 19527 14359 3944 18029 18129 4751 946 19049 11980 2516 19418 11503 3928
13014 14090 13235 18268 13266 898 15318 5407 1426 8016 6949 1045 15166 20 13616 13610 5148 11897 8984 2416 18926 11104 17190 4790 17892 12278
11554 14565 14992 18914 2617 13272 7570 18337 17800 6672 4085 19229 14445 1754 2176 3577 18292 5737 10704 13478 2668 2102 16409 16228 2755 7129
14612 16204 7532 5527 10811 14043 12437 2259 8460 12628 1598 13353 5760 1502 4650 2479 1817 2549 6462 4177 18786 12371 3045 14047 10348 19404
9546 7993 13521 2081 17960 12499 8358 19612 6212 7027 9360 14770 12012 7902 13094 7733 19092 9925 7923 15067 14559 4047 7271 16238 921 9853
5382 11635 11805 2847 3052 2809 6814 10993 12917 2502 383 12358 14420 11273 14606 6676 105 16320 10843 9780 18325 7422 7866 2063 13319 11213
4915 7362 15017 17111 17177 952 10059 5750 19596 8391 18898 7575 10517 826 17564 13662 12477 7737 12310 3839 10881 8540 10650 9481 9671 17824
10865 18097 6811 18966 18431 14704 8575 1725 12809 5061 10983 9419 10660 11158 14769 18021 8194 165 18035 3556 18993 14912 8570 18431 10458 12597
18734 17401 14018 6065 3213 10283 2771 18836 6160 14968 3466 19023 1053 12937 19686 6642 17408 3435 4807 8627 13622 11850 7641 9769 15547 16063
12912 18800 6332 19312 13182 14699 9559 299 2920 7152 14271 1869 157 7962 508 18709 9417 19544 18084 12047 10549 5972 7488 2942 2092 15883
4143 9135 6683 11309 9895 8482 17762 1409 10633 13760 12953 1850 18316 7674 1969 13169 8571 15674 13193 2173 3361 6359 2000 207 9141 10314
14434 19379 18042 17613 14183 13035 1849 12804 18490 6490 11733 19287 3307 8190 93 12403 15847 897 9534 17729 11529 17042 1160 16858 3455 10254
19070 356 18938 18308 9863 12613 1881 12926 18554 14464 13714 4297 13250 15945 17005 1736 3202 2511 12689 14133 11541 10148 10328 8732 13968 7472
8045 13324 6238 2133 18380 8381 14908 4367 12809 18015 2608 1033 3650 14738 1491 11693 9515 17840 3227 11772 14200 8931 5301 5607 10137 10701
6695 18255 6468 15211 19956 18107 14982 18098 14953 4566 12431 601 10720 1893 11957 7654 3456 342 7778 13793 3022 2487 1644 19832 13036 8842
4619 6284 16007 5703 13343 18513 19794 16850 14894 13617 18254 537 6798 16907 16765 6360 4660 15591 13466 1241 8184 10478 7300 8389 19352 8222
11584 13894 12502 4261 17957 3795 16841 14882 9599 12172 7246 17608 3809 2596 7465 11949 15751 5303 16230 19324 17985 10025 1836 4113 6088 14530
8150 15018 7478 667 11089 11093 2984 8058 3917 13986 13864 3840 19473 6892 19839 13627 17941 2751 10078 4155 13349 10023 1368 14893 14491 15423
11776 3913 12535 13920 19486 4751 11769 12863 6196 17342 17677 13823 4736 4424 92 12109 9835 233 17963 1273 8759 18488 14328 1619 7636 14857
4164 4456 5545 14093 17376 42 19206 5565 16867 1811 17062 17003 8268 14640 9865 14727 10752 4238 16436 14725 14092 12006 11057 1310 13271 241
779 11559 15578 9721 12379 15819 8857 12001 18215 9361 8368 17601 10474 3185 16481 1835 431 14586 2586 15524 11685 14719 10217 2626 13648 8992
16952 132 16116 588 12969 18810 6806 623 14776 6202 15254 13248 13638 623 226 15582 15669 15414 17136 15798 1522 4506 7288 17004 14691 15909
10588 7272 7743 19942 5352 11378 2471 19781 15365 6629 5478 10265 3172 15276 8596 7909 14984 13480 12937 19928 11596 3493 11933 4475 8623 5880
16264 909 7187 3981 13151 13098 3561 13313 5948 14630 15264 3348 18437 18175 12380 1177 9938 18502 6761 261 8620 19508 9714 9344 1095 15300
761 8030 1204 18034 8907 9553 16209 5804 3309 9225 16215 5049 3646 6133 7128 482 16917 2884 17082 16415 16468 16410 5412 11186 19127 1425
5348 12192 17301 14096 12629 10676 16623 920 167 5161 2505 8596 1943 11361 18187 17872 8657 449 18864 15688 7998 19254 1985 11844 1561 3865
19328 15693 11531 15020 8600 17590 5803 18330 14991 12064 1411 5411 258 5754 7520 10161 16581 13568 15839 11230 13249 2990 12056 7152 2554 5941
8968 11847 13024 342 15380 2425 9135 19718 16986 1045 14887 15612 652 16526 19281 504 16534 6726 5335 6330 15608 11202 11999 15290 5394 2937
17460 7035 2712 5858 4500 9798 229 6780 7918 10877 3377 15573 3545 11839 1632 4037 3221 16512 14256 8136 3798 1456 13761 6606 17658 8788
3436 13647 16230 10464 11119 16702 16240 7394 19934 19882 19163 8480 20000 10136 3574 47 16847 11942 5386 1614 11710 15292 8794 3693 17291 3833
19450 15292 2538 18265 3822 15848 11361 6924 11213 15398 12487 4494 9761 4303 12229 16308 3999 11445 11174 8758 10588 6981 11707 482 10823 11821
2173 14361 4675 10567 15634 15393 1853 19760 3269 18895 3621 18759 16972 4337 14136 2165 17124 15648 12557 6722 11427 17460 6511 4350 3527 9245
7783 17242 7920 16026 4634 3071 10499 19484 19279 14916 13437 9128 19813 3522 10432 12770 8905 1252 10843 18847 3615 9308 18320 15560 16405 9760
11206 4306 1850 9228 12103 9385 824 7873 18023 7588 11539 19217 13353 12072 15611 17255 10274 9450 11477 10186 2455 5483 10261 11084 17034 14163
10297 6323 19233 11693 17012 15588 5535 7212 18321 11579 6284 8857 13464 14518 10216 17421 4068 8531 16287 431 18007 9388 12590 5615 1064 19090
6351 524 9210 4180 10886 5082 721 4278 16322 14256 12426 3124 6808 1661 17810 14477 13878 8795 6754 18596 8970 13907 4956 8043 13705 19969
3542 11102 284 1077 19958 14132 11396 19364 8895 2780 12379 7103 2944 18586 17354 5221 11691 18311 4522 8157 4193 8660 6087 3725 14398 6312
4803 17003 9895 8654 13052 6366 16126 8587 19509 14184 6030 13639 17279 2056 7492 8742 3241 14530 19349 19090 19173 9756 17362 6888 3305 15544
19342 4368 12172 12534 13384 17178 18221 7193 16993 11083 18072 6819 4936 11052 15142 598 10386 18644 9 6387 4924 14436 16476 7070 11984 1060
2571 1985 18429 19626 11600 10827 18344 15622 11677 7361 5393 8442 3531 39 10377 12138 4925 17046 16395 5563 6855 14184 7440 3648 5144 6612
7235 1660 4543 14828 5241 14180 16595 13661 19146 13999 10545 14046 7041 4758 16015 16634 3369 9145 17338 8808 3257 9427 59 14669 15384 19406
14264 14092 9601 942 15264 5593 16393 8471 4988 1590 7457 8278 699 15762 9929 5399 3533 17549 12588 11846 12971 15658 7597 15087 19898 19704
10415 6134 19376 7843 10207 11103 7186 14358 13275 8495 15172 2609 13149 19926 5987 9383 10291 10669 6102 8494 4485 524 4876 11858 6806 7378
9478 14788 14047 4785 13893 15750 18555 16865 9858 18145 16328 13607 5221 6803 17694 19031 10177 13457 11766 6709 13346 395 3248 14668 11977 7691
14719 6375 7894 18344 5236 19327 14698 16778 14134 17237 12321 2899 10455 9249 14160 6657 12752 19160 6110 7757 14923 9242 5777 14411 8601 19816
9750 7857 10671 2536 18149 2433 13548 10402 7231 16197 10238 1929 15269 10373 17613 12295 6833 9678 18638 2031 1337 19742 2970 18244 13200 18711
4659 1312 3097 1227 10048 16087 16226 12419 3565 13368 14704 2905 17100 989 13106 15607 4125 9774 13777 18026 8098 8296 11800 16724 15628 16280
7991 13221 8818 14097 11540 3180 4384 13747 2640 5888 5723 15827 1659 5250 481 4919 12026 927 4030 1178 4888 8695 16315 11053 2529 7171
7432 5229 3252 11427 16523 3441 6993 3993 3828 8246 2538 17747 16041 15681 18693 5647 6954 17458 17350 19465 1486 3640 11375 15334 848 5465
1355 8132 9226 1188 4125 9152 869 17737 18961 12983 2449 4919 4066 1609 15412 9523 3204 14411 4036 9069 5005 13234 15380 8993 16618 10494
19006 9072 14804 14628 7008 1037 1245 4248 18205 2553 10653 15756 3705 16174 7322 6314 15381 8149 945 15765 3764 15834 2597 4253 17293 11114
3110 6275 16293 1230 15419 15179 15329 2911 5071 6317 9701 10752 10810 3738 3727 10277 1252 6633 2408 1779 3341 6112 15372 13341 16221 5335
4031 8853 19205 15619 5656 7711 17682 7570 19305 8063 9206 3833 7904 7921 17590 2870 4116 19215 15835 13653 17856 10417 7514 9939 16712 2962
16440 10259 9229 19144 13471 14977 5762 6182 15571 19401 7534 3175 17685 7115 5419 19718 8835 14410 5698 4381 5346 4918 4146 4462 16281 15665
5062 328 9193 2155 19980 1911 10511 2137 4414 7792 10274 9841 6250 14027 15122 17005 19792 4779 8981 11393 16917 143 19149 84 974 11164
1308 15828 17390 12910 8854 1957 13735 4193 17946 8201 19390 12508 6461 3836 5956 4956 1693 10028 9917 1351 9649 10590 11758 6303 7965 5400
7133 19110 9632 16379 19174 18102 16506 8601 6965 18921 3223 12067 11825 14256 18020 15633 11280 19527 5821 16963 9303 11314 13718 3956 18154 7508
17111 14738 17184 10466 432 18911 13658 11203 9622 13600 9934 6800 16258 10587 249 19465 19724 16087 6765 9114 19799 16593 17098 7359 6852 15362
2917 11481 16543 14237 9266 5709 8543 18013 16478 7481 7101 3510 14522 16038 7765 1259 13723 17247 3256 13724 7508 8346 1984 16594 8632 6912
16108 14769 11557 13917 16011 17767 17192 10402 5473 7827 2219 1684 19341 15205 8781 3107 9233 14415 19622 8797 10318 13687 16392 16597 6194 402
9354 4791 10046 638 4411 1935 12402 11177 6384 9292 6098 8341 3430 19897 3354 7630 13996 6091 3773 12148 13833 19960 1847 13000 7517 13388
13322 13797 11767 15980 12516 2235 19543 7284 5741 16250 2412 17404 13014 3269 19147 13651 11591 3497 4243 5022 9271 3714 16267 3488 9351 5240
3899 8087 11080 3479 4844 15130 14181 4475 10693 17758 16347 10281 11541 17074 8256 8411 208 7551 18008 3176 14973 1757 1767 13126 16199 8896
19667 5671 19105 15181 5094 2313 9413 11374 15343 14806 4948 1537 6735 7331 2827 11265 37 2644 7443 815 18602 4780 11467 15442 9521 15669
17418 2322 16517 8710 10549 6092 6668 19436 7114 4394 13469 11066 13289 14602 2052 1128 16457 7098 11869 15458 885 18313 17564 80 15303 14852
10183 9780 16945 19751 19591 17351 12786 13284 13337 8613 11008 6886 7531 3156 16043 18356 2792 1642 13206 14306 8417 11726 14332 17732 14318 9480
5942 11106 3225 12842 3988 10518 3360 9682 5711 17764 14590 1741 18510 1438 5058 17939 853 912 8539 12084 16138 16644 7519 345 8640 10454
10710 9003 16370 3268 14020 691 15632 7300 15394 1811 9553 5902 6637 6438 8360 4518 17773 6526 12511 15204 2818 12647 6957 18658 4462 10810
638 10308 12837 175 4443 10951 1834 7323 7978 5512 7016 12058 5 13517 19827 7416 14025 5652 7237 83 15085 7353 18937 10132 8903 9736
15400 6737 8629 1393 6787 12525 13834 5491 8390 9683 7276 8352 6214 15135 19635 16029 12005 19602 5890 18573 4261 9570 4504 270 15628 10963
12269 2283 301 13755 16735 12368 13498 18132 9716 3004 6146 997 4317 6691 18563 5432 5744 5403 1686 6845 9266 2891 4722 16253 13052 8574
2266 9575 6752 4430 4705 4952 14856 10758 18229 6552 12512 4054 17929 15584 8776 750 1517 7691 12698 18607 8849 2246 12332 3432 19209 17570
13566 8668 17606 19325 17930 2174 19300 607 13514 15482 15393 10678 11176 4414 17740 8524 15214 6768 14076 11338 10821 10322 15478 3952 1518 12384
262 15475 19065 16317 3261 8526 16681 16565 12875 716 4708 8405 7485 10996 16429 17934 15250 11459 14790 1692 344 278 16146 3064 6432 2952
122 16089 14350 4744 8037 15562 7378 19281 2699 18036 9411 9745 17038 773 10760 2264 8674 10269 13900 17049 10486 12428 19529 4169 13798 16455
2982 18798 13167 7079 5900 19847 12116 7150 4119 3910 2019 7520 13351 4332 9489 19051 3941 18876 14302 11765 13111 2222 17614 15922 1635 6150
9589 17734 19562 5007 4076 2243 14721 7051 2496 12481 10473 13724 12653 16389 1916 14625 2902 8370 3316 15725 326 17750 11946 1613 16192 8504
8929 5491 2990 7389 16217 18284 17667 7009 1503 9683 15255 10661 5106 5762 7777 14650 7345 11238 2824 14947 19081 7244 7978 1893 3690 8810
12689 15838 15642 1543 15043 17311 5112 6299 653 18344 2393 16953 17768 8430 15513 11283 14968 11649 17312 19077 5654 6937 18055 1880 3564 15676
18630 12719 7043 6133 11932 8316 11697 11203 4212 10161 18856 441 9624 8387 7167 4274 1096 7711 18756 10740 13860 9342 12103 12386 17463 819
7109 10232 15124 4982 13172 18897 3359 16258 16916 12421 5449 1518 1721 14130 19404 15547 5400 16412 12951 13193 3211 7752 15889 941 3658 3968
8339 12123 2642 18338 18526 11420 3685 10774 13527 19896 731 19137 13726 3099 6987 11388 8256 19484 19593 3218 6257 5734 5013 12887 6828 17965
1436 18316 9849 15204 10394 4026 2973 12039 14224 9122 12714 17119 15983 173 923 15622 646 4499 5869 18631 10478 2180 10839 2435 3516 6188
9275 421 19908 2300 10394 10429 9419 19896 16598 5173 5415 4427 10333 9509 15416 19743 18809 15820 4179 7716 16210 15582 16742 19421 10992 7357
14412 7863 19722 16038 14224 15621 17713 17502 2110 6958 7116 16184 13602 5720 11275 11676 2661 18588 13239 18760 10046 3860 45 176 19260 17218
16369 13361 18120 17953 8778 17434 12101 7838 10994 17663 834 12450 16928 17601 6054 16960 12448 2818 4531 9365 5089 17155 17546 8409 18711 16942
10109 5522 5457 16747 14507 19936 3252 15177 887 8062 9548 3203 5289 18257 8370 103 14958 10428 8568 5296 13100 12464 7133 10034 13571 2153
15744 690 2990 9854 18101 4961 9057 12577 9080 18129 14685 3034 8904 18990 5274 15857 17547 2483 10570 7091 15960 14851 13442 12804 15535 8279
7760 19461 1125 6781 14464 10588 10461 15593 14557 19608 16328 3314 16246 3535 12890 14698 7169 1196 17101 16912 8612 508 11759 9125 4426 7154
8291 6888 11348 2804 8391 4989 4283 8750 18319 4360 6626 1556 19830 8364 7701 576 19060 5382 2535 8285 15065 8505 10398 15051 1136 19951
182 1789 15604 8366 19596 7066 6101 5993 14279 10333 7775 11458 16797 10288 19256 17859 11520 15898 8214 9440 17991 4706 11750 7074 5642 15331
10750 11737 11740 10560 10728 7239 18754 11958 7568 19532 8610 2169 2470 19312 14607 12871 2788 16338 13703 19243 19983 19209 4753 4785 3032 4741
9931 3242 17150 13868 9246 9081 10091 17373 4095 10821 9308 8549 2812 9561 5102 11779 17512 12150 9950 5204 18725 2293 16267 2753 11985 3819
8118 11937 4367 15770 12461 8296 16048 7709 14240 15759 2287 8179 4724 6630 13436 11994 15369 11095 12205 9361 18600 5199 12076 11550 12527 3502
16408 625 4495 9663 2281 15362 4295 8699 1984 19419 5982 14891 6152 2819 1362 7152 18951 9856 3216 14782 10345 1657 11027 13356 19642 294
5134 18249 8328 4357 11307 3101 1589 12247 6643 2632 1084 4362 16480 13149 4501 12420 18704 19669 3850 93 16600 248 13065 19039 3249 3938
10027 19627 14535 16020 9877 14801 13600 6317 5916 5614 72 18184 3813 15320 15484 4676 15899 2267 10853 3506 18465 9949 10975 8343 5929 5070
4300 9765 901 15765 13727 15785 9108 1723 13993 13237 8763 10624 5136 19833 1178 1218 1315 15605 19676 11900 1925 10357 6549 9620 15359 4371
9949 5821 1275 686 17856 17829 10416 5276 11770 6048 5596 18759 6885 16775 6342 6792 10097 19779 7365 15840 8278 126 7668 2522 4827 8707
17923 8929 4187 17938 6235 18730 129 4004 14927 9250 6061 14035 13855 10976 12762 18462 7372 8562 11588 18460 9226 17133 14024 8891 1023 2957
2111 13208 9443 5353 18163 9912 7848 17086 9952 2129 11583 12571 6656 7743 4141 9823 3561 11127 16807 11142 5608 9997 11497 17083 12924 2641
14328 5050 11249 2108 6890 17816 10767 2967 10560 1592 15006 12980 2594 9241 17019 19566 17746 11378 12292 9758 18294 17193 18771 15956 18183 6048
891 13608 1377 13668 7003 689 9003 7204 10508 14404 12959 15224 19678 16091 13322 15248 8202 11902 7521 15946 10192 19485 12928 16568 12903 4532
4999 8978 14875 474 12116 19022 16060 18103 2869 13221 8227 11852 14000 10498 19518 7448 5326 9884 7383 3494 9433 15203 16911 1389 13758 19556
6767 517 19830 5070 15732 17347 7928 9418 15533 3330 15800 156 3409 19354 6083 16740 19826 12678 2424 17232 17136 540 14786 8165 17604 6398
1501 10350 5175 4275 7453 4309 11855 4976 9955 6681 13345 19595 18336 16866 787 14686 18422 6896 17372 8294 3288 3657 15037 3101 17450 17017
7995 15705 12855 11480 6937 296 14507 8339 17158 15832 14059 12301 19006 5256 10525 4667 8660 17574 9337 19565 15106 12029 7321 3609 18155 18621
4449 7611 9424 10242 17694 1351 13164 10620 5400 10752 7241 10271 7953 11990 14128 10092 18174 17862 19482 14897 11520 17163 10647 8519 14609 12634
10506 5114 13630 7265 1607 17832 12483 5523 18655 18557 4986 7263 14997 3455 6206 10244 2599 14450 481 19381 10844 8950 15200 11927 1408 19359
3586 13051 18709 13538 7819 7374 5574 13130 9105 10955 3180 10535 2598 5585 13078 19654 8767 429 18781 6679 2266 3179 1070 548 10477 11537
13357 5071 19211 2832 7543 16842 8852 10694 10000 17522 19087 2518 13910 3031 1952 19998 16337 14951 6437 6855 16271 19099 12183 3708 17177 17838
7334 16463 16151 1175 7820 15026 16912 16974 6606 10199 5499 18122 16734 16271 13420 5505 16767 12290 8333 8194 6431 9876 10112 5529 9793 16027
4071 8560 152 16906 14615 4072 7645 18384 18087 18290 1564 8433 3530 5878 8186 10717 12789 8924 10553 10642 15452 17225 8362 10241 3900 8389
10019 10407 8439 9354 17845 10227 3779 10616 6496 9113 15901 6141 18086 10752 11035 7065 16654 15391 12962 13762 10306 17185 11323 19527 17279 16755
3734 8375 10893 2853 13793 9200 10760 19346 9725 16669 19220 5608 4672 4998 19147 2954 15728 14049 17004 271 19088 6532 5858 7092 8071 16757
3006 15232 3377 8028 2061 5536 7864 4116 3146 14103 15648 2032 3128 1769 13183 13483 14418 12604 4230 4093 6048 19318 16339 3764 2011 16256
3435 10276 12068 3275 10388 9919 10234 13136 10926 11658 5904 10601 1407 17128 6065 14988 15133 2322 11730 2745 16680 18911 6899 18123 2698 17564
14486 18717 13382 7781 6696 10425 10093 19458 3411 2395 2707 6765 11298 13455 11808 16324 9008 1857 10202 6565 2017 10976 4112 17374 6113 14694
18788 14753 14077 7229 105 19238 10495 5415 4463 6273 14849 19324 9316 14717 15638 231 10506 8858 6513 5334 15642 18730 16731 8494 4798 19979
13244 9667 11949 16993 18103 7777 15919 2070 225 16896 9312 12258 11819 11314 1335 1125 8194 8703 10989 1919 1571 8903 14003 4105 7758 13471
18743 4223 8620 17582 19731 19424 15650 10071 9818 13972 13307 17718 2239 15264 13537 8587 55 4297 4916 10467 17583 18997 11129 668 84 2031
11029 3574 5073 17043 16650 2382 19299 17024 17957 18260 16984 9278 17076 15464 11726 4785 16468 18102 5975 17095 2731 6076 16232 3908 1774 15907
7314 6650 14156 12984 5823 9024 7091 19643 16740 16900 5957 14021 19407 9529 5629 19514 18558 19960 14919 14320 1391 18159 14227 14358 3863 1602
1859 15097 5150 10088 4534 14846 4465 17624 10515 6910 11934 10750 8718 5816 13097 12755 3075 1063 6740 15249 13638 19559 3810 14458 8420 1367
10840 536 17232 17230 16419 2258 16043 17695 17546 1302 2562 18756 19992 11960 19155 9974 8203 11349 160 955 3822 16747 15006 11138 15380 6982
2512 6768 17999 16708 5483 4009 8615 14574 5238 18845 7270 16296 6282 15928 11685 6719 15886 801 1236 5609 3464 7717 13530 13913 11468 12937
7401 10875 19019 119 17900 153 18107 17516 2530 19538 13457 9822 17622 17383 17904 14772 15475 10376 10966 18665 4681 16135 10231 14476 19456 18304
250 634 1360 8873 18141 3981 4941 13189 6796 13317 9695 5478 6426 12305 10769 19117 3001 9997 19749 15919 6640 6448 13533 2704 18740 18091
16403 4821 17477 8733 8489 6695 5592 11611 14404 4949 13566 15398 11407 13951 7918 12484 3676 12943 4771 9284 14633 16143 19131 8208 12175 14641
3372 11357 6865 3394 7749 16894 12979 6976 14211 2727 16957 18343 18411 7479 9335 16022 17501 14010 8633 9091 19311 11312 2034 9835 12225 7489
10043 5561 5843 4293 5971 6822 5325 11314 14510 8206 18963 4072 16165 12950 18134 1618 14182 11777 5688 16093 9347 8912 8057 18106 5117 803
10099 17704 14817 13057 8459 8961 5669 17552 13863 5733 14315 16507 3163 9475 9265 15367 14003 14235 10775 15311 4719 1788 10952 18862 18549 4991
3860 19063 559 1707 6952 8194 19986 19301 10811 2769 13129 2246 4334 12089 19982 9006 1077 7619 4089 3204 16979 6803 4742 9273 13754 10644
15862 5493 15520 6199 14390 13593 17706 7414 3158 19491 6491 12724 2072 2001 2697 14983 12399 13937 1275 11895 6490 9368 17588 2076 6127 3941
16394 15016 18878 7640 18580 3432 13474 14867 9205 6347 9103 7314 2199 19963 10175 18473 1228 15374 12999 7584 9345 10260 11932 4477 17960 11586
15206 19726 1472 9818 17751 19232 9547 14306 11924 15368 11076 18322 5530 9154 4245 13318 570 3438 3214 13669 252 16811 11476 6174 9786 6270
18461 12424 18254 10604 16370 5212 10888 19490 14113 5173 17642 19308 18504 9555 9278 11539 5560 13283 9075 4286 7362 8808 7496 13366 2961 5321
6255 17679 6130 7072 11302 13466 19547 12623 1824 18351 6579 7260 3403 14183 15016 7525 8415 18793 8183 16864 14116 1388 12272 17039 4283 8011
13006 5422 19810 12680 2092 13319 393 657 14855 11873 6598 11703 6651 11957 15411 8370 12320 10334 19998 7679 15813 300 11377 9157 2406 1769
7216 13228 1257 4838 15893 8088 1777 1955 13962 11994 13278 6370 10718 14832 3667 5857 3074 19699 1894 12740 8424 19447 7786 19585 13182 4380
4293 9050 13219 477 18644 8100 7928 5922 1500 2803 17866 14594 7832 14102 8945 3864 9565 18660 6305 13015 17737 11338 7002 12219 8827 2575
14507 472 4922 6081 7001 6765 19961 3280 10614 5972 3818 11918 8024 3625 8281 12373 13619 11661 9879 15343 11098 756 2614 10109 816 19109
13193 14511 8172 12279 8388 7885 13970 2150 4379 16646 10566 6861 14411 9047 916 9514 1097 8675 12593 17116 2472 112 2072 2074 19970 17158
12196 13766 15466 10758 10813 19812 19810 8926 3761 7995 2927 16315 509 19746 14386 13784 3587 18463 3132 4525 2731 11973 4241 8683 13574 8874
10214 8558 18836 18335 14426 3775 5943 19651 8144 17341 18057 17909 11088 1405 7805 12889 645 19660 14923 2723 665 12931 8683 10143 17366 9029
11018 4252 14110 3531 1271 4619 19316 12395 2970 17639 14916 11559 18034 12443 15735 10145 14229 16842 6849 6901 7338 11871 12477 19504 289 13851
7993 18427 8647 8965 8458 16273 12310 19526 8284 4756 3579 13684 5235 17276 10614 4599 4106 3307 13065 13908 6930 19176 16543 13293 4208 18925
7685 13828 6870 8004 10174 16406 14774 5865 19139 12546 13150 13131 5769 12149 3521 18686 19230 14121 12458 7187 9390 7272 4053 12367 5999 7846
6971 2339 16757 13512 5142 13403 16154 3325 10829 16320 17824 16595 18742 13018 6837 4106 7118 13507 14260 6801 437 4386 6497 5979 14308 4358
2692 8826 9102 7826 13486 527 5511 5692 12733 10435 778 8865 12232 7149 342 12748 352 4418 19292 8083 6486 17102 18432 12687 7008 19302
12862 15844 18170 5100 3518 16912 9932 1157 3774 15164 629 12474 8019 3889 8665 10211 14820 11887 18876 19213 11414 7919 16579 6941 13098 1765
1700 1995 18329 9942 19 563 2432 11345 10356 2685 2790 15735 7485 17721 1506 10476 6188 4159 3865 5182 16643 9096 18436 377 1077 16386
722 16906 4798 10291 5316 7404 17848 2149 15657 2423 3743 19743 9609 1847 19122 16478 7784 646 17727 6454 19140 1416 14182 17242 14564 19690
824 11347 10332 11004 7582 12783 3852 17821 9835 14301 13922 7646 14462 11314 10322 12105 13858 18612 3775 16983 6312 551 10292 8632 7686 18811
8194 6975 17390 10898 10426 19751 5881 5253 7542 6627 15999 8997 2263 8018 2007 1323 19739 14783 8634 708 6961 6678 7156 16753 4472 10198
13902 11566 868 19680 11513 8461 10247 2770 5607 9482 9174 3310 15512 9946 1974 13525 10039 2305 12136 5009 9459 6116 1607 14300 2563 8336
612 14326 3132 9025 228 2945 13840 15530 15258 9987 5542 7252 14233 303 15718 14693 5067 8160 19803 6915 1332 14597 2401 14901 12202 3701
15789 79 16521 8682 18331 7640 1578 14147 3258 16636 19366 14800 16672 18637 10054 6916 11320 16243 15439 12693 16682 8499 2742 11012 13636 1705
16730 19233 15788 5219 13846 9355 15442 9103 6014 8502 1732 6112 3593 10990 5254 16883 18586 4089 4383 18992 14705 19395 4229 8015 15256 16897
19802 16663 19817 18917 2576 12182 14478 19621 13950 6954 12769 17458 1991 11468 8938 3619 11451 15734 1956 10149 7482 8662 18950 12112 18813 260
1698 18324 19378 13073 11267 14524 17018 19607 10516 5547 6117 13012 5585 17875 19090 11443 17938 11556 10524 15219 2585 17143 19479 15254 16783 12739
1443 1229 7316 4675 2421 9588 15350 7691 19223 11513 1055 1831 4271 8408 19677 19418 6933 14913 18186 12046 10173 11662 7571 8010 10370 6362
2904 7498 12429 16717 19019 14200 15138 2557 10748 10269 11100 2300 1677 1483 626 15069 5234 18681 9858 8812 9695 11232 14997 8580 197 1812
8579 15795 15288 3865 16124 7862 5730 2203 4685 9670 3707 13756 6697 12549 12192 12981 9651 10477 8516 8074 4737 5107 6898 4275 1440 16389
15895 13368 8358 5815 15982 6161 18808 4668 17281 12594 16436 361 3451 18746 357 12081 4327 7789 13996 14345 2492 18012 547 1339 12985 15913
5431 13219 1942 6624 19052 9497 9660 17794 16528 17299 7401 18664 18149 13025 1321 8238 504 15749 13695 9551 14504 9085 19749 5402 19178 19489
16316 17002 13510 14920 11025 8317 8716 3834 4768 17308 11033 707 16857 2316 4911 6257 8987 18048 18771 9953 15611 746 11985 18167 2361 6080
3584 8255 9072 16470 9875 12413 8846 5863 16076 16654 441 12291 11318 10021 283 13631 15563 15714 14930 19840 1533 6264 7254 6551 17244 2346
8878 15923 11879 6613 4076 11506 15299 11776 11569 3819 3923 6163 1445 15272 2186 15921 15954 14714 15748 13367 5670 2904 7877 5650 4097 9873
12571 17998 16619 8643 5792 12321 18926 8848 11558 6118 7497 11083 11887 17575 19014 15258 19693 17132 5039 16490 4503 14352 4891 790 7978 15681
12098 5291 19016 17237 7032 12033 7036 7429 1153 824 10998 12659 15235 2807 13605 5298 12751 9297 18850 12263 10267 2814 2524 2251 8795 5364
19773 2595 503 10010 2922 16462 7050 19921 12941 17230 18675 11388 7025 7057 4785 14324 8102 8480 12230 5444 15547 2093 2266 18300 5741 1298
4698 6895 4497 5133 1434 7797 16483 14793 11064 5124 16136 8555 11599 12880 704 2279 18326 6097 4035 15568 9356 10214 6374 14993 3514 4481
11654 13592 9697 12264 12953 12198 5978 1838 9156 11416 10182 6511 3282 7476 10775 16733 408 4353 10487 12426 6448 16688 1667 6262 3721 9355
11397 17766 4653 19516 6982 3973 936 15513 10343 5798 1367 2380 15429 9425 2906 9524 15647 6674 11467 17383 4305 5314 10734 17547 4365 12347
1313 10039 19617 1418 10685 1657 5530 3724 992 15831 7077 8341 10757 10445 567 13408 5403 10181 17867 3484 14189 6386 19960 19069 17456 8360
4696 6616 19435 3940 4478 7069 7920 3697 6306 2681 4261 557 19913 18088 6980 15198 3281 7568 3813 5047 248 7342 14183 18457 2489 19128
15759 2301 789 10623 9021 7122 18587 18426 18082 6939 7914 11714 19648 14668 7293 3038 16778 6998 18118 19809 13355 7456 14842 3346 18010 852
11096 3415 15699 19273 14376 4181 12822 4124 1083 2764 6417 13138 8397 3399 1323 9268 11900 19925 19003 9926 16102 3609 9037 18251 8809 4189
16958 13653 10586 3750 1283 15230 5431 10500 4627 7257 9848 12698 6851 4172 4654 15040 13755 9881 15065 475 343 2035 7831 5860 11639 18518
5167 6401 5921 3087 10077 11940 7216 13858 18582 12023 7939 9319 19820 18152 17158 16478 18333 13423 9514 19246 10264 1045 1569 2453 11476 13273
4794 18158 16869 8211 13457 15108 15065 2959 12745 12861 13500 4839 11475 17215 19713 1624 8024 12849 1564 5714 19679 8665 5544 6878 15070 15681
1190 3561 5331 15216 10024 5385 11595 9852 15720 19829 3825 6971 2151 9626 5727 3265 8175 18105 15132 1474 3641 2452 19230 11653 1870 1461
5457 8775 13008 18776 15939 15274 13421 5469 11820 9355 14281 13556 1073 14896 11132 14038 13091 8983 16068 12526 5841 11675 1667 11492 475 19028
