365
31 79 43 4 100 20 34 93 90 61 19 67 70 48 95 95 46 50 19 88 14 83 33 19 18 19
15021 5201 6234 19135 14328 15189 674 15377 16815 13989 7252 104 19342 5130 11450 9534 1800 11489 17790 11963 19613 19233 17186 3885 11225 16706
13564 272 18289 17774 13927 15799 6084 15091 18485 2533 4771 3445 2235 5499 13104 2505 8061 2809 9392 11131 16930 15958 12671 10602 15000 1992
19394 12049 7010 10904 6599 10636 4506 15715 4481 2898 16558 11862 2337 5601 5037 6753 11679 16582 5854 12231 18202 19593 4954 3391 3282 11565
11190 6413 8487 19709 15449 9004 12093 12431 7991 19794 4606 5878 12544 10214 16386 1270 14595 7336 7159 1367 753 8814 9562 12589 636 11553
6552 10766 9632 12657 6219 12701 8365 18232 1033 12173 7503 15772 17311 18126 9782 2441 17772 15418 12858 1523 5834 13053 6973 3289 14586 2289
609 18549 14686 16279 16468 14437 13714 85 19922 5764 5637 249 19832 15334 3729 9890 8157 12306 2606 3474 550 13349 17983 6195 18921 14166
19641 7675 2415 7244 17996 253 13736 19560 7853 3674 4709 19895 6095 18785 10103 18079 4428 10492 16300 12972 14743 16545 15315 11880 5544 19597
76 4911 11090 9446 16593 19205 17293 17182 2020 14463 16209 4152 11354 1730 18122 8892 10316 13258 4586 18507 7634 14777 6940 16258 17854 7027
5765 5649 17341 1202 19728 2421 15333 187 15709 465 148 15682 3463 7678 12719 5994 19488 5873 8389 12835 2719 17391 13101 15455 14592 17516
7069 13778 19686 18186 14715 15667 5757 14069 7444 10041 850 14147 16692 17144 13860 13501 18214 2843 10363 12432 387 9266 1120 3293 8395 2665
14963 737 9020 7241 477 947 14725 2297 1853 15142 169 4118 18458 76 16062 11851 16599 18026 1039 3365 2255 1714 1299 19406 16634 18325
9844 10046 10820 17098 2822 12284 7514 18140 7326 5105 8990 4283 2956 15091 14023 13336 889 8920 16772 7677 4381 13283 2982 4146 11834 6979
12257 1862 13777 832 19588 817 11768 2363 2264 7773 5881 14355 15898 15959 16153 6623 11955 3019 2095 10888 4405 11009 18348 12074 17222 13274
3786 10933 7411 7268 14925 17741 4823 8546 13454 18916 8027 9240 16075 6879 14493 11255 7135 16130 1710 13619 13438 498 13398 19339 9718 255
18416 16212 18606 4966 7583 19050 1694 14601 6933 16574 11979 18125 13580 4630 16917 14821 6014 18226 3397 11607 18879 19822 3571 13374 12446 2722
1467 4250 5463 15337 15140 4121 16684 12628 19361 18079 776 6588 9541 16364 3020 18201 3201 9538 7009 2020 6487 1681 8837 15731 1860 450
16850 12392 3983 6091 10078 10538 4297 177 11903 19977 14977 1924 3066 5291 14454 11003 6414 9782 17439 2544 9498 18259 17952 19442 6497 16939
11137 9335 1761 6868 6560 5860 3136 10061 15931 10649 3811 9073 10496 9659 4344 5472 13234 18246 5799 8220 7820 956 17467 6510 3037 4366
9998 723 5814 394 11555 5715 12247 16835 8116 52 11556 13905 16650 12006 17710 18373 10590 6571 12590 9580 13174 16864 14971 8791 6117 2155
2370 3712 3877 17808 5108 13835 15439 6337 3560 14183 4127 13876 1497 18958 10345 15938 8406 11005 14505 9386 5327 4736 13959 19021 7021 477
12594 425 281 6540 4176 10771 7274 1356 4225 13553 9615 13037 6227 5644 17554 4867 14072 18060 11567 4132 849 295 15676 15219 15390 17781
10671 10559 13711 17419 15851 8284 17138 8170 18441 11596 418 19698 1119 17430 439 1234 3519 9858 4169 19791 11483 10982 19376 8587 18471 11258
15335 2353 3935 7035 8840 239 1383 16893 4685 14060 14756 11617 10712 4366 13498 2076 10431 6993 14987 21 13157 5804 14642 17981 9521 11941
9402 1474 12815 14628 19129 18170 9525 6639 19087 12887 978 16854 6955 12329 2364 831 6769 17636 14835 13271 15257 2751 17244 9339 17640 6376
7852 18799 1365 7353 9395 7245 13317 11992 3816 837 18806 4573 3326 10498 10400 18174 616 2576 12975 186 18772 10115 19395 5267 15540 964
19565 9892 19797 6841 18226 3172 17963 4326 2325 8510 19638 10783 3801 7213 17313 16587 14345 12500 4892 13985 3988 17880 15540 14966 5245 17424
5848 16954 4636 7309 16443 14385 5382 8791 8279 4585 16858 16560 5462 3024 3074 14125 2475 6361 760 11093 12824 9791 3578 7112 15235 4046
15032 16569 7416 8785 8457 9267 9383 18974 7076 17821 6583 10192 7580 11588 14431 18661 16725 12593 11141 17410 8140 2548 3105 11330 15492 16175
6102 16136 7190 9705 1292 16995 19685 84 13185 19083 10987 9811 18601 6911 1870 11039 17320 15239 4187 16560 2195 5677 13078 7031 2022 19942
5708 2485 11811 5067 6827 13933 3426 3194 10701 13078 2045 13987 1209 7001 18118 12450 19521 10346 2629 8585 4453 17766 9988 6331 16473 12053
18700 15833 10245 19954 211 19235 12542 2661 8615 3701 6588 16053 6727 6418 18003 9117 12873 17893 4011 8359 8752 7458 1989 4995 9608 13419
5255 353 7607 12892 11741 3914 207 10929 7008 14827 13282 2481 15644 14230 4735 7281 10799 2068 10683 9091 693 2956 8868 16668 11829 5660
11233 10335 9559 14492 15671 17888 18033 11348 6734 2754 944 9265 24 11158 9940 9087 12562 5673 17908 14725 2343 657 8605 9786 1892 13586
18073 7206 200 241 12063 8392 12430 8392 563 11598 17094 7185 12866 12466 9875 2135 11126 11730 14363 5962 14102 16758 16622 15928 14399 7479
3403 4516 11957 9161 14611 8222 2991 19053 9769 4649 10851 18440 7280 5400 4141 15513 13827 19094 1693 4148 6075 2923 13158 2712 10227 4766
6427 12286 15211 19954 2283 6236 17294 13450 9159 18098 4939 15240 14470 15679 5903 4204 3968 13396 16111 2357 3046 8060 16931 5034 6718 12290
16094 13725 4767 13510 19654 19648 17377 6472 12818 13678 10862 3611 5317 7826 7694 7349 4941 10370 5585 8656 3819 1924 6049 16510 11601 8774
18248 15297 2555 19139 1547 17249 7334 7195 3821 1568 62 5284 15997 18550 5424 11160 14124 5413 5827 12592 14665 9543 8014 7133 16783 13538
7468 17030 17126 10105 12661 13541 4793 14939 6924 2555 1418 12237 6588 16157 4688 11751 73 16698 12976 16478 13643 4738 16834 7250 4187 6131
1669 16661 10244 1470 1140 9302 18534 9412 32 7898 15289 14457 18762 15705 16938 10287 14978 19068 2644 1987 12245 8897 10348 2592 16656 9668
9927 3180 1863 7015 15199 8 10482 19651 18177 10988 11259 6398 7663 4610 346 11 12368 19107 2542 4293 11974 18270 9254 5532 19115 16991
19573 3866 10692 3118 5456 15535 15512 10491 5318 14910 16331 19573 7521 9524 9665 12671 11627 4385 1651 15439 546 16959 4997 12814 18231 11756
8461 8859 14094 4158 19294 11741 12910 11856 9534 19144 2182 19105 17421 7835 9482 5720 7449 2929 16162 139 1352 12705 1794 3654 14977 19186
10170 3153 8422 16925 9631 15916 17693 6682 2342 19053 17393 17780 15854 17236 19545 14176 14078 4360 3064 3454 10224 2284 5233 1485 2875 5676
3757 12582 4756 3007 15222 11052 18354 18500 1256 6206 12678 19523 19623 8671 13441 1276 14868 1082 10289 11854 11477 6342 10528 6308 1484 15320
4750 5296 9256 7253 15078 4031 13838 5130 1877 9000 10876 12818 7992 16195 1512 2311 16367 6583 10485 13641 2252 17394 16972 13939 5534 10881
10386 16299 13765 19763 11386 14701 8473 13870 14068 19891 3725 10897 4961 11286 10838 5825 13842 727 17404 9742 17699 19618 8602 3119 11014 1149
11443 15396 4813 9003 15391 3381 6829 5827 4702 15024 15420 3864 13893 11629 2464 7222 504 12314 18453 4000 664 5831 17428 18659 5654 15426
3074 5131 15949 18216 4091 14630 16375 14546 3118 10127 17390 9355 3098 12143 2915 5989 374 9355 3906 2761 12419 13068 3751 595 13451 7526
6785 8212 19679 7026 7038 8231 2734 5600 3670 18817 14388 16518 6079 5089 8104 16060 1150 7798 2435 13438 9866 662 4272 14290 10453 5836
19283 7085 1832 18068 17731 5021 2168 3789 16758 19837 2695 1892 3466 9151 3430 7845 16905 7418 7096 13279 4790 15073 4258 13365 5039 10965
16373 9752 8457 18888 4832 7493 17635 6557 589 832 13314 6583 10584 9963 18666 11897 9719 598 6401 17553 418 10962 7360 4568 15903 1222
19530 19112 19197 255 6641 7992 10699 3080 1652 8267 14682 1600 9876 6759 19090 11466 6024 1185 10964 4491 18241 6480 16395 16517 2973 11004
17162 2166 19188 3201 4670 14695 10074 13547 3094 16146 1236 18147 9807 4082 9989 17290 19384 17697 5516 12176 12412 3480 5907 6772 5292 13901
4307 8326 8960 503 17986 2975 1195 15337 1241 8097 14265 9276 14533 19105 14700 10487 11708 18755 12034 11627 3673 12920 5739 11871 16968 19608
14635 8499 18752 18008 9828 6666 7050 7693 10942 4833 9651 11068 13108 14658 4807 9388 10448 6722 11389 3439 6047 14570 15970 16937 3760 3676
14746 19675 2837 1927 7141 18142 7332 4045 1372 7065 10493 3355 403 1322 3772 8404 11373 11269 14682 1694 12172 5338 16700 7448 1736 5330
16471 4674 6628 3465 6171 8842 12099 4687 6586 8414 18181 8290 16465 15494 11873 11063 2241 17419 4660 6532 13707 15289 5018 13318 450 15702
11775 17890 7197 12024 14843 18396 9336 11907 3887 3804 3129 2776 14453 12603 16375 10634 5991 10283 15253 14987 13829 3265 17260 12485 9688 6160
3045 15369 1730 8915 18617 14743 3451 13685 9485 12954 522 3843 17948 6613 19496 10007 7964 7454 4127 1493 1604 11294 12098 19135 16895 17645
882 3639 19514 299 881 7889 14165 1747 13392 7571 12150 18717 18009 3186 15613 12422 73 8143 8917 16034 10346 15578 11396 12324 10785 2837
7939 12275 15003 16227 3293 549 14526 13905 8881 12047 7793 5236 13245 11779 11420 19883 17823 13509 11210 11391 12994 4720 18510 17559 6575 19426
12711 4530 998 19955 13798 17907 14034 15865 8470 2184 5581 3816 11664 1149 18640 13893 7391 16074 15166 10089 6109 14213 18555 18514 13174 6594
8811 3387 4899 8738 7409 16966 18801 11458 3795 10726 6867 98 15099 52 12128 1029 16426 18734 7646 8308 6756 9122 18622 15644 17262 14736
12758 17164 8505 16615 2681 12306 10110 17028 5911 12490 14642 16872 11726 4398 5763 945 10950 6170 14376 17218 17628 14039 10407 7830 8334 17790
13470 10079 6359 13836 13316 7509 7488 8419 16223 5867 15511 9158 13775 7004 1732 5673 15706 16002 10030 738 9092 18362 15955 9452 9431 11021
19831 12316 6191 17848 7874 18203 9329 8540 5852 10233 19839 16130 7855 10579 10718 2829 5987 9459 12825 11587 18132 900 5815 3715 2517 13955
312 18526 15039 632 5805 12898 12415 16390 5034 11773 12864 5613 17267 18530 8503 1331 5837 10487 6151 6518 3416 8431 18838 13253 3522 12648
4773 5453 3185 13747 8636 7412 2374 16260 13745 13022 13515 17767 3778 17167 17832 3897 112 10834 9208 6232 4968 12530 6847 1367 13909 19309
9273 2569 2018 8922 19403 7709 16660 6349 17567 6293 69 7135 15084 9024 14943 19527 14378 10092 8020 1697 15776 4259 4195 9697 19969 16166
8957 8935 2320 18339 17177 11559 13940 2764 14451 2956 2237 13470 7557 16666 11037 9132 763 6363 8140 16758 6903 7455 9430 18993 2711 13168
12293 19686 11163 9414 19247 12583 11378 460 2822 16172 4519 13337 2605 5917 19888 15344 15550 17992 5591 17315 177 9553 8548 17657 821 6385
16948 19130 11728 3260 13650 11582 10933 7813 9656 1867 7941 18318 4828 990 8437 5553 17194 4844 9115 16694 16365 1795 17617 9654 18751 7607
18272 14954 12833 17969 6846 3005 1860 12436 8059 16150 5867 1856 18731 4547 1259 19839 7171 11053 16776 14785 90 9883 7092 4691 14941 11597
1728 2577 18339 5602 5853 1157 1238 18124 2027 18588 10030 9036 18735 19160 17354 17967 4319 4600 8314 4552 3482 4045 8433 1555 10765 18115
13780 4314 10883 4878 15702 18127 11989 6422 16498 9679 17850 14421 2288 8538 5963 4035 11897 11203 11578 4409 6522 16739 1506 1666 11441 7299
17288 14846 18260 4961 11136 5301 10711 12843 17130 10567 2463 5749 3027 18347 6909 19857 5218 18799 5228 10192 9670 10812 19673 13199 2654 2946
3940 4615 408 16372 2636 19199 7809 8506 4839 3641 4656 2939 13039 1628 1016 10277 2331 4966 9755 1138 3626 15100 15611 4097 3238 165
16078 5265 1240 6735 6679 15532 6979 19574 17254 18418 6589 6951 7284 13872 7327 4652 4186 261 6843 4652 10954 17527 10976 17670 2549 17226
14100 3707 8478 5144 10680 6550 12719 6305 6182 3471 14299 1122 17592 18114 19117 15579 16989 18263 18802 6378 15676 16155 18777 15024 4740 17712
7013 19165 15857 1326 16103 1887 1600 15998 10602 7898 430 10990 9103 1585 6795 4039 540 3676 5541 13820 1795 8915 4875 11443 14640 7282
13649 13739 17445 16768 19794 12501 1494 1034 388 2317 5800 7582 15141 11338 9728 4371 1601 8892 7755 14444 9512 2068 6981 19857 1757 17401
17012 5646 18632 12884 16783 5530 12478 3609 9314 19391 1716 18454 14644 1192 10289 6856 12457 6891 7497 1554 5760 3307 18930 7304 9838 18845
19468 1523 17446 7141 8890 19137 3168 4833 6953 13219 15828 11555 18097 18424 11812 11633 17746 18268 12735 5579 13079 7675 4510 15723 17787 19665
1006 10194 3449 624 7513 9135 14305 8661 7914 10348 12289 6509 11456 12471 4553 3890 2403 15608 19928 2116 19401 5164 11210 10264 10005 12925
6261 9194 18284 18767 12130 15583 7304 14308 7786 3061 12434 4422 19163 5451 10514 10174 9223 18686 17600 16486 3983 6156 370 6241 3239 3962
19452 8991 15105 10097 15427 18493 13393 8502 14654 540 16112 12125 17252 15509 17591 14539 11747 9531 4401 4181 3067 4752 7072 4597 19325 2583
10306 12567 19676 11715 3060 9599 2185 5667 18541 9828 12481 16559 19511 7156 18930 11552 18421 3914 16096 9628 13117 9186 19182 18753 12261 17778
4476 18081 15736 18131 705 10876 6929 346 14582 8881 10789 19205 13660 5186 7766 2533 8325 18674 19187 16979 2948 7024 2767 1725 4360 1318
13393 19992 19648 16419 3442 903 18635 6634 7058 19242 12872 7117 11813 19440 10957 12385 11972 12203 12631 14986 10174 11140 16484 14188 7765 7528
209 3366 16043 9949 9067 7062 6815 17433 11323 13290 13358 11611 9828 8174 15567 7205 17756 1687 6271 293 6989 15002 578 16264 9292 50
3503 2143 7324 5054 18511 2390 14694 1459 6054 15148 15814 11494 11712 14571 694 4115 19391 19861 13805 6747 19240 5279 5832 13550 19802 9998
1593 1022 5824 12377 12283 19889 1505 3948 3115 19273 3636 4481 11737 14586 13879 7741 8429 18769 8126 12183 3454 7900 9735 1093 1060 9061
4776 2679 1176 7469 7927 2431 15279 14916 13783 2951 3094 11327 15460 10949 19031 5501 17389 18741 8707 14174 4260 214 1100 12797 7554 2840
8922 5361 19329 3410 4942 11822 13400 13256 12592 6042 7020 4065 15514 13462 12514 7802 3301 13009 13526 5507 12816 3647 15133 18587 4261 1449
1058 18998 10149 6391 8671 19744 15457 17395 15506 19709 3435 5658 1543 16049 1952 9594 15848 9073 14770 7566 4178 6620 19547 908 6840 14020
15123 8989 10711 16812 8169 10181 1613 12311 7798 1940 15892 9306 2597 9373 8612 10445 7675 17386 17206 16959 4949 16619 17634 7112 11025 10370
6072 16749 11142 474 12970 18501 10669 9912 14558 12960 9131 2221 8015 18639 11302 11109 13001 19720 11140 11081 12036 13924 12903 9439 11512 9074
15126 3594 2951 13877 19520 10986 10190 335 681 14751 7513 12626 18315 18125 2982 6978 16509 1505 14780 17839 9612 11863 9155 3641 17412 1123
18250 16870 13165 8754 5442 3052 14337 11303 8838 11088 7113 8459 11398 4054 5804 17119 15043 12275 6013 781 4819 17152 1526 14634 12530 16779
18302 13566 11582 19939 9418 4678 1941 7554 4079 14552 2364 377 17932 8915 13221 4293 15087 6410 975 2525 6733 15059 13547 16794 14914 7673
16941 5947 3691 12143 7641 2995 13795 19032 5353 5697 13674 11217 6929 7263 14923 11980 6344 12875 2709 4857 560 584 18310 6692 12836 18148
17910 1938 14535 5311 9182 7303 286 8522 4975 17883 9305 6698 12467 14538 9565 16376 19509 12406 12124 7807 3161 16933 16358 1530 18196 8171
2726 2600 12116 13534 6949 4808 15665 9183 9665 7941 13166 11386 19808 623 15164 10980 1308 13456 14720 14613 13591 14576 10179 7720 552 590
16506 6816 15349 19546 12395 278 10088 550 10484 3948 14888 857 10186 2703 15785 1128 14199 15743 13009 18762 16521 8023 3689 12017 16728 3461
11471 4368 8314 12326 4308 17041 3970 11919 8376 16372 19478 15342 10997 6154 5212 1264 18889 19377 15956 18199 8653 16685 16058 13994 16881 6667
6773 14455 9426 10068 13248 8800 10095 17943 2672 4272 1905 9764 18375 19104 5754 7124 11743 80 3857 7871 2863 5040 17152 16078 16424 19204
17060 5095 9277 8460 18393 8450 11717 274 13015 4703 12159 7448 3494 15356 14388 10390 839 13394 15676 11779 5679 8502 17205 9337 14464 11622
12608 17656 1325 13621 6908 13322 7051 18501 317 8215 9686 6919 14140 19720 1794 10705 11707 5958 13888 8329 7769 2274 6801 3158 6994 1185
13334 15414 6015 9296 9051 2768 8081 14432 8276 12344 349 14959 168 14259 19464 17905 16678 3580 17730 5388 16334 1864 3219 1402 9762 7564
8174 3788 19846 3271 2042 852 10899 6800 1105 3317 11836 10204 4956 18123 13826 5301 3693 16287 19250 4817 15589 16181 4758 18317 18609 18350
2645 13239 6937 852 16671 6237 8813 8969 8495 8100 5603 11610 3091 2901 5384 13272 7784 12619 18945 16587 15806 7997 18335 12330 7251 12399
1665 1139 1901 4587 5489 12543 7183 14624 15738 5613 4194 8908 6585 13121 7581 16268 15371 12696 12591 8060 342 2049 7188 12008 2340 14388
6849 2942 78 4428 5609 11989 13810 18651 408 6614 8355 16177 5793 4587 14685 5085 19704 14106 19989 19944 14477 8353 15525 8637 14158 16998
17600 1675 1639 9738 10426 425 6495 11995 2053 14344 14206 19454 12943 5271 18410 13958 2879 10699 13889 14383 16508 17024 17175 16222 13075 10688
10872 639 1136 19974 701 8688 18496 10976 13557 2156 773 12381 3465 8050 10772 12479 494 14995 10009 12956 16454 18574 2693 17996 8134 3896
15567 423 894 10804 9296 4290 17341 808 16910 4124 60 18998 18292 4769 1944 4913 11196 7882 3654 489 13265 744 14984 6579 16835 4572
7812 16218 12675 19095 12593 13507 11987 6193 6656 1833 1551 16420 12589 2853 17161 4223 16354 7579 17132 6544 1212 6225 13915 17586 12340 15965
554 14294 2021 10148 5265 11369 13701 445 18595 18583 5661 16073 19997 6158 6278 8812 6571 14673 2985 9484 15326 2540 15884 13778 17210 17127
4711 8421 18625 10333 10503 8949 9185 11190 12863 18536 8021 11170 15617 5888 19632 1986 10670 19479 13558 9462 11332 18244 19217 323 19723 7515
19948 17472 15720 917 7508 9869 17357 16544 15513 6071 13804 8474 3988 12149 2946 12380 15246 10880 10556 6718 3902 15864 12660 7570 7131 10589
1207 16971 14482 18265 17735 14457 15967 19182 18439 13535 1271 11393 11263 7163 7406 15138 12900 9906 7328 1642 2429 5144 3480 18349 17857 18442
1609 13997 12609 2366 9123 5504 13979 8309 15097 9028 3638 6651 19081 8581 19540 11527 11399 10978 12964 1922 6820 13260 7245 17798 10319 4642
1206 11096 7903 12085 6584 6853 8515 14362 3431 13814 7609 11515 4410 1623 3932 15146 44 8311 12470 369 11272 15384 7449 246 12976 18619
14409 15444 270 17477 1414 3244 10357 16596 11145 10701 19662 5879 4213 16244 12021 19882 6435 4771 8296 8402 19399 4206 13193 12822 11884 11678
15157 4316 15665 6879 19038 8390 6327 19396 17922 2965 15136 19276 3451 1240 3415 3222 9449 18999 13296 16055 8809 2947 18231 5777 9236 14983
12554 16210 3157 4463 17951 838 4956 8535 15454 9849 4394 16975 6403 6575 13286 18009 19042 17796 9074 19962 9957 7418 6785 14519 6416 280
8485 8989 4316 12610 8833 7664 10990 7450 8386 12557 12559 9252 1530 3385 4136 2174 13729 190 18892 17139 8823 14545 19738 759 8231 17493
16366 13167 16214 2359 5435 9902 7091 10553 11059 9645 5805 18536 16867 14382 3967 6694 10114 12207 9005 1263 14060 4108 3544 627 19246 1047
3349 1031 8538 15193 12900 18351 6310 7912 13024 9764 15766 1095 9707 13909 15557 4831 19665 5395 3979 2856 8358 7018 5302 14671 1272 13041
15254 4985 15898 4250 4105 19893 13658 15281 17434 15090 18640 10002 17458 11812 15328 8904 15509 15736 2484 12354 18363 14438 17219 2323 6007 11931
13191 15893 12172 18596 10345 17511 12288 3415 14508 19648 11241 19172 7660 12269 6936 8697 16264 6199 13171 5313 14422 19892 19318 17369 18596 6922
3051 3691 18772 18660 3458 15932 15928 9837 4089 12793 5913 15617 3270 8980 7751 4872 348 17819 6959 10243 16028 14492 12666 17317 8306 11978
2401 9234 13985 5611 1794 16440 6594 19549 13777 15083 7469 774 15424 7651 4691 14001 1102 15267 9164 16034 12431 1716 17162 3756 15878 8346
3471 14018 4981 9348 2186 16825 10389 11515 9316 16402 9212 1839 3474 14876 8035 3921 13588 6126 18139 14126 13763 3597 15150 1560 13831 11395
1520 7287 7767 4284 15718 9632 2918 13183 12558 2368 18822 4917 7768 13498 845 12801 17587 3083 15609 15272 5180 886 15758 12744 1865 19019
10591 2123 963 19851 7852 13434 19802 5761 823 14637 13652 1962 6958 17361 1104 10103 17619 19676 7454 17689 16527 16747 5231 702 8377 7604
8875 12523 4859 13743 3189 4023 16754 4369 355 1990 19838 469 7740 3699 8494 1097 14278 19200 2252 11213 18143 18838 11039 4597 1755 17890
3837 15495 2507 11830 11561 1618 15055 1686 2759 9626 6663 457 756 2145 13173 13698 10043 169 6717 12767 3859 8918 6250 12373 4673 19787
18194 1178 5384 6926 16210 11689 13216 19233 14136 15929 1662 9004 7816 18688 7489 13263 9019 1717 10827 14839 4199 18176 6438 13453 7519 10528
9558 5569 14925 11721 5632 4465 3604 17855 12952 13516 15845 16773 7721 12406 15836 10985 5013 5852 19719 4710 6505 15320 12928 3846 1979 2255
2361 19118 11945 2730 4566 3926 14323 8880 10200 1103 10462 4974 12793 19290 12540 2732 14858 7305 13201 13363 6645 6549 2147 4295 1916 17157
4278 19174 4337 14162 11630 7507 5134 15316 713 10473 15139 10059 17823 8586 11164 16733 12685 4817 11230 3271 18711 3464 4459 3004 4340 14510
13201 11004 9237 4908 2692 673 7340 4919 6333 6187 15464 12146 1765 9983 1798 17284 17868 6526 18805 6310 10886 5671 3394 10389 6031 18476
16565 16313 9710 1861 8892 814 5968 14312 255 9411 12150 4496 2366 11680 12225 11090 14150 18875 11377 11472 8342 13793 7265 4577 7048 6477
19414 2093 16419 18654 5574 3066 4784 10368 9186 19301 11020 5980 10884 4882 16607 1832 5703 6613 6052 6362 6590 10881 12315 5891 6112 18141
18253 13094 2580 10531 7803 2162 13834 6281 14534 4924 1492 19455 17703 5805 15790 9423 16280 5536 6071 17232 7290 7962 4372 999 4551 14664
15916 15849 1772 19913 19350 14390 6994 3715 9790 13042 15930 11045 19380 9655 16237 18038 13865 157 5213 13256 10304 11655 1294 5422 19769 17450
663 7349 5888 18004 13481 19063 1261 15562 6338 14041 8688 7495 13798 3676 13145 10816 2708 15131 18116 5234 7626 12213 7850 8946 13995 8077
19920 2395 8589 10639 19063 16589 1003 9660 4148 17404 14625 11504 17452 19490 19202 6862 15390 9241 8333 978 14490 11045 2892 10467 19772 17583
19598 13485 17527 1386 631 305 3472 17979 2554 13079 3221 19886 11827 9991 11447 13842 1315 17244 19902 17136 14187 14253 4812 7294 2688 19661
8098 5377 6838 13735 7641 1305 5282 13894 1148 4270 8688 2424 9614 11546 952 11402 10686 7474 12237 6153 6982 17668 7175 6371 4972 4065
15671 19565 14786 18298 10936 14804 10400 12730 15920 19369 18911 5471 9913 8929 12778 17812 13100 12160 15015 12305 10348 14881 11430 3548 16082 10591
13824 16976 11648 6939 113 5715 19949 13725 12628 14211 10364 18555 6396 11023 3304 19499 10785 19328 121 17014 2491 18894 18559 13245 17593 10817
9531 12424 16955 9111 4641 12981 18970 16709 6880 5720 11386 18453 2941 3743 3113 18870 19215 9235 5952 1345 7360 1961 17003 14843 11981 15624
13753 1739 16208 8046 6123 9692 10166 6044 10753 4053 6408 7561 12721 16569 5835 17714 13790 1051 4905 4111 11193 3464 10202 17307 6520 2779
14271 12177 9667 19416 16120 17940 15187 10811 13551 2231 12405 5699 5096 15739 11766 6497 11475 15613 3337 10314 14227 1212 9959 13183 7558 17290
12906 18405 10397 11387 3908 14287 4469 17217 5885 17017 212 714 8740 17822 14295 5870 3539 661 12391 10094 14450 8037 314 19623 11190 13835
7110 93 14153 732 10254 5415 6409 7876 6726 7611 13748 10238 1530 8170 9640 1161 13440 3656 9904 2519 15420 7855 18420 12091 18636 2065
13239 4425 6087 1371 12775 14192 10958 11412 3668 11640 11902 9431 11720 1866 527 16245 19355 16595 10512 8311 18393 10783 18164 1847 19458 12018
17105 11658 16147 3850 9857 18701 5279 9602 10227 13923 13119 14892 13772 19572 15859 15264 3957 14006 2279 1909 4428 15996 1698 4927 13350 10806
17105 11268 9351 11698 13674 5260 7519 14504 19000 7868 18272 1995 6314 10077 13163 1795 2320 17870 15375 5771 30 8387 10714 12551 19068 11080
19733 8097 1204 14817 17405 4115 3447 12439 5047 4166 4420 13732 2620 578 18404 6812 3856 2850 8127 6842 4098 10446 871 2390 10026 13321
18697 933 13370 12287 5780 15903 5100 14919 15963 9676 11873 1997 3238 13369 14039 13458 6017 15692 3593 3996 16031 6012 6237 7582 9675 6868
9786 7930 5465 2985 6148 3407 6505 14636 10916 4944 8600 1282 13571 2366 18651 4619 15063 8783 9959 9982 776 5684 16794 17721 5545 7384
17207 6071 10534 19567 18292 8578 9267 7919 19855 8085 3662 8142 4920 8423 6436 9254 14402 6013 17747 12311 17074 1909 12114 4019 6742 416
17680 15837 2904 16948 1759 11272 1969 11840 16399 7421 13292 3074 11834 5826 9564 12356 12478 17398 12922 12291 10471 6018 17672 995 11395 12173
14665 9947 4944 12449 6525 15643 16195 2987 11591 19908 5678 14214 14781 15231 14228 13446 17148 12879 9519 132 1400 16462 19200 13306 11193 14961
12176 18525 8361 5067 547 12959 11507 14445 2949 866 19845 1630 5970 15448 11513 2647 9244 9166 7354 4321 3795 17008 1979 19506 3340 11301
8450 4266 19796 6766 18128 11538 13367 15755 16913 18030 3900 10978 1698 312 1787 9305 19626 9847 9280 6951 4624 1136 4178 15176 15665 19232
18252 8601 6958 7202 18615 4746 4219 18332 18144 19988 7365 4316 10610 8524 5850 15520 7511 13192 2113 9688 2048 9190 14123 5149 14531 13829
9550 19327 16656 16821 17060 10387 13109 11076 17614 6786 944 8955 7676 3571 18745 5634 18571 14269 19502 5057 7183 17877 13583 17376 17986 15367
11836 8767 13355 5702 16428 5913 19172 14625 10478 3368 3258 9287 5176 10118 16996 18278 17698 4044 12308 18001 7841 525 1226 7202 12462 12329
407 10493 5022 5562 19631 1942 2226 9632 5690 8523 13616 17843 17995 9866 11873 7069 5110 19429 16132 11562 5275 4337 7387 1207 14570 7651
2454 9862 1098 17142 15022 19931 8700 13174 10127 17337 6303 12030 16580 15970 18846 6134 3095 19614 19516 6055 8864 11812 6738 4923 17765 434
7838 15681 14617 9094 15005 10664 7281 15555 16359 16750 10955 9789 11064 12616 11524 10251 14135 18273 9272 5243 18640 14830 11118 5572 4449 8196
18098 18921 5482 10986 10638 17131 18692 7312 17481 650 6551 12464 19451 12349 4113 8311 17476 5564 7195 9370 6910 19088 799 866 45 14838
278 16192 9905 17423 9173 8239 14711 10967 16002 7445 6088 13478 5286 7036 319 16464 1091 5603 7321 6739 4085 6909 4756 14782 15345 18831
2679 14809 13908 13031 14960 3682 3493 2067 15536 9885 18629 19030 1585 16740 13513 13693 12455 18925 2996 15889 9422 11424 16342 12806 576 5771
10575 16546 16372 15565 7671 7619 15006 4099 1341 4142 2339 6231 9398 16295 3666 2140 13516 19417 8637 7797 13419 16340 14226 6871 3579 9627
4197 7106 15045 7415 16783 9939 2861 2338 19105 8600 4371 19632 10724 14359 8142 18980 8408 2706 15293 7971 18984 10268 10783 5738 154 6946
14657 10 15346 18192 15134 9550 5799 237 13989 14296 2414 7821 7713 13716 8530 8604 5218 2113 2450 16163 3261 16229 12357 5900 7863 7958
3676 18705 3695 9443 12686 7847 11153 11380 4160 4170 7639 11863 19233 1171 12801 12477 7787 17299 11313 8387 3522 9321 4433 19708 9220 277
17327 17005 1751 10502 16656 16641 4712 14783 10187 17969 1029 2977 9741 17390 7106 15321 12710 13385 4923 12807 7717 10703 2026 16468 18450 49
14245 19258 15644 13572 9486 13491 3903 2446 17554 8357 4864 4289 332 8591 6305 3431 2461 11766 13029 2224 2524 3519 6990 17030 716 2703
1606 19335 15081 747 19455 9632 1328 2986 7124 9763 3865 11725 9205 11197 18731 18729 142 7358 745 16406 17148 7587 17406 10938 17996 15808
8671 5799 6541 8230 8778 11203 2872 16860 8605 1871 19632 7097 17667 15075 15307 3242 16471 6912 4374 12358 631 18789 15919 6748 11932 14866
9959 12092 6892 9361 17674 17334 14855 6729 15088 14362 12880 7997 5489 3949 18450 6149 18350 185 1263 4021 8982 7401 10845 7676 3051 2181
9367 5183 3105 9156 1540 5945 18546 6639 18371 2768 778 14890 1788 18606 11387 4078 3532 8496 4209 16418 6046 13198 12254 11854 11082 14972
18078 10849 2629 11716 7622 1829 9709 12224 4734 8085 6705 18426 17773 7066 9842 19182 259 17409 2171 12682 19525 4051 8513 105 9637 17816
19875 3391 17492 1388 14025 15110 1031 9236 8486 9806 5296 12649 3529 2242 726 19521 1262 19605 10353 11079 11365 4591 16620 4553 11629 12142
3041 1378 8310 8942 10313 2670 11938 8939 3858 16383 13004 10077 8177 7147 6187 6428 9770 11851 4028 13740 8931 11491 14914 2776 8576 767
5003 15375 11995 13502 11320 13608 11629 4532 3483 13041 1832 19957 8197 12141 11706 7004 9448 9674 15147 14734 12107 17372 5329 18777 6593 5669
19349 2139 8720 5392 9158 8878 701 2297 5890 12417 10038 19302 18496 10681 1751 2203 1931 11792 1398 14929 6008 7124 15717 15105 1233 19038
2871 16262 8688 14527 4685 19749 14372 13082 3046 17008 5136 10220 15972 3669 17514 1029 3685 7306 13628 1465 6072 19916 6271 14523 9281 10063
11910 10233 9498 6136 5985 13015 4262 2133 9249 6275 5382 2025 14275 14985 7411 3661 4566 17687 8091 4076 2654 17662 1336 5947 2505 4731
14875 16993 9081 2586 14467 19113 3359 16951 2946 12716 11302 18136 1327 4394 4645 19837 12517 13021 15567 19656 11129 7229 17218 8986 17539 3443
11428 19638 11616 18657 10486 9382 18909 1146 12420 1619 6193 1606 17868 3660 3917 1111 2099 2669 12 19550 4127 16962 11774 2412 10377 7606
18091 16322 1627 8326 6207 13273 9597 165 15008 11638 8621 13977 14284 8416 13900 7598 15451 17029 19393 1657 16922 5548 6939 2690 5441 9258
12862 15824 1511 8985 3411 6369 16478 1612 11890 10554 12467 1372 5053 1883 17085 15279 7304 14272 2036 445 5581 4411 14240 18704 1298 16183
17322 18252 19538 15848 3340 15218 3613 6908 15661 2683 1459 14489 9676 10285 17746 16913 2864 16795 16137 8175 5319 3970 4187 8410 12342 7066
17979 5991 8987 10564 18235 6768 17836 15724 6550 19304 6181 19404 9231 12389 17630 17894 17322 12147 19836 15049 13069 13690 1139 15752 8817 15735
8220 14253 15309 16700 8578 15573 10409 15805 5208 5910 237 19984 8939 6578 9613 15958 1861 11261 16745 19681 10010 8249 8044 10012 10095 10445
17090 14980 10045 15897 15154 14481 18379 5731 11896 3148 6642 7380 8492 12820 4385 15250 2864 529 19326 2259 9382 18986 12658 5444 2961 16550
16195 13640 14956 2978 11851 3095 9681 17416 16190 5930 15618 19249 17408 18143 9190 1285 19164 12458 16219 18789 7386 12158 11501 10937 3739 1227
2110 16402 11409 19120 16493 16998 3933 13915 15155 9674 9511 17243 12792 271 4720 543 3397 5053 19668 12049 3088 9079 9788 10523 12645 2536
11636 4636 10810 7764 10574 19005 4344 19843 3575 4607 2397 14453 10601 873 15661 4960 11826 18539 15158 10329 11709 5597 11414 14850 16670 1499
10012 778 10384 14958 6130 15619 3157 19783 11309 873 3052 4892 4370 4464 5053 12687 5477 6291 18134 7568 14187 15374 14256 1738 6487 5099
2959 9340 2796 10760 6041 593 9507 8873 8451 13391 2768 2727 15552 1231 1725 1981 19439 5442 17783 17883 7264 13678 802 15977 1037 5626
10837 2303 8176 1769 1549 9011 3752 5384 8871 18272 13776 19949 15436 2716 15694 4155 9075 15281 8357 12718 2085 12155 3745 2887 17042 9871
10219 12753 5903 5318 14073 5044 9104 9795 19675 4521 7876 12610 6869 1159 142 15126 3956 19186 14901 12282 16151 16453 12823 16931 19825 13877
11566 128 3519 584 5729 13240 9365 1044 12539 9645 6394 16506 504 7578 16122 4960 1363 1239 10181 976 16155 18913 3623 19372 9646 5686
2440 8716 16384 11855 205 11966 10352 16089 8065 6787 14114 17703 8078 15292 4653 10307 11338 11333 909 14600 19447 17355 2549 13765 14993 4030
7818 15347 7750 17743 8157 9271 5897 1285 17919 8053 9366 1586 5417 15388 6867 7694 11425 596 2238 11229 17343 10451 16513 8995 19133 13010
15311 7446 7642 9716 17386 2008 1803 6600 6063 15487 15669 6571 4228 18242 6485 11524 1295 5832 12571 17675 5941 11810 11921 3963 4673 17253
17567 9668 11847 298 11666 7299 2681 562 19638 7490 19748 104 3390 5467 478 13601 10268 12290 12211 17662 8628 5081 15258 14070 13912 3660
7650 8155 11341 2343 6824 5502 8128 13606 10628 19866 16456 15330 18544 19186 579 18234 7706 2157 8433 16620 18861 8697 15525 1959 489 8800
12187 18168 676 9942 17628 18595 18065 5602 3026 14544 12700 10680 10292 12838 2412 3712 10673 7298 8792 5058 8316 5370 11196 17230 8888 9253
3769 761 15318 13227 6499 13882 16801 5112 3979 14080 17252 6252 14640 8061 8147 9504 9823 16959 11504 10683 18406 19953 3292 10702 14698 12860
18112 16285 525 1610 7768 9465 6194 18466 237 2898 14584 6617 1547 12398 1182 8740 7886 11761 12884 9733 14909 3530 17330 7211 18504 15540
18489 8579 8742 13360 15453 6545 14573 5170 3124 12403 621 623 4346 13720 14266 1667 1818 10956 7619 1409 10006 2317 1489 9306 13053 3783
15476 4309 15325 12987 14105 17813 9103 16447 13551 17694 10083 10570 7228 15000 13691 13045 1007 12769 4692 9244 7179 7650 19257 7700 8790 5886
16455 1865 8911 13157 8457 13690 7975 1522 17991 11682 6342 2897 11309 9771 14652 16568 16337 9938 18732 5394 1892 11357 9443 4453 14459 6953
14821 13988 7548 5976 17912 7256 7025 16492 6968 15041 16660 4036 17637 12493 16552 19301 10988 4870 7802 8051 11701 15991 19430 19896 9491 17724
9888 9750 4961 11898 18080 390 19548 4451 8234 1345 9141 5116 6020 16510 2200 18438 11912 4798 5155 9823 14451 15105 16960 11775 1713 6424
17954 11712 11707 16885 2799 9512 14484 11783 8999 16978 15948 15490 2437 15496 13994 4305 1461 389 1871 16025 8055 6465 13218 10204 17067 9827
5483 7397 9531 8891 2585 7592 17886 12809 11617 6792 7473 16310 18619 17392 16777 9859 19115 15066 10490 5471 2099 17889 18079 10053 2267 12868
7883 8878 12206 1716 2666 19167 1642 7577 11677 342 5742 18652 19061 16813 17434 19856 12828 12844 6116 1586 13208 12057 18986 18679 9890 13743
10121 10825 7354 11988 11995 16460 16622 12123 8362 5355 14282 13074 4022 12330 5549 15002 8576 12062 3325 7909 4584 9980 16543 14876 15517 17186
13144 11710 18768 4695 13959 3713 16723 6659 282 14732 6753 12031 328 6523 16623 1653 12098 13807 14122 14872 7956 9833 3403 6254 18077 12705
3609 7459 17355 3665 11782 4536 17490 12389 14982 18884 18729 8224 963 11908 375 17523 12796 14612 959 18693 501 12938 12789 2816 15420 5835
10562 7175 4712 19185 19330 11292 18309 13950 15146 6209 348 4426 10341 800 10900 8706 4834 16928 8509 9710 10914 1605 6683 3480 7892 7830
6857 19286 14897 5036 15555 6025 15208 17447 17285 888 2082 2249 7734 9336 18395 18530 3531 139 18768 7106 18622 18110 13069 18537 17470 15563
8002 14993 10281 4356 3351 19458 4665 579 1914 5487 7275 11981 17876 4442 17886 6137 13839 11176 19788 15437 605 6721 2974 7178 7490 13713
10542 2653 11331 7506 555 19142 2943 10834 5210 9374 12520 3477 11432 8370 12534 10958 4060 4528 14482 2731 9474 524 11786 17361 19997 6969
7934 6194 11976 7275 9977 15844 17816 17072 17100 4146 4370 13303 2592 3364 16232 4946 13802 256 8252 19134 6744 19244 16943 833 6224 18266
6358 5168 2421 4779 4216 5410 976 2655 6867 9437 14806 16458 15774 8829 3077 11060 13145 8825 5422 19098 11436 1538 8163 9611 10599 14591
3971 7547 4468 564 5453 8196 1924 229 6775 17100 6711 725 716 10441 3796 19615 17831 6702 11143 2450 7447 9833 13657 1284 14919 4366
16190 7580 2577 19774 10554 4192 18445 5509 3310 14324 12502 10175 9538 7234 18351 2492 16447 11751 19590 18237 274 18333 11074 10787 3718 10736
5945 10975 15106 4035 11485 4808 10177 17595 2861 1939 2242 2500 6828 5474 454 19254 3619 15971 6293 11571 13242 15900 597 15663 18520 12322
8434 15641 10777 5902 16917 5281 10642 13411 9707 1478 15150 11273 7304 5251 2375 19116 9113 15730 13096 3388 10980 16514 5989 16633 11334 4149
3998 3848 4557 4988 13152 4474 16103 18520 9529 11651 17316 14602 16168 651 9616 14692 7744 4113 16740 2082 1956 9612 10818 11430 16443 5664
18598 491 15466 9184 5182 11566 1947 327 18801 16631 12961 10031 14968 16714 13596 3964 16252 19130 5413 19382 1405 16892 5042 10054 10667 17508
4567 6109 15463 14180 7667 9485 6773 19714 8768 8040 4888 8465 11436 11015 3308 17805 9587 6171 345 3224 17163 8067 8170 11449 18649 9483
13350 7303 18543 7081 16191 7998 16396 9814 4633 18111 3909 9339 1938 6464 16584 6488 16319 18488 12665 16064 8075 6364 17546 16814 18082 12892
18250 1293 6914 4589 6948 19089 11890 4631 2790 17465 10164 8435 14139 6111 18993 18294 476 16885 376 13083 2870 7166 3561 7558 13915 9636
3234 6499 239 901 738 5131 11658 16753 16029 19388 10608 18583 14521 8747 1815 9047 5601 18866 2055 12856 15147 19745 19841 14213 12466 9628
16645 19333 16683 11626 9910 13808 6537 14262 2236 6784 8648 9330 4563 4503 637 3104 5993 3663 14179 12891 17549 16893 8857 12526 12060 15598
6763 15307 16191 13602 52 14355 11616 3390 6358 13613 15953 11660 11451 9174 6569 16228 18658 9811 12741 5199 9353 2141 3325 671 18948 14517
16429 8916 16350 15368 2927 841 18507 8801 2761 9782 8610 9822 17624 2179 7265 3440 17081 12114 11010 911 10126 2658 2702 3968 6840 16009
4957 12572 8800 6639 11424 15163 7843 2003 2451 2009 6211 5635 6784 6744 18340 5295 18622 16799 8723 13017 4881 14404 12222 106 1745 7363
13105 13817 14333 1259 19150 10450 1003 15942 17601 9152 1094 9299 12945 14358 1680 15097 13182 13522 15908 10861 768 12530 219 18566 5483 12184
83 5140 14902 820 19759 4688 8281 15030 4270 14272 7083 10403 16173 1177 10477 6063 8447 13271 7995 17650 2652 7257 10666 11116 11424 2131
518 15959 644 6223 4276 16824 19750 17888 15429 1360 11442 3391 13127 3398 429 9426 124 19933 18427 9978 19546 5571 15973 15143 15193 1580
14742 11329 704 14046 5801 11180 10731 18388 10434 17266 19533 15361 18518 13982 630 8600 16209 3898 17554 17213 17907 9874 6766 438 11841 5195
420 8768 7897 8448 15486 14146 11182 6356 9979 3603 7123 6420 5714 14106 8141 19214 4756 3208 12451 5518 19885 16580 12586 17609 19231 9035
16721 8440 11235 1869 12055 19672 4256 2610 4805 10197 12704 4709 15361 5004 11360 3520 19016 2828 16170 45 16694 3255 9225 13227 2671 5653
17145 7207 9176 11296 2686 3645 4493 10609 19409 3270 8048 18864 13614 5517 1928 10711 15350 12972 15143 5532 15110 2662 3721 13297 10565 5135
17850 12463 17109 9741 4460 13194 3783 7201 14418 10490 9675 13164 19030 4314 15951 6498 17114 12137 17367 13421 2595 16725 4723 11378 14479 2509
849 14925 1934 15439 4039 2378 9465 13899 16736 16046 5534 4737 5297 19018 12299 10656 16495 19302 11619 13497 18953 13513 16428 9308 723 12708
3456 2130 8732 292 10202 6375 19861 201 18619 15843 11281 3254 1801 6952 8390 12312 7974 16163 14786 8852 12609 16980 4029 3102 16056 13036
7006 4562 1342 1828 9757 15983 5948 12244 10489 677 11073 3416 7219 7903 17309 18402 2368 7407 482 18157 18311 13433 12055 15965 19678 15253
426 6522 18135 8175 2677 11792 19711 9533 14594 14406 1318 10877 1427 16392 18455 16771 3203 7052 10486 17267 10103 15768 11130 10234 9643 18825
19850 13891 17445 714 7167 11701 18967 25 16656 7579 12314 15247 8927 4294 16288 16454 7412 15431 19103 4993 824 3081 9962 18124 4103 16216
17746 6220 19244 5646 12466 18468 17173 16256 2057 12261 9118 3834 9203 8050 1435 8185 7633 10504 6249 13815 2997 12871 19619 13602 6121 3360
14420 11408 11100 14136 5099 14420 3089 2703 7279 17025 19153 16781 1294 4173 19177 14185 9648 11673 4229 10168 3647 16912 19107 4654 7964 10819
17314 2733 14435 14879 13750 9692 17926 11610 6007 4516 18584 1723 1048 9218 7415 2972 3556 17506 3563 4853 13899 11331 2074 978 13329 9736
19260 19860 11105 5884 19204 7215 19614 9717 8509 15946 5422 19327 14767 17098 6482 8740 7673 5864 1938 11997 13635 2947 14080 4709 2483 11204
2419 5772 19621 10748 11396 14934 18244 16018 18549 13387 17633 14039 6834 17324 1931 4781 9114 13471 5886 842 6596 5572 42 4804 11991 13107
7415 14118 10205 522 17494 11773 18115 1024 151 5812 9183 9367 10951 16526 19469 5198 14086 15262 11070 3249 7693 17198 13171 9057 4459 5422
5710 15587 9068 4563 16868 4955 1642 14400 6881 5414 14601 10768 19154 13694 10272 474 1691 15163 15545 12997 10402 15706 4040 5432 8339 12638
11003 15292 10564 2649 15350 1744 9417 7715 14935 5988 3989 3568 14202 14808 11534 1341 8033 10649 11202 1185 16555 12037 7507 7039 4400 6284
9128 15176 10910 6833 2579 13284 2771 7895 18215 4032 17151 17756 15968 15456 3855 1922 10661 6128 6274 19763 819 7242 9256 8933 9844 212
13589 16089 8230 5993 4513 9570 17215 4105 18895 4936 10340 18459 17822 7687 16719 5672 12350 350 5707 16298 18974 1162 16114 14566 19906 7456
8260 6331 13531 13827 14452 18599 15712 10438 12755 13528 15716 9532 14012 19685 5056 16352 12900 18328 2800 10077 3138 19786 19346 9322 9456 18049
17109 16358 15813 12207 1023 6280 13482 6136 19631 15903 8601 16619 13105 4044 12645 636 9402 8205 4583 3437 9260 15491 9479 9402 16516 16568
13261 12793 19280 4627 8881 769 15557 15349 2189 16520 7275 12328 3837 6446 19720 2004 18272 800 18685 6044 4818 8597 2398 12050 2746 8787
18515 15142 18373 10438 16409 5547 2107 12041 3343 7148 1186 19899 3902 14012 17711 18043 8094 16622 7453 10115 1487 8338 13805 11245 9868 11348
12654 14068 14103 9752 7756 8908 13549 17302 16409 2022 15467 16163 16049 14121 8623 2366 4429 919 5882 176 14818 17120 4197 15681 6132 14212
6783 12774 10951 2370 18573 15255 1892 5893 10129 4156 7241 1474 9538 5761 13497 3122 4706 14581 13920 16008 16853 14502 12360 18884 8528 500
7946 14608 2407 4008 16693 19229 6642 2393 15995 1565 19242 11360 2762 9274 1776 12161 19742 3011 4119 6732 4128 1146 19537 12542 16671 8520
17276 11407 222 12517 5259 15821 15136 16118 10553 17133 19998 14179 8543 15324 11676 14168 17009 6238 7292 12516 7777 11821 12142 12920 7471 3275
5112 935 14273 10899 8937 14775 7143 13896 14906 9960 9584 17803 14228 14034 134 17817 12057 13057 2034 7547 10851 5349 1779 8721 9035 9308
2349 3045 13804 16213 18240 19292 3709 9710 16298 16874 7995 4776 13224 1208 8350 18668 11941 9461 16850 18177 14727 17840 17547 8847 18925 5722
4878 8365 9751 15225 7941 19944 10307 7918 6882 13540 19215 17336 5685 1237 1971 17410 16955 4660 12484 12034 501 11736 1907 12009 9510 9292
6008 11293 1457 2114 6448 3825 1827 14573 10542 3060 16397 8838 11906 12832 6869 18953 3485 9730 7739 6828 1303 6245 16233 18866 6608 8890
14926 8175 5159 3390 13402 17165 3600 3442 8868 2739 17353 9413 17680 10518 9851 15510 9110 18582 6138 4574 399 272 12269 17235 6910 15316
17202 6767 5093 14288 10203 15633 2687 19682 5969 5810 9163 12646 16772 9705 15084 5558 9555 14056 968 12054 6425 12679 5015 18571 3125 13992
5452 2726 916 17862 16509 7681 18760 11470 10195 6473 13967 12672 14095 6211 4636 3897 3788 16449 7971 16578 1156 18001 9124 3131 8810 4175
10382 16397 10988 9805 2109 8070 10519 1295 3723 5798 5666 11605 16209 19375 10055 10932 15690 307 1198 19802 15072 7294 16179 4644 6830 11917
10790 5307 11317 19165 5022 7133 10731 8299 1151 12022 15162 10300 14490 12890 6803 18931 13812 7811 7143 4571 13664 15728 3640 5627 8042 16772
12331 4581 1251 5263 4779 13059 6917 6942 662 9131 19151 9171 2649 6488 14717 17584 9812 17087 5520 14524 513 3315 8519 15888 518 10762
1431 9111 15800 18394 6623 8919 9610 2189 17279 9470 8503 15810 17856 3250 17519 12786 16129 19640 15405 4416 15942 16627 11911 7036 14728 13661
469 14993 16360 2037 9254 10051 7492 13457 3469 19159 13669 2433 7329 9355 1790 7585 13673 12792 9201 12167 10806 17282 2720 19757 17494 18311
8941 7621 904 16183 8870 5318 18355 383 10162 4083 11088 17401 8858 3654 6539 1369 434 2938 7403 13256 7270 3235 8318 916 18893 18200
8749 15924 13979 4751 13800 4218 18584 16128 6883 14294 19123 17274 16364 5486 9311 13265 9689 11868 19096 8282 5082 1696 9325 10882 19399 4485
4923 5180 3571 11540 4069 408 13945 15961 16347 4835 13004 8265 2123 2235 9045 16719 16411 14266 10890 9716 2665 10093 17102 851 2211 8423
11316 1971 12068 3455 18506 2708 16648 12387 109 18698 9090 7741 14203 14306 17223 924 16486 12341 10384 10002 18456 16360 15505 1820 11709 12638
6101 10509 15798 18982 5051 12591 3582 15310 13478 4417 16461 13661 19798 18041 12528 6283 19413 8937 18641 3893 4208 19753 6942 4816 11756 16118
13171 2283 6490 10707 6905 5547 5205 5290 9384 4164 6303 9438 358 4324 9551 180 3061 10799 4181 15518 942 17572 6219 11639 17717 14352
1057 15931 8867 4742 13295 14669 18113 18637 4931 13683 10241 10746 5927 18239 17841 4792 19959 5315 19046 17133 17932 7339 2756 10037 8128 1380
1200 13687 19628 1703 16364 1514 8115 5811 404 18548 12225 18202 17497 2270 19908 18399 679 2656 10497 10347 13916 9998 10823 2773 19327 6415
17236 16373 417 11595 10802 4430 14731 14427 10377 16042 18398 12831 7776 9522 7926 7634 19673 7566 15503 19306 16234 1260 5990 8974 5656 18690
10389 6020 1286 16156 3013 8900 18821 10687 8057 16711 13961 9140 15620 3283 11438 18777 17847 5442 3329 4832 7078 3691 13069 9219 18508 1301
14550 7111 8351 13261 1670 237 8521 3389 2828 1061 3654 11621 18908 9021 18603 15094 14940 14757 3160 15610 13720 17907 3834 8210 18453 14320
8891 6129 8422 3013 6987 3878 6914 15324 13937 5511 14946 18142 10763 5527 9050 17621 7163 13995 18632 17590 9161 18912 10559 10179 13203 12962
3532 13337 16068 11840 3509 8513 3896 11638 12426 10328 17020 17156 12535 10551 9023 842 6484 11303 6694 8535 13547 14417 3832 1560 1569 5542
19224 1257 1874 15975 14666 7532 7907 15425 13158 15585 11352 2813 19135 5202 2492 2523 5852 17304 5110 6002 4130 3022 2636 4563 40 14169
13116 8820 7522 6790 18181 18795 16002 8839 10540 8422 18580 9450 6074 13739 11512 14678 6955 7150 5168 10154 4547 6707 13854 6844 16454 15773
15220 16594 7530 1331 5522 4848 3805 11068 6419 6650 4479 15948 19949 1671 8300 6943 19722 8678 15276 15031 2164 4710 11952 10803 535 1718
2839 3067 1632 1874 6456 4252 2520 15553 18937 12625 11871 3612 1337 16627 19690 321 14907 3537 9711 3896 2814 11690 10364 7244 18421 9512
13523 4139 18017 16543 4022 3480 5121 12214 8999 3910 10721 6726 8227 2783 16116 15014 14581 10185 11023 8670 499 13518 4097 14678 12115 1709
11303 97 5273 1580 18830 6249 1436 5759 1648 2983 7336 12127 4144 10016 8501 16203 7656 1614 44 17964 5544 7798 16729 335 1170 11676
7747 9745 15844 8388 11152 13913 27 19023 13524 9634 6187 9836 18740 15109 6441 5367 9606 8269 8619 569 2007 3894 2922 10146 10996 14585
531 6621 8170 18690 16441 725 12833 13531 6760 17660 6347 4686 5833 1557 7452 7570 19648 5245 13569 14745 15759 3288 1900 10750 8811 13792
17522 19104 14928 11278 11349 8233 15209 14781 13827 12227 4868 9618 15687 14782 2894 8772 18470 16768 14134 4174 4206 11675 19071 16593 7081 4718
4524 11396 5457 10362 18063 2768 19895 17828 19833 3809 4512 3502 2462 4902 14452 2658 9741 5328 10567 18626 14494 12930 11944 6425 8525 11998
17854 8808 17195 4029 40 19413 12861 11738 15731 3601 12439 15607 5991 2114 3842 12370 6384 15340 2375 18321 14995 12899 18982 5557 18676 11421
16719 4237 371 3854 4053 18677 554 4476 16246 9297 10068 19688 19191 3539 1619 9529 16054 14275 13540 20000 9181 1344 10523 17525 16657 10832
7453 19362 18050 1468 4490 15001 11084 11940 13078 17484 13657 14787 526 7109 6463 9233 16603 9913 9010 8992 4064 5878 12869 4113 7520 10682
11709 6308 4621 11306 5827 5216 8945 2251 386 16768 4146 11747 9136 10374 8495 14583 7324 3180 14392 12002 14046 10214 774 14756 3631 9973
8450 17917 18285 14005 12388 11489 5624 14272 3751 1681 19986 8460 9638 18730 13529 5015 14003 17209 13502 18116 5524 11994 17707 3975 14848 2389
3965 19755 9180 15191 8342 16442 9331 14893 8072 2843 16920 1265 3250 5415 11860 18428 17855 8519 6451 1155 19184 5912 10989 6850 18261 8736
9096 14702 14969 13744 13028 15733 15187 2088 9016 17597 2587 13103 7480 10275 15498 1531 9480 4964 17423 1988 15041 3480 14092 5816 12459 17895
11145 14979 16270 7043 9367 148 2016 18886 5709 11439 4774 9692 11733 11509 9404 13608 14932 12793 10031 14731 12264 13277 7196 873 19335 7900
4900 4343 15650 14172 8020 9088 4124 39 13140 14565 18551 19669 14487 4601 1263 673 18578 3241 19280 3569 10364 6225 16318 10950 13228 18733
17507 259 2218 341 10169 5427 8564 17091 7208 11958 1361 14447 5676 19746 11809 4963 1736 7061 12154 1842 15913 18129 15945 760 8566 7032
6284 9009 2442 11785 12854 17519 19487 19220 15622 5211 10546 13354 3170 3658 2757 19249 2268 14076 4494 16686 5410 3457 1425 17297 4727 5252
964 1386 9891 17751 5245 7001 8062 1356 4953 8453 4413 5178 9628 5410 19458 15351 10891 2340 15759 7648 4475 14431 16685 18908 7553 12807
16235 2768 18544 3598 13136 4372 14617 13570 18988 15638 6811 2300 7005 14194 3952 15089 10252 17763 4287 3169 14155 5975 14663 3719 16213 16200
2614 3684 15662 9261 12412 16310 19880 12758 19465 18281 17124 7402 17825 15247 2745 14892 19314 5644 16883 9067 7611 2698 3724 14749 4274 10231
6986 19862 12619 7767 10400 13901 17613 14367 5812 17370 4828 6592 8477 13052 12594 700 11085 14913 3037 19689 6833 13301 17391 17628 7520 8724
16316 7366 9336 5270 16541 4874 14276 12125 15252 18614 12984 3475 3602 18755 11056 9251 2663 15779 10594 105 6487 12364 14894 16579 19121 9447
5513 18281 8717 16656 11475 5734 12451 6505 18249 14030 7423 11577 18256 3386 7922 10621 3412 3937 16094 8675 14045 7000 11249 4690 10801 15653
16216 14512 5883 4398 11120 10691 2349 16248 6097 16501 4583 13129 11580 2068 14004 3076 148 9931 8123 2673 15607 3081 18318 17453 13117 1276
19775 18658 6677 18984 19782 14476 860 18788 11549 10401 9338 17885 8484 19096 19637 16969 19483 18395 12676 12603 10827 4817 416 11818 381 18845
14873 9035 817 8220 11248 2610 9084 3494 12602 8271 3329 10276 7482 16262 7472 18627 19358 5044 16823 14814 19572 15367 14292 6920 10149 13912
8852 2216 16335 13264 17611 3793 18665 3081 6281 16294 14849 98 6441 2170 2728 3449 684 5376 1433 13999 4793 4826 5427 11903 9059 13427
8934 2622 3251 4469 621 7422 6107 2037 4343 2574 3288 13069 6412 7126 977 1272 18271 10807 7509 19997 1918 5779 7910 11147 6928 15896
15940 6144 18123 1915 1228 16980 4554 11949 182 11604 15159 17492 15287 3506 8202 7426 17279 16214 18054 7192 19538 12018 101 3756 18250 622
14161 18133 17297 7444 2213 19667 7119 2104 1776 4490 11362 7311 11459 11391 6087 1269 8493 16838 17496 10847 13302 534 18788 9585 2805 17666
13319 6522 11302 19436 19187 2709 6314 1207 17497 14916 9945 4376 5337 8171 7297 16304 17278 6016 4359 12944 19347 19216 4532 2327 7848 14235
3257 5111 6539 3579 16261 14729 15889 275 2222 17607 8903 17344 10829 18655 11205 12286 8363 16226 14329 4872 4153 14398 6994 9125 17618 185
12910 822 18847 14484 17558 14650 10956 17025 13256 16801 9770 3178 29 14335 13221 19420 482 5281 14754 1341 14799 14493 1327 13488 11272 12050
2433 9937 12922 8063 19263 11563 17903 16738 4053 19508 18081 18414 15221 12791 13577 5774 917 4086 14170 6396 13722 19033 8629 10719 4677 4592
10817 13708 4693 13299 14575 18917 6920 18213 3735 18019 10872 7593 3957 4691 17811 16964 12624 17456 4269 15201 5091 7434 17159 14915 3781 5963
3606 13209 14312 15604 1222 787 1524 16338 15765 14914 8611 12234 832 9836 11764 13655 3224 6953 4351 16928 2483 10673 8958 12206 18527 12185
16981 17245 19699 15696 9953 2217 10842 8998 9616 11742 17589 5409 3651 7132 485 12550 7 11581 10774 11492 4356 1842 9172 13554 16205 5980
15910 2905 5666 17134 15243 9241 9992 7578 11626 5979 7824 13878 19067 7606 5560 7600 13162 9149 7269 11428 3389 13214 11308 18437 15821 13126
1758 17745 5625 13408 19161 16901 18223 9260 13384 151 16028 12662 13287 10974 9665 16207 18657 9105 19344 17560 12999 8914 19745 1691 11369 4283
1431 16729 12011 17626 3670 8975 6078 14129 16216 4643 890 20 12749 12774 13458 13171 8353 12560 9470 459 7214 19098 5665 4452 14332 17075
13883 16085 3349 5504 5949 200 11293 657 18064 12145 4900 3596 3453 6035 6069 5330 2367 5192 750 7340 16540 1658 69 9309 7465 14017
19614 15201 13155 14751 13046 12276 19767 5761 18402 491 11071 19384 1370 5850 18905 6227 16860 2315 14853 5019 17184 5400 12490 10926 13853 15074
7060 11271 8775 14399 5848 13447 18716 5118 10359 19044 11528 19883 3884 8591 6652 14152 8061 3675 9869 19790 19485 8940 2512 7353 16493 3196
1629 7007 15715 65 7608 11770 1391 5860 1783 10905 6432 4031 6883 13861 14955 16976 17092 7651 14622 11618 5433 18156 11444 6891 5796 2674
330 16009 11946 14563 5841 5759 9553 6120 19147 3912 2734 7117 4903 3823 11973 15605 16138 14529 6188 9769 14200 4619 2233 5550 1615 15516
13464 18718 7904 6653 18511 18109 14086 12921 16250 11171 9598 14510 7770 11499 2412 13984 18975 17968 813 7255 15088 14688 10781 12783 17051 3780
12275 18488 7107 7319 15242 11752 19223 19985 3103 16962 11106 17248 876 3941 10088 15812 17554 15914 16716 8438 17188 8798 9238 14582 16573 10661
6683 14413 10771 3866 7226 16392 6835 6134 4568 8757 19915 6804 6775 18153 16159 17525 2202 8447 11912 12649 285 10773 2222 4764 2600 11715
17005 6606 1146 8524 18139 19059 5220 12729 6842 10767 5138 11066 14351 731 9198 8322 19568 12209 17095 6019 4996 12678 2510 1643 18223 3701
513 11462 9578 12018 2614 7925 5888 12456 16754 3304 4132 11756 19167 6014 19731 7543 14871 3279 9580 9492 12318 3580 12026 158 8047 18245
9143 5457 17111 240 17557 3371 19760 12696 9779 4761 1793 19944 587 4740 11278 4321 19518 1536 10576 4870 17709 3022 14084 13321 6724 3792
9953 16805 19478 17017 14235 13991 1600 6404 10165 46 579 19413 19717 2649 11639 7638 14012 16227 12097 4493 17111 19113 9961 4918 12863 1791
8751 12885 10423 10631 5216 15386 14827 12077 2113 6539 8279 8917 1266 16687 19463 2475 13513 4465 2246 17208 6529 4129 8103 6910 8098 6127
10056 4301 14723 6253 4732 2731 19837 2094 8256 16806 11321 5660 17438 4011 5227 4721 15885 1378 18728 804 500 10153 9213 1321 17702 5091
