365
83 78 78 32 63 85 62 35 41 67 57 52 76 31 48 68 15 36 92 3 40 99 63 80 23 63
17254 13562 14571 10300 9805 1451 424 8281 14232 16599 6689 6345 494 16583 4786 2705 17839 5715 10097 12013 13335 4269 15908 11238 6422 15194
10583 6043 19255 17775 2116 10790 10138 9929 5590 6290 5862 5718 3739 9397 5905 19426 2233 15223 17078 3206 17831 10798 11615 3005 16744 13954
516 8242 14923 5674 5071 3403 768 10259 17964 7684 13429 5200 308 16902 5991 6239 8583 5433 11411 2392 7013 2228 10186 2690 17445 6689
11926 17354 14641 7631 4173 545 9888 2134 8092 17556 14406 12374 7142 15893 9931 6098 13669 5387 4559 10698 7226 14993 15860 12236 8223 69
7311 4797 15888 19467 11996 15489 19739 8621 502 5977 1423 1600 15985 12010 3607 8770 15755 7707 16485 12580 9127 1738 5779 9695 3502 15762
11589 16320 7122 9616 19230 8329 15043 18802 9280 2991 5769 7584 15511 9243 10739 15526 11138 5393 3443 18288 17793 10018 14298 2210 2652 7073
16272 4684 11846 18829 11979 11197 3702 18931 8331 13739 9462 13079 17590 8788 19963 1685 13133 6659 4982 7909 6390 11900 19061 19890 14508 15656
4702 15152 5330 8870 10684 12336 3016 13434 19159 14896 7756 12132 13010 19130 17386 4439 7630 5916 11567 16853 4272 14906 1793 14618 17380 1985
11322 14657 1721 139 19438 17493 15456 17743 15510 10635 11410 16411 19632 8248 16028 661 8376 15104 4260 333 695 7430 4145 7971 10763 11734
5721 2310 18258 5091 2006 18561 18943 9424 16967 8811 3228 18802 16789 4406 1098 14487 13958 6454 5860 19178 18206 14490 16253 16844 7832 6073
19955 2268 15443 1249 17292 6343 5812 12384 698 10327 57 7871 10851 11993 16509 7693 16302 10084 1236 8610 8676 13457 10203 2476 489 12524
16303 17679 6315 18359 17074 19409 9088 13347 10776 7578 4209 5363 1369 13664 16778 10920 9037 3998 11259 7703 3477 988 12205 6717 11 17496
16140 8908 18820 70 17892 3065 18278 10447 4365 16253 6757 15853 15070 1407 19977 2584 10815 16887 4666 4239 5744 9891 14548 15942 19312 11250
12938 10217 10193 13131 7734 3546 7132 12944 7260 7495 18440 8036 801 6732 3093 379 14244 6574 10080 6727 19395 13202 16194 4565 13930 6836
5550 684 8447 15056 5343 2418 10464 7298 13815 1200 7996 12355 18133 15032 16651 14449 17133 7123 4639 9457 11365 19070 17333 16175 2699 12691
11563 890 4234 3792 17158 249 10311 16376 2356 14598 9711 5027 7766 18099 3586 10122 17230 8249 13702 792 15657 14758 2153 9085 531 14374
7900 6844 3110 13210 2177 1571 19597 4282 349 997 5120 15782 12887 4518 18527 8712 10591 7999 5643 569 41 18800 15263 14545 10250 11540
11128 18369 3979 14643 17437 8619 4520 19070 13585 15788 11134 7684 8326 5118 12715 2286 17282 11474 18717 8597 18433 10591 9725 1915 17570 2003
3619 16846 12073 19037 153 19452 3595 12964 19800 7057 7183 2265 8982 13944 12278 11372 13152 2388 13768 8870 4695 13652 4082 5659 12062 9934
17362 18855 3589 17819 17479 9382 2736 10954 6066 7727 10057 9885 15374 10249 15123 11152 9743 3168 13796 2937 13359 6216 7155 12502 6011 7999
14722 11573 7404 4456 2780 13314 2129 15092 8079 13259 4689 8050 10250 12938 14814 816 6545 14783 4725 3381 14876 631 2555 2271 19025 14676
922 12183 11315 6849 5220 6730 18463 5274 8962 8328 6768 432 1937 10181 6886 19117 5821 13644 6148 5079 13504 12875 7339 12133 18414 3725
5558 6765 7553 15241 6355 5268 16194 15320 15846 11032 15152 2859 18567 10123 5151 14597 18255 13661 14214 12905 17079 16288 11219 3633 8179 10262
6489 13324 4997 12412 6166 12900 14776 14487 15127 3185 10776 4489 15525 11387 6100 10906 3946 19138 10285 10418 17890 6806 17490 6229 11359 672
8475 12860 4007 10716 5005 12857 13037 11364 4044 2358 3826 14288 4449 10257 8029 10641 8849 10767 486 12223 5763 8499 4965 15993 15082 3329
8505 1949 19919 5531 8741 6751 6980 14658 1224 9600 10163 7705 11717 17465 13791 1520 18538 4438 3796 8948 1589 9372 3676 11760 2310 3109
3490 14861 12872 14563 10629 10800 14112 11207 6106 12462 9526 16734 11038 7599 15713 5006 6058 18967 18217 16686 2397 17821 19877 6407 12744 15560
9141 1436 6912 2794 15489 10438 6910 6232 18586 222 6008 18912 15693 1898 19966 19336 18536 6079 13257 3773 2518 653 12805 8987 16533 12983
18899 1801 12194 1131 2585 15392 19876 893 16743 5951 2959 18139 14342 15746 6445 4050 14740 14224 1282 10909 19084 849 263 1415 2213 9638
5982 6332 1647 11803 7153 14080 3083 12137 18432 307 13980 16637 14520 7010 3020 963 12013 1592 18716 3799 6233 3772 5303 10176 3232 16650
4854 17070 6442 3393 19938 17541 11473 8443 6511 5445 5824 1048 3010 2408 5105 15295 18140 4436 6862 12994 256 17859 12678 17572 13740 12971
5484 8453 5151 1749 14033 1974 8544 3814 13612 16674 18177 2991 4091 13946 9319 15443 8726 6750 2068 6762 17961 1496 866 8069 3191 11525
4067 16194 15443 19405 2625 5041 4414 14442 2909 430 13382 482 11607 8752 4604 9319 8586 12931 6140 7426 9164 16313 14272 18692 6549 12032
16947 16820 5234 16827 5480 3833 14023 9285 15576 9512 11062 5498 1960 8207 3545 7337 16527 11665 2138 10534 1210 5439 12746 11359 2052 5182
8008 11642 3788 163 13781 16268 18858 16184 14995 4569 9345 4767 9350 18816 1188 18141 7872 2764 1012 17556 17677 17195 17714 2125 2090 3368
13828 726 17874 2247 10902 18480 2355 6757 18739 19571 19719 12440 11890 1659 13353 18121 14592 4653 12390 16913 13862 14863 4606 10254 3949 7071
12198 13576 18886 12444 4695 1283 10026 17768 15385 16837 17620 17784 19781 10067 1628 14901 9312 8926 6485 1618 18736 5514 5157 10548 8123 3332
17892 19222 2675 7181 12175 7115 11465 5359 19208 5649 3624 19274 6489 6279 14328 7221 9437 3948 5433 7202 17974 18642 11957 14636 16071 17602
13177 19870 15578 2008 18560 1374 932 6529 8469 12223 5698 17112 1018 466 7221 18955 10197 17199 15307 11984 18695 14248 19775 14382 1390 10390
13562 3551 4070 17277 11876 2914 18220 8774 2188 8884 7309 6495 4424 10242 11729 13851 1292 4588 7436 8517 15809 7186 14824 6792 9256 15145
699 19928 7681 3537 10639 14870 11556 15495 3839 6391 14388 8514 8596 17070 7375 8069 10915 9299 8081 9549 996 1983 16022 3253 11387 4241
3777 10963 9348 19911 4453 4422 15877 8999 10290 2821 15217 13906 12387 14115 6782 1213 5486 11221 18940 6871 3619 12242 15338 11146 16683 14586
16701 5719 9415 18869 13559 11329 3935 15557 6941 9836 8943 9804 658 15021 198 1692 1390 11405 16285 3165 14043 18815 3010 2957 8679 7169
6462 17519 10091 9007 7454 3722 13753 12834 16167 19576 12011 3205 9129 14146 4430 18714 2913 18309 7976 13976 16914 11204 1319 16897 11031 15525
14534 17992 4092 17236 267 14444 19941 1145 7851 1779 11001 18630 19551 242 3377 1383 16780 4940 16325 9945 16513 9316 14608 14098 9444 2687
14701 19790 11784 15226 6586 1231 12199 12857 7228 15568 7458 7659 14970 9129 15787 2640 18036 18433 13227 15843 14093 17170 14173 17283 14565 14155
4023 18685 14589 17565 23 17102 12284 18448 2508 520 19950 17659 7595 7118 18752 5683 15852 8735 151 2357 9796 12712 7394 3496 18903 11289
15569 13525 3907 8732 4672 1967 5924 9181 19050 16695 1040 15544 1225 18225 9155 13813 19784 7053 5818 1908 9517 16838 18350 3804 1649 10355
8368 31 18445 11464 4066 11945 16488 16293 14899 15487 3218 15175 1640 16697 3507 13681 19476 15988 18603 5743 2155 18449 9034 12068 5124 5319
6930 1365 10094 16069 4365 11791 13086 9058 4811 11091 1676 3953 12186 19242 8767 2202 14289 15826 17207 3724 7288 12319 10481 6574 18971 19218
9616 17955 15608 11610 19317 16571 14065 775 11924 11128 15327 12015 12377 476 17916 8168 14988 16929 7414 3520 2289 2973 8706 16732 2003 6131
18144 13300 1834 7026 3208 14800 3987 4561 7612 6758 11755 12048 14435 12425 1674 8761 13786 6052 3519 16578 11724 6579 6082 1879 2379 13575
5145 709 12990 18323 16906 18469 14959 5593 19338 14208 14229 3233 3279 18073 17656 9555 509 4015 6729 314 8062 8048 6732 10910 9795 8702
12507 10777 19129 9775 7983 15480 15152 10170 8224 5249 7286 18957 19325 9604 10323 13802 16026 4082 10864 9391 14542 9619 15074 17665 850 10025
6541 10007 15926 980 13883 19143 2762 6605 18746 13761 11675 17077 1579 15941 6163 5905 19825 6063 19128 5362 8387 7628 12147 5656 18436 7535
123 2758 4070 13897 7554 6346 7275 6161 18315 16508 8043 11468 14828 10473 8438 13548 14823 15052 13721 10990 19603 1876 7843 1455 8560 13562
5497 19599 5119 19080 4498 3444 13281 11835 12069 8985 3567 19590 19097 5344 17286 17431 469 2243 11221 9236 8460 15567 13323 15797 5247 16866
6650 18582 10637 11434 9537 2286 12334 18260 13782 19835 7042 8335 1062 9970 8372 17834 12952 562 696 9373 9122 6771 16277 8940 18275 12758
8442 4750 2383 1442 19442 14842 18339 12558 10017 6631 4128 2496 11598 2020 13471 1337 12152 6245 12734 1235 14266 15124 3021 12717 9677 366
19403 1115 8866 15486 7765 19152 14342 10551 8541 11090 13718 14137 897 3380 5684 10335 13763 14266 8138 10711 7323 13436 6970 1995 16482 11848
17915 16107 4232 8958 7789 15871 7593 19634 15047 9500 3185 13580 16453 726 13651 7133 4425 5887 277 12359 12105 13484 8974 2410 7343 16877
2549 5578 17420 10592 11934 8892 18495 515 14963 18694 4946 2338 8140 8326 13343 18824 19608 3523 12371 1221 12732 4569 6529 13585 16106 15982
10349 12317 7784 17926 5273 4389 8141 9636 12709 9812 6276 14515 3920 17542 4010 679 9785 7382 13887 5118 7788 9455 5594 19126 5742 13718
15581 8496 3371 14153 6092 8487 13626 8056 15268 7087 16185 3749 4702 893 10520 10931 2969 8171 17153 6578 7719 19235 19223 7508 13360 5283
12239 10156 6354 17029 9292 7332 13563 452 1056 14318 10147 4987 3060 7596 2527 11918 3525 17742 17259 8059 13588 12442 17028 5048 1327 5420
16556 10773 16446 15595 15384 17253 7907 67 14041 18485 13784 9662 8622 12587 7065 8465 18197 1033 3423 19578 13306 6209 12816 3038 6411 12259
15123 18168 19162 10660 1997 3369 19577 10180 19309 16110 11686 6519 335 9505 15288 2056 380 4421 1465 6331 4634 18840 12623 14285 16495 11897
686 1332 1790 6102 10419 15518 2529 13627 14614 18008 13336 18485 10605 4474 3567 13067 2283 18912 7854 15626 15818 6951 18000 6833 3236 18689
17137 4271 5507 15934 4729 13510 6254 7051 15466 438 4861 8090 12820 4691 18919 9651 17311 12949 17194 11254 11691 8887 14276 80 17501 274
18880 6263 3640 12346 10104 4200 17435 534 9671 5834 15375 15182 12945 3837 8919 5744 13933 4871 10416 4514 9599 11109 10029 19264 244 15227
12165 15079 19129 18600 7623 14246 2734 11832 12825 9579 2069 3780 13746 1145 6462 9664 14196 2937 15654 2049 15742 17309 18255 4718 6428 14899
17815 14599 13413 13636 17829 1474 12532 18320 13339 12148 938 10505 14135 18566 9698 18980 8763 8187 403 1775 10672 12925 669 18879 6383 14522
6231 11172 3262 12359 11050 3580 19985 3081 3683 10234 12046 13643 862 11525 17047 18518 15339 8054 12768 11656 2260 16759 16131 9319 8393 3773
3367 1346 9087 17661 9062 7447 104 16322 12564 327 14502 858 19008 7819 3637 11391 5752 665 10458 5246 16728 9602 10503 4951 18290 7646
17290 8681 12918 636 13998 2546 16790 18590 13463 17462 18274 18567 9756 19338 14812 3120 6803 8503 11022 18034 15674 18043 13838 2780 14750 16782
5745 1918 3519 5553 18076 7240 3845 5470 7153 15337 18537 17432 15524 2254 7889 18770 7698 1907 12054 4127 9188 10429 11399 3725 2019 10881
9299 19771 3732 4386 15566 16572 11702 4233 13867 15695 10133 12621 10574 8257 5900 712 12473 9941 9642 14875 10660 7546 1574 15113 9619 3617
13549 4690 6100 1880 9472 19059 16149 19943 10448 18828 10234 4890 17639 1189 5532 2190 13876 283 13062 19317 5124 527 14605 12416 6801 3798
10396 10816 15685 3146 18265 17735 10871 17437 17004 1572 19021 11020 7864 4967 5126 3038 7392 10907 17239 9303 11644 17301 18659 988 3448 18871
16856 4490 3550 7841 17372 3900 14534 2831 8944 5773 341 19337 4940 4808 11589 6235 8887 2485 9463 1422 1551 15929 12587 3184 3844 6542
9361 10504 45 8959 5869 2755 5443 813 7729 1855 11231 12895 16487 3810 16931 17376 7236 10811 10450 1975 8827 6526 16472 276 3442 7904
4536 7697 9150 16432 15873 9424 4675 16497 18100 7471 18335 12102 13617 13664 2450 10065 13400 4289 11741 18637 17932 78 18702 9960 19684 15244
4810 89 16319 10500 5841 3030 7659 2417 15106 16380 9996 11297 10393 6886 19549 3866 4754 9915 9429 15617 11594 2767 8595 15202 5972 9162
8606 4628 18082 10202 7607 18025 16788 1417 18551 10194 2399 7987 5581 4192 16981 19609 16177 1518 7900 14973 693 5633 10427 221 627 17079
19968 6197 13423 3740 19458 16484 17141 8522 9215 16410 17978 10778 18407 12009 5770 10560 11528 4272 1274 19656 7626 2032 11424 6915 5768 6594
7759 16817 11085 12197 3362 4710 4271 144 9972 10862 4761 11793 7939 10729 4473 13806 809 19360 13067 12199 5523 5727 3394 14544 2224 8026
4802 8181 8045 14352 5250 4469 6762 13433 2713 3760 9105 873 17149 11927 4328 11119 1463 18714 7402 11073 14387 10881 18785 9187 4416 12005
10654 11400 9363 3785 10373 844 11221 15243 121 6463 8105 10129 14047 15986 5178 12462 802 19543 403 15472 16773 17313 18771 2178 18114 2800
1484 11644 9972 2487 12119 19476 17105 11969 17969 11372 17966 13887 11803 5975 8517 9439 10817 3572 6762 12014 6517 17626 12843 1611 157 13863
8395 12040 2003 6276 13227 9544 17943 14281 2340 14904 17934 1944 15087 4357 19199 14039 7561 6603 14966 5378 1886 10392 11296 13090 6323 12061
13617 18450 49 14254 7824 18102 7911 12468 2128 12337 3910 1544 18514 632 2711 6704 12187 1263 15635 2611 5685 7554 7189 14995 17505 8665
12876 16892 11504 19094 199 281 15974 11243 7529 10820 13172 1610 5643 11844 13756 7887 8821 11773 15383 8258 4295 5615 7157 18958 19770 11493
16692 19214 15370 12647 5099 19319 6428 2485 963 14315 19050 2709 13506 10951 11043 10175 1764 8254 19571 14711 3535 5415 11923 14809 12109 32
3869 3885 14813 8827 12258 11260 11529 3038 5755 11193 9803 19896 16490 16374 10560 11869 3032 591 3903 19586 1089 9140 11891 10165 11047 1194
10618 11010 5660 13784 10511 4465 11240 1324 15336 7001 19999 14283 7433 3574 19535 4766 3037 15817 2674 15279 13714 17430 9124 5642 17539 11457
7801 5489 14 10059 10805 5446 13418 1601 3501 18687 8109 19092 5461 9361 5502 6260 11132 17225 4172 13963 12091 18020 11430 3360 2302 12459
17832 15352 11417 16832 18871 17383 148 4169 6188 18671 3753 14786 16721 18127 13388 12956 2693 14624 12429 1364 18342 14829 18515 8574 13341 5823
9418 6270 9410 3685 8445 7092 9266 16657 15874 13870 15615 17969 19044 6987 13423 18664 7012 3578 16458 18257 3358 3468 3533 1079 11378 18818
5488 3005 11236 17222 15088 283 17361 11896 11568 18889 12347 15745 413 7 15770 12952 14447 7526 17810 488 5217 9426 17208 2944 17552 7663
11597 12243 5607 9255 14464 12669 3544 19759 3412 15323 8844 13289 14783 16115 8851 12551 3051 11662 16610 11751 15839 4133 19070 8908 124 11763
806 11493 11509 1900 2938 4287 1512 9272 11969 1495 13438 19980 10265 4912 15911 14505 8874 6658 15253 12034 4584 3930 1834 6483 8 7724
17190 11844 3494 11430 14499 7899 6605 6892 17265 5288 7198 9435 3154 15990 695 19856 16316 8239 7462 1302 10382 14384 6132 4274 6997 11581
406 3070 5770 175 18556 219 4545 6117 16648 18771 16305 11772 2285 1867 11020 14368 17922 12124 690 13159 91 18136 15081 12039 8509 11444
10240 8914 4627 10884 4064 9533 6432 7260 14403 2904 3201 14030 8915 8761 7306 5495 11322 1668 13492 9489 15478 19077 16994 7174 3523 9204
19990 11041 11117 894 15861 14829 14394 14424 14775 10803 18295 13499 17568 14696 16443 19571 9852 6201 2798 5369 9083 9096 13163 16486 19648 2560
9244 13099 65 14898 14312 13733 9771 9644 17560 6403 13834 19250 7462 13401 2419 10037 7429 5253 12015 16947 3570 4632 2024 12667 6966 4969
9289 16550 11576 6003 13597 5174 673 8620 13689 14650 4842 15644 16830 15273 12375 12721 396 3833 2622 19387 5895 13616 79 2774 649 1177
11598 12637 11766 17541 17052 13394 1603 2774 2219 650 16025 15506 12472 16341 10415 5827 6108 14759 5719 5327 18161 14990 6635 9603 19273 13479
194 13568 6224 12426 15660 12977 10382 16282 15778 4960 1268 149 9360 2365 3061 14726 758 15548 14363 151 15203 7995 14632 17635 16835 9898
7139 1719 4363 7279 7003 13721 16471 748 19235 11610 10500 263 16985 12795 16299 6032 2511 1447 4157 13983 18827 17927 4679 19832 3075 18726
14874 19795 11424 16965 7834 5027 17853 4864 19254 10826 19095 145 14808 10058 12456 1965 17672 18153 19129 6511 1874 16646 16534 9863 11553 9889
15628 4624 17138 19837 8883 18997 7352 6761 9605 7684 19751 5459 16473 6959 8062 16282 17960 7304 14631 17945 16168 5318 3014 13060 14554 12455
12058 3288 6583 13729 19276 3104 18271 6073 6724 12739 4787 9951 12708 15082 18649 5988 10238 9320 8006 8558 4485 13441 10167 13340 9334 13930
4431 14835 2753 15045 1688 10972 16186 14350 16311 3956 2003 2325 130 12576 1781 17141 9171 15009 1225 6412 5761 6517 13530 3415 9640 38
2477 12991 4934 13301 7326 8095 16487 4007 6142 4097 6468 10305 14563 17216 5768 1914 9194 12830 9964 2160 17687 11795 19262 2232 9384 11087
3831 8667 13072 9960 8767 3887 3223 17239 4691 4882 2807 10671 7599 7928 17806 13197 181 5794 12747 2042 8350 8809 18851 1378 19863 19012
950 3753 13668 5794 4101 16908 12990 9977 7808 17230 3450 19872 18600 17203 7282 14965 11216 6677 19048 5175 13212 19844 19402 11054 7640 19571
2673 6668 15041 7805 18954 929 16997 18893 15298 3398 18973 12577 11877 4506 4314 4298 15947 10319 17790 1548 4112 19501 2166 14522 17009 10602
8713 14791 19112 13176 16308 12677 15549 2625 19599 6233 7245 12633 1528 17237 3919 17065 138 18217 10747 18902 691 3902 17812 4295 16877 16642
7851 11303 397 17812 13050 4744 8965 5622 6958 10445 19728 1121 7586 17238 12690 3626 17201 558 10520 9193 15341 8919 19484 14932 699 16191
19863 10537 11514 4662 11564 2037 15547 9278 14870 13661 7923 14611 19258 14705 4292 14199 19941 13362 18743 11416 1179 11529 5699 11720 11178 11421
16451 10704 14279 8091 18358 14674 7110 2344 16603 6185 8706 8780 16986 1471 18271 9750 9266 15733 8303 2830 2313 7312 14193 8737 3193 5200
13679 19792 8802 10264 2426 8102 15680 6043 4819 13696 5912 13380 32 17761 14987 16511 4581 10497 590 6701 17423 12911 10671 16176 3714 6816
16429 5377 6385 1638 9146 19281 6643 14758 10617 6415 13218 18474 3101 19464 17748 7050 1764 16238 17974 9010 919 6240 420 4666 14649 3698
16155 12682 13004 8323 12572 18471 5523 14946 17250 9662 11231 15873 17858 6052 8632 17196 12687 19998 12489 4583 16608 1550 15632 12064 8075 13832
17689 17900 15571 3166 15320 5087 2692 16822 2260 19324 10670 8474 4755 6571 12750 13105 17567 7071 13721 1110 9213 1404 2082 6649 5771 4801
11284 12509 13397 978 801 5674 9772 15456 6560 16777 12328 19762 13479 17837 5437 8027 9281 941 4734 16721 2846 1548 3136 9210 6528 9091
8881 3141 585 15430 11935 11228 9979 9812 9030 13150 11735 12565 4083 374 11603 17645 3743 15996 10997 19971 6956 2985 6612 486 11905 3403
17009 6574 16255 6970 15023 3127 18004 477 3215 3087 7168 8264 10371 15296 5000 14738 1874 14464 13034 8233 992 3902 4773 11644 19695 16924
1328 9901 4685 8339 1996 15927 4293 8094 17302 11783 17519 17633 7959 3285 17479 13001 11620 8280 15237 8788 12740 1347 17412 16903 11090 189
14646 1237 16159 19197 1064 14293 5118 12146 4597 8781 968 15364 5412 19157 5569 4905 14956 10289 14208 4622 14418 8873 6012 240 2520 13654
9050 6820 10169 7144 19960 19590 9272 14686 4409 5041 276 18051 18519 16720 15098 19244 3563 12600 13571 14212 16746 5133 5207 3817 13217 12132
2138 10953 5507 338 2761 3783 12797 2389 7403 5212 4464 1135 16917 13068 12571 17072 16532 13671 7617 12861 873 9543 14133 4860 7177 3669
6200 6436 19491 7862 14854 14578 19779 8101 196 7572 16262 14843 5357 6951 6011 2059 13450 10896 796 15234 1108 11746 4391 7095 6860 615
6975 11917 7601 6741 9083 11400 4568 11161 1310 12310 11720 1945 15243 7480 18355 10007 7225 18425 6788 13224 7059 4681 12611 18833 17180 18840
7526 16662 108 13275 8474 15913 4892 4655 17673 9456 119 580 2083 17733 7869 5438 3298 12799 3408 334 2679 4005 1777 17758 4104 966
19248 10523 9377 5468 14113 10520 15134 17005 5264 12359 1022 10362 10359 5525 5753 165 14283 7463 16997 6248 322 237 18270 11485 6879 14442
17531 19954 16968 16019 11138 10155 4085 14088 8924 11548 10569 5250 1709 3143 16118 5232 6859 14846 9899 13473 8400 10163 1302 19278 11014 4267
7151 4345 3645 8091 9995 1295 6375 4874 13731 16311 14936 3220 13920 2915 7018 11903 6911 17798 8306 10845 14953 15995 3237 6865 10070 2963
2637 10709 15140 19769 13138 15693 10471 3576 1906 18141 9984 17600 19603 12812 10207 15992 5089 14493 7604 18643 4647 2065 8038 6525 1924 6417
5727 9698 1316 1196 268 11968 7116 8037 7946 18948 15178 17019 2717 19727 19977 10003 19472 9246 3982 14162 17746 7007 11941 19688 19472 13824
11527 15917 3987 1928 12142 5366 15464 12710 6709 5924 17179 7535 8130 9969 6492 17303 3471 12280 2884 2243 11477 15744 18700 17584 18561 6209
1158 6696 7484 7647 7874 10795 13010 7520 5152 6872 1536 9420 12575 3315 1832 17604 16701 4197 7109 15458 9748 7123 8891 16901 13326 15858
1667 1070 7003 808 2157 11809 8624 7577 7514 9445 4242 19745 18232 1866 4963 11999 14853 18646 5496 558 6693 3799 13198 17980 14222 5599
13452 7241 18136 19364 124 5077 12285 3603 6595 2225 17912 14296 12418 9787 18942 1156 2731 12898 9413 11967 8742 11563 11525 235 7648 1959
18105 13939 5530 12922 19985 13138 4643 2265 18959 10887 4086 19197 11478 4720 7315 11316 3833 14878 6501 2715 5195 15092 2457 19132 3181 18357
12266 649 8559 10490 3396 17371 18266 3184 15717 361 1616 15571 18277 13189 12301 9704 3826 14342 14409 14607 11381 10944 7600 12258 5027 11321
14772 8867 18733 12970 3529 5411 5800 16870 95 15185 4799 6585 18136 3393 15938 16630 15039 15823 5584 1657 10382 3975 18793 18084 12198 4299
541 7334 18608 5513 5113 3582 8120 604 13496 16527 3699 10713 13354 8731 12337 11893 19583 15410 8989 11739 8069 15291 2819 12225 12650 9580
2072 3096 15770 10289 19186 19320 19144 13666 3030 17830 2469 13354 4490 13979 15024 9300 14501 19841 5020 5748 8471 17555 16544 8940 17014 11730
4311 4874 2764 11162 10955 19565 17973 10970 2369 17887 2732 14367 10831 9655 807 14537 19499 10490 3832 3828 4394 16435 17597 1845 12020 15125
16924 1788 1327 13182 18990 16247 9044 10 9743 352 1060 15603 11646 16344 13536 19824 18617 6001 6370 9582 5495 6937 8086 11578 10135 6425
13372 10339 14411 18549 660 5656 5511 12568 10217 12003 13279 6272 15679 14833 9440 3624 8252 14571 19172 6527 4777 18459 17416 17910 2795 16660
12700 18386 4136 15130 9711 11610 13280 47 9025 7801 8812 1861 14611 12637 13410 9249 16566 14980 18328 10502 6387 18013 9311 275 6878 16405
8017 19526 4495 12435 8768 2361 12400 11851 2972 816 19451 1683 14513 10400 12209 14701 19673 18186 6255 17273 12524 10435 13971 9822 9547 18270
12497 16711 12336 811 15170 14614 4327 1501 1855 14200 13310 18591 12200 6763 13275 10036 19070 1026 17574 19204 4394 14046 13286 14426 1001 4651
6668 19531 10770 10712 8220 15813 10006 18860 4616 18214 9902 17793 7891 12177 10484 5806 4380 10134 19738 4595 3194 1898 9314 13679 19460 1654
16753 10997 15478 13480 14886 1560 16468 13079 5178 14687 9338 18236 3913 8821 13207 10804 6630 7407 14021 19782 11757 9765 16046 14251 4041 19097
14576 9212 12084 14651 19412 318 14164 3186 17268 6943 5177 3124 14626 11276 5442 15939 1953 19941 1179 18023 14410 8138 13759 4080 4300 4072
18486 8695 7782 11806 10439 5426 688 7912 3539 8031 3204 650 3281 16500 13614 6479 7957 13427 11728 4901 2432 12958 6280 337 3768 6824
19068 6588 3651 10476 15270 951 10601 6985 4212 5344 15738 1832 17076 12728 10665 18480 1964 10270 3351 10468 14987 4587 6165 2097 149 16249
14352 7816 11385 11927 17840 14140 4984 13295 15430 12767 4025 6500 11793 915 14572 10864 19764 9792 19502 2703 17038 1235 16639 15959 16845 257
2186 14469 18561 9722 6449 16996 3949 2681 9488 7885 3383 360 19767 8604 12218 8655 6419 15143 14235 16970 1249 18141 10461 19187 3910 7876
3800 16536 17090 1816 14876 10664 15526 13693 14525 8041 5490 8485 12914 16899 14759 12015 10498 1864 11439 15395 17242 4512 10996 18457 2664 1829
13208 17488 572 6972 16946 16779 15346 11346 2017 16324 564 5503 7758 1230 4205 8261 19489 18506 13020 343 15595 15475 5626 17221 13419 1594
637 6956 7713 9130 599 12594 7367 14411 6649 18094 9273 12680 227 2513 2261 10171 10076 2294 16316 14418 12440 4922 10 16211 1121 9864
9919 7687 13721 6090 5525 479 16027 8124 2591 19661 2568 15017 2380 6330 13366 640 18470 4850 1006 12476 11060 496 5651 19610 11140 6424
12555 1460 8781 8282 4246 4522 11036 9809 5643 6250 6489 4299 11116 11992 15250 938 9044 1593 14265 13198 2854 19156 7808 15120 11815 7317
8466 17362 9558 10974 4189 19133 17666 17065 18701 14466 8856 3100 18342 14193 24 14201 2940 10517 15772 14351 9081 4884 14080 873 10866 19338
16758 11715 4194 640 1757 19662 10278 5410 17243 2802 16767 8049 17449 17261 4844 4232 10202 2866 2724 11393 17238 8511 2258 5545 2834 18574
10706 324 5936 11903 10088 12004 1233 15468 2762 15125 11609 4392 4226 17241 16606 12788 1140 301 11257 18758 5289 9150 3976 9016 16489 17540
6049 12304 16269 6684 8023 8456 15657 2260 9684 17553 6969 9779 9540 18591 6002 18070 8245 11226 18774 915 7910 18771 2004 11897 3992 5406
17649 9885 2394 7773 12274 17035 3313 18316 11224 9059 12592 1779 10180 5693 12928 10814 18783 19951 3706 1445 11885 6790 17431 2245 647 12341
16255 6382 6367 2502 3603 15683 13923 3893 4589 4568 15824 15996 15166 14595 2261 66 12666 8620 338 6323 18678 6035 18957 1274 14551 3936
16546 3475 5355 15121 4263 12435 12250 16686 1037 17733 16610 18252 16364 17880 6773 14706 260 10472 18469 9006 19326 2844 253 15775 18267 14199
12225 14990 15263 236 1894 1394 14212 10060 7912 19750 1621 14569 5498 563 4705 9145 14104 927 18267 5220 304 14788 4947 2267 18563 10681
10784 3867 6194 18045 18393 18824 18231 8088 11747 18042 5211 16 4852 13643 3078 19738 15098 3191 9507 6250 11200 12099 3274 18540 12281 15634
519 17015 6640 2855 5051 3708 558 3871 13327 17493 5015 15057 13556 8397 2404 6965 285 15852 4638 2574 10554 14036 14164 10263 2343 12495
18101 4288 4287 9566 8252 7472 7762 14024 3160 835 12293 15143 2045 14484 4129 2107 6286 6369 5470 18294 12833 5696 18223 1397 6872 14546
4283 5935 13375 5251 1199 10982 1759 6608 9525 13388 12192 17853 19632 4586 2305 16981 16280 7089 12741 9040 9367 7710 18389 10271 7542 5688
1265 12646 19490 4734 1306 19315 6408 12433 10833 18689 4289 2966 13640 16384 14467 19935 2756 61 15976 1094 16818 15449 8619 1859 3953 12569
7047 15901 14626 2777 2891 18625 7722 431 8955 2044 15444 13249 16769 14960 2866 4716 9131 17491 9537 16222 19861 9724 8366 4422 11250 6685
19675 10967 9375 10878 18231 7106 12968 14379 13073 8885 12364 593 12257 18639 4251 5004 11898 4284 18325 7322 4388 4592 1557 10376 7869 10443
11750 2695 8832 15676 8260 15113 12180 3172 11096 17985 17445 1737 14095 14302 9904 11258 12383 1343 18894 19206 9848 8651 5852 12038 5554 18030
15211 16129 3307 16491 4803 5287 16976 9131 8301 703 6808 2266 16163 2297 1973 15988 10838 12132 19158 9391 19685 18186 17926 6810 6921 13668
3310 13134 7169 3169 124 3767 18319 19341 10905 12012 18777 9268 11975 7082 1770 10982 459 5333 13268 4290 11907 10967 14160 12572 7241 8922
10231 19041 6329 3532 14477 17678 14678 15137 9366 7073 2754 14530 15501 9158 51 10049 5721 9282 10933 9147 4252 2552 6837 3021 13590 5144
1787 13145 38 14026 3778 7595 11249 17463 9764 12457 4886 8020 19098 1110 9549 7831 2991 19823 6215 1803 19372 8489 8129 14382 10761 12766
11675 18287 7868 16745 16609 8957 9147 9793 10065 9321 13709 14236 11453 11447 11605 5387 12268 15631 7565 15276 5829 164 1233 12798 4390 13186
1715 2964 2128 8726 2515 14715 3280 8281 16102 19393 17690 17586 8844 10977 10380 4468 3103 13276 15826 10660 17956 6554 17402 10988 7919 15263
6777 9741 2612 14186 13562 8545 8436 2013 10171 3632 6779 5380 9719 15129 7232 13971 10720 1537 14618 8614 7733 4831 11139 12719 3677 2638
15344 8573 179 6832 16938 17410 1793 10482 6088 18001 3180 13452 3618 2624 780 15555 4156 15464 17884 1025 16708 10842 10920 13447 19968 17485
4211 14587 10103 13835 11952 1466 5721 7988 2620 9740 10970 13865 3732 8749 3751 9895 6930 15121 12334 10204 3954 11515 17166 11424 4166 8075
12606 18898 16549 19344 7727 7536 19830 13155 16579 9376 4078 12215 11024 19903 2769 1224 19873 12712 15041 19381 18645 7893 16269 12576 17299 12458
11403 15970 18555 3586 13657 18106 15922 10226 1330 11540 18898 16857 16989 18718 8576 8519 633 8842 3982 14329 4887 17865 9540 19266 8267 9627
12052 8556 12788 2537 13287 3809 1140 6275 17838 3527 19124 6717 16617 18429 3647 6413 9151 7529 4500 6772 16785 6145 2976 12242 16860 14317
12173 13591 5118 5120 11210 10582 6287 16047 17862 9429 15271 18325 6282 4739 5533 3137 15653 16987 9783 19306 8199 2744 7611 10907 14874 9752
1986 4373 15075 9350 4235 16925 2564 199 6680 18535 17002 14136 3329 8391 447 6327 9774 970 6667 11379 12697 15603 18956 2382 2518 11465
7326 2823 1502 18701 8484 18379 16599 18454 7950 2174 19772 14528 9687 7647 214 2557 3911 3104 11349 4588 5933 7317 12692 13079 4238 11463
7723 16382 8058 5867 9223 16044 13182 4007 6223 1022 14612 16385 8805 1554 10020 19842 847 15941 16458 19624 5297 7496 18577 13378 11389 3115
6297 15688 15156 18772 10774 12207 747 16124 14676 10252 9222 14951 19665 8693 4648 9121 917 14138 11823 16772 9675 14138 781 2760 14264 664
3430 16495 2190 15384 3914 895 17110 10654 18371 3820 7109 9281 2061 10326 709 9439 14371 5057 5425 693 2851 14810 2552 18499 492 1282
12839 10622 13625 3523 18831 16279 13304 13582 8115 19126 15415 2696 11267 13493 16224 6942 15852 9571 12574 12862 790 19491 14963 17114 11359 1774
13803 16125 5423 15749 8926 17183 7262 16663 8076 4147 12380 4278 17281 3945 45 10077 5681 8751 12691 8170 10376 8990 667 2289 8226 8108
12127 12101 15679 19230 3057 9962 12833 9178 4618 8640 17865 2932 10409 10717 14277 9033 8913 16199 16396 18592 16977 17669 17910 1177 7046 15057
14883 9616 4019 19828 7502 11630 15934 15124 13807 2344 3038 514 11975 9705 13197 14817 17761 17342 10005 15123 3492 5428 17038 1026 16108 5113
4034 15704 17784 2809 12961 19864 18635 2471 11806 8925 18798 7216 4677 446 14286 6136 12184 3004 15854 7833 11973 12697 2237 18193 16323 18203
11015 16616 17428 13797 736 3292 12394 4066 18397 11390 12612 18512 18708 2923 12768 10530 12827 15882 8092 12570 19095 16665 17847 15473 12756 7617
7308 2607 7883 12957 265 19740 17725 2092 17559 1782 2673 18383 2514 5591 748 19292 12048 10006 19396 6979 13930 2859 11781 11454 9820 6014
19869 17750 15412 844 13259 12693 2954 14082 2371 4003 13539 17097 8349 19371 6518 613 4448 12048 17296 6131 848 15453 19815 7901 3183 3855
5858 19326 5439 3772 15193 4720 15236 9047 9218 16592 13958 6008 8591 12410 4721 9102 1577 1557 2434 16540 15684 15207 3809 1939 1480 18648
4771 19698 17631 16503 6192 16080 10725 17430 15104 5943 8622 3899 18370 17268 6872 4063 13252 2072 17949 11025 19215 16756 17559 15573 5045 17260
6902 8284 11393 5699 19913 4055 7838 13516 1744 8578 10168 19055 4948 17577 11051 19723 1118 14193 11915 10365 6693 3455 4093 9930 17083 4125
11022 17740 6982 14492 12769 14003 13340 12643 7881 10618 732 14145 466 9495 14107 19225 3918 6637 4449 19007 9024 2942 10529 8410 17073 16201
18075 3676 13785 17123 18803 17954 10004 17904 4171 18373 2845 13976 5793 12337 5655 14134 3384 9518 8271 11163 18040 12431 5966 2433 9374 398
6170 6520 4885 4977 6306 6744 4513 13849 19220 13589 16259 4997 14383 2591 15458 8891 9705 18266 127 7478 14794 1549 2437 14690 6329 6295
6168 10150 11083 9341 13430 9356 13222 8882 12355 7906 19821 5601 18037 2196 19514 13203 14259 9103 6378 16575 1012 8663 11880 10748 1412 4169
8397 8544 2235 1786 18399 6196 17767 4771 18082 8640 3879 3155 8410 14856 11541 8277 12416 7101 18792 1509 3869 15592 5193 2781 16812 3969
19058 2764 15680 14515 6368 11973 13449 1905 3933 4793 14095 14607 2609 16436 13485 17061 17241 1933 14079 10307 9240 1151 17137 3268 3650 13889
4163 5028 31 11481 7556 11658 9042 10755 12379 12021 16063 11943 6126 16032 14281 18102 15583 1345 5707 17099 14235 8644 9798 11363 12500 12632
6280 17996 1638 7827 18465 4231 1019 11545 9438 16109 17879 19766 545 3929 13214 8260 7054 1423 14162 8411 5038 2208 15663 18490 8594 15052
7477 13157 13822 2135 6728 12207 9031 11061 13676 11869 7389 14453 9295 1099 9663 6635 4869 6337 5133 18804 1332 17275 2276 4099 2425 18094
18657 1448 10671 5623 265 6276 15660 19905 6748 4553 18262 13921 15666 15683 16080 3999 17811 14830 8000 17934 15079 16134 15099 7062 17996 14113
19689 9272 16436 1236 14941 12109 14369 16397 7388 6378 7059 29 10593 17988 16521 7040 18191 14252 13396 12917 5304 8126 18858 11238 19925 16004
17830 2189 6939 13771 9886 19391 19697 6877 15811 6144 3341 18614 8550 10133 15570 471 780 16149 19765 2529 9796 11097 17151 8350 5013 6524
10968 2486 5656 8118 4624 1302 9304 5450 7253 6446 6221 1183 19604 19742 9256 471 13445 19592 11887 2516 26 13977 18781 19201 6760 1101
18303 17686 310 702 3617 17330 17110 11943 6060 19116 5950 10023 7277 16526 11447 4659 18918 7792 9968 19350 2732 15236 12384 11831 19925 817
16243 9232 17235 8192 17561 3644 8345 17845 10185 4368 12045 12567 17374 14017 5736 4769 10511 7257 9030 14376 1564 162 12829 19187 14149 16925
15657 15853 16051 3454 16047 8246 9223 4910 5555 2496 15621 15314 13147 6151 8788 193 4901 13065 12755 7098 15625 1601 12172 9912 15844 1654
16301 4992 3385 8702 17626 1910 19851 368 462 15684 4834 17352 5664 1578 17598 7465 6959 11498 424 8884 10634 18779 17820 10725 9083 1208
5666 5647 17516 13616 19282 11369 17929 14572 400 16454 14297 4257 11071 19067 3636 14385 16577 12724 11701 4887 12980 19588 17538 19392 2086 12667
964 7389 5746 19264 13570 14928 14095 16896 5443 5164 7788 11308 7506 10550 5957 9567 18098 17063 6240 13279 9456 10163 17102 12580 19541 4683
1099 19266 7986 15142 13150 13931 17029 18092 14998 12206 6544 418 7328 1590 14777 4385 7675 19249 7817 13973 14456 9346 15374 18369 4643 11445
12135 11669 6783 8564 2621 19450 10020 13318 2294 13262 10371 18375 18003 19001 11204 3475 4211 18442 3408 2972 8054 7550 1045 3009 1438 16424
14646 3557 12793 5142 16693 13049 2080 15787 8982 9199 7685 939 13133 3632 12705 1700 16970 15093 19379 6214 12560 15320 10557 9371 5937 16430
18244 19345 10303 446 1504 3481 15778 8094 14435 12864 14009 5632 4005 4406 12611 7086 14435 12647 9920 5524 5828 2056 14553 10739 9944 11349
941 8038 6796 15397 9603 6047 14402 682 6136 12771 6210 4926 786 7863 14045 15153 19723 16730 12916 341 5880 17619 2903 19031 12415 7401
14321 13621 4035 5853 12503 15196 17670 3356 17586 128 9601 162 10265 11510 9552 3699 1020 3583 18631 10349 14435 15736 11132 6900 13391 15655
16239 446 16224 16644 3751 15198 19453 1533 4985 16782 9540 15363 17827 14337 1408 7521 12753 7375 6738 9650 8417 16231 16144 15269 8924 14682
2249 5657 3764 13472 10981 17615 439 16747 657 6938 14379 4919 1821 9686 12914 14860 5951 7457 8404 8345 12401 3388 13473 11226 13917 8371
4263 12891 10209 14217 1451 7330 11887 10839 7570 1213 13383 3145 6983 16019 17067 10768 16972 1370 8213 18691 2854 862 2355 13026 19982 1720
7303 8943 14648 1716 18909 10285 19684 1667 8227 13482 6005 14507 12496 15271 6215 14425 12455 14239 6117 19229 2014 18594 19003 5195 1338 13774
881 4228 8368 56 18125 19697 9928 3144 3304 590 12750 4558 3108 12120 5432 16228 1897 15584 17282 14084 2214 7775 778 8792 6061 16577
7764 9026 19058 1700 11834 18565 17648 478 16907 3849 627 11809 8163 14005 2574 4844 768 5803 9918 17149 9957 8027 7189 19237 1334 416
12510 17005 17056 12366 15826 19912 14880 18807 16092 14441 14078 939 9318 19067 16298 5338 5633 6279 10063 1463 9044 6659 17491 12732 15777 1778
17245 9254 13132 5882 10208 10009 5264 18422 7278 9771 12333 15815 16346 19058 13230 16091 253 11257 14971 68 6271 13529 17609 18614 7424 3501
16199 9653 480 18487 4626 2752 15958 3610 7447 2343 16634 13866 8568 6599 6047 10213 6634 13385 17745 11070 15326 6723 1739 7967 13705 19226
6658 8177 17919 1113 6046 1601 19820 1045 13781 7057 13234 17339 12458 19643 15334 6998 13197 3816 1013 689 1237 10046 17891 12497 9937 8915
493 2605 5036 4889 11879 376 5795 3454 10672 10766 16002 3947 11067 3439 6817 16790 17041 17968 12786 3744 6708 4684 3629 17333 19910 17764
7274 16196 4232 13935 5017 17162 6641 18707 5485 8363 6836 7110 7504 8623 4949 16005 18053 18557 12033 9069 11950 19384 16589 5948 10101 868
17309 19556 10963 15955 6824 11914 13872 11163 1712 4762 13917 11220 18667 14837 14657 4854 7464 12184 184 12936 16615 12592 18260 5401 4021 9191
15858 6474 10494 9787 11689 6791 1757 3188 1531 4517 11235 8132 1937 1858 13483 3238 4072 12562 11050 17428 6339 18305 15035 6478 640 14841
8790 6382 7817 13840 9032 14102 6019 8744 15259 14840 9847 14226 3292 17538 3496 15865 893 17410 1928 5649 2077 18089 1391 17558 7026 1274
13595 16797 11452 12977 447 13956 4146 16499 8306 403 3163 17513 2344 14443 9978 4370 16472 14215 14806 18188 12022 205 18384 17298 1056 10104
2718 13604 4399 18111 11158 17041 13376 5757 10104 19940 14247 17094 16643 12809 18468 4229 14262 6159 6821 18339 18345 12576 18900 9906 271 4633
9318 17012 2964 16923 3778 8505 3403 11102 5764 293 10319 14267 15396 13446 1696 15486 11158 135 19559 15463 15032 9247 15738 2362 1848 9301
10247 6682 1991 17139 19815 15498 12409 19555 17869 1903 3606 7114 19742 1911 4896 8063 19663 15165 13894 17888 9443 3028 6279 13152 13212 2409
614 9735 19495 12372 1746 13121 11671 16661 6344 13963 10282 677 1704 7552 11934 5001 3232 18078 1694 10601 445 11533 13175 1084 17807 3837
14380 5042 18095 10171 16695 10967 7820 9313 16713 4383 18092 904 13713 7755 12089 6340 16210 1838 8081 2427 15020 13937 14636 5847 9590 10317
11585 2614 8186 18289 11495 9777 13909 7384 14646 16818 6412 16203 11739 954 8445 13347 10224 13170 15358 10015 7910 8729 5152 2110 11302 6088
9257 716 4431 8969 19222 11490 9669 12562 16406 14994 6249 9229 18319 15571 19665 200 8825 14984 12383 10169 12710 9820 16339 19059 12344 13203
16277 6269 2369 8778 13566 4884 11695 4093 8659 14434 3464 1804 1181 11464 18070 9452 13992 2142 4368 17689 16822 5672 14525 1145 8973 2167
15975 16563 13589 5398 14131 2783 6471 8016 19492 10636 1513 7737 699 7167 15638 7209 1938 18691 10752 14627 17702 11401 14402 15364 4727 19489
12469 14436 16778 16090 17237 18671 9334 1343 12816 15305 9386 19341 427 13942 16522 10702 2243 15284 16870 6341 10110 17488 11808 14600 15518 16971
6414 7034 12512 10077 6409 6902 15893 7546 1569 2645 12518 8256 2886 17591 13375 4142 18017 17947 7958 11546 9344 9474 3173 14491 18241 3892
1892 3599 19269 2880 6586 6105 5609 10648 15191 9595 11123 15130 4226 15441 17333 17937 12756 13877 19871 17093 17067 13404 9762 5756 5977 6907
9730 16316 178 8516 3469 12515 13912 10327 1502 15611 4097 15145 5968 13135 15721 16300 9748 17787 5403 475 8641 12049 19499 18352 2847 269
19314 8146 1970 11565 8272 1398 16225 4581 4396 3970 11207 14799 3507 19380 12118 1327 18318 12733 13813 5639 13778 7656 647 136 1607 12389
1623 11726 5830 13962 18501 16596 19163 15103 1359 13804 11781 19338 18333 7963 13012 4743 10437 9999 14452 2406 1539 6966 14069 1758 9781 2803
5481 18437 567 1146 6683 9669 706 3483 16614 16886 19970 4221 8342 17894 176 13508 13898 982 1124 18385 11538 19045 6143 18573 11062 17631
18765 17913 7352 6503 1575 947 12505 19292 15456 19495 19589 5064 19999 17443 6012 7182 12812 10431 12945 1793 957 19368 8125 8986 183 15690
2635 19698 5002 1531 15909 9945 19927 17121 118 2 6046 5883 11460 18994 14221 232 15603 2089 712 19812 18894 16496 1118 2445 16169 1349
16562 15791 17268 17310 8734 1375 9270 10740 11330 9127 19885 11307 6059 7719 11468 6719 5641 8584 14926 15831 6399 8647 15498 6837 18780 2782
12840 17212 16636 10776 12429 5931 6628 5381 18393 2215 9197 2099 4506 15087 16304 6446 16464 7364 19157 12497 3083 14434 6807 1335 10565 17922
9486 14354 13685 13613 740 10699 3892 137 13992 16413 5128 11332 13539 18392 18165 18532 13891 19994 19446 6042 12864 11466 11342 5743 12732 11353
15450 12734 12613 18959 14503 16025 8769 2784 2477 14068 5432 5269 10981 13007 18590 16248 3654 15499 15113 19828 4527 15344 17913 17459 19476 1920
15492 16163 16824 5253 14743 13698 12939 5308 3695 16996 3771 12673 14290 10754 233 825 1563 18573 14245 14411 15640 5354 13252 12260 13086 2882
10223 14230 10432 883 10960 2814 2269 19112 181 15895 1939 2454 209 3520 17457 4796 4003 12647 13575 16622 16984 16459 459 15862 1151 4348
7045 13741 3053 1464 12915 11014 7109 7937 7761 17705 11558 5506 11662 3687 9073 7631 4850 14735 6237 4951 7610 14451 16011 18804 4337 15367
2457 11703 15017 14250 14573 12415 14481 7585 11164 8656 6605 17709 7381 16463 15962 11482 2513 18624 2316 8317 893 4080 16831 19839 14868 905
13897 16861 7954 85 13886 235 11748 9988 10552 11187 12107 548 4510 10682 6145 2080 14860 6201 4304 18986 337 15968 9646 1195 15139 19489
9045 15705 5223 6234 11796 5998 11013 10237 9156 19279 3060 4864 18525 14891 10071 7276 4080 16525 4613 1248 15482 16262 14050 9869 11571 14582
15744 1780 7276 2234 1367 19358 6883 8867 16300 11253 7347 11804 9830 89 10401 2838 14205 14425 12036 16016 4539 9628 6602 13888 14664 10856
1312 12858 17216 17151 16729 10164 8627 14531 6616 18730 17662 926 579 8979 352 2993 19801 11191 4818 660 9831 18398 18269 14400 2128 18891
3563 9163 10874 14364 11061 15216 8579 13754 3996 16123 9973 6051 18820 17728 5698 15925 5118 4334 1525 15632 5286 16257 17965 15953 13975 10287
875 13488 11079 19458 4850 14774 19814 1676 18665 15437 13417 5235 10584 8132 13515 10774 2000 15147 17759 3598 10855 5061 6541 2846 19452 17650
7827 897 4302 15565 7545 4192 5873 11353 13128 4457 5046 9111 240 2612 2045 6703 8121 15328 14746 4411 13118 2136 8911 13286 12497 1690
5486 9458 17583 12289 12371 18332 749 17506 8942 18210 5746 19662 3357 7052 4424 17100 18456 6583 9376 10848 11441 6230 16206 3777 6591 11819
2192 13418 8331 6659 317 4115 16578 18453 7051 15132 19408 7445 4631 10596 9906 11894 9890 18249 8867 12399 16919 5677 5553 3636 13625 9941
9332 1979 12082 12705 14549 10577 10580 6240 19553 13529 7054 17696 9786 2401 13898 5211 9887 8687 9922 9620 5552 14752 14089 18133 6114 4808
15046 14344 4057 18968 796 8112 12090 17513 6908 10816 10970 3355 2469 3095 15983 9258 5101 9655 9307 4207 2190 16542 16849 17615 6283 1795
14739 8161 3328 6025 7805 12248 16398 16787 4139 12910 6007 6227 1120 9000 9511 15858 145 821 9266 6296 4384 14312 9510 4503 17297 4477
15513 19121 18825 8100 15832 14889 9241 19473 11339 19525 12927 19644 18197 10243 13669 16392 12498 10785 13774 10107 10261 4273 18652 17024 19756 18909
7352 2056 3725 15916 1404 1655 3594 11310 15409 796 14094 14264 14205 4925 15394 1134 1501 11434 7760 15710 4455 14041 14133 6139 6054 11180
12915 5328 19400 4775 16892 16702 8450 14057 9354 14482 15119 572 16870 18482 14336 6167 14078 17968 4225 11080 18096 18574 10147 15816 11861 15265
4531 16674 16468 15860 11390 5286 12881 11325 1932 3753 17798 15161 10892 2320 3245 2886 280 13108 5493 16626 3256 5214 11519 19007 4009 6161
3931 4486 10503 65 19996 3530 3918 2026 4566 1031 7803 12054 2503 8084 4125 12518 9787 2316 7805 4365 11753 5147 4496 19727 8010 5881
1188 14868 590 12063 13818 19925 18340 15414 2346 18632 9496 14291 15252 13978 8763 10004 9195 9246 19763 9145 15187 3433 17015 17298 16981 2448
9680 2436 1412 19199 15558 19634 14773 14147 14496 12523 5356 7100 2181 4978 788 10314 2468 12536 15294 16755 16261 8125 13511 3817 3098 1883
4958 1846 9246 18720 4691 6378 5206 14532 19367 10377 7077 1742 8289 16846 4476 1588 9747 300 15816 12114 8073 6360 2005 13217 11992 18147
12318 16447 1879 10321 1727 18009 2488 16113 14059 14275 8473 12765 4539 11633 2245 17388 15777 7624 4720 11472 6882 2175 9771 3466 1057 968
16598 16775 14057 12287 13364 18697 10842 14867 2875 1788 13944 19644 3042 12345 15074 6804 11643 15170 6825 14031 18714 6654 13637 6186 10277 4789
12747 1823 12881 5066 19343 9806 9638 4971 13802 6336 15832 13616 5334 17469 12346 18226 18412 12844 3428 13087 12862 8787 8109 2785 8073 4876
61 14504 2214 11496 17130 1766 12044 210 17511 17984 14345 11936 1376 3417 18336 16406 232 10677 5620 5317 3180 18854 15413 14555 5810 13043
4816 944 8676 8419 8097 9858 18261 9352 5470 379 14357 15052 18041 8486 3022 6612 11476 18119 7556 12492 451 10800 4428 15878 15874 15898
5715 19341 5001 12122 18414 3665 11740 9748 1417 10709 16359 5183 10560 15754 12621 14622 8618 7483 3033 16788 1211 11126 15934 7379 7683 15236
4971 6275 5427 16212 19240 9342 9743 1845 7466 54 389 19149 1183 4007 5577 5285 1230 10991 13959 11404 940 5623 11124 12041 9844 13736
6245 8518 15649 9496 5077 15867 9120 15145 9177 5181 1135 15426 7072 6706 8062 5110 17152 95 9602 12648 1662 6253 4958 15402 19438 4336
8078 11300 3465 11610 1296 333 11754 16324 16563 6604 16781 8320 17593 13910 328 19030 19620 11107 12457 7306 15615 1231 18893 16001 9672 13313
6357 6993 1464 5143 4633 367 4152 2568 9606 9217 4603 1969 5897 11971 17053 14694 12789 15998 10227 753 5103 309 3129 17827 12817 13818
12502 11094 5099 15594 10757 2609 7745 6416 16446 7266 3297 14772 13729 14554 15242 16296 11942 1281 1374 16732 4008 883 17239 15444 10225 18674
7933 8775 19097 5351 12275 10623 4572 2666 12515 8329 18785 1177 12066 10317 1353 18110 3010 5519 6461 2179 18773 9144 12868 7180 5433 2296
3346 11341 4510 17601 14706 17260 8828 2403 9123 5397 1766 9891 9319 1140 13359 15712 15572 11476 17175 14162 13863 6089 10878 10983 18986 17145
3189 5162 18266 16074 12546 16262 7951 5087 14630 8855 11959 6757 8340 1285 12071 8979 11358 2999 19810 4027 13497 19614 8567 12218 15733 1548
18136 9431 7646 17789 6756 1248 6132 3913 8056 9478 9886 11710 19249 11501 18981 1811 3134 3626 8588 7959 16726 19875 4069 8541 10481 15384
15839 10037 1365 4833 19949 13932 18655 12581 3461 10719 14802 18060 6343 17943 15011 18912 9936 4196 4656 17098 386 1861 8996 6148 17223 14846
8064 11870 5421 14577 10278 4436 12621 2065 9157 18505 19430 14061 17710 16968 176 16842 6588 10671 8613 17351 3270 16952 10244 3333 14897 13670
2649 5659 12786 8197 5451 6400 10901 569 11788 18763 4788 18735 3076 14093 4129 8693 17961 15471 4271 17028 18296 2529 11067 1585 1929 5084
18831 1127 19554 10829 10 19043 2488 13390 9865 6676 8173 1865 4632 1838 10471 1183 9677 11532 14647 1694 19329 6321 19135 13626 16458 18199
14927 2980 17013 17167 7554 17883 16231 6062 3576 941 4850 7854 13730 8913 19645 4842 18756 14277 4697 15961 18352 15 3172 14801 2042 8130
8119 17461 10440 19487 19499 13063 17767 17213 12120 10404 14333 6300 3815 7955 19139 15477 6618 15334 17574 3272 1484 16175 14844 18106 13256 9075
11998 8175 3641 8903 4334 13963 12148 13604 16373 9064 6735 7493 18496 9588 3487 5429 9757 15901 10116 8770 11073 10864 7411 1033 4321 14304
2904 18668 6791 12806 11059 2219 2621 3051 15685 15537 9858 19718 11544 18959 19093 9760 3532 19875 3983 13121 2341 12910 1399 14033 17546 17573
11852 3919 2880 19193 16710 4907 7906 14441 16025 770 19023 16393 19224 18488 9435 11132 14579 17086 15533 8058 14974 13509 6020 8082 16127 6512
8716 4852 15052 19604 8013 15699 9974 12001 7528 18552 14619 17261 10423 7939 4370 6814 16622 217 1971 19867 12288 549 19776 543 13102 458
15305 841 19819 2315 6801 15841 10016 11720 18006 7917 2491 10861 6816 13642 2811 10174 3449 11584 3599 4727 18158 14330 5314 18968 9174 4029
9864 5010 9013 7522 16555 11653 2530 13737 7877 9157 1219 17447 13350 15742 8751 16032 16908 19670 9347 11170 10285 4033 16053 18489 9955 15058
13152 19966 3988 12400 13261 6420 11522 8192 13491 14998 2732 7194 11438 8781 16836 15206 363 3701 731 10795 13553 8565 11956 1376 3996 3149
19526 2015 7173 273 1349 10695 8627 7400 5289 3075 56 7910 14885 16733 14196 15309 955 10346 450 18311 16094 16176 11102 6 3472 12881
15062 8650 7460 15598 19180 13296 8191 1919 13283 12972 17367 6093 11705 5723 7434 8554 3627 18238 17817 17984 2718 8594 16821 18704 18520 4382
4157 3125 10719 19154 9774 13616 5132 125 10621 18402 6727 14665 524 2089 15206 18762 9985 13137 2626 13497 2645 14498 19322 9460 17164 3027
12508 3207 6056 3050 499 15594 14393 3218 9099 6682 10479 18419 11850 10429 7495 10664 13932 1323 6690 17552 18758 2892 2728 11507 6261 15929
6483 12293 7882 4435 3513 6100 9293 4969 10461 19751 622 10535 5730 11193 3156 10387 14109 5374 4015 6153 2290 2659 12675 9054 12071 17317
13380 8218 14373 9760 10548 16385 14251 13905 18657 1984 10149 7704 15607 5748 19646 4337 5262 16909 11033 7135 5263 8863 13737 12573 33 7254
11802 2076 5765 14923 8034 7442 12656 4695 2763 16998 5819 19868 512 10059 11969 13648 16263 8436 4573 16180 3426 11029 18444 14576 19695 3344
18784 2335 3953 3068 3534 9929 9331 7771 6536 12397 13087 4548 14781 6398 10156 5997 17531 15878 18509 497 11381 5132 19313 13818 3113 11181
12416 17350 6491 11145 1920 12608 12119 4107 19308 17952 18269 14968 6373 14791 4347 5084 723 15473 4617 9762 19335 13048 6756 274 2712 11086
16796 5790 12314 8000 12553 3530 7188 2252 1655 12363 8901 6868 12529 13352 8631 12051 14412 9777 2058 2220 11195 17334 5134 6375 1562 18836
4257 3052 16544 10050 4501 60 5418 13568 13976 18084 3387 19958 4582 1929 4244 7589 16818 8326 18838 7267 11820 3032 19368 4833 3397 17012
3655 10156 8127 2789 15638 12108 16082 6009 18475 4479 1841 11406 5527 13919 14093 16640 849 17589 8229 13492 347 2832 83 18264 12961 9913
9548 18686 11477 19172 9169 14643 216 818 16903 932 16482 7878 19833 15416 13304 8980 1068 12517 17101 8057 12763 3727 673 12600 6923 920
8433 8751 4164 484 9377 19641 12438 9752 4663 967 18438 10682 12775 8 9883 18976 19484 6947 1678 18487 9774 15402 6613 17936 16651 8272
13089 16966 841 7048 4984 19659 12927 9243 7831 11723 14842 12885 15879 6695 15105 13622 8396 4403 322 11516 4864 7425 2060 8997 18979 7154
12086 10036 9668 12159 445 3376 4951 15394 13703 17482 10990 2245 6013 7747 16181 2959 16195 12011 1408 7308 679 1335 19248 11360 9875 19260
18485 13862 9142 11071 10077 11506 3129 1919 18813 9193 2482 16708 4260 416 7364 11857 12848 10474 10799 11410 3584 9273 232 6501 9098 10804
15722 8667 16763 17488 2975 7697 14063 17265 9598 2868 12738 1009 17214 14016 9757 11709 14965 14927 17666 9349 18841 15087 2808 6375 2617 14782
11259 18552 18784 11986 1232 5498 18472 19741 4559 8141 17363 6785 13674 5966 2111 13661 14088 1971 18244 4207 3866 5141 1566 3752 6640 1232
17604 23 7303 1467 19976 8964 4947 4105 13727 18472 10486 13506 14621 1427 12354 13464 5767 17934 4229 19324 18186 10888 6954 8047 6703 18085
2845 8362 14144 14310 4080 12693 19825 19330 8361 13485 14031 12665 17253 12490 6257 19928 9110 12991 10455 10597 145 17559 2561 9388 8574 4346
18006 6782 10621 3129 1970 8311 19598 14377 2185 13980 6326 10439 2540 8659 461 16953 6791 19192 11095 17788 12787 1370 2313 19973 17902 11775
8482 2083 703 1625 8937 7396 8359 15741 5954 5754 18266 9946 15919 1733 9744 10044 3472 15255 10751 5895 18078 16855 6157 19747 5856 824
3822 2382 12532 5592 12618 18637 19537 3638 12457 7654 5590 17069 13106 6354 9600 465 5382 1805 4009 17725 438 18604 3562 8285 16644 12693
19458 12167 15742 10470 12758 16631 14406 19641 2103 16825 4672 15448 18569 17566 12007 15639 18501 19563 5498 2570 12614 3013 16132 16428 8465 9512
8037 8384 7203 10685 15880 16357 2744 18453 5891 7100 7782 11573 12336 9133 15891 8454 17576 1019 18890 9222 15841 8040 19640 7220 7129 9073
15517 6358 16539 18493 11822 1757 11561 16737 6801 12980 19758 6950 735 4640 12269 5951 19173 14602 19448 15627 1449 4066 2687 11715 11054 3808
7725 19062 16851 5004 17165 12743 5468 9005 3814 3482 4899 19219 10757 18272 1773 16247 17116 4542 9710 3212 3702 4833 16752 14836 16352 17261
12544 695 8930 1338 1928 15323 11560 940 2630 13370 11503 2620 7286 17972 2548 2307 7399 2232 9255 18559 16992 5053 17311 19033 5742 8250
2639 12316 4785 9464 5758 17132 16438 14821 764 18708 9372 15554 15135 8154 18909 18591 11688 2740 16142 14057 12382 18250 16718 6936 11191 6478
16701 17198 3688 4426 4537 2307 5384 16031 6075 17522 6394 2640 6751 16345 8092 15668 1860 10708 4251 4777 18659 11850 18562 7600 8309 894
8527 8233 8466 5707 9991 12613 4243 19998 2460 9695 17199 6262 6518 11070 18951 18017 13206 18762 14233 15005 13897 5876 3540 4914 10473 1761
8307 6585 5575 15251 6342 14449 4718 92 5613 8199 7482 10781 7658 15758 6582 6643 909 6536 12959 11670 9939 5597 16978 221 14390 4766
8968 18179 5418 12333 120 14145 19391 12949 7676 6612 8734 14094 18780 18241 3968 2224 15178 6272 9804 19340 16695 5969 14313 10961 15473 12811
19060 17824 15898 15061 7012 12358 15025 6792 7992 8431 14056 4 15774 7519 14695 16263 14237 8706 9006 6887 5448 14831 15784 7607 18479 10903
7252 11728 13001 10376 18706 10735 11538 16879 6833 3149 19190 13922 14328 5241 1010 13311 6797 7439 9479 14526 5891 10937 5464 5801 16637 14814
6693 4169 14507 2896 1634 9304 17078 10561 5001 2575 14177 697 18217 2948 14466 9737 9117 16091 3196 3278 17265 1663 11 9139 13390 8024
