365
92 3 48 72 80 83 29 91 23 29 17 59 17 12 80 48 95 21 32 9 57 67 58 8 71 46
9649 720 11585 15004 10511 17417 2745 4045 14707 5201 5003 18889 2970 15688 3626 765 8649 12860 586 11941 11518 15418 18504 10492 18610 8956
4116 6931 1336 13261 1858 2682 9584 19222 9015 9646 3754 12496 9908 19295 17227 3235 18737 9612 11225 10460 12261 15133 1148 19471 11898 2335
5403 12575 9986 5880 11172 8437 15962 11886 18749 17087 19706 1550 10037 12027 17128 7277 71 14109 6856 10792 2400 17923 13913 18066 2693 8959
14061 8622 6451 7833 12810 4737 8478 14122 622 1983 8385 2196 1294 103 939 16613 8568 16153 82 6511 4560 18478 12052 3411 8038 10536
2226 14220 15852 10268 3396 1256 2205 12361 12085 12671 12119 19269 12511 17048 18172 832 3687 16705 18107 2151 2219 1391 15229 8104 7187 14860
5092 4120 15591 4075 3434 19455 3741 11661 4463 7976 8469 11969 7519 13344 17023 5502 16063 6009 5930 12081 14895 13706 3438 16597 4206 17277
3353 11299 14061 18573 10907 9544 16185 14495 2160 7340 9386 8739 16060 994 15321 4647 16674 10239 300 16081 10446 14973 5461 7735 9349 16581
6662 4931 804 2818 1976 2684 13580 635 5588 14205 2211 6067 3316 8289 1382 19338 15420 10970 10697 1529 3254 10698 12699 19061 7063 2265
12127 1966 12252 10266 15100 1800 10620 11416 7785 16190 16807 15583 2026 8994 9338 18237 1838 13968 8387 19076 10250 12756 10443 7509 17709 10426
17038 13542 3241 11801 17002 14744 5824 18252 5658 14319 15726 11206 11353 16718 1819 6784 17641 14391 15712 17724 12469 15895 19976 9658 6067 3150
18563 17365 13394 4246 1348 2565 15537 13023 13959 6093 11906 17009 17182 1000 15091 14944 4271 1128 12354 4188 3447 12509 13541 17034 10742 1567
7787 19374 12215 5770 163 13948 5769 15150 1018 6246 18433 17005 10576 5603 9093 9456 18494 16465 17844 10175 649 8848 8594 2567 8606 18176
8420 6931 7851 15992 11337 9816 18212 19631 3886 12096 7152 12923 7244 19464 16132 8698 9659 1417 7946 2493 7094 14034 19865 5637 16481 7444
16254 8422 4716 17632 3764 7062 14657 14038 5257 16509 75 6680 19797 15181 1633 4968 1502 2718 9826 2568 19320 7825 1717 13165 17668 1307
8020 10722 11759 19492 8512 10625 12889 8533 16358 9610 16284 8102 13089 5676 10197 8085 6478 171 11326 44 11201 16012 13708 17373 8086 18282
9845 1986 5053 12692 6807 17498 13754 13346 17945 7911 12730 16677 11029 13714 12648 1560 14342 2788 19601 6296 11965 18098 11798 15216 19136 5968
8724 14340 13783 919 8761 7196 8106 16580 9665 7436 6811 11054 4599 13111 16233 10397 1649 835 10822 7128 11147 71 667 8717 3641 11927
3124 15041 8352 18371 6988 4143 11562 13615 13286 7954 274 19197 689 3132 19681 12858 2875 4532 5844 17947 2017 12367 17911 6772 11747 11822
9754 8651 1824 18324 1364 19675 19257 19557 3693 16020 2033 6103 9561 573 12410 8593 3620 9522 5434 13463 2772 4172 2828 3633 8990 14337
13899 19068 9834 8256 16718 9375 13048 18179 12252 1623 15598 495 1574 18091 9324 1586 18986 10424 719 16971 7561 18476 16271 717 14707 10587
16221 17991 2301 6791 6450 2577 9886 4547 1070 10908 6674 14649 18760 15456 6194 1118 6174 12329 7633 763 5564 8853 15290 14103 2245 5184
6521 12868 442 5947 11768 5642 92 13033 10707 16774 7234 16921 114 2484 16716 16263 14396 14227 17665 10506 13694 5264 19997 18132 13525 15444
15061 4909 19704 2983 14470 2499 4487 5412 11665 7026 14913 7475 2750 14332 9300 2711 6849 17006 2302 16938 11275 7223 4025 15345 14860 9086
18440 18518 11664 8975 11454 17902 14616 8639 8762 14454 16039 12151 6926 4228 8008 13221 4544 19866 6228 1499 2030 10333 13115 7576 209 12613
13393 9383 17660 11347 9020 12707 11903 15042 17482 8848 5618 5905 7972 4639 615 14187 7208 4343 19930 19032 13011 8982 14616 10968 2205 4851
4850 18367 18592 1846 4371 4249 19381 12904 6671 19622 9772 5870 13475 19862 12767 16675 13205 7299 7656 6324 13795 2016 5797 4262 11169 18887
3488 10580 7136 11516 13714 19655 5861 7628 11782 19881 9080 6703 7362 2741 16889 4561 8214 18807 6659 12119 9071 7387 16280 617 6909 11259
3413 3292 2575 12099 13755 4999 6605 15090 1433 1524 893 5323 5732 1141 7887 18479 5845 7945 11783 2924 10997 10998 4747 8399 12403 2520
219 10790 7953 13663 5675 13898 1418 12376 1478 16268 3517 12767 1009 3416 9342 2532 12874 8981 10363 14321 10294 19179 17980 10001 18078 6920
3542 8821 8814 2964 3416 1569 17638 14661 11597 12368 2017 8061 4654 9243 15957 18554 18550 14298 8381 5930 509 15503 16045 4057 10220 18502
8345 4132 17515 9727 14011 9242 13659 10549 9345 1640 12224 6441 18722 5201 9658 12305 18313 6540 19687 6248 19252 17001 6062 13397 9537 1906
4254 6210 736 17524 17660 13560 800 15334 3230 11720 11389 7175 507 9531 15392 10597 15797 8805 1447 4919 7548 2938 18267 42 14295 71
4199 15767 14215 12570 9731 14932 9885 9975 6648 12119 16467 16664 4846 1407 14719 8784 8105 1569 6154 5345 10664 3682 3652 18082 16895 10811
17710 6815 12087 19887 16374 13677 9599 5447 1283 1332 8886 101 13429 489 14379 1971 349 3225 2565 9596 12778 2928 9114 3804 13564 13944
3115 5905 3025 18116 13258 15046 1627 16121 4425 14600 16391 3931 6756 14227 16848 5652 11530 17256 14362 8542 7745 1958 16780 404 1236 6330
17482 1665 18133 10401 10108 6081 5562 7659 16166 2772 14853 8095 1971 7002 1364 14306 14283 3663 4575 8845 15939 4341 3238 16573 5647 1631
1121 13687 15465 18027 15290 16711 1113 16428 7927 6111 1197 19875 18855 5688 1413 1630 6155 8225 10993 3045 11319 19161 7231 14092 15184 12851
19329 13782 17238 10829 3938 19847 10487 6379 12110 15196 18463 6741 2284 3018 10810 3831 2921 7475 13404 9061 11554 7437 18109 4518 11813 8128
5762 11397 7647 2898 10451 3060 7321 10171 2144 5804 8223 18914 454 4857 11412 6443 18462 7986 17897 3872 2359 12158 12132 17827 10247 11730
18709 10624 1332 16330 10798 17720 17145 4888 2973 8950 2811 7492 17283 5530 19968 14339 16770 16056 6953 19046 6463 15234 12097 9619 15841 10777
9004 15669 8808 7366 8968 5957 9784 10172 16900 3871 7117 8312 14297 6219 4922 12959 9808 5825 5887 7000 5160 1987 3458 12390 2702 8272
11289 11337 7361 4277 1955 15171 9095 1168 3726 898 13554 7063 13629 2511 17208 5888 16332 11960 11378 11892 210 8771 6522 4097 1249 3816
18066 1294 17243 17999 5120 14296 5682 10604 6054 4937 15880 14890 897 3082 4362 9151 8764 8437 12671 14115 6630 579 14717 5388 15012 10811
19846 15466 11255 324 11755 179 361 4772 12804 5872 13885 4594 16886 6112 8933 11843 11613 17700 16047 6271 8296 18087 10405 15068 13230 8503
15573 18296 14178 12017 2102 6949 110 6806 6409 12393 3501 10916 10439 1888 7704 6481 13523 6961 10607 5542 7851 5979 12151 1087 16431 11148
19731 1530 3578 14665 3656 5594 18773 10086 9019 15318 8286 10937 9082 17316 9821 18277 8551 6085 1893 910 2633 11621 18115 2423 280 11318
1170 8681 10314 2841 14362 8071 16901 2530 2285 2830 12932 11418 4015 3328 14064 11270 14059 14029 13703 13201 9530 12609 7765 5783 12470 10593
1673 19771 10863 11433 3261 17965 19763 4772 19830 9598 17776 5222 13161 15488 16757 14489 5846 3374 8237 16852 1925 2142 873 9814 7942 9281
14548 5480 15556 4311 5083 6909 3554 1247 16252 19682 6091 2464 12002 214 8293 8654 9807 12099 16906 16546 16068 6475 15559 9037 13607 8421
8083 3330 14179 2231 3811 4714 6357 6011 2096 3605 2974 8386 4987 7082 64 17198 6318 4859 379 4930 16727 6952 12624 4165 17415 3420
8104 12748 19321 6109 17848 14403 6911 14030 15200 16767 9151 5310 3491 17956 3557 11410 1062 17935 1974 18798 11530 18797 5612 166 3807 5550
3333 4019 5465 13468 18696 18396 10954 6984 17526 3245 6954 13807 744 17116 366 1475 2641 17799 5342 4509 3289 18151 9041 10690 14899 18582
11915 7820 3536 11800 4660 14946 4031 13041 19705 19693 12157 19047 1520 9969 5342 10615 599 321 18624 5482 18641 2066 17259 10150 1452 457
14777 1191 6038 1355 6926 13556 3415 962 8696 1168 13597 15116 13693 7678 11655 9061 1652 5460 13277 7601 15866 4860 8650 5575 2969 17792
7051 14244 13459 15368 10662 13148 18549 7449 4858 7455 9697 6032 19221 10025 3426 8727 19711 18004 1671 12140 18455 3243 16067 1687 8602 16392
13987 14697 15611 19531 913 12966 10411 454 16188 17950 3829 2846 6960 10713 2097 4186 15734 5696 4974 1918 10379 6022 10494 364 14458 6464
10251 13624 17958 3407 4330 15168 7738 3872 1844 2841 4323 7503 9877 9370 14978 13023 6455 10282 13761 1301 10757 16782 4876 12986 2958 9525
5265 7419 14036 9953 1504 11523 14692 11570 19107 18569 8709 13354 15626 2283 12048 1772 10940 7963 8144 7343 7387 19437 4672 7935 8333 12997
8109 14504 16867 4784 12313 14641 19622 6573 7364 16359 4791 12166 8896 19973 7179 9075 3462 6739 17772 3205 17276 6550 17599 2681 15767 15300
16995 19211 19105 15198 10375 5624 8341 2470 5303 189 5624 17159 19027 16240 3072 10820 6441 14053 500 17932 14506 14120 5038 9299 9735 12220
8283 19315 4022 4592 13275 193 13579 15810 7414 1019 9897 8133 620 7068 6219 9088 3947 9142 3489 8424 3734 8320 19237 13362 13784 756
19127 15343 13909 19932 12175 4465 8763 6696 15108 19319 10912 6877 12619 7120 15383 7200 13764 12628 11530 10691 17955 5053 11460 2924 17044 14
10392 11153 3686 6597 16973 8807 12007 6644 14639 19316 14210 3753 3149 14155 16919 3325 16180 19392 4477 10232 811 4116 14008 18743 11520 11172
15155 3122 16625 16695 15217 8580 7523 7132 19043 7754 17771 16118 15665 7514 15308 6892 4290 8490 16555 14099 7985 9628 19960 10574 11928 18093
5111 18108 15838 17939 19053 6132 13139 1485 4003 9372 13232 17878 15560 16458 18724 3481 2703 975 5804 2603 9338 19946 9520 13408 2402 8999
7136 772 17992 4718 2849 1914 19629 11436 16572 13553 9184 11840 7699 6974 9252 15494 19091 14314 11938 15443 2096 11289 7872 386 10486 11674
14048 10044 14525 10009 3655 13253 19542 11439 3684 10134 14973 16436 13132 6420 13955 8430 1959 19245 4299 8345 4080 13482 6480 12946 17413 8146
2480 17056 1868 1251 11922 12507 16428 12269 1180 11465 17309 1383 14219 12851 13828 4041 4895 3440 4881 17068 12211 19959 916 4924 5905 4850
1085 16275 17913 17273 1625 15894 11765 5356 16412 9049 6616 19554 6701 18413 16578 13365 14563 13816 5750 12399 5859 11000 17091 10923 8022 2947
2679 3036 5287 15915 11825 18991 9700 17269 10388 103 9780 9199 14468 892 3233 9558 2077 14934 15665 14237 17425 3663 222 5397 3414 14483
9069 16108 16787 3858 16789 5232 8231 13094 13844 12364 5186 17314 2975 7937 17543 17577 17048 9168 4378 14405 16751 3210 3875 12325 8822 19406
17252 14092 99 10558 6431 3083 720 10928 17933 6661 11194 19917 8870 16659 11542 2815 15076 19970 7420 8020 170 19568 19708 4433 4251 15662
13466 3943 11442 10008 19427 17033 2209 19111 4984 4343 11234 13245 12753 6133 14582 13125 19358 9175 4613 1962 10438 16479 6483 19492 5380 4954
14443 10818 14925 8871 13677 5440 6335 15237 11359 5876 7156 4398 5953 1782 585 3584 13257 2103 12947 15863 2522 13707 5651 13268 16940 18283
7543 17214 2955 12768 4160 14680 19408 13991 15625 6828 19154 7304 3195 10647 5388 10886 4654 9028 15121 4809 2579 1608 12239 3231 576 9853
13271 1169 11505 5476 17328 19394 4795 4440 2330 7240 3181 2819 1215 4348 14223 8496 8374 5023 3477 14824 16134 18911 13319 3077 19446 5178
15417 7702 13376 5351 3315 19782 18806 2201 11290 7624 7393 17816 18828 16326 12144 16250 11946 18299 7507 8621 2656 11565 4380 16089 2343 7694
3055 318 1699 1688 2872 8502 9569 17821 6977 8681 16870 14144 782 11547 13168 16455 15393 519 7894 6125 3182 10188 14651 6493 2066 2721
8622 15557 13923 3479 18240 12745 14057 5064 3858 4891 15647 9141 12623 17344 4353 17933 5937 3040 5466 15980 10945 15299 7240 9228 14957 6481
4661 11717 18679 8422 10453 4600 4247 871 5148 13739 5987 4124 5474 9182 2118 9713 2879 11398 12807 8868 15001 14302 15142 19624 10498 19982
1559 14044 8718 11722 11372 2057 9514 4851 2108 3151 13796 502 482 12396 4422 19134 13556 15690 846 4691 3409 3410 16943 4979 11356 7799
19196 4934 6000 3810 2846 15215 8018 2043 782 4181 7373 6235 894 2955 12812 13089 17045 14692 10280 3148 14458 11368 10895 12128 10438 19552
9756 15806 12448 5943 19246 17170 13393 8349 10693 13047 13044 15791 11252 5178 14514 10452 6641 4683 36 200 12216 9447 3811 3882 16124 14934
7287 12364 13535 14989 5894 4735 16072 17096 17477 4200 19390 9312 5994 1356 17056 9770 11534 19645 1845 10052 13762 7135 9892 3061 19538 660
5935 12324 18727 6894 19216 14458 299 14940 2746 15693 5850 9338 18253 15718 19598 7319 8249 12045 548 15747 10331 9364 1692 8672 16808 16829
8963 4879 14873 13484 18647 156 11642 7816 5736 16184 1780 6132 8946 10578 8595 18522 10488 11237 5313 18032 17787 14589 19169 7469 6343 4178
19374 15506 11863 4132 6382 6339 2412 19427 6663 1608 2891 3616 12063 8652 9526 4288 12432 14208 7469 28 2924 5502 9279 1320 4998 15674
15909 893 18765 3789 1999 14275 6726 15108 2248 18777 17924 16997 11930 18578 15177 8220 6526 9935 12822 17752 10323 16748 19804 7171 845 11776
4401 18220 5314 3351 13126 5889 4077 12732 14002 5968 1621 18817 10302 18309 12274 13889 11481 2611 13840 6599 8062 16754 8453 5580 180 16931
11009 18470 15461 10533 3439 7877 3526 6292 9519 10629 8704 11619 3410 2096 2140 12362 14795 17072 18457 15711 13221 13517 10959 4919 18334 7550
8558 13000 13496 18309 13183 3781 8997 1084 12934 19725 11648 3781 12397 10614 11159 3022 8481 13488 6646 13892 2125 1715 13941 11326 13734 16057
399 17632 1663 16475 14229 11447 13996 8237 17698 1597 10106 2988 8275 12930 12422 9900 19432 1668 12768 14150 16893 13092 1811 9436 15572 342
15108 9013 6748 18280 9115 4544 15118 7962 15219 7938 6030 15803 9436 17304 19241 944 8527 5702 709 9867 3901 11980 7770 7850 4211 6982
18718 13959 14393 10577 13410 4622 8349 15967 13457 1562 2166 1169 7432 5352 2290 19531 17080 12273 14524 14751 57 7987 7808 6197 12125 9943
5056 18845 7010 14707 5271 11740 10137 5823 17162 16462 9389 17671 12543 16125 7334 13643 264 3783 2701 11538 8468 18443 3481 17998 10177 5950
6442 15339 13163 5866 13553 17337 10647 6260 4138 13502 11238 4116 5441 3511 8879 6348 5067 9551 19768 8404 4996 8520 1898 15282 12519 7535
11501 14874 9070 5294 15482 10450 8839 11445 3657 15527 188 19266 1918 17411 5208 6864 2162 2333 17678 9838 14373 3846 5672 18630 15716 15288
10755 14964 7822 8415 13687 5679 16700 5435 9136 3025 13027 15796 11713 11737 4256 1399 13026 19946 4234 10053 12954 6335 65 15965 14290 15513
11350 6185 1792 19377 18103 5468 4666 19462 13399 19365 10786 11604 18416 5295 3102 9811 10832 15777 6432 11652 18540 11681 19331 18134 4327 16777
14321 13758 16091 19728 19086 6910 8290 51 14314 9753 13806 14172 3725 7626 3493 1900 2092 3541 10292 11257 4018 2750 4435 10694 17309 2183
13508 16116 12411 3916 646 5764 16056 7272 14187 1791 13063 19764 6601 165 18238 13804 9127 14668 11435 16627 19182 15673 6324 14203 1259 13839
16138 13148 5372 1916 18271 9854 9790 18764 303 6555 19057 4269 874 11123 13239 11341 14257 19264 13241 18052 16057 15791 5240 3344 19509 14144
13116 10422 10348 7228 1596 15487 1574 13814 14265 8917 12865 17232 8227 14211 13946 9187 2765 14804 4548 14914 421 261 1788 19568 863 18745
13294 17716 9038 15114 18212 1935 19395 2103 9248 10741 4905 10167 1714 19326 2249 9213 591 3043 6075 4482 13296 2237 2969 8188 18354 11061
18908 4301 15705 7974 15989 1792 14018 2461 12479 15376 11399 5345 6118 6537 8847 5702 15980 9415 2602 13637 15591 12837 1303 8138 9870 14568
9356 6639 12177 1432 15382 9933 6636 1563 6725 18814 16218 570 6390 1610 17330 10744 14219 10303 12798 12548 19212 10032 5259 5001 15913 4753
6401 17240 3860 13380 5099 378 3693 2724 19522 10665 16070 1086 17792 18310 1918 4333 17324 4358 8497 8392 17593 3421 18822 18935 16110 2387
3222 18654 1173 8269 2313 19534 1853 2713 8261 6498 5203 18011 10190 11072 8008 1688 14620 2819 12085 12747 5677 15807 7837 4151 4932 923
2514 2047 16209 6178 6686 16658 4903 11622 16323 13321 2397 4952 68 14759 7482 18414 14397 6831 16816 18533 743 7504 19264 12218 16770 16138
10354 14916 19601 14226 3495 7957 16021 6108 9587 12025 15437 17834 2087 8405 16363 4070 4780 8218 2907 13308 9154 613 14124 6036 10506 13479
3962 15897 15054 16827 12634 16119 6720 10218 4156 6135 10555 17444 18219 8258 1549 16007 10813 11216 19107 17980 12581 1845 864 11715 15728 16887
8322 6686 11974 8152 878 4952 11955 16292 10838 12578 4616 1135 14279 7093 2910 2054 16713 12150 3056 5396 13249 5151 16262 1272 13200 15723
14709 19956 7548 14481 6370 6691 8167 11085 10878 16200 5036 1078 19397 8871 10723 19349 19162 5084 13421 12490 12937 7481 15120 1289 18184 156
1600 7284 13780 9619 314 19082 9291 15671 4856 5853 1416 117 3772 18257 4320 6470 1652 19290 11878 12417 16424 16621 16413 4515 18461 10092
16374 5350 412 526 11716 7460 17136 12862 112 16176 13910 12852 13442 12735 8091 4484 7313 6746 15252 10601 15555 19204 18752 8617 8649 6092
16173 6165 2244 1908 12360 14446 17581 14502 530 4329 237 18186 8882 15539 744 11881 18919 226 481 16926 13645 16860 9843 16384 13613 17620
15010 11975 13024 17123 901 2293 11489 15125 9444 2607 16412 15850 6509 17623 10428 17810 6362 8648 4033 12106 12920 12012 4873 12302 16340 5369
8779 14629 11214 9006 7130 7179 13857 971 15422 12900 4522 6743 2565 18995 19848 9107 17151 1712 8388 7172 11024 6529 224 1352 3933 18302
5159 9901 14387 4232 4379 11680 11262 18945 18293 445 10287 8094 4500 18625 3155 3380 16838 9397 11337 13408 339 3733 13844 6540 19770 85
12710 19672 7992 6576 12900 10820 12446 8244 14185 11603 10329 6558 3247 5859 12661 1496 7707 322 17914 12756 8846 15251 418 12479 10469 2046
18587 10325 5583 4674 7843 3113 7112 5845 11879 11389 2727 4855 12132 11418 7237 4358 1582 3992 3979 17923 14002 3074 4999 19447 2267 5179
13247 7453 10160 12275 16481 2711 6958 7894 13907 11736 13052 9347 2648 7627 16465 6945 12833 14141 2851 581 11149 409 14713 9717 7580 4580
12267 19832 15376 15525 4934 5504 13405 3486 6895 11987 18917 19725 11285 16831 14259 1603 2162 13268 13403 813 6635 12185 9284 17429 9231 7940
14963 17805 5480 15763 6020 9998 12312 1763 9902 8830 442 4439 11302 19343 5194 14220 19928 11789 3291 9811 2869 6158 15608 7647 19742 4428
8593 13847 17903 2441 8684 10429 5930 2832 16367 2734 12268 5919 13276 8075 11646 7213 9351 14189 13397 1519 19449 1157 11703 16312 13921 4732
894 16291 15782 9447 14872 17810 10510 7345 7855 17342 13303 12275 15890 13203 907 18691 16877 18043 10888 17355 14489 11596 18926 3636 18097 8237
9010 1949 15465 1923 4078 9121 3135 9136 15085 566 14958 19622 6012 8388 5345 2758 2260 17747 10488 471 15743 12818 12480 14546 1402 4709
6511 10446 12582 16195 5601 19801 580 4243 1231 7826 1064 14790 10323 10043 7637 12272 14161 1059 16672 18392 9557 13013 6998 19694 9426 5990
16423 12025 13744 13740 19589 16816 10063 7876 5000 2818 740 12406 9600 13767 7078 6675 15755 15252 14611 15333 13760 3974 18629 225 14875 8222
8181 7586 3034 10588 9876 14097 11159 17960 1340 5608 18986 2607 6885 9278 9847 11164 9281 1108 11671 4142 15588 6049 19967 16639 4410 2646
10979 15891 16608 9347 7828 1349 812 14777 17122 976 11522 805 12960 193 7814 7769 16806 17929 19936 11763 6841 16673 4762 18009 7875 928
9475 4424 16807 12245 12063 18301 17938 4067 962 12819 6159 17038 3957 18354 6865 1158 7781 13928 13511 11681 8593 8888 14134 19703 1804 14784
4965 17633 878 11655 2523 12634 9486 9631 16377 5153 13819 6305 19474 12385 3755 4523 19249 4394 2084 19798 9243 7633 16333 18680 1933 17806
6020 13154 17590 14498 5452 5398 11986 13255 18406 16885 14495 2844 3733 6093 15186 10592 19139 3817 5921 7633 6975 1162 17854 10486 13085 1460
7891 11972 17811 5234 5699 4623 18465 19091 10337 3529 14290 14495 13856 8389 11656 18833 852 9639 14517 9671 16694 16736 901 4825 12403 8973
9956 17200 2561 9260 4067 13798 18705 1068 5084 13013 6962 10061 19481 3496 4579 19326 12663 1973 2894 12468 7902 8829 8683 15970 12833 169
6988 5059 2720 14911 212 19211 10792 11854 14185 7309 1086 19594 5790 12288 8986 13641 10614 5603 15121 8547 3992 16126 12746 11582 8736 17290
880 8963 2900 4156 4866 18796 1461 7077 6607 18955 16793 7159 15229 3866 4009 4580 2489 16270 4521 18165 786 16558 16860 8115 10673 7941
13447 18764 16520 13443 18600 19015 1783 3906 10048 7556 9465 11880 12493 15453 6490 10255 12508 1874 2876 5747 13 2400 17975 8704 18148 7761
16339 10812 10409 14829 15137 4210 12146 8021 13148 19513 12404 19335 15150 15377 18431 5391 15329 9621 9135 2916 14821 7622 12556 7317 18576 13926
12882 9967 8624 2311 2631 6249 5290 13663 1479 16470 13839 11467 3998 17922 9247 16836 7276 11253 19100 12403 16467 4729 12808 8280 8205 11005
16719 16163 14175 12107 2410 1848 15735 770 13235 5329 802 5255 12280 19500 16677 909 2804 3444 7462 18504 17518 1404 4851 5176 18201 573
9233 16826 11177 15151 7179 19368 14351 9199 12923 893 7227 16376 6424 1907 19466 11963 13781 16973 14858 2618 12190 2408 13636 13927 16632 16391
19503 6176 15329 3131 18338 19487 4421 6290 16373 10278 5297 11447 9895 17862 9599 5025 19247 14140 10195 14563 13052 19308 15441 16060 13433 121
5321 1546 6792 1187 1153 15989 70 14247 18082 16097 10840 11796 16823 372 7329 7333 5084 6758 13485 1363 19195 19678 881 11642 7289 16540
16119 12409 10084 15454 2271 1158 3592 3252 1862 8152 16211 6062 13436 999 18042 10122 2191 3660 5671 18281 2221 4010 4974 16457 15810 2882
7253 9703 10473 129 10871 1244 616 18313 6903 5106 17468 1957 5617 5767 1215 8462 11293 14378 12288 3291 780 12254 12764 1572 18547 2460
18091 3883 3086 15945 19371 6064 14040 10119 14113 405 15751 16511 13374 9737 318 14840 913 19919 12262 4544 13059 3762 15317 15665 5308 17233
18081 6504 1322 5706 13939 13803 18500 8522 13556 13283 8247 13357 6306 5688 17496 3606 6758 18600 7163 7712 770 18863 10854 1799 10447 12233
2727 17168 8952 17765 19470 16579 9299 4549 14831 16727 5419 2881 15846 1668 19670 8140 3904 3671 13293 3311 5561 2983 19882 8603 12169 10007
14994 1878 12959 4465 7481 11034 1579 12457 1329 322 8659 4087 17031 18673 12715 17633 9679 12857 10280 13823 1605 14156 3060 19909 7163 1542
7891 16626 2733 15024 3212 5805 3741 11845 10187 16982 13870 19625 8429 9679 6288 10327 7637 10560 2016 18844 12060 9955 15739 12817 4443 12465
12298 5733 12909 15226 15849 11526 10943 16242 2222 19667 13625 19047 844 8644 7332 13807 11411 15211 5389 19526 5622 5969 7386 6233 772 4617
1433 14628 19978 19025 6683 12554 11446 4611 12715 4149 14457 10936 5221 17480 16226 2824 9421 4079 18360 18783 13101 8471 16934 8087 4939 5099
9760 18997 17001 9485 18625 17266 13565 19474 3587 5390 18831 13674 13678 13889 9018 15537 3696 6502 5947 2312 14644 14951 14600 12377 12307 16102
19945 6342 17040 8591 5229 15187 1056 9799 16683 2800 2754 7964 4245 518 3081 3498 16710 288 2676 17856 18621 13309 10774 17994 6825 15228
7354 5699 7452 6902 17931 9668 11348 19141 11119 10125 16301 17214 3406 19740 16660 9696 18748 2691 11551 13290 17346 17854 6756 19916 18622 8761
14672 13495 9566 16201 19223 8490 2353 17039 3538 2868 4220 4868 5092 12229 4877 16018 8059 19579 2051 11651 3465 3091 10308 9883 18003 17339
6115 19143 4059 15013 1202 16249 19964 3218 9277 11890 7041 3358 11353 13065 3354 9126 2709 17825 15962 12980 9811 14234 16705 2961 15779 616
18853 17612 6637 3689 6498 11654 6082 10523 977 14469 7848 12277 4629 7690 12319 16972 2263 7118 15349 18157 7333 18316 17908 8503 12788 7132
6786 4397 12561 16617 5848 14911 9935 17215 16044 3966 19050 7160 14580 6296 12117 2196 18360 9787 15268 16516 9560 12812 18325 19426 11152 4698
12101 9495 4948 8551 12507 11824 18008 459 13237 13291 12715 18038 13895 5875 11197 630 12703 12281 18278 1875 6141 10428 382 15400 13861 6898
15246 11450 13662 5695 3059 10018 16390 11887 19461 4468 15976 17107 10440 2117 17664 12282 1812 14278 17769 2695 11075 11533 6146 1825 15824 13368
1108 126 13880 6219 9953 3076 14218 11539 14075 2782 18952 14818 10981 2114 6410 17865 3768 3959 14900 18453 1160 19769 16270 13923 6635 14512
14237 385 2262 11912 8677 6868 16477 10458 7119 17659 19028 1171 2453 1577 3566 1121 16722 10236 13772 2438 17923 16749 5064 17634 12047 10846
13656 2055 18424 17330 4403 18687 7383 12436 18268 3396 16288 17742 16992 12824 8092 3924 16493 17557 10601 3585 15899 10255 10273 19137 2020 126
14849 17218 7651 17715 9138 4445 1883 1021 16960 6000 9396 16697 369 11383 5890 10379 13735 12013 12430 18157 13952 19453 5678 14357 6880 14335
15161 11506 1522 3455 17067 6804 14802 1196 7940 16382 3349 1928 9034 1218 8817 15235 18639 18301 1306 18773 2805 14963 17562 854 12963 4330
3921 10623 6016 15661 4358 2065 10173 6001 9590 14695 14387 10207 6158 5425 7279 5325 12 19967 16944 4843 9362 447 3327 7949 12553 13427
17791 9847 15691 5767 16398 4134 107 19018 15921 19758 15614 6442 12506 18446 2046 13626 17502 6995 7880 6404 6462 1680 16213 1539 19136 12042
14309 9470 17462 13638 11869 16285 7048 17383 5585 10087 7114 5256 18709 10035 8901 8893 16637 14893 9277 15502 19789 2389 10368 3999 2310 15115
18164 12640 2804 8695 18470 14125 10261 4059 7106 18319 16710 4108 8807 3878 10773 7194 2955 9436 7503 198 11459 6165 17944 13929 15371 19548
9338 13476 12695 16164 15454 8874 2412 17610 6018 1420 1812 9333 17807 16448 3469 11801 9432 19072 13348 4091 7624 17422 17833 7599 16400 14574
4131 5980 8579 16568 13576 11728 2333 13270 17694 11992 12199 12787 3650 14209 4314 19126 4719 13250 7559 9497 9649 15934 8397 12163 5957 5881
19456 2964 6832 3066 4277 9495 12586 5132 19880 4611 15291 18975 4830 4299 6991 19435 10668 11063 13468 7028 4910 4512 11410 2691 12070 949
13572 15694 16191 15009 9568 6757 11391 110 8879 1209 2526 13926 14207 13820 11855 9374 12486 10266 1088 7812 9051 10339 1844 2760 1243 19775
12330 12192 7871 3085 18559 2086 12834 5607 2356 691 5630 5416 2395 1512 13268 1687 7927 1612 6261 14803 8216 309 9213 10234 9247 19394
11771 15766 19156 15678 18090 3870 18524 7264 12108 8682 15286 8759 17369 11147 18909 2889 15105 2579 8988 13202 15623 10826 4327 722 497 931
16523 4960 17943 15424 4942 5613 18634 6245 15720 7944 1595 19232 282 14911 16457 18677 6441 3005 8912 7326 1117 9736 4589 15574 17451 1672
19472 6959 8833 1885 887 12027 6010 18046 11480 18406 18421 13784 7175 6073 8319 16618 11532 473 8233 7966 597 9019 805 12967 17046 18373
5077 19311 16618 18748 315 15933 4491 7291 15151 2489 6234 7124 4360 11636 3249 15436 13017 4654 7424 11183 8166 1918 7588 14855 19905 3211
18827 5180 1836 18414 6553 16422 18297 12519 12399 6336 13422 2023 7526 17484 15911 6253 610 9973 317 15157 11331 9632 9623 14145 7128 19504
18680 11712 12336 6791 11379 16796 4619 9809 12878 15331 3715 1381 9488 12897 7453 7032 8254 7683 11128 17409 5592 12682 1944 16558 5064 2785
11525 5010 16240 5748 8503 3914 3008 8218 11614 5407 13117 18638 14056 19180 8333 13784 5432 19708 9541 9687 567 12316 9324 15093 19139 9579
12725 2126 1234 7722 7498 6302 6448 14502 12255 2289 13866 6267 2277 16355 19257 9715 14874 18462 10399 1624 3975 14945 15909 1086 5180 3497
2947 9938 6177 3881 12973 15458 11804 16675 17615 5851 4422 2145 10167 6273 7688 11585 13654 16294 4316 13395 4390 3475 15506 12167 2867 14196
14223 47 17336 19644 2733 1485 17065 16270 19500 4285 14192 577 12198 17192 4630 13565 17400 10868 17293 18456 17969 8961 17763 5502 996 3555
5071 2031 19642 18265 5786 6866 17887 5959 2709 13517 19988 16684 3484 2151 7355 13544 8136 19260 15564 10961 11505 526 11213 12571 7939 10392
16886 16913 10692 11543 7996 15832 2702 17651 3773 14373 14179 15008 14026 9118 9626 1356 1574 16610 3818 17352 12047 14068 724 4526 641 1875
7196 1814 10520 14472 697 16598 15894 17229 3624 15484 13718 1315 2622 15030 14480 11076 17246 9112 19767 3647 3333 7927 17726 12705 11802 76
15371 16297 14449 1665 285 13404 6632 17625 4928 13778 11676 3041 13686 9274 2018 3578 9744 15743 18945 11553 14621 10865 6276 9865 7363 8913
1728 13730 13955 9654 13706 383 15265 13436 11982 17581 4777 11242 9567 2390 5927 3747 11075 3198 3208 2926 276 4503 6115 18800 11587 13801
1720 15361 14201 6745 2167 9181 19420 19999 17285 267 1845 2048 16823 4811 7982 1936 6606 6687 10147 3187 9952 17415 17524 16555 15855 7238
12747 9568 11124 8364 3321 12868 3220 11140 16371 9062 10218 4018 11919 4471 11642 4682 1285 3711 16896 9373 10684 4586 8577 13987 1631 11223
17016 16265 3075 291 5199 16274 1323 1267 13517 9243 19921 2966 8563 16903 6759 19942 1964 13850 1287 2004 11069 14110 4167 17746 6708 3696
6579 13337 1435 14023 18392 5839 8628 2821 16199 15449 6852 16961 15436 3917 2038 16636 16421 559 7545 15126 15685 12270 19926 7880 18259 15381
12766 15394 17574 19950 951 4534 19602 17156 10265 6840 19710 14028 10604 5461 9900 5004 4491 9621 12933 6346 739 9331 12027 11077 10814 6739
3540 12507 3349 16400 5377 14904 14922 19569 19441 9129 13528 19912 19382 4660 13830 9070 19697 16105 6766 3295 11484 16932 1486 566 465 19183
14921 14230 10479 16084 10251 13360 8422 9618 16972 13695 4552 19802 17769 14406 2688 649 18563 14796 3609 5124 8582 14349 3896 16421 18559 18941
14462 13185 4886 7660 15544 16426 7068 1522 12365 7302 4357 3458 8159 17448 13302 12570 4643 2455 6000 18595 19987 5868 8096 14689 6639 9058
3550 11162 14064 4094 3022 4585 7539 3203 6133 14810 4439 6958 283 9969 17241 14920 19648 9631 11372 3903 11471 11865 4015 11296 15733 18892
15471 11056 392 16617 8327 13269 15296 7480 8661 904 7406 10421 12816 4659 19211 8002 13207 12536 1574 1412 9086 8015 3887 4921 5050 15628
1630 2512 5243 16573 2860 2410 4189 6573 15978 7618 2743 19774 16640 11628 6137 1889 13 8491 5446 16403 14634 3305 18140 12058 7308 4633
646 1900 8896 15639 1388 17207 9326 18263 12727 6102 786 5352 15886 4074 6505 7902 9708 18649 8366 502 5456 679 18318 15824 1130 6419
13898 7251 7737 13921 2 3282 5095 15056 9991 3533 5401 18050 18546 8452 17704 13510 15146 4725 4534 5943 7290 1722 13660 7646 8684 18215
8964 13726 2487 12853 2145 9996 5629 16091 1388 8350 2192 14432 920 19064 8333 19860 15428 1445 4987 819 1260 9481 4809 1293 5095 13339
18608 16348 15500 18018 388 10354 6617 4989 18408 2336 11671 15895 6822 6730 15908 2234 11396 8138 3200 8240 13987 621 12596 141 4976 10342
4025 6033 14301 4600 13118 19236 13366 15879 1881 14093 19944 16045 2778 4333 7607 8558 1385 852 18040 6002 9515 13152 531 10079 509 5013
575 18310 12505 4368 9320 8902 17526 13068 8140 15317 8787 2984 19115 17804 10696 6681 9590 3039 3026 7807 15237 15958 4485 16250 16396 13056
12796 10501 3770 2131 11043 1913 16324 2892 10809 10060 16215 3599 12561 1999 16917 6704 2077 15928 14410 14894 13523 14323 13155 2313 9490 6377
10579 17514 4502 2868 15087 6435 16207 1639 7505 7066 14912 18624 6070 10273 6095 14070 19880 11994 5148 19146 7366 16698 5885 9856 665 8963
11554 15527 17439 3061 9339 8654 2415 570 16166 12962 3220 10114 15333 12313 742 5794 4301 15930 18849 15324 7202 155 1697 444 3214 13332
7734 4008 14966 2366 6992 10436 12990 12351 9817 12609 1221 9918 9455 5834 19394 10364 17596 3120 3554 4707 14386 19380 8252 14400 496 9023
4322 3056 8936 19564 12806 10641 13641 3663 14042 11991 14521 1212 7177 4641 11560 8297 6746 2056 12997 2582 13329 18380 5317 7669 8221 16465
9948 15500 6515 18716 3498 14063 3940 503 2583 6282 5654 3856 7386 7800 7107 2869 15112 1165 13531 7657 17935 18648 1773 6894 7561 640
17147 4927 15848 19070 18618 2198 9966 3187 4746 10654 7387 13175 16608 17456 6498 10117 18323 15336 7757 7788 15504 9474 7670 9826 7491 5732
16185 16915 12988 591 18381 12142 16772 1286 4748 8872 16463 11352 11305 12208 8211 13183 7337 572 18782 2384 17051 14761 11917 11941 12243 11335
2804 5794 16964 10415 17632 6489 18017 6678 14428 9582 7857 7279 13204 6433 1784 16351 13495 11410 17073 9078 19213 3796 14448 9491 18757 18094
11957 6460 2921 15537 5212 5008 6932 19586 11808 1345 15663 7578 7127 735 14435 1888 13725 2176 3620 1751 12492 1976 10390 14920 1703 10055
15306 5631 16443 18532 13504 17388 11652 13034 5266 6960 2615 3574 10066 763 971 8918 6071 10840 10731 5707 17418 3046 8399 11737 14109 12963
13840 7039 3462 13568 14841 9804 16723 1898 12682 19224 4667 111 1598 9617 6837 14231 9075 2070 8844 3377 8077 17856 4948 5978 12882 17357
7091 14725 16945 17932 12986 17186 10083 3730 19375 1240 13966 4637 1864 6039 4848 12381 9732 3453 18731 11539 18525 10302 17718 15876 3983 761
16006 312 14421 18546 14660 11899 910 7018 1410 19332 17177 2275 5637 2915 9929 5049 13932 9354 15155 2560 16702 16213 16136 19352 14557 5970
3612 3742 9998 629 17682 9171 14338 6515 18902 3771 5491 10618 16391 13375 3769 19986 9329 5916 1743 2127 16464 2219 7684 408 489 4792
13562 4595 10801 19021 16573 4717 3536 14656 9407 14332 4147 4728 19203 8635 14549 4676 2439 3027 17266 1698 13829 12589 14036 7977 18635 11005
11440 16058 13762 17490 18430 7118 7182 888 7657 7976 6225 8395 2055 6896 17074 4570 17937 14239 17880 8729 12486 8281 2892 16606 8094 18766
16182 1470 11031 17046 7760 11 10215 1074 18179 6533 11662 1207 6962 2828 18149 364 12397 11392 17137 4301 13698 13171 8951 15642 16270 1203
15668 6291 12722 5987 11830 4304 9765 1683 699 15729 6842 16537 4466 4936 2646 7629 7742 3204 13445 2613 7477 40 135 4317 4417 4521
4438 14559 1142 1158 7160 6179 11754 9209 8936 15447 3668 13080 11963 184 11926 4058 5358 9060 337 5822 11516 17739 2882 1669 13490 14561
6497 14462 6119 18183 16442 17762 1347 17955 16396 8368 641 10487 11358 7317 10171 3460 1760 2164 11999 384 1268 801 11843 19559 19738 143
1055 6458 9574 17308 13756 917 7931 5024 1022 2661 14962 6537 4145 2139 15463 18408 17927 3429 4415 5388 1571 13173 18691 8259 6469 13918
10318 17986 15299 11702 10796 7268 6241 16750 453 6037 14099 2657 7019 9252 12155 10294 2001 14548 16632 3992 3786 1109 13180 15905 11678 14139
3587 6487 10878 5854 1488 3484 2514 13072 13902 16819 1149 6400 7341 4304 5243 3710 7589 2002 6534 16747 19696 15615 11446 16905 10026 16179
5816 3320 17014 2649 8677 15000 9501 19274 8228 3119 17534 2183 3321 16091 16808 7676 19991 5580 14275 2714 5383 9654 902 13938 13110 6865
19121 936 15706 7907 13674 10185 562 10120 9115 5622 4655 10562 6669 13208 1952 303 10496 11621 551 16660 12059 1810 9536 12244 9060 13102
13566 9214 19408 2981 16280 10639 12547 19283 13457 11783 9503 11874 17484 4804 11242 5685 10357 6827 12841 7309 10629 19852 18909 14700 11826 2759
12935 8059 13015 16443 5889 7886 12085 3356 15100 15462 7749 16526 8634 4384 5766 4578 15538 2261 162 14976 17131 11475 12836 13977 9493 11854
6323 7468 6270 7275 18983 18431 9309 15299 5932 17192 14618 1351 4987 9895 16486 14547 9030 13411 5503 11713 14680 15258 8675 14781 14317 2407
2351 18194 18350 19237 10025 17705 17508 17146 17944 7707 12622 6907 9598 16981 11975 10581 16416 17188 11275 19273 3414 15345 1808 1693 17184 231
4005 19288 3229 5909 1480 17099 16971 11770 13562 15117 15730 6933 8712 17308 18839 516 9086 14471 11014 8872 9745 19730 7351 1359 14988 4040
3467 5643 15183 7680 3608 7462 17835 8281 12218 5768 16617 13653 11218 17585 6666 6403 10488 3192 19356 14423 6451 19458 4386 13072 13679 12135
2627 14175 5144 3803 15752 14860 19887 14458 19740 15764 13272 10049 4163 9828 1163 18624 19544 13709 4704 2401 15421 2482 12282 11364 18054 15474
6898 14581 11400 4572 1441 10562 8725 6643 6869 8793 4287 5672 6638 7118 18066 13239 16018 13344 13638 15265 16209 18185 13800 9690 8959 18901
12677 18355 4879 12077 5259 5893 12256 16973 650 12825 6169 19861 10205 10177 12678 8789 1024 11380 17836 9830 4193 17530 6369 7767 9879 15954
7992 11402 13716 426 9293 219 10907 16186 19941 4639 2953 8880 19310 11129 10820 3623 10742 12334 18926 16812 15393 1257 19241 13808 153 15606
2137 12009 8798 16559 5952 11869 15225 9977 13481 5511 1822 1000 10474 4812 8414 19415 5668 4897 18677 19106 94 742 1167 17765 17467 3003
3848 4034 8503 4227 14298 14234 11187 17654 6162 500 8011 15218 14816 12208 18012 15958 11791 1380 10674 17011 8050 9448 18602 12096 5740 7942
8745 14641 11932 19211 3720 7752 5354 17027 14546 12028 16784 8846 9941 3278 11193 7698 10336 2416 16301 2604 7682 507 6584 18672 9518 7042
5054 13486 930 12498 1645 1076 8246 1545 1593 6496 3680 10193 18482 12937 12905 8369 4488 4735 2499 6284 6554 9661 5726 1195 15112 1610
13835 14585 16444 10232 6367 5567 16457 8505 7079 7889 8522 12322 3150 6074 8586 19534 1564 18175 13139 2056 1811 15988 14527 7244 6904 18209
2125 3887 7494 17696 14948 4670 6455 7359 1932 7719 7019 3409 11241 3563 268 17197 15150 18569 17358 4078 15578 2536 3997 5488 2613 17325
11049 6061 14182 18145 13123 14321 5916 11872 12449 49 6751 17644 3586 8913 3175 7181 2176 10676 4474 18890 7579 13737 18653 6291 1285 18095
14602 7689 54 84 17491 14798 877 10098 7446 3368 18409 3151 13085 1371 1768 19713 18177 2366 13339 18044 19528 17397 9012 15759 2435 6741
19382 7773 13157 10994 8052 13334 16069 19623 15592 6155 560 17194 4947 16214 3078 17190 4097 15015 16215 16901 1989 2350 4972 12282 16417 7936
14951 14712 11956 1788 14355 15533 18677 9198 13268 16816 3653 7008 15064 6852 15816 16325 10307 13508 4909 12862 6711 10787 10244 492 2686 15980
13460 11715 15989 7305 14840 2603 10906 14075 1496 1847 308 5947 9604 8344 6559 17704 4555 7374 11854 10774 8081 5557 6306 7052 3059 318
7554 11912 4276 19599 5212 373 10003 18697 2866 13041 18548 17922 10752 14712 15974 5624 10683 18104 19892 6284 724 1576 984 5280 2513 7944
4932 5869 4275 2375 11878 19796 16611 1502 4743 699 15697 14947 10930 4409 15848 8639 18760 3799 9915 765 6123 18387 14743 14001 5076 2009
3926 15730 2500 8157 11177 17518 12761 8638 14290 13753 18812 12651 6951 6456 9101 14786 7494 14897 3355 1829 12820 10062 19306 10086 3263 10161
6905 3414 16617 10887 17294 7752 6776 16088 8126 18333 19380 10842 6922 7890 3704 1480 11590 19105 7533 11713 2920 18311 7915 1168 17547 13744
17969 9239 10804 9301 12611 1312 2338 14155 2840 17756 111 19152 18125 1969 12737 14930 18838 17706 15442 8055 5092 16166 13127 8431 7209 3082
10312 14162 14282 8953 17303 4613 15151 8481 1917 8954 12414 12995 18366 17523 11030 8432 7557 4456 15935 18507 6617 10298 4462 13864 7560 15840
14482 11044 19023 14447 7236 19568 130 8715 10982 1046 8526 1029 14737 4441 7380 7359 5165 8337 14213 18355 7056 17525 3116 14472 13123 8187
9764 19123 3964 13155 2007 13625 19490 2150 18619 14613 16588 956 13925 5866 7378 13953 6731 5155 4873 196 3369 8230 10391 16028 16462 8311
8151 5538 13553 2537 16516 1997 2537 6041 14313 7934 3048 5345 13151 15247 18565 14441 10182 3469 4406 12039 11947 19975 7245 6171 12615 15892
9765 18585 16493 4483 16402 7600 15699 13990 5285 10460 5650 7041 10361 19937 1519 11423 3809 1798 15458 11753 7169 9840 8582 4948 18618 15629
18873 20 18231 12069 6324 16016 11979 14520 8991 10425 10334 8729 7988 4314 785 3337 18450 18222 15595 19925 17990 16148 5244 10429 5262 10732
13513 15565 12149 9381 15179 13097 19251 2972 13936 10079 2076 15498 4637 4864 16023 16452 2578 19500 8536 262 6859 13332 5708 11154 19564 12461
18439 1539 4872 12303 16122 10564 17714 19344 4033 8340 466 9002 13141 6863 1621 4399 14563 11071 5200 1894 10075 17059 5079 5760 12967 13349
17349 15134 16371 5612 6827 11255 12799 19385 5399 8856 12032 9171 7479 4921 17447 338 4519 18278 15051 15413 16329 12727 16275 12906 8102 8514
10160 13843 8127 12430 1598 19112 17468 16605 8456 4854 7804 15519 17805 5584 5564 19678 1635 9099 15539 7803 14622 19455 4689 3726 17655 19341
11051 17220 1878 13954 1359 1915 2095 19813 1831 7176 17212 13282 2335 3837 3447 7197 633 7071 1577 18399 15239 9535 8992 12098 12053 15857
9980 19174 11040 8672 10376 5120 19693 18560 16069 9155 984 13421 19218 8459 6679 15596 11981 13307 10385 4772 15258 11258 5154 3084 3004 4972
7549 6616 16530 574 10670 18868 8161 18532 4131 18965 10887 18187 18778 1078 12752 2136 1869 511 18324 13310 18544 18020 14850 10093 8740 18483
16846 5427 5131 11642 17815 7170 15746 18906 9518 8766 13511 4034 678 6770 6763 2308 7065 2352 16134 6539 12363 12346 15409 4211 16727 18516
7745 10578 12781 5872 6984 7769 9460 13886 15607 10997 5006 4290 14647 3380 13486 8327 15114 4619 3590 7941 16529 3171 13087 11425 4852 681
3493 9505 953 13946 10471 19748 3628 384 14668 19996 2611 10685 14461 13351 16863 10760 4723 10728 2652 8652 8688 1867 14644 7867 19804 9634
8852 11362 14599 14176 18948 2738 15050 13297 17010 1423 8930 15088 15350 1623 12250 18996 4635 10943 5509 2327 1907 906 6095 16731 7730 12676
17664 19743 19616 15537 12121 5466 8343 4139 14627 12899 17714 12625 13991 5480 13331 9568 18139 980 101 10783 6655 18156 12834 1390 14961 8922
13106 9129 12972 622 10677 18879 5013 8995 7481 15513 6567 36 17367 387 14829 3554 6995 11602 1983 1635 1180 1142 13595 17844 7105 17743
19659 16978 13940 11502 17984 8628 15551 863 14023 18563 14671 14432 832 1630 1120 11395 17422 13546 10208 12147 14317 2124 14914 210 7480 2436
8426 17839 15743 2759 14265 1402 15487 9271 10161 7231 5507 18320 17700 10522 8652 2236 7753 6273 1987 16866 2024 10964 18982 3416 5739 8745
8483 19200 1558 260 17206 2041 292 5127 4641 18337 17801 15094 5716 8566 13971 18874 11696 11263 14520 4526 2003 13050 5054 4364 627 17563
13466 2660 9079 5998 10503 13051 18570 17241 10604 14004 10044 3451 16946 16753 12864 19858 13191 5687 15536 19998 9473 2033 19479 13888 6150 17458
14040 9502 1118 8261 5782 14130 9406 18211 7912 17977 5284 867 1963 15984 13762 9656 12999 11659 19740 7628 11290 6018 5106 8114 16007 903
10979 14867 10094 18570 9916 9471 16144 1589 5197 9247 14218 19334 14225 18829 7953 9036 2241 7481 11528 89 2163 5869 3492 6554 390 4689
15825 7846 4600 17623 19700 14235 9339 6546 13996 1143 12621 3902 13659 4364 14110 11672 654 8882 18084 8477 15410 11825 15146 487 1251 6816
8003 13134 2082 13407 19818 18313 17118 7568 5466 2866 2857 13383 17206 11923 15178 2898 2289 17873 14823 18759 19954 18956 284 19721 5680 1894
19028 13110 7462 6136 17239 5 6813 8750 4606 5103 12206 16641 8220 14406 15487 17433 8482 6982 12364 1142 5792 14779 6092 13331 14861 18467
6571 5999 13121 2763 12405 4908 17632 16314 12098 17846 3810 13071 12168 5306 13142 524 3697 1924 2210 15825 8040 15156 17897 18012 1587 18714
9808 12720 15272 705 17587 81 13407 13827 7461 4358 12728 1100 13603 11817 11752 6809 6973 11963 19671 15811 19276 4845 9821 3905 12228 17136
17951 1201 3860 10585 7034 11434 4117 15764 17181 14020 12225 561 18897 4646 17438 10516 6455 3871 17932 6655 12588 16900 19052 5538 17274 14781
17552 10399 17785 17513 5704 2862 10158 14414 16249 4616 9875 19133 14924 1577 13279 6803 3249 18483 18159 14352 13800 9107 7078 271 1850 4044
19648 9267 8630 12002 6803 5665 4673 9506 3754 14416 19947 16438 15496 8246 16159 12765 1114 17710 19923 7553 5842 392 14592 5023 16672 8577
16654 6519 10076 15959 13613 17899 9540 5131 12996 2958 905 594 3611 3728 16254 3719 8176 14690 12039 14967 5398 9227 13974 19228 3074 10469
10563 6005 3222 11738 5198 8801 9701 10317 16855 10557 16557 11091 13608 16184 2135 14418 10195 3203 11720 14301 17885 14555 12812 17740 7089 10673
7649 10697 4711 6747 487 13763 16791 5488 15313 6759 1108 18403 11954 9290 5965 15409 16641 1578 13606 13871 13477 6513 6079 13009 14594 7821
12900 5244 3368 16791 5439 7598 8592 10425 2446 9047 630 61 8468 8294 10011 1441 14566 15946 9621 12224 18289 6982 8184 11785 11731 7172
4339 15514 18849 650 60 15200 15185 11597 18930 6816 4737 242 8545 15560 4201 16720 3259 5190 19789 5646 17781 15766 14746 7866 3626 5320
18104 18146 1728 6862 18353 8529 4398 2909 9528 12878 11042 15392 4228 13343 9624 13238 17267 8148 14469 6311 15654 6488 7613 18889 18889 4937
6828 6556 14631 4136 17943 17261 11135 9409 5130 8570 12237 9732 1434 12464 7478 10389 5928 3694 2603 16212 543 15459 17008 19632 993 12372
13858 16589 18728 4102 19138 13196 19703 13110 6949 13103 18995 2657 3988 8704 4719 15599 3655 18038 8782 18113 1614 208 5972 6660 17408 7251
691 12733 11622 1430 11696 8961 2289 2128 11938 14983 263 9801 5132 12200 11130 2984 15888 16901 2999 4449 9902 2810 2537 12985 10574 10538
1938 7718 15642 13939 8254 18025 10544 4141 15993 1348 13028 9286 11509 7116 12522 2651 10644 679 1396 15903 5853 15641 14889 19196 19567 19314
18047 6901 14039 5927 10983 5558 7784 16440 15738 14583 14291 6938 8332 10083 14865 17361 7961 15630 575 1805 10629 7812 18609 7822 14586 1574
1457 14500 959 12034 10031 14988 19387 2526 15862 17604 2744 12956 4870 13333 4765 16824 9023 12689 2635 15195 18134 10011 8388 16464 7404 6806
16968 404 750 14045 1734 1963 1720 3002 15440 13589 18846 4637 6760 13668 4196 18741 4432 9375 17192 6949 15084 4332 19576 6359 2271 15577
3711 11847 6143 17373 4907 16129 12984 14624 7185 7215 8486 16988 7535 16817 6885 18502 13236 1152 15107 17344 12901 19730 8367 11686 4138 12322
4461 13735 10647 10869 16429 17752 10653 16060 3580 15296 187 11667 15915 19717 6660 12538 17777 10346 17212 5867 5635 12110 15304 18945 12768 15761
687 18328 7270 14279 14119 5761 812 7414 19479 19983 13007 741 4831 9109 11532 8427 14922 16292 13148 1408 1309 13809 16847 5413 2705 12928
18031 14187 15218 17589 7232 6712 7029 615 9560 3078 8971 908 8545 5942 19868 16302 4500 6950 11628 9262 15954 7551 2094 16531 15545 14033
8232 4871 4850 3983 16139 16852 11623 9047 11005 14770 3285 2375 11155 19041 6479 4475 7353 9672 17351 2882 16526 8200 19822 9063 14339 2824
14402 8311 16009 18761 13919 10687 11690 8559 12358 277 3707 13617 9953 8774 8459 14495 16803 15178 2241 17169 4808 8234 9756 16085 9171 18575
3900 17258 13893 6607 13969 13059 17610 335 9258 11917 11014 14676 616 4969 4041 10999 1400 11289 5800 8450 14323 12788 9894 12660 11599 6848
3134 9124 4292 11328 2234 272 18772 14151 10196 6118 6755 18789 3010 15335 2689 7246 15916 933 10107 3195 16881 8581 9002 98 9467 6767
9208 13688 5674 1092 14838 7144 1113 4846 17027 6336 2558 19800 18352 721 5101 8926 5762 11122 3881 14571 1521 1228 10894 14750 11785 1961
1503 14887 19271 17977 7507 9466 11557 13394 18262 12524 12023 9612 4118 6755 12424 14438 8839 3378 14515 8620 4588 9674 16116 9990 1505 7250
14315 13404 877 2453 19854 16466 6326 11372 8749 2404 7777 4033 11974 16511 2267 8187 4040 12354 19341 14897 7886 5548 18095 14261 12090 11583
18152 3876 8273 4935 7538 15979 13790 18624 10055 18745 19945 16160 5853 14766 19112 2557 6542 18669 17126 5897 18657 19489 6941 485 9379 16685
9748 18008 11519 3987 12721 9090 14088 3486 2921 5335 9543 16195 17925 14849 19108 10225 9517 13546 4387 15042 17357 12819 6616 5333 18829 18524
4210 13807 7522 17305 4566 7197 13073 14187 2065 8263 15413 471 15748 6261 14493 3933 15181 17009 9859 17573 10061 9239 829 11197 14126 2874
10078 1219 10127 17093 12718 2989 14675 1867 13104 13896 17665 19883 17284 14458 18045 13910 16829 8801 11826 5537 10179 18148 5404 16014 2292 3146
12884 16505 272 11639 18688 9925 270 15906 7317 15866 11637 9211 1173 17156 5282 7932 10581 5158 6789 5728 16473 12691 18421 18826 16142 14463
6569 6389 15748 4591 295 18885 2655 16316 15260 674 12580 17359 15967 16824 19 5553 9846 6189 9663 14937 2349 5197 2520 317 6995 10503
12906 15872 15028 1345 13859 10691 18006 6660 7910 18334 10638 8089 4589 9007 11156 12524 7281 5849 13519 16618 12803 6003 5711 4941 15 5379
18459 7936 17269 10768 8818 1885 12836 8998 18730 148 12981 5865 13507 10529 6697 5118 2195 15263 18244 300 11956 1748 14239 15981 8311 2520
9673 1603 4086 12028 19841 16245 15302 3009 9694 11102 6554 11420 1506 18422 9897 4770 19594 5266 3703 11892 4018 18733 15291 3299 11460 1713
14427 7940 5009 15895 1720 6958 11252 11400 10375 13766 5201 1187 501 1947 7604 1381 8559 4909 14455 17559 12439 15343 9487 4554 9286 19062
12395 19376 2552 9284 1571 4650 7888 16537 12899 1578 16822 17579 4335 18623 9450 13632 18511 19197 4329 4804 7407 10033 9609 15238 19987 5724
14537 1089 14106 14504 15263 911 2362 5118 9522 3014 19522 19104 117 19493 12670 5150 15919 14595 14192 19468 12072 3499 10966 6560 3677 148
19103 11974 1582 6949 3809 3805 9968 7140 18414 9042 8519 15054 11722 8224 17572 14377 11860 7959 5363 17715 2974 845 10529 15660 15642 16119
6160 19518 17545 1473 16138 2128 14947 16870 10188 7806 1476 17863 995 10132 2137 11546 14375 8275 1129 12020 14769 11235 4086 717 10973 2926
12408 3636 16030 10573 18658 16479 3844 16178 663 886 4436 14869 7080 13378 6453 19253 15313 16601 12573 4138 2576 13914 9133 18346 3560 9978
11342 7570 2167 7422 14533 14453 18195 13356 12300 9839 7252 1345 5678 14682 13341 2800 4512 7547 13859 14748 18770 16238 15686 17880 10330 13948
14975 12872 2888 17769 12499 3484 10759 5537 1268 16764 4798 4960 2789 6233 19055 6809 17527 19327 9413 7033 5023 19568 16842 1158 12325 15350
1388 1696 17576 13329 10508 5630 6197 16380 13239 19085 5507 3077 2247 3954 12752 5226 2833 10593 316 15703 2364 11145 6432 16854 1915 6638
9762 7207 15378 4629 948 14924 9707 18328 4850 6901 5281 8274 402 14096 5525 14357 13285 13126 3590 9120 10988 19035 5720 198 15435 2024
10910 1390 4291 15334 9475 14499 3519 14074 11282 6460 15914 1992 15968 11293 5766 4853 14537 17609 10724 10292 12837 10733 10658 6424 10625 11780
19111 7093 8965 15185 206 15737 1729 15387 6766 14245 5274 9841 13827 11345 1770 717 6901 16531 17055 7683 12332 7839 875 10697 3048 7995
16182 4050 4265 16223 18271 13459 5485 18893 1221 5354 4020 14039 7688 578 13489 10916 9859 17808 51 5041 7358 8619 5598 13060 7754 19050
8969 10566 10768 18661 14893 11465 17022 9586 6056 7383 7793 8673 5626 7685 18533 6647 7385 1574 6830 6212 8331 17850 1694 4964 18148 4160
17540 7371 18376 3814 3704 15866 10151 4814 12485 5124 19180 5398 1447 2982 11809 18511 10905 680 8484 17890 19617 16108 1604 13467 5891 6196
7196 5311 12056 6241 7755 15228 3493 19708 6153 1824 11838 14598 19254 264 19429 16307 7519 5176 7666 11494 15447 13074 14578 1809 14959 2759
2357 10754 4922 9427 11095 11871 16020 14873 8457 1541 14676 4956 7943 1999 12499 16200 15198 9887 221 16324 13420 4892 18485 15349 2823 6747
4564 6438 13555 18375 14158 16935 3753 4960 12809 11481 10160 5742 8390 10528 1142 9305 1521 10654 17153 3177 18114 10011 1492 2924 14552 7932
18580 12629 10118 7334 16290 10778 12152 7284 13701 44 2495 7604 7618 7255 18510 14232 16836 18118 12134 11413 18570 11274 16199 2954 6662 6400
12711 2685 17621 7899 4203 16969 13795 277 16222 19219 7794 10850 4349 7894 9572 6839 19730 19352 16670 18105 692 15024 13928 19549 19396 15473
14512 3284 12472 10848 11735 16774 17188 8566 6148 9793 13263 7460 15049 14149 18302 12240 16442 11424 2482 2807 5483 18062 16636 15313 1522 13205
17609 17748 10625 15974 1884 16790 16935 16178 6259 17099 6543 11186 4770 4953 3974 15631 3212 14051 2977 10975 9038 14253 19248 19092 12648 488
2040 11376 1982 14041 4708 15985 12254 13803 14940 604 15805 8955 5520 740 4096 2706 9751 11184 3364 3749 16251 16358 9037 12528 12370 19923
1806 9342 9861 3162 9176 7519 8400 12362 9467 7596 2327 1628 3216 16255 6650 19215 13058 5492 18255 17172 13971 5260 13804 8109 1865 10835
8418 9025 19072 10578 1252 633 19707 9434 8517 3036 11259 9949 19258 7042 12866 5626 15061 2143 1174 19017 896 18986 566 15655 1218 4287
15886 6417 6771 9613 8676 5829 6481 14153 14948 15656 14023 8386 180 6315 17511 10751 2311 10790 3605 4607 7778 4710 18828 4577 18254 814
10911 4356 2526 12798 7573 15955 11687 5986 5706 3318 17292 9569 13223 707 15711 15188 11995 14524 3779 3861 474 19877 9489 9834 7174 18208
14924 11209 14569 4916 12245 1826 3165 3787 13847 12008 5723 3504 10189 545 17816 15057 4201 4299 578 14195 84 17630 2736 13451 10733 10138
12484 10814 6281 19515 6225 12930 4811 12202 8332 17729 14023 19600 7191 2555 5051 1025 12213 16422 12948 7658 15454 13910 13900 14964 736 12698
11196 14056 736 1839 862 1024 19511 11143 9383 5600 10835 2669 7918 16855 6721 6624 4311 2426 13535 12681 10329 1231 11582 17961 15774 5834
2025 17461 10844 13080 15211 19789 8365 13387 5106 7991 4621 18239 13226 7788 1983 17439 15704 18171 19601 14611 4438 4683 11139 6883 5518 1513
13962 11356 11951 4839 9127 13542 14160 2249 13848 17993 10835 680 2375 14231 2221 7244 9926 9033 19307 12030 431 17956 16333 15081 17958 10685
15198 9370 16892 8705 16487 8889 8257 12133 16062 12887 9630 5895 2182 5441 2748 19785 11841 9840 11238 18297 4029 12453 435 10074 5490 11095
12954 6739 12979 319 6964 315 10264 200 18641 3630 7480 525 17554 17181 4080 5758 9966 14659 17875 12565 2870 6228 6893 11160 1190 10422
14133 12233 433 18352 1143 11739 19180 10620 16177 8698 17020 10356 1281 7104 7248 12892 10987 15605 6897 8688 18597 8255 16046 158 3117 3634
15795 11216 10005 6129 7393 7726 2393 17071 17368 6623 14970 13915 1993 7027 6311 17810 1543 15811 11503 16000 8727 13813 2041 837 13579 5308
4671 267 4933 3112 8926 16711 9583 5052 12399 3602 10786 672 18036 7437 7219 6299 6038 4322 16123 9900 19541 2836 18713 8170 7590 19623
14763 19460 8454 10353 11657 111 11042 10059 18845 11416 9465 15643 10327 5258 16951 11494 4660 11986 8635 15370 16519 6165 13471 11130 9024 10402
