365
26 48 7 75 11 23 89 82 48 19 93 69 59 84 54 84 90 37 97 12 91 36 23 14 15 59
6457 15864 1881 11867 10747 5120 8035 4746 18358 10646 7172 10169 3525 9339 6864 4638 17831 9676 15197 6609 516 3023 4979 10637 2259 19579
4476 18938 6463 16692 1896 15767 5221 7496 12129 3765 17092 11823 18656 8944 13333 8089 18672 16062 1654 13781 18445 2735 664 2096 4633 8196
5630 11225 12199 3583 18244 12672 6876 15886 2964 3738 8992 10327 13380 6843 12174 14184 493 924 11271 10263 3036 11864 15729 17965 17766 6935
8420 9641 19142 17983 18528 4735 17362 18800 965 17219 8605 5630 2582 894 10455 10648 4580 15693 19626 19976 2339 9348 1141 10383 4835 9571
18061 12404 11231 19643 13850 16757 11046 12462 1622 7830 278 3865 7983 1958 3492 14377 10507 13560 17617 7356 18412 11417 10798 3752 12453 16518
10247 907 14445 19251 18196 12293 12349 19867 628 7827 6399 5535 8105 15565 12038 10179 214 5687 12306 8689 2038 11078 1130 8677 13542 3522
6610 5489 19998 18996 19437 577 17342 12991 5896 937 6174 5079 11434 19740 2272 15782 2474 6714 6518 17759 857 19822 15403 5027 11634 11554
3767 2385 12069 15206 7208 17479 6729 1272 6492 8184 10942 12021 15935 13847 14759 12843 13622 18593 16522 14398 8720 5794 8492 8158 11912 7856
5703 12622 17685 13237 3222 12516 11289 14920 2908 17270 208 3467 7827 17630 14810 9739 320 4509 7607 14477 1622 7111 4055 10937 13007 14136
16030 12993 12730 18498 17961 9195 19704 18345 15551 8535 19618 12711 8074 18024 17283 3238 1982 10207 13466 13644 4466 17397 12626 6784 2416 1694
11587 2159 4066 4207 4479 18474 11287 6959 10424 16475 8745 18396 16373 16909 5962 11058 18008 15613 10275 5497 10458 16365 1265 15241 445 14201
16731 16605 10985 13949 5393 4585 12496 2863 17041 5305 3138 6532 6560 10672 11044 11322 3593 1847 16680 15306 10646 18916 18229 17929 7279 481
11577 12333 6837 7242 5483 16024 305 4 9526 5663 4191 5305 12917 7876 10383 12338 8426 13696 9006 10487 15383 15503 9055 10777 2251 6637
12377 7316 414 8140 18596 15870 11631 527 8346 17160 9545 12833 18412 8075 7620 11235 8674 18045 13141 10227 12931 2209 1294 14066 14151 19532
17410 17351 4206 15810 15893 16545 6864 1543 15931 3419 11341 74 9020 217 2142 14763 841 11890 15665 19787 19438 12104 13509 10077 9238 6870
5817 2408 18269 19754 6313 3541 4184 8851 15213 2783 14533 12216 18680 12129 16521 14891 2232 5693 14136 12653 4524 12487 17328 4825 14036 12721
17652 11241 15994 5421 17359 12318 332 17490 4491 12201 13002 10667 2927 13420 15234 8830 9865 9875 19843 787 13078 19783 19678 18360 9866 12019
15590 18976 18309 9836 2274 9725 19146 12465 9295 10211 4059 12853 17763 11790 11748 14606 13784 15764 15184 12816 13131 9105 12433 11914 6327 13123
10882 1708 1675 19150 18783 13160 4258 16280 7332 597 17366 18595 12094 13775 6422 1463 19690 4431 2032 11136 1426 1846 18558 4639 6471 16493
8352 5055 19548 15954 756 4671 5014 2281 17317 18306 11956 17656 18922 4906 16053 11282 9816 9542 17643 13481 6525 816 16335 7859 17319 11541
2202 2335 101 12643 18317 1693 3671 7526 8570 18971 8160 2182 2660 16350 19033 16348 12594 10647 10711 15869 9709 6317 7464 11975 1716 5356
4638 19431 16711 1988 3626 979 17712 3269 16298 19738 16152 3040 13813 2300 16578 19499 15899 16771 4352 15071 8234 14904 5628 4121 2218 18480
12310 4915 9589 9235 14819 5344 6754 9314 13404 6055 256 8471 18331 6779 8568 15551 12676 17028 11038 17010 18040 10241 8837 17113 590 10446
4877 4346 7766 12379 13775 12539 17689 18805 13076 2215 17947 12911 841 12793 13896 11956 4838 16183 4482 17454 2807 2855 14545 1308 16446 3126
289 6360 17775 11479 15994 3286 10990 2502 10313 14215 9216 3259 3266 18220 1780 16685 131 16572 6408 10054 9105 15121 11917 9660 259 19197
7628 9406 15001 8564 4287 7489 1679 9900 10175 3589 16434 15427 8636 5743 1141 17653 18505 3846 13005 5852 16626 16054 15123 7814 6912 1943
7503 8494 8836 16101 4766 19820 4730 7563 431 14968 10750 10038 4996 942 6089 3752 9960 918 17951 5641 9666 19076 18582 2414 4318 12105
8257 3484 1317 3307 2353 16442 8933 2741 11058 6998 12710 8343 19319 11433 18269 4778 7135 7928 19547 9079 3133 7651 13858 14247 18043 18563
9742 9583 19239 8777 11405 723 6430 4027 13272 13916 12193 14777 6081 18650 432 4480 2004 11621 5770 69 1023 7698 2423 3495 1521 9589
12786 19796 14721 16338 13409 9039 18657 9742 9532 14376 276 6041 5211 1283 963 9951 14183 16243 16316 517 17941 9094 2806 18692 6689 10701
12917 16942 8674 15118 8191 5909 14172 238 8166 13312 6012 12005 3748 13240 1386 18341 1459 12559 8427 13950 174 6849 14726 4523 13822 6664
10689 6987 5970 13133 1892 11284 16098 14841 5933 41 12759 13097 14452 10469 1587 18699 4942 8223 18542 8166 16035 18502 11176 6359 2492 18319
1029 1483 4666 12063 17799 2144 16396 13757 19742 18330 16968 12523 5570 18016 8637 18263 3714 17612 18163 3424 3342 1799 8190 11390 2862 16070
9478 14899 13330 9592 4103 9287 7594 18845 19289 10783 14725 3083 13344 6170 15573 9248 8191 3799 2687 15998 2797 9567 7220 6956 14718 2898
18173 7542 12113 17844 3951 4824 5331 19851 4714 14454 16230 5512 8263 16311 609 9015 6019 19097 904 14583 15478 19823 5732 17466 19771 6889
11064 87 10294 17445 12078 17465 7896 19630 3895 18056 14682 14061 8294 6084 4665 10993 3477 11217 15279 8735 4020 13940 17705 7542 5863 17883
18454 4268 9466 19597 2122 11327 1050 3497 10122 15578 5201 18100 14291 14612 2910 9764 246 4099 12870 17908 8096 7897 6145 9213 1938 4150
4178 2785 12679 1524 16736 5284 12244 17261 8227 4771 4053 13671 19743 2303 9274 11104 4126 7943 18680 14123 12828 1076 8071 4773 13319 17700
12258 463 6800 8847 17712 11180 5362 7981 6715 7273 19580 4730 17584 9842 5494 9648 2378 8653 12319 19787 17034 7262 18219 13168 2019 11718
13085 7777 14287 2895 7043 17268 9980 7576 18038 1777 10727 8313 17913 13575 164 13954 13431 5177 13306 8427 14825 2683 4736 9162 495 9837
1640 8328 6486 19333 11119 18892 5997 8803 18972 6888 19208 18106 19703 16881 4533 17554 11153 2585 7353 15966 6044 5065 15957 18457 15122 8050
14965 15757 7080 2509 18554 7443 8324 1859 3917 15111 12701 18186 15357 19383 1153 8769 19415 977 18817 7719 6444 9454 10514 19440 5735 4368
4620 13657 11748 12379 9176 11880 17907 1313 19667 16502 3768 14071 17260 15241 13816 6426 16628 11034 6204 13057 3007 16447 10529 613 6257 18030
6197 5758 11634 10921 11487 17490 6068 16847 4945 4846 3329 15295 6202 3746 13494 1939 8364 4027 16733 5485 6660 16232 504 19245 9558 1597
6582 11384 5981 5623 17894 12417 15879 3567 4269 6323 18089 11553 4439 9311 3311 16402 17427 7976 16589 4912 9307 19507 2730 295 18407 2434
17220 10862 6646 1243 10252 11559 17982 19043 407 8306 6633 14976 3365 13550 10304 4462 3808 11139 2653 14263 16585 17286 18566 9900 1378 2004
17084 7497 1685 2859 8596 1704 2825 17875 227 2849 15205 8446 11246 3218 7428 427 18066 13166 12488 12473 15331 15686 1942 1033 2896 9463
13620 680 12450 2692 6908 4981 8673 16884 12051 2148 16126 11172 1590 7105 13681 18416 11852 5916 3179 10553 17688 15638 6110 10757 2489 14024
9511 1073 2461 7765 12074 18248 19395 278 8054 5043 152 2613 14370 860 11080 14542 17365 2642 2849 9123 16357 7208 19794 4024 5613 18552
17205 2566 12771 10715 11092 2073 17973 2 8242 16517 7854 2555 10336 3284 5886 7417 3967 3316 6087 9469 12275 5273 2590 448 18122 6091
9730 17505 189 98 4047 17708 6498 17009 11701 18035 12461 12523 1624 4199 15802 1189 4331 8523 9564 14205 3964 12306 2105 1873 7543 2827
5007 14090 7765 11491 10846 13017 444 1374 2889 10762 6722 13681 388 10133 11221 14252 5897 321 19034 15041 1953 12399 341 10149 9943 16265
13864 314 2326 18497 14305 9636 7735 18924 350 13442 12071 10219 3171 2393 10919 13479 1872 8470 12764 16511 18175 18802 8124 18945 12320 402
5692 3931 5446 11661 18143 13927 11886 962 12094 17168 14117 18329 8479 19306 15844 11749 8781 7142 3390 16454 15524 10420 5492 16537 6050 19961
3136 8414 8148 1459 9521 18728 18566 16803 16335 15986 17639 13107 3226 60 1489 1605 14734 19819 14069 11256 11856 6605 5192 1822 13499 4518
9374 18982 13349 6558 17441 15893 18929 6092 19551 11040 6686 19729 8211 16821 5202 10017 1546 15937 14036 6822 283 6087 12199 4476 17137 5400
8828 5264 2910 4800 3970 6827 2545 5569 2587 14897 18056 13210 17165 11356 16116 15730 3736 5889 9779 19010 2133 15354 1393 12971 7906 11107
390 2015 19186 16056 7786 3988 10412 17350 171 17683 221 3741 16111 15297 1380 19769 2666 17111 16493 11031 7214 14992 5451 3745 14990 12718
7620 3946 18143 15413 15091 3828 15382 11188 3105 13676 11521 7981 3121 6276 5051 9935 9449 7 16572 2352 14425 1522 6836 5719 1963 12886
468 4943 187 17725 8697 15608 9166 1201 12754 4803 1782 10944 10337 12829 4930 10024 9009 7267 3184 595 4551 4691 19034 13734 8031 16662
7591 15893 17508 16652 11346 12302 16733 3103 18318 2795 15847 13769 429 2152 9292 393 3250 125 19371 7227 19123 9050 4844 11 11856 4884
19765 1768 13695 9362 15742 12793 19799 7914 6341 11741 10739 3381 14460 8777 8026 7031 7575 8931 14849 17412 19892 17756 11214 14547 10295 11636
5302 12388 12791 9075 15729 5104 6397 13731 19860 11999 15181 3651 373 6269 9591 5996 19415 18355 7004 818 13916 14793 19525 7887 17476 17909
5918 9224 4679 17645 13067 7059 15119 3553 18932 17771 4054 16317 9296 13951 12620 13595 4492 14458 10449 7734 3782 10109 6273 8920 9047 7096
13525 11931 19219 18837 400 226 3635 12644 4065 11368 6987 8093 12724 6380 17269 2134 10935 12646 1001 12976 3535 1066 12501 5913 15329 3844
690 1813 5853 1306 19356 16246 14112 9666 14223 12542 19709 16332 4876 18579 6718 8656 10483 17498 5699 4148 71 13199 9957 7123 5551 1089
13912 10730 6650 14420 10103 8422 18439 2547 10382 12462 3504 2230 6712 8451 16940 5567 7523 17625 18018 3378 5402 2666 3533 13249 10692 7492
18712 8818 2307 3602 13152 17018 2236 15012 7316 17807 19062 15613 15382 19864 17877 12516 3210 963 15295 15054 17952 8546 10069 14908 1712 4075
3324 16257 14848 10903 1786 11544 6820 19363 13552 2574 11425 7742 11134 5355 3113 10188 9993 6773 14223 16572 19484 601 14343 1236 19924 130
2173 12787 13585 13018 16845 412 14671 6444 3356 6537 1761 406 8659 5239 5885 17410 9496 19477 7231 12837 15666 15772 8486 15936 6061 1755
9494 5746 18474 13229 401 13638 2206 6234 7810 4868 8612 8567 3547 6478 19529 12018 8671 13061 14161 19077 18737 10656 7068 3800 17682 4581
17363 8264 3714 9945 13979 19769 12679 17171 17325 4006 14332 11928 2619 18005 5838 8964 13424 19263 15487 13974 12019 16528 11476 8167 9266 7053
8676 2034 4127 12222 8066 1620 2330 13516 12380 6101 4920 3639 17602 1777 12791 19489 17168 6522 9304 7789 3157 9273 11772 4728 11722 9182
390 1744 6937 8575 15312 15673 3457 12931 3352 9995 3944 7361 11021 12013 307 17962 2363 17689 8694 16952 10983 11573 13096 9088 1266 6627
19131 12804 10406 8328 14305 4529 11079 9730 1555 14549 11817 4967 13411 7664 14401 250 8624 8505 2988 2407 11413 7741 17194 44 4526 9299
9348 1218 5466 392 17182 5246 11390 6779 4269 9406 1451 17816 4678 11738 5665 11435 1447 19954 7957 19414 17948 334 19133 6870 10392 13745
10045 11789 17815 12447 10534 3023 5809 6231 11022 17637 13256 6260 9564 1225 16065 10337 14149 14079 15812 10858 7819 1460 2517 14982 385 3251
3206 16588 19542 13544 18602 15394 19912 16247 7522 3498 8805 13 14687 16695 19570 10143 18668 2725 19020 2618 14208 19124 7034 1672 11119 742
8283 19133 2401 19307 5790 3111 4961 361 2899 19358 14913 19876 1181 301 9572 9222 3349 9180 201 8014 9245 2116 18922 13097 10114 19083
10803 9081 7917 14626 8639 11544 13796 9095 16108 4964 19353 4319 2908 8856 3047 4644 17479 9318 533 15235 14189 8166 10615 857 1151 18978
1760 16730 4212 12470 700 18891 19082 14526 5308 5048 15008 19509 15814 14697 10928 18416 12558 13510 5676 5189 19937 2655 17818 12001 7474 1909
16390 13733 7951 4855 215 6874 17787 9777 19941 580 4815 15168 19974 9238 10557 19167 13834 11205 14631 11629 19328 19723 16544 10050 3738 3465
7506 13888 14261 10259 11348 7349 5479 8921 14246 12921 10962 8996 12992 19221 18871 16561 9641 16159 3517 10520 8548 7792 12969 12052 13046 9959
18712 10198 19299 4683 311 597 19995 14447 3813 13431 7910 15042 1230 13367 11858 15769 14948 10273 10703 17336 7906 6138 14986 18616 4448 3182
947 3347 14400 342 15010 5694 8527 10887 14464 17956 17823 18372 17672 12080 5552 6277 18023 3015 1933 4008 11286 11234 7137 8227 4202 4591
1667 10759 11278 16913 12013 6587 2742 12722 5559 10392 4246 2417 2435 3257 5284 946 9993 14186 15782 6028 3699 18158 10953 10568 13217 11780
4256 11452 19586 13502 954 10376 15652 887 8426 10547 2879 5593 9890 17583 10855 17067 9184 1891 3081 243 9529 5470 1084 17382 15291 11805
8661 9418 18180 8258 13488 16575 1626 12788 6879 15298 14514 18867 7149 7531 5664 1624 7780 13819 8047 1687 9418 620 11721 10329 4567 13185
15425 16919 1503 7600 13966 10112 15240 7464 11887 5361 4907 9298 1518 18371 4242 15432 9696 15813 12618 8439 3778 5771 16638 9661 11345 6830
9684 967 17072 6586 1720 19301 3814 16059 1515 13727 5488 1964 11107 4269 2844 19571 11677 17494 13885 2520 17776 5896 976 18141 4325 3028
13355 13552 12391 18102 13208 5198 14247 877 13473 3535 9950 19340 2705 15860 10862 365 18641 9858 5244 9471 1142 17607 96 17454 4313 10390
1643 11252 13254 4273 8796 18733 11136 1448 17558 1055 13583 12785 2048 7720 8700 18604 19517 15307 16523 7228 15480 4179 5842 13617 10801 15892
9549 1349 3134 2207 8938 17622 17288 12278 11903 11647 19590 7724 12188 18648 15396 12013 7589 9498 18896 19576 8655 6070 8329 11709 18588 5552
1453 15185 6187 6156 10762 5863 16539 19955 220 19229 19335 6207 5784 3657 4528 8927 17691 7493 14527 13947 7753 9962 7196 401 9726 10097
1569 6813 18392 10189 6815 9086 7409 9664 2665 13460 6515 18232 9422 19290 6984 1917 17171 19284 11629 10184 19096 9410 7832 19613 15613 9144
4168 11393 5560 12669 9200 2843 17035 16628 3200 9103 13972 10849 304 4472 6433 8688 4902 3344 651 8495 2283 12767 13224 14942 19493 5442
7016 7996 12958 14901 12179 3831 17867 1714 9550 355 9831 10638 14630 12230 9172 3302 13055 1729 665 17631 16856 2566 3920 12323 10992 6181
10371 3205 3394 2827 2249 19811 1225 18514 3459 1117 6474 12947 11179 4072 18603 8152 7112 16090 89 2176 13793 13031 5560 10286 14098 4312
2001 13500 10462 17496 9724 4949 6664 9639 5890 5518 2968 18489 4157 7313 10340 19077 10904 17309 4613 18536 16187 4034 19660 14605 19114 8480
8463 11029 18071 1640 912 355 3116 3815 11474 14294 6635 1902 18052 1629 6185 19494 17510 4957 17619 4759 9441 11645 6193 17900 11202 17583
12363 9174 7078 7493 10266 6902 8549 16419 16283 1214 11333 289 17127 14382 17954 16210 16422 7251 7299 19677 12524 14446 8665 8247 4342 10892
64 17343 13377 1749 4088 19782 4603 14647 9678 3069 11625 11 14362 10929 12699 12980 9521 2335 10967 2578 3607 924 13695 2953 15233 18612
18642 13259 15841 5759 4286 13834 1 4562 6079 15392 12571 1757 6375 2060 19211 1789 5383 14196 19804 14873 1666 14436 18566 13436 10456 11196
15946 13002 5714 6354 3640 7721 10744 4301 5304 18757 488 16474 12543 15995 12738 15630 11302 1592 4129 19923 153 8686 5121 4763 14134 127
19779 17101 4250 10446 16978 8976 583 7011 16550 6046 18564 777 16552 3342 4709 13619 16461 793 16917 1239 7216 12737 655 5103 6918 16758
14565 18601 6461 18481 2178 9802 6149 9067 1808 19943 13447 8752 6338 15286 5384 2125 17586 17470 6933 921 8490 19812 10059 18269 1284 8744
16069 19893 14685 11566 7625 7427 4707 328 12707 11757 5632 7918 218 5116 19347 6875 1215 2836 16021 15530 6384 3723 6502 7682 8368 19323
7340 7576 5603 12957 1733 11896 11575 2853 7528 3550 11560 16053 12682 1811 9733 1190 14504 2476 17672 3509 9885 4696 1925 18751 11079 18685
8505 7934 11824 13872 14361 19758 727 15412 3218 16527 3938 8573 3777 9474 8903 17223 18406 16762 4879 4365 13231 6862 13533 17165 18014 5355
3682 1242 13177 3628 8687 3280 12568 2028 5191 19681 12697 6588 18334 9362 13758 5325 17496 11415 5216 15444 15679 19097 239 8433 1038 5071
10096 16391 10567 8777 11149 13582 8663 10316 7808 14881 10079 8213 16762 1844 14949 6199 15385 3586 19618 8094 13087 5422 971 17732 7303 14750
13125 15609 9793 16298 2591 16682 10665 6213 16027 6791 2545 8544 6446 18710 17858 6312 15353 9423 638 12655 3356 8862 14408 6681 15830 10872
9263 16639 6834 7138 15618 11970 11131 17449 3413 6086 3590 2635 838 19298 7169 3855 13819 16588 10756 15347 3573 2387 8211 3412 173 7886
12101 8071 3938 3102 16294 11306 99 1290 8480 8009 551 15503 6484 311 11227 16685 18466 19248 11033 6492 8082 6511 17128 13609 13500 2058
11953 11096 15180 3423 12498 17916 6621 11579 17083 18984 19615 15722 19721 6205 19351 9429 11132 10041 5414 9667 4025 4322 3090 9214 15623 14595
9948 3244 19333 18927 18399 6871 8742 6174 12386 18026 6061 19949 18188 19056 18485 12541 19666 12533 17557 5059 5364 13829 8989 10125 12989 8608
14056 5086 6206 13466 2885 17701 10995 13767 5676 7400 5890 2960 9499 6086 18505 15465 14878 7609 7728 11401 10256 386 11395 5564 496 6648
9174 16798 18564 12818 7455 408 1385 9241 12475 9930 17734 18762 1073 6210 16320 19028 8562 11664 16956 11879 2621 19385 11871 1109 12325 10084
10175 426 3050 18972 2472 13846 1437 17692 3054 13026 2662 492 7618 17185 13996 12697 4147 9394 8162 15509 14789 7569 18407 1293 11184 19195
13494 7772 9525 12844 1147 2769 9612 12590 7219 10648 11362 18861 16865 7010 9577 10193 6832 15428 13538 6503 12461 7778 11585 4613 14912 5114
15350 19913 9121 12487 3208 16237 8685 16584 5393 3951 14072 59 9205 362 5807 7634 8657 3411 15697 6990 13241 18150 1737 18156 3070 9158
9375 8112 9728 6756 4692 6698 9674 5777 11797 10149 18344 19666 5440 9954 16981 795 13546 5920 15211 9519 2361 16367 4822 12062 7572 3599
1614 16643 2010 6045 348 19429 13983 3959 9947 19460 10296 5237 2936 14022 7261 7361 13972 19214 18508 1460 10966 15689 5542 3698 9315 11829
11974 14797 464 5243 6530 10939 16913 2329 8193 3812 18212 8018 8572 18460 17192 9120 918 15375 12212 14919 4306 13165 18449 1283 1181 13716
18526 1038 14802 9887 18361 14452 1186 4207 13011 151 1834 2051 9884 15464 431 4503 11712 17683 10920 3067 5940 3628 13409 11254 14081 17259
18644 2122 7237 16218 1205 16734 13075 7078 16532 8355 15849 1214 12149 19143 14365 8974 5786 8153 16040 13017 10223 19788 16685 4530 13424 17551
10526 19810 11980 11184 17781 8608 17740 15985 19294 5695 1069 7226 1702 13653 18197 3852 16545 13768 1543 14848 6043 18854 15770 18225 148 6691
10591 1353 13402 9365 7266 6000 7650 18631 2389 1367 15656 18415 17773 3247 8041 4609 9534 6303 5322 1476 7708 5085 16696 10628 7598 14393
6498 19205 19906 959 16701 6799 10829 10688 6255 13277 9031 14478 10748 7432 10966 13437 4689 2993 19139 3167 2536 19942 10122 16155 10318 2842
7975 315 18923 13628 2357 16547 2985 18457 9274 17964 7447 10080 15708 10802 12667 12518 7941 15523 4696 4486 3381 16451 14415 5525 10699 7432
354 6339 18754 16288 4673 14730 1207 17087 7365 1992 11415 9104 14136 18755 4705 16468 6443 12458 1250 14846 18206 17868 14427 3979 3280 6922
16280 1923 1103 2796 7468 8714 11344 7177 11073 15453 19819 17821 18286 2214 16424 19393 13681 4066 5175 8982 16381 16600 13517 12770 195 5492
3371 14160 1224 15691 6666 10103 7020 11805 4559 3443 13949 16082 14820 4888 1771 3044 17645 1389 115 14978 18854 15803 18895 8020 5205 6304
1033 1082 5897 1156 12025 13348 12439 11071 5989 10052 16000 14516 5119 3004 2550 6372 291 10795 15857 13162 11201 6109 453 543 4109 18946
8535 3679 2824 15030 8578 11226 8387 4061 19916 4751 3480 7705 18577 3329 4025 16518 5160 15265 7328 7405 4429 590 308 6209 6644 6317
12817 13347 13455 4058 13733 14622 15584 19671 4333 466 10231 16938 12115 13538 9343 17246 7553 12326 18741 5849 18162 12546 4741 15814 8451 12202
19657 6638 12929 3976 15279 19254 6937 6680 3525 11687 9512 9285 10328 15381 6276 1774 4957 11604 7695 6078 2979 16275 4172 2774 2492 2872
6798 4661 12345 3971 8820 387 17215 14745 12276 14674 6163 7781 16372 5414 9503 9383 8335 45 15869 13346 3726 7613 18700 3623 5575 5418
14678 6679 12641 6142 5258 13766 17047 3756 18656 19558 3548 15627 1239 6064 3769 2207 12478 3182 6951 2077 19707 16397 13209 13323 10411 19768
9571 1090 14182 11601 4319 4946 33 5393 7239 10988 2138 3252 3310 16673 14989 3266 9217 18245 1275 13118 19125 11492 12570 12323 10278 6565
13177 11460 12003 18230 9894 3498 18952 9850 12397 19378 14295 18471 2132 10432 15703 8545 5639 7741 8109 17756 14287 2564 11861 10515 10505 18154
16187 9037 3255 14104 14975 1324 11806 16842 1831 17906 19452 19748 4179 2832 7696 2695 19277 16064 15761 19973 4038 6035 10965 17221 14338 5386
1898 12280 17088 18755 6699 19476 3436 550 12069 12998 6496 12826 1003 16424 7315 537 9848 7471 8220 16536 14310 2533 13071 27 15682 5996
19837 16773 15042 12810 12526 7389 9505 1142 5469 6657 8088 7585 17812 18454 8487 17444 2373 4496 17370 1919 8423 830 6323 14427 19128 4340
10514 17670 17956 18626 1993 16438 14553 3961 3386 18337 4421 12779 8883 3926 6846 3435 14726 14186 14610 7757 2432 9927 560 7695 3242 12761
808 10818 5585 19895 16375 10015 3086 8497 7166 5515 18665 13264 5282 19355 17240 7064 10805 12707 16529 3086 13976 14659 16652 5675 129 8869
11417 9410 5342 6077 11826 2874 6262 7578 625 12462 4103 18209 14003 3221 5106 14764 10933 11165 7908 5988 3169 4399 5613 9800 6144 15080
12438 9041 201 13792 18893 4976 19652 13552 3133 19316 2862 9229 2612 4988 3763 5416 6893 18348 2963 3732 10476 7865 1724 16971 15276 4825
3634 12833 12214 9044 5425 4886 19870 6415 3472 2352 13854 4435 6407 15967 15820 16271 153 12770 584 8344 12105 10425 17259 10284 16533 4159
9444 12303 17209 11683 6421 3117 2382 7256 1843 9868 17409 13914 14295 14260 5406 136 1184 3438 16532 13081 2621 17931 12986 17042 9631 14542
6117 6465 4317 9623 13403 7611 9302 3169 1717 5550 16996 18074 13021 9579 7013 10737 15937 2746 15845 5438 13242 17757 5677 12944 15568 17797
10825 12875 8411 10923 8062 9982 591 2918 15215 16494 1891 3777 2065 2977 9578 9699 11479 13718 16254 16851 1335 6770 10418 18965 5522 1180
15532 362 10564 4739 7266 3492 5814 2182 5982 4990 8996 4883 17151 17339 10380 16938 1534 19343 8204 7065 1314 4344 6477 8790 8905 6573
15233 14819 16830 5164 19709 14020 5187 7101 10145 7570 16149 540 7004 12441 2695 6664 19812 13303 5603 5574 6294 1246 5796 5051 13551 8753
15926 5096 19440 4332 2713 5234 4076 14708 12607 1018 735 19582 9117 17441 10498 7964 19543 4546 5914 7093 945 13876 2242 1259 14525 10971
8521 199 4735 18947 8152 2101 3835 19235 14231 11122 9011 15521 15430 3126 17188 3888 6120 4723 9955 16043 7491 18591 8598 8943 14990 1906
12085 3681 19395 15851 6520 18233 4676 10711 18265 9334 12073 16985 7659 18073 6715 1710 5585 12049 6934 14752 2496 70 12408 10896 8323 11628
19205 13149 6270 11509 18194 8012 5944 16280 17550 8206 1464 3692 18135 16548 16059 15551 18934 3486 9704 704 16697 12033 5661 16268 9818 16706
7898 16169 13947 16255 11925 4463 6424 13200 7288 12890 4470 3491 3197 13494 7837 18301 12239 5201 8985 4724 3458 8765 6247 4335 6157 19306
10859 5043 18346 17245 14276 14809 4733 10233 13544 6018 13703 18845 5000 18957 18916 2190 440 8378 5703 14768 14879 2740 15047 6635 19869 16678
8578 16593 4142 2931 11104 11389 18828 1116 1595 12831 15250 15077 5687 3635 16410 3461 18715 12495 5995 17716 6870 18211 18915 5178 5830 13213
497 10904 11683 3657 9150 15029 2586 17329 5021 11144 13723 10482 5726 13043 2289 7645 16553 7446 12219 2395 4426 8629 13335 13108 16357 17141
7140 8901 16698 2439 937 9852 10171 13238 9434 4199 6812 10842 14392 12106 5786 19545 18204 3261 8717 15421 11711 9848 6944 5401 652 16509
4310 10208 18368 4170 3165 19482 2896 5666 18755 15024 17998 6657 434 19686 3843 7373 16655 17879 10608 15990 50 3354 16876 18901 9085 15363
18171 8774 13049 1518 10479 10559 663 3321 1959 17261 4149 8144 5482 8050 15952 13673 13814 16755 15378 4006 11433 15896 803 16931 7781 7294
16288 9796 5448 9968 16079 4599 6915 13849 2405 12295 10199 5546 11374 19251 6510 7198 5153 8195 19378 5798 19481 18401 18221 1646 8055 15921
958 17587 6060 5928 9492 5182 14521 4260 18212 11186 10492 3388 12579 630 16262 6808 15849 12728 16661 10295 14222 13645 1773 7268 8822 15650
5158 19729 17360 7657 16145 5730 18821 17566 15550 3412 18594 4636 17694 3364 13943 5152 19363 8174 7916 17047 17896 13059 7070 7833 16825 6235
13974 6549 6993 2193 7089 324 8954 752 816 1054 18240 130 5895 964 2209 5925 4187 17166 2048 306 5256 11569 15948 10303 13655 3455
15239 10090 7505 8152 11738 1302 11665 10769 4127 1113 18996 11212 11427 11707 917 10417 18449 3320 5262 9860 14825 6373 13232 461 4632 12722
19123 9799 6086 1227 3054 12646 150 18571 2134 8862 17011 6286 2886 11183 6529 16853 3048 18201 5097 18362 14370 153 11204 9157 12661 16158
10554 106 1025 1448 11590 19112 12041 18716 19982 10404 9180 17115 15364 9039 9183 6115 18817 14863 18937 4807 5426 9856 17294 2204 18426 17251
17905 16468 13821 2341 18896 18522 1854 15222 10581 2707 3143 17337 2702 12619 2439 2479 3591 4374 19132 14557 5796 3518 15145 17630 5574 12838
6482 13881 12287 17913 13700 5584 7962 7109 16890 821 13810 1569 12876 9360 2996 5935 14622 10333 7468 15267 15876 10977 14300 17835 9519 8651
4548 10751 6286 11259 19334 15542 10385 3817 12727 5943 8499 13580 15526 9072 16184 3619 14520 2002 16628 6707 13868 1272 11127 8116 13192 3830
15225 4030 16976 5476 15510 5705 3128 19231 16928 3276 3694 16097 9752 3335 18493 15392 10531 16435 17817 9618 1047 17041 8365 17461 6092 5009
890 11420 980 3250 18256 15102 6308 14004 5423 9804 16858 10648 16879 3415 14004 4093 9243 17870 14455 15055 15535 8151 3253 7814 13433 8059
19239 13203 2726 1523 8090 14100 3025 11417 18123 19734 16573 12890 13188 6124 10780 4403 9760 13996 10014 1905 8948 19976 14637 2752 16935 17563
484 19482 18405 6291 4000 17421 19246 13000 2120 14495 18134 3289 17753 9284 13622 11037 4744 16947 10520 8140 14512 13382 1042 5683 16526 18189
4553 6747 10845 18107 11673 8794 2637 3101 5082 5980 5485 18529 2286 1730 19283 11491 14699 14120 5841 5681 4833 6111 3983 10803 11354 13482
8940 5783 18296 8795 10513 1391 13572 19223 224 11597 3594 17041 19186 1085 4645 4265 7946 2526 3942 4586 5070 3360 13776 7408 6190 7393
2212 2020 5010 7668 2195 11372 19242 12490 2640 15485 13999 17975 4642 41 18000 12219 15464 4857 1303 13044 9292 17822 10757 4888 3420 3890
7117 6603 5463 17830 908 3874 16345 1718 1099 592 14040 13286 17986 8413 1175 19514 16472 14040 17277 13376 12116 1532 17001 8496 8245 16240
4670 19864 5378 6446 19016 14524 1285 17126 17764 18785 472 15325 13494 11024 11246 15321 15206 6420 4501 9426 13893 7657 11855 3176 2860 10819
6090 4442 1823 16210 6557 12928 10407 2992 11951 4264 6205 2219 10389 10159 7530 18494 15440 13037 18002 4648 17420 1575 8483 14891 8267 2636
13960 13214 6638 239 7004 14381 6038 18080 1124 14590 3435 16864 19440 15249 5338 15230 9605 18739 5420 2315 17953 14768 2939 16833 12727 3785
11978 14496 17579 11429 6761 19064 16765 11376 4804 4625 5901 18459 9644 2708 12547 10484 17198 2861 17421 5996 12938 18992 10298 1405 12231 14826
8914 3687 16736 9405 7329 1113 15647 15221 11294 15064 3835 13117 10359 10803 10224 4274 1240 15862 5672 15157 9328 9375 1817 8858 21 15670
9118 12044 3162 9320 17438 1397 655 9462 2788 4198 10515 19565 12504 15613 19094 9599 5801 1162 1307 15752 13594 4440 17008 14753 3011 12780
11236 19931 5757 18895 3704 5620 1233 6854 6640 7233 8538 12864 2321 2988 9525 2493 10803 4001 9598 6796 6693 14479 7397 9876 18037 18639
10086 2761 16359 7023 6106 15600 2846 18012 14124 6233 15804 7220 14028 11388 12476 17166 19703 6106 14356 7760 7867 12464 8029 11590 10804 16493
4650 5814 11766 13110 4007 17382 7768 12878 10154 7295 7851 5700 19096 10090 11904 12171 13515 10476 16868 2589 3826 19462 12058 19718 8888 18938
6247 16389 5253 4029 19902 15001 8701 19806 6351 17612 3689 15313 13978 159 1187 12307 2273 17885 6396 4424 19154 1310 16676 4639 10419 10506
19903 4838 10592 14390 14851 3141 735 163 809 17510 15044 6625 2814 19889 18673 6121 8291 14306 10916 3679 15099 7976 16795 14264 1443 12656
16495 5305 13654 6163 4137 18406 7506 18947 9559 6105 13043 19730 14561 1414 7512 18531 4543 442 5195 4284 2834 2875 18622 4341 4832 782
18229 12284 2407 15291 93 415 13491 17817 5 1031 11653 15790 19750 3064 4508 7288 10480 8328 12496 16442 16029 1747 16525 10234 641 13215
9434 12141 14811 14468 5644 13193 4988 14916 2109 7327 20 11895 5424 8243 10380 7296 13101 12593 6513 6784 983 6095 3280 15711 4150 7848
15111 16654 7773 15089 4771 14544 14558 9782 14258 3835 2061 18699 5073 11507 6750 18150 18449 3408 18009 13036 15310 1753 19740 11232 4716 19168
13202 11268 8968 13922 3116 6240 13862 4325 5154 2266 7024 19591 3474 969 10223 4763 16020 9884 1424 13193 9098 2350 15273 16399 12629 12775
750 13992 11040 5105 11015 5401 7446 11401 4830 4094 17072 6312 13857 17772 7678 4250 15725 11665 18999 3234 4650 9986 4767 15198 12462 4891
17403 6161 10932 2953 10411 16646 14271 6475 19051 2860 12299 4100 2006 11017 14633 5910 2666 14787 5397 19777 2647 17653 2734 3676 4766 17967
12149 14163 9034 13662 10261 10663 8422 6257 13339 14450 5527 2402 4452 1072 11930 18425 13440 3188 17381 19895 17957 6811 2284 6339 9074 6825
13186 11192 1663 19324 19208 19435 11371 7886 15543 4812 5157 15174 14610 1787 11896 12006 13306 18506 6146 14275 8960 2691 5756 5814 13492 18205
6285 9967 4663 16660 2527 264 4523 7893 15200 11308 3425 14010 19693 8092 11582 19429 10848 13440 19069 937 3539 18411 2321 16330 8990 19280
15262 7209 8865 16322 6126 16750 5684 12672 11933 15525 17326 17442 7459 15477 7277 12595 11589 3391 18209 5137 9406 7806 19013 16444 2561 18052
5899 12177 13563 7335 19128 5136 10182 7724 6264 13853 11859 5192 8186 3949 18096 2354 173 18411 11498 11520 3698 13234 9406 12520 11819 4644
13751 10633 11235 16872 15749 17629 11242 4270 90 10999 6989 13819 17751 19668 10118 3567 16568 17692 1396 18274 1670 7621 7287 18906 11922 14751
3610 12461 2209 15620 7527 11583 18391 1193 19239 2384 13662 19244 15834 8357 8172 10890 12105 12606 10190 9735 3875 16515 7767 17847 3138 4175
19776 5989 19237 8504 12075 11508 16089 10844 11806 10160 5638 19240 8712 19524 1015 3604 19831 19915 4006 8294 9745 8734 239 9981 17058 10500
9093 4672 13387 16052 18780 5173 19339 5487 5974 7980 9398 10795 13011 2020 8324 12846 12009 17863 10471 12372 17056 3694 11969 14354 17175 1216
19259 16161 5038 19325 14130 4539 16133 17968 872 4499 16928 286 11116 1590 16525 2060 8382 13689 7335 16791 1688 3827 14699 9679 17230 10843
14078 621 1524 10005 7867 8764 546 9855 14870 18803 1357 10206 6972 11118 18483 11107 15646 11565 16191 9295 18367 15867 9608 17150 4037 5661
15857 8904 625 19591 18495 5906 17254 12889 15586 7064 13786 19387 18588 8186 18521 19802 11165 10095 4645 17602 1165 2371 4990 5681 3749 8948
17393 17717 17375 15781 18765 12640 15477 882 13317 229 4186 8635 11907 15410 90 2230 15193 12735 4068 3636 17674 591 5246 12928 7656 10262
4805 18834 8075 1638 12942 11632 3606 4544 19296 547 2893 3103 17165 15271 15142 17667 18565 9647 10270 1937 17266 1222 15012 15823 6867 355
36 15959 16102 7870 5211 202 14369 11938 16006 10792 5567 15087 7163 17930 3112 19205 11597 4552 8687 4814 10441 6218 11686 8882 18570 14678
4937 2459 12754 11546 2626 19367 10506 4704 13223 4172 11022 1895 18627 16398 18913 8453 15421 16578 13294 16875 9202 14179 18143 14264 12757 14517
505 12493 373 4993 17757 8917 3429 9351 2345 6500 13398 16829 15 8070 7924 14784 18874 7883 1057 15403 10839 17130 19149 4169 13091 3270
2336 17989 15685 18904 6005 17797 4400 8442 3731 14221 17084 6208 13733 19834 17081 19353 9478 19393 2048 4264 3810 13095 7112 16751 12268 16923
2601 15626 13017 16879 4700 302 12650 13086 14894 17282 13516 18273 8588 19354 7312 4065 11801 11485 939 4108 18149 4760 11798 19932 10873 16104
2477 8369 1748 12367 19120 5653 18663 2602 15686 5909 13490 1198 15659 15395 9375 12008 15501 10213 11163 9406 10293 6937 757 6663 19406 17352
9649 11420 16741 4838 17682 161 1868 15812 10842 13496 7921 13530 1091 18970 4843 11642 16627 16853 4167 11114 14710 19018 11434 17610 13214 644
993 8093 3851 12745 19721 16630 10437 3266 11760 303 12208 14600 15112 9442 8922 4108 18361 19878 1391 17668 7043 1607 11873 1871 11130 14004
13192 17521 18086 5370 584 1237 5423 15025 11677 19674 11779 2094 19237 12508 10101 12845 12026 345 16302 12275 12544 10918 17086 7469 1991 17949
19415 6224 5480 12674 7139 10062 12147 4072 8747 2540 1259 9068 6071 17438 10363 6920 11590 11445 4112 14159 672 7058 13347 217 5685 1271
4927 5605 8536 19521 4653 4349 3295 1283 9019 6518 17783 17650 1489 2730 17683 1743 11751 8894 11197 15071 12942 19620 2708 2325 17874 9675
12733 6135 19075 17693 19428 12619 14884 12600 17478 2114 6217 7135 11404 9630 13931 19666 27 5938 12331 9133 13672 16444 2887 6939 11437 11782
6221 8316 16694 7887 16920 4344 18738 6567 12933 5445 5078 14641 16364 16833 1694 15407 16848 4487 1379 3896 796 13893 10471 10401 12360 15972
12256 6062 5174 16963 14801 4367 17267 9142 2516 13006 358 1285 18220 9948 2102 17892 7620 17107 12738 14242 6834 13804 12049 6850 9454 10070
11600 12113 12872 12663 12896 9578 17142 15094 17741 14711 12390 12032 3486 2047 15804 1451 19577 5709 4467 1326 11903 2870 14682 12474 8547 14794
1830 16614 13400 3110 11020 5382 13836 18130 16782 13887 163 19025 6294 5220 12621 9072 1527 12109 12188 17144 15388 14272 2946 6588 19517 3025
3460 276 3033 17373 743 6826 10424 2132 8971 18484 8235 18501 12537 17636 8875 3122 18946 9619 5782 9609 4331 17321 5877 863 8042 1208
3957 4555 2035 3308 19253 12223 11915 1668 17503 6159 4619 7166 12845 19468 16686 11746 2417 19410 16542 10262 13066 964 12017 16546 14518 6112
19384 590 19782 5629 7874 18468 1384 18959 8112 19720 9559 4566 17505 2170 18961 3356 13400 10746 8642 11163 10578 4341 14438 5194 18124 15760
5217 2691 16993 7150 5523 9033 4851 14768 355 7999 6821 19812 5837 7393 11372 8091 16155 13150 19895 9932 8963 3309 2952 3645 6777 6206
12355 6571 319 7066 2230 6220 1828 6217 7920 19314 16697 11584 17515 16889 7367 470 2923 12031 5182 8281 8478 3951 15066 2396 17914 17590
19421 15250 17911 538 11077 17965 10181 13082 10980 17987 5330 14857 14009 9020 8476 8554 10554 2602 8126 8674 13482 1254 184 11356 3461 4117
13398 11299 5438 17474 3800 2871 4508 5479 176 3934 13169 15839 18348 4901 13968 2384 8444 4896 463 3326 16060 19597 7439 15753 2063 16469
12412 9163 6984 237 6817 419 17385 756 16833 16318 1401 15017 11924 5381 244 13856 580 13670 9242 10260 14678 5856 2561 12663 13152 8691
3020 4251 9891 13394 5473 6401 19367 1911 7208 15106 10083 7586 5268 14744 10097 13974 18343 7205 17038 999 17184 14546 15385 6334 11714 982
1215 15812 19647 10974 2789 9276 10546 12341 6824 17365 19542 4698 15397 18052 17043 10130 9805 4332 15316 10690 12017 17885 4162 10995 3093 9058
13422 14713 6707 16661 2244 1122 8169 10313 10090 8692 14556 9763 11513 9456 2237 4426 7047 16545 2024 3677 1512 11920 19025 7661 2255 13436
12866 2913 10202 1108 6102 3758 7233 9658 11786 8960 4001 891 15333 2886 8401 7999 13980 16813 643 15410 4579 9043 12337 8856 2569 17057
2577 17453 6373 12553 16066 3438 15476 18284 14391 3621 15754 16842 18427 14510 13975 4752 14954 13231 433 2081 17956 11190 660 15655 5547 17339
8460 6841 14936 15741 10530 5086 9057 769 14036 13165 12580 10959 6216 2823 11117 17638 5175 11276 174 15149 3807 9498 11719 90 4439 18546
15291 7545 16378 4737 19416 2521 5357 14348 5100 16830 16771 8305 14834 6741 18631 16551 14576 19483 4528 12611 16725 965 14980 10487 3173 321
14060 14813 7471 90 18144 2772 1392 14151 12110 9100 17961 13183 12421 11180 5539 2576 10768 6256 19206 9730 17871 18491 19863 14315 19793 12957
6718 10852 15367 5021 658 19646 4386 13885 10548 4260 2563 4752 10158 2585 3615 18444 3406 9467 10260 18748 14189 14723 14423 11199 6843 19425
14810 161 8476 2646 6274 10699 17188 6449 17649 13087 3575 18704 0 19763 3957 17355 18372 3401 1237 16313 14991 16113 18947 9721 11685 14687
5585 10859 12897 16661 365 13381 184 14051 13642 1211 633 4049 17220 6506 4196 7661 6946 18708 10625 11523 11999 8803 3770 16824 15305 8459
69 16711 6431 2175 6266 10596 490 7295 19233 8614 18862 18162 2647 18539 3053 18603 12467 14337 1841 2055 8545 12306 18004 4066 14000 770
13817 17825 14192 5504 4646 15524 17080 18435 2487 11793 5671 1851 13396 14222 12401 12321 2598 18798 19607 1781 16291 9039 5614 10344 13173 8310
14725 10754 15119 17495 15234 11844 13725 506 6858 13638 11423 7137 15294 7324 4325 6257 18074 13566 15177 10610 13415 15171 8735 4289 1224 12977
7512 10034 15807 15343 703 58 3978 3740 4926 11256 45 11556 4366 12431 6661 2196 15030 11736 10466 6961 1647 15203 5512 2980 1269 14161
7022 11527 5108 13947 11255 15526 11267 12218 7035 19134 11700 16732 1927 8359 4246 17497 6553 296 19508 9916 10040 14 14508 4468 14116 9860
1638 12263 18475 75 3442 481 9187 6534 5382 18745 1302 2343 3018 1139 12033 2915 10799 7930 1039 15664 15658 11992 3442 6433 5005 2060
15807 12371 1283 17473 13474 8952 7332 19721 11232 4496 9942 12076 9601 8663 16425 16005 3600 1277 13027 15137 9061 19604 9301 18378 283 2128
10208 12281 6190 8264 14847 11707 18737 4060 6334 11623 15129 18802 17053 17654 9532 18142 684 13791 5754 1589 9377 8938 16891 2842 2618 74
9099 2489 669 13034 19210 5964 13632 3780 3258 2109 13286 1970 19335 10859 1327 7202 12856 11993 748 16503 17973 5780 2221 9201 10039 6113
3456 17213 2661 13765 12438 10113 15800 13562 15353 16960 5074 1191 16182 18065 10129 9373 5202 1388 9165 11718 9066 58 8561 8754 11843 3076
8418 8976 9116 17640 450 4045 12019 7364 14579 19217 14660 163 7361 6829 2575 15561 13257 17043 19382 13768 13338 17987 5763 17234 5839 5784
9402 5548 7875 19241 11764 9025 1470 4732 18946 3798 8659 10236 11152 10717 8334 16911 16986 11327 4065 1028 721 11 2624 11088 2585 10380
16156 15198 1047 4567 18946 7416 9822 13131 15704 6849 6838 19399 2244 4179 18756 17698 13966 2805 15540 6780 3128 17785 10186 8217 18971 7267
8736 5445 17462 18897 18164 9602 6840 4569 13524 11298 6222 13491 18856 18703 276 17675 17932 13032 14986 18548 2276 18216 14563 17811 16479 5019
5606 10187 1420 10345 3771 6491 786 6499 14770 5808 12914 4105 4436 10688 14474 1515 5728 5129 11654 2528 7372 8543 8949 15863 18427 10667
3589 11237 19763 14687 3378 11885 4438 12219 18653 4055 3678 15912 14449 19470 19298 4767 11130 18298 10267 18104 17095 11581 9748 15167 18924 10305
18379 15104 7918 8738 12709 5098 15873 17167 17822 11101 4387 16746 15830 3189 1688 1125 7599 2419 6634 18140 12678 18193 15127 10401 821 10098
2950 16476 19096 1495 8054 6849 5223 14395 19507 19232 19907 8747 17406 19898 11866 13674 11328 4368 14661 9484 5018 14869 3968 18189 10656 12097
7372 8594 17098 11951 6926 13643 10647 3498 15274 5124 1799 2265 18757 6146 4484 18271 2740 20 11202 3621 13945 2553 8358 2674 16102 8987
9801 1655 15040 6810 17192 17465 833 18381 8168 11142 14758 6485 13674 19464 10542 19922 3855 14455 11920 11628 8102 18918 1602 9942 3895 7069
1868 5520 17229 18925 7979 14301 13201 12214 14551 17913 14849 12741 8278 18422 19890 4403 946 7752 5190 14723 6556 16784 9660 542 10885 11141
4944 15568 19736 9916 19140 11521 6877 9449 3917 8310 3740 8643 4413 2420 691 16039 6349 15631 3445 4016 17474 19900 11321 7292 16880 18745
7260 19848 9299 6653 10313 10727 10266 15214 4282 7603 2463 17077 11477 3088 11691 2894 1378 2896 9501 11391 13795 141 3463 19117 442 10563
18092 13177 15138 8854 12442 7265 12679 7577 15727 18722 13713 6755 12426 689 11890 3282 399 11773 5311 16523 16338 14565 7217 4480 16690 15862
11340 4486 14958 6178 16609 1744 7884 230 19007 17234 19020 783 1045 0 148 13909 2183 15521 12049 14055 7447 18218 12210 7854 2223 8099
7877 10403 5523 5437 15471 17622 17321 5670 10285 2824 17266 10256 9581 10453 12737 11465 8225 9324 17364 19976 11468 639 6345 11523 17995 14110
9840 10518 11925 12127 17136 14127 8316 18570 19614 5698 8862 7982 4857 7667 9366 8297 11247 2434 18306 11052 6898 14630 16303 6887 1384 3274
14484 5587 15682 14330 10445 16540 587 14625 16568 8254 5949 136 1473 8265 14074 8371 16321 265 11114 7488 12706 2575 3721 4235 14666 8353
5675 18805 307 15495 16056 18519 13606 12750 17949 17140 18920 8737 7449 5023 9387 7310 15021 10532 14481 17498 16736 1791 17501 11578 2739 3821
3483 12959 9408 9666 13014 10167 13991 5836 15490 15432 984 602 7401 18427 14652 4768 14345 433 17314 2403 8407 12356 16197 5256 1345 15663
4098 6151 1363 5404 15722 3981 15911 18065 12818 499 5360 12621 13489 16888 7247 980 10375 15882 11240 17256 8203 4779 11191 6040 14274 18288
5389 5951 19109 10262 6068 17138 5936 13786 10384 18029 9779 275 4519 11900 2854 17213 13108 11201 18278 1183 461 5200 3447 15306 15299 17164
868 19849 8725 1616 11694 4244 5552 12488 11525 8237 16046 5549 13797 11326 17368 17572 15991 3819 12900 5842 13921 2662 14324 4283 133 15677
7056 16039 2707 11085 14312 10743 7536 12104 7129 2343 9695 8095 18051 4627 11488 2910 5838 9780 12707 19769 2058 1594 4417 5894 19776 17972
16488 18754 736 15083 10202 18979 14138 7149 15459 14101 19824 18288 10406 475 9504 14742 15410 18541 6720 2504 4763 9624 4654 457 9171 12810
10395 5901 13781 1914 940 11886 14239 2423 6817 4133 6473 19272 15619 3260 13282 14722 9366 15716 19819 2821 10291 6328 11161 19206 3993 5512
19691 13434 2025 8764 14713 1479 11568 6070 9901 787 831 12489 1337 15118 13281 2114 6608 17304 16456 15091 553 4633 14208 6094 10899 14778
3956 17752 19177 6569 1067 14781 4056 113 13223 12051 6518 2282 13876 4898 17986 353 13673 18819 18214 18577 10384 1362 19871 15455 2414 6101
19351 3195 5697 17296 6103 16264 10025 14870 1873 15498 11894 3696 2815 14168 16057 13438 18654 18738 1569 16906 17956 10373 2164 6356 1421 4058
1625 14116 919 18162 1061 6305 5471 10502 17973 9627 6381 18718 3381 5515 5502 12700 3836 8506 10352 4764 1093 9383 3450 2828 14810 6676
9844 17541 17294 1765 14714 19927 18727 17178 9350 14528 10547 18933 14228 5766 1558 13698 7363 4583 6347 1669 8591 18024 10768 13232 16383 15477
4097 17323 1737 19871 4694 17172 15542 14643 13402 7006 2758 9042 5992 14048 12294 15696 374 7940 18344 3161 4199 10179 16194 4176 13324 11609
11692 16883 97 600 8871 3631 7786 12224 5289 13407 5307 15419 15989 3685 12785 9816 13251 5443 6684 2536 13211 19659 12500 12434 10554 12152
2617 15378 13675 15265 8018 2812 12274 17250 2084 17936 19652 6520 17558 4890 1768 8017 16883 13376 13243 5207 15094 370 5246 5993 5841 14439
17788 6809 566 15709 13077 10435 14360 9945 7172 6071 12412 17066 8472 9493 996 4827 19670 16086 14928 11460 5169 15099 6487 9957 10471 9738
16990 8641 10937 15624 8941 4591 2498 11197 18136 9324 11557 935 18887 17001 7982 2597 9547 3162 9677 9883 19716 9653 10783 15928 12293 5334
5726 19411 13025 2600 15024 12605 7593 5958 11820 9219 3481 11252 8392 10227 11335 15754 17437 16890 19237 4260 5680 896 9534 8925 4528 15017
15106 8160 3544 16273 18001 14894 345 18820 6251 5802 9757 2007 12857 19149 726 11522 5324 1612 5382 12655 18277 8578 11389 10450 19932 2743
13558 11466 330 17180 18226 4299 5054 18525 7720 6957 12450 11550 6758 3683 2174 4025 12228 3631 5147 13557 1806 10228 9417 14310 16931 14435
7334 12248 10431 19516 14675 15538 4720 14405 12567 18825 4173 16799 7092 10655 1578 7130 9056 4675 12059 12935 7789 5629 10232 2353 19233 5158
17677 14585 14814 10249 18180 14112 14875 11979 14025 3194 15580 15336 515 9695 5173 10529 5308 8089 8623 14136 8463 9890 15866 14556 14609 16248
12909 10372 1125 12918 6891 14625 12961 14842 14914 13953 11704 10665 18067 12921 7776 7717 14438 7525 4056 12966 18285 4005 11260 16400 17874 12101
10443 15035 14525 15700 15126 6062 15171 13355 19730 5484 711 9525 10679 9247 4190 3769 11542 735 6861 1353 17935 15957 16898 16223 13305 6835
11839 8761 13630 10063 16392 13278 1961 7155 19364 13530 10702 7370 10584 372 8963 19693 1022 143 2085 1077 5179 3979 17374 714 483 14024
6909 8560 3635 3360 14963 14419 2661 16500 12145 17668 16289 16042 2007 19056 14561 9997 10173 13553 8234 15307 8000 10213 8046 15692 9044 4300
4990 2188 17824 17465 2483 1967 8862 12406 11867 19939 6301 8376 5385 5572 5915 7125 8943 18381 10893 2019 18532 18188 12776 3252 6667 11833
5420 18209 7709 16018 6752 16063 7568 2043 4483 790 2938 13713 12435 8971 11564 1356 2377 6016 11205 5036 16876 4728 9563 18501 8179 8375
1582 8644 2809 14628 4834 11300 8133 5757 4625 15629 12291 1921 12304 9614 10095 2770 2403 5739 18469 16347 4457 12975 2341 19850 1508 4982
6693 15446 12611 12239 4825 751 12765 8002 6054 9492 4478 5286 11029 17010 5856 16683 10463 2796 17712 13273 6681 5830 11478 9725 3977 11978
6300 18771 9426 10794 16450 8618 10577 17280 5320 10832 1799 17884 10989 5053 1053 17032 4322 2532 6084 13517 2022 13436 14584 6439 12950 11173
6276 6382 8291 1259 2107 4454 18375 9466 2841 15336 4739 13906 782 13864 17628 5366 7759 19557 16213 12903 13825 7555 4471 9702 2276 12219
7664 8015 124 11302 9727 2209 19365 15352 4820 15231 18516 12566 18961 16999 10562 7705 5091 5994 16564 19507 16619 11182 6229 10740 4268 8326
10969 3325 11039 13491 16746 14621 15147 18962 19154 12947 17874 393 19434 1741 9218 1070 6041 17162 13080 5353 7264 10517 4747 2485 14326 15229
19010 12760 5875 14156 6976 3403 12587 3952 17307 17476 1056 630 8277 19211 2082 7936 301 17229 2202 14546 1619 4775 6002 17453 2915 9118
5103 3116 15748 11979 3000 1448 8690 14312 15673 12519 13208 10788 10775 6060 2894 18228 3601 12513 5167 4640 5248 11442 5365 7561 12812 14439
9396 17765 15968 2709 15696 1064 1344 12461 8454 5994 3251 10598 16248 18290 17913 16238 12235 10978 9173 19415 3256 14337 8404 4774 1327 7229
819 5309 17309 6601 1899 13573 11258 16996 7136 8471 17774 18086 4245 14016 19428 17135 16105 8218 19102 1554 1888 12986 6484 15691 6293 3967
10018 4297 1669 7492 2986 19049 11727 11069 1288 18554 16832 5171 19338 9544 12104 16280 13789 372 9685 19503 15114 17598 17267 11902 14038 18132
13031 11826 4655 19322 12501 7986 1182 3910 8833 18614 14956 12489 5635 3247 18730 18542 6757 9901 9288 6880 7822 18745 13626 5830 19822 7525
7919 15580 527 2356 18960 3336 6580 12580 19352 19799 2256 9891 18468 1205 15922 16526 9234 16734 5699 2459 6282 9025 18369 2508 12938 2705
3263 12285 10978 6471 11971 13914 19364 1685 10629 16005 13930 15334 11368 1235 19248 14020 16047 3167 17526 2095 14169 1562 16224 2264 7449 10203
3638 6235 8136 15723 6778 13465 18627 18348 8485 9734 17063 358 4657 19676 8722 12070 15897 5828 1449 4653 19767 2392 17215 967 19579 2922
19643 12749 10079 7012 9850 12000 19849 1998 9149 10244 5510 6129 18848 18904 11253 8046 15376 3795 10564 11432 13772 18203 14437 1035 17345 14543
14366 4493 6289 658 4084 12519 11715 9052 17465 3667 8954 10416 14550 6752 7540 6290 3147 17706 4443 16030 3988 7169 347 19497 6789 7925
18778 4259 4139 7951 10171 10094 1474 18024 15369 3085 10053 2978 9811 11183 15320 951 3411 14316 15122 12212 9087 17069 12418 6740 4953 17324
12116 9779 19668 10801 16869 5726 1106 6914 4083 16448 2567 570 1259 1434 705 6825 2400 8872 13833 6154 17082 16301 5506 19663 16307 4378
12246 721 16885 72 8039 13954 10438 3539 3714 7456 10523 530 19286 13206 4942 5276 19399 14119 3223 13989 15940 12744 14359 19284 7963 4923
11924 17611 5793 15498 3470 5345 16813 17965 2014 18484 11533 18690 1490 16936 14839 9573 16014 3193 1784 14253 15739 2944 4611 13230 550 11546
3839 9357 5667 5399 12962 6389 9430 5283 8957 19059 7507 18479 11087 3192 6796 7051 9850 9792 8326 4147 3714 9281 10 10248 7124 1711
19125 17679 8684 1597 1756 4492 2453 9764 15744 13780 5214 14335 17195 3538 16333 11891 5612 11532 14568 12892 11823 1780 6233 2835 393 6179
15574 12703 3354 10231 19868 19171 19102 15189 16641 7762 13785 10146 11305 5734 5277 15270 18652 13634 2761 16402 15978 6046 16354 7640 10161 11704
18199 15758 4447 11057 12960 11113 18456 12196 8937 11298 18021 6027 14382 14108 9354 9224 14179 12392 17408 4765 6150 10711 16107 3350 15274 6854
9439 9501 12004 41 19757 2300 8178 7707 6903 11513 15607 13284 4934 6204 8393 17204 19238 756 17517 7358 10011 9079 4123 6893 6037 17270
4874 15272 7476 6810 15128 14213 19673 9366 18207 7037 13177 7557 15946 4319 1231 5236 11262 19056 16084 18037 14613 2947 12127 7843 8702 2613
4161 15034 10399 15594 11440 10394 11576 939 703 5667 9954 5338 7174 2022 6944 14421 3433 2499 4220 16040 6971 6932 16583 16309 12174 2799
15707 12264 3808 12345 10421 17297 19043 9789 6132 18590 5781 18621 4061 4092 5863 4552 3753 11808 19558 18103 5831 18914 17840 11675 4748 19381
9711 12887 16958 504 15623 19151 1677 491 18621 11459 11909 12897 13829 1405 7500 6910 13226 18395 4006 16507 16108 2860 14500 10507 2277 83
18740 18546 4550 13812 2811 17950 12492 1493 1558 9529 12826 12557 8229 10800 3396 14518 12177 5811 12540 12023 19491 6415 3350 4313 17236 2466
2989 19549 1718 4700 5937 8914 4471 18649 18901 16435 5522 10268 5992 5898 8659 10576 14752 18288 3940 19752 11754 2492 9071 11693 2714 6778
5013 8100 15661 16869 6213 3332 8400 1135 11401 8162 13940 3213 19708 6006 3105 3974 14807 10000 2486 7753 18740 9087 15123 7807 9965 16355
4817 638 12180 8466 19053 18104 2086 17021 1251 6123 14107 4916 8288 2488 4331 4335 17918 11351 16491 12878 16459 7356 471 2357 3099 9916
14061 15156 10101 4632 16203 18435 14915 8299 13066 6062 4928 12143 154 17371 6382 13127 2781 11404 15330 8758 8969 3921 17743 18824 3775 6474
11212 6136 7492 16022 7281 16735 12621 3803 6440 12698 8410 10008 17787 7595 16078 12101 19065 17118 7223 14503 16383 14955 13771 15152 13756 19625
1232 5459 10686 6516 2630 7340 9161 18456 14358 14299 1699 7496 7268 406 15589 13362 14422 18892 19322 4538 14237 10946 8587 19665 19006 9121
3833 15716 7629 4277 2528 2719 16046 7868 10166 11919 19833 3126 9067 5989 2201 7763 1443 16983 7513 15049 17642 14782 17889 12922 8118 4875
3601 8841 17235 11629 12140 17395 13822 11898 12696 1047 14414 7139 8947 14446 19290 17439 14596 19667 16340 1835 18226 18121 1388 11036 10155 1288
13903 9447 16173 19994 8850 8140 127 4783 11968 19289 5320 2215 13732 3579 15607 1603 11759 15590 5785 11784 6260 490 19655 8723 10303 1812
12663 5213 16572 19192 3939 7780 3319 1990 18817 2013 2355 7850 15456 10569 1715 8561 16018 18854 7451 6389 12656 3457 16638 1740 17388 13553
16275 7352 3565 10638 10419 19225 4038 7180 5124 5422 18404 8674 14667 6496 13613 19424 14344 2622 5601 11538 6517 1890 5667 12076 4563 14449
18315 11032 10606 13801 2106 11631 6142 4398 14876 14210 16579 9515 3307 3307 8168 9352 8110 11946 8250 8996 17314 11666 16163 1292 10820 4240
18317 1261 19561 1428 14032 9904 12175 5491 10829 13102 12039 9771 16404 11623 248 7036 2570 1711 16085 14934 16699 13771 10850 1661 9362 14553
14976 4416 8434 19683 16624 8761 13315 9820 9377 13686 11773 5577 1653 17780 2195 8144 3292 8176 11458 17893 12325 10700 3302 7450 2360 10
16474 4892 9907 4008 5300 12493 12114 19989 6368 15455 9767 490 6038 16840 2602 12265 13769 9097 8815 10082 5155 16057 18691 4853 10525 17156
17737 16941 11341 8630 18699 9203 19412 18700 15795 5465 17995 1112 16370 18097 4314 19039 13183 8186 6781 4363 11737 14285 16686 18933 3512 18745
1236 3888 14705 476 14239 16536 12249 16924 4634 3102 3357 8356 7552 6790 1228 15194 8390 18055 10815 4606 1086 4205 1662 14788 19925 8231
12145 18107 12907 12929 15703 1348 3365 1393 10011 3200 7050 13838 16819 9952 8017 6516 6030 15385 9918 9299 10936 9845 12273 16866 19504 18991
2657 10897 9099 19177 7551 16939 9830 16125 3211 15469 8911 12915 9623 11792 5626 297 15194 3778 464 17606 3016 12635 18002 9424 19500 14876
14156 13210 13114 9925 2868 15199 12139 15612 3999 9130 18052 8924 13331 3425 18534 12279 19962 3194 10253 18063 17489 6986 3563 2389 13774 4936
18711 13291 19033 14975 10614 10240 9601 7461 2841 2683 5631 6150 3588 14939 11902 7404 18114 4997 17789 17137 9185 14050 17050 12295 10301 13228
1411 17658 16755 18567 12627 2463 14741 3923 10626 1837 1860 224 19557 4795 6491 5728 18494 6696 13803 10000 3913 3027 19716 16952 8409 14114
17047 3791 5916 57 16489 19551 18746 14386 8467 18775 5544 12801 12020 16677 1305 8822 17543 18709 2907 10853 19229 12184 19436 8374 13267 4424
3359 8006 982 9628 13977 1844 8332 17470 17237 11709 3965 13326 963 16266 410 4913 12624 12878 680 18455 794 7027 8125 19298 13806 11821
4126 12864 7782 19237 16390 19705 4267 13087 7101 6532 1004 16948 14145 16425 15554 15209 1067 18875 15195 9355 4842 3490 4531 922 9179 1768
12544 12066 15864 14122 7105 7538 9523 18374 14936 19746 1549 18097 10443 11078 6045 5023 13435 12262 3933 3535 107 17199 6261 13480 8947 15825
11875 3225 11955 11997 8271 3766 1055 11503 14378 5066 6436 10130 17502 2129 3137 6214 1167 6147 16025 3274 5225 13667 11695 19961 10373 1115
