365
66 76 38 53 82 74 68 15 84 93 69 100 32 22 74 29 55 92 25 6 46 61 1 69 66 40
12661 19149 13875 14264 18857 2810 14007 19479 4458 9111 2766 18799 19430 16506 4835 11833 2358 568 12096 2884 16579 861 2082 1566 10907 14114
16372 2078 12237 5700 13460 19679 9530 7189 16829 18859 16110 7804 5537 12818 17722 957 5907 5485 2237 11744 16301 12838 10037 3863 17548 12382
8879 10859 13429 1109 15537 7770 13179 9480 19978 16021 576 2393 5993 13470 1808 16487 3615 11657 11301 7237 141 18872 19233 17255 12095 14169
12944 1430 2089 9947 4950 16510 12213 7903 5123 17610 13968 13446 18565 5775 5133 17650 3100 14367 11124 1318 7698 19591 13054 19095 14638 6437
2032 18991 3806 13004 16671 19841 15364 3741 19054 4814 7065 4925 19122 17034 13151 17539 12336 18497 14373 8208 16583 18512 5363 15457 2239 12746
9912 4554 3709 18601 13234 13879 17957 7199 13887 8511 16077 2409 4650 18516 2844 11674 12132 2290 3954 5801 16231 15236 149 12303 1179 12802
631 8682 2523 13907 17140 16453 4658 18808 15758 15469 16831 7605 373 1182 3709 1989 15672 18424 13660 16225 2603 1342 15384 1944 4023 3199
7974 12782 17441 8566 11786 10990 14975 18643 13133 18081 5810 16666 16040 9494 19516 1176 9093 1375 8077 6891 17990 16595 145 8454 8656 16422
264 1189 4683 570 9717 13382 10881 17560 16846 8651 11689 17782 14098 17123 12567 10244 8325 5424 3410 17447 8091 10917 13358 11530 10457 2381
6371 10561 17176 6167 18151 11379 7616 1849 7572 7476 2996 10669 9911 10588 15273 3457 14062 18500 10954 11915 4279 10829 15069 15523 10237 7802
10487 3799 3160 19212 5443 10667 17111 3712 13171 1009 11557 12553 2744 8605 15521 19745 8151 514 13086 6340 6319 16341 7307 18343 11456 18548
14649 18070 15766 13278 17098 5034 11748 13727 3449 9382 18550 16058 12777 3692 13350 10623 14039 12615 17782 15710 19401 18734 9773 16501 7734 9655
14713 8934 18332 11529 4516 9404 3356 6117 70 12314 16648 10933 10002 18845 2175 12426 3236 5953 11345 11984 11405 7993 11155 10848 10204 1982
971 4034 17126 15068 17376 13199 17184 11895 5251 18782 6353 1394 17447 17921 8202 11304 12725 9765 17554 10311 14343 10717 10574 3010 374 19613
10431 9254 17698 16166 18892 191 14476 973 10323 15517 18603 18546 4584 12345 18492 17963 15714 11257 14536 6025 7210 17141 18176 394 12847 7890
13209 4994 15113 19867 1362 7963 15068 7775 9841 1218 5616 18666 1113 7449 2899 15463 8891 19192 12582 16070 5734 567 7351 12757 1812 2708
6266 11308 11755 15321 156 8515 11629 3068 14773 14707 16784 8906 7330 14867 13536 3789 16309 18755 11141 19504 16221 19608 3435 11394 6911 19899
3432 11164 896 10973 7351 2197 19735 12202 19813 11680 14956 16008 16328 18662 8428 4295 10480 2047 3413 19191 5344 14460 3439 12837 4427 14521
18483 676 16962 4253 2784 6894 5581 13731 3059 18717 6216 606 2249 17435 15531 11508 17629 19989 16175 3116 19026 2274 16986 9611 5863 5284
11170 17910 17840 1523 11752 17790 15345 6422 14510 8663 13782 919 10227 9371 6974 1244 15035 11836 5903 7092 12426 15437 16102 12844 18679 6542
7690 16852 14100 11553 1355 4242 11090 7595 9902 537 14478 13717 9520 16148 1552 946 533 10836 12698 19558 9508 14346 6243 5666 2203 16548
19497 1075 13138 5076 7334 18476 1148 16968 7198 5574 12173 4097 16189 8752 7557 5586 2851 2013 9731 10085 18136 956 16975 16837 14208 2614
19573 4023 10256 16955 600 15007 13164 11461 2587 14560 13486 8238 518 16134 14617 14010 13027 11481 12224 6297 8316 4695 6016 12458 5476 11334
2360 415 8242 7714 2363 19493 15413 9264 5851 13420 12236 6613 12735 19522 12257 12934 6814 12695 12660 15741 5648 10677 18189 9329 12793 18372
12089 8564 7957 9631 14325 8428 2459 18594 6768 7384 5785 14472 6753 11340 15722 19218 3451 7861 2728 1621 8458 3542 19910 13020 15659 16974
7866 4180 4564 16917 16763 19989 19564 3143 7263 4286 7722 16153 13649 9073 14969 5302 3809 9826 17193 4247 4879 18105 6565 3320 7217 10927
16404 6608 2208 3250 7365 17616 14853 15585 17302 13944 7392 2218 9847 9584 18329 3562 12639 4859 13369 17746 14322 5999 3719 17649 18740 6154
3752 12128 7987 7226 12329 15611 12282 5406 816 16682 11380 19435 4878 4213 9560 4126 12037 10921 12464 8850 19303 8778 16648 5678 17854 3754
17658 7043 10721 206 6109 9221 12588 11537 2970 1470 8085 8665 19403 8667 18839 14596 9675 12719 11911 15074 1687 19196 17274 14802 10291 4717
2847 8615 16241 11669 9636 17308 8203 1289 5352 19347 2624 19867 10033 6266 14393 9677 4276 9094 5923 12568 6896 16433 5204 16986 3404 12898
13164 4887 16536 6316 9547 2818 18610 13861 868 16546 12434 6497 3476 14936 13927 4960 12806 4802 11192 8135 6672 14270 1877 16860 7423 4663
6495 7260 18557 2137 19011 14739 11123 5079 4432 10983 9300 16715 9097 8062 5686 14499 18375 4985 18223 1721 12915 1637 19494 13153 7294 8777
1398 14934 6079 8748 15131 1673 17838 1874 19149 6300 12122 11157 8251 2926 11724 3272 18076 9210 14739 961 14280 2216 3314 1689 12444 2138
6373 7086 221 18733 16669 5677 14147 17281 12197 707 6238 15555 18 3912 2202 771 2084 3083 12960 2026 11796 12367 5087 8838 6281 9289
1292 12785 19812 14073 9971 1297 4608 13039 11493 15174 3158 19912 19176 3505 10441 15910 5130 12136 18694 15693 7681 16435 2180 4746 15778 6492
8896 13224 9633 16443 9620 18633 8000 8105 12288 12561 11484 12372 2938 9684 8461 3585 6015 8142 11115 9465 4718 17367 12089 11502 17298 7331
4099 12648 17699 9152 15181 17300 17905 933 5503 8629 5057 16242 19667 11765 7426 4614 18346 13056 11948 6937 5421 13641 4230 18969 6145 13961
1351 3195 9313 17475 12690 10128 17769 2168 7804 3694 6330 2240 11684 17167 12950 14323 12226 6149 5191 2168 10041 12723 573 15763 16359 4228
11518 7730 427 2378 18441 19494 13342 5131 19140 12875 13712 2975 3146 17026 7717 6197 322 8242 14026 13837 13634 19656 5808 3638 2048 8470
15907 9253 4584 337 7970 15244 2241 3567 10522 13545 15735 11851 772 240 19633 5079 6278 8465 16667 76 223 16948 6200 11843 16754 17787
7701 2890 19405 17647 18853 5221 10225 3012 18330 15183 4154 9741 1179 7127 13063 11740 13009 13538 12046 17741 10217 1895 17354 11968 3483 5166
19924 13069 3857 9244 18932 740 5345 2288 15501 10832 9263 13658 1954 10429 3990 4103 6650 2844 16222 17204 7493 11870 8910 10813 9358 4433
2550 15962 17223 17377 8395 7900 10003 16658 17426 11172 19342 3692 8461 14539 11588 15839 4342 9616 18102 14848 11493 8376 14691 18369 3787 2548
10145 9169 7968 13472 6744 16022 5831 15963 15944 8966 18846 620 18492 8230 656 15582 2654 9189 9528 14522 4722 8175 5152 14591 13905 1066
4243 18747 7084 14320 10397 16648 3984 13747 3415 15127 13259 974 12932 6341 15332 6222 9543 8673 1376 8190 14052 10075 1121 11264 6570 11394
8489 2159 19419 1929 5134 10590 18214 19579 13397 878 12656 14857 18524 1518 3519 6711 19523 9753 12656 14335 3491 10742 9767 2957 17098 18272
18738 3144 1539 12110 14097 16061 12206 1125 435 10718 9732 7295 15303 14634 3467 15519 18267 4652 1640 1453 5719 7951 17184 15055 10500 9175
11673 13388 19734 14849 13758 5125 1241 18315 11086 5581 2408 3991 14417 11315 13078 15824 4916 19378 12674 642 5486 7393 17818 16008 19039 7325
17779 10976 4351 8191 1225 2282 91 3436 17644 6768 9405 13389 18705 4591 18720 6814 9082 16867 18075 8243 4947 2976 7579 6081 8359 19861
14147 1911 4065 274 4649 12221 6996 6689 1106 14173 6504 5502 15056 17054 11488 14227 19449 12270 10848 2942 13961 832 4118 10736 14880 743
18992 10191 15386 17656 6885 2990 934 17848 5873 15851 14246 3099 18542 875 9997 19378 8498 12795 13827 5990 6472 10760 8406 10946 261 3711
9632 8644 16664 16229 6068 11794 17388 16796 16292 12609 1304 10780 19054 14375 174 9028 4699 5232 10885 14952 13127 11590 11986 9875 17484 8865
13994 5762 13168 9600 19961 12622 14385 9039 1085 19500 14427 5275 13663 985 11556 16036 2235 17453 11642 7506 433 3358 7184 1233 14017 16811
409 8436 19219 8173 4729 13093 17115 11930 8642 18116 1826 9421 8447 7400 9906 368 14672 9239 14368 19582 18722 8683 16868 18050 3906 18169
8845 1946 17126 5361 7312 16359 10886 8119 15838 1247 420 6963 12450 16100 439 11264 8375 3038 839 4594 14339 7925 14243 13950 5591 15300
17364 14316 12327 14236 19677 19761 17387 14737 4731 5008 3938 12148 16641 9426 4701 16230 16802 1106 62 10484 13042 14133 18293 11867 13829 14049
14840 1357 18603 12134 8381 10608 4301 18045 6391 7259 7297 16432 11490 14130 7225 2922 9715 176 15019 17612 1725 13173 8248 16604 8055 15829
11108 8079 12579 16491 8642 2083 10002 10694 15346 2390 1149 18900 4746 9576 11274 4147 18870 4848 13781 19630 6188 12828 600 15299 17733 18031
9339 18074 11662 15836 17192 7567 15336 19584 14832 17434 16080 1946 1662 14915 17665 9781 6637 9378 8606 4548 16225 2993 3971 14970 18773 4934
10011 8381 1669 15096 7946 18978 18572 9841 16520 18267 19718 17342 462 3603 9726 1114 18121 3393 3113 19960 6988 7662 16255 8723 9511 15323
510 18140 11815 7493 6761 17609 10031 7271 13209 5728 18787 5397 3657 17632 828 9806 225 18179 11269 3377 17550 5612 5978 6748 14352 429
2116 4366 17567 19279 1077 15578 2889 15484 1825 15229 9455 14637 7040 17444 18909 14488 2910 15561 2630 3600 17998 10031 10537 1204 17694 17828
14524 18528 3411 16382 10379 8824 12582 13182 8040 11537 6378 9679 4571 5857 12011 510 866 16874 1981 1536 13267 11613 15116 11914 8849 19011
14313 11410 5809 11895 13928 11848 2097 4675 7981 17615 8254 49 17109 17264 12080 2019 4193 3015 205 6344 7074 19410 19062 179 9508 6436
3582 1294 8220 2778 11752 6730 13336 7504 17559 3250 13816 6342 12099 18368 16326 8777 18918 2959 11572 16979 16982 8589 6762 18444 16501 6223
15955 19148 13443 4482 10318 7739 15543 16361 10183 14390 1708 360 14681 10484 10431 1346 15190 1007 6816 17189 9696 15676 19495 10440 1636 5301
13766 2724 16796 1609 9633 1819 10890 261 7829 48 11840 18555 13661 10204 598 10282 19699 16884 16343 3873 8955 17942 2331 14997 940 12465
15928 8275 10881 19709 11960 14690 11086 11333 11507 3601 12558 12797 9966 12412 11514 4764 8522 1786 17891 17294 1966 588 5407 3240 6426 13385
187 17889 18609 9919 17210 19687 5213 2472 8886 5388 7251 17043 2972 15900 16670 5933 7394 19306 3176 16476 16256 18466 7169 4440 9474 19382
13425 11787 14865 15646 4040 8091 2220 5934 14195 2709 1646 17968 13465 15797 3549 17087 17405 4920 294 17133 16986 7725 17522 13715 17873 2872
6982 13069 5567 1671 7452 12936 3499 15245 12659 1193 12525 4238 2455 9500 3572 15121 19476 13238 17211 10947 10550 5948 6622 18852 14155 604
5341 7007 8578 13125 2379 8017 6891 1818 8919 10374 11605 1258 14472 19933 12176 19118 9507 11337 8901 4750 15921 2931 6780 12018 1654 8217
6722 17170 2807 18646 13631 16513 16314 17712 6482 13957 8218 6456 2316 13414 15180 8424 1696 1458 1245 16754 13578 14996 10130 13513 16357 14732
18878 5541 13822 1343 17198 496 3510 11569 18177 9488 17198 12885 19084 660 18702 15765 14320 16226 9515 12112 4963 13296 19521 2084 4197 15515
82 14704 2947 244 6413 15457 10190 10848 5141 6683 18897 14220 14129 15597 628 1517 9263 13433 12480 17638 12257 14919 962 17089 7778 4968
4723 16596 145 12970 3263 10648 2319 16627 7338 9822 10868 4310 11211 7993 2299 19944 6145 11476 4134 18154 9671 11644 14565 15760 9179 3083
13017 11242 8203 5420 5693 3312 1674 17304 8727 14088 12606 19288 3603 14584 6386 14001 19912 443 10 11287 11345 12074 3321 590 1826 234
8459 12836 11238 3444 18824 10731 8429 17084 3577 199 6221 10385 15943 1902 11656 9047 4445 10039 9933 11269 14346 11564 19152 7982 8284 16481
13859 19574 8444 2879 8093 14925 10220 2559 9044 7624 13033 15491 8975 12292 12046 6809 19062 15972 8578 14636 6042 18887 16967 5270 13347 2622
10965 10472 3319 208 2887 4653 11679 16317 4594 19767 5237 13202 3160 16928 19723 5052 8971 9973 14215 14406 16710 12725 8395 7553 9810 8978
6451 14598 8476 14999 8077 6512 7657 18164 8909 250 11364 6672 14545 11718 1944 7539 921 18577 18393 12230 1826 6406 13444 10463 10420 2965
18579 12948 11801 2102 756 13026 9992 894 835 14185 14397 7273 2617 15996 13730 8073 11895 16420 17536 2410 11187 19755 4365 5408 11428 18068
3602 6153 2183 16027 1041 8848 11825 6702 17595 3105 5422 3455 8847 12835 338 1702 14334 4098 12960 12190 14156 6007 10875 3990 5537 2238
16071 18860 1314 12793 3888 1042 3987 6796 12544 7504 10855 16138 18184 11705 12236 13668 6880 19073 9368 10987 5117 6604 7059 18942 13750 8529
719 7389 5678 3959 1040 13155 13764 15408 17838 4852 13073 13771 3790 10995 5853 11613 839 11228 17141 9422 637 13831 12765 1007 9957 10707
7298 14422 18357 1931 9329 7365 11715 9829 9242 1671 7866 18219 571 13401 11413 19396 18094 1116 12610 16905 6973 16300 19118 555 18999 4243
3539 18464 10813 16914 16145 3961 14478 10964 12318 1010 17683 8088 383 10024 6610 857 1793 11795 9366 14665 13346 12288 16626 11908 18904 4372
11626 19528 2917 18045 10161 10721 7182 11046 15364 11826 5333 18584 1762 8280 7411 15605 6412 2228 13201 4731 9301 8322 9793 11483 19549 13412
14097 14986 5997 10463 15410 13102 11648 3464 2418 104 18110 3151 12248 1577 16197 15460 659 13198 10350 18260 15879 6379 5802 16664 10778 17296
14758 3366 6423 75 3770 19069 6684 17059 11271 17061 11775 4149 11279 4590 5504 13554 3945 8047 3555 16553 15148 3702 3798 19114 4806 12087
18773 8462 6328 7712 2496 15365 19503 8050 15630 7396 11920 11294 13990 17407 1033 8865 16407 13610 30 17121 8496 4634 5575 5029 1892 7610
13281 16148 9880 14669 13815 10590 7911 16616 5978 5923 13256 19443 17630 19668 16672 9246 9220 10775 3474 19403 17472 14015 8772 16949 17197 8694
8860 1238 4908 16732 9426 2448 1855 12732 19748 13846 5716 8951 4490 14578 16407 8565 13477 7967 4922 18679 8467 9416 17359 10972 5453 10025
2894 4900 7518 13861 1467 12996 0 3201 8376 15305 2562 1138 1193 17842 310 15739 16018 17387 13295 1078 12078 14312 3211 13002 11400 12787
13049 8046 3949 7268 12698 6980 3132 14197 11865 12476 19154 9879 13020 19969 12804 6294 2544 12905 16308 3615 7972 8388 4650 4503 13970 1998
8754 7850 15732 11415 8503 9764 5339 1306 3648 2667 7796 13401 15055 19053 2939 14723 12424 11766 12043 604 2034 10212 6196 10043 6236 19247
4258 3980 17975 9798 15752 4748 8642 3680 12658 18235 19602 4768 17066 6249 13405 3302 4891 12170 17299 5823 15440 9569 4426 18257 14739 12661
7546 11774 11187 19672 16611 15095 15275 4715 118 9826 18075 19417 15892 11278 210 5427 8335 11048 14025 14681 18751 3503 10066 16569 14367 9579
4798 17087 1152 19480 1532 11430 11418 5200 12983 17644 15693 4866 8294 19031 7159 1663 6082 16563 15551 19997 7264 16871 5235 912 12614 4864
6 11218 4996 1426 12114 472 6292 7963 18145 16538 13143 18626 13350 13166 19741 4852 6520 3764 14763 12147 8274 10318 11164 747 17443 14349
13621 10388 13702 15221 13912 18841 19738 17258 17748 17066 2732 2589 10483 14180 5562 9997 3881 10867 9345 116 5443 2835 16421 5883 13280 9639
17533 8436 17165 4968 6724 16339 4812 11659 9346 3497 11400 13887 4313 7448 380 7825 11327 17072 1077 2336 6517 9917 15716 17205 13517 6086
8980 11006 14243 11637 19517 18096 12639 885 8153 109 17522 9005 2120 419 3513 18019 9664 12367 10 5847 10905 17287 804 7423 13454 10977
14599 9543 4046 3797 18748 19114 2254 8715 12646 12423 14026 5454 6094 4634 16236 10680 19582 1389 4515 6458 13948 8499 2029 11010 6729 17828
2964 18743 16874 16762 10484 16040 5809 6958 2535 5869 3693 9600 8968 5404 583 8070 18941 2300 10925 10640 5666 18072 9142 14166 3662 11808
16593 13472 2399 17660 11247 2266 17156 8147 17290 2890 15843 3377 2058 4863 10526 9800 13455 9727 17901 11269 19269 2985 16697 1108 6244 13724
4898 14487 16186 7921 17041 2194 15601 12947 7033 15780 3778 2367 12607 1802 15393 1139 8701 10852 11766 19793 11146 13282 1191 17702 12282 19035
3977 4857 8706 14290 6883 14213 3165 19948 19381 19558 3449 15196 16322 8107 9039 6610 7243 7317 13047 3366 18519 15294 4695 11312 17051 18542
1234 3831 7438 1752 18520 3164 552 17867 2283 9488 19698 18247 16099 5130 3394 11116 19888 10631 4630 6771 16364 9103 8226 9923 10755 7863
13225 3994 12595 3413 9194 8416 15346 18561 8990 4920 1829 5486 16116 5204 6045 7077 16444 698 16812 19643 13130 7578 4316 2846 6970 18780
377 738 13026 12506 18886 8387 4875 6675 226 9910 18641 18307 12833 8026 17726 603 12525 3773 11609 17520 12408 9950 5488 19093 13209 18857
8219 16453 11235 2043 13181 13064 4806 12628 16553 16861 19412 2976 16701 11812 11803 1093 12961 4419 9893 14619 7282 2563 6032 2146 16248 1386
17621 9749 9639 9831 3691 11634 8194 634 10040 14704 8608 10793 11611 14687 9457 11261 14838 18025 19949 10075 8095 11963 4357 10604 5167 6369
688 9363 11978 12086 3598 13846 6088 3546 7960 15472 6098 4515 3372 17349 9679 10846 4592 4766 17042 17664 4825 1654 12879 13140 5445 9317
6636 6172 15544 15398 17039 2278 1892 5973 15626 8030 3300 10402 13739 12718 7395 765 17473 14319 18381 8605 15826 18271 11707 16642 15080 14814
5603 5399 10693 4020 19041 17649 13513 1249 14956 8072 866 4065 19025 15186 11478 6538 2662 11919 1945 5773 15337 8888 1597 6251 11919 7854
14217 12957 15553 6183 6937 7659 9883 18782 433 5948 14420 9185 15502 1217 19661 951 7725 17566 13051 1593 7733 14305 11350 4640 18774 10184
3455 19965 5201 19325 15010 5810 2402 5943 10337 9318 9203 2506 11479 15442 11444 1139 13265 4301 14456 18672 13446 18082 6597 9722 17017 12371
19324 9364 11697 5035 19467 17064 9307 6986 9290 2497 8000 14287 14685 11624 16398 12650 8554 14004 6099 16305 11439 1795 2737 13265 15260 11627
3990 13365 17178 18225 11608 5380 19904 10953 13823 8126 19025 18469 18047 13776 3938 19584 10525 16827 5788 11745 8434 7286 4410 9180 15351 15873
2969 4879 12610 19303 12814 16217 1984 11032 9161 3187 7387 17036 11592 17419 1843 6627 8410 8452 17144 864 16946 19498 1367 19967 145 15733
9176 18220 2334 8689 13450 9750 14609 13447 16829 746 15170 8443 13091 1616 5759 13984 9033 12780 196 5775 17160 161 17740 9987 2141 18543
15869 16853 8951 18453 18877 1156 4242 15477 11161 15899 13314 1974 10576 7278 11975 3895 13611 8089 3355 12019 18591 5460 17175 7191 10438 6465
9986 8540 14961 7333 5970 4761 5134 1203 10197 18804 19376 7584 4782 19831 17764 12552 11006 1845 4734 17522 8325 2611 11962 3461 12884 15101
18227 13686 10990 5244 10370 12234 13075 1379 9568 17898 4232 5148 17683 17536 3991 7261 242 9128 82 580 11174 2791 10326 5517 833 5709
15733 14642 12838 3716 7176 17744 16731 431 7590 83 6683 5995 17468 3451 4493 12377 1233 7334 15419 16927 1483 8811 11410 3627 19509 10947
15828 789 8880 5784 18348 5097 19719 2566 9941 8363 8840 7709 14135 19424 9512 7459 438 8409 14277 18882 12140 19932 16348 851 3264 12071
8266 15463 2223 19235 16515 6075 17776 8430 10716 19200 2655 14055 8620 8173 1328 17973 19164 11726 10414 1395 15656 19465 5678 14655 16315 14882
11613 7504 3673 12669 14154 6249 12565 6050 5717 1207 17736 1847 17597 15508 4725 11933 16545 11177 19742 14896 967 9154 12858 17834 19806 18238
10822 1265 1245 11460 69 2320 11259 478 11029 210 18178 7044 10821 6720 16908 14755 17088 722 706 877 4042 6294 13049 13604 15297 16551
19766 9321 6429 6710 7538 13065 17101 8468 9704 5388 11507 13367 19870 8209 10499 3849 18717 10307 6795 4173 12397 16589 6480 4955 4976 10939
352 6940 5563 3124 927 9375 3167 1046 718 4644 7068 9132 19524 11190 8389 10787 1119 7371 4447 562 12726 12558 11259 18073 16837 19104
13692 16848 16286 13961 3633 19245 5306 8227 3861 15128 6857 11789 8302 18139 9587 13759 12998 3414 6068 6766 11087 15114 15784 1076 1933 9153
4719 7997 11935 11768 14468 15100 15801 2239 4491 9588 14937 6913 2499 17092 14657 14966 15594 11928 5603 7332 13334 15164 5451 549 10792 55
14983 12497 17116 13292 7621 12183 5603 138 2415 19893 13194 14526 9636 17128 8221 6917 14750 6457 2852 17146 3218 15710 6084 7893 1452 18531
9610 7404 4546 19061 2192 17774 14691 15532 14155 15690 1250 3365 3338 10392 1564 17538 11319 3189 4491 4213 1499 4135 18432 12600 2954 5631
15109 5306 6967 2680 16252 16431 8612 19657 248 13566 13162 12928 1717 17565 4744 19227 5017 10928 5935 8731 5148 19872 461 3294 17593 10252
10891 17345 6829 15829 2163 8304 9026 5520 19650 5463 3603 4962 8841 2231 12404 10740 14082 2426 295 6467 7569 14333 7220 7544 15502 5251
3559 16440 19486 6033 529 15849 17145 17391 386 1205 7243 12819 16285 1241 13129 16031 9146 12743 14443 15269 18818 1645 7819 15692 6334 12348
16987 4493 19926 6727 6520 18541 18285 5927 13356 3640 11622 15500 660 17454 7236 4391 17694 13304 3536 4460 11552 4910 8542 13544 800 5554
12446 12823 10945 5313 13066 14879 10418 6509 5272 9690 9078 10427 11613 7729 11738 3662 5037 12729 766 19374 12662 2188 3176 11031 11231 5300
10998 16071 19743 15593 1118 14531 13424 522 12840 7349 13663 9641 585 6650 2023 5119 7806 18563 19410 10850 16194 6401 13695 509 6140 15788
7529 10561 9277 19936 9222 4957 15477 19780 5311 15848 18039 4747 11852 13084 13196 10200 17736 13115 7718 17809 2298 5287 12571 13642 12014 9527
3118 4656 10006 15869 17542 14336 12334 2051 10906 9177 5347 2002 15225 16089 2717 10303 3417 12722 10753 2011 16261 10774 5817 25 16603 18859
9079 16515 13634 4856 16054 14175 809 7855 15048 1499 7233 3051 9389 123 18694 14706 18553 17834 10208 19607 19238 12711 11385 7974 11598 10649
14747 2555 5322 13882 7270 19271 17219 2753 11660 1434 6351 9868 6148 8069 12591 17402 8197 9057 8905 19070 9429 13130 15273 16179 16391 17594
18399 5257 5071 19057 8072 989 7694 17901 15734 15862 16837 19192 13202 4353 11327 18256 14320 6465 19895 15580 12949 9427 19255 421 9154 2555
19774 15117 4142 12121 2117 16584 3538 999 11292 9153 7267 18509 14874 11846 3216 8851 8014 8091 1459 13410 13003 13800 19982 7414 1479 8007
9119 2192 2083 9964 18442 3494 419 5475 250 6269 3616 3800 1177 9763 6609 12158 12894 7499 8854 10272 19274 13180 1405 7338 8778 10633
19917 3221 19200 8282 6198 16397 17004 16251 8535 3865 16435 7855 3545 11292 9312 6248 11290 9317 16696 18782 7657 11388 8531 301 80 9317
2202 5222 7177 14246 1742 7568 13279 19059 15558 19123 16329 5996 2041 10177 19353 5864 14477 7500 10883 8145 10170 18877 1080 7211 14206 7937
12604 1282 16699 4671 2379 13230 332 40 11906 16535 2141 4596 2030 1298 5329 18424 15885 12122 13299 13974 6034 1277 18732 18945 17908 3338
9508 19386 1858 12722 13229 12417 4596 10505 1790 13287 18153 273 4961 4879 10111 5982 13821 18279 11851 19217 19960 15804 2102 18124 6186 6335
18828 15464 7275 3357 6010 16858 9945 18971 16004 16148 10240 18994 10095 3703 9515 9512 13743 14229 11228 12387 16887 7557 19364 19095 22 6765
3980 6725 8762 15848 11294 4867 15774 17189 13495 6665 12954 13858 16327 15745 9116 621 5213 13824 16865 8335 14762 19072 5041 5379 1964 7642
10124 5633 1707 6098 5824 18156 18147 18419 7991 11427 725 3853 3157 14942 6530 4337 10109 18075 5801 6073 14564 7717 4054 5376 7668 14114
13414 12265 6594 9017 12363 14933 18854 17360 10015 7598 16829 7808 12439 2152 16230 14284 17166 4693 8610 1395 13454 12551 7011 10865 9580 1803
1862 15315 7608 1996 12440 17491 14414 3065 10289 17907 2154 15588 15245 10976 9425 2058 13090 15302 8077 5085 13977 5409 7477 444 16887 19461
1994 12487 7282 6567 298 4114 16350 6425 7728 1559 17824 17072 12348 16312 13119 2165 771 1718 15157 7779 8520 19843 946 5519 5409 13765
3374 17551 11992 4919 830 15854 6227 15090 19321 17194 14715 9037 6201 5482 14164 13979 6666 9831 5500 18609 11194 16205 13160 2747 6247 7525
19427 2890 13075 6373 18099 11655 6990 12752 7396 2879 6938 5777 18224 968 4001 4253 4285 12368 11632 14636 8391 4817 8797 13218 19065 16366
8411 15116 16641 12913 18220 1622 14724 2180 1221 12456 13213 4344 15540 17186 14022 15025 5749 7942 13374 10069 8424 11539 3148 6899 11553 1846
13788 4031 7868 18502 18674 2277 3826 11899 12603 17165 6320 17624 3909 6574 10224 19786 15718 18520 18387 705 14283 10028 18147 2930 5577 6806
14404 2439 12461 5061 19067 19634 309 8853 6603 19709 1455 18558 17651 1781 7585 1484 2501 14682 17032 14838 7550 6249 295 13540 17283 17312
19883 16597 131 3329 18199 19690 4787 5708 7113 3074 12831 1015 16223 6370 626 17216 11857 16752 14574 12062 16866 13991 412 8940 10396 15068
4996 848 1194 5800 14001 13891 15827 2214 8658 11011 16581 18737 13976 8276 18309 3173 10345 7786 6862 14619 13875 6054 4438 17548 11592 18302
13893 7887 4497 19799 13137 17980 17995 4342 18272 19425 10143 7474 6650 11186 17214 7819 3931 12654 9955 10822 3447 2138 15810 19404 8221 12673
12325 10311 2030 8707 12393 504 13784 16631 16230 19540 16224 15636 7449 17275 19971 17744 8129 15662 13942 13619 2287 10319 5101 9914 15820 4467
160 312 12755 12523 3575 5527 7737 4238 11493 12510 11148 6598 4210 4790 6751 19275 2915 16275 18245 12984 16350 3334 7402 1757 1828 1265
1680 7388 17754 11740 940 13964 17594 12175 1593 15715 7139 4087 19480 14590 13011 12461 2523 4302 14597 5116 4682 11433 17056 10868 16993 13189
2583 7902 15848 19579 16870 7282 584 10477 19258 19548 6073 11396 9009 2847 16013 8924 13484 18082 4602 16460 504 16498 9941 1286 10388 3218
11577 2580 10270 15288 7669 2216 642 14067 19650 19283 17943 985 11225 5667 9316 14254 6891 14295 3506 13946 10899 6581 16571 237 7211 15739
1276 6690 4025 10664 15887 8078 19474 1817 18080 14960 18821 11368 9137 12460 13955 12714 6240 13009 17846 14169 12815 14207 13513 6494 11954 18910
6067 9551 1325 17287 8385 14689 16812 15254 4236 12506 1009 4372 19905 7721 8298 6836 13631 8157 791 10792 3759 11514 5855 8257 4857 13670
18906 7109 3530 11055 6740 14374 5565 9596 17137 9952 17156 11432 14742 17524 858 14459 4129 1522 13961 10095 17093 10792 16430 7369 1243 15677
4858 15779 11539 2273 1214 2145 10482 1569 19845 9110 4787 18911 13767 746 8576 4195 4628 3761 7265 13072 12894 10381 7702 6188 11303 19036
6146 12768 19712 13222 1812 8920 446 3405 12331 2978 16856 593 5314 15775 9662 7818 14680 3290 13496 6735 19539 12748 18855 11989 13977 10223
5139 10304 3297 11562 14753 6653 3180 3780 1334 2893 14474 998 15489 5952 16134 12229 11275 11888 16196 15797 8876 13674 5964 16855 14856 16968
12845 17 16094 3918 11299 10220 1779 7204 18589 78 4268 9473 10203 1297 17584 17234 8266 10266 8936 2638 10110 9935 2621 450 17456 5369
2737 7054 9037 10396 11362 12424 6786 11781 12922 9812 5976 7119 19569 18185 10600 15520 18643 19621 5643 549 16136 140 818 2115 1 8264
18922 9538 19152 589 6234 12078 17202 4697 11828 12288 3584 5721 4408 16626 5072 14673 11685 18282 7626 14847 11450 15599 4272 10744 18970 2460
15294 1065 1150 1600 9783 3752 11914 14032 14818 3918 6226 15223 13003 3223 16925 12602 1250 9828 17134 4972 2550 13412 8817 11382 10388 18947
15580 6916 9610 10691 18179 608 11210 15350 19358 10571 10569 1185 14691 16605 13848 1343 9546 15626 17857 2066 5362 670 12308 15674 8519 9983
19433 18287 9739 10582 17363 3352 5535 18181 14572 6910 19763 10245 10921 3071 10221 2972 5203 10702 7115 7747 3758 16135 688 6117 11391 1618
8549 13332 4787 19686 7121 1245 10179 11379 3158 5658 335 6748 13890 5687 6301 19885 6785 17168 16051 10695 524 16680 6342 10861 14116 9219
5887 17182 19283 1173 13353 3304 14399 10542 18494 8389 30 13616 5298 12696 12805 11039 11707 2681 15068 12066 3440 19673 17726 14185 14581 16301
6149 8529 6244 18388 14327 18498 6148 5764 11901 4983 3738 4296 7570 15707 7871 18898 3784 13148 19598 13309 4795 12404 290 2433 15876 17165
950 500 11630 18045 7813 3961 12821 5890 8550 8191 3960 18441 5538 16424 7349 4958 9000 13332 15570 13882 19118 9431 4717 17394 17143 11272
16171 1139 5808 3665 681 3462 302 18197 10635 17102 15953 3416 19467 7558 15233 7871 9583 2379 13313 17467 2048 8076 7936 14945 10264 10851
6138 5326 3291 5152 5990 16301 3413 11297 2617 17249 5108 16577 16206 12332 13220 7660 7640 18241 3912 19073 7098 2506 16378 16962 4100 2851
9875 5675 12733 14280 13625 3325 4922 6691 7891 2437 16849 11638 12721 2756 11289 15483 16971 6723 247 19780 19412 14002 7540 18607 12736 363
13607 6902 2496 19421 19407 4198 11154 19926 4000 11904 14289 14568 1799 15689 8832 12643 4307 3553 14603 15370 17808 17969 13541 9304 13681 3067
7892 14880 14563 17247 14584 14493 4050 3650 11075 5659 6047 4963 1119 6819 3139 19729 10454 942 9519 13025 9349 8680 3045 1737 16337 3106
6971 19297 4237 10924 19634 1799 253 3982 4443 10560 15614 12977 8304 2345 18357 13309 19595 10885 5515 18474 13576 1141 7432 5540 19069 11941
1383 9058 19360 2427 4411 15694 2962 6146 293 17477 4214 10042 2963 4922 4776 16 3260 1699 1802 9756 8439 5582 15427 12756 6320 10115
11962 16821 6422 847 19722 18550 1528 2190 19994 7866 13032 5449 5847 16536 15976 18627 12723 9466 3867 12145 3914 16486 11008 11408 12730 18901
8727 13392 12101 10709 8260 18803 16007 5822 11291 3951 3574 11087 8761 13864 15690 6795 5298 8091 6065 9133 10498 19957 12054 2278 19323 16170
13095 10532 7752 7388 4721 7021 9424 9304 8398 10899 1884 9567 2624 14560 12298 2837 11245 10718 14313 17159 18066 19666 2476 18692 4233 7236
15226 4576 16770 11146 9191 8842 10363 19912 6066 9693 6175 5400 6978 10079 1962 8744 7353 7098 5495 18028 9224 11689 8799 14847 15734 8206
9146 8793 9755 18352 14283 9940 11459 18027 6808 9997 11665 13712 17576 11055 9383 8983 9627 7027 10390 7314 761 12243 2631 2856 5233 7027
1272 8513 9465 11463 15886 13756 6896 1666 12749 6049 11083 6398 3279 14048 7804 17830 14978 11320 3345 13194 15099 10837 7039 7328 19083 6393
5522 8598 18089 7564 4708 4819 9369 7080 13450 9735 17992 18338 9431 17079 15695 17202 10143 11003 6022 15269 17084 5364 1483 19034 7458 18031
15213 3284 13827 16464 10896 3364 12148 2479 15806 13228 11582 19536 17636 13196 5752 19908 3242 454 2727 1171 14187 14750 15065 2111 13162 6980
11583 15685 2526 5081 8637 3336 13322 7763 10579 14096 6224 17931 8812 10038 2938 11139 6938 972 1550 4263 11276 4162 11731 1225 4623 4990
9819 16581 10127 11732 5212 4911 1504 837 10382 5732 12774 14210 19805 6621 9619 12100 2800 10303 19321 18185 3318 8438 10072 7298 11606 2074
16002 15450 19780 13738 9336 12 9426 10758 14818 6855 17314 16106 8488 13920 9827 4542 9072 19470 10573 1684 963 17661 6192 15891 7271 9767
9997 5997 2431 11736 16904 1087 19887 7486 19263 18980 19960 12709 13526 10676 8294 8272 3731 3053 9427 17453 13784 4927 12772 8984 19420 11033
8753 4822 18490 1958 11053 12085 16886 10711 12679 15456 17497 178 628 7478 3242 9183 18225 390 14839 8642 11243 18203 13011 15994 18432 8129
19667 13437 2215 11120 15435 2073 11459 723 7590 17041 10055 16248 10131 17262 10877 19023 663 9474 17218 2680 1831 8269 10669 14436 1500 19030
19070 2066 15338 17369 7719 5309 4921 3198 3475 16667 1789 12045 8879 4881 16566 19717 13827 5768 3774 12814 17136 14998 2599 14261 9122 10122
16506 17613 2755 1521 19196 14323 7624 4934 7322 12178 19996 2559 10746 6306 3486 7416 1686 10535 5060 7258 10079 3378 398 5486 4105 16716
18957 11393 15331 9097 18049 17950 4482 12063 12399 12021 19491 12635 15478 14402 1512 3714 17665 12915 14535 1185 11600 18449 14424 9386 8445 2896
16991 9754 8869 4546 5597 2871 5826 15529 17492 1572 19983 8010 13651 6653 18420 10861 8567 16061 2488 2298 15671 5903 6495 15008 614 16355
2118 14501 7366 2353 10635 4964 4578 1609 11833 13559 18533 7684 12363 3868 16102 6873 11722 14254 18746 19262 14824 11288 4895 18394 11396 10791
14674 12752 10232 2612 604 15619 16025 3909 9804 12521 15526 10108 12072 5784 15714 15563 15755 18758 3047 18487 19276 4908 3629 6405 17703 12542
4841 16265 16633 14472 10405 5826 1028 5836 19873 1727 13097 1703 14071 17059 1357 13265 7998 16756 9450 11287 11259 1459 2398 12930 3842 17701
7379 7966 9130 11209 6504 9376 8525 16276 16278 6249 17210 10796 12866 9092 6360 7364 4117 8208 9015 9645 8805 9533 8420 13578 17340 15177
9234 14833 17091 8449 18280 15021 8661 7246 8355 14869 14361 18250 48 2440 12621 13811 4862 2075 9437 13630 19406 6670 13947 10949 17099 835
11071 8419 11475 12790 991 7711 2795 2236 9410 17791 8998 11530 3892 3193 9590 9618 4167 19450 6463 17897 16485 15419 8029 11652 8394 13440
11434 14661 11797 19242 3331 17879 5566 1152 14379 15463 12528 1441 5908 19197 19219 7927 11088 9406 15431 3525 960 18186 684 19085 5502 2211
6151 11953 7722 14485 13919 3890 2076 2711 15098 1172 14445 6036 9855 2386 6056 3886 11179 7993 12727 8760 17879 12979 18638 17662 3334 18671
16348 7952 18486 14142 9351 3876 15873 7847 11721 6722 1635 13440 10155 14883 182 10236 16632 11407 18081 8444 1361 12504 17523 15714 6769 17093
15023 18791 8271 15483 5840 2374 7196 12574 16153 18549 13935 3115 12054 19255 15431 19355 16744 19015 7162 10206 16731 19927 1487 5381 2572 19305
4804 12361 19763 778 7253 12054 14560 14543 18101 2617 17712 10021 8225 8314 12081 8325 14373 13133 11835 12462 5142 15915 2937 10252 4787 375
16383 12024 1963 2856 16590 15960 7548 11418 17681 12382 2913 1365 5190 7412 171 11475 17630 3789 11285 11708 17636 5576 250 13187 9594 8483
2050 19038 5308 1884 8258 14814 17709 16496 9888 7420 8926 876 13936 14198 9937 11915 13069 17003 9355 19242 2861 11925 8455 4190 19993 16028
7294 1414 11284 5362 6285 3656 7428 10831 2501 103 19397 12364 12143 19686 16465 11322 1835 12986 19922 17207 15364 6558 6291 5116 8991 19017
10061 10037 2588 5628 1408 14467 2248 17620 5338 19021 6670 10209 14768 19297 2528 13566 904 838 6612 17073 16121 18236 18157 18763 6038 7065
2572 7877 10649 5876 15637 8554 1026 19994 18608 13716 18223 19135 3998 14300 14742 19839 9194 3833 2007 2211 2498 19576 19015 763 4246 7999
3011 3282 3596 10379 10383 16843 10478 4243 12934 11131 5467 10986 7564 17085 8848 6261 8200 8453 7005 6396 7067 19502 3737 1739 17919 1954
13564 9480 7913 18717 5404 2218 1561 11913 9200 2697 9677 2236 18340 2412 9831 19521 4193 14682 3903 15093 16391 8612 1650 2233 8273 15778
15395 19616 3597 2458 13716 5437 15287 16701 3443 833 1089 19135 4109 15570 9070 13905 10387 2358 6381 10490 12390 8531 14526 1141 19848 16137
14928 14871 9873 1778 4122 846 4624 9824 2346 12979 15960 15097 19369 15719 19690 7581 12759 3005 4017 19891 15531 12267 8203 17355 10916 16258
4715 12096 7593 4814 7013 2238 6376 2776 4468 4154 724 10262 7735 6115 18778 19205 12925 11113 14648 19401 10322 19587 6533 3599 8557 8128
10903 5387 12311 13200 17241 6271 6145 12699 17586 5678 13161 10438 13737 2157 13387 2721 16136 5989 14130 14197 6257 393 10053 7025 4622 7283
16502 19491 15371 8378 3180 10788 2460 13994 16824 14128 2922 3430 7794 1063 7559 10426 14243 678 8639 18437 3881 2167 14068 16576 17285 11151
6881 2776 6137 17609 1144 14783 1767 4594 17153 6669 9750 12892 15326 11276 16280 12277 6315 6368 11260 6844 13573 19411 1787 10199 2485 7291
17827 7166 16716 16547 9008 9406 6697 19396 9256 7758 18523 5250 12266 8619 18693 11917 16002 2303 8517 19940 11792 14458 204 6148 1270 8994
17693 5776 18974 605 3506 4053 12716 11121 18216 7321 5129 13200 18765 3566 5157 10078 19568 16780 9474 6212 4693 13365 6997 18611 145 12274
13340 14751 8574 5531 3208 3624 8426 12987 19306 13918 15217 19763 14088 14534 4985 19906 14777 12621 12656 3491 17673 14516 16362 19620 7789 2488
5223 16234 3388 234 8238 13356 12765 2038 19197 1588 15231 4669 7107 11919 630 11144 2374 16242 18513 17128 8080 14450 12366 9170 718 13744
17103 19658 7518 12829 2184 15929 7891 3366 18037 8921 672 19347 8514 1952 9181 14584 13309 1592 16966 6106 18567 1312 19763 18979 19298 16245
19466 5460 4437 4994 1229 549 6372 16167 5976 5149 10655 6573 11221 517 3216 11250 18800 11979 4270 19690 12909 17685 16252 11358 9435 17052
170 13198 8678 8299 1755 7848 15612 12216 14450 14635 912 11212 6420 10082 16912 6064 2265 18502 1332 4680 3138 19603 12240 2310 13624 12127
17922 14270 16175 7404 3919 6067 2626 7362 6976 1699 12692 1574 19894 15996 7194 17170 1894 16424 18246 15728 7276 17454 8917 13546 9740 16095
8182 18806 1089 7403 6031 16124 4035 9761 16230 2774 18917 18928 3497 8218 12479 12281 5780 10337 12332 18393 3122 12084 5739 4909 5958 7684
8318 10600 12228 11062 17819 3547 12383 17214 2246 9232 1846 18124 10073 928 14511 2366 4641 17738 7804 4800 6859 7882 978 7015 18959 14010
1145 9354 10373 3720 18597 5602 13607 14077 2354 13113 6423 18951 15009 16821 18101 17105 17813 6174 14089 4556 17624 11183 3143 421 18552 430
16944 7363 3105 17175 3143 11169 17227 4801 9688 12662 19652 8550 17303 13670 6548 9626 10129 10428 15689 5868 13573 12510 2972 6472 14349 8546
5678 995 12324 15684 19415 1723 4013 3763 10905 8292 9666 17148 7922 8744 2018 7761 7534 14189 15738 13790 8629 5286 15422 12370 14586 11834
12819 17462 1472 12252 9441 19280 3013 4861 12863 12014 19742 8893 62 877 17583 2645 1428 13002 977 17637 15689 3692 18620 8406 12470 9084
6503 19705 17281 7839 18161 1088 7407 2954 8779 15261 6810 34 13976 15800 11047 17054 16075 6243 11321 17819 1146 6211 17542 992 17653 12175
197 10004 17702 3408 5305 6829 16837 7576 15127 13779 15510 1374 4734 17825 12188 10580 15481 988 16677 15208 6020 2910 13730 11137 12988 1497
6201 5747 570 12886 6106 6728 3513 8623 9046 864 477 14443 6802 7991 16693 8192 16910 10180 248 15712 11698 1686 13954 7471 18406 6029
13181 193 19275 19376 10395 15108 18732 8178 3471 4653 10195 5026 17227 5079 6336 5865 12053 19056 17345 9643 16078 7363 5419 10589 7959 19482
3135 15796 15949 15067 16825 11244 18931 5941 9780 6132 9940 14720 18993 18292 8497 19441 8293 6222 7676 19351 4881 8588 9567 8100 1512 4034
17149 2261 19272 16847 12619 2251 18302 2040 11262 7989 16327 4668 5162 10078 14600 17446 10741 2041 11066 3180 4179 15060 2306 14003 2510 18895
3629 5681 11427 260 14697 6204 15161 170 6822 12529 15060 19801 13330 1809 14243 3258 9896 4311 11042 7839 3257 9506 5847 16353 13615 10025
12939 5155 10083 13239 7876 6579 7122 6300 6167 19419 7304 6356 19466 16216 11074 19934 18378 16391 19841 17828 166 10678 9497 13986 19968 17416
8615 18037 8792 8737 17909 19100 14771 8667 19874 15524 16320 13950 1946 14528 10635 8850 2577 17704 199 1638 17397 12299 11416 19698 2321 3848
16685 5732 17212 16534 11668 16397 6062 15822 10776 10821 959 2206 15115 15396 18412 3251 17111 19141 3275 13014 917 14225 8563 4282 18033 12101
7448 14055 13444 11400 12679 10505 10681 14400 5466 19823 158 6489 15636 14956 1264 5723 10712 17724 19300 1707 1746 5315 16592 924 5581 12959
5672 16816 9733 233 10459 15921 16395 17001 10689 16384 9178 3417 11158 14145 2973 16221 6012 13539 11521 13368 15448 8536 11033 4418 5422 17612
3252 4916 9869 720 7563 6397 10938 805 9384 19513 6392 8277 7680 12962 11255 1901 13043 18043 277 16231 16652 14931 11821 9073 3669 619
19803 16472 7716 12689 3601 11979 506 18540 11974 6904 7175 13893 15653 16655 7543 5799 7457 7522 6237 2414 9849 18937 18599 7262 2376 4962
1476 14903 13685 4697 743 456 3784 4692 5399 9976 17384 14507 6731 10870 18935 15386 7448 1097 17968 5429 19910 13647 1219 7221 9459 12062
10925 2411 4544 18997 5157 1852 2125 18180 18730 8020 7560 19251 8896 10833 15545 11185 7017 6484 14706 13006 15525 15371 1645 15410 19297 15237
11259 4405 1149 13108 3752 6122 7771 1123 15212 18828 15086 10290 7962 16060 11368 10159 16977 755 11946 15426 379 6644 12224 3085 8818 17078
3260 9801 9180 27 785 12720 2309 5553 19869 7161 17349 5259 11637 17733 17774 19939 9953 35 13611 17140 6956 16755 12887 7164 13007 16080
15250 2421 587 4093 9465 1640 9763 14294 10609 13301 18867 11086 16775 16812 11750 19122 5198 10560 11711 15384 8590 12268 17726 19124 10693 9599
9579 4566 5097 1562 4414 18639 5344 4803 9988 2034 834 16471 7361 14758 11135 1287 13836 17255 18561 6472 351 5696 1138 17831 4944 17820
12820 11853 481 11531 1546 3759 8151 8528 15106 16162 2459 1288 12549 7669 14942 17184 17515 5782 5179 4185 5456 19535 5008 14310 703 6292
19654 15141 3084 17131 4720 5690 15425 16109 18680 7040 19334 4706 10383 7475 5916 14038 8307 2963 6554 5949 11580 10108 557 14430 12810 6019
4126 433 14604 918 861 4962 5277 5319 19416 11563 16856 8446 5950 2954 10529 11276 2038 9170 8001 13448 14691 5843 16597 15593 8058 14461
7882 4987 13058 9472 19448 7564 17143 12288 14625 12271 1372 9011 14711 19715 11518 10274 12274 11281 4217 15756 16327 9799 17981 13417 16952 6667
10307 10881 3796 7751 3507 8439 18023 13116 17437 8449 17209 6490 16863 628 1386 16290 16264 8692 2973 922 5501 17437 12708 17102 19634 18590
6870 16750 11429 8819 550 19642 16335 9591 18891 11393 11556 13360 8915 13146 1103 18175 6511 16 19900 4168 2585 9371 14624 8406 5432 8654
13553 4320 9301 2680 5414 6410 4025 5228 7735 14899 1786 10013 14550 2972 14572 10724 13807 13858 13743 1514 1517 9690 15633 10801 11660 15596
13116 272 17684 17041 17410 14692 2539 13773 19599 17414 19134 4420 9456 13493 14061 13963 1043 8576 6845 13802 2508 7636 196 9330 10205 12545
14918 19107 13005 366 19468 10412 657 5135 1241 6888 958 4656 3254 12163 18273 18543 8972 11623 2836 3631 6118 15554 19276 11517 1404 9106
11437 5621 2987 5677 217 2603 3672 2210 11339 7631 13634 5800 7225 5520 13435 5405 5859 5828 13825 4819 11041 8614 5073 11128 3590 17481
10546 9529 16395 10906 10548 16871 4053 4702 1564 11859 3765 13373 13856 13692 18895 7481 14494 6547 12988 18509 16804 13342 4651 907 7130 9156
530 19595 570 7632 16486 5174 6361 8066 7576 2358 15285 12136 18785 14470 2909 2827 18340 10703 15383 13053 19394 8719 4091 14211 17471 19459
15980 4201 13079 1855 19879 15542 15331 8742 17720 825 6737 11583 6053 19176 14382 5129 3990 8287 19694 10307 13598 13037 18635 12360 12367 10186
4565 17319 18214 1329 16356 17461 5972 883 14123 19494 3063 16963 35 15981 12594 17944 5117 15208 10362 15997 18332 17662 15592 11926 5978 18482
10426 8460 7998 8326 11996 6477 8059 8019 1549 5496 9221 5598 8042 6457 6516 17762 1715 3614 4000 9621 16251 12381 5329 13522 17761 11162
16150 11188 9402 18064 12332 3347 9828 10848 8188 6913 14278 763 170 2713 18468 16459 15615 7951 19552 10990 15552 15232 14497 112 16024 19387
266 86 14655 8620 10678 13711 13467 8094 8181 1336 8612 14322 5978 4927 18824 2571 3070 11323 6722 7667 16246 17706 12363 1566 11140 18830
9764 14600 9775 10273 18714 18535 7110 566 5151 3024 3305 2136 5516 1030 13197 9078 7274 14597 15627 1758 13614 2551 10976 3937 15027 18640
18175 745 16960 10472 9830 16930 12480 14092 16684 8812 452 4900 75 9549 13706 19475 15069 2203 14612 19506 4877 15420 1624 9949 13356 2101
14763 16785 6018 17847 4694 1240 5738 1660 6093 4946 17234 4143 9333 626 457 8604 10687 8779 19676 10397 9699 9810 10543 13940 2178 9556
16052 12770 2718 4588 17943 11503 6448 2031 7292 8903 3940 2178 8833 6297 6608 13221 10048 15530 6179 8952 1425 8049 5821 3747 16287 5010
17434 4423 5836 1951 14031 1795 7728 16773 1464 409 5774 9385 3477 4398 9769 6234 1866 8729 5246 2990 1123 11433 12557 1934 16372 193
14232 9162 11033 19337 18496 6910 9301 17273 1711 3603 17677 12133 1776 6396 6648 7667 13098 7066 13200 19578 18265 18324 4517 537 3953 10241
18149 3634 12543 18015 9616 17950 14389 376 15363 15965 9855 8869 6376 1516 16382 9472 15399 14572 2377 1113 12517 19815 12156 14098 1985 6092
14124 11860 11316 19684 14835 6306 18134 18210 6234 5457 19993 17908 19563 82 13895 8900 16460 3574 2470 9482 11797 9014 17139 16473 7588 19508
9084 8436 1895 7550 15058 4397 10243 12057 14115 18974 16403 11205 13572 16341 5577 7115 7438 16799 10630 8211 19428 613 3533 4763 4491 9236
19921 5496 17396 4281 9223 6870 17727 11257 4948 9586 6324 2248 205 10228 14368 9392 13931 18299 3320 12290 12571 19996 11687 5802 8093 8086
8875 12772 10333 5891 26 19101 536 8752 10493 7931 11086 15922 9729 6140 6630 16911 4512 3612 8190 3075 5431 2716 6036 12581 553 17725
17534 10220 7826 16675 12914 12089 14000 17151 13084 13916 4268 965 18221 623 9938 16691 11741 6607 17639 14266 10845 18861 17961 9637 9067 3390
3846 3031 14429 11124 16393 11947 9771 9239 219 19627 13737 86 15236 13293 9950 5811 8801 4152 12607 13445 3141 17315 10002 17926 12519 1567
3508 1405 475 19185 18595 10577 16180 1115 15564 10171 18286 19727 9478 15994 12797 18881 2528 9347 1842 14336 2884 9694 204 8223 17128 6022
8195 18644 19163 483 17722 8796 4273 15586 16652 11032 15369 12938 9394 5340 11650 1761 4800 16310 4652 6070 15375 18991 10159 2658 4315 12496
15968 12493 1903 1950 18105 14250 6019 17178 3256 16370 14367 16084 8598 18224 19106 14587 8084 16181 12452 4701 6561 14469 8128 10806 10490 4694
7509 14927 4437 6363 318 6018 18937 14880 19791 9750 5839 585 3204 15607 137 4062 6322 8972 7247 11278 18898 10174 2530 13041 3084 5673
10900 9163 6487 4490 1923 714 10912 9412 7790 4106 6922 13030 19788 2709 4021 14579 11603 1129 6940 10221 18835 13305 16602 7284 16924 8101
9605 7983 1068 825 689 6611 14563 17981 10432 19201 19525 16390 18905 2207 11682 16616 10832 15596 6949 11806 8645 2032 17501 17978 18242 2398
6153 9652 13180 18621 13436 10964 11286 14265 7995 13598 5604 19819 12697 6522 4688 16351 9565 3534 4701 17538 5415 12384 17690 14200 17588 6838
5694 3292 3354 6650 7557 2671 12628 18981 13525 5697 7699 9664 6040 3216 18750 18524 9564 18378 17874 7323 7518 14318 2192 7396 2368 15385
6114 2357 8995 12911 7575 4574 17010 6592 2437 8088 16750 14678 18791 5186 6006 17763 15907 7604 9908 14395 1296 4933 14611 18072 7060 8589
3113 3648 18511 10751 5099 727 8169 10825 18134 8964 3816 5186 1853 16386 4291 14459 1170 2373 15609 14429 15416 9291 10306 15828 5099 1844
19589 18562 8177 8657 17777 15033 2325 1177 14113 18003 3291 22 8503 17905 15744 5520 18954 18246 15308 198 17137 17824 1890 13094 10746 11048
15970 14896 14273 14509 945 246 18491 3789 6655 18790 14096 15910 5469 5926 13738 1827 18836 17966 4853 16521 12362 2939 6933 11876 10631 8625
18227 16567 447 3398 4108 11044 7070 18079 12543 18582 11297 5226 3164 5087 18676 11479 827 18542 7215 5973 1507 7407 5828 16508 11877 4726
17957 15913 13262 19137 4615 1805 3339 11046 1784 8132 5714 2215 1729 19190 2174 18914 14367 14566 14215 18207 10371 5847 340 14860 1364 9789
1999 10464 10302 4035 15202 2744 16449 15425 2933 13402 8407 19440 10601 13498 19229 13534 14055 4467 4557 14363 2725 17968 743 3620 19905 11089
14504 11308 8678 2366 17525 19134 6126 3747 8782 1171 19021 15530 3260 8043 10828 10643 3389 16848 1129 10432 17001 11621 18585 17787 4849 7516
11807 6783 18401 19181 16976 802 15053 16367 15846 2262 1680 19980 19496 17532 2338 12593 12667 12604 10680 7711 7454 13680 14052 17827 19844 12256
14786 18706 3790 15501 18698 14841 19511 165 9712 9950 10740 15084 16224 17142 10410 8537 16996 10521 15590 8024 12776 12271 17795 13450 5338 1138
18995 12471 13534 12361 9764 7609 9264 6563 19407 14788 8021 6501 1527 2157 15142 9075 3780 1640 14746 9826 9362 6460 5281 4740 17762 14598
375 15827 16080 6723 16068 6314 12009 17886 2428 11481 5555 18538 132 17831 13838 871 15035 9520 1504 9233 18590 14845 19981 19568 11543 14989
18508 15478 18852 5817 15908 18092 15147 10125 4269 18976 12071 8580 1210 3656 14596 17036 2349 592 15049 7748 6816 8941 18692 1649 1227 14425
2420 1051 8964 9012 7540 6355 12299 16424 18035 9675 10348 15529 4945 17536 14872 744 4320 12319 6191 3377 17964 1137 12724 18356 18771 17063
8225 1155 10564 13003 2253 6985 8264 11026 11502 18029 16018 12951 112 19700 4773 13814 16843 8514 7124 5020 7378 1250 16129 1128 13642 18876
12409 280 5112 15854 7412 12465 7692 17162 755 5455 2472 505 2241 17699 2635 6769 13636 7631 9772 17361 15361 17343 12896 8589 2613 14724
5624 9190 9205 6213 19286 19095 10448 15503 2808 10735 6929 5938 8504 8325 6457 132 16347 4346 1141 10721 11192 2283 8067 5431 4201 12873
10754 16752 16901 2693 498 6720 9024 9069 18198 4327 8573 19972 1485 18075 3914 11524 11970 9325 13251 17601 15364 1716 19843 2217 18690 13824
19963 19364 16990 12707 18072 16830 365 11145 9453 18587 3947 3619 12961 13750 15761 18607 10013 17896 4328 15512 5637 6865 1479 19422 13506 10936
2964 2523 8025 2747 4755 14588 748 14705 9179 9460 13400 7118 4164 18279 3629 7916 8078 12321 7695 17874 2305 431 4277 13763 1391 7818
16611 9005 13963 14277 12165 9124 5223 17630 9154 3114 1354 18995 5134 4606 14805 19232 14908 12788 1324 16678 13077 11061 558 16708 14826 8924
10165 13775 14496 14513 11286 10257 13435 4933 2059 6549 5482 16783 17496 2079 13490 9677 3348 5211 7243 15961 5051 15202 13937 11962 13376 15145
2590 19499 2119 10277 11272 3757 11813 4534 3084 3770 10366 1229 18411 11047 11843 6333 4918 9826 2299 14538 6938 3401 2567 13870 16438 6356
19033 2118 12140 14682 17774 5877 19724 8359 15125 16466 18234 17236 14395 6851 16509 3123 19122 3743 9263 7955 17917 17459 16797 11682 19924 11138
10331 17906 17191 9459 8112 4534 3794 1638 4137 5886 9000 8706 9862 4369 6594 11730 15388 15997 3541 2504 1306 16547 10001 6867 16348 15052
8556 12898 13366 6385 19050 13952 10743 19015 7465 465 18092 9092 4236 7068 6591 6508 14743 12918 3125 14571 9325 11216 8997 5231 12430 9638
2173 12529 11273 19937 9695 7410 14026 9190 15499 4399 8388 6793 14609 11876 4902 4185 10060 8093 16367 7499 4854 4868 6526 13014 7506 16486
12473 6284 13943 10345 13163 14706 9347 2058 5468 16099 11127 1841 6927 4380 10314 16708 16523 10610 2110 7579 4496 171 14300 11924 6521 14580
10497 14110 13744 16102 13582 11666 6670 2663 715 9509 19718 18510 19812 13669 5753 3567 14117 3615 17834 13644 4947 12280 17042 11106 2219 9020
6980 13029 2370 7545 2422 9524 2020 9511 9732 19999 16486 2629 17804 15879 18593 19759 3604 2306 8281 5988 14550 5983 17593 697 12677 14962
5188 14936 17326 9773 12697 2220 8645 10013 522 5477 18389 7454 17721 7935 5303 14213 10636 17435 17515 8270 12455 12574 1443 15370 17614 9199
16147 18160 7892 9970 12039 8175 9088 8756 19748 9360 5051 10706 5719 10938 2721 13584 15109 18359 5807 6167 16715 2289 1557 11098 1186 2218
4725 5543 15331 11232 9388 18709 19234 6696 7411 17723 682 11600 19662 8054 11645 2892 16529 17845 18954 16217 8489 18195 12911 432 17273 13623
17125 8964 4597 19718 17103 15013 8853 8016 10822 11038 18444 2695 19039 10811 3442 6733 164 2448 17618 15558 12563 1770 10658 10330 9191 832
610 6645 13702 14988 14111 8195 10054 15189 11144 14984 3449 17792 1374 15207 4189 18807 16451 12179 2724 11508 6955 1695 18822 6720 14687 13263
18140 17938 18917 8349 9570 15151 14706 16014 18324 8287 7274 14702 12714 10983 9819 18097 9077 1030 18648 639 1194 3458 11593 18542 336 15939
112 12652 17731 14500 19815 1770 14609 19839 2512 13493 19874 15045 3076 8706 19172 5502 2284 774 11587 120 12822 9510 15749 13822 10036 3344
2300 264 9586 19433 12837 13963 11353 3328 18310 2351 18877 4456 1697 6403 1303 10201 12416 11261 10926 15438 17035 9093 13197 9261 16991 4471
5817 14651 12310 10822 9762 15257 16344 17113 3784 6972 11852 14371 19281 10716 15872 11997 1589 3448 17034 749 6895 14632 3612 15775 8904 8401
9062 14204 16734 9906 2283 18135 7196 595 17649 12030 13266 8344 14794 8036 11749 9889 16546 8510 67 9507 15331 778 5553 18824 11676 6663
11045 6278 1673 6040 10635 6353 8111 13475 14706 9864 18551 17598 12040 5957 928 19201 4800 13779 7363 7017 16222 11035 1119 7390 6941 16531
16197 18189 14253 14009 9737 14366 9290 15865 9959 7402 15963 10056 12790 14741 5131 1241 14034 14507 5149 14825 14404 18252 19715 11303 10404 6842
10362 10485 2213 1800 15000 15569 5764 16922 4347 19703 12233 8901 4679 16971 2342 14145 18461 7799 17840 9380 8509 467 7694 2752 19997 17385
15975 11858 964 12697 11312 10570 19742 17485 9380 18297 14371 13840 12922 8132 11790 18953 13006 18305 4865 5261 13835 5651 15459 15664 7113 4694
3760 4835 12033 1655 16745 3033 17060 4921 4382 2110 3946 11788 9283 18658 1933 3739 19053 18664 17147 2521 15565 18044 6081 9137 4385 6135
8466 14554 9209 16334 11415 19176 7686 5514 3202 7014 11564 2432 4184 1664 12823 16198 4252 9837 12632 19038 6693 10802 11815 17725 18866 4843
1769 11333 18162 7656 1235 17111 70 3659 974 3696 17202 6142 13849 2747 11046 11198 8407 1502 19381 12519 10928 2299 18741 1965 15756 7063
8437 18605 1621 13756 13720 19408 17915 6864 12536 15432 9047 1261 12389 11992 1411 16382 4776 1459 2994 2355 13160 15501 18731 9174 620 19991
16009 1018 12209 5484 6301 4264 7020 3149 14359 19919 13480 14472 1847 4826 19644 6236 12957 17052 8019 4446 307 4894 18867 1648 2615 14302
11891 9347 18156 1687 15395 13714 374 2586 18690 13305 12723 5976 6703 9903 9896 9289 4302 16853 9627 15623 14649 14724 18666 9906 12803 13508
12056 17227 16967 11305 11350 19347 11708 11560 13913 14443 13319 18656 16592 17712 15910 19179 7408 12788 13159 14539 6534 9233 9648 7259 17004 18768
8663 2498 6621 16482 17955 8905 14311 18293 11348 16282 6144 18356 15996 11907 3639 684 7171 15140 6068 15209 17293 10548 10920 3798 19346 16649
11030 8099 16078 13187 3142 15151 2390 18411 2070 14406 8935 3390 17321 2908 15079 7463 4068 571 1798 3659 10024 3299 10557 4180 10360 9223
12353 18716 9756 18832 6910 6607 16638 10665 1498 4529 18844 17066 6496 3922 3952 11915 17236 2589 8068 14638 4228 3913 3617 15372 13136 2455
9809 1232 4783 2944 1322 15022 542 8956 985 7048 18276 3626 2246 16113 13838 1162 13812 15498 13487 1024 6127 5533 11230 9638 10001 7646
10335 17910 7648 8923 367 5941 1636 2283 13250 3855 4603 13443 15656 13650 14297 9237 2447 7970 16453 4186 10656 10803 18571 16141 11551 15238
