365
67 86 73 40 33 10 0 5 65 77 29 44 28 28 86 10 15 39 64 73 15 67 17 36 32 99
3594 15072 13881 13552 528 3231 4030 2200 5704 3786 15056 7324 10617 4036 8439 5782 424 2931 15382 17127 2940 8234 5343 12066 16586 3204
14969 14051 9462 2081 2236 5302 4343 12402 16439 16362 13993 18187 2153 16083 9981 3869 17453 12018 12633 10554 6385 10280 12350 15294 17867 5521
4134 4869 3915 8047 14742 3814 16181 11306 8287 10989 15006 15329 41 1578 502 17948 15771 17204 6331 7650 662 15802 9045 16250 18571 14030
7834 421 14440 11905 18659 6818 11959 9906 7631 2457 7231 9049 12201 4825 5114 8425 13346 6830 10745 10737 12404 18424 16423 3851 11521 10202
896 3205 12839 14690 1070 465 15314 18652 15103 1441 12855 14250 15325 16976 4770 3041 7667 13102 904 14343 14237 12509 17180 4132 2093 8490
16442 9861 8374 5012 6711 11404 8921 15578 14175 4224 2226 12295 9438 17823 13792 12798 1333 5646 14785 12363 3828 15607 15580 19032 19873 10027
9142 7163 7925 6285 16429 3289 5287 6041 16808 17462 3114 18266 11221 7045 16501 16580 14179 18842 276 3585 9787 5148 4329 12542 3152 11681
5211 12784 9471 547 14699 10933 15606 8139 19309 5675 19151 4479 298 7238 7150 1278 14885 4704 1718 9166 3579 11420 19306 9844 4063 17501
14138 8427 16150 16475 14078 15624 14330 48 18705 6019 12786 2117 11942 9524 13081 17681 2818 18905 15688 4395 7880 18514 11289 17341 3091 10435
4246 7633 9696 2275 16471 13822 1610 18877 17377 1335 4564 6855 2834 17803 3545 14831 3595 9549 11540 6081 13616 4036 15659 863 16584 8816
13640 14997 43 8387 4755 19329 15651 11108 10687 14136 18240 17575 16781 17852 1512 14019 4309 11564 4354 17128 7161 5443 4020 13558 6515 10531
5066 17292 3628 14986 8850 14657 15455 4614 3610 5404 9472 6134 19248 13707 13497 8453 12724 14345 15792 16530 7567 13270 11554 15339 19565 16764
7789 1464 1431 13725 3132 8826 13879 11101 13259 15235 15885 211 4140 3813 19901 1783 19111 4938 6151 10212 5965 11413 17567 1725 6185 1236
11441 2718 4629 3296 18104 10795 571 18715 16098 15954 9527 15284 9660 15552 11183 12447 965 11335 12384 537 6271 11261 16251 13732 3253 3781
14558 1023 17344 6216 11817 4366 12300 10827 15644 9978 9788 4806 3760 14767 16322 12174 16831 3973 15668 5527 16047 18908 7310 4498 11499 7732
8443 166 2199 19973 15362 15299 4606 5355 4750 14700 3228 17876 7076 10505 18263 1329 13293 18897 7450 14292 14760 2973 15595 10241 11317 5662
7501 1591 1491 13049 5330 1509 16272 15767 8185 16241 18275 8199 16241 12649 6924 19470 13599 7689 13901 13625 14253 10196 16324 15715 4887 470
15487 7685 9943 17755 19358 6498 8581 13355 1278 4493 7585 18324 17313 11994 2722 14645 13807 17064 10797 14645 12178 14856 4996 3933 7374 10645
7556 17515 11074 14604 16258 12432 1870 12196 17601 13678 19342 6407 18864 13257 12330 15507 8483 10538 6279 11929 12139 5141 7068 15484 15240 12277
8208 16599 8229 15358 15064 15514 9604 1638 18311 9659 205 6955 13786 16400 6024 13833 4668 6983 3724 3243 12418 7943 7816 18645 13931 10831
9874 11200 10228 4438 1761 9037 16508 4550 13522 731 17748 1925 16597 7392 14413 8225 19229 17403 15884 16331 18047 10150 3377 5151 18805 507
6330 11921 9205 9187 2329 8437 7941 11392 6687 18884 11382 1550 9616 12055 6557 19136 10198 18469 17460 4297 19637 11462 14973 9979 1456 18062
12747 9773 3368 2075 15424 14942 2391 7915 5243 14036 3344 15376 905 13631 5306 5883 15944 5089 9389 16750 6422 216 13034 9268 7738 1729
291 10495 7892 6703 2422 18450 8386 17844 15391 10293 12160 3894 18996 12782 16804 18255 4106 19254 5562 2035 3186 13080 5209 18242 19465 8059
975 293 7849 5990 16539 6022 1958 5523 6322 13949 6000 15755 6183 16831 16444 11052 19768 15613 5711 17072 7494 14972 12724 13410 1916 9489
18642 10538 15271 3283 8384 13742 14341 5993 810 3934 19160 9240 9974 12545 6667 12737 17495 19385 1625 7561 4248 4487 13441 11916 6159 17720
229 10738 720 14147 9521 10850 12935 8230 2478 1952 11856 15250 11763 1800 15594 11834 16339 8781 15448 7662 16681 18810 12257 18701 6544 6886
13025 15068 3273 11824 17657 19838 18954 2302 184 17488 10265 9616 15254 9297 2033 4254 7601 681 9575 5374 16177 8240 6528 15989 2187 5500
533 12104 6981 9469 5533 12609 16342 2834 17554 4729 16524 15548 9929 8531 11919 1291 18849 10837 5002 11853 13604 12814 18000 10556 11739 9620
1142 15562 5165 1711 1029 518 18745 617 6745 11831 7634 2468 17843 19199 10628 2098 3240 1114 5100 3522 108 7740 13493 9788 12540 3783
8706 17529 7967 19362 19055 18687 19595 8385 10691 18147 19137 7649 7434 12776 14803 10846 7461 246 19111 727 6163 16569 11388 12717 7214 7513
12071 15507 14554 884 3470 11909 11401 9372 11620 5760 2586 2385 11858 10668 12468 18136 2555 10028 17619 14280 6272 2350 7705 14711 13083 8338
11818 18554 18952 9875 7132 17999 5532 434 13283 18276 10757 15375 17390 4946 5819 11981 4854 14774 16186 17899 2661 5239 15428 9149 13575 13092
19090 3464 6683 7630 11656 4348 17690 13358 2322 15585 8832 7641 9803 17589 4487 7197 17918 7552 1586 9442 18890 15335 3816 4675 17138 9228
17436 7052 627 120 7077 9889 5348 5289 696 16600 12165 6843 17475 3420 10038 18968 5953 6051 14834 15688 19064 7146 17785 5899 9836 2830
12384 17187 19088 780 2925 13496 3757 12457 16364 19687 13946 16743 9034 6906 7622 13970 6243 19578 7468 16094 17043 7379 1702 19299 5614 7777
1462 3064 17179 15139 6554 4370 2352 8508 16654 8759 6832 16536 9417 16225 16744 5987 19163 9061 15508 12990 13332 11493 1517 18223 1951 7706
14688 15119 15706 12074 3166 15801 16276 14468 9076 770 7472 2517 5389 6177 18058 11978 745 9800 7788 18405 13616 1943 4344 17068 13140 6033
11998 1391 15525 6946 1497 2173 19622 4154 2597 672 94 14732 16933 9148 6757 19410 15660 8205 4315 14796 18886 15695 7377 1110 5280 12188
1425 813 17045 10724 2793 7749 19048 6896 1341 7082 12151 8862 15436 6670 4020 2606 315 17476 15566 11363 9543 4294 539 4958 12975 4607
4237 15787 12077 11698 7695 14431 4622 14487 8492 19722 25 5744 5525 15353 12404 15552 2457 4973 12774 19261 8485 18652 217 9800 1984 5245
2887 13978 8393 6997 12222 7621 16989 685 10873 5769 16718 8947 4509 14933 19474 12581 5339 15342 17626 5328 17840 10770 14255 9566 16368 5535
17312 2060 13282 8545 11383 11124 16952 13561 2371 10562 9373 12038 1205 17920 3581 4967 4285 12198 10184 7512 1815 3589 6022 15246 11232 1913
3466 16225 4082 2382 1015 17105 19608 14605 19524 13610 1467 11449 7190 1427 10745 15032 7163 13887 4702 16534 18855 19479 11105 10992 7501 6546
5838 12455 7052 15412 10117 2965 955 9580 6426 18101 10663 6631 7370 4344 13776 15941 7672 3946 654 5564 14161 1083 16542 1599 2971 6948
11379 10529 17396 19454 1058 10737 15012 7974 17228 4670 5236 3539 9956 124 8857 791 4638 4018 2536 12066 19257 4896 10680 6557 9465 19818
10497 15430 11833 10152 17290 18531 9090 4094 15208 15072 18195 439 4027 2172 14637 12500 7474 9686 8386 15879 8731 6773 7547 8452 14274 18870
3811 13307 13539 6087 11680 3420 9556 18604 19890 14876 10218 9590 5245 17945 18212 17032 5476 5222 13799 15780 16395 7040 1959 4840 3671 9110
15504 2789 14372 19056 12460 4030 5796 16914 16081 15323 10807 8699 2786 16152 223 3474 7390 13158 18788 2495 11748 9531 16455 8763 15970 17762
11930 4080 19476 16544 5546 13518 14285 12449 12892 2867 19251 14474 1922 16738 5569 2385 8572 8413 13967 4778 2512 15340 10359 12382 9313 11949
12555 4524 6113 12353 14556 5800 17587 1995 15866 5647 15684 11803 8056 12191 3716 18408 19845 18947 12177 7656 7225 12332 18399 3690 15803 11502
7224 2111 3648 15337 4159 14189 3375 11322 16615 6122 15051 12469 1188 10416 405 11997 14227 18427 12252 16696 18027 11038 18003 4827 5769 17343
2372 662 15490 8226 11602 2089 3804 6659 2317 17271 13704 13753 13331 15208 8493 16842 17389 8976 10095 6618 12129 12682 6639 11476 13602 19519
16388 10636 11766 6270 3413 19415 4482 17074 4118 4384 8503 16436 1527 5210 10244 5407 17656 10795 7465 693 7519 5236 19332 15740 416 1529
7388 3089 16253 13608 13241 17148 11698 11255 1755 173 14113 5424 909 13035 5638 585 8208 6641 12703 1310 13402 19344 17244 2986 16877 14057
6335 13313 5854 3799 3079 7629 2362 5144 14840 2477 12490 10019 13269 8292 8309 14055 19770 19600 6847 2201 15511 2137 15698 1945 2055 83
18161 5567 17267 12772 17620 4969 17659 810 12757 5304 804 1523 17220 9015 18978 19970 4810 1116 4899 4669 593 11593 13435 12483 13996 8940
18318 12970 8442 18872 18419 16428 16713 18453 16956 12104 8328 5792 2359 5567 9464 3877 11826 15138 1684 10020 5513 11459 11507 19048 6687 16557
5469 13739 6267 12458 3822 19285 13003 2131 16832 2823 9970 2015 6062 6061 4521 18404 15538 14180 8304 11102 19075 19259 3617 4793 7706 15026
16577 872 8259 18843 439 12979 17811 16775 9425 13318 19178 4993 15720 12717 12785 6009 9416 381 1827 19906 9234 12811 5571 16063 13554 15684
12165 1474 6609 18038 17733 7307 13589 17853 4867 3213 5165 17276 7085 9058 6470 9013 1614 10467 9393 10308 10649 16211 11514 18448 1235 7917
6257 12078 14101 2342 5110 10723 6026 9459 237 8143 17325 14620 11596 350 14865 4080 8487 13994 16051 4843 3859 8849 4850 5509 13733 5919
10696 7172 13318 14978 15308 12630 15219 5707 16479 12306 6399 15764 7475 10998 13454 9212 5395 10693 10575 12069 18952 10814 6266 19878 10650 12498
120 6205 1726 3022 3944 6674 14644 1249 18695 1897 11422 10823 8644 4562 629 3774 5034 14624 6980 8902 15713 7653 5471 5613 16208 16623
11621 1350 19124 15901 2263 9712 2468 17819 5549 10915 12538 19533 4690 11415 17907 19985 18288 7190 7182 18878 4821 18096 256 5042 17171 12491
10545 11738 19168 14754 15232 11763 4695 12144 9380 18269 16487 4662 16827 16995 1827 16193 15912 8188 17892 4299 5333 4464 9826 12620 12413 128
1800 7519 3957 14422 14851 17959 1078 3812 15148 11410 16334 1446 9586 7503 17756 2595 447 5256 17643 15257 7220 11621 7282 13814 10140 16087
13056 5029 13050 5066 10118 1474 5395 2523 12076 6041 11309 12791 19260 6586 9206 5466 4394 4284 4009 5461 11810 3657 4434 9779 1011 10025
355 110 7877 839 17970 7076 3139 648 16236 6061 18383 2859 5776 9862 14094 11104 16483 16832 19627 17114 15063 3458 14898 12165 1189 1086
1656 12751 701 3205 8273 17218 18567 16515 6219 6482 14898 15064 13252 5481 10758 712 13101 15805 11159 7281 1453 11481 6824 2445 7084 3365
6169 8673 4282 8253 17016 5101 18371 15847 10254 9364 10282 2031 4286 18924 360 407 5589 6823 16648 2678 14834 463 7632 16012 16947 18026
10416 12778 10597 6365 6043 11393 4350 663 2854 10489 19896 12162 15115 512 16196 16630 5788 1317 12375 13038 4854 13787 8429 1692 14187 15247
8341 5479 18016 15554 11387 15144 8277 13994 4690 3393 2232 15545 18336 9440 4614 18601 9250 6206 2899 7742 691 18041 16828 11463 8341 5770
5825 14323 8358 8727 19379 2470 17073 47 168 3375 11058 7465 16784 18299 18901 2974 12334 19283 13512 13006 11328 11407 10464 2759 440 14613
7335 19575 3915 4969 19197 7486 14661 211 8300 4578 19078 1555 11285 1729 12039 514 15299 18055 9564 2941 15513 18609 15637 17202 13110 8199
7170 11368 4951 5720 9710 12866 11361 17292 15351 1415 1932 2536 17435 15993 11285 3000 12157 16426 16407 12174 3032 10425 5021 14387 3956 16874
2416 1083 18851 12167 14915 319 6021 768 14597 12208 2022 16081 18868 14298 10930 12643 14162 13053 13259 11770 9146 14414 12057 12633 11241 1205
6452 7380 3668 7528 6972 18869 13636 18147 11751 13494 12497 6205 3720 13194 5374 3081 13993 2319 15136 15979 6454 6717 10770 2087 16344 14825
507 10396 8384 7925 15318 11784 12357 19019 8867 19329 8517 4461 3375 4453 6020 2817 15498 19872 16980 13082 18490 13710 553 1921 3831 12731
9236 13630 2263 4337 6015 3623 3953 6373 7206 18897 12975 6939 2053 13814 1971 17651 4383 13602 18203 5897 11083 9115 16647 18085 18110 6957
4777 19168 15242 12661 17181 8724 7501 10884 16 411 19046 7125 17863 16663 16178 14148 7874 1597 8358 18460 9482 17721 10725 18199 16312 10593
1191 4093 16448 601 3667 3936 890 2814 12415 5537 6827 7742 3553 7627 11855 7539 6481 10764 7887 78 10960 19951 15594 7001 12784 17386
6853 19378 17504 17829 191 6670 12688 15314 18841 2425 3414 12582 13031 2492 11724 17461 11963 4832 801 19171 19248 13039 9097 898 17864 2135
7567 3085 15072 18710 6962 18620 18631 19864 4679 1753 13859 11673 144 13163 3406 3527 15362 5128 17830 10797 2019 14958 12276 1039 718 15250
6431 9862 1953 16736 8628 4358 17373 2363 9237 7033 3491 6189 9799 9290 7449 8219 10430 12984 4653 7872 3895 4487 8015 3721 13635 9007
2052 764 10576 7140 6973 7684 15591 7342 15798 4166 17919 9158 12381 13552 6208 16849 3564 9973 6119 10783 15957 1620 8074 15642 21 18865
16422 17862 10831 6430 1995 2386 15085 6187 14575 4176 1990 18532 3783 2923 10195 11352 15530 19178 9836 16409 2611 4594 11025 12088 6967 17615
6140 4584 18180 503 3842 13364 2545 7408 18644 8274 16998 730 10765 10612 4121 10377 13972 4565 7056 9596 2230 6529 16176 16744 7834 9086
8155 19888 18015 2480 8911 15128 18390 18583 19974 694 12958 9973 10503 18249 5509 15429 16466 10004 11045 2071 19111 16264 8875 10158 19549 1133
1906 9203 1672 5432 626 12023 11984 15359 18753 18445 9512 7934 19240 11646 17305 9851 10781 620 354 9080 1734 5194 1530 2911 15951 10034
15702 11406 14833 10728 9688 19678 12059 500 5942 17076 15091 17998 19245 10546 9380 18548 12766 7497 5738 956 13614 10197 15425 4653 17650 6046
9592 1261 15767 11122 16320 9167 19588 7266 10424 3174 16237 16766 15569 3667 5311 5130 14080 3574 10036 17991 4330 6284 11207 7543 19404 467
7902 1564 13535 17988 18881 16638 12052 10883 2611 16203 5569 6659 13448 4168 9608 7052 2558 19923 14088 9770 8720 14882 15639 18044 2273 14264
19655 10904 7187 14217 8725 12541 9668 10644 12418 7767 4188 1150 15829 15828 163 1106 10531 18457 13154 10395 2736 17191 3640 249 17031 7730
19246 19441 5175 3745 13745 5210 7781 1416 10819 16380 5063 2287 18023 14387 3108 18709 11675 19164 774 16975 4319 12698 16885 2813 15147 11667
7763 7405 6412 623 11538 19759 5841 19561 5953 7902 14098 1090 15645 17540 5850 8338 1452 17144 5040 5678 6164 12209 1976 11836 17798 12709
14539 9797 3159 9388 10916 997 2430 3125 48 14661 530 19122 12258 16957 11131 10519 4095 19300 9693 19481 18959 11650 2942 19706 9078 12620
12436 755 3505 522 15218 9479 1446 12508 4315 2174 3324 16394 9641 4319 1646 3319 7874 5018 10588 1049 16985 6982 2960 2497 4611 2610
850 18647 19752 1065 823 7562 13333 12575 12801 16848 6798 522 19191 19991 16904 18549 13470 14356 8515 11329 1560 2979 11220 738 11463 15859
13995 2784 17296 9764 14763 5721 19144 1279 15699 4618 2547 5231 6280 14116 4926 12639 16137 9321 13147 7599 2250 16620 10504 14437 11711 638
3009 8087 15307 5277 14189 217 11462 15687 15810 15794 15345 10120 1509 7589 19429 9300 3994 12353 12396 18565 18917 3001 11519 7750 6533 12255
7618 6947 16467 2429 15141 11682 15635 16745 14763 6021 18268 19350 8437 8635 5265 4881 16989 1782 7535 3925 7171 17737 15662 13874 3091 15797
658 8119 17802 19348 9304 3110 13075 7466 4383 4176 3276 17609 5088 5132 14663 10850 11614 19543 11432 13818 4530 18371 8153 4311 15596 14788
14279 16453 4497 18536 19058 16763 5762 12648 18578 3174 17425 4310 10781 11941 11245 7554 12004 5530 6496 13936 7229 1274 17569 6648 8972 12289
9491 3306 16550 18908 16647 17107 13215 12366 1660 8780 15411 13277 11956 1943 8579 2721 12201 15778 16293 5564 4966 9665 15947 8338 2196 7055
15240 19933 18132 151 14490 10432 6758 3050 10862 8271 18209 8349 996 6357 232 15807 11518 7354 14862 8196 16974 10466 9736 1808 803 3405
14649 4287 11793 14778 9652 1898 15533 10321 2603 7181 11086 3821 15134 12675 1587 5844 2569 9619 10413 5884 10997 6643 17296 13946 9141 3685
8017 7670 12946 12750 12174 1790 11089 8993 5996 13051 9123 1511 1684 18362 2412 10896 1143 6748 10151 15638 3855 6349 16688 8676 19329 14328
3263 8032 13828 4275 3015 10576 7667 6490 14894 14770 7181 2889 3765 3781 9375 4140 15762 12387 10142 6213 9678 9947 5390 18407 7358 4189
10718 16801 13514 18401 10976 13448 4635 3699 7784 18919 738 5812 11432 13259 7551 13520 19843 9272 18143 14802 15062 14781 13526 15478 15062 12913
1307 17260 15078 11489 6773 8967 4300 7619 6398 5528 6365 14674 12311 15359 16897 9154 4182 18395 9966 9511 7010 836 222 2694 13391 14900
15409 7157 7289 10347 270 15319 3405 4378 15898 6147 2816 9627 5370 9514 6449 2107 15707 246 9286 3061 1939 7460 12142 14918 13618 6502
15897 879 12842 7776 9020 12060 17431 16854 5784 17283 988 13511 2729 13327 18761 7331 3841 19766 16369 9567 18846 2634 15707 17173 9556 16513
12758 4782 3456 12456 16661 11239 1894 2043 8405 10704 5704 2449 11159 3808 8824 2523 1936 4794 6045 3967 9129 2610 13274 2471 14574 14439
19752 8511 8905 6046 15159 11131 3815 10565 1238 5261 18716 12356 13362 3832 19807 4279 12251 12767 11358 10411 2699 17183 722 18266 9569 18329
2103 18080 9230 15094 208 6406 7274 10335 7050 13122 11782 7735 3305 16590 14287 10412 13709 943 15071 10464 14481 19237 17276 14795 11497 12780
1969 13649 8169 10985 13793 19638 529 18000 3257 3055 16383 11799 12383 5687 12140 15930 6144 5638 3495 16596 17997 13022 7090 7843 14198 9679
10453 9154 484 14077 14083 10755 7274 11011 14083 5396 11507 12799 15299 18575 2632 10527 15048 6998 2572 19925 19957 10931 1047 13214 5731 19441
17008 1018 17721 9804 6759 6442 12707 19185 18057 16700 17857 19795 1115 4780 15518 524 2414 16739 3878 17713 9316 1435 2157 5720 8846 2877
1427 4712 18096 11355 19461 2250 9366 9423 3493 7813 10656 12872 8771 7235 10064 9081 16696 10517 3333 2443 6937 12491 10868 13547 12879 19349
11417 18447 15535 4783 6519 5004 12066 8837 13282 17801 13659 846 17421 12672 2724 15695 11049 1286 13821 9968 4201 15047 6903 925 3091 8720
19278 18897 17894 16854 9591 17434 5197 4171 5756 2962 16994 9384 16262 14212 13483 5761 18937 12850 7409 8299 16770 12114 1048 2509 11897 14010
8709 5887 3322 17615 11097 7129 7212 8140 8244 12777 3795 10589 18498 7704 2533 19034 14750 12584 3909 18911 10498 5118 4907 2914 1921 16733
5612 10933 17704 16958 13199 6688 15476 9463 18319 18776 7232 16287 9397 8119 4872 19382 11170 583 19312 4232 10178 9659 4186 17097 19291 7408
1170 15550 1793 9735 2346 15961 7770 5743 18266 13354 12726 18660 4747 654 8251 14279 2181 12770 17236 11147 5757 8070 19462 11210 9602 5441
11361 5001 16792 18518 8636 8550 712 5390 5142 19318 4210 14905 14444 14391 14883 7485 845 5338 17707 18124 15354 1393 10150 8637 14768 7288
1418 488 12212 12738 16016 19168 14768 7455 14605 17213 9173 13633 15961 18485 5194 7762 3399 2135 15016 19801 9180 13469 16667 5710 15164 6460
17782 1762 11713 12792 9648 5230 11810 16068 14948 1059 835 10846 15435 4551 2589 10599 16539 11314 14449 8707 1280 19390 13476 6472 319 14463
10751 8760 6539 17717 4167 1551 15727 13805 12999 5449 6559 19878 2619 18958 10529 17839 14585 10242 11907 3185 9275 8200 1024 9596 15001 19069
13634 19242 7421 8800 18089 6137 16013 8174 2306 15399 15558 15186 6070 3237 3761 2780 4555 1778 7489 7987 16957 19114 13399 10738 15227 11441
14738 19262 18966 1465 18346 5332 17131 5152 2757 19667 5416 7426 2139 4432 2994 13204 5686 11515 14419 10233 17470 12945 1671 14073 18003 5906
13686 9205 10416 13493 3008 7181 858 193 8399 14472 19676 836 5190 14318 11237 5511 16308 4034 4549 17615 3303 5389 3766 4923 13257 17258
1573 10078 6993 15555 15985 10387 7787 18003 10623 16771 8580 7214 2823 5093 309 8142 7436 6967 5270 17013 9884 8130 852 15475 4782 10100
17876 38 10620 19289 5225 8184 1660 13951 9341 17783 2066 2923 6242 546 6393 8129 5829 12752 3715 15457 3674 13025 584 5846 2780 3040
2057 13773 15617 3821 16888 19061 14662 12591 3140 5046 12788 14603 17549 13215 15770 15439 5613 19659 15147 7638 1012 19300 7588 4463 13259 12328
12755 13253 5360 627 8883 8766 4060 9091 12534 9248 15636 11155 14053 12067 12357 6511 345 2029 18138 16338 2445 18702 16051 15320 13680 16892
3394 5771 11316 9932 9475 1521 2945 15079 18948 13427 8951 6053 10765 4697 6375 8697 4300 5409 16660 11358 18091 17191 13510 2757 7525 16064
3729 7609 5157 19045 5892 14171 17199 17443 14739 13611 18280 8857 8312 19929 19179 8647 1080 4043 17115 818 12234 11420 724 8846 10183 1683
19801 9583 16821 12259 10659 10540 16553 14090 13635 2307 9731 10087 16484 18688 1015 8672 5028 18415 6739 11331 8185 496 1808 10176 13235 11328
1089 19404 3894 14982 9344 3573 9416 8533 8919 15488 12638 11412 18422 14725 11758 378 2545 3533 8932 12598 13281 4357 8500 1337 5107 4503
15570 1382 15324 328 2625 8133 13119 14252 11926 15586 15139 16230 7661 4893 18966 14961 5675 6651 18162 13047 11543 18544 3300 10620 10938 7979
1162 19423 608 15013 1903 19735 8277 19832 377 16416 11314 3971 347 498 3666 18981 879 11565 9153 18464 6083 17064 6470 4171 15828 15431
3663 10519 11898 10831 561 13812 15194 14737 5215 10850 7517 14288 5580 6920 18689 16011 9472 10916 1148 13529 4356 12799 7373 17067 16379 4659
5440 6205 17965 6721 10771 15779 6553 7926 14078 17055 6415 906 10506 13776 2013 4994 12442 11157 12915 15866 16356 2670 15565 15343 2296 5032
475 1825 3737 3153 8655 2779 11122 5956 13669 16809 5048 9162 14692 15070 14240 1844 13770 12445 10736 935 10478 3510 11313 18844 472 18375
19585 19767 15858 2948 7453 9366 13216 3507 7591 8199 5327 19529 9062 8865 18890 14199 10438 3632 7967 10579 300 658 8135 15840 4779 2659
14093 15591 16517 10286 4454 1738 3161 10522 9537 12771 9646 962 1567 6698 4113 4245 1473 3 14012 9858 7869 11408 4774 14906 8952 914
19388 7915 10553 7198 17848 3703 13373 19043 14868 13525 15147 12006 1746 1183 9268 17456 14559 16066 5780 17736 2240 13657 12228 2487 8634 7123
18340 13236 15876 14974 17655 9192 8248 14068 18700 11686 10041 14582 5301 6483 9232 10426 19995 442 15919 8417 9368 584 2118 17475 537 1079
15952 16543 10269 18560 14508 11054 11885 4587 15653 10387 10615 4946 13189 17053 215 12815 11737 15811 2568 1189 4487 4093 19316 8713 13892 7624
13426 12230 10028 1185 18323 13215 15738 10956 8906 17977 11685 11897 15430 19973 6738 19440 15694 13226 4725 3011 18283 12271 16662 5702 6668 7105
19216 1416 15577 7161 13562 270 17630 17266 14201 7778 647 112 240 10652 12118 6310 16687 5524 17909 19369 11825 2460 13305 7219 16083 6053
18582 2010 12524 4713 13153 2933 1582 6113 14976 19634 13539 13070 12812 9120 18718 15398 9981 15673 15917 2023 10989 15717 2734 5693 14886 18875
13184 9193 16535 6588 8480 410 10417 10414 1748 1187 2255 4952 6700 3383 9621 7786 3227 17080 18091 4040 5968 5823 5461 6063 7150 3402
8512 11499 14815 11158 16946 8428 13121 16851 19978 10109 16120 3374 15202 4812 13445 12248 13972 18995 9001 17138 12227 13734 5122 18418 16628 4211
17773 3473 7232 11862 15823 3849 809 1882 18508 9219 5024 2615 16334 19747 11430 11197 7401 1071 7654 13300 367 4349 5270 9750 1181 13140
14811 6849 17829 16971 17408 14881 12863 14579 2347 7750 17090 272 5303 16692 7978 3934 14876 1440 4324 15772 13759 1667 7515 2616 4508 3287
7913 4391 10709 6563 1477 4362 11138 9000 2335 17389 10585 2657 17975 2960 15605 13047 12755 12112 11795 3346 14541 7553 4693 11191 7906 9832
6434 9851 5796 3472 11133 14444 10782 11640 6830 12465 8110 439 9327 5216 5433 14764 18146 13009 5906 4995 2915 18475 7124 2002 11856 980
5729 19914 10247 2132 16098 1138 17229 1306 14212 2086 6134 18867 17933 12349 14805 10701 12166 10263 16126 5124 15111 13569 2661 11267 9587 10392
1418 15340 6899 5375 8341 12178 17135 18682 15753 15678 11645 17430 7946 8358 16238 7940 17726 15025 10959 9095 3892 16672 5152 1149 6768 15445
1574 2101 15673 18326 11814 13615 2261 19445 19500 11582 2087 16137 9966 4267 11712 15921 12244 15817 12351 19921 15738 5786 10528 18578 9750 15903
14500 3009 7367 9442 8781 13500 9806 13847 1466 13531 12112 8978 3355 17386 10106 3396 4196 8590 15102 19437 3064 442 19600 5547 15880 6171
9002 15403 10357 2099 8274 1023 9666 9169 6323 17639 19493 12945 19387 884 12954 8024 15535 16171 898 19086 10813 8037 8085 17288 7675 12969
6886 1373 8890 9031 7816 10365 11953 16571 915 7509 6493 606 7353 3994 15232 5741 6044 6772 4033 8181 4155 19867 8467 11702 13633 15302
1361 11757 11197 19876 17751 5538 17220 6938 7894 12582 7006 4466 13297 19648 10266 13123 768 15394 8941 19860 10200 19115 18941 18876 8463 14805
17259 16976 13308 3460 19041 11780 3754 3691 7238 5187 10192 15394 8021 12694 1346 18877 8198 9612 686 15173 11827 10583 5432 3326 17761 420
9445 2661 4069 19605 1969 10890 3986 6375 5459 2717 7838 13068 2362 16587 10436 13270 4952 13373 13632 17623 13968 9372 8455 10743 18206 8821
2982 15803 4304 12935 11202 15258 5449 8923 16430 11826 5725 15177 9982 16033 18266 4224 11319 288 8602 879 814 14994 17951 2705 13169 18398
15550 17383 17412 6316 18646 12687 6815 4180 2289 14153 17640 3974 16030 15378 2414 12958 11987 9764 5269 10848 3839 3819 9088 8764 18086 7493
6230 18618 14927 10057 11520 17220 16028 16558 14798 5810 2754 2397 16270 6502 3758 11399 8972 12877 10848 11396 16276 16627 16768 17019 14603 10871
3101 12474 16434 3098 19894 15623 13294 1480 4992 775 19408 12743 13397 1869 9618 3045 16782 5911 1959 18822 7347 91 10996 15771 19345 17908
18506 11885 16552 18747 3539 9189 18674 19431 12332 5769 2765 8643 7614 947 2118 19776 17171 19538 6861 11440 6993 15139 1037 7081 15532 14977
9755 398 14549 9159 9679 16120 17770 19671 12125 18761 18176 11007 19401 18303 12983 10036 11523 2714 5452 4493 13877 12317 16428 951 13314 19968
5840 10349 7592 18913 18614 9271 11926 15653 11038 13689 3040 3814 15098 17025 12788 3804 5976 5260 19309 7934 16142 7684 15143 2474 17356 16828
11449 18785 5058 2015 250 10659 13776 1599 7921 11663 1004 1275 3343 16401 14342 9826 870 16306 15523 8448 2524 7571 9137 14313 1687 136
10152 15582 12627 7260 16342 10501 9790 270 15294 7632 2192 12519 18484 17104 10591 149 17895 11123 6854 408 813 5380 3996 1671 9438 14121
1842 8062 7913 16766 10772 19621 11165 19819 9622 8034 9017 1783 19578 19035 7033 5252 1752 7337 3880 7032 3516 3562 7772 10975 15917 14885
15106 14253 8075 19638 17703 18421 4946 9551 11930 19492 13828 11922 16380 4707 1342 5811 17923 5502 13240 19862 6470 6322 19594 1029 15455 13310
816 14133 19693 9313 6080 16316 16113 17564 7298 1897 82 9837 4994 3308 8453 17146 15295 4953 5907 15463 12461 9534 15607 15129 8387 6613
19354 8012 14902 17635 8598 6134 350 5299 15442 1376 4749 10851 12081 19212 4551 6816 696 6261 3369 12538 5361 19303 1009 19997 1433 4100
18343 11418 8246 3397 709 19539 19986 2312 13918 15104 8389 6375 13124 3713 17834 15373 12879 11480 16097 5643 2449 16851 18222 6547 2707 11316
19857 18446 7260 1763 14547 3086 16767 16306 18652 18472 14698 10651 13748 9765 7623 17403 982 9528 2898 1781 10374 10234 10570 15824 4353 11628
5600 15141 7687 11833 8557 18090 9949 13958 13630 2611 840 16321 14822 14602 14079 12929 16383 843 10158 14293 19464 3179 4782 13515 17771 3299
6119 834 8312 17412 11395 4224 16005 19921 10986 6902 4376 3330 15501 2138 2424 2886 8317 17451 13270 9113 18637 13149 6951 11329 657 17290
15151 9496 2379 12038 8285 1086 12764 13419 11274 1848 18868 2821 3464 10044 16657 15862 9332 11983 3349 10425 1304 8507 15897 2283 5048 6363
18289 12368 12886 10120 8441 3243 3466 18834 19675 12995 15555 1488 16826 5319 16903 10055 19203 8064 18425 6414 5152 3551 10937 19098 16177 8847
3089 976 4749 4288 8131 13260 10766 3250 11491 11988 9010 16389 3429 7005 10912 11313 11510 2636 8055 8582 4059 5166 19065 19207 4820 18345
9644 1987 11015 3544 18823 17250 9548 11754 2326 9793 4096 14030 2576 10859 8431 7652 164 17006 15700 17544 18429 14674 11200 529 16330 9150
12084 16164 17627 13769 16164 16442 9279 9332 18538 6597 15620 6609 8136 19531 9269 10443 7215 6305 1517 19068 8988 6723 14738 15627 15360 15471
8939 17731 2312 17831 4210 15691 14814 793 17040 12409 155 12256 773 19818 19243 17451 643 11047 12794 13306 19317 4537 12291 9056 2299 16522
15042 8067 5769 13999 5270 16639 19625 12392 9699 19535 816 11643 2179 8941 2394 5516 5784 3115 13662 16949 19069 5942 4616 13626 6188 18853
12460 7612 5388 18406 3215 9630 8668 10130 17871 17658 9677 9474 16319 3094 12705 8401 18739 2180 5865 2318 3524 6516 12424 13163 9828 5583
4088 10131 13998 8478 15392 17699 9361 3399 7127 6289 8294 18440 14855 12528 10843 2072 14372 14476 770 12639 17092 19934 10240 13262 17010 1078
17867 13985 3537 1431 17251 14936 9115 8948 10873 17189 2273 6506 221 1384 6320 9771 17592 7108 4451 10737 2276 7119 12279 9297 17385 10057
17984 18331 612 19191 266 10722 7879 11186 13640 12970 5510 13668 13551 560 8618 1690 8364 3970 14868 5742 14800 8958 3955 8225 8908 8107
4042 14511 969 7727 15812 9312 3259 15696 3121 5960 7477 7790 19652 16471 11841 17362 4241 12493 7040 15818 15929 18852 15326 1147 6139 5124
4098 672 1164 746 17480 16905 1166 10328 19496 3817 3376 13526 18588 1604 12586 4217 9645 169 9942 11479 18043 19613 18720 7839 2365 12206
17883 7037 5158 19237 19965 8700 15754 1546 12740 11497 16172 9617 18790 9282 18360 17269 2139 7842 5760 8387 14487 7818 4829 8885 19158 11320
6046 18886 17632 12949 3384 5355 19170 17891 2960 12750 5853 3457 5532 14504 1565 2627 5177 18190 4336 13743 46 7857 16482 544 16882 10102
7568 10746 9731 15741 5059 15640 11812 1952 3810 15614 7687 18944 4190 4094 15901 17747 7695 14564 10645 9853 13466 8668 6637 11159 7652 11389
5937 4959 3795 19167 6440 14443 16840 6452 19629 1940 1127 16901 5816 4796 1260 622 19479 10586 18876 10658 17140 17721 1320 952 15108 15153
11755 18262 3573 15128 7703 9271 9917 7903 18828 5001 5790 5306 8746 10912 5873 1421 14801 4081 2263 5578 3217 19321 607 18605 10732 7687
10467 18909 5694 10020 5549 4329 17605 17717 13896 11730 3346 9019 14744 12509 12637 10403 14950 16589 6788 873 12532 5284 2651 18549 2568 2940
17549 7764 8582 5254 15153 9733 9288 16647 10200 4969 17516 15532 18236 1596 5307 17802 2396 12644 11698 13720 19797 12812 855 15664 12167 16386
17031 8995 15312 18061 19196 10237 3144 9039 8733 19849 5006 813 19642 17329 9956 707 2257 12894 4482 6049 9714 9487 1767 2777 13506 4664
6368 16647 2541 8463 10301 7569 9170 11167 9912 12912 979 12475 8545 9620 11302 2444 8912 13311 12030 4574 8073 13376 4932 11493 9742 17047
18161 3743 9317 17886 839 19348 12108 16308 866 7889 5486 8165 11815 7681 1033 19630 15939 17311 15245 9324 3343 901 19750 19368 3106 10451
2682 13667 18193 12917 16313 11405 10778 2219 10219 10175 9819 601 2569 6878 19249 10470 17513 3523 12462 16013 1160 5387 14680 5455 2931 16643
5279 7139 11196 4823 13475 239 13545 14934 2947 19749 6018 19518 13646 6934 4317 18981 9006 6134 16756 2518 8452 8101 14600 19691 5306 16413
837 16165 15426 17405 15408 2854 7308 5960 12928 19404 777 276 16590 15595 6120 2718 2423 18184 8189 6270 18405 8790 14887 9387 699 14404
11286 6053 12106 19014 3288 16287 14037 12269 9443 678 10757 11114 1624 14241 11712 16131 16312 13511 18778 19448 5184 8715 14519 13921 712 14362
12187 15656 18167 13328 16596 2544 14813 17140 11493 9635 14896 6501 7012 3213 12120 10390 8179 1215 1596 17152 7484 13273 18652 16843 612 14574
2860 6410 3126 3045 18832 9630 5689 13318 5049 15165 11834 18410 195 6209 889 3184 3053 3526 8414 7834 3726 15239 15193 4772 10992 16117
7911 19657 12705 12368 7666 2095 11790 18896 11071 13221 8812 2056 11015 5591 13284 5086 13848 14152 10069 7719 14061 16845 13911 10278 18350 17550
12348 13460 2715 15465 12135 4383 12897 10035 11830 16804 3258 11622 5400 12886 9957 17390 2794 5845 19690 8070 17972 14150 13711 6524 9867 17369
13221 14011 13649 19816 10966 1751 3345 1642 11992 141 18007 335 6557 17428 12457 11914 14324 17201 15153 525 3034 14127 11960 19192 3210 3511
11222 17829 9086 16664 8886 15520 16255 14051 14759 14569 6091 17412 3324 15931 11377 12701 1223 9506 6319 18235 2801 19030 5151 5908 3222 6642
4513 9117 18770 8280 8546 13795 1285 5205 15164 10289 7800 10682 14177 9818 12644 8607 393 3339 13312 5995 10972 15558 4469 4185 13367 7305
18452 320 9022 13256 15220 16787 17601 10875 9454 9235 1971 7223 13052 3966 19745 13492 9566 19735 5713 10039 4690 3070 9832 10508 8510 15167
13505 15383 11110 17936 13063 2919 11271 7108 16063 18190 8661 2268 10907 509 10209 15540 4130 8587 19805 14832 19038 7224 14249 4927 16924 16597
14584 19659 18430 7853 5627 17830 11772 10263 11913 11963 8507 14241 17954 2166 3882 7299 19018 4108 12558 10013 13904 16757 16564 8508 210 3352
12110 14519 19236 12308 9899 7283 3219 14372 11131 789 7345 13242 9014 781 13011 8252 15509 1518 17583 6727 13023 18685 17907 18373 8230 1995
18645 8832 416 4671 3624 11195 19766 10916 8793 6216 16655 8940 13925 16397 8847 5307 435 10975 3218 1003 9892 18150 18344 12854 14429 2243
8872 3487 6851 17708 18564 7976 19671 5982 5070 7710 16075 18830 19008 5261 3258 7601 6935 5369 15433 4538 9185 9145 12025 6562 2865 4425
11157 843 11332 12790 7152 2170 8515 19979 15518 440 11613 1043 8592 16444 1572 3891 5798 16635 6004 677 16927 1663 351 15255 4981 14370
10396 10450 10200 2776 10166 5921 14301 5023 10392 10526 190 19621 8532 18520 2748 18185 17585 16667 3010 19992 16619 7752 540 12135 5768 842
9838 14032 680 16484 10816 6994 19291 5878 5621 5213 3490 9136 19120 19742 8444 1722 13693 6709 16518 10263 4249 6228 6069 3959 13112 6122
13607 17712 9584 13504 14669 10837 9874 16141 4947 15778 19905 18699 11398 11089 10529 4251 65 5367 3076 5944 16646 11792 12941 15406 3878 13793
8379 11959 13343 3888 375 15237 19148 9818 17543 2472 8550 11678 2998 12716 6694 12033 17535 10309 11887 10308 4126 554 6717 10338 16536 17311
3049 17543 10973 7902 3688 2519 1593 12029 2142 5717 8469 1085 18585 13956 201 5218 6318 5208 8003 4192 10118 13343 2072 15289 6209 16418
13618 4416 8079 7770 979 7682 18811 11028 9044 8851 6516 1382 11263 5127 5161 14871 16532 18206 8760 5025 43 18796 8627 1855 7134 13988
436 19030 3401 8269 13880 1175 14199 11352 1483 17831 9662 8031 14226 17608 16519 18605 5612 15840 11158 2519 17842 2187 11327 8989 16735 17595
4882 14270 19256 15218 1438 11982 4975 12111 10908 15877 14892 14705 12387 19649 8240 2458 18727 65 267 16734 16986 3219 10372 11665 6459 7709
19149 17648 10274 17378 11792 14210 3353 17062 8491 4050 15117 34 11084 1665 3854 211 18698 12026 16814 1826 579 18747 12977 19701 15940 2447
5439 13811 18603 19577 14861 11610 16700 1263 16830 9047 8918 5577 11370 4345 9821 13121 9500 17439 14726 7504 19613 3673 19142 7288 1474 7267
18613 6578 2372 11076 1547 8662 17550 19377 11571 12559 6764 10771 12145 9559 19417 1029 13397 1159 16938 11544 19015 15040 4796 18213 13307 8298
10638 6329 15848 12806 11773 8762 5082 17193 9934 11300 5878 5697 3219 4602 19637 19016 9495 5559 13849 18441 2779 4141 13296 7358 6450 13536
10546 7729 16635 18403 6967 2641 520 11005 9600 9967 7532 11808 2855 5340 4307 6354 2177 15199 10913 18107 13689 17330 7938 14006 8839 9357
15473 14861 9008 4331 11271 19199 19387 5365 3385 4593 19336 3240 19590 5484 7201 12953 2948 10803 3022 1937 5294 3477 18201 15565 4684 9339
13805 12457 1983 5549 15757 8756 16974 9687 17162 1873 19289 1754 5024 2852 19041 4181 109 5617 13830 18632 9610 11681 3074 9759 10177 11923
1487 27 1976 19679 19632 888 11506 7763 8259 5151 16434 9493 9732 10314 1091 6785 8647 2533 18335 9489 1824 1607 16188 16744 11908 17352
14589 4335 8788 12325 3709 4436 3311 11050 7641 10701 8844 2372 1914 16567 4146 8153 14681 1507 17259 12892 6014 1628 15687 37 8968 16805
7672 17079 19842 14714 7376 10742 12054 13063 12031 414 4747 2854 13146 16889 14139 3907 6723 11713 7081 1357 16773 5497 2462 12854 19048 1752
2427 18849 2178 15422 9086 1212 2495 16481 15335 14035 19666 4572 3240 19866 924 18372 15797 17624 17233 16742 11411 16753 12094 7440 14691 12286
18477 9575 4092 16951 3906 14127 5585 19521 3942 14336 7960 17738 9305 8750 3923 15343 5959 19803 902 15547 18039 7350 427 19226 8431 494
14422 12386 14305 1467 8488 494 16038 11725 9578 16917 17638 7787 14603 13719 3373 14955 11161 6134 14738 16730 14894 13959 10824 13405 571 19938
3805 306 1887 18413 12620 19833 16747 13377 3336 631 8199 15993 11484 10887 17774 19220 7360 9792 11446 8968 1881 14477 10444 5864 10625 164
17675 9050 10861 5968 2675 17477 17215 2185 9722 7529 10820 8421 16928 3660 2084 3665 950 2298 15566 17010 6628 7830 1263 12085 5439 8183
16704 7432 17049 16134 18734 7121 5450 18780 16886 10583 6984 4807 14768 19103 10582 5639 3332 4555 6277 17186 13721 18340 5227 6059 16365 16089
2459 19967 10233 3279 5476 11720 10671 2089 3151 7456 4106 16486 12142 13200 9559 14618 2645 13881 6472 18807 13929 15354 3613 7900 1286 17301
4328 4582 18660 4210 19101 2678 16511 14188 6964 12704 984 2293 16201 2229 7015 3115 12664 6671 7862 569 7745 9279 15707 8579 10018 4064
10471 15435 8063 16979 4455 422 11973 15923 7811 2005 18232 12537 17307 14460 1955 10424 16993 974 9049 4930 18887 4316 15798 14940 16101 5258
1622 12629 16523 13716 451 19227 8276 6238 11578 3669 3684 11934 11275 16685 16204 12040 19707 12030 16411 12480 1218 11131 18469 15536 13166 19277
12419 10176 13147 18328 7853 19374 19285 18143 8123 19724 13161 15531 8446 7884 16032 1247 16993 15557 5021 13106 15335 1791 10436 14527 15158 8868
5994 17494 6338 4140 253 9261 16346 4937 14003 1582 4439 15182 14647 13419 5492 3087 15977 4011 7919 7238 3144 3820 4749 5038 1965 7096
11143 4511 7261 10151 1733 8633 1376 17736 17885 7501 18403 19990 18612 9106 6840 1055 12505 12981 54 8645 10417 10082 6972 5504 3209 12243
4907 1618 19910 8407 8612 13673 8279 4273 1475 10650 15547 17576 10386 5617 13580 14640 17814 14070 12955 9040 17736 1633 19221 5627 3826 18156
889 15962 4924 10838 2648 8594 3853 1562 1775 6351 6328 9181 426 8498 3636 18494 5419 13595 14809 4740 609 14018 6242 19413 19580 19600
13666 6379 17122 14896 2154 4069 2110 14044 4273 19218 7527 8616 17253 16503 17794 16895 8656 7975 9848 2028 8913 9209 5227 16908 4858 4985
2253 18773 8807 6391 7891 19906 8697 16143 18946 14971 10832 16 4161 9750 15209 690 18902 19954 6947 5343 12301 8492 19092 13788 11260 14978
9054 14085 19756 13793 14113 18776 3338 1636 10306 3225 353 7992 15400 18094 9507 15314 13100 11832 9435 17154 8232 588 1721 8362 3411 18145
19741 3349 13717 968 12662 16262 14710 8504 200 8640 17213 8030 4508 19133 9429 3885 4070 18543 8375 13548 17510 16146 1944 13965 16372 3771
10821 10205 9731 1379 5813 18440 12795 9225 11707 15502 14911 5451 12344 11396 4286 3232 8159 6240 18169 12394 7718 2688 15220 2198 15308 7714
12489 6085 19708 12774 6746 18731 5027 1820 11465 14565 3256 19688 13887 9740 3942 8327 7373 17707 1856 2577 16986 6441 14838 16574 16869 7746
19685 14245 7147 11985 3482 5061 1920 4187 19548 12761 17438 625 4520 8594 15664 6127 11587 17957 1389 18136 10328 14697 1528 6785 1927 17203
11405 18790 15756 10495 10620 7138 6080 830 8867 1483 2269 625 4457 9226 6706 19827 17805 12179 3448 18355 9573 2664 4452 10205 18420 10370
8075 9752 16051 11182 2201 118 16949 18312 8788 6230 15525 18417 17186 9923 7353 99 7147 3890 6051 9072 4430 13908 2295 12346 2570 7537
17439 15418 4571 615 9016 19316 18099 12215 4776 3223 11639 13848 8257 7229 2858 19968 12069 4780 7061 13900 8845 18183 15671 13345 15067 19530
19865 1447 16612 16733 3365 10242 4489 958 1252 3998 7282 12746 2259 3818 6886 1813 11374 110 18367 1134 19261 3753 1835 7598 1423 7721
12516 6433 8436 10504 6201 10846 13319 8402 2640 12636 1070 13309 8575 10933 5725 10780 16004 11399 15402 19883 8783 5524 9785 15626 7094 10462
12737 310 16696 5928 18367 4944 11196 5174 16995 12359 3598 19770 4053 4930 4528 19685 7924 17312 12165 11881 12802 7903 18403 4076 14024 3103
8673 16187 7967 9700 13410 2343 504 2265 17041 2209 4784 3633 18293 6052 5717 173 3764 6143 2036 17132 7526 12229 4298 13207 11789 6456
8882 12830 10281 2719 19606 11973 3179 17527 18687 5837 8979 8658 7822 17429 19501 13805 10129 14451 2785 9696 6219 4309 2633 6886 888 19638
18380 14082 8682 9485 5264 277 14565 13586 10052 3487 5296 3827 9297 6330 117 12153 1683 8311 19377 17517 6802 19708 13820 5946 232 17799
11666 15889 1580 13081 5142 5557 6312 17710 17796 16769 18095 378 16523 7943 11967 9171 5475 12399 11939 8426 15062 18704 16016 10390 2821 3678
15604 7106 5445 10372 18273 1964 18556 15033 7522 11960 14139 11277 6851 13627 5145 10341 7608 6221 1829 17672 19369 1298 5243 13856 10391 15012
80 15541 12410 12308 9419 12029 2935 12911 11987 2149 4672 6502 14658 15651 16722 9838 11704 15329 16128 263 10402 2327 6979 12912 12664 18530
4369 9733 1803 14925 4140 14523 8573 5150 7832 5212 4722 18565 11770 18645 11110 9428 8512 4782 11062 18817 17892 10990 8064 488 15628 3700
5837 14235 16721 7357 14499 15223 18546 18968 11440 10806 15514 4868 9541 912 7491 8486 13791 4058 8821 2919 8496 8642 11435 1704 13174 12679
5383 2119 16568 13775 6473 18593 8294 12864 14719 8196 17227 10944 4917 4394 9461 19267 11008 7121 6681 16959 6787 8179 12975 3842 19826 12191
7750 13173 8259 12559 2463 18520 10864 8618 17260 10777 9472 13419 10720 2420 17915 10528 9242 18208 7492 18427 11184 16508 1548 17074 14117 9944
3889 17114 7134 13835 14511 17151 3389 14652 15248 8383 14672 13082 4681 15797 857 19142 19389 18537 6361 10959 9448 6531 6970 7412 3540 12176
15933 17288 17252 15015 1185 12829 704 8638 18143 4546 2030 12753 3078 17758 12386 9701 12620 13970 10255 15807 490 6603 6148 985 12828 16698
8987 11374 14205 17692 11026 18414 17736 12628 9037 15836 1798 17144 3234 14121 19336 9842 19514 10036 8068 14531 2332 4450 9918 13301 16324 6520
2162 11754 19280 10711 2724 2004 19381 14898 12942 14473 6701 5270 15106 688 13304 3043 4243 19628 17926 8352 12147 11545 2917 19083 18512 8629
19413 17387 11012 1406 3764 8921 4080 3203 6804 4322 11997 7285 7222 15994 3164 8741 7472 18742 3533 16434 3238 16007 15768 15983 7252 1990
2942 4218 13403 342 16085 4100 2334 2396 9203 8165 15502 4101 1040 847 10248 15845 17831 12970 19969 6041 11886 1293 12500 5504 3140 9119
3672 5638 10839 12218 5744 1673 8203 9952 4890 10010 5889 6140 5141 12984 10233 13430 5623 19301 17099 1745 7357 5890 11568 17517 1754 7713
3847 15883 14205 3913 3956 14334 5543 1222 2683 8528 2134 2727 17522 4369 9385 16484 5869 19353 15752 16661 15730 16978 16034 6795 5314 7962
5251 11519 1988 8981 11277 193 19014 17317 4403 12466 14004 6435 2336 15470 3647 707 12901 18386 6888 18258 5269 174 509 18355 9060 4830
8553 12331 13186 7947 8607 13938 6157 3672 19807 10597 1373 4923 19077 11035 13401 1579 8638 11952 9453 10948 6891 7481 11562 8889 19613 18809
8153 3971 2078 15174 10707 13690 18390 5894 7046 2240 13512 11533 7675 18998 16729 9108 5724 6428 4890 10894 14270 6317 4274 19004 16345 8998
19756 19091 2807 18656 5486 16331 12533 19037 14704 2205 16000 19808 4065 6913 10501 9120 15893 1768 2676 7473 3358 3129 13622 19190 17756 15666
4512 3677 2191 4292 11762 4045 16115 18050 10556 10180 1833 2737 14149 19119 18693 3783 7442 3447 1221 8827 1031 12810 19136 2548 4723 11331
11730 19086 9605 15535 14965 18260 18985 1024 1233 5203 3016 13904 19348 14234 13168 8118 9134 6422 14422 17181 17858 2279 18547 5358 5480 4600
10179 17339 13685 19296 18979 5153 2868 18442 3321 13918 10136 11586 4657 12097 11929 17119 9754 12257 3131 11572 19568 2618 15303 12097 14135 17090
14654 7657 13314 8258 7229 9910 16084 1920 3996 157 457 154 16715 6897 17958 12150 16133 12916 11859 127 8882 14532 5016 17624 13617 6262
1156 7451 14175 1787 8161 5090 6774 6725 5601 14596 13864 15189 15395 3822 14265 18388 13172 14073 17895 18895 13161 18343 153 1798 5380 16502
9829 9872 7442 15602 14494 8927 3712 18054 19195 19042 9091 2519 11018 6576 17387 6574 14634 15751 350 14222 2622 227 16221 15081 17807 7130
2181 8568 16929 11076 6833 8576 5744 9087 5706 382 18024 711 9800 9579 19345 15924 16500 16102 15415 19197 2503 15864 9551 13984 14858 5511
14539 8784 10700 16920 15827 4323 12996 14221 2551 8244 10365 15583 8362 1377 19889 9314 13444 845 16193 10518 13940 19624 18076 17454 19749 7121
10738 7986 14060 12460 8190 13593 16365 16321 12072 1794 9772 2505 19030 15531 4489 14287 4529 18705 6127 14025 19944 14994 16608 10528 7559 15771
17531 1034 9483 18964 2255 14252 10987 4588 9843 767 6146 15149 10131 3556 14177 17118 11152 10426 17692 15964 16118 5721 11268 10684 19612 16986
1260 19422 11161 1404 18251 13605 42 1350 12804 13676 4376 2133 9804 17922 11313 8240 7747 14487 3745 19972 6618 16924 4836 16916 3831 11743
14228 4275 15730 7507 6785 1700 14517 5446 5215 17540 2730 16393 12872 16108 15510 9247 11929 4849 6281 13915 3879 14218 19616 10191 11317 7871
10057 5004 19766 19240 7918 9069 10145 13781 12249 17277 7820 12424 4108 19430 15079 13163 12128 3163 14382 13978 14695 2907 9263 2864 14298 12672
12428 19235 15727 17262 4874 15775 10336 11236 6287 11075 14192 10471 4735 13487 10264 4973 11845 13104 5831 12555 9991 14565 7196 11270 176 17827
17301 9774 3067 9064 10753 19503 7735 8656 15531 16753 17159 7477 8127 13555 18767 10167 5513 15429 3923 3834 6386 10328 1424 11351 17669 15114
19095 17518 19170 8903 8783 7696 3421 7631 639 12743 1856 4376 3505 3905 895 10650 9865 11671 7922 7363 13769 7657 17363 1540 4680 3609
11469 16502 1900 19172 16102 12963 8644 1700 14620 5695 5495 317 8192 3803 3228 1560 14223 4233 664 5568 15966 14948 17096 18744 12375 14550
15709 13586 13597 5205 8320 17451 10401 12232 17717 18923 9102 3051 9715 10153 9823 4668 16064 8767 5716 12740 19907 8643 18374 1007 6372 6529
6705 456 2756 18036 12229 793 5418 8960 4030 43 5950 8174 1453 15673 3867 14447 18081 3641 14425 16221 19588 13094 5955 18580 19608 19322
5592 11244 16438 8503 17357 13101 9871 4886 10301 9033 4909 18592 9378 5192 17446 15875 13537 15947 13700 17469 12783 8968 14510 8534 12746 7610
9955 15397 14678 79 5815 17502 554 7447 6066 15827 782 12258 2094 12913 17603 1885 14353 14925 6001 17145 2819 987 19542 9556 15600 12391
12427 7796 7020 10411 2767 18198 1544 10251 4077 12537 15489 3210 18058 1326 546 575 18257 10109 11400 11024 12993 15199 14965 1313 5044 15256
7558 14043 14946 12603 12614 2526 11678 14095 16857 13567 11695 5628 9989 16748 3157 8651 4923 11705 647 11631 19746 3162 16983 13568 459 6770
14281 6421 1463 11339 4728 2888 14558 5834 18592 1512 18887 1234 6094 3924 0 15627 7366 19107 15025 10159 3229 6935 14344 19312 1039 19871
1936 14148 2768 9197 4456 19059 14104 12729 13833 2168 18220 1735 13476 14555 4319 5360 1805 6464 14882 1234 2556 1054 4714 9792 545 1740
8910 10974 18197 16977 13409 14631 11877 8141 12095 19202 15440 1005 3664 16672 19207 234 11515 16031 15519 2123 4909 14683 4057 16774 19251 16932
15140 4665 5581 357 18132 7500 5167 16960 18553 19162 14514 10354 1770 8269 11538 5465 801 1100 1256 1086 10016 2483 778 1784 2339 13996
6897 9677 806 3772 9182 8774 18847 12253 15426 12154 15968 12664 11790 16629 6039 16564 8881 16862 7130 15173 13519 15968 15252 17092 15656 3478
8988 12478 580 7493 19244 13702 12929 6102 214 800 13527 18745 19912 5784 3977 14905 7395 6600 3455 6118 2896 19826 11153 1013 12301 8392
3359 5781 18567 12729 5059 14583 18165 17398 4974 15564 15180 10832 10046 10157 4350 13806 9564 15364 10851 12268 5819 2040 9735 19901 3278 18887
16891 13057 10845 13600 16136 12095 3928 54 5029 1121 12554 2775 16475 4182 10306 14739 13359 3762 12157 9309 1367 16852 13680 17267 14354 12942
7599 9868 5540 11051 15417 1131 14680 15388 13760 6556 11089 2306 18227 15702 6974 1369 1206 17311 293 14313 4553 9999 4612 15981 7827 4954
17195 11533 2339 4244 16853 6032 19057 10830 7195 1189 12972 7519 7011 3536 12690 12323 3755 4188 5377 11779 16122 666 19262 17812 4674 645
4575 7779 6597 17625 19482 1388 17760 4310 2694 5294 19727 4988 11895 18106 5610 9703 9790 12132 5211 19615 8867 9886 8402 7770 9289 12108
5189 16861 11776 18981 8888 9694 5824 7959 3276 5441 1617 9454 9412 19166 12498 12786 17310 5660 11269 19946 14992 19150 19339 8837 9399 10440
2918 7200 1848 12991 2459 14807 2770 456 12430 5752 2742 15741 11094 18372 10567 8686 79 4181 15416 12664 8857 18484 16725 15030 6479 3393
530 3814 13948 14765 19302 16447 18846 8227 6217 10236 10801 13183 18452 13672 12472 7540 18747 16614 17427 13250 4407 9585 10809 3972 5507 6389
14582 17347 61 15321 2554 3876 19277 11434 4555 13405 13833 5478 18616 12364 10605 18528 152 1366 18752 8338 4788 5583 11804 11467 5299 10941
11799 3330 19274 17340 17810 1610 79 17830 19885 15034 4497 6084 16373 4809 18124 929 15460 5218 478 12105 11453 1574 1376 10083 14302 16564
8256 17837 7776 13740 19861 14904 19171 2794 18177 18638 1428 8658 7706 14601 12655 8900 18654 12518 11042 7331 8399 511 16418 141 7691 4562
11602 12480 1353 6760 4777 4466 5286 16669 13521 14787 4044 7158 19200 17564 658 9381 5709 14574 1704 9433 13932 13780 9669 2297 9604 13107
15226 12754 2648 12366 5108 12525 13544 19968 2656 722 18067 4425 11134 10154 9211 1418 19795 18983 13284 9391 3724 17744 2862 2953 16083 5125
19981 3637 4121 15815 3571 1986 1376 15617 12236 11728 7834 12898 19110 17313 13793 19454 1761 7351 7114 11104 7340 7110 1246 1201 1475 10720
12270 5650 4921 5904 4994 14899 4873 820 19082 8213 3553 9275 19044 2763 14617 18229 19454 8171 8730 590 12471 2004 18585 10783 5024 17776
8901 15888 133 3454 14876 479 19879 19589 4088 1779 1290 5465 3387 3631 7525 12288 14293 17169 18649 16593 1844 7498 7780 11751 18347 3744
5675 18900 17768 3805 139 15635 1392 6082 3477 2993 1020 5853 13312 9057 999 6366 9427 6260 8665 17174 4761 7818 5246 17018 19902 16825
4042 8029 890 1154 12892 2359 15440 16640 13170 3354 18797 4564 6075 2402 11990 10398 710 11374 12687 16475 11001 11253 626 2504 6823 5039
18060 9499 3898 7481 991 9445 12232 14170 2214 6889 6662 15706 12714 7565 3889 17113 15923 8591 6859 18421 13000 509 19604 2260 7465 18050
11174 248 18649 14575 19409 15123 8004 1149 12276 2755 14402 8386 11521 3386 18414 13159 1115 5475 17579 13734 1511 10013 18233 10594 8836 12308
17748 6841 9289 3413 2037 4539 17252 16432 1677 15707 3504 7586 8906 17300 4338 15758 1509 9551 13901 15801 15980 15424 19347 18237 19631 16208
4137 7817 12085 14340 1151 2212 1417 3316 14302 19761 16218 6196 19241 8350 19566 16224 19310 15729 16701 3764 12997 12349 4537 6184 3996 7192
794 209 6060 17981 11491 7842 10888 13743 7298 15622 3774 412 6525 11363 18583 16757 9596 18612 1989 12191 7482 3797 3458 14976 7737 4328
2098 3839 17413 17567 18503 3666 993 19360 8254 12702 18115 19686 16568 3431 945 19688 14082 1838 7458 15844 7913 17764 6801 8911 8579 5574
10981 18033 17730 17256 1682 16236 18192 2617 2888 13912 1617 17161 14996 1967 9426 14141 14125 13577 10636 15677 15706 9061 4445 18039 11659 6842
19118 15112 7662 3176 13469 15826 6295 9900 5462 6986 4116 3121 13262 17557 11824 14018 14463 184 18922 19050 12734 10590 11853 11732 14531 10593
5273 18405 9368 5835 14616 12118 8322 11970 3975 17352 1395 6078 18073 8952 8254 8727 11366 678 15315 15596 160 6524 12743 14479 18809 14816
18347 16737 6990 16886 11717 12450 10655 13275 4571 13396 19380 10545 14645 10997 2897 9454 3908 12926 7483 10892 17777 9312 1607 8927 19253 10605
9259 5691 9016 19862 12180 14833 8434 5222 9272 9327 19893 1186 4692 17067 8947 17731 14662 1444 7202 206 5348 8432 13084 4250 7245 16176
11600 59 10665 8854 6206 5935 9719 5646 999 10221 9493 17655 2827 7437 1572 741 9070 4339 17056 7125 9051 19919 6974 19051 819 10758
3328 14836 19289 9441 5909 16384 47 5123 6328 2931 7777 8950 16064 15695 16344 7572 7458 18307 12406 7685 11315 10479 2974 10184 3498 9718
11144 5228 3297 3032 239 14447 15605 12158 14532 10948 1655 12162 19395 8147 11175 17634 17496 15306 2033 17325 19012 5926 16632 9365 2422 7444
8870 1194 14138 11741 1862 10905 6801 2279 9833 16959 486 5500 9963 6571 12658 9393 472 16141 9342 18960 3833 8887 11755 10527 16283 175
413 14804 15231 1872 5261 10441 9176 10296 17446 17152 4012 19220 19023 17248 7185 15433 18358 8436 5823 3191 15273 2700 11519 3889 15601 16485
8255 8248 12941 8684 14334 2582 13834 916 15404 6988 648 3662 15036 18531 4772 8 10194 6535 6567 2883 16809 7219 2255 11330 13478 732
3877 4905 18991 7092 7273 6600 16064 6612 3287 13308 6577 12038 18715 8423 8478 14586 13799 5510 16586 14264 8885 6183 7413 10422 14502 2521
17661 4247 1273 19490 17363 7135 16567 18479 12049 16506 1891 2775 14110 7292 9320 18318 19305 10049 13481 3188 16423 14855 2733 15975 15957 1191
7936 11737 9263 18097 12044 15067 11250 17325 11171 15578 5974 12633 7432 1298 14345 14781 4470 19801 9496 7875 5120 1815 14999 7430 5100 19725
11063 10140 19666 13499 12216 11682 12061 8555 9879 7692 14258 4471 15051 3464 13613 797 3053 9627 16897 18568 11566 3944 12312 3066 9900 16245
16993 11176 16123 9586 18468 15151 2172 12785 17102 17856 4586 3517 1520 13836 17583 14963 11608 768 14351 10634 17930 5889 4016 18436 2652 8372
1805 10353 12805 15820 17067 6142 13470 4787 2353 4298 9310 12213 7780 47 16685 7680 6316 18877 2368 13763 19537 9408 11944 12688 5078 18370
2918 6972 17345 18591 13973 8322 11607 4969 16499 4218 17026 11148 16566 8749 1451 18416 18866 9935 6816 7805 15801 9476 9545 10668 1994 10126
