365
81 36 80 45 30 81 41 43 67 46 21 91 43 45 57 92 58 1 47 59 2 96 47 27 17 58
59 15294 4412 6244 12912 12121 11738 3382 944 3875 7109 18738 3780 4992 16354 9119 4914 19129 1175 6164 906 11143 12344 15277 19571 5598
13639 12972 2511 15775 18018 12641 5949 2657 6811 16713 7673 13417 12581 12947 12906 11439 818 8763 2372 12086 11680 14403 8316 8784 1234 847
11583 14367 15724 1769 6936 13492 2824 16915 8654 1617 10022 6981 17943 16833 3308 4010 554 5784 11350 10980 9531 14100 17632 2444 4269 1469
16799 16878 6405 9935 448 13368 2971 15946 7054 4204 16957 17633 6708 25 4309 16975 19333 2372 6775 10065 13157 8691 4176 12967 8254 7658
14036 1560 5521 3836 14114 1197 17678 771 13250 16248 19743 1392 13185 19159 5784 11237 10242 17496 12505 4480 4976 3086 430 14377 17042 12450
19078 10544 13032 18497 14999 5174 2733 14692 18090 8004 18247 3737 16272 5630 13101 3308 4490 18184 1404 1789 18130 3667 9561 870 305 18960
1879 2332 16300 14522 7597 18595 12794 4795 11773 16377 17873 16135 13927 18366 14018 2348 11735 13339 14908 14 11355 16319 11418 7606 11767 6078
19311 9240 4609 159 3262 7977 15121 19696 8850 14490 3270 19140 16013 10663 16470 8699 17524 10205 15892 13826 15631 15674 8710 12584 595 10457
15576 4045 11735 18277 14934 10712 15720 2633 19299 7365 10354 4035 12161 6088 16393 15910 1972 1325 10742 1870 5423 578 3687 7688 6816 19096
1547 6955 13484 5470 8343 9783 17540 10263 11625 2679 7840 1879 8007 13989 17620 5380 6267 16881 16238 11521 5468 9690 10264 9745 7193 7788
7972 2878 13524 5623 23 7740 3447 8971 7028 4819 5788 19507 2338 5042 10920 15974 18279 4416 3285 16006 9295 9455 11177 18790 13556 13060
4292 11205 3394 368 2991 3916 7860 9482 4986 14673 9067 8015 1559 16352 13792 8993 1389 4847 9877 5402 10929 13180 13631 1077 2291 5455
3912 14978 10834 17822 17616 17219 15160 4746 12160 17086 11437 8906 10876 16145 8252 9937 8799 11731 19142 16431 6082 16801 18186 13307 7944 4868
6164 5451 2216 3608 15182 6263 6425 19990 11802 4045 14366 7177 18382 597 18819 3821 14950 10708 11211 14642 10497 11904 3468 6555 18738 480
12580 15385 11094 12639 11283 16944 17217 9976 17446 8905 12378 6313 18048 13397 5008 19081 13200 3884 8522 9482 1453 8598 4457 414 19937 1706
13059 9227 211 13813 15276 16357 1130 13576 1527 15942 6447 722 13280 291 9517 9704 19541 8494 17916 1310 6738 4777 12675 19324 17065 12386
16721 7673 11896 7295 16590 16335 15540 4323 16392 18019 7535 9962 6933 17330 17469 17011 10520 4968 992 15997 8916 16570 11622 7483 8733 17848
13563 13305 4387 4676 9616 14829 22 14632 9076 14462 13722 9275 12252 5677 3020 8285 11165 10388 19214 18429 15544 18680 5971 18838 6445 6472
1195 3291 933 10158 4698 5566 10502 8851 531 12312 9147 6651 9295 10347 637 13640 8193 15087 17465 6781 4616 16644 9150 4857 11293 6874
16721 8631 14661 12111 11651 17513 3488 9435 15273 4157 18329 4025 13129 3642 383 14229 14822 17919 19578 15386 7988 10230 19513 13584 3412 12012
8784 16699 5453 11919 7824 10835 10688 18051 4581 19179 1625 7706 13448 9749 10288 17568 19139 19559 1545 11446 4790 5402 11918 16333 19923 12234
2566 115 10933 10728 4240 13993 9977 10790 493 13687 10194 19570 817 4916 14131 3632 2583 19388 18765 15009 9207 9255 17514 13136 2770 10689
4676 16706 9278 8529 392 5818 5595 4666 14467 10478 17957 6288 4256 531 3960 5091 17396 11471 639 12477 12180 6886 987 196 11419 255
12828 18803 16288 1621 14551 9251 9927 8027 88 3379 5497 16365 4506 16117 16273 2302 11679 11832 19868 625 12557 14613 5084 11700 18192 15268
19085 12880 16110 13951 2119 2098 8102 13044 11258 14283 18750 14738 10351 14334 15259 17406 1865 18675 11464 3315 10135 6038 8983 11700 7609 9517
4229 3675 3178 7588 8529 12432 13629 15866 11148 16506 1630 14466 3387 9886 13600 2787 18193 19886 5127 12018 9502 10136 11966 17571 10259 8395
6017 11473 14808 9527 17774 2537 15646 9913 9492 2151 5876 2876 2499 12818 13965 869 5694 7434 4495 15674 6966 8376 248 1693 1224 15188
2377 934 1267 10785 6499 17362 16963 15658 4277 18869 4826 17518 9406 4437 11702 16091 11034 17546 14057 955 3629 6195 13558 12264 3526 2080
18095 8968 15215 1204 19313 16961 13906 17407 19997 17396 2447 13523 5714 9616 14484 15943 18848 6598 18588 15397 5368 12493 12273 17347 15889 14656
17299 10249 10375 921 1583 5791 4820 19888 17801 15743 8087 8760 9767 11099 18422 11363 13689 9806 4295 2324 13576 8388 1115 16528 15304 9560
11199 320 14953 15426 18635 4719 9982 7183 4812 6512 13442 11732 2038 14285 1242 11910 13530 7267 6920 17378 15035 5522 16942 244 10314 17629
17649 13677 8675 5359 4526 941 7416 12908 12416 14323 4587 1321 16801 3623 7515 3604 11640 18166 17344 8316 7574 10701 17907 14470 8363 6869
13940 7070 11867 8725 4520 7495 10337 17985 17037 4947 7984 7820 17137 10264 13642 19579 4093 1860 16668 17328 8602 18315 19303 5202 17208 10754
19790 15535 7871 13236 1051 11286 13111 69 6899 2136 15115 8233 17858 5070 3171 16380 16053 5713 5372 14274 8612 12643 8966 7945 11745 18639
16181 9141 18072 18367 7951 3160 11058 7078 10421 1596 10945 16606 17605 7357 5075 4889 18842 15443 11313 3023 497 1441 16656 2601 16085 9843
12252 4084 17743 2146 13459 18538 8395 5761 5707 803 13348 6401 11114 9436 261 15788 15953 10565 2675 17046 7628 18312 5031 11120 2644 2712
7976 16395 18076 2531 17204 795 459 19523 4698 6092 18649 3025 5907 4115 15594 5966 698 15305 10940 4820 9600 7811 1393 6569 2464 628
5216 1539 10549 6909 7619 16705 4642 13206 12225 6871 2926 17756 12580 15584 13576 12495 19066 8497 12735 16678 1111 18451 10954 10586 19497 5902
12996 1035 17218 16636 7346 12682 14437 19573 5782 2683 2404 14216 3022 3239 10575 6845 19761 14147 10007 550 10150 19651 18574 15682 4391 11977
6584 4828 7921 14927 6696 12021 3158 5874 14396 11004 10481 3807 1071 18038 16039 6453 9672 8145 2631 12681 13732 9313 10171 15298 5240 11320
4248 15963 15707 4510 16783 14893 12764 5832 18554 12257 5350 3793 1472 5438 6916 1618 13236 12894 12612 19955 13891 18088 19508 10149 9820 9860
14089 10373 18950 3221 17904 19637 6478 8765 428 11773 9945 4102 7727 19878 13943 3729 19746 19076 10153 13876 2326 15702 15542 5422 3709 17345
3733 16610 6495 10409 3370 16982 17569 179 9471 6033 10035 17023 15747 12635 11142 15879 17076 18611 6525 9685 14675 11874 16067 16956 16798 13644
15879 524 2449 1502 17446 19127 11343 4574 12717 8518 2274 7845 12693 9336 2539 13031 16959 12602 15662 5701 10655 3378 6045 18660 2673 4280
509 13982 16871 2397 17775 587 1290 11218 10310 3634 2581 6579 7015 10003 1331 18419 3635 18808 8391 6650 9526 15498 8812 10492 8652 15008
18269 10522 16701 16674 9002 10506 10015 8092 4625 9746 2628 19694 13112 4331 13200 16209 2710 17817 19066 8594 14061 13621 5215 18019 16565 4608
9435 17240 16168 10729 12207 16633 1523 1074 14004 1535 14401 7783 8378 18837 12379 15258 13483 8782 6873 7996 17242 8073 6328 19948 16068 17327
15876 3123 12170 12245 18893 19588 8149 548 3410 2757 15990 7500 18846 12321 11656 16335 14446 5983 3974 14643 12672 8134 10241 7878 17589 11549
17787 17137 9955 16085 2896 2344 9648 18199 675 17553 11489 4305 2958 233 7852 4943 16007 1502 12542 8631 7605 18285 14076 18808 10574 19645
3094 7900 3960 13560 16240 11231 13845 19407 17915 11817 3285 18932 19119 18716 16363 4218 3654 14183 19172 8279 4093 1200 14716 17197 7525 11858
7187 13874 19358 9865 4038 11765 11738 5740 4618 9318 13540 15888 499 17053 18702 646 19848 2962 16186 7027 8957 12370 8530 8882 11759 12071
19172 434 15153 10591 19643 3527 14615 5947 3661 5008 16535 14744 5357 19894 6276 11675 8441 18620 14960 429 4480 6524 5727 3091 3701 10068
8167 1844 9486 12113 14698 984 8735 10385 13303 10620 19006 15173 3613 8031 7969 14937 18403 17077 3512 18207 2320 9725 12926 5632 2907 8600
3058 13719 15774 8029 17813 13740 348 16566 6167 17678 13855 14516 6331 12505 6164 12014 5355 3211 2032 19732 12391 15327 4417 14511 11879 16817
14670 11803 1421 12877 15730 16897 11387 12392 6876 11759 3369 6212 16164 6524 7602 4289 2909 9556 15739 14143 1531 3802 7556 18632 3001 13516
10747 10431 1415 12404 8800 13720 12136 6113 15742 14225 16620 14606 475 15392 6411 11147 1628 13662 7365 13820 12357 4953 10039 6092 6880 9423
1692 14676 13373 17758 4406 5534 12035 14531 11684 3517 9650 15243 17161 17244 15023 10070 10754 9014 5290 10636 5466 9033 7427 755 12646 1728
19427 17320 16180 16183 12945 1361 12694 4291 19949 16470 18286 2506 19916 1754 16638 8306 12396 16851 11760 5249 3015 11298 19439 4684 18834 969
11163 16260 8115 2292 1835 5981 10428 4213 12606 11648 18733 3735 16628 1911 13225 14504 19112 818 16413 10315 8426 15889 3444 2932 3788 3020
3585 15760 12811 17266 4127 1851 9163 7858 12037 14703 14119 1667 8208 17823 16521 7716 15227 16103 2318 16307 4833 4113 7283 3415 12923 13292
3380 1270 9001 12418 6509 612 5393 8389 2890 2920 7903 9442 19891 9168 6799 9957 18240 19051 426 16305 1254 2100 15670 5425 14868 8691
8205 5197 18443 18616 16473 16175 9168 14605 1858 13335 19891 9492 4252 2996 484 3072 529 14968 18058 14892 7473 7235 9515 5668 1683 8591
2090 9843 618 12863 14531 9793 5607 17796 9152 25 14412 18818 10486 5529 9367 19217 18842 17683 15473 9847 16209 4942 14918 15517 1998 6927
8776 15770 4058 15797 3786 10003 10132 326 18830 12630 18787 19176 14335 2852 12127 15773 1978 10873 14115 19827 9417 6761 16702 9536 5256 2923
19024 4429 13788 14636 19302 13982 17547 15250 15010 14406 12382 16330 9655 17998 2596 17423 5839 12457 239 11086 14043 15231 11183 11601 378 2478
16414 718 10000 18549 17902 12469 15685 10956 5390 12197 19514 11750 5144 16890 10624 17874 6023 19706 2956 15374 14476 699 17252 15065 1768 19124
18429 9597 7819 4263 15171 4010 9354 17692 17115 15427 10811 12138 8456 141 13112 3083 7091 9501 13926 4606 7615 14586 16769 14644 15990 1660
13224 7295 11190 11008 7762 17262 5778 15720 8928 18300 7461 19501 9227 9644 19740 9232 3820 4693 11299 6210 6875 7194 17581 460 10029 5933
17513 10822 11823 887 2895 8230 5927 8524 13237 13299 8746 15 1321 9235 16133 12910 16816 7029 9846 5749 19236 5479 14122 11123 10995 19733
5055 13998 19374 3659 12595 15080 10857 1271 10229 17198 14317 16787 17328 928 17097 17408 17791 4749 4790 8035 5654 15890 396 10782 17555 5483
3191 16562 468 7609 19180 14520 8381 2029 9092 6499 6909 2090 5460 15967 14702 6083 9939 13599 12874 12964 6058 1199 7949 16847 16253 18244
13268 17434 4569 12877 17789 841 10157 16793 18374 10981 12669 3466 10298 3729 988 514 15801 11939 16576 10903 6737 4530 6573 10518 10134 6837
5230 3695 2282 8671 14132 14180 16914 18728 19947 18937 5162 3650 17406 13395 4670 11396 16796 2917 19216 1715 6759 9906 5641 12749 4971 16647
8437 18702 12070 5988 1098 6504 15022 11265 14005 10799 6065 10654 18168 19232 4311 6 15290 15113 7588 18237 9156 10382 13385 2625 15307 10483
19073 16825 373 5466 4635 19174 10362 14201 13472 1765 8739 10042 8123 16070 1945 1736 15354 1923 10467 12164 6836 14488 9914 10912 12774 16405
15335 14039 11656 18412 2457 3567 19013 2177 1962 3249 1127 18666 19462 4741 19341 3998 17186 2643 17150 3668 14854 944 9090 8038 1164 12512
12268 11719 4994 10036 4526 15304 19784 5207 5946 18572 5753 4565 2339 2059 10432 18163 4745 10296 9331 19613 589 4803 16723 9085 15652 2294
12001 11775 17340 12844 3283 12841 5591 10360 12106 8140 11196 13303 15831 18716 7956 19992 2598 14486 6002 18341 12746 13998 2290 18521 18196 5893
3501 9120 13788 14959 18669 14183 19556 2714 5429 10023 15375 15729 18256 6293 1172 1846 10283 16790 8826 537 8021 13525 17057 12190 12918 17739
18543 4726 5705 7999 15141 440 6583 19616 14936 12457 12782 2244 6091 4796 14514 18323 7950 7221 4407 6834 16562 18890 17246 6788 4989 3713
1584 3421 13494 4209 5974 5672 19642 13014 11755 11855 4522 763 1907 15799 19854 6668 1546 16675 5785 2435 5727 1209 18587 9269 16236 5778
9272 11758 11071 5488 6092 17617 17729 11843 1316 5914 466 3134 15048 11204 14057 12200 18320 2620 6220 6669 10844 10896 1864 5860 14970 3827
12176 17867 10948 15381 9775 10099 10192 10230 7344 9928 11394 19341 16082 8570 3411 2077 1719 2751 7969 9897 18092 6686 6184 15077 7706 18966
15394 18350 8490 10496 15257 18409 8809 16454 1832 1984 10321 18338 3653 10730 19148 5306 16352 9239 9502 16438 313 1776 4373 19963 9871 4220
11544 7536 8660 12571 857 7688 4325 18081 11371 19499 3912 4409 8590 19498 8021 5525 10846 5584 15564 14520 16797 19859 7399 11016 2141 17456
11053 15897 1117 3321 239 16587 5530 18298 15404 12799 3867 8292 4275 4353 7713 10505 19691 18340 15460 8894 7345 4694 14502 8689 11514 3034
19297 11247 12855 13517 920 7995 5465 1730 12262 15736 9120 3582 7334 11757 19330 6919 3218 7760 11504 18927 2135 14936 3142 6680 6148 9069
11144 17806 2716 15640 19621 6806 18781 2810 6949 16609 4841 9111 5747 11487 17257 19770 10279 11782 7449 5492 12485 562 18197 494 8478 12021
2587 565 2950 11551 3114 610 15206 2217 16645 15911 14709 6834 5721 6899 1827 12089 15110 14641 11272 372 12114 16970 18627 4806 11997 1050
2725 18419 3909 15504 11564 2225 6716 19419 15893 19215 203 16951 5052 13137 6247 13657 13342 4681 7415 18990 18873 19134 2030 13175 19181 18177
1645 5026 16775 9139 13952 6846 11598 6321 14160 7801 16971 8272 9988 13647 9899 13313 7436 8076 7533 5052 6816 12768 17399 7792 4395 7808
12860 17171 3965 5027 18996 5755 8402 12440 15227 14115 17646 18739 8835 10406 7687 18071 11600 12509 11222 2057 17305 9935 12249 18150 9158 11416
4354 18166 2248 15531 3924 7965 11433 19161 17082 6396 11741 13283 7756 10924 2332 15891 17131 13152 4447 6639 19355 9050 2029 7712 8692 15772
7123 6169 15148 15212 3441 13834 2482 7615 909 900 14747 11966 7927 17381 5883 18150 14087 9480 4321 8892 4157 14810 8653 16527 8698 18380
1226 11791 7664 9432 7789 15259 8500 19907 132 4797 19787 16482 6393 11562 15713 9564 8709 17154 7146 3241 17077 2520 11505 17864 171 10026
5968 10116 15559 18772 1053 3366 13200 12003 10264 18031 13015 12975 1586 18953 15932 10332 10756 1259 16882 1521 18963 9387 7546 404 17058 7983
8172 3337 7652 852 18664 14837 17442 775 16236 13337 12701 5 17422 10139 7282 368 6610 4538 8393 13292 17959 19592 11453 13855 17950 18387
8532 13163 12397 1428 17978 4725 18980 744 3338 18461 3364 139 7383 19243 3312 16324 17741 14360 8815 18866 3756 1122 1766 2605 7646 3595
19165 15934 12371 19381 2109 2808 4018 17302 13488 13496 5725 2823 3768 2160 15993 16810 3655 698 151 1078 19797 1978 13056 17697 16295 14022
11512 9139 4214 3189 11168 19219 6999 10712 13021 13860 9342 19205 12994 6640 8854 7210 10099 2266 19865 13016 13112 12699 13375 2748 6025 3871
7520 14756 16757 3496 6289 11321 1359 9283 16672 13698 13260 4738 9866 18401 2916 10125 18298 12086 11858 4573 13037 18812 10945 9621 16826 2559
4916 17980 16475 3956 16472 9947 6479 470 16175 12576 6994 9562 17337 6450 8134 11195 12815 5525 15448 8357 13459 19904 4525 5723 571 9268
9145 19213 103 7471 10267 16473 4752 8295 10266 5766 19789 13704 2902 18989 19470 6484 7686 17040 5170 4051 9690 685 10987 19006 9397 6515
18848 19550 1152 6336 13782 6120 14588 14486 15941 2697 11098 7513 7767 1069 14195 16925 3687 11265 13361 5109 6467 19162 15552 17701 14684 3411
1415 7667 559 15380 7772 17768 15135 6040 6253 14246 14234 9554 2244 17526 7577 18547 5839 15994 8470 16831 5792 9100 14123 12561 12093 7555
14212 19185 17264 15407 8453 8553 3496 7513 19280 9313 6925 7815 5438 10569 15054 13875 15687 15070 9968 6202 17708 2157 10242 9615 16935 14496
5757 7581 9314 18229 10725 299 0 899 110 5463 8934 4648 15325 17636 7561 14379 18427 14397 14986 17685 12049 9141 6125 13382 6564 13372
5190 4240 10521 1688 11354 2591 7873 994 19676 857 18454 12758 9872 17373 5157 19065 9663 9613 18746 1830 18525 1462 10452 17918 17021 2977
7239 17024 18100 6585 10289 2532 18716 3321 8468 18862 11011 13176 17006 18452 10528 14786 5591 2747 10074 7897 345 17474 10577 12462 10441 14449
14135 10540 18257 5527 7452 18923 18061 19724 1052 3444 2670 2569 6446 16810 18582 7386 7520 10861 11842 7784 11078 3833 4879 19840 17329 583
18770 19876 17717 4667 15392 19789 3782 4725 15778 15183 10486 17570 17200 16919 19168 1702 16998 15420 878 16298 17261 18771 11441 7011 7336 12289
1727 15216 19072 211 3481 12979 5312 17511 12396 12945 14401 719 8832 11232 8126 12774 10284 14596 13236 5183 5499 7432 18322 13952 18448 3355
969 18806 10245 12376 2962 15577 262 18020 15108 16514 16689 1200 16106 6413 11532 3763 2131 6940 8475 12484 9285 8567 6762 9760 19900 6729
9806 10622 11057 12212 5185 8231 8735 5025 13408 3905 16383 7214 8681 16989 19902 18222 8286 17597 770 11728 12284 18599 15182 13963 9529 19306
4739 567 13037 16681 12693 6704 10418 1373 16522 14131 3780 3247 3806 10801 1064 13812 10251 8660 13598 127 19727 19168 518 6290 8321 17582
19665 7544 12235 5608 12953 7350 11795 1680 3080 584 17668 12511 18435 4412 18548 15171 9089 12837 7948 3704 19492 18252 10163 10345 40 1521
16445 18096 10007 10786 8083 2470 2885 18630 12876 12523 17648 15351 18647 13596 6622 14138 792 4573 9730 14751 2185 4735 17299 7706 18084 15086
14434 6449 2305 18816 4422 16012 11504 18674 19549 18509 8914 4928 14165 4180 14178 9966 6856 2164 2770 14760 17138 11837 2037 1171 18047 14337
4233 12335 10652 3919 17992 16936 14037 16060 1883 4930 7939 2460 2376 18120 13068 10583 17781 3701 2990 17600 4476 14605 16621 18521 17229 17489
13569 19851 7774 700 8141 14419 2632 1738 13607 11576 3967 6766 6887 13924 15613 14877 15906 17869 2220 12639 17316 7638 710 12479 4505 16388
15255 14868 19859 17087 3477 1342 4288 10758 4758 5695 9262 5446 17928 16671 9100 19652 15240 9916 18025 13667 7130 18295 19826 14044 18851 9475
11495 11248 7630 9353 6676 19056 3933 2879 7820 19665 19801 4119 18168 12145 1 16585 10055 17068 17946 12150 10740 7167 10881 9174 1847 12455
7380 3426 5929 5566 5780 5845 5415 3217 9069 15913 19534 2407 4998 1267 4053 10840 16630 17786 12156 13710 12722 3823 12577 3822 1141 4119
3013 17775 18691 200 110 14419 19021 11133 14017 17337 9673 4223 2476 1627 16673 13109 14180 15194 18067 16077 5141 7320 3274 10591 2668 15418
16384 14410 2300 15344 96 8836 13504 19970 13169 11871 13340 3268 5387 2471 1199 4902 18616 5862 3030 11451 45 522 17034 8314 14233 14581
12937 10087 6255 13795 15173 14355 5703 2211 4357 9290 8504 17023 11869 19949 11006 6716 8728 10743 3762 9784 18873 7134 7337 8943 10514 345
8030 6075 4682 10879 16782 5001 1062 13633 10464 14530 6427 1044 531 7108 14996 9559 14213 4070 10080 18704 17854 17904 2853 10106 19196 11180
7540 5751 11008 14935 8995 6944 10592 2822 18324 14848 16484 1845 15903 15934 4972 8616 4705 5565 4510 17335 17518 1500 7787 12618 5953 10526
17392 1233 5398 4670 5213 2780 4414 16753 15917 4540 6726 3324 9841 5433 9461 4964 11174 5224 16243 8642 11415 939 9342 2477 11729 5815
16552 4723 12855 19176 10465 11417 7147 8707 12627 3954 5220 9067 14703 1995 9924 12160 7781 3277 2068 19548 5964 18541 17632 8754 4549 12533
4066 18634 3220 14520 7704 461 9318 15590 1808 19965 8326 4566 18130 15604 1698 9088 3567 17070 1999 5941 18415 10467 4264 13613 18404 13068
18936 12897 6108 17610 9354 13350 12405 9548 3207 9685 12689 9337 1558 19462 14224 16175 16825 14170 11140 6929 11178 110 7457 12462 5598 4323
4732 16301 12450 16355 3563 13756 1413 14204 2332 4043 12493 6703 15543 1981 16027 9755 14998 2851 8288 10673 16622 17814 13250 7779 6122 6842
12878 15736 17942 17176 19091 15136 10701 12524 5128 17086 14419 2741 4790 3606 4011 2412 11368 2522 16263 11703 14291 16322 19207 14667 11635 19587
4070 8838 1750 3621 3745 18937 1378 8274 11222 10140 9497 13802 13557 18346 8642 4204 8977 11891 4267 16243 17111 10728 15721 1192 3425 15372
1399 5261 3369 18864 772 16529 5502 16340 5303 6852 1522 9771 9011 1774 13135 1311 9603 7301 12003 5834 6339 7110 2543 10830 8716 9264
8818 6741 4430 4821 16878 1315 17672 4317 12251 6566 3970 11561 14889 5120 8736 13377 7738 7772 13000 16885 19987 614 18436 6291 15690 7295
820 811 13371 13505 17894 3837 2874 8358 11783 3158 1417 16470 13907 522 13125 14734 3808 13978 17072 1333 4351 1645 15529 16172 14025 3927
14633 13091 18897 9411 2779 12985 10354 418 5946 8719 10485 16161 13827 16737 14863 15441 10146 6957 19525 7040 4328 3684 6612 16098 13518 279
17005 546 13273 16393 1405 10608 15981 8345 16365 13907 7255 8356 12709 1664 18296 2125 3313 18504 8078 2250 10156 10963 2013 9574 14165 2517
19097 16441 1978 12163 2128 15463 2827 1077 6743 10541 2686 11783 103 4952 19529 8686 19528 13816 15554 190 2541 16495 11757 7320 18613 2287
9490 403 5826 15152 18338 8454 423 12698 16222 10169 9199 14553 8912 17123 7567 4621 10973 10912 9046 13074 4345 4175 9934 12833 4995 16282
2229 1217 1244 16760 7523 5766 12566 10424 12865 6176 14772 13251 9259 14856 5992 5136 8731 19274 17216 4228 3681 17874 5131 13973 16331 10662
17320 17784 3015 18966 16329 9250 18952 914 18316 4812 18594 1139 7333 18740 15834 2427 5146 666 10853 14084 4987 18099 5209 14834 11323 429
3074 12530 647 5927 12712 12217 18106 893 15965 16605 414 9493 13949 8006 9775 14877 13613 14086 10723 1845 13409 10466 2788 16369 1233 2427
5794 17481 5137 5897 9342 5883 19462 1124 8662 7215 12515 2796 12848 15045 7523 3353 8072 1036 5161 9682 13782 19 12077 3338 9483 16234
10592 1317 11026 14824 8005 1615 16164 2385 2673 4808 1406 11060 277 8719 17510 16195 8211 15005 7988 12921 11519 1433 8702 11403 7505 13541
19862 4108 17892 10065 13010 8626 10020 7113 11740 440 4574 19674 10255 4335 5617 15481 6833 19283 11159 17845 16811 12542 2506 5326 2171 18309
1521 14408 12471 13822 16404 14110 488 283 4170 18569 1913 18624 17398 18720 3275 10796 9081 10464 1873 9065 10752 9244 15211 14965 2819 10371
184 17566 10130 3324 4486 9768 16613 3514 18566 14290 282 7090 2115 13535 12379 5988 17364 17459 17316 13676 16740 1293 11900 14831 5636 1632
5665 173 19281 10879 15701 5012 12397 12608 8460 9749 10438 19380 11141 10093 9334 19877 17394 18508 14584 1067 9401 1500 2824 14195 5568 14518
8965 17886 3378 7283 1611 8827 7172 19388 7338 18454 3787 5293 7131 4777 2735 11047 3085 222 14266 18815 7304 9056 4808 5371 8232 12282
18266 5846 7914 3804 1691 7718 8819 636 11107 3805 16482 1839 10156 16097 10116 10724 8319 2158 3135 17689 9673 3239 3532 19749 17975 18399
10015 5981 17658 16373 15547 226 3334 11149 3896 5511 2078 4805 7499 5814 8526 11318 5987 11741 19091 2701 9300 14099 17376 10050 19188 18810
5508 5031 19118 6245 9947 5549 1781 4409 15617 12645 3662 5725 7690 8976 15073 10622 5049 2930 13026 10929 14156 14706 3079 47 13275 11584
18728 14110 9600 9542 12748 4787 4540 19365 7013 2049 4009 6711 6095 1958 15817 9509 197 2484 2991 8510 5479 4742 3043 17663 18487 9228
13522 10860 3229 5651 4824 3090 19982 15674 1538 19558 5676 4487 2408 1798 7637 14352 17771 15659 6029 17495 4265 10908 4805 1422 19201 19948
12443 16525 4690 9993 15433 9585 10118 16108 4854 13057 6860 9659 2836 17012 2854 1082 17559 648 227 9209 15024 2256 8492 4170 19091 12348
12651 1234 3895 8875 7934 3001 11671 3348 12113 10732 7812 19395 1364 9795 5494 6089 12459 17311 17121 18253 11722 3037 13111 8892 3039 2629
8027 14313 5178 7502 18042 8081 8459 13651 3667 15299 4932 588 13029 19495 7733 11565 13442 1248 5839 5206 16403 18524 1220 16626 10687 14443
10724 3743 5354 290 16175 9450 10121 5469 16350 3913 18357 7739 16989 14328 16818 18898 15848 11118 17151 11247 2022 4248 11959 3134 1165 7162
10062 18469 4640 18259 5072 14197 3832 17000 5877 10523 3899 9224 16839 18757 13702 8565 2427 10116 225 3688 7702 5610 4539 8486 8632 1432
17054 1600 1552 15811 14218 13251 15573 1889 17356 14523 12975 12368 8160 9519 1999 3077 14181 8343 14620 17862 10831 17325 14428 5084 6737 3519
6474 15468 15672 947 7728 13029 1847 9993 4669 5777 4081 2542 7933 6434 3771 11456 5967 3532 10696 5844 10896 13779 16151 6006 477 8878
5019 17999 5241 2147 1365 7857 1400 13447 5075 7732 4822 2577 12830 8496 19549 19129 11812 10706 11654 15631 15313 6227 542 18253 3182 19268
9893 7315 420 6944 18998 14761 14690 3253 4394 2748 18779 19074 6018 5830 13770 17404 7244 19186 15429 2943 17036 12864 6451 12445 5364 16628
4767 4360 5454 16087 19767 15183 17976 13980 1917 16634 7556 7484 1652 3874 12552 2055 5400 15172 9095 10491 16468 4998 14479 15618 1454 3442
7057 777 1582 17002 6056 14149 10004 11453 12233 5634 12498 9706 15679 15470 16183 2337 62 11675 384 7307 7092 17161 13606 14662 369 19634
288 18481 15705 16193 3449 18529 3261 6537 3185 10861 4538 16607 90 1331 436 2621 19270 15538 4974 18093 9032 4 622 18011 17031 19039
2897 18799 10746 3004 13937 16970 12783 10594 17918 19730 2582 3430 16223 5515 4730 2968 16325 1136 15223 4848 15916 8280 3657 14467 19430 15035
19732 2709 16443 13405 19175 3583 501 1540 9806 8171 12103 2196 14539 4900 19045 14162 7255 5990 18748 16371 11680 18701 9911 8687 17756 16525
17549 6647 5743 13960 19919 106 8239 6330 9901 4056 4160 11703 2261 8145 973 13028 9098 15041 17344 16856 1771 7030 12634 4011 19047 11073
6289 2495 14628 8524 827 19065 12803 12968 19396 9765 19126 213 4654 14431 2304 18859 4697 2699 11650 461 1806 10005 17924 11517 14778 8582
11453 4487 189 3014 4775 17702 17919 5613 15356 7668 4048 10541 7844 6689 7757 3693 1627 19425 7378 19174 498 5389 15179 6548 3410 16902
4615 7916 8875 6182 12526 13826 136 6560 1023 7721 830 4064 13239 2065 11839 3988 12073 12916 7226 10247 15736 9088 11514 9276 1661 19306
2201 12866 11215 10570 14862 139 15021 6699 5302 14618 16288 11453 8177 5773 18107 12369 8352 13678 1976 19859 16452 7929 2558 15937 256 4419
12878 6721 2581 5136 9954 3190 15067 11494 7376 4487 14308 2516 15780 18088 12435 2206 11595 297 978 15611 7802 19935 7929 6377 1933 14446
11714 8805 3623 2784 11347 8617 11222 12048 13141 17223 19320 13883 16364 5358 19881 19794 12615 14345 6523 19019 6490 14126 786 2705 13623 17973
18470 17420 12279 9940 6339 13681 18729 17074 3790 14164 5138 4133 314 8850 7251 6612 18028 14689 16328 12726 12637 137 18783 2469 19906 14058
17506 195 18313 7049 4932 7823 12773 17005 16939 16201 9522 9636 17776 16605 12814 7281 11791 8052 1268 4077 10604 11196 15862 16798 13922 3321
12897 439 277 7188 3363 17820 8445 572 9256 7071 7370 17076 5355 16550 7197 6614 6203 6043 12152 11545 18941 17924 3910 5118 270 14146
2964 6758 1323 12696 19133 1112 6126 4118 17459 4901 17639 16191 14489 15522 17823 5020 15564 7152 2587 10320 11908 1290 10125 18268 16706 18342
7250 2000 3198 14984 17392 15555 15469 1169 1470 12286 14522 13469 17002 4562 11439 3790 14152 11627 10801 3369 16561 2053 11499 7038 14233 19574
8011 6107 9972 19799 18921 15403 9642 5208 12089 13735 10187 1409 1309 11396 8976 11525 5240 8469 17180 5921 5652 13346 5115 1515 16952 17158
10441 1162 532 9143 6571 6305 16019 19479 8563 9739 17500 634 12186 6887 8851 14221 16016 9188 14934 10199 13183 3868 11951 1942 12357 9235
355 11499 515 6368 16658 19737 3478 10148 1155 8459 5376 17094 11513 3793 16246 15252 194 19890 16439 13279 1706 10318 1824 18272 9081 10285
19842 1428 12888 6391 12540 15836 6791 13836 588 19465 17859 17591 8539 6929 4758 16648 2687 2955 12526 15400 423 19383 3864 3263 16755 6898
3133 3579 311 14312 3572 8112 5335 8972 15138 15766 2609 11440 3639 18406 4120 5368 8649 7610 3838 9369 5503 14673 15408 1469 13625 12529
1365 11588 19141 10172 19480 16615 11850 14722 3625 15903 17199 12118 10708 10601 6953 16823 1606 12487 14747 18106 5059 9359 14935 1366 10397 1408
16615 3454 19769 18038 8355 9442 13729 10451 3232 19792 1604 17207 16396 8106 18347 8530 13567 3779 2095 13397 2262 14718 12558 8946 17950 9969
6458 2092 9287 13742 14889 19411 392 15725 11584 1839 16536 6746 11952 17373 10008 3718 11910 873 6556 8624 973 18499 16290 12471 11076 8469
3311 11193 19959 12564 9479 12376 8067 13787 7543 12475 16957 14286 4032 2416 9039 17655 6660 4860 5695 16836 7584 9642 2552 16541 17123 9600
364 7275 11612 8191 10125 2187 5273 15123 2950 16290 8074 5028 9062 10530 17024 2045 6958 8479 16431 19603 10212 8931 6378 2288 10930 246
8055 3409 9551 17730 19289 17792 8893 2753 5551 10883 4198 10184 14525 15729 16684 18804 1523 9889 16324 19663 8508 3841 17116 14096 9322 5355
4900 5715 1104 7391 3177 13228 12685 1909 10685 16700 7138 12323 15431 6450 838 10485 3454 1761 3345 798 3466 14401 11551 1109 4733 2109
4878 9314 7523 19675 14184 13682 13533 15646 196 10067 19631 18054 114 6271 2226 7927 11968 8931 11235 6447 13407 6120 10536 7021 10523 12579
1312 6264 9505 9536 17096 3523 1226 3086 3658 1892 7270 2845 10159 15226 13188 3042 17523 11267 11716 13066 7981 13287 18402 5526 14822 19755
7756 1570 7279 19661 12588 16499 13937 15760 309 6210 8544 17532 5327 19111 13586 11612 19651 10354 5646 8841 10764 5785 11015 6403 14288 10314
8292 7067 11220 7065 6699 15885 9323 14270 18343 3104 13202 6667 7265 377 9395 4920 3245 19545 19423 19759 1356 14147 7649 15909 14566 7105
14283 13305 15054 3448 6932 18348 10924 16490 6904 17092 9543 19258 7499 8539 7383 13806 9569 18478 15158 10897 14555 5923 12713 17753 5490 19467
3936 12068 2167 16510 1510 19925 17949 13493 5729 6184 1059 14325 7470 12938 7189 11587 280 19739 5137 602 14680 2901 15608 13470 68 19618
11846 12259 13442 18886 14263 10189 14215 16778 12370 4693 15752 5539 12307 5833 347 12101 12923 1336 18378 17867 6848 16565 19373 12041 2791 2527
10491 8032 12836 12222 6451 7262 13046 1206 10578 10446 15239 6117 16872 6112 16776 14035 12286 11136 3201 8320 7393 5329 10777 10802 7816 14739
4303 3395 511 10102 4961 14187 3258 16387 17927 16062 10321 13185 11292 285 5170 8775 16476 6914 2491 3835 1511 19604 12366 16670 18361 10041
378 12722 18675 3391 14578 7245 16925 7738 11804 5209 12395 7146 2344 1005 1597 4469 17380 14409 5032 2069 3561 6855 373 605 4005 12207
14082 10678 10564 3919 16183 13665 5462 7999 14305 2845 1004 11842 17729 16166 10005 12617 17499 19610 11964 17431 6722 16138 1117 5859 657 15886
15533 6353 18978 8864 756 8741 13104 15345 1276 674 18958 13790 7827 5128 4205 11151 13903 2172 690 17321 9726 18179 9189 4576 16553 8969
14977 3624 12704 4010 17025 17823 10145 4395 4431 14386 2284 4403 11789 1788 6324 9457 2701 11157 3639 3898 13363 853 3012 11805 17669 516
2900 2341 19348 9294 1277 1010 12325 11899 12306 12946 4070 11253 8676 13738 8115 745 3296 168 11935 1434 1615 5023 7728 6687 11591 2651
8913 19742 8100 17096 12384 7135 13989 1551 16149 10792 1933 5376 7167 15211 5451 7285 958 6285 15729 18966 3459 3381 574 2112 10692 17826
15311 5940 9263 7721 18027 16312 19506 14489 1201 19048 10415 12676 11672 18978 8865 16684 9719 642 3461 9496 5186 14135 4679 124 19501 8103
5577 3701 7658 9428 12178 15 2545 4022 7454 17838 1168 18272 12341 9904 6407 2212 5905 3808 5424 12563 13701 5470 9710 7564 14661 18297
12582 7743 5015 11201 16138 13327 16977 3928 15543 18999 11445 14302 15876 13258 8537 12607 12712 12036 8378 1627 15990 6084 1287 13965 1249 5869
5122 18434 17469 13583 17069 5545 1818 185 5735 6322 13162 19794 13904 5066 6932 16071 10680 13526 6552 19628 16707 18215 14534 13152 8468 14400
494 19914 8976 16573 15450 8244 14339 18395 8105 17106 14473 9963 17080 3601 13670 19995 5449 11694 15094 2669 19940 3132 16715 1466 4586 12508
312 19227 12636 11825 4618 15590 15156 18572 19115 6141 12654 72 6377 4734 16950 18935 11784 7585 14313 7077 8962 10437 5395 18587 7605 16169
2180 18370 19932 19472 9490 11964 8393 16551 5690 4496 12597 3619 15942 13385 3660 14962 1468 4467 442 12682 15368 4769 4547 16636 6509 17869
13578 18283 18568 11688 9854 1839 16572 4838 663 9871 5659 18633 17382 2605 909 3974 9460 15443 7335 11250 1441 11218 17729 9746 15947 13306
10626 12956 7398 6289 13528 1528 4927 13487 598 16144 16607 19525 11694 3905 14270 7380 3197 259 15209 15960 5068 8899 9593 2747 10105 10629
6263 13732 3917 17669 2079 8668 4760 15073 10341 13536 1121 19978 13800 13044 11975 13180 3240 12116 2095 9313 19710 12318 13508 17453 9388 16110
3951 11952 6255 12670 5742 19103 18768 18192 6726 9788 737 13970 994 17672 14226 63 7169 17266 5809 910 8394 5854 14560 3030 12368 18923
9515 19754 11247 6736 3646 961 14201 16826 1627 9232 4305 5692 18303 10673 17968 8937 18112 17604 16040 5905 4116 11865 4145 13180 1601 13776
15462 13083 14595 9470 17501 5853 12037 29 11474 13076 13426 5205 15786 17866 1794 11331 11476 4344 4094 19386 19007 15652 17516 18242 6229 8337
12851 16700 4078 8334 7636 15364 9760 18233 9335 15711 7371 931 1201 3968 6290 5544 19833 16236 4889 10027 19257 8972 6316 4864 86 9290
17847 19830 2889 11139 2296 2059 13483 13857 15021 13614 1250 1733 4527 19479 18122 14999 2916 9849 6739 18551 7812 16616 17423 17034 2657 2457
5024 18049 11522 8683 12722 18501 7618 17543 670 16873 1792 19017 14282 13902 17360 11410 10097 7129 10077 7466 3690 4475 3916 2205 19150 15813
10095 12354 9686 18194 13606 4097 13249 9112 14303 10676 14462 3545 10314 12601 16862 18451 12520 36 7883 19712 3003 10227 10274 13500 14705 5258
6476 4340 12731 3475 695 14014 2997 7090 5614 14373 2181 12679 14287 2682 6768 4283 17437 5917 2717 1631 8420 3120 13930 7520 9558 2165
17148 230 1530 8876 6911 6657 2814 16344 12375 12850 16883 17257 13259 1177 1718 6909 7424 3721 16502 3443 19627 18379 7412 16489 821 11633
18679 2254 13780 2293 4473 9622 16539 3367 9154 10683 3307 4829 18993 14546 19875 8787 15424 9294 13924 4656 8299 16005 17585 4578 13459 1878
11234 14236 2718 1652 10069 5465 9862 2390 2758 13292 8487 14802 9806 2662 5407 14511 14659 13857 2710 15085 14306 7068 11984 2903 7828 16458
19434 7567 6720 993 10775 13361 12394 15114 15129 12518 10350 1609 6933 4599 16808 11893 15644 18072 15592 1339 13412 16524 15472 9552 16591 3467
1323 18510 10920 9382 2766 14977 829 12691 12426 5597 12917 11765 12792 17630 13540 6028 1968 11782 9847 17067 6830 811 529 615 19594 1516
9928 19986 17615 5864 436 16455 10975 288 8490 10788 7934 7011 412 6262 14884 9809 16888 19617 13312 18359 13526 1563 17631 7083 10603 10264
6451 6377 15475 19781 12660 6624 13639 14788 12173 1845 2604 18950 3078 13849 13652 12322 8653 19195 12357 7152 12897 10500 8514 3877 17974 7575
18914 410 18801 2310 2722 16683 8861 1298 12456 18926 276 7527 9230 12562 18726 18339 14781 17306 946 12371 4085 15233 14036 1503 4547 9934
15993 15497 7577 13180 10230 15669 19832 9225 18192 3072 15081 3224 16602 13046 16951 7072 5738 13883 13373 9614 18700 7477 5384 17804 2763 16721
17169 792 18949 4034 7161 18012 19060 1704 18507 19718 4137 10170 2803 10001 9982 5594 16017 3217 4254 3801 9397 6679 7229 15704 15151 2336
17741 5641 10344 14937 11748 10608 13044 13568 18117 12650 10200 17363 11444 11218 10582 4986 13399 1532 12547 10959 16774 46 5685 2957 2760 17983
7257 13889 18597 17341 16009 637 3353 1624 15096 9347 47 10645 4993 19807 2186 6419 9183 18327 17515 18184 9270 1074 3262 18152 1892 18532
15437 2749 10226 10939 11006 15694 10797 17536 17806 7053 18952 2368 18163 10859 19413 3914 18607 19191 514 5258 2648 18819 2023 10398 9458 7666
6448 14634 15359 16169 654 9951 18755 18549 13628 6950 14958 7895 16825 4871 10867 16583 14116 8799 18037 1664 2522 19990 8338 7126 11121 12693
2172 1834 7272 3097 4011 13569 5457 9416 14196 5356 6000 15058 4384 10080 9662 10147 7578 16634 11565 3113 3 4145 19200 13359 12627 5361
9978 15202 7499 4710 15297 12336 2784 11364 14048 12391 3226 12489 16993 8384 10435 401 4357 10503 511 7527 12534 18071 16502 3714 16107 3509
9639 14176 3486 6040 9385 3575 12788 2489 8787 9143 1642 9694 18913 18328 4896 4948 952 8203 9115 9670 176 15852 9322 10360 5800 938
1012 11933 11239 13481 4672 9597 11945 7428 6900 9556 18919 10572 1643 8187 8398 15223 17372 6333 17423 19577 6892 5323 19929 12929 4985 10112
238 16190 17534 2717 7813 9563 15708 3646 10896 11248 1656 11050 10096 7311 1848 16356 10169 7910 9291 16731 14782 13515 3870 6542 11753 14062
15596 15412 14647 901 8166 6081 650 2309 7530 3723 2452 14357 9657 15229 14082 11433 12904 3164 15869 7635 8206 3200 3775 554 8697 12034
9533 4087 10419 4772 7248 10652 6317 8470 10108 2640 15759 14619 13548 253 12086 15281 7634 538 19159 14720 1703 5589 2240 1105 10801 5325
3483 12427 12219 4753 18618 6811 19350 12182 7760 7628 9170 17255 4879 9693 7272 1430 3830 8632 9418 4567 13333 2634 986 18300 637 14216
15349 848 10915 19152 7238 8050 16811 4888 8657 5136 16956 10154 8410 13506 7403 15046 7654 10601 17956 19124 19872 16380 4805 16428 10599 13266
7169 12459 16345 11438 10208 15250 5544 11213 19147 8819 13896 5115 7481 9143 6169 347 18552 13023 6162 19782 7708 14795 7492 16996 5213 10154
14740 17172 6189 9940 14055 18365 11083 9869 12398 5910 5164 13017 17486 1448 3810 5306 7375 19923 3459 17032 16969 11983 15792 11635 1510 7767
16054 1680 14833 10007 4737 3349 2902 3913 11747 18142 5793 18405 12455 9089 16611 13297 8027 8697 17841 4468 11458 11984 17406 10974 7783 16354
19272 8705 12299 19650 9006 8675 10149 3771 7798 10742 2219 11506 3409 15649 3782 13542 18490 10372 19575 11468 3990 10054 8512 4323 15312 508
15202 17923 13446 6536 11826 2500 12806 5891 113 1154 5226 9779 17735 8106 10030 10517 10292 16991 10004 17378 8426 14498 11908 17833 8363 9459
13772 19964 3157 6320 19185 7348 14759 12478 10130 17264 18747 6348 11361 14375 4063 13093 18775 74 11444 6734 4696 11409 15390 4458 10305 11565
3435 11764 15404 17207 8769 19558 1705 5001 15860 404 18136 9351 6362 3113 9496 11177 11739 4975 12351 18984 9572 4760 13468 8723 16279 1095
7389 3930 7939 3456 5912 7992 19704 8042 14713 17436 2170 15887 4627 8058 9383 16192 14213 2485 17153 629 13922 9283 17402 14352 2535 5985
3007 17108 3979 10198 2321 19657 11727 3084 17219 8978 11622 16685 9932 1666 7340 10887 18516 12615 12342 15485 12486 14036 14456 3115 4725 12891
4171 2873 19628 4189 1048 10824 5213 232 3555 18481 11392 485 14072 10045 10221 17577 7311 15257 17787 3858 19223 14605 9041 17949 7468 17109
18245 1447 4761 8830 1764 76 9641 12143 17786 1097 756 5288 10236 6318 18146 4184 11528 4850 9408 17855 5223 10960 8692 18558 1785 8501
18742 4734 11241 9403 4253 11363 15328 4938 2762 92 16684 7410 12713 14024 2228 17776 14588 5732 4965 4514 11857 19354 19867 15703 19666 1461
1369 9472 2210 15399 6921 19560 8932 13031 8464 18915 17544 2983 4138 12963 14786 7883 4277 3579 9155 18830 770 11306 16000 17420 2270 129
18763 13851 13034 8375 2992 1116 6004 19129 1486 17276 1879 1556 12933 4241 16311 9432 19774 18287 16904 3881 16839 11512 9921 2976 18961 6291
8230 7048 1230 15794 4335 14049 7275 12764 16655 8414 6479 12995 15517 10973 17676 3516 9085 18094 17069 2125 17210 11307 16929 9392 16646 15048
14819 19250 1784 12326 314 12091 7113 7077 15889 1659 9963 12592 17774 7305 16867 7041 3676 8062 1741 14669 17643 3017 8540 4087 4214 1653
11470 19149 9626 14158 2304 19634 18514 9302 13945 6242 12726 5071 17251 13632 15999 1035 562 11800 12797 7361 10276 7166 4979 7192 3482 4071
18356 5610 10498 7043 9217 1545 11811 10001 19681 14587 15418 17425 11881 5128 15385 11738 1892 10954 3097 14035 1951 15683 2223 15464 10101 8858
3130 10384 6204 16507 1314 10579 18544 9235 11121 2527 19136 17485 5466 2051 4617 14754 4447 3975 2716 4895 1404 13919 18581 12743 15727 2886
808 4774 18487 838 13526 19840 619 1361 8879 12481 1718 9740 117 15256 2470 7250 19376 9501 1926 10160 6640 13189 9151 15068 15520 14143
16514 19860 10631 16867 6630 1942 17559 11546 15298 4339 1449 13958 11748 9483 2570 14647 264 7313 11792 18968 9232 13207 13469 14482 6441 8506
13157 9044 3020 7018 9423 8894 1702 15044 10112 11761 3134 8547 19093 596 15314 390 1142 16291 6578 1153 2627 12465 6988 15835 11921 6709
10346 7969 1426 14745 10827 1236 2018 12918 8907 5775 15457 4186 528 737 5147 17889 12721 8022 10897 10757 16093 19283 17559 14373 14020 9665
3491 828 13338 15522 10762 18461 13319 7940 9562 149 3878 3237 1962 4831 9980 8842 14985 6369 5858 19054 733 6391 13635 531 11069 691
16698 10382 16896 7852 8365 19884 15121 11613 557 13828 2641 13 9217 6334 6185 2519 14053 17546 11089 2828 17791 13148 14041 13829 47 6474
8313 8060 11892 10405 3177 16997 18296 4759 13416 10007 7443 5713 13670 9616 16222 7662 13450 10793 5675 15570 11852 292 7870 18113 17051 3077
2347 13276 8935 13233 7898 7502 12237 6625 1393 12228 9569 18389 12228 10599 4205 18280 13648 8121 11022 650 6634 2651 8089 10602 1749 12174
2151 6365 12441 14208 2539 3257 18652 14235 16049 19145 2830 16224 2604 1069 11527 9919 14079 16528 795 14269 434 10414 15081 5606 10009 12033
19361 15969 17157 6898 17205 9354 15737 18967 10773 7876 6607 19851 6551 10898 12339 12769 1194 4201 14586 18158 5445 7042 11873 6732 3152 16624
659 19510 3953 14178 17174 15937 9165 9982 13913 186 15567 14275 17266 3207 1498 13896 11921 17722 16817 563 13413 651 7164 10568 13432 17911
15309 8313 384 3452 17890 18366 8617 3255 15978 13523 10110 18328 17792 19909 7939 14337 7536 15775 17219 14873 4543 3846 11891 7041 8095 19851
13634 13385 11498 19802 15598 9248 19236 18051 2758 1815 3029 18400 18165 18644 16851 83 9289 14120 11103 9997 9852 2983 7157 2530 9508 6863
10223 16504 17815 1490 11654 534 5571 7716 6906 16777 8125 1303 8731 12278 9712 6758 15549 9773 13526 10281 17453 81 2560 9627 14336 4014
18354 13737 2954 10481 9917 14308 3090 19503 16712 15517 7342 1898 3780 14974 8905 14895 8274 2768 11786 18374 3509 15429 6050 15884 9501 8210
18023 10255 5026 11705 15657 5659 13512 4543 1451 9877 2472 450 10034 13646 1305 841 11772 2903 18410 180 5181 9331 6164 15623 5722 2228
19512 18859 10011 3901 9641 3725 19315 6743 17208 1866 1747 4487 609 554 778 11789 4676 18737 12162 19824 12897 17624 13366 18352 817 7385
12718 15793 10457 12446 8314 15803 18096 15485 12167 14324 10373 11462 4656 17809 18764 9175 10975 17669 16224 15537 9493 5102 17151 7285 7912 10565
13131 13106 4484 14893 1902 14328 10112 10965 7155 2240 18507 16379 11665 15774 17500 9571 19356 17578 3524 2557 9252 17120 17714 3348 13828 5259
14732 13477 19014 10894 5877 14815 3860 11469 18746 1016 18252 1832 6205 7716 12497 19872 2252 12465 19300 19293 4978 10244 292 10538 4809 7569
13706 9677 4645 9271 2830 15574 13877 9536 16649 14627 11442 12416 1264 11979 14504 3450 11076 19803 13570 1452 6373 15716 12464 13091 5901 114
8941 7759 11817 19914 4078 18622 2271 7532 2424 14760 4134 9590 18228 6869 13824 17868 12303 15850 17441 13341 4538 2474 4283 15461 6974 12360
10090 15938 4092 8893 1867 4979 12195 7425 5462 6022 7164 17637 2112 4073 11057 10558 16692 9888 6552 10363 16384 8156 1015 11664 5735 16015
6596 10368 4543 9912 14967 18096 946 18950 6863 18428 9916 10030 17993 2368 13099 16029 1000 1667 2505 7342 8028 16034 16466 15969 2343 14710
17064 1378 5790 8160 1852 16648 16333 8568 8018 19158 9594 11569 9327 7861 597 3939 16035 1426 12789 8171 16971 10117 1261 3366 16628 12530
11376 2327 9596 8413 2282 5811 1568 4597 5823 4708 19997 16761 7070 18633 329 16587 3166 10607 13034 7768 11344 14158 18673 1710 9852 2220
1815 12122 15967 11754 9957 1628 19649 3906 15002 8780 5519 5548 5009 9013 420 15254 14500 12676 2667 10703 10611 11034 12085 3859 17203 2541
5612 1224 1077 10892 1895 12410 11920 19399 16051 3996 18050 19815 15991 12414 2858 7761 1438 19865 11213 5962 6870 6428 15968 2222 14010 17852
9356 17671 4424 16695 14777 2965 3064 17859 17978 9644 1080 3527 6552 1569 1544 4879 595 17522 15796 9655 5627 5981 194 2113 14318 17106
10398 10472 9827 15401 17282 14529 503 10972 19243 9036 12156 15700 18392 699 12939 5836 188 15785 12638 15260 2298 9997 7416 18699 453 8921
7568 16641 6340 18895 2378 18592 2706 8094 16478 19957 19141 15781 7067 2448 5032 8229 1288 7345 16408 1266 121 16991 10926 2075 4052 13001
2095 1755 10304 15215 11370 11610 6986 6151 5428 14282 13135 19976 17288 7935 19039 9512 18472 12055 15611 9102 4779 18104 1769 13688 16416 16557
15071 17245 11322 2539 11009 3246 8532 15163 2334 17449 1469 10940 6440 19668 10875 11207 16137 19272 9703 11560 11323 3529 7093 6682 12851 16637
1290 5947 6104 5706 10953 14799 5567 17084 11600 15763 16221 3277 13440 12643 10236 15799 8278 3995 13441 7171 10531 3292 8308 18514 19996 2044
6907 10599 10010 752 10427 8049 5997 18182 14922 1800 8996 9370 6265 5039 18812 5509 3869 11312 3012 14888 17892 12535 4532 15280 18176 11936
13183 8688 15703 17661 3144 3271 1337 17384 486 3154 4355 6553 9648 12477 11886 14560 9608 2404 10921 10492 1866 2292 2987 3837 6773 10193
19904 140 7206 19510 162 10494 6264 4374 6155 17539 11633 12150 12123 17920 17471 18927 4383 19222 6517 39 6143 2449 14599 19564 10058 17146
5717 7429 14443 2211 18576 15843 18356 17564 13793 1027 15547 19314 14439 17364 11270 4138 4622 1024 4424 120 3719 18677 16781 9258 4805 3915
8155 3764 2677 7671 7822 5301 10958 4934 4642 9922 11428 2397 1121 19513 16846 6935 12237 562 7989 10752 972 16366 8352 19547 11524 1435
1158 4575 18558 12411 19690 19605 11903 9099 13100 6515 16378 2281 14961 3604 1242 18211 15341 12824 13413 2198 18931 4486 836 9084 4936 1205
12840 16065 19454 17125 14984 2383 19036 7419 11913 4639 13014 15319 1444 12162 7324 17000 16456 13726 19038 19736 1630 11378 10721 14458 15201 5279
16722 18203 17518 17702 17861 7819 5739 3512 11974 17182 5970 16609 13603 10213 16993 14590 1025 12247 5464 4294 16920 6771 3293 13109 18666 201
8590 457 11311 9955 4571 19056 13345 16403 18112 4967 4229 13560 12136 8152 18209 14548 2118 9244 19086 12323 7494 8437 10561 6131 16569 2080
18776 3254 8037 16313 2872 3236 6516 6034 6166 19652 5965 3834 1743 8980 16412 5211 6109 1062 6095 12819 7559 3988 829 19020 7177 775
12460 11306 8963 12044 9939 17904 11807 10627 9327 12539 14137 5714 18463 16213 2539 11617 994 18076 10638 15988 17573 1686 774 17732 4159 11758
9099 11251 19824 3955 7231 1860 14315 3240 4320 18072 14154 2135 16270 12600 2479 14818 1244 18455 5075 14899 11660 5743 2942 19561 14598 9859
4138 17732 8302 16054 6437 716 4219 11024 3477 19150 6854 5903 7113 12952 6203 17712 5118 3809 17794 15624 12557 11834 15676 115 18231 9811
14948 1852 15667 7033 14037 5811 9317 1197 5649 15150 13441 9943 6753 2073 9287 4983 5492 3814 15787 3203 7934 8133 13414 11169 8338 12908
11962 5019 13052 4595 6219 9941 11398 2593 15298 11498 1210 17442 2885 4194 17750 17154 5985 11164 10452 1841 608 12226 10227 12832 662 6727
17640 2699 5901 19917 7348 17417 3160 9595 11760 4146 19792 5710 7574 11535 15462 10886 18713 8397 6439 18084 13552 16108 17420 9656 4611 13247
11826 6997 616 12266 14997 15885 11963 16403 8416 7657 8014 4175 3344 19415 4702 3258 12424 16849 10068 19431 4483 18906 3528 1504 12036 4791
16694 18849 15199 4007 17568 9773 14712 6075 2227 15251 18445 7302 9899 12475 6904 14455 1962 6205 5870 16620 8585 6125 2154 9423 11660 9016
16027 18721 2733 4786 19074 16410 3189 1025 6770 6133 12939 5530 4225 7001 2642 6257 4997 5443 14581 10643 2268 145 8863 4116 5445 17537
8422 406 16156 9384 7364 11889 13380 10448 10435 8972 9646 12311 2364 12766 967 11708 11778 8059 1234 1390 332 4801 2120 19734 1147 10598
11420 8698 15712 9017 9282 2316 4139 8213 2441 19152 6274 4112 18707 17794 13717 7788 2005 16143 15524 3264 7274 7512 15512 14895 18755 11551
18317 3366 11466 8389 4770 12255 9090 12277 16906 13555 6265 14629 1630 10643 4218 2942 11827 5602 3001 3302 14407 18669 16897 1589 9700 3967
12055 3828 4175 6344 6378 252 5337 13460 9481 7301 8832 8392 9184 10405 9782 16709 9459 10727 13260 14480 6457 18707 3627 3125 17500 2785
458 17280 6577 17451 11524 8566 13451 7094 11366 19005 18751 5246 6391 18332 12590 17179 18582 886 8818 7818 10376 3881 14587 11691 8682 9318
11703 9873 12306 19027 485 12925 2958 6730 18929 12335 2981 2875 7485 6263 15059 7916 5549 18165 4532 458 19820 17381 10137 11891 16279 16006
14277 5783 2412 15453 11656 4612 928 2988 2618 11673 3511 19111 17628 5882 3805 19201 18907 9526 4122 9617 7333 11881 2711 6982 16804 10096
13293 8620 19918 1624 5899 9891 14083 16763 3226 14808 6946 19594 684 6599 15201 12938 117 8022 16160 13185 15849 4369 16136 6563 791 10844
19814 10121 16437 1646 3180 5465 5763 17308 13538 2193 5763 8030 7044 13191 14006 18210 17956 5850 18398 4512 11969 9222 8599 13216 4851 5267
15389 10487 17614 16707 3488 11772 9878 8810 11323 5324 1108 17039 8288 4136 17306 15527 7221 1411 18035 19610 3021 13322 5012 1101 13525 5147
14805 6939 18923 10401 16052 11205 7842 9340 4032 7952 8656 15909 8777 13456 16702 6143 6448 11458 1827 8047 11629 3849 6864 209 785 15868
17661 17935 5437 2565 17431 14191 1804 382 5079 4968 15229 255 19705 7707 8390 12295 19057 252 12466 11921 15654 3610 3706 6901 6417 3981
16126 660 11062 18949 14887 15614 16466 10346 18369 4291 14290 2691 11688 13492 8236 1843 5193 7123 11297 14531 2685 4407 10952 7628 17356 5876
18261 1919 19845 2693 19159 19760 10207 5258 4352 5882 13062 9212 18947 4645 15435 15732 17349 9817 4743 0 14453 18823 15924 8183 2975 10628
18788 17376 14715 16039 2419 4345 5831 12776 5940 3575 10842 18983 18478 16628 1798 15792 8376 5888 4737 17329 2822 16348 11300 2478 11481 4635
4834 13301 6891 18208 16041 6273 5467 17828 4687 12662 18014 12838 6473 10904 4779 13113 8629 3065 4777 1126 17890 2617 9169 15096 10295 8252
18110 1296 6418 14983 5919 7614 13241 12019 16134 12987 13355 4584 7850 16499 6953 14215 14294 16114 12293 19083 11731 9850 13423 268 9112 4617
2085 335 17275 8555 12419 15585 17296 7608 10541 5815 17854 12533 18833 847 5314 11809 10317 371 13030 2651 9910 17070 16684 19155 5693 6511
18668 19187 9397 9881 19445 5607 2346 2532 10276 17815 8122 2524 15711 1816 2502 956 12618 2785 18134 366 16943 19054 1574 17987 12436 12920
246 7193 15711 5248 10576 19257 3268 14624 2097 18521 12642 15284 14179 175 9351 12527 8763 17102 5989 10508 5608 19391 17453 381 10119 12639
18650 17326 5304 17101 15701 9009 16364 1236 8309 31 1943 4019 13562 19010 11770 14092 3705 3594 7575 3841 14629 19295 6412 2223 15498 3069
6572 11475 18511 9489 14508 4878 13634 15125 1650 14840 12195 11130 17441 11619 13061 2786 5415 18728 18564 11913 2329 19372 19056 17074 17781 980
17057 13690 15063 17610 4235 16579 19376 15103 4757 312 4389 7848 1076 18175 6549 19316 3855 13967 9999 19299 3499 19260 14271 8950 15549 15591
40 7829 9681 12413 14503 4953 19449 1889 16911 15556 11675 7866 168 6171 7866 1933 13572 208 9378 17082 8592 2356 8713 8877 7418 8784
2096 16218 16143 11915 3470 781 19726 8521 623 17978 5169 9404 2500 3747 14829 5313 9496 18807 3509 12920 12016 6084 3946 6166 1826 7134
1008 15957 6985 12320 1825 9000 3196 17016 8186 1263 14392 4485 16733 15553 11996 4123 3435 18428 19971 16326 9087 6474 16307 876 8498 4210
9680 14451 10282 12220 17798 5864 11931 15085 12709 17002 9902 224 2063 18526 11647 9887 16331 18003 4369 6760 16909 1578 5469 11102 6307 10237
9315 12574 5739 7928 4774 13833 11709 19016 15896 5966 3915 6126 11117 3584 12719 16243 8183 19835 8799 11265 1407 10670 11872 11074 5681 7799
2105 17954 13584 17623 17088 16411 9172 19435 10042 6628 3291 18118 6748 1192 19292 17258 7202 765 5043 11221 10435 2470 8037 7954 6961 16966
3765 4598 18324 4388 13233 14490 2631 18151 2999 15671 10233 3749 16270 3681 15573 9582 17163 17101 4784 9543 13194 16703 4077 12132 9515 6293
5794 819 15458 10435 19664 11476 11151 10174 12613 5284 11395 14944 17697 855 7663 11701 8490 10181 11153 440 5963 11988 5498 8645 9384 19455
2793 16861 13450 7731 10191 11882 3176 262 9356 16480 14518 15426 9156 19512 7869 16577 5432 17926 2741 12371 10958 18591 5260 11541 8276 7172
9685 6462 13441 5675 19703 16213 19400 11757 1481 14412 14705 15325 863 17639 16792 7858 5463 8848 6921 10136 1699 12732 19330 5269 2337 3716
2757 6207 15059 18194 6790 14421 546 7090 770 2379 9407 9854 2303 15930 8225 7375 5528 2848 19299 6739 9927 9539 2228 8000 19514 5633
206 8484 15394 7252 4832 15322 8971 9954 13600 1764 16526 17231 18956 2343 3452 11815 5181 19805 10384 12201 9848 9368 7692 16403 8432 4122
6240 6458 14377 4891 19041 11998 19892 4767 10309 4196 900 6591 18824 13846 13298 4120 2339 1765 7902 12856 12043 835 9951 17589 7231 18218
17177 5311 19261 2125 4297 19379 11306 5861 9410 12085 19711 944 6493 3302 10640 19942 12503 12161 16325 13482 7344 449 8087 11670 5303 9428
14193 19863 7653 9856 16126 10184 12516 1261 2384 14298 9996 19878 1595 11607 17014 1537 9334 10510 5376 9486 904 13992 6775 13180 1481 9580
13940 3605 9135 9963 5972 1010 14076 9365 3144 6674 17362 15746 3932 6459 936 19340 11704 11088 9321 4405 10522 1310 9079 992 10342 2428
4611 1689 11154 4452 10372 13997 1301 15581 3311 1700 5571 6495 16922 1518 553 9502 6637 5967 1715 17852 7410 10527 3723 18259 12803 11206
18747 8399 13733 989 13272 15538 388 19700 16450 4824 2302 16553 1233 3359 16168 16149 14853 6585 15727 7592 9884 4237 7921 5096 5116 9299
13024 7124 9163 19014 9561 13055 626 14173 8931 14298 19299 15291 14466 8402 5564 2983 1015 657 6142 19397 12509 2446 9574 7879 14869 17355
