365
93 30 69 98 72 81 67 2 21 45 7 35 2 19 64 94 66 46 33 94 93 37 56 17 60 18
19792 1948 13751 18450 2884 14686 9910 2948 7832 16052 1276 14016 13974 490 9267 14793 13210 11279 10126 14816 15942 8733 1236 15151 12780 9244
4156 2884 13143 18389 13901 429 1462 2864 10817 12798 17318 1124 9094 15628 4723 5251 19286 1121 9227 17702 14223 2584 10329 15474 15352 17271
159 10183 7070 1163 1827 2427 15860 6063 19799 1400 14110 9968 6024 19473 15112 14704 10218 2469 15880 18204 2786 2955 6084 10560 10146 14189
542 16367 10596 11633 3224 16108 2012 14853 5116 12336 17821 2922 13526 14133 6013 16859 13058 4882 19312 7755 7525 8035 15288 10006 17140 14889
2712 3390 1628 18049 18977 17024 1612 8394 2859 17343 13931 13379 1497 9720 13912 18463 887 14439 12731 116 17430 12557 16762 4422 8596 7212
6717 15954 15590 19651 19278 12333 15523 11016 16342 19452 15717 11082 8327 6672 9127 5151 8612 14068 14423 7687 16478 5687 3322 9039 11594 18138
16239 17866 14026 10042 4090 12999 6767 5106 7470 15184 13413 10160 3549 12164 8021 2413 9613 4939 16792 13065 4102 13577 12141 2431 2276 14932
19702 7667 16872 1559 19409 12062 7209 15641 792 5286 14213 5703 9413 15999 345 11851 19178 18735 14450 17902 11100 14139 8775 6317 453 18779
9260 17402 16510 16998 9872 6346 2531 11391 15412 13636 3871 8040 16152 5837 4945 15953 12853 13783 14268 5988 1758 10027 4313 14008 12513 1685
12739 19800 1340 18515 14830 1110 2172 10827 11742 10813 32 13280 13555 15531 9225 1492 20 18302 11890 13940 13109 14326 9470 9097 4056 2835
5883 5512 14502 18618 2533 1563 10749 2264 6031 1227 7550 14607 7673 17606 11528 8908 12048 8028 6122 2471 12092 13137 3689 7657 10032 4280
14192 19810 10099 2950 4661 7539 17466 17404 2992 44 8542 8978 18225 18788 12398 10058 536 1078 19403 17421 11518 10412 11185 16323 15130 14288
7595 11470 317 14030 12522 15822 7237 19668 15756 16562 12211 5318 19776 16212 14517 16963 5976 16828 14650 9444 15553 2528 13301 7511 14305 5188
14714 13905 8621 3928 4273 14600 8930 13181 11545 12393 17064 17923 6963 18636 16258 1385 9686 1796 12668 7585 18811 1776 461 16452 5295 8517
4292 15996 14856 10423 5353 15777 12414 14944 4428 2289 9304 3643 2780 2231 13822 13285 11443 17254 13083 8370 10782 12283 9783 14983 16685 16626
13325 4923 15021 7705 4320 3701 16998 18650 3386 11898 5356 9046 17095 3733 11654 15827 4802 17404 1159 18758 6622 12326 14200 12027 10873 8711
2765 5385 15792 4778 15293 17471 13886 1040 1034 9230 1713 2880 114 7574 14442 19066 6500 17395 1698 7017 3826 8770 8050 6642 2803 10801
10621 1170 16234 12146 12159 8254 8538 7807 2309 3041 19924 9156 15560 639 10965 10003 16309 18480 4212 15920 19623 5905 14388 14190 6669 10123
16068 15408 13207 7435 19149 4820 17857 4641 9748 18181 505 12982 14096 18390 6236 13819 10245 11654 5076 8165 13194 8864 14746 17998 547 480
18913 15197 5162 6894 14846 9193 4601 15859 3770 8938 17271 6414 14511 14756 6380 12671 3236 1115 4053 870 4931 16198 2223 10004 13595 13920
14249 2203 12585 13643 8708 14577 769 16104 13487 14550 17246 1973 2579 3883 15453 3761 9512 11440 6011 12932 2786 1668 14516 16711 19880 10139
19575 1355 8797 7204 9182 1009 15575 4801 5842 2768 19110 15999 10068 3673 713 12176 15385 17807 8589 19129 14726 15671 4239 5646 9409 15756
13282 3541 14631 5747 2259 11623 3801 9191 9021 16693 16606 16687 13317 2761 12234 17380 6702 12498 12703 14240 16509 5195 8396 13959 17288 18876
17798 3563 18843 7873 2016 398 17002 1588 17071 12014 2605 1473 7654 16987 10276 8333 5710 17752 2897 2992 16891 8884 10389 13907 6574 2055
3438 14047 9849 3689 2822 11740 16053 4165 10468 4591 18948 10489 17024 15730 14505 12744 19934 13211 2083 13958 1765 16521 17125 2433 195 15200
19836 901 11521 4216 13336 19522 4177 6763 17830 10611 17738 8553 6112 4621 15239 474 15516 18831 11014 13367 2925 2672 7661 18454 13884 16758
16744 7997 18814 1501 16914 19230 3279 6735 19317 5242 8193 5367 19765 11079 10620 2429 6393 13537 2365 13989 16380 5428 13150 9413 15820 34
1273 3565 11209 5917 6197 13311 10778 15370 15925 14783 3909 9242 810 13561 12958 13413 12840 13463 19787 5302 16799 5876 2303 988 3094 6365
1671 434 4776 1785 10265 10621 16806 13690 2961 9970 1176 6165 18476 19647 7786 17289 19121 14750 15495 7471 14247 17257 15298 3126 16880 14469
15803 12468 13296 2123 16692 15199 19568 809 7161 8187 5637 9221 12571 650 1116 10215 6624 14503 19348 18212 6661 14359 5414 1010 2258 9591
15845 3088 3543 15747 11706 16386 5876 5397 6700 16342 7917 13197 12125 18752 12294 13206 5924 2256 6841 11812 1740 17327 6855 9796 7350 7283
11802 7000 15341 8929 12164 15539 11381 18196 16516 14274 19517 16602 19156 5567 17616 19063 8143 2331 642 9780 11580 4379 13166 713 17879 2794
10795 17478 12105 13233 9944 9844 15967 15125 1523 19645 3603 12865 5774 12527 9165 18382 2995 15412 10803 18392 14659 3762 10753 1897 7857 16999
17504 4033 14515 8635 18383 18346 9806 3616 12568 19058 13403 2469 18358 12703 7068 16975 3852 8079 8161 11488 11218 7437 5277 4310 16438 8327
18324 2421 13004 7310 9328 8735 10710 5045 6219 15478 16343 1566 6026 5433 7244 19357 10259 7167 8486 5264 17355 11249 11101 536 12365 13000
7957 5954 4981 12704 6391 7961 15625 7342 10093 9226 9721 10582 11049 11968 12599 14931 18509 19656 16287 7001 15985 15700 9666 5858 7019 14855
12587 17895 376 2978 3836 15769 10728 11277 15898 1957 17566 7291 11645 3731 17047 10181 16114 12057 5655 13358 902 6412 18461 5326 11818 10344
14948 9403 2485 16973 18095 3115 4026 869 17927 5377 8424 12500 17976 2157 13514 7631 5788 3769 7097 16922 19533 3190 9880 14118 7852 10783
17529 9124 16590 14127 17216 2042 9895 614 1239 2862 12173 19916 1845 14615 8568 16460 11268 19781 13670 17891 16886 19715 4176 4625 2956 7067
844 2733 18297 13847 2533 15466 19838 19398 7425 17993 1690 6765 762 11400 15797 5824 15555 1103 3042 2032 158 8902 19438 4371 14919 12876
5787 19542 18612 6964 7310 11495 6595 5668 17384 8521 19312 7347 5310 15925 18426 11277 12095 19545 896 11005 321 18033 7197 7546 13150 12965
4129 4203 15350 8775 13545 19152 12449 15706 11775 3334 1813 18826 8317 18224 11865 12240 1282 5795 19890 15843 6091 9234 2995 11373 9258 17128
6667 3970 19289 4551 7402 14684 720 6890 12482 6234 9702 7348 7810 15244 2496 1832 2145 3246 8982 17949 10900 10777 6747 1037 5310 2896
13383 7274 11834 142 2684 6649 1036 19373 624 4732 12924 9669 2244 8582 9875 3379 10408 3659 10529 10521 173 826 19943 19421 18321 4668
6400 18103 13917 16550 7474 5248 7546 1330 18460 10490 12866 17331 13363 13541 11417 17996 7747 6518 7189 5141 4945 14154 95 8888 8496 9577
10998 7965 7841 5402 18077 14681 9255 5731 2930 13665 18073 5594 15082 204 14013 1565 17855 4289 6158 15150 7062 6803 13990 2396 3523 4376
14245 11337 408 16157 1146 2700 14673 2093 18639 15138 6866 9265 19155 10764 8968 4822 17962 18689 12116 14330 14526 12596 17172 11044 2269 7585
6094 14120 1488 7180 1594 19364 13657 12934 165 11795 9492 17247 10264 8916 7399 17133 11445 13789 13345 14590 8369 5401 8077 6966 17673 16437
10494 16310 15418 580 6778 14937 13364 9167 1020 10205 16288 1566 14886 18504 9829 15895 1519 10492 16672 8948 19805 1454 4518 12966 9852 1673
12080 3544 14371 1502 7486 15528 17125 14024 2462 12164 6861 12478 18978 419 11482 15562 2833 6719 5748 9210 14575 10957 19043 19341 3811 9425
15663 9962 17069 7171 12073 19223 4060 2747 5427 13198 12699 17665 4515 5756 16857 16253 8445 11364 14293 11949 13839 3622 5463 15047 397 17831
8078 4829 17782 5468 3414 11971 381 5440 3103 15490 5626 9202 3615 7203 4358 5156 17516 17764 16153 11631 19029 7867 16886 12140 1001 5104
16548 5656 12956 16857 1156 15888 16189 237 19891 16320 11456 17860 2171 2635 8818 19466 18788 13613 774 7583 17600 1222 4463 12100 18387 465
10331 697 16406 1452 2941 14506 18941 4974 16618 2062 7231 14252 17129 12551 19634 15907 8787 1938 2028 8576 14887 18725 795 7363 14923 502
3102 1947 9635 2492 10394 1245 18611 18422 14810 3563 13064 14630 19080 12465 15245 19006 11601 9284 7236 6840 2581 2933 11757 13051 11694 14590
16670 5065 16332 18724 16545 16022 2489 19155 12368 11977 16428 7197 17560 18125 17374 17708 15193 16638 9402 17833 12890 3097 1771 8364 8578 10392
3475 14085 7127 13346 18738 9211 17108 6681 15691 2535 7853 2645 2013 10490 4938 10815 17227 2784 15386 17860 1876 644 8372 6678 3003 14387
9923 8746 3764 6066 18535 19671 9075 16593 8672 13985 15053 19410 6985 16712 14573 5922 7490 16060 12190 15825 18262 7550 17032 10452 5702 18015
4481 7496 3839 10165 15351 14293 1521 8054 13531 19486 12842 7655 1722 11265 7217 2841 8334 6699 6448 3627 1584 11650 15178 4384 2926 1708
4444 2530 18814 4889 1029 6481 535 5780 5268 6782 15432 5434 14860 2254 10244 6612 12280 10784 19643 18393 15972 11361 790 13262 15403 6767
12220 12460 4550 5185 10048 5953 17803 854 19027 11207 7704 13843 4925 8893 19508 1583 2897 19428 4497 230 3745 2690 4893 18719 13392 18965
10136 1675 418 19986 11861 3641 4511 14074 13750 4049 10669 9627 1235 16230 16443 3916 18202 14985 18497 10225 1666 6476 8970 851 7776 5653
7875 18754 10947 730 2075 1159 19789 948 11872 19655 19268 8744 15815 7743 14869 10491 1810 18702 17743 8841 14468 8996 14041 16531 4346 879
14562 14933 3295 2625 6985 18465 17626 598 11621 15800 15773 15193 7280 18185 4470 915 14682 8296 19549 17735 17989 14737 11932 7847 14771 14422
384 3868 11198 8905 6009 6884 19112 17363 8288 17191 12816 19402 6523 490 831 15817 4294 4656 13928 16057 17653 1839 7137 13288 10226 19288
12199 3687 19069 19383 19911 6815 753 7543 2939 18754 19627 12812 13193 15824 19890 753 16574 17683 7170 2835 14863 11046 12061 4634 7861 12304
6648 17248 12971 10112 14638 1753 13349 18412 10033 12572 18085 7533 9442 7004 17308 3468 18099 10404 14280 18691 70 17448 7137 5269 11583 11443
16446 1535 2521 11934 18199 13753 18886 12827 3862 19446 5969 15652 17831 9502 11955 1497 14929 12937 19778 11111 10772 2490 17974 13782 4922 17431
13957 6123 806 13597 17340 9569 19086 405 390 6395 9488 19549 16128 4110 8245 9516 19158 2356 5237 13673 12599 104 10621 2279 11921 9937
5921 3141 4651 11773 19791 2863 5408 11369 9374 8493 3871 7312 16266 13075 4288 11957 9234 11248 987 4467 10473 14194 5958 1806 15905 3948
16879 17750 6460 2523 3902 12140 14615 4953 8999 6571 13388 358 11665 6765 5231 13394 10208 16167 380 13512 17513 11026 14163 18304 7473 1136
6050 1945 2342 6288 3622 12052 18433 3013 6790 18932 14094 12091 7270 5004 12315 2825 382 4915 5022 7854 17214 16355 9214 18078 13208 285
18571 14619 7230 10849 3017 6964 4473 10174 12633 5275 14400 4433 19997 6459 6029 19105 1708 11677 12054 5802 13061 6975 9740 10323 7689 12171
11107 16275 6457 5902 18768 10983 7065 2695 17285 5604 9460 3958 332 13501 650 13201 13567 12732 8197 17578 439 10963 18416 3298 15048 12344
18888 16370 16354 15487 6691 13005 13463 10310 13287 15215 6672 5858 7870 12081 15114 4125 7062 1412 3609 14726 1761 13514 18898 797 10441 1016
2671 568 12344 1111 12552 12025 494 5402 16069 7647 8587 6532 14353 19830 16040 9273 9341 2986 7977 12822 10331 19762 11135 14754 13637 9219
10961 19546 17416 4258 19088 1040 10340 11307 6541 16518 500 5735 13902 2119 6373 18631 5062 16924 6190 9012 4850 5180 5314 8250 17628 13214
7275 7567 6988 3706 2685 3878 1076 1498 17170 15054 19999 4136 6677 5784 10862 11093 17427 5470 3092 13920 13660 15535 14468 9603 6158 17975
11283 14215 2485 5474 8756 16937 16396 3706 10295 5879 14900 12887 1879 1713 12979 4893 7424 8766 7489 1753 12143 6950 13081 14061 1170 8033
4863 18967 19355 11964 6719 8340 710 3321 1098 13523 6032 12025 7240 7882 718 15470 2429 9982 5977 11145 10661 11557 3109 7740 3627 758
7490 12909 5449 2498 7213 10922 4036 17075 10097 7021 12700 1598 7775 13403 9513 9309 1631 16069 17324 14589 5368 1468 1877 14006 9439 7928
8132 19993 543 14742 1478 6850 7968 16336 18669 10033 16858 18800 17727 2891 16859 14296 13502 17453 13257 9898 4426 15880 13799 16936 2217 11133
11910 10134 11077 2846 10309 13504 7027 2236 3117 9966 5026 6146 6784 11111 17384 8872 11162 4225 13337 6650 7557 10167 292 17229 896 7637
9619 903 14645 6120 17025 2230 3792 6155 9149 10110 8426 922 10300 14948 5440 5107 18863 15507 13880 5027 8402 4977 7519 9006 8101 18456
15342 17487 2553 3748 2989 15068 18436 7040 16466 879 9678 10272 19798 14749 17186 5767 3920 9498 12688 5617 5770 15673 9330 3719 18800 18025
11803 18506 6250 17408 2968 16594 15749 7942 9718 13757 3527 1099 2978 12015 12081 11422 11201 268 13645 8384 10568 17570 3976 4409 3445 12757
4733 4112 19133 5291 13665 18955 19496 16516 13514 1090 15978 881 14984 8835 6776 16113 11036 7992 4664 17264 10763 3029 5040 18538 15183 17256
9264 3846 14433 18657 10889 19068 15509 11981 12999 3489 14561 7976 11261 484 7793 5112 15708 12442 3822 6470 1796 15066 12806 18300 9206 15914
11307 5694 16738 19487 18926 13916 3917 11041 14793 5288 10534 10022 1988 1513 10066 6743 17120 2018 2955 13847 8488 10038 18402 11743 15204 8564
19099 9474 7480 8980 13875 16098 10475 6695 18348 18941 7707 6119 14604 8923 18992 17292 2822 16376 4500 13399 13205 6368 3112 9574 19973 18862
6827 1672 9115 15773 9264 16022 4981 11615 14781 6885 13468 10638 6565 19372 1994 16750 4921 18204 12075 18946 2807 6027 17029 4870 5509 13753
18586 2386 9476 14638 12041 18503 482 1638 6656 7828 3330 18579 14774 14167 19985 18188 10953 18917 15139 13593 16108 14599 13631 15028 13461 15247
18619 18362 5438 12454 17295 7619 9539 4446 6167 18474 15582 4591 5537 10990 4504 13466 17227 11294 169 7484 14952 13954 12626 13179 10543 12350
19975 13486 7143 2381 16573 9350 13657 9795 4030 8771 13780 267 13869 5715 10800 15405 10214 10257 18794 10244 14059 16173 12480 8056 3551 10248
10020 4498 434 19911 11653 1924 5460 5526 18549 9634 6986 19402 2483 4295 2743 10963 3291 6100 19535 1431 9921 17630 13424 11353 1933 1712
11228 17739 15106 8771 13374 19648 10369 4140 14954 6952 15164 3077 16335 15418 10865 4935 17291 9779 9044 13867 19307 14329 12511 14962 4647 16254
8891 12651 15075 14148 17813 12872 7621 10575 9040 16607 17882 19637 14435 18937 17248 12817 16198 17562 17707 19784 9909 8567 3859 1585 11751 12280
9026 4854 18811 17145 7908 10497 2723 16549 312 10307 19689 6813 10425 4339 18978 5339 7557 2076 14508 12645 11676 549 13381 5000 18134 19032
9826 19411 8264 17376 18271 1730 16131 18338 4188 11840 339 19653 12821 13617 10605 16074 1822 9045 18841 9269 6004 8677 9640 8809 1446 9300
17675 5058 15901 665 8583 5994 5414 18680 11782 11545 8444 16643 17505 98 3332 17760 7315 9688 12484 14604 9048 12151 14193 6863 3573 4654
3532 5469 3877 7713 5846 1967 18572 12545 4801 4767 2685 15327 11423 14347 4157 872 19203 11010 19312 6169 19858 13949 11963 18388 13048 10214
3485 4196 3459 9955 5096 11140 9435 10398 10135 15420 4552 5178 15254 7943 10681 5178 122 4526 18439 6103 6062 12984 17383 6209 19793 16279
16315 19041 19734 4084 8787 5070 6534 18238 524 6406 8175 15421 315 18753 8032 12635 1640 11806 18123 12556 15414 19464 5951 8521 12628 7860
3316 17386 2204 16137 6725 8079 12262 15561 14413 12787 8113 14058 2195 5463 923 3045 17258 5459 1837 14939 16460 7331 10242 13509 15875 11100
6007 10311 8194 3008 441 9524 9251 434 19089 13616 5105 1587 19923 892 15459 14486 18915 17213 2763 770 9994 13806 18824 10624 12744 9959
15421 4477 16608 17933 14326 17432 3368 8051 3689 11916 4259 7547 14836 19301 4040 14282 3734 9891 15865 2488 14018 1279 17687 12521 19586 9684
8831 13077 17007 3586 16069 14142 6836 8342 8632 6876 6823 11880 6661 1026 13114 14518 1132 9653 19496 8375 14939 26 9473 16285 12488 10064
16028 13236 17018 2990 10955 14885 9486 3100 19501 3403 5366 16796 4168 14544 16277 16263 5918 11707 7731 15329 13268 10499 17087 18362 19057 2572
12022 1352 15410 8427 2396 19647 51 5563 8821 2888 4232 11322 322 18218 3012 11147 18984 7140 359 1371 1685 3823 5120 15220 7909 1608
7579 10364 824 12501 15085 17937 18895 16556 3299 7893 2365 12252 9950 14414 11625 11244 15188 5136 11200 6857 10311 16362 17015 6524 8726 2524
18751 123 13698 10225 13208 18355 6608 5584 8360 5784 13238 5068 14454 1749 8770 14917 14705 16533 4740 9987 13668 534 11220 11750 14282 685
12717 16380 14005 16408 9516 10809 12562 507 17461 76 510 2952 7265 18203 13856 7730 3700 4492 16447 19012 17260 6711 12945 6878 5291 3510
7912 1331 12817 9846 9190 18775 5419 1606 9577 11960 2030 11940 17824 13570 16725 4730 19861 14494 14250 2359 4243 13878 3026 14063 6864 2580
7823 1408 17501 4924 954 15161 14574 3769 13617 8195 18693 6781 5537 14450 17871 5991 7732 12928 16990 10315 5529 10614 13072 12965 5216 10069
10311 964 18155 11488 13861 13556 4138 18824 4283 4882 15784 6909 10406 14676 6099 6018 11704 861 16249 7213 7376 9868 13011 491 17558 5735
15378 18106 6656 1519 9022 16393 6056 6542 17336 1356 16824 9936 13952 14201 10128 13146 16273 8575 273 9284 10205 3849 3275 5194 18294 13525
11597 15501 12185 1825 10312 8096 7777 12986 3667 10723 10270 5284 18080 3719 11767 3001 9419 10935 12905 4872 10839 16285 18643 4276 7173 7317
11259 8286 4963 11017 1631 1587 8879 5862 2702 6864 13300 13931 15919 15180 3235 3916 3207 5813 3702 657 15446 10359 18461 8636 3422 19756
12295 11424 7520 17129 7914 3775 9525 16404 17198 17616 8389 15244 14819 10307 395 19302 10904 1644 13407 16164 15490 12769 15595 4218 4704 10224
591 11065 5945 6592 18969 10324 14687 15620 4362 5149 11956 13021 645 10217 2971 913 7554 1142 6019 4867 1227 17516 14301 11571 14361 19907
11654 9989 7453 2794 5963 15618 13937 10124 5830 3561 11487 19332 18028 704 11527 11130 939 17571 2920 731 16782 16954 19119 9202 12698 2509
12898 7131 16181 2872 17068 3849 1207 15814 736 14671 12584 14449 1173 8911 769 12218 17766 5647 3395 1468 14605 1188 19054 8193 9057 12693
7491 247 6140 7011 17757 5294 13906 1911 8315 167 7893 16589 1693 6544 5848 17626 17956 7939 7262 6731 16985 7856 4261 5042 14700 17949
18556 8880 2273 7704 18261 11471 5924 15322 12298 19650 8326 4708 5075 18670 7577 1622 249 19685 8426 16993 19691 14627 19437 3875 19509 10904
13548 4438 2821 7776 323 7954 12784 19830 10438 14419 18528 17416 8924 3286 16366 16640 16472 7218 15129 2563 15991 3709 1266 3294 11924 3749
8803 3117 10302 10261 12370 19302 4476 17778 16382 9026 11668 7994 8175 12337 8925 13077 10102 12845 9443 16727 5392 11020 8489 18656 3093 3674
4812 7624 18834 597 3005 14016 9235 18530 2757 16942 7453 19972 11808 2760 6649 14333 2076 11083 15343 5578 7113 2417 2096 6493 18977 11397
8744 19488 3008 18207 360 14558 10912 19481 6506 2339 8422 9296 11984 13145 19500 18609 14754 6960 4740 3239 16424 16477 3260 19308 15757 16428
5821 15168 1413 5173 6406 12937 2588 18200 17598 11919 8103 2648 17688 12430 4975 15579 5078 10984 11132 5482 19864 8654 7786 3575 19114 157
10066 7676 16204 2433 2597 14226 9023 7146 919 12803 59 13711 9297 7008 19861 11650 6009 1165 845 904 18360 11159 18558 17861 10769 8612
11060 10770 12539 15643 19688 18742 13427 9134 10734 2260 4938 445 12813 872 3150 1135 18449 16859 8767 9148 10225 6190 16278 15299 8006 2980
19985 8603 8949 19117 17343 18049 9304 18525 230 1145 5536 4917 624 10847 16379 8885 16358 10808 4290 5770 15297 18836 7919 5271 15341 17831
4641 19800 2897 8702 11541 12957 10551 6784 12978 2205 15271 6187 10949 5014 493 19009 15979 2601 16924 1588 527 9576 5668 1606 12781 1772
18336 16871 2901 3013 13492 14650 12433 11160 15727 16904 17401 10452 15107 3663 19694 2838 12995 4434 14133 14375 8585 12220 8842 9076 1327 19241
3072 5955 4538 2814 13410 7948 655 10841 5008 13447 8524 12805 3999 1503 3416 10921 782 12758 12673 10791 15531 7065 7495 19729 8017 8304
9606 476 14881 5668 4743 7652 6465 14760 12473 16409 19121 12668 5429 11687 15193 919 19188 7190 11413 16526 10251 8752 2997 19192 14563 12682
191 7420 3406 3262 801 14505 2548 14826 5131 2947 11576 5736 15545 18908 2045 15276 13673 9216 11845 19707 4905 19620 16649 971 18095 7006
11302 18463 665 18789 6025 19191 11628 12877 14038 13095 2973 7586 5956 17172 15498 10474 4322 9100 18199 13227 591 4666 4572 4852 6992 1881
18871 16048 14364 19083 15467 13853 8721 200 2996 13705 18754 4126 4635 1821 16208 19490 19138 18060 4335 19000 14920 7264 5595 18918 19256 7863
17858 16430 12378 1483 3162 16113 706 10698 4015 17619 16593 4894 6434 3642 10386 5014 14424 8099 10681 14897 11934 8368 5739 6432 16941 6348
19149 2348 14445 5907 4665 13298 1399 2819 18837 9935 17409 2033 4914 3657 10094 11644 18340 13260 10081 2281 10568 5708 14902 10649 8260 1038
6482 640 15801 5565 15057 9800 13491 1057 651 16954 12415 18314 9093 18343 15044 19943 19510 5182 3756 17034 18327 6342 18959 12777 14182 10672
18428 9086 7450 5828 18431 4640 9586 7530 13550 3998 19109 13662 6908 4342 2649 6312 4129 13721 14757 2649 5804 18181 1508 17756 9543 1037
7 8978 14581 5629 4217 6001 2147 15026 1219 6991 15730 15463 7712 3390 1736 14092 3751 8484 12194 607 14247 19549 18957 5261 17114 19987
12590 8891 6535 10736 18900 13522 15882 5780 5507 10709 15058 8584 19239 11734 18400 7289 12398 7882 19477 1331 6809 8730 8822 5607 6081 11856
4894 7597 17866 9792 13222 16670 13446 12778 8336 9683 3533 12306 640 13505 7227 10463 7656 1422 17521 8930 2608 6541 15885 4215 13726 5114
2910 13715 4814 4604 11505 16484 7937 1828 18573 5718 1756 6993 2689 12193 4865 16094 7484 7199 4642 7230 15429 19876 9433 5373 17741 10176
16602 13902 3965 16450 423 7279 13012 15519 18770 9150 15807 7427 13932 6891 15298 6067 16061 19813 1528 16630 19835 6335 19213 892 5278 4507
14084 17420 16005 347 11453 19952 11596 3217 7452 7515 11058 5682 329 5938 10223 18966 3379 17354 11370 4492 18518 10472 14465 904 13747 16238
7693 11846 7426 18027 5599 2714 5323 19451 3410 16438 1790 10083 17748 5888 1975 12428 12905 1888 10123 4995 9005 15274 18459 9100 19804 17574
13339 8450 15299 4381 3747 13004 8432 18589 5976 18921 1502 3109 7153 10254 10060 11878 10889 4844 2687 3056 14666 733 12702 14059 17750 18738
12963 5496 19774 16104 8266 4906 13539 13812 3352 17221 11272 3028 68 10787 4336 19135 3103 6346 842 5011 14216 13986 5119 6592 14723 1382
14843 16465 4997 4240 18240 1549 5762 16902 18376 12794 11074 1674 3203 12180 9780 16958 15983 16061 586 19798 19229 9952 1504 11323 15821 12718
3766 6726 7066 9117 9191 5792 1513 6985 17554 11679 6974 14091 10228 18191 17557 2193 8261 7710 18510 19558 5765 4321 13975 3616 14686 13145
15266 9423 11634 18358 19585 16155 2811 18079 9436 6441 7063 14776 3005 11931 13729 2608 17792 12335 10856 12546 4930 6978 4578 12049 802 4209
4307 3831 13290 16162 7962 10996 17606 15754 18756 14271 17547 1302 2769 9837 6929 14917 16079 830 11731 19158 8867 13715 11405 718 4027 5524
13025 9717 5769 1375 5074 17220 10444 6425 1480 17372 3425 17433 2276 4113 1567 1017 19226 18666 2489 1553 13608 17956 17942 2817 3022 14824
533 6950 1999 4700 10830 2586 3083 7255 14348 10530 17794 7450 1543 4282 19678 5115 16767 14522 15205 11761 15261 10568 12327 1087 19947 18411
1661 13780 8299 10890 14065 4838 16349 14338 6215 3778 8967 12695 8889 3961 10409 3276 14472 16525 4750 14415 8066 15622 14276 5897 9656 363
15666 3280 17572 18784 17671 11791 6897 2481 1073 6676 17258 5474 19031 7860 16198 16276 17197 18773 6970 16859 2665 19172 17512 4761 11768 14060
9885 2665 16843 18879 12077 8640 3947 7573 11380 16084 15678 5082 19541 12994 14256 2108 8986 618 4115 5786 17741 17820 10471 1747 16921 5083
17704 12856 11304 842 7555 19448 11702 7787 5098 18806 9846 1099 7883 6705 14741 5760 15712 492 8935 11452 4612 17249 9338 19355 15664 11511
9607 4454 3640 16460 18361 13925 9048 6469 13176 5854 520 8096 11074 7231 4670 3054 12671 438 7376 12703 13161 7924 13812 7583 6667 13702
2009 5252 6823 9292 8813 278 19455 11246 8506 385 17078 14870 2271 14528 10639 8356 15390 3513 378 12270 277 8888 16531 9095 882 8805
7476 17405 4027 1631 17868 4521 19721 6332 6970 3759 7993 7607 9635 3034 19872 17954 10384 8644 5303 18451 7728 6635 16278 2341 13873 623
17424 7361 3072 16981 7063 7296 7691 11212 5926 19292 15195 7711 10826 12367 19695 12718 1331 16635 1880 19144 11432 16457 8752 2522 14258 10110
936 3551 2336 14457 4691 1997 599 3751 809 16735 12795 13252 15252 10048 1641 5539 12562 5685 13287 511 2468 11207 12754 107 2533 9293
1304 17207 1023 2091 10459 1076 9017 3183 549 13246 13541 1178 9906 112 17869 12013 5416 2809 18366 7007 5856 6263 18241 10765 11748 19789
11795 9702 12803 8336 13283 13454 7701 17925 1365 2275 3221 13670 19691 17482 4819 11458 11424 18037 13099 247 10127 16745 12038 19869 13400 7995
3922 4258 4484 6103 16335 6729 18779 2430 878 19432 6060 17584 11338 1335 17372 14750 7832 18580 12769 10281 19933 9388 5388 16761 13341 5926
7164 9345 406 9844 7343 1 5516 7134 17685 7580 13836 12129 12928 8726 18004 19382 5862 19443 13523 4581 3001 7523 6305 7133 19189 18379
10820 17289 13356 4468 12325 15739 12315 4694 16533 11308 5471 12545 15703 18969 622 2769 17394 7858 3627 18300 8676 4448 19263 10798 2444 16667
16598 10885 2967 19916 6404 18076 4485 14199 2724 15807 16149 8914 5066 10667 13869 3014 17389 4015 10061 7705 17968 5168 17086 5008 7139 2840
2849 17865 19961 11140 4757 12352 17210 1821 9824 6178 17334 5763 16026 13561 16108 5586 9892 8686 8925 9543 8769 7708 7945 7237 15169 2887
9951 16925 766 15356 1377 2516 19751 17643 14242 13300 4226 16603 514 19020 11704 9090 19248 4495 14076 3220 274 8608 7689 11889 9801 3963
13027 15169 8744 8661 18411 9561 167 16181 9772 3834 2742 15180 1581 14721 2668 5897 13478 2044 7443 350 11090 19270 73 10652 422 17430
15597 12181 19015 6106 9925 3519 3255 13583 3098 9335 9575 19775 5851 12392 16416 15692 14419 10200 893 16615 5363 3679 4477 4167 1798 13905
8422 8275 12740 1156 16621 17827 1333 5502 16861 870 10949 5226 16849 12869 2835 18516 11332 11198 18623 3643 14865 2053 17908 14271 15978 6755
10470 15493 2089 6560 11932 11791 15256 2838 9665 16333 13800 5445 18394 7075 14399 18411 15941 2707 10366 10926 2864 14526 17022 8143 2072 14053
13220 4334 1609 4407 19660 12769 11461 2062 6044 6540 16314 2611 14044 3605 16892 8672 12595 10956 12813 19655 3738 13457 6156 14872 15540 5680
12189 17141 6502 10851 2035 8095 19489 18699 5899 10829 9818 7880 9461 1325 14866 16146 15152 10118 2959 11598 19112 17094 10694 12953 14222 18038
17054 3838 2664 8819 13472 6929 10988 10732 19690 31 12495 8391 19267 5051 5585 4932 14613 17509 12614 4214 9011 4948 15432 963 16514 1125
7030 1829 15298 16563 16966 109 13961 9320 10205 18291 3215 14909 9103 13285 9065 12191 19357 2315 9770 9547 14166 6329 2987 19533 11231 5930
19199 16008 9874 6109 331 4355 13062 12635 8654 3684 10641 2417 3233 6903 12526 15048 17137 11682 3643 16508 1737 7633 197 209 924 7995
956 4924 6259 432 3891 2695 4584 13431 15358 5985 17825 7229 13367 1458 612 5283 16969 13106 6586 9689 18069 19731 962 19691 8783 8528
11121 11033 1841 6228 18013 18282 10355 7026 9817 1793 789 18979 6489 10073 15483 9223 13114 14390 8573 12267 18861 10807 9007 3737 942 15595
7646 108 4114 13821 65 17014 2138 11783 5087 17453 14580 7782 379 17631 14944 17401 12779 5927 19898 15879 4916 1274 3916 14474 19060 9546
4397 13124 14364 4021 1745 17986 162 2430 9234 14069 8709 10995 17098 11396 18681 12877 13222 14607 9909 17957 4316 268 14006 1601 5149 389
18799 13964 3379 17836 16804 1942 14055 14700 5277 226 12060 10989 5348 17908 7246 9632 11071 1299 10711 6103 13652 3690 15158 727 9291 805
1544 6921 4284 5667 17805 12056 18797 5955 6475 3436 9811 16051 5479 6763 1655 3478 3956 899 7945 15254 4939 3822 15841 4328 13866 9604
3412 5945 15237 12391 9498 6795 18824 10700 6373 15028 15648 19746 2850 8218 4130 7934 17805 3429 10551 2202 18881 19756 11387 12052 14098 8923
7198 2995 4493 4790 10065 17599 17945 8141 13832 14523 17189 15392 5326 9474 8893 10479 7813 8712 487 15594 1432 16508 13343 5239 15986 1248
855 7223 1773 2319 10229 10039 17366 16898 11000 19114 16502 7494 17093 11992 16282 11242 17706 13612 17983 6993 7043 13775 6183 9019 12164 1796
8578 15330 6783 8697 7011 1263 12993 8558 5280 15430 1731 14770 6383 271 19065 7920 510 17354 17676 1326 11417 2661 18187 11881 10460 8842
14067 3530 1573 2755 4410 16449 9179 1664 14331 10681 12419 9567 12597 16886 14048 13412 13521 12440 1076 10959 16751 18814 12185 3910 14963 3394
7096 14849 9514 13428 17826 16579 19329 19488 12020 17276 18327 19325 11712 19639 16472 8783 6083 17940 15303 17430 10657 10360 13822 964 7740 8699
8070 15551 16391 872 15877 15222 12086 1530 18413 1855 16741 7971 18290 11293 18906 992 14156 4882 16514 444 3391 3188 11725 16390 19540 539
13342 2453 8397 3976 8494 17947 19258 16760 12957 2820 1446 12275 7759 9094 12535 19681 19190 10105 981 14624 11119 5364 19688 14869 5084 16895
4133 3098 4623 15642 14170 12455 18033 8338 1797 7899 12970 14377 11560 2204 14618 10484 16998 8683 10506 4782 19082 18583 12191 5427 8692 16666
16296 2865 13653 3954 3730 2312 14485 4118 954 9239 3592 5408 16941 16323 14540 11417 9987 3636 19753 11082 2972 3772 4297 11997 3289 7779
9268 14342 19372 15726 885 10646 5682 9132 4870 6749 6455 17263 4077 6082 15416 17433 4668 9975 18119 2101 17944 2693 9167 14187 18094 12981
5701 7748 14188 19015 13556 4833 12727 12714 8138 14971 17218 11079 8801 16210 11058 11521 17078 13205 5017 5227 1937 6279 7037 11925 14277 9682
1629 6608 13835 13137 18180 6405 7981 5598 13746 19404 16953 15905 14071 3193 15703 2214 7070 16683 6891 9877 14428 9293 17903 4576 5636 11702
6253 19048 17060 540 14303 5561 1862 8536 15647 6070 4654 11096 8602 18767 16342 10511 9275 8878 15611 7205 2204 16528 5433 6184 16826 19959
5318 8320 13723 3578 5961 681 3414 14998 7661 16846 4765 862 6941 750 18847 12219 5965 10144 10428 3366 1837 15984 17902 16431 6360 18175
6492 11443 11903 13180 17735 6518 9374 3519 2484 11030 6202 11767 7387 1954 16219 4361 6132 19343 15499 13994 8119 352 16713 9967 11508 9295
7752 375 1690 16575 18426 15969 12781 17719 1145 17076 7248 91 2135 9141 18709 1359 6132 9716 10207 13396 11299 16015 14982 6529 3273 758
17724 10203 19161 1969 9093 685 611 17229 15102 6297 14129 19886 7622 15546 12693 11291 14058 18776 12468 11493 7069 781 15090 6025 12860 19625
14109 1188 17896 2312 13555 1765 7752 997 17132 5104 7141 17346 6010 4818 11505 5623 17262 17849 18651 4014 5495 11542 19024 2439 10641 13168
12735 15475 7365 5535 8224 16348 9844 6683 8031 10762 3552 15000 3104 18551 4686 5801 7887 19264 9305 93 8757 14234 5156 1013 9967 19098
5453 18457 9381 18899 14642 18989 17911 6624 8448 19287 10261 12442 309 14679 18404 12475 15375 9156 10364 4321 11492 11863 472 19060 17339 17888
12374 18487 4735 15351 10918 3189 5740 2766 6140 8149 18590 13849 19575 2214 12372 2206 11238 16724 362 2337 15002 19403 17493 19886 10563 13680
2893 8722 15854 4679 9314 18744 13067 13197 2463 6985 5160 14354 10597 8758 15394 1348 1789 11308 7188 19579 1147 5646 4385 9901 4520 18265
11015 15793 3674 2975 19945 9236 19959 7916 5177 10563 708 12706 14072 5210 297 5853 14941 2976 4385 7930 10609 7326 13915 12089 7264 1244
14198 1598 1867 7359 13356 4419 15039 13403 19531 13063 276 4162 3928 19493 2701 5726 18652 13864 4134 10642 11669 12030 12990 670 13332 5119
15292 12909 1325 11957 19504 1016 4998 9964 8699 19800 11819 11969 12869 1933 19736 17717 19843 3460 19839 8190 11147 16364 2572 7207 16954 9852
5136 19499 15105 11281 10550 2342 4045 14184 11066 8087 9747 16789 5166 1784 9015 3154 5300 16654 1129 1409 14648 7331 3939 10708 17083 5689
8651 16783 5321 5088 2108 16202 9208 3882 16462 1766 195 4193 12863 3146 18055 1734 3744 10620 11192 14876 2283 13317 17204 17238 2450 5463
12126 9012 10239 11940 1757 14581 5059 9282 10147 13784 17055 13581 13942 19898 8396 9432 14427 6178 7126 2833 6001 14495 13309 375 6471 6416
1258 8451 9845 14493 8563 1192 19767 4513 18109 10733 171 4501 9816 19491 3305 9687 13947 8804 12193 2197 8723 19562 7147 11714 608 2548
17786 17132 2667 6697 9803 7121 16238 16126 14690 4479 11157 13621 3962 8309 1058 14034 18851 16365 234 17284 16318 2242 15141 11303 4176 1010
7873 13143 9561 16551 16771 17936 17597 7816 5752 9876 3937 4169 1119 13748 12568 11509 16625 8828 13519 781 1632 14224 6660 11391 11958 2719
4279 15827 5079 1043 18607 10705 17885 18724 4680 2174 7537 2361 12241 3252 18449 18333 396 4015 13586 2435 8084 16986 3679 6458 16418 236
10926 15358 8036 18255 7912 8366 7839 16001 7456 10666 18262 9859 17670 7245 11414 1737 1379 17160 5538 18113 4185 7957 13481 2112 11609 1404
9185 14680 2693 17494 3926 12884 4054 12123 2798 14769 18847 11670 14960 15874 4309 8160 18983 11248 292 11391 16383 10210 5399 2646 8307 315
1041 11933 9540 2397 5446 12217 2931 10955 18618 2863 4397 11096 9906 13243 14582 6669 7385 11347 19810 14863 402 12406 2093 9532 10222 2382
4088 5654 2170 16500 17960 5208 17600 9946 9891 1116 14242 19602 9980 17087 2836 5336 18969 10739 632 8509 1976 11875 1214 5513 673 17479
11658 18690 7812 18406 18379 14507 2002 18838 17050 18015 18658 14707 12472 1330 1896 7539 4328 13684 3931 18234 7342 3846 9644 6143 10524 4455
8918 9356 3236 14190 16011 16658 2412 19492 10799 8519 9257 13000 8882 2478 111 13550 17238 12771 18021 12561 11563 16768 10102 9983 3978 19645
19873 1411 16160 4424 15923 10859 11496 10064 10426 331 8718 13295 2275 14142 12953 18709 14679 13193 11756 6880 12200 917 19958 3102 10642 3194
3571 1690 1217 12491 398 15912 5249 2652 5392 6855 6940 2623 11964 13843 10741 13442 4380 10876 3662 18134 17455 3529 7330 17351 9380 12099
493 1035 17999 2921 17998 11535 13011 5517 4445 19779 4624 13773 8217 3020 10034 11091 4391 10114 13485 13240 8732 4460 19561 5346 10579 1110
18762 14915 14255 12016 16345 4505 6353 6546 8020 1208 17410 6162 17548 9476 18789 2975 11523 5957 2833 17048 13532 15853 10240 15401 15565 3848
13609 17312 14803 8521 5283 16504 7506 10690 5878 2254 3844 11981 16344 671 13520 10373 8229 16817 13916 14773 524 6517 204 18000 8379 11088
9727 17315 14216 2503 9995 12912 6355 1749 9913 15800 5336 8778 18411 904 17729 14360 14835 19317 13790 9570 18991 18001 9687 874 4304 3371
15887 13866 11199 14939 7661 9154 9889 1443 4259 5468 18391 14986 15632 18889 12719 2814 17557 2827 5433 5462 2212 15370 5341 13029 15403 14162
14284 407 3610 9949 19024 7659 15178 15286 1324 12471 17571 19352 14670 15548 16726 3687 9241 17978 12216 16403 7808 8807 18481 11675 10535 5100
19853 18761 16278 4898 7083 4185 14643 17741 18498 3924 13037 6925 6351 8273 17380 16117 7893 15531 7594 15751 18468 7301 10885 14242 18849 4333
2683 13870 15213 5977 17563 16577 10877 3104 19148 3491 17117 3400 10381 6010 1087 6238 10434 10729 17107 9622 8244 10890 8887 14976 4424 1442
16013 4282 4129 2326 6540 10763 4942 12833 13951 16460 8260 15402 3985 14685 11084 14869 12040 12453 571 5032 5926 10354 18783 18293 10875 16097
10634 8012 19559 19950 17093 2297 12948 15204 349 4967 13734 4399 15402 4194 10030 12691 15093 12519 19360 12315 18566 858 10114 2804 1673 524
4803 15280 19176 10392 2965 12252 10619 19423 6663 18276 11389 19681 1327 14681 869 14812 10920 19911 18985 16209 16074 19246 7206 4891 294 17778
14043 7888 16653 13261 17895 8748 12259 4477 8027 932 16748 14497 18328 2071 15130 8906 136 5613 10333 1312 19590 8670 15596 18362 3341 7999
10054 19236 2341 17338 907 11954 2548 15750 17316 13082 6543 11307 4635 13844 18334 14203 2497 14877 2679 7584 12279 11609 1865 18294 15152 16135
7927 7354 13490 7268 2272 2370 10459 15061 15793 9008 5136 4421 15520 14155 102 5341 6327 3082 7112 5264 17636 5823 773 17651 9346 10525
611 16223 3019 3718 11688 8290 18876 1627 7481 10521 17593 8720 10625 4863 8260 1933 3764 13454 1519 10032 13751 3445 18417 13769 10740 13185
10781 13470 1069 13680 4091 11361 14948 11928 8398 2303 4418 19283 14303 18940 16600 4578 18060 5570 7377 19300 3935 14428 5408 11800 193 4396
15622 5575 11743 1441 19064 1219 19569 11191 14754 9318 14527 8355 5579 6173 6370 11577 5583 17608 5866 15440 9451 7204 12695 14072 13583 6637
18432 7928 16204 10223 10133 14546 15560 1501 6204 4705 7458 2927 8805 4334 6022 5346 14354 8138 3539 11261 12480 12899 9789 5793 2106 6121
2105 10400 9717 6116 17642 17701 14115 15658 15563 5335 10046 2889 16901 14631 19801 3861 829 16054 18216 19411 7842 5134 12544 4981 7143 15257
7995 9755 17138 13179 474 18444 7959 5065 8791 13306 8270 14474 18863 14580 12567 7717 14571 3689 19042 8452 7055 3471 4896 4995 19 12863
7681 18954 15770 4946 18539 15073 9659 12873 9669 19099 2322 16317 12715 17900 751 6837 4422 14922 17784 10874 12358 19392 10117 15064 11168 15402
17416 15266 17781 6706 10476 17068 402 7589 7012 2164 7407 16654 317 3970 13193 4015 2913 3826 16168 3380 14088 18288 4542 19610 5865 3118
15793 12682 17935 8453 4408 14045 2529 19899 6462 4619 6983 19971 15759 19857 13212 16330 9124 12424 4842 9208 8997 6214 19846 134 18548 5502
4175 13132 19914 15676 2032 9552 18607 4422 5589 10140 9421 16421 4617 1329 8461 14185 16639 1050 6682 1231 2084 4151 12618 15556 214 17354
16778 14698 3072 10288 13334 17286 675 5848 19597 13263 3463 2649 14296 3095 16091 9561 9008 19525 1646 12357 582 10524 18093 7682 11128 17867
3576 787 3008 14321 8692 16141 19336 7226 1900 15121 17242 6948 9354 3250 14914 1090 19571 6443 9736 16830 10222 6011 12634 6849 16342 3584
13501 12090 16249 11520 17910 15267 376 12647 17364 881 10827 1407 12144 3364 1696 7045 5849 3299 13882 18170 16888 12642 7499 11664 14917 11766
596 6422 6295 2403 11386 10487 15075 17408 6030 6831 5128 17107 14772 7900 15684 13451 11418 6388 294 14961 1819 9167 17778 15265 3788 18903
8498 3390 5047 6239 1741 7222 17365 4686 9757 2504 6645 11635 1658 7234 12041 9164 1474 10402 5898 1430 13355 10067 5136 5217 18127 17574
7810 15395 19501 4371 18607 11211 13466 8817 10165 15823 15296 17181 4614 9628 10064 19172 13022 19401 2451 16769 10348 17083 13276 14525 8139 5007
7931 18647 9340 7750 18148 485 15203 17932 2953 8924 18939 12623 2319 3043 11349 17600 19546 488 7138 5174 2594 11369 11395 6844 11567 9569
11140 2149 3527 12934 13693 16261 19877 10645 3468 918 11868 13915 9022 16944 6778 10847 11400 5756 15876 4307 10542 11443 272 4253 11872 1725
7640 18672 15722 4309 5992 16717 19603 6787 14102 16347 512 4621 5990 12154 4842 6503 16251 89 10315 5888 10407 6239 19258 898 10801 13037
13963 7495 3346 7352 11727 18994 5827 3344 3639 8241 10197 16446 14513 12573 6830 14891 4437 12494 66 5187 7433 5107 10698 8235 18741 19881
7270 2992 7957 2090 7591 9431 10337 15660 14314 9221 2359 16832 10544 6921 15356 2859 10793 17454 11411 15957 11881 13238 2815 19286 6489 15107
8160 16553 14374 10240 6539 426 10206 8401 7657 16424 19581 7454 16798 1065 16681 752 18818 15232 6957 14245 2433 6572 12032 11450 238 17116
19130 3320 11691 9083 9932 19474 18673 15045 2101 9993 11550 1890 5762 19418 9611 9116 4631 10085 9551 9108 11034 12942 8951 15988 11897 2370
3118 10659 30 18578 7353 1811 7366 8963 5786 14584 6846 12764 16860 3510 18872 1497 14161 6111 880 15219 2912 8599 15127 2606 8147 11829
16134 6509 10607 4793 16800 353 3490 16895 7631 18208 16356 11393 14627 10315 9968 784 4921 15669 5933 3875 17095 14320 13272 11032 1057 11760
15876 17030 11618 11858 18489 1929 13217 8341 14378 13939 9796 17574 6131 15119 14051 19102 12468 13542 17485 13549 19505 16639 3491 17402 8023 1760
8309 3850 18359 17006 8320 3480 11938 15318 17500 4362 8822 19249 6961 12394 8496 19891 3052 17217 3368 2774 15986 1228 17120 5134 926 14558
1298 7952 13428 5900 10293 17222 2334 12414 15775 4506 15517 2002 2680 9927 3304 19535 2390 1217 3264 17862 342 10413 19300 14785 11950 14655
2415 15364 3060 3716 15001 16826 2464 14958 2305 6935 1448 12314 4764 3841 5512 3501 8291 6280 12449 9126 998 8264 10137 17033 17449 5806
10303 10284 11679 7705 3175 10781 7973 14940 9635 16515 18889 15807 17323 16476 18982 17388 6426 5144 15180 14730 9020 9349 18480 13959 8645 15389
8405 17635 331 7523 5398 11333 2541 6985 13494 18486 5120 9670 12864 11161 18158 19205 11718 12868 3562 9574 6141 7611 2668 15240 9647 11865
17660 9790 18166 13872 1876 7095 12400 15697 19999 1816 7764 2754 19602 5624 15434 6317 9980 16858 11133 19382 11557 1389 19363 3357 5378 5615
17245 6391 4006 4968 18491 11522 2983 12047 1985 6713 11450 19252 10850 934 12710 1213 18900 1261 1082 12103 4351 13188 6964 1880 12377 17488
16600 16352 17025 17250 16442 14366 15096 14165 8752 7935 1734 5803 3897 11460 10567 9441 17653 2773 15196 2947 15369 5450 8971 8743 10574 9382
17376 15561 10597 4493 15838 15522 6878 2206 13164 19064 13371 1464 8532 5835 11035 8251 4695 2471 5447 9133 11626 5079 15524 3583 3726 14899
17469 3190 11325 10428 18106 11724 13267 16245 13958 1635 10052 11031 8397 1918 922 16526 14192 8584 9127 6092 13571 18089 407 14739 8671 17738
11577 14864 18539 16390 12717 19494 16965 3804 3097 4387 2857 654 7815 3438 4588 1545 12673 9203 1913 14198 17035 10856 14904 4781 3162 9565
9019 19436 18326 5635 4418 16107 11683 320 16456 7352 18296 15697 12981 3630 15103 6092 5550 3638 7892 18048 363 14320 4828 13070 14317 18454
19126 14471 14301 9280 17460 12479 6584 3414 11549 12221 9730 1306 12738 16709 11060 8628 9419 18838 4588 15710 17944 13723 14780 19106 4446 14694
10347 14390 15849 18709 19271 12442 7336 14356 14375 12993 17828 2147 4046 6835 7012 19527 1386 1967 7540 7838 2477 16895 19863 19705 739 12305
6143 17435 18766 3214 19170 9722 14292 12896 19862 12278 3056 861 9895 4016 8966 13965 3977 19621 19467 18317 15942 15281 4768 16096 3058 11353
10870 15718 11210 6408 4293 8180 16549 5131 16233 8142 4648 11020 1163 13798 6615 3940 2989 103 4596 19866 8843 7904 2609 3751 15395 4447
858 13911 18642 15488 19302 3202 5838 12705 4863 17085 31 11612 12543 19461 10747 4812 2525 15179 4956 16667 19567 5239 3378 1761 11647 4523
8511 13212 8048 8585 4274 10707 17757 593 15880 4965 5016 6461 10215 16410 7359 1167 14118 1529 14635 15571 10405 14655 7625 15927 17835 3361
19144 802 7289 13868 3143 16793 7606 17736 12063 8204 12211 508 2251 4460 12169 7848 5135 5588 8332 13504 7659 7768 2717 13975 5052 9090
1380 13103 2001 647 9 3041 84 6223 7847 3396 12160 10428 15593 10955 17324 15890 4187 11476 2060 18301 18872 3796 1770 14108 14677 5976
15270 16094 6927 11713 18659 16929 2709 5204 3710 2229 15205 19057 18515 8870 1224 11426 4653 754 360 1468 16978 12643 18598 16663 9307 12801
13572 14973 5400 3387 14666 16497 16350 3233 15687 8215 14653 19222 14125 18304 13206 12465 9071 15082 1317 17537 13910 5567 15082 19167 15044 8541
3533 15734 2259 4440 10902 14723 7813 824 717 9079 6133 1331 11676 6237 18330 4273 11654 11895 2595 6034 939 18011 10102 17310 12130 975
15241 739 8142 983 2862 13633 14167 15448 7833 17168 4354 8148 2744 16686 7524 12219 10282 8187 11839 7096 653 3201 18092 11450 723 2462
3401 7770 18333 11236 14803 10540 2634 12826 10394 18450 4289 895 12727 9054 4751 318 6940 12383 19390 14485 14175 15964 6305 14120 14866 13001
17976 17907 6682 18045 4989 5588 15739 17519 1091 7896 14853 373 10409 1665 3146 2863 4437 2637 8956 8498 11167 13411 798 5188 8064 17156
1287 11120 9255 8642 8222 5140 19270 18328 3037 2496 17540 16509 6999 1841 1730 17506 19736 13973 4266 16357 10380 8279 603 7046 8124 4742
8115 18299 2295 3575 14256 16604 9032 12966 8306 3527 16608 1769 9346 1619 13864 1486 5197 14598 18689 37 11958 15532 8505 877 4575 18153
2459 19176 19632 9265 2569 10015 851 18137 10914 17362 18109 13007 8004 8194 12140 17262 13976 18149 7653 724 10746 5864 2515 5541 19413 5849
15242 7284 3991 8560 17708 477 15556 16 7540 18770 5646 10053 12409 14906 6210 371 7669 13325 3618 17228 10296 10370 6374 10570 12659 7474
19721 4191 7915 16191 16257 5994 15342 14610 1531 6931 12474 9278 6783 1785 15469 12040 11268 13426 2501 141 14761 14799 8183 14612 18956 13785
15934 4904 4419 13076 15534 2475 3031 13714 13012 6933 5624 17491 11627 3403 7244 636 286 10259 15544 11035 18347 17342 13069 6023 19145 6895
14862 14686 10617 460 3427 31 12028 6318 100 4651 11454 6013 9232 4460 19801 6108 12383 13538 2925 11161 15212 17156 6561 19483 19550 14872
8320 12788 4488 10546 6936 5260 12695 15970 17709 4291 4197 12168 9805 3181 13877 16289 4878 5198 2574 10795 11651 16305 3529 3973 1052 9540
1589 15398 10881 6599 12591 18444 2105 19193 6699 15551 9756 11658 12258 5090 15390 1171 8756 5590 18618 9005 8857 19084 14633 13319 19316 18547
15818 6636 9088 6425 19035 12052 13441 16854 16128 7484 3092 9366 19338 14098 5619 15787 2443 1355 3054 2439 15230 18463 2514 13387 19793 4057
7736 15034 10745 15649 18014 6840 17982 4448 2419 16730 10610 13952 19664 16892 496 19754 7130 18272 5998 4904 9876 9708 13814 7986 10269 14017
9298 13225 15594 415 5195 7750 12562 11135 9137 16413 17791 3884 17351 6646 10651 18804 678 16115 19112 3853 5752 14521 5556 1690 4051 9493
14688 18310 13164 19518 16768 14374 1598 13869 19628 1375 8498 16247 13008 12775 14484 4843 1758 18590 8598 19126 17796 7845 14522 8463 16207 13532
17000 2556 10581 11602 6572 949 17359 11475 16619 15768 11837 15708 5958 11220 3609 841 18596 1654 7268 4697 10844 14764 2963 10424 10546 8052
6755 1001 9109 9665 15237 17806 1303 15244 3406 8386 12795 1315 11946 3564 18416 6292 6716 9552 5216 16501 6517 12192 18890 2463 11000 5189
15875 12356 8988 12875 19314 15967 15922 5253 16919 1474 14627 17672 401 9441 9735 6114 14978 13089 15060 19445 5011 11908 11459 4077 7315 16678
17858 9756 3177 6565 9245 13193 18724 14272 6127 16518 9414 11600 13912 7310 10268 3750 8787 13585 17115 18845 6766 2777 1717 15492 599 14812
11483 8156 7789 18564 6802 10132 2772 17524 18995 19263 889 4866 17894 7320 7761 18359 16908 14029 14478 9350 18316 5115 4919 18953 10660 18284
8277 5817 2526 15959 18830 8782 19509 14763 14677 2593 10700 5283 12378 6598 15121 13536 15546 1043 6651 6152 10058 15559 7685 5000 8686 8968
16965 1118 2352 10515 5648 17561 3494 15097 10787 7713 16173 19884 9653 489 10089 2436 11347 8653 16696 6798 9274 3257 13553 5647 4037 13378
13123 6809 9911 11735 1120 11387 7422 2996 13964 2584 18899 3240 17223 15212 5923 5356 6140 9790 6154 7136 221 7771 19151 12786 15375 13603
19828 19390 1577 11767 6757 17219 17572 19409 18659 14974 10810 19209 5799 1142 15746 15108 13162 6339 18407 604 17205 291 11020 17902 7125 3134
702 13658 19690 7244 7841 10381 4413 15943 15103 15319 19347 11573 234 7707 3638 11244 4108 6640 10066 10503 8630 13138 15593 17880 7893 14621
8125 9468 6020 6924 2235 8671 426 18950 13492 6735 9876 5332 8142 16666 17971 6474 843 2429 13746 12881 17818 1249 18937 15135 9321 17354
7990 10838 8380 4454 67 7351 16975 3923 6711 9519 16755 13201 16032 7619 3991 3665 469 14240 19248 1805 2145 17275 390 3177 4664 17376
560 5744 3243 4836 3294 4928 5612 9443 3470 12809 5471 15492 4551 9285 6042 7143 19247 11093 8677 13918 4920 9787 12210 3890 2673 4606
195 4955 16175 9488 13023 1016 15978 13487 2775 4780 987 246 5368 11275 1095 13272 15821 16355 1369 15145 15507 1634 8980 5957 6275 17898
10431 14313 9321 16767 6253 11134 15919 11260 4697 15799 765 19694 13311 19142 764 1642 1879 17272 11320 3428 5649 10012 12773 19445 11220 1986
8518 12804 3 19773 12978 11240 16161 8980 749 13371 13384 12795 326 13554 15707 9839 6904 6896 13591 12586 19426 14141 10394 10877 2809 676
3284 4254 13109 220 10415 2380 14105 17149 19868 5705 3164 17777 520 13085 158 6509 9668 12516 5044 19207 10200 50 2069 17141 2470 14249
4274 1626 16690 6881 18544 9233 3331 10851 16608 14595 3627 5203 16930 13310 12759 15336 14870 11086 425 4654 111 11445 11586 11842 3631 17167
14355 5253 19382 5089 5020 1002 10655 18596 3241 9416 12559 19311 19776 16908 11929 8360 6556 3484 19457 14630 2362 15532 4363 12312 11049 4560
15906 16064 17190 13146 17184 11650 13875 9849 3529 3301 8521 16362 4288 4004 778 17238 995 971 16073 7191 18613 16216 7168 292 546 14656
8764 18479 14329 10089 15589 662 16662 11093 16393 6769 13505 11462 12734 11038 2427 2606 16818 7890 14629 11808 6389 13396 3442 415 16317 341
8827 14441 10333 16306 18551 3449 18405 18076 14596 13712 10728 6897 14965 11234 16872 6342 15807 12446 5512 1707 4233 17278 11417 3885 14740 13379
8466 19629 16386 17969 15029 11557 15641 5084 1192 16668 1364 1496 14435 6800 4604 9312 10991 19643 5622 5347 12389 14546 18719 17431 6265 12275
11412 6621 9726 12644 4941 4879 5896 16192 1335 12553 9397 6352 623 4075 14883 7834 7253 12394 3349 3160 16987 17708 8509 4850 10710 5763
5730 17107 1225 12419 16932 5772 6368 17768 13364 12778 17793 12531 9724 13994 10091 16624 13903 728 10743 5909 10277 18207 19646 3606 10298 3022
9222 12711 16353 5512 7065 436 15470 15550 13121 16465 13579 3278 962 14685 16009 77 17795 8612 1508 4099 11947 16827 19676 6157 4335 13983
14052 16591 548 11410 8672 7146 6078 2633 16570 1994 5863 825 11347 19413 14917 12156 10212 11527 11993 13718 1550 17782 10971 14739 19405 17151
19420 15361 1403 18412 13417 9356 17794 12578 1355 8657 8407 8918 15715 11818 3611 1527 17863 7817 8091 12046 3242 4997 3390 3113 14078 12746
14719 13941 8317 11262 8228 11655 15565 16439 1183 7896 8976 1180 12413 19642 1297 17168 12111 18396 40 1050 11231 8142 19145 3175 5116 4427
9446 3425 18678 10376 10827 11981 17996 11569 11719 14621 8432 5424 3630 15392 1873 3373 9103 5039 12082 1270 12110 4425 14220 15891 16175 16471
12236 18548 10275 5296 4778 16812 19696 4988 752 8994 3172 4390 12436 9641 6072 10857 17639 18705 5155 11908 1138 319 1827 784 1104 1618
8633 6310 15394 11049 17369 1080 4759 19457 15643 18885 15279 9051 726 16259 5951 12343 12149 7410 3468 4677 2127 1894 382 14652 3597 5804
17121 16450 19970 667 10955 1046 18631 11702 13931 14332 9308 10348 1917 12248 14768 11974 5923 9149 6543 12608 2700 7776 18693 12685 9196 14642
14985 15825 2378 553 1769 4838 589 16200 6717 12759 9749 5493 17024 13928 7582 1552 12141 2242 4289 13163 12641 2297 4019 1131 12285 16135
17452 12554 1054 14540 2706 4060 5602 12080 5436 19355 16397 5223 9689 10152 2679 18852 18057 3210 11812 13308 5423 13150 805 19711 9603 3310
14627 10331 4934 12880 9628 1374 14082 2555 3437 10188 17131 13620 3647 9073 1545 12161 10798 5551 16115 3271 14628 10726 14966 14463 14134 1686
15560 7103 11564 8885 2211 3254 19664 4191 14035 948 7888 8332 1955 7449 8880 3611 18134 15556 7844 708 15495 2308 3826 3807 19068 6738
2700 8632 539 1982 1021 19493 1516 7659 14905 7391 14021 10156 2468 16682 18923 151 16496 7047 1647 10113 1986 9089 10912 14238 19088 9645
3217 7212 15460 10731 8046 19352 1702 17180 11418 18046 578 3490 7412 19478 12019 785 11335 10827 18428 19268 7999 17872 4359 4606 4061 4527
4952 4412 16711 6008 4472 6593 13647 13180 7665 5313 3907 6619 6861 10476 2480 10905 4337 15116 19703 17274 5638 8326 4849 15109 18059 9880
8401 13878 8457 19119 6496 1215 18149 4705 5449 10502 6639 2933 7027 3566 16878 9282 11789 9770 17894 2990 1110 2550 14541 14640 8158 2357
15175 12771 11097 1342 19346 12768 14921 3888 15405 6504 14316 16431 12480 8458 3383 18386 9182 4276 10928 8214 900 14462 8499 3123 9102 8214
4731 13061 16414 3349 2909 16003 12937 720 5706 19425 12658 11537 3928 631 13786 3634 18325 12610 16176 16232 13896 14265 1645 301 16095 4691
6699 11560 5924 8624 4185 1467 18580 19938 9486 8333 4804 7192 17918 3490 17603 11417 7528 5515 11577 9997 12314 5050 6419 12796 5904 12830
15267 11446 12530 7570 2209 1706 11733 11801 7119 13481 19742 899 11848 13233 19727 2313 6544 5934 4733 13814 9718 19689 11669 11702 18585 17456
7129 12116 19313 1910 11147 16231 5140 1935 15117 14344 392 16413 12994 7201 383 3737 2486 19475 8686 1035 1815 1654 57 2512 18719 6169
11612 4659 17307 2649 3497 1793 6336 3205 13533 15332 7878 11783 329 13373 17338 18213 10750 14008 9515 14860 18465 19329 6921 10327 9879 8402
12681 18807 19620 14832 5856 19981 5198 10141 18777 14705 6983 1720 9309 8697 2624 13599 15175 17213 2534 15733 7912 15535 9842 1744 15630 3993
7923 9880 3008 15245 13896 12893 351 18568 19504 18 15130 9657 8844 17831 9885 5046 10376 7433 963 3930 11326 15244 9792 6650 19431 7032
13718 7390 58 15138 16293 14670 2214 7497 8649 16924 11990 2996 9300 19985 18802 5506 14881 1535 10338 240 7469 17644 17715 10470 11504 19617
11121 8689 10272 15548 3664 753 14333 13461 1510 9696 5505 8735 15278 14138 18098 246 7347 807 15359 10267 10421 10607 14266 6696 7538 2264
1285 5934 11143 781 11757 6932 3797 11522 16965 17375 19193 12362 2515 17313 7650 12985 13336 13524 9459 13678 2747 3896 10765 14068 4272 14794
1783 2052 12391 10929 11953 15154 10170 15157 3340 16480 12776 13292 7467 6934 19822 10017 2670 16448 15949 1191 2855 19353 11944 5972 16017 12315
17046 11682 9223 18946 14387 5781 4383 11847 531 19728 13456 11040 13223 4083 8368 11211 17958 18484 6315 16912 6143 3734 6042 9332 3770 10672
14281 17153 675 1146 14210 15786 9642 12198 15961 7075 19979 5691 11297 19113 12682 8487 10268 15407 7479 19832 19439 10162 14482 4352 11605 7537
