365
47 66 45 32 73 32 65 98 63 92 30 72 58 2 56 73 13 44 27 17 45 24 74 68 84 56
3508 13629 16645 4218 6306 15562 19743 5259 18547 11346 3889 5503 12919 11960 17877 6000 11051 8046 5972 4038 1438 13845 19206 2065 8496 1188
17075 6490 14282 6821 5489 9413 16745 13140 2328 8150 2724 19809 2804 19929 5841 12431 19410 18908 4743 13260 14769 16219 11789 8593 13441 13863
163 14356 12548 17171 18954 6171 9114 3140 6390 7183 8133 2697 3982 4326 3306 2544 5354 7406 6182 2205 1522 4423 16788 10714 10863 13344
8455 13800 18264 3501 18715 19105 18242 17825 16330 12679 6161 19851 19512 13388 11626 17641 6452 10063 15909 16990 10976 7261 19151 3906 15789 12123
17037 17846 7027 13998 18466 9423 9662 13010 6090 15006 3101 13368 12952 678 8487 12475 3414 8851 18467 18607 8650 14622 16569 17334 9139 6894
2764 5499 2472 14323 4822 18538 10393 12449 7280 15241 15880 7364 5880 16582 19243 3150 5263 8881 7261 2294 287 4937 18767 12048 16843 8748
6145 12601 17041 3666 15818 7808 12502 80 3667 9185 247 13333 14839 1623 5777 14009 12781 14416 147 6595 2817 9704 2187 13830 9100 6768
2628 17290 16417 3305 16275 19838 10803 14402 13616 12851 14003 1366 4557 7564 2849 9456 1915 8632 16007 5745 5239 10976 13228 6939 4857 12625
4755 8460 101 19928 2228 491 5984 8926 19088 15806 14438 19286 15431 15692 2860 6940 15410 9391 14245 10557 7210 19656 18805 233 17008 6420
15433 3571 17554 3239 14105 11394 15736 2138 9779 18931 16822 19655 4804 7393 5630 10018 6288 15965 11289 14674 3614 14508 4238 8089 18460 17242
14504 2286 1144 19289 3202 17459 9288 19736 5119 13365 8008 16825 16163 5294 16846 7349 16404 5054 2623 2064 19260 1537 8476 3117 7294 4183
1183 3408 11799 13882 133 9549 8540 16711 18688 7084 19222 15845 19560 1043 10485 6553 425 2537 12151 9443 15589 663 19338 537 14153 885
10266 4171 2289 16394 8931 6619 16770 6089 19220 16023 8865 11938 17589 8781 19713 6802 15488 11556 2492 3471 4835 9951 4787 345 13200 6003
18114 16521 17211 11513 11318 10411 993 5749 5688 2371 4776 13004 4709 8160 9671 13460 10831 605 14017 8365 3024 12215 7947 1922 10233 14164
8258 3936 6547 2390 15174 18135 13402 1919 3937 18046 14449 736 17356 15018 3138 11203 14722 6742 3728 1583 12350 11428 11715 14449 9324 19188
6500 18921 13141 16154 19201 18661 14255 5817 12270 13924 5653 19003 2586 4601 6527 1905 18452 13717 8523 4151 7285 10430 2444 16181 15632 8537
8865 3349 8290 4627 12248 3773 7215 9106 6064 2884 3448 17416 3851 10441 12860 14545 12407 15974 7345 15774 7134 16431 17636 13630 19592 1744
19440 7015 9271 4331 12656 7920 14665 11754 4814 17444 4337 1572 4143 11934 16044 9737 7223 19518 1018 14546 1101 4223 9881 4032 19492 8329
4293 1736 18878 4934 14082 12872 17582 16135 17476 11505 15128 6378 10465 675 12838 6465 3733 10420 15825 5630 4237 10379 3619 4614 15622 4436
13803 11099 9232 5833 105 19852 19201 11366 11381 2060 10357 5995 17927 1858 13904 2595 1602 8749 18825 13831 11015 12722 909 17870 18709 4115
1186 7886 1674 9908 16048 4638 10426 2825 11883 8217 19560 3413 12880 1887 10771 2130 11768 3108 14199 2088 9025 1217 15215 13266 17414 2031
319 5782 18118 6599 379 2929 14591 12900 3 4942 988 2454 781 19116 18330 1267 4469 13118 18074 12845 11980 8106 8184 6183 4099 8489
18508 5712 14504 12377 18806 10502 16975 2942 19984 5802 7064 13047 18589 12905 17769 6079 4221 17004 13132 19064 13751 12589 13984 907 13253 12779
9851 7812 5167 5439 5302 18763 10460 16155 4742 14594 18136 11551 3058 14422 3847 16171 4551 6122 6905 17433 3810 19586 2635 2107 688 9653
10206 15673 10019 4026 926 11323 8584 9619 568 1321 11811 11970 14108 9528 5630 3385 7914 9011 11253 9958 7242 1979 17076 211 17723 3051
3568 11715 18208 3743 4388 3589 8054 7376 4439 2910 7873 4534 17601 2165 1858 5635 2974 2932 5846 18757 15353 5143 7310 10924 10198 2664
18330 5700 7430 4908 7791 1647 13303 16851 3299 15017 10866 17798 10286 9427 1054 16076 4394 2306 15023 10424 7148 2875 12028 15005 14658 16296
718 12607 6697 7079 11213 5890 13706 13122 12917 13940 14472 849 13416 18408 16345 1192 3935 8870 12231 2283 12140 14886 7477 9613 15431 7215
12444 14952 12966 4379 3626 18480 1967 10268 6370 18831 1655 3179 1805 17754 18892 13645 8589 5695 18653 5700 18579 17993 16845 647 17235 3849
14968 15674 12824 19365 16180 10016 10619 9157 16470 4072 7520 18478 12416 9246 11374 18481 10040 2026 7969 8540 9567 11585 1779 4174 12298 7828
3377 3224 7405 4867 10362 2662 13399 9593 5331 5689 9081 16339 12862 9098 16094 10514 3048 16860 17881 3336 18274 11401 17723 3064 9187 10994
17552 9709 11015 19429 2848 18665 6281 4446 14795 6477 16023 4433 18403 19110 3933 13084 14742 9705 1740 11658 15092 4918 1463 1162 12261 11954
4450 14706 6488 1201 7673 15958 10234 14326 5217 13814 4353 6445 14453 4148 3466 4091 15872 15024 13842 15327 10413 12532 9467 6 19787 15225
3753 5054 1007 5443 12313 4491 11962 14717 16796 13842 18731 5239 6683 12254 17140 16275 4261 1541 13989 2589 7907 7354 16056 8794 16330 3492
15814 18035 3098 6161 17278 5113 7163 13541 6944 18700 18524 7564 18131 12033 17715 13507 8346 5799 13046 4577 15189 10351 8026 12323 12095 3912
14841 806 8474 9124 12948 18705 19627 9861 2519 13280 15777 4600 136 10406 14338 14625 1107 7156 7202 11368 1476 10945 9588 8933 13918 2714
19438 13879 6908 8454 10025 2347 91 16424 1721 1385 6690 506 6493 14363 16421 582 4307 15818 10170 17107 13815 896 5878 19566 16713 18809
13298 11525 11156 11750 1820 2350 484 6853 2335 5128 19704 4805 14761 7917 9580 5414 3819 2945 19018 13737 8919 18694 12715 9376 16395 1610
17372 7764 6082 13574 10658 1788 19648 10385 13621 8355 6023 1125 2340 4716 17363 6723 19657 18672 11498 2703 15779 4922 16578 7219 1952 10123
3375 16053 10482 12035 19079 2105 10390 65 17883 7039 15908 19576 13614 1006 11977 8844 14140 5108 10042 2917 11526 19044 12536 12286 6350 2070
14289 12323 4190 13665 2048 2743 19444 12194 15425 15989 4853 13903 15779 11824 6803 1646 15791 5400 5457 6645 16500 8818 16696 10670 894 17983
12965 3803 13108 16967 13778 14873 18441 3416 1017 8709 15026 5482 8748 3983 18479 15984 925 9517 10939 5320 10233 10853 5348 13170 12831 15960
3765 10349 4371 18903 18344 2819 3437 8831 16588 4039 10282 9388 6942 193 15712 19447 3030 4149 17091 3121 11457 19577 18529 13544 9685 259
9029 2746 16702 1774 10987 18487 11157 14022 17604 17447 5694 16477 16914 14808 14151 7495 15995 6296 16663 17432 12477 546 17700 18560 7949 5733
15458 5744 1202 5306 4640 14011 1582 9657 8602 14286 9932 2896 4647 5900 3835 8413 15100 4755 1755 7116 3172 12578 16405 9206 12578 17744
4018 16423 2598 19308 13480 4531 15079 5881 13492 11576 15935 9542 16907 25 18332 8914 16635 15889 19878 1808 10235 19459 17503 9309 1065 2364
1950 5858 8492 7584 9566 19249 17695 9733 9985 14555 14020 6988 2527 17665 7488 12124 693 1661 14958 13808 4491 16510 4359 5526 16571 18743
9564 13027 3403 7754 13523 213 15830 11801 11411 16525 14443 6711 8053 18748 4472 14104 7237 3593 18407 6084 14280 9073 18498 9463 19122 14364
2774 2833 3008 16486 17634 8163 923 433 18063 18300 761 13056 14366 19983 13810 12853 258 16991 1910 15107 18351 17940 5395 5066 16936 3250
7819 18013 967 11735 10229 12083 14220 5043 11362 6195 16804 4471 15157 19100 854 2334 5510 16648 4509 16866 6878 15301 6081 5638 6068 5407
3903 14031 12192 8420 1406 17438 8533 6011 12118 5732 3597 5957 4511 8952 8973 3952 15310 4213 1302 3411 5769 14382 14726 5521 13651 18424
1583 10123 15893 19047 15469 15643 14355 6367 16930 9166 6573 5339 8764 3419 4807 15330 13149 9758 8306 12006 13817 13389 10333 9332 8469 9671
5276 8314 1478 13789 9779 6214 14586 16361 2485 8140 18358 2361 15420 7467 3898 18907 16016 16436 8145 12189 13903 2345 1926 18195 4217 16164
1646 14929 10958 15580 14013 10310 14735 11801 3570 15221 1858 1511 9343 4033 2877 8531 16175 15745 19448 7575 2764 19645 5071 14945 1442 8597
11776 19768 15960 484 9923 13404 2979 81 13914 316 2725 19832 16320 5229 19671 752 11358 364 12059 4584 1434 6245 19912 9231 18819 8261
12358 4255 5690 16229 16134 4015 8946 5488 10548 6066 6219 3016 4099 4329 10806 9003 3065 7396 16380 8525 17236 19442 4636 5995 13556 12647
912 19379 2758 14042 17822 10685 8856 3727 8560 2033 14113 16037 15102 14261 11019 12934 11198 11411 5490 4308 18191 16150 16205 19516 16149 8383
19609 9926 7922 19877 4709 17235 8123 4685 8124 506 18345 16792 9449 7217 18062 12452 9893 13342 7147 4924 6701 1781 1079 6848 12097 6491
3461 13377 18890 5301 11358 6820 11380 1245 6353 3884 16036 3127 19676 76 11587 3392 1526 11075 4837 19752 11778 12071 11942 9547 7903 16115
5304 15405 5884 13945 11113 10714 19894 16166 14415 10475 14550 7877 19545 223 1901 2613 11947 18553 4686 13728 13043 8248 6753 775 17661 7584
424 11741 7445 18797 15510 15324 19396 5481 11286 11232 17685 652 4186 16336 3516 4956 4063 10733 3382 13380 2560 10774 7877 12344 12407 4935
8321 12041 14634 8702 8817 19348 2657 19524 1192 1822 7608 15434 10721 16605 978 10204 12314 12386 6437 19034 19160 2431 12570 17817 1916 16015
7572 5560 10902 3101 6680 1777 17719 19922 7662 10199 12016 19402 10201 15348 3171 12353 17089 19781 7018 11618 9173 4545 18752 5894 2787 16882
9422 415 8380 7974 18438 10010 10644 17491 5506 19231 17711 7565 10965 10898 10602 11821 12664 16630 17999 14554 17892 6153 14708 5660 3621 4017
1873 14582 5506 8514 12565 18328 5378 13925 819 11112 17884 8594 13060 13083 865 11350 11993 18601 19056 16918 16494 18320 6051 3839 9391 19018
19502 1955 1091 887 3752 9211 7366 17088 9718 4294 6768 15341 276 14756 3274 19462 18313 14263 18295 7641 2389 12870 9207 5003 1076 10278
2163 13512 13885 1871 10008 15678 6400 8699 9750 1534 6774 11813 17827 3862 11362 10170 5082 15293 9191 7663 3643 737 18441 18802 12313 12851
894 1621 10514 6950 5911 1034 2659 1889 9478 11322 13733 6736 15928 9196 7792 16860 6711 8441 19744 15464 5592 14634 2095 1744 6124 3297
16549 19529 5878 18753 16373 10122 18288 13 4966 13643 5907 5332 11354 12144 6949 19654 10858 17711 1066 7320 13285 5336 3515 10917 7432 2988
7434 16550 17456 13505 4109 3430 3945 8977 572 17892 11203 17022 4398 8590 15263 14348 16771 1926 5084 15153 9939 7412 19896 12160 4024 14404
18873 11968 13854 2986 12976 10888 7041 8885 4002 4703 9731 11361 14598 11059 7827 5939 13948 13375 17699 14820 15219 13144 15055 8103 15034 15223
18063 726 187 2732 16248 1759 12103 3135 12254 11065 5193 5758 3992 12505 4963 4777 12506 19964 3229 516 441 15790 8385 9707 11410 16050
12820 9711 10338 2701 2999 12200 19173 2389 812 10534 7297 251 7919 12265 19423 11858 13176 4862 13211 468 9574 9592 17711 7847 19514 10197
12616 968 16640 16311 5357 3874 10147 1055 6535 17374 18010 694 9959 11654 11541 17413 1319 17791 9473 6760 1546 9438 14244 16128 6936 15041
15930 3735 15178 12890 12298 15881 8773 16474 6960 5958 15828 19668 18209 7514 2801 12242 4939 4645 2510 25 5444 5550 1134 17393 9930 18411
12977 14029 16124 6795 1029 6700 11468 1736 8529 10997 5331 12515 358 19367 4627 12945 3160 3850 18692 16029 19242 4949 2084 4546 8262 15572
15834 2237 13675 6825 4447 18796 16675 19412 12616 13980 13908 12806 1222 6303 8962 17894 1106 11260 15006 7862 13317 10271 11563 19265 5577 13700
17329 12582 9411 6343 18347 15825 5554 5282 9254 9993 12678 6743 13513 42 13577 8408 13310 13993 8052 16430 1432 18946 9307 1324 17821 17910
7998 12536 4025 13171 1321 18197 1817 8746 8430 17395 13698 13921 6891 10751 6428 16480 17673 399 16765 9133 10989 2487 4173 19368 13453 15454
12909 9060 19602 12878 2939 17116 5855 16387 17813 14408 7160 7435 17102 12385 14795 11243 2985 14582 14152 4106 4875 9326 16833 15125 1367 15632
13353 13278 1236 7981 14615 4005 8195 8080 13611 18273 414 9364 3809 1347 13003 18338 10117 9499 1111 2144 17890 9955 16058 13969 10860 6083
4491 16573 15060 368 19809 1419 11558 18232 2706 16599 11435 8425 5556 6312 4757 4908 13088 9019 17098 19018 8021 12960 17438 9432 91 506
17116 7150 11918 16174 5467 12980 16681 3552 4861 16370 18126 16185 10412 13336 19393 2228 16993 2724 17631 16025 10679 12221 274 15636 18922 1423
1221 10073 7174 16203 523 13963 18159 12076 14327 6444 14085 12196 8556 16237 17953 14880 515 10446 10006 14512 6630 16881 18062 7345 7137 13194
14227 478 3497 17167 6758 842 7774 8746 8752 7039 11644 17705 19494 1526 18108 8339 2868 15375 8884 8974 18645 406 1647 9581 15202 1246
8779 8007 15692 16852 5419 18691 4710 12818 2586 10671 12784 16185 2406 11604 819 10587 18805 17079 18615 4848 1146 2134 10642 18346 7380 11500
19504 2341 10130 16190 14326 16330 4305 8787 7191 576 14364 1647 10434 15127 463 1949 3074 9856 15999 3818 15819 9362 5982 5176 6327 13644
18905 18792 4697 3440 16546 11049 19641 16540 10085 5261 18876 7573 17702 3822 7698 2962 7772 19168 13539 1908 14820 7480 9436 2518 1193 9143
17014 16668 1765 2006 18229 11494 18195 2499 11591 11882 8660 1232 8869 14040 12421 14486 5159 14260 7268 12745 10227 11322 10709 4171 4499 16023
9224 3161 4943 10764 10617 7228 17471 9123 3986 573 13875 11904 8257 13184 11205 12206 6703 3312 19905 12184 12534 944 1951 5231 18874 9920
4991 9177 4543 19170 13209 2090 2597 2584 7049 4814 3316 3811 11575 4100 18093 19760 13123 14546 4410 5375 9287 14709 5550 7082 4602 1392
2323 1240 17873 7352 14644 4352 9681 13200 7905 1329 18027 10620 6632 13318 6029 4406 6918 12544 78 8488 10152 16957 11897 11554 4170 18610
1241 4150 6353 19236 14414 11867 16365 4977 6294 514 7616 12360 12035 13721 4829 11434 1865 6175 5409 3417 3781 17169 18723 14739 8071 1979
15378 17272 5316 1150 5039 18478 14435 15693 12012 10511 7845 3979 4845 5852 11308 4751 1248 19858 7974 3976 15155 19379 1048 8528 4330 15972
4923 15221 18426 1082 1764 3216 18872 13264 2794 18334 12534 222 10424 12311 12886 19918 18951 1021 14104 18598 6417 17677 1065 11430 6723 17881
16716 11987 11317 19833 4801 3253 13628 10284 1696 5633 19872 11292 3910 1648 8675 10808 299 6774 10773 12827 6323 19619 16587 13406 17177 11496
13270 5087 2773 13625 16030 13850 8858 18397 11190 15421 8221 2336 2591 13814 16219 13727 4989 3655 10650 15548 14239 329 5968 4399 18439 4702
13461 19390 18373 113 5384 2373 17361 13469 9134 7867 15815 9458 12037 7540 17155 11623 10375 8054 10110 6641 3381 8976 16995 3376 19063 19755
1395 10656 5758 1231 10173 6211 4717 7428 6988 8508 9364 14893 11033 5765 5983 12400 16924 1914 1559 8043 17755 9234 13593 9518 1764 3218
7690 19578 7217 18923 14666 16616 9834 11176 1718 794 17871 344 9548 10279 14158 6258 16617 13330 18222 6215 13776 9990 17126 12792 19930 5619
9283 9906 16600 9012 5494 8072 401 8551 8827 10472 8352 18335 4994 18706 3896 8 1812 923 5652 3514 13265 12202 11309 15143 16507 17194
17339 10492 1676 19661 7358 12007 804 7072 12092 11237 8889 10588 11397 5910 15165 3617 19627 4237 4246 16871 5386 3832 10014 12293 10646 18505
10299 3753 8839 16222 15863 11047 14788 936 9864 17477 13704 3440 9806 8759 16184 10415 458 14475 8514 7443 2423 12839 17368 18291 8467 12019
14455 7238 13901 10715 3635 16071 5439 12319 1255 5119 18378 5785 5849 3610 4728 13945 2258 14714 10755 3084 16407 5975 8806 19524 5485 17190
180 10540 11947 7309 15265 456 14596 12981 4927 14741 3342 18423 8837 14931 17463 17187 3530 9396 17426 994 5471 7923 10296 4870 1466 15819
14133 15569 10147 19870 5668 6182 16392 15431 11452 14854 15668 3048 8997 11037 3464 206 857 10928 13399 4670 6258 6723 6824 6470 15986 1866
8281 4849 12997 10055 7999 5361 17313 15855 11830 12045 18244 11962 9331 9201 1609 4589 710 7008 4770 7130 7659 8721 13621 15250 4587 9177
2936 14871 14334 11010 12688 7109 13027 16323 5195 794 6637 16243 8442 4405 8167 206 7012 8710 2532 19868 3306 10960 170 11863 16833 18993
18732 2475 13022 9370 13514 15815 19268 626 2397 338 889 8473 9192 8912 5996 7188 10050 14415 17395 6733 18055 11532 13546 4389 1815 16398
3758 362 16207 16353 5784 13177 1735 10041 11905 1356 8236 6371 13545 1060 10132 9764 12796 10063 7785 13752 8564 18710 16907 15245 3073 2413
19207 17897 9694 8245 7301 17275 5027 11045 1540 16491 3237 18595 17845 14222 13560 11568 13586 6088 4230 2639 1276 7217 11641 8000 8824 4399
19942 6870 18147 10817 11623 15294 5122 5249 18999 19970 19499 3247 13119 12948 9901 4822 10586 12163 6528 17999 18188 5803 11070 13161 18686 9335
17175 14644 8025 3653 14901 13483 5570 212 5080 13482 14194 11576 14057 17811 5894 14221 8045 10034 18550 5645 8973 15232 6825 17101 5704 18354
5009 8438 2661 18365 4189 11940 6446 601 14917 1848 15909 2015 1183 9222 9136 9503 17086 16356 13100 13641 4499 15510 1320 8787 16124 4375
5970 7996 6878 13446 1972 15200 13560 18931 13030 5469 19402 2291 15259 14456 2975 4523 4147 14473 6016 7354 2340 19492 867 10389 18850 5729
9838 10385 12794 19733 19420 6489 1391 12225 5088 19325 7683 19467 7920 11793 11963 3878 10151 4902 1603 17223 9721 5877 13321 6650 15296 14089
1276 19397 7105 8134 9824 11065 4385 16717 452 14111 19344 10056 17191 2866 12493 13633 13906 15444 8629 1123 1180 6102 19833 12327 7769 4852
5670 2579 14409 3118 19150 11783 7866 9711 5655 11588 8742 776 3524 4377 10256 15809 5480 4471 2989 11959 16560 5532 14286 18492 7205 2541
2745 8159 3854 16916 17485 8304 10299 18655 10131 383 8260 3871 18169 10475 4289 11189 9749 10633 19727 1437 14399 3557 17483 9023 16121 14230
3544 7255 10486 5480 6661 6449 13230 341 5363 6446 8127 7785 4963 12630 15424 10172 10301 10336 2904 17191 13211 9243 2767 8608 5129 921
15119 4532 11293 4550 16154 17251 18637 19126 5088 12470 632 784 3758 6568 15905 444 13705 9621 1723 753 145 18583 7831 1139 11201 19793
11916 17928 9415 6386 15703 12821 6793 15181 2623 19887 6942 15697 4096 4376 3557 14193 19514 473 318 1219 18731 775 10507 5801 14668 14868
8240 5536 13380 12359 8974 16579 11938 17861 17785 15559 15787 13542 11274 13194 19415 14221 1368 5440 5926 5162 9043 5635 2935 17793 5852 1408
5475 553 18690 14189 3061 4738 8433 18951 19313 19721 3848 14979 7352 15272 6239 8221 1810 10592 10810 15082 18814 5123 18603 16739 8465 8303
8843 5351 17831 14868 18063 3372 11656 3490 768 9946 7784 18165 9138 6894 4363 8488 2317 12127 18613 11490 16395 6128 5269 13008 5603 6541
18819 15559 19411 3493 10902 7972 18484 16218 13938 5881 19508 16211 12687 11395 9421 1936 5639 9724 7123 13917 2924 625 16540 6621 3182 5390
2213 8336 1795 7579 18058 17847 10322 7626 501 16072 14146 3585 6901 12115 17565 8891 13103 8763 11381 5108 11254 11418 8457 1926 5728 13514
11531 12508 3788 9946 7687 6566 6409 3270 16940 16258 390 7277 17708 3936 16890 13355 8524 19177 327 6637 11076 6361 7341 18248 15524 19637
8478 17855 2617 10994 355 1508 7398 12069 17971 4393 17949 8037 12706 3688 11811 19124 5908 8356 8444 14414 18859 19009 5247 215 926 1958
2666 5059 851 2529 1685 5761 13452 17695 14495 19924 9948 14198 3769 14418 6977 3713 8063 8654 11439 14608 15103 16354 2536 6134 10343 8041
15097 1275 10355 4637 545 11513 18048 1529 7982 7480 17476 2892 15217 6065 6871 16551 17904 17697 111 4968 5623 7018 14292 14259 306 6373
5216 4715 17726 14233 19006 2834 12281 11454 3090 4893 19477 80 2448 14763 10200 10570 5154 6862 17117 2303 3197 15305 4031 4038 13193 5281
18117 6976 7148 2726 13859 14517 15394 986 11196 4633 1703 16628 9326 18566 5831 7829 1982 1862 7064 16992 2317 7750 100 16253 1356 11962
821 19610 3336 8078 18737 142 12841 11114 16474 11757 13571 230 6043 1217 7911 10721 13389 19410 1426 5588 5313 13250 4174 3899 11147 221
13725 838 14803 3796 6892 3947 11288 19147 19357 16326 8883 13515 17923 15363 2644 1153 1091 3515 14023 5875 16324 6973 4340 11515 6502 9077
19123 8446 11062 1035 975 9252 5702 6017 6335 8140 3810 4086 3658 5227 15605 278 2579 9633 2990 19758 2180 12350 7235 9846 15339 19693
15180 9347 15215 10585 2972 11571 1860 8076 2573 2886 6515 6259 8803 1737 1137 12811 19076 6715 12065 15447 3622 4742 679 12610 11250 15229
4126 13381 8366 16903 8859 5746 1238 2709 17420 17109 10108 12900 10967 3260 17099 14212 17591 4334 4514 19490 5435 3366 12739 16585 6741 10693
1273 19564 3229 7281 15846 601 19509 14477 12094 8444 10001 17329 3656 14719 59 14992 1790 5592 429 13402 12624 13796 7042 2058 10352 9140
9622 5759 11002 159 7294 4719 2078 13737 914 12446 3307 18047 414 11015 8772 10499 12201 9722 14909 6939 16851 9244 11237 13328 13799 2048
10709 17377 7259 7464 13087 13821 5965 9081 15209 3692 3363 1553 4017 13845 8738 9299 12105 9978 10183 11749 19362 16699 7469 11619 923 5763
19583 12407 596 5188 10676 15685 6527 2803 17504 9274 18062 14821 12209 8353 1233 14725 270 18380 1027 14610 9172 16962 16036 13659 19656 8938
922 14958 17215 826 8417 4603 5291 9580 6642 498 8435 17514 12620 6559 3479 18357 17083 12323 7225 18009 13695 6529 15751 14732 14705 10250
574 6800 18873 10265 8243 8004 9503 9387 18744 6417 5167 4063 10850 12452 9698 10127 19728 15355 1620 11952 827 50 7484 4945 2612 18174
4774 18996 9446 9318 14958 17696 7580 825 10370 16098 15224 3894 821 1298 7657 12443 15712 12098 18618 18939 10782 10007 14611 14401 16567 13229
10664 1612 13078 14682 4753 16115 206 14300 4585 147 12955 19684 16115 10332 12690 11406 15904 8026 12526 2544 19268 4680 5897 4693 6208 6512
10642 6652 17149 5107 5032 12967 10202 5094 13235 3800 2830 6145 19111 2964 4735 7170 5779 13231 6191 10770 12572 14999 3287 6963 323 11648
18695 3379 3899 10682 3974 9863 11671 15493 2662 11122 7847 13476 13028 10552 9537 13940 17496 15850 3973 10634 18175 12447 6582 19236 10766 15340
13809 5742 13915 3700 1509 3636 6390 1243 19053 16300 2047 2683 14209 18786 16804 17126 9156 6329 11395 7956 8708 6186 19314 7183 8831 14556
11790 15420 7306 8420 8900 2170 2086 4727 17174 2958 14493 16104 10238 16360 7106 9653 18004 7244 11970 17259 11606 11825 9815 10308 6676 218
921 10811 3360 11081 7757 19124 9799 7223 15036 8498 7076 19734 17884 14972 10167 425 17552 8660 11062 12273 14204 3538 1177 16763 8511 19606
3854 8821 19602 18235 10276 16552 8253 8696 4994 14478 16807 17019 4346 1817 2675 12729 15967 14721 4681 19215 8297 17953 7480 7226 4672 5678
1944 5114 11298 1833 5905 11436 15534 6385 2052 7601 7020 1640 19314 4186 703 8861 1782 7294 1188 11800 14302 10828 5440 12163 1037 16663
6048 14698 3075 1656 18486 5895 25 4433 112 14074 3528 1796 5602 8364 19206 10546 5537 1956 2258 4447 14221 5244 3176 1706 19518 17593
10690 19706 7540 16820 11141 1566 14435 9953 11581 11790 15564 7864 7701 19811 3880 4918 2452 4674 17418 1044 9958 18542 15766 100 14998 8825
4933 18402 8077 3091 6410 13371 15392 3017 8469 17405 17358 17791 19493 8793 9053 14688 2307 12470 5282 5682 1975 19486 13539 19243 2708 18400
1846 17642 6910 5706 18588 3384 19514 12974 4059 16272 18242 12997 16239 19449 16171 4732 19469 4683 12415 9298 4977 1314 6295 9805 13814 1791
13557 16508 8888 12026 3057 6576 12993 6529 6271 17616 194 10200 15283 14744 13918 16716 3911 13086 14105 11209 9289 8743 13112 6407 14872 3882
10334 4196 13541 5821 6064 15874 6927 14581 1766 15431 7124 5913 15 2297 19912 4450 14109 19813 15229 12819 5410 11388 349 1767 10981 3528
2167 13485 15173 2397 2793 3182 14991 4478 17735 3602 14815 8623 12989 3790 17721 15630 16320 6883 12888 9573 13070 18166 11339 4525 10323 8260
11090 5554 14944 19389 16715 10460 575 13683 17303 3766 13985 5841 8071 16088 16062 18370 10222 12885 6513 5581 11014 16537 579 552 19119 725
9815 8818 14482 10114 18124 13145 3250 17933 7915 1869 13403 16453 18810 4764 19590 10962 19892 14308 6074 17236 7774 12825 19255 8680 9170 15973
10541 17781 5459 6561 2954 16448 18665 2753 7087 13886 2164 8472 188 15750 1671 19869 18287 1921 19559 10762 19344 15380 778 18014 17420 11940
11635 8971 8507 12556 4597 283 15029 2728 5379 4427 10065 19717 17495 14026 6409 2478 10225 15983 9001 11412 3504 15308 2699 1243 1265 2782
1618 5281 6299 6523 11951 16442 19452 4480 19742 5667 14549 4369 496 11657 12652 15680 3820 16992 9564 16824 4248 19220 1 337 1022 8626
15460 14174 13966 14019 10817 4706 279 7776 17419 2257 16421 19750 3806 7432 15494 11529 2137 2102 4867 4527 9726 14878 4216 15175 16229 8501
17269 2185 6734 6989 15955 12377 21 7946 17955 13352 8018 1118 8224 14018 11293 8876 13118 1602 7806 4346 11408 13264 17218 4998 3806 15181
5585 12440 3110 18089 302 12981 17862 6756 18350 6118 8113 16378 16734 18727 8708 6726 16135 6097 2854 13236 10816 3469 5085 16301 19975 11188
11927 5951 10277 13681 12815 3854 14147 3861 15163 16067 9101 5900 11576 18877 18545 19884 11837 11228 2912 12106 19927 5560 15243 14943 6460 16787
9766 14563 8568 16985 19567 10771 1758 18637 10340 7683 16645 9444 18348 17760 9785 14274 11942 2777 11103 13674 12463 3134 6638 4802 7491 14910
3293 10051 16001 4556 19239 19681 15900 945 3857 18179 19165 7755 18860 18685 11804 163 19266 3358 15484 17463 1171 1177 217 14697 5461 18543
12698 17343 17385 14573 3214 12428 9857 6132 13753 18046 9593 18992 11090 10309 19952 18974 12249 6530 4957 6510 5711 1933 14700 10090 9134 18958
5480 15088 10752 3341 5102 17784 4201 1655 11406 4906 4380 9373 12097 17536 2210 12963 2606 7631 4943 13389 18346 8422 6735 19444 16515 1748
7510 12039 19181 18012 4184 2625 6655 12372 14380 19247 3838 7417 14182 10632 364 8917 14757 2426 3548 12781 17244 14261 13956 17104 7556 14579
14214 15646 17866 10415 17137 15680 13771 19301 12372 10425 19448 4133 408 15670 17122 6590 5805 19608 4502 14774 16306 3981 3106 16374 5733 3596
306 223 7324 2537 7646 15436 3749 6237 822 5145 19805 871 9096 17287 12048 2077 4719 5192 8456 1378 8986 14687 3230 13476 9892 3456
13101 2144 9598 11928 16387 14358 1100 1229 3308 10681 16437 15866 5696 5696 10224 3511 3120 11951 15331 7591 1119 14226 6210 3345 4463 5185
16222 8674 3095 4297 14676 13065 1461 19830 18758 16630 7851 10066 1921 6924 6815 8903 2375 5904 1077 16565 15067 9526 2791 6354 5921 13582
11650 16968 2710 11350 8915 9923 13629 11328 1813 5558 16182 4689 3805 11015 16381 2007 18865 8364 4878 15211 1881 9655 10337 1374 14018 14938
4052 16301 6245 8197 10051 8038 15815 17323 13386 5555 9789 12065 6076 13928 1890 3674 7753 19060 8989 8530 8313 12062 14636 10263 3000 8862
10890 11225 4151 5992 17297 6934 6107 13319 2060 17529 13723 4277 16154 1917 17291 10480 14154 6098 7020 2241 10267 9123 1783 11981 4266 10585
16668 12054 5544 2511 5015 10145 19532 17752 16462 18471 8507 11666 17724 18023 632 1909 897 914 14953 12929 11811 10201 616 12553 15783 6925
2622 16096 15106 15834 18982 8666 12562 15340 13227 13997 582 9467 13334 6495 11853 14849 2634 8073 10594 8881 10346 15271 1385 14847 12593 18946
10974 10948 688 4230 18572 14376 15589 7718 5980 1873 3815 3752 14889 12069 16605 1350 5800 10125 6788 2220 7798 11584 6974 742 1116 8658
18643 10027 2281 6038 8832 12085 14501 8875 3488 6440 17352 10486 7861 189 12714 18818 4583 19319 19755 278 7079 284 9045 1699 10274 19215
13547 7088 7173 5508 11278 3285 3197 17692 9466 9334 6210 18826 10147 16221 10546 15091 11960 13210 6966 2508 9830 12359 11598 8697 12266 16981
9446 7388 8314 15024 777 17819 10406 19511 13949 2864 10812 9107 10986 2884 12748 1380 7706 2154 12859 2966 16291 11219 14837 4169 7338 9776
14232 354 4769 13768 17369 14856 2429 19073 10277 13135 13794 10161 9653 8617 4884 8108 14171 12712 3318 1668 9264 5985 8758 13908 18118 10458
8112 7033 17314 12266 8219 121 18196 10921 4070 5377 2966 6294 11581 6846 2073 16812 15888 1382 4821 2323 18443 10120 13224 13579 2333 6157
17983 7928 2755 11779 13404 19239 10432 7305 15507 523 1559 10263 18771 16968 14246 10058 19385 15891 8702 6235 9003 19765 11925 4905 3067 3755
7836 2457 13610 18636 4374 6153 19863 14781 14108 15598 19166 15736 4751 16085 4321 12793 13245 12014 1928 2863 12084 10129 14297 19567 11950 14074
16305 17354 3305 6321 846 16020 6586 4985 7259 19596 3224 6203 11286 2546 18237 3357 12165 17725 253 16066 4795 7387 13494 9588 9244 9879
2450 19560 11783 5024 13428 2497 6618 3844 3342 3746 11113 7612 3360 17382 1694 8191 4909 19348 11918 18949 15136 15976 2469 19548 5882 8376
6956 15424 3159 4718 13429 1959 17919 4750 15407 11601 7394 1971 14855 16868 6989 15201 2346 6709 13899 18656 14898 9184 15161 453 8831 7453
11248 18815 9501 975 16350 3664 17912 7968 3920 15616 5820 16781 441 1179 5331 12871 3504 6 597 9526 2616 15347 5595 11804 4523 19307
1890 1248 5829 8219 15257 14142 4744 758 10219 9920 3201 11588 14999 6042 3319 11350 4544 8896 1301 14568 12995 6339 9885 10862 13855 7350
18225 11447 4994 19069 9605 10499 7794 7184 12985 9002 11617 10167 9818 2280 17682 17104 14019 9807 11686 11699 14606 7307 11409 16438 3188 19536
16976 11296 2062 10873 17540 18817 7841 8592 14801 16143 19680 2625 4273 13472 12554 1886 6524 7045 16032 2207 5148 11810 10335 7260 4883 5724
5410 9800 291 3203 800 1328 8218 9778 6064 15289 18253 7018 16517 8837 14114 4089 10392 2351 1393 11822 1325 2408 9832 5272 17368 5997
1846 1775 13964 12061 16802 12708 5193 995 19897 10142 3824 1329 6619 4768 3659 19904 3671 15885 8994 836 10154 2484 19846 19280 139 16562
11585 7706 19385 18876 11246 6166 10884 5876 5123 19905 15492 5022 11543 17804 14092 14897 1133 1246 15169 1360 7201 6580 17937 1800 11977 10629
5444 11481 11920 11669 5548 3786 15220 3914 5028 17444 12851 15923 19286 7120 17573 11909 4254 11915 3290 4600 17592 1417 19852 5941 12536 13554
18201 18668 14655 11461 1209 14626 10058 9936 7566 11311 786 14100 12569 2478 13617 10507 13578 19288 8672 16039 4380 14145 14169 10585 16298 10381
15340 11014 15285 7883 17420 9236 7566 13081 790 19617 17742 14841 1453 10325 15738 3347 15345 18564 15930 13421 1838 16487 713 16894 15410 4367
16144 11346 8308 9030 9725 18810 5991 2400 9196 4937 2254 14007 11674 13529 396 11582 16028 3517 15533 13586 6891 932 16597 15107 19734 640
558 14854 7812 7864 2142 9356 10035 9951 11115 16384 5026 19371 13544 18452 4164 2440 11736 2198 6209 10583 16005 3216 12544 4242 4412 15050
16413 15895 18676 17388 191 196 4712 5370 15239 16232 16687 12733 19085 16155 9333 13295 15836 11455 14749 551 7065 3311 10208 18223 2452 6486
15748 7798 9650 19429 13629 12435 12014 12010 10610 15812 2831 8612 4273 5717 2528 10377 18399 11117 13376 16769 101 9781 19312 3004 9335 1923
1347 1059 2844 4997 2137 8429 16757 17756 6954 594 4803 7134 7849 6199 4361 6177 10362 19101 15419 16890 7958 6938 6520 18125 10308 1134
17820 4659 4856 17213 8157 18414 5750 10456 5182 16702 10667 14101 2154 15998 11592 2268 606 18326 18041 10870 9721 9662 9090 3842 14821 4887
16106 11411 4544 4214 17848 6827 83 12998 13621 9582 8082 2719 16200 14133 10427 4249 3039 8114 11011 4353 15051 10580 12519 18843 17041 500
16068 11819 3703 10655 12416 4414 15955 7873 19699 14546 10614 5144 18783 11966 3801 11931 9263 2957 18701 4645 15580 4189 11882 9419 19759 6585
15779 2044 16473 11123 15199 1265 9763 19368 6831 6965 15535 15568 8251 15228 9845 4962 5563 12466 17136 10967 14494 6930 8859 9901 8453 13313
15806 4220 12364 9904 16731 3860 1735 4768 3778 7537 11716 15882 17643 7874 12137 236 19992 7975 11889 13553 6044 10124 5934 15790 589 226
19863 13360 1682 12994 6202 16998 12664 86 837 12804 2044 9537 4754 9959 1445 6927 1268 11408 15498 3976 9066 14047 16589 16447 12205 18244
520 7025 9099 19799 10676 13448 8691 6175 15455 9801 888 2688 5311 18609 18255 5975 18043 10256 17710 16304 17468 15350 2738 14654 13859 13489
12984 8773 14630 1293 730 12607 8835 7276 18759 12647 14574 7825 3546 2054 7944 17004 6034 1509 17163 12358 2494 18452 10895 16080 3965 8936
13875 19015 14805 10456 9055 2672 2935 9366 12417 2167 9121 5474 618 2448 8766 9087 2816 18979 14477 17649 13908 14785 18123 9430 7033 8808
18065 10538 3868 6849 8255 3684 11683 10662 16811 16989 18398 8233 2760 4381 14489 13861 10975 16880 17893 2526 18398 109 15890 6007 17007 2108
4211 8036 16531 10372 14310 1567 4755 285 5909 5677 12365 5270 18181 10519 7570 14018 200 6614 19211 14700 11471 11649 14032 11896 7967 8973
3682 1509 10403 6637 2780 11686 19893 18123 19094 10615 16462 9133 980 17756 10561 138 12993 6513 16460 14637 7846 8329 9696 773 18812 9144
14791 15683 11340 5093 4080 5968 17132 8929 12694 2770 12266 6301 7929 10580 11566 931 16049 19916 14976 2282 17782 9775 14980 18416 12877 9166
5877 6020 13556 8638 3381 7768 17454 14941 3518 7215 19611 3887 3548 139 7762 7681 11430 8195 16831 19906 18768 16298 6230 11811 17293 9539
9162 6334 7066 8410 15431 16893 4759 6784 18814 4024 18410 969 18216 11377 5014 8254 11862 12689 18283 18005 3190 1654 2273 14235 460 12871
14713 819 5466 4427 18243 11594 2297 7588 10648 7862 15801 14527 1327 11709 12544 5731 2638 11643 15336 16199 8072 14179 8123 10907 17460 3996
16996 6010 13861 18999 19836 18715 6267 12361 9075 11482 10518 19766 2381 18558 12293 7436 69 19170 3644 13572 19235 15350 4762 17189 6907 15011
15624 11047 11828 19131 12610 10615 14333 14868 9101 15947 8431 18610 3444 8991 337 18666 8345 4038 15411 16954 11443 17816 426 13762 11962 2133
12845 16570 16493 16715 6847 3092 17762 17320 14983 2320 11988 13464 18348 17567 7709 16703 7359 15860 824 10173 14842 17023 18362 8641 1767 6462
1804 11980 11160 6650 6000 11360 9927 18684 1563 13138 8547 14046 11417 346 13989 10973 15294 4438 19867 1804 18913 8687 1339 1250 5412 11796
10977 4135 10804 17825 6843 15756 2595 18306 2138 7938 17154 7796 13959 3040 13812 15323 11614 15528 12107 2019 9681 10484 12865 10746 17165 10717
1455 7791 8874 19866 4442 18458 4952 10513 3723 8946 7333 7115 1916 11544 17232 9561 2614 10078 14242 11467 18014 19692 7240 18399 4414 1850
8613 10043 18556 489 77 9898 15474 7948 17709 13829 4785 12489 14021 8789 11095 10050 19802 2293 15185 7168 18318 13483 10648 992 19505 13004
504 12056 11504 1987 17815 15496 10774 12897 2403 15222 2859 12966 12258 4924 11393 14922 19946 18873 6286 8054 2688 16310 8791 6429 19873 11163
12205 8261 16197 12781 5436 5379 13672 15715 5699 315 9282 11370 1937 7051 5747 6396 1018 9082 9622 15226 15479 10027 4972 16477 4475 789
9671 1178 1403 1446 13240 4494 15109 14064 17623 19726 6558 12618 6560 2722 16739 12677 10760 6528 3887 13958 6008 5386 4683 6028 19146 14194
10804 906 14001 18409 424 9524 8681 10043 3732 1449 6882 8325 19227 5738 18708 6369 15563 2983 8178 15050 3002 5293 2160 8847 17739 14060
376 16745 11430 19958 9277 2281 321 19366 19831 19771 8682 1411 6743 7485 239 8328 5133 574 14866 13932 19855 10052 9697 10411 12037 17367
17044 13039 19837 3337 8104 3780 321 7067 14028 19530 1800 9107 8537 12642 1415 9288 17069 4075 8295 17255 2517 9125 8708 18947 7087 12573
7906 12754 3428 10875 18245 14071 17122 14471 8966 7128 669 4426 10672 7913 983 10353 17901 10986 6468 17925 10172 18876 7715 18323 17648 18160
16246 6950 3037 4321 19207 12113 13652 1199 11423 9814 17270 5520 8637 3574 11264 7051 11253 15549 6146 19170 9982 6320 118 16330 15789 19027
14113 11767 2969 18037 9705 1739 8628 18456 10325 1650 936 1573 16586 467 700 603 16938 19434 10737 17378 12212 17350 1873 12553 13333 14280
15944 10185 6179 14583 3977 5227 673 6807 3744 3175 6906 5539 5831 8311 10773 12749 7131 9019 1726 13245 16510 8346 13887 12897 16859 9222
15892 16739 11671 14452 7365 14517 6062 11309 13781 12815 12292 13544 19513 5132 17473 4898 17610 1530 2929 15765 13292 3962 2194 5359 1318 15022
4604 14165 14572 10108 1012 17484 10358 18864 14815 5502 18411 12733 13391 374 14228 19183 17744 12240 16499 8814 9704 10915 10475 17589 12916 13749
1499 8411 8372 17813 2575 14943 13622 4383 7849 5160 19304 6586 7990 13343 14097 5782 11998 16559 8549 4099 5159 11167 16152 1450 8839 14282
14673 3344 13863 7749 17422 8307 8982 9509 4316 19378 14080 18412 18885 17881 17113 6171 6192 16387 13037 5548 5739 4495 18616 14414 12494 15063
3860 13976 3090 8382 9686 15791 18029 1476 9854 17579 546 8740 6153 6747 7120 6199 7912 17050 14423 364 19300 13796 10682 732 19936 4135
3035 8777 19570 11017 3499 1857 19816 8177 14742 6598 11359 8170 3212 19561 9602 14258 8195 4987 1147 14767 2374 3524 1609 17574 5136 11685
16613 12748 17286 4610 13281 7788 13200 15287 19008 2217 5562 5468 18378 1273 9303 13338 1201 8574 571 11315 4342 3098 10627 5084 16165 6607
5615 15686 13647 817 219 14364 16507 5039 9768 14339 10212 7504 15943 16759 9710 7812 6592 17455 8427 14961 13142 9354 177 2455 2412 726
3116 4597 10280 8514 1043 10783 13181 12419 1874 7971 1263 1733 10350 14830 18342 19534 1649 594 12794 11248 8414 6998 18944 9358 8464 247
19251 3396 10616 6908 19379 15836 18458 11997 583 6167 556 11676 8041 13850 16184 10327 2559 4856 18843 13619 5583 10165 16693 4131 4598 6194
18335 2151 18283 17150 5268 10487 13436 7291 16102 9922 19570 8560 14257 6142 10796 5070 3647 6807 9407 4909 9515 19575 12844 3019 17595 3204
18676 18847 14097 13621 9822 1344 17080 15973 5421 5902 14738 8632 6231 508 16207 8188 2579 11652 6988 6802 17535 2708 3806 9263 15898 12207
9383 12735 6446 15795 3965 17709 2395 16356 15960 19288 19445 6069 5744 8418 14812 15706 9712 5438 3396 17422 15150 5638 19794 14112 4396 6919
16240 7205 5968 13581 19934 13338 11423 15038 3697 18194 15779 8025 18754 18549 16016 5137 4640 10172 10721 13066 8421 6591 7937 16099 8612 4969
17293 14911 18495 11560 16097 10940 15931 10833 18533 12811 1096 5774 13680 9832 1213 10750 12481 12588 10719 17982 3889 11761 7803 19048 4852 10586
7283 15447 894 1627 10801 14791 7242 9188 7100 2228 7059 16825 2050 3389 8548 1419 2352 11441 10987 6442 9009 7944 10616 9033 6832 11022
14184 15167 14518 14832 8892 2793 18221 18500 19305 8668 14421 735 15544 17838 4600 11382 4302 17919 7709 5356 12306 15227 13518 4331 15231 12587
1188 7797 11861 18481 11816 3507 1035 7723 14631 1460 15495 6970 4393 2463 11206 12265 15128 13541 4324 2236 19551 7487 934 4488 880 11242
2902 4454 15992 15531 7883 5375 17812 12400 1560 10524 8374 7617 13688 16732 18377 5995 3585 4207 10537 7214 1217 8777 11268 5424 13669 18258
12422 9913 17086 1960 1306 14476 7612 14335 6751 9997 6427 4213 2127 15472 13199 1907 11032 12477 8253 19409 8074 8158 4707 6290 14565 1255
15938 2047 18030 13057 8894 7304 13967 9828 12891 6791 12183 8956 13918 11607 5801 9028 16608 18852 10836 17273 7566 14875 8601 9571 119 99
18737 11175 10681 7185 2467 1658 3604 6835 9440 9476 10197 1372 11326 171 2406 7941 15109 15307 6652 9008 11475 17410 12774 13617 8272 19419
7908 14388 249 5054 4146 3178 3473 14594 12501 8208 19671 3928 5231 6055 10527 12538 18551 16000 11807 6337 9426 16710 8176 14806 13849 8257
4216 17110 7800 957 6765 1942 15455 829 3195 8042 9608 15612 19495 18028 16757 16111 16639 4072 6124 2529 5913 1312 15801 9237 18870 5012
19703 14510 8712 2061 16917 4693 7708 7685 11284 9078 8731 15995 9606 8088 17344 9981 9890 16088 899 9092 3014 649 2816 13495 17964 16060
4135 4794 6322 15963 12645 4356 14395 1074 1022 15026 17720 6379 3019 16945 1238 12482 5468 4176 12683 19275 4604 4980 14873 17222 7720 1895
3542 19916 177 5615 15125 2912 2854 51 17550 10995 13417 11873 10441 6664 11422 13673 2378 8538 1862 1279 6255 17199 3701 2861 15520 8150
14785 8733 2419 4617 13494 13862 15437 19656 10310 5240 3574 3765 15206 8054 6587 17480 11884 124 18787 9991 2385 18164 7199 4755 9676 11517
16619 11208 13677 13044 4720 18888 19135 7724 8114 7560 5476 3280 3256 12580 10030 388 4261 18789 12735 13604 12313 10439 14661 15857 9442 2827
15007 8127 3070 13180 19593 3789 14253 10241 14639 6350 12179 4061 7487 6053 10368 6055 16967 12335 15726 6826 19597 5037 3060 13433 5361 19699
16214 18234 4583 9323 1861 11271 15316 11613 2928 15537 15158 17687 17385 1478 12446 1544 4534 3394 11393 17259 13376 11366 14005 17525 13041 17241
15116 5824 5386 13279 5149 17253 2780 16812 2238 16411 6310 9799 226 17462 6678 14517 12942 526 866 12231 18494 19602 12829 9912 8767 486
6286 5372 19079 12530 10360 2958 5273 14077 11316 9433 7396 7816 6299 18561 14621 817 14686 19351 17310 13009 17629 16499 15871 9407 13118 9851
6675 5849 13534 8372 2258 6593 15874 7586 3334 9941 2250 14558 19211 17717 12455 2167 3146 11756 2200 18932 5201 9624 3289 4294 19638 4710
5234 4541 16457 5776 2192 3435 13041 720 4564 2060 197 1835 18173 8456 19978 16887 4467 15947 12071 4618 16816 19575 14101 2503 7465 3977
10772 19469 17031 6721 9580 13643 9162 14093 19919 4069 19759 11629 8525 16000 18881 17338 15790 5974 6903 17195 9228 19745 9088 10571 2083 5595
4572 18473 3169 14834 2834 11548 5522 16012 8970 11425 11970 232 8841 13612 5650 17882 4518 5890 4480 16957 13154 11851 8177 14602 10229 1927
2464 227 9016 7513 10428 15987 6183 5661 9452 6519 10745 14049 4630 17689 14756 2658 1894 11551 4703 1041 18160 3020 3217 5701 14940 14836
2575 10975 7720 12295 12650 5301 12945 16217 10573 11383 6313 9786 13832 2969 17154 17861 9490 14369 1604 10972 14150 712 6330 15350 16399 19874
17552 125 18755 16861 8084 805 19018 590 14581 13404 1804 16941 18044 6360 307 5834 13083 7771 11723 9617 1311 8295 18100 9055 16077 4429
3101 7240 16110 3149 2959 2865 15660 17216 4360 5103 6783 12692 19033 13800 16982 2050 10640 11637 3853 18707 14509 11346 109 2933 1667 6442
18133 16765 7922 8036 1870 12038 15297 18658 3847 3416 1679 7994 1281 1789 10413 15079 5145 4282 8920 10697 3320 16650 18520 11442 8809 17868
18062 16590 3353 15757 2665 14227 15536 17346 5509 2067 4613 12943 13756 14085 10758 4331 16866 2273 8535 6055 6743 15737 19922 12672 1677 18817
16726 10258 11799 5833 3479 19119 12128 16429 13584 10495 11434 15395 12950 15241 3101 9523 11909 16968 15048 8591 8370 2743 8338 8080 3887 8542
8015 18766 11993 1338 6924 12784 9046 17746 14071 14375 11909 15197 11827 10483 18734 15547 13550 8524 19144 8548 3501 14397 10374 16571 8766 17733
16817 3709 18668 598 12055 16669 351 9894 14820 1660 1961 15870 16133 11659 5317 2569 2415 15318 14599 18678 3989 17268 19906 10159 16933 17829
19042 10431 10701 19594 11892 7467 1084 13585 3387 16472 5163 11216 18148 3365 3313 12601 3859 4578 6307 15974 1196 12032 7942 9964 19591 3457
16701 13259 18815 8800 12180 11032 6517 9092 14600 3725 18349 599 8818 6487 2192 12794 14658 15758 17971 8383 11180 1461 170 19311 208 1426
18093 15408 4776 12015 18984 9990 1545 7131 19567 12253 2951 2378 2455 12944 17542 1303 5801 9960 5470 5811 2395 12988 6880 7963 3598 4701
3 15815 563 4352 4227 8356 4106 19616 813 1294 3773 18964 5033 6990 5082 3282 9363 9108 18083 12462 9953 4129 1656 12366 6037 13809
2256 8232 16098 8329 10 15113 3914 12521 4005 4589 9520 12850 7325 6823 8913 10339 17571 10913 8831 965 13434 12993 11731 13062 16050 7750
4698 3124 15549 5056 8824 18436 3903 7182 4804 5933 18984 6300 9656 17083 13425 5053 9044 3908 4717 8426 6528 4353 7081 17583 1004 14774
12452 11402 1571 9702 7340 2732 10731 10466 3211 12594 4711 5402 15079 17066 14556 1327 11201 1437 4778 17749 17469 3571 10781 1008 13589 19978
5692 18216 1660 14366 11521 18954 12887 16732 3260 9630 9160 18561 18880 14382 10119 5824 12055 656 13266 3011 10230 9896 2430 464 12594 6678
6306 12263 11587 8800 1419 4848 18656 19700 1023 8433 10709 18569 19251 16176 10482 9932 3612 4027 18843 14634 12043 9953 18391 352 9116 12244
8566 3434 18315 12090 1607 7690 8077 9862 18677 5529 8773 15073 8238 17305 983 15627 17105 17700 18181 12441 15834 14834 79 13689 13728 15476
19911 7043 2092 17395 4373 11734 17248 6535 17845 8294 17676 12160 10808 18859 2090 4026 11809 2390 4426 18284 7053 2972 19039 11412 16364 15339
6255 14927 11016 323 1067 17578 8509 1680 5471 9566 12781 14426 11216 15815 1356 11643 5261 15138 15217 14967 8076 15017 15947 12441 12726 10673
9325 4075 13236 19674 12429 2453 89 19531 5685 14007 15212 6079 10882 3358 7927 17451 11262 13756 14021 12417 2957 3521 8584 1515 10547 13018
16016 2397 15654 8436 19972 12888 13766 12291 15128 2295 18333 13342 14753 3270 6024 4367 6782 18698 10895 18674 15590 275 15999 2607 14828 7537
2857 2570 11399 7169 1927 15378 2890 5692 1834 8886 5917 4249 19295 1427 5889 14405 17551 17313 15635 12933 18209 17311 5317 19358 3077 18566
1695 17570 12004 3733 15113 3232 17349 14316 12612 9647 10656 3679 14765 3856 7394 12986 3427 5645 18427 13573 10240 16220 6777 17352 13021 7313
12894 17234 7299 3673 3925 15030 14308 7901 9837 15335 3652 1100 18037 1076 9444 12084 986 892 13862 12421 11708 4068 6749 9273 14929 17462
13416 17868 12125 6075 3494 10755 19382 7542 5327 2552 9134 13683 9355 8658 18494 15369 15186 10158 18462 14066 15418 17430 1109 14276 1932 19684
3627 9041 9016 15635 4233 14168 1894 16710 3875 1955 7432 10637 2811 907 9473 16532 6775 14114 13144 11079 11548 11665 3121 2354 2989 8016
13961 7122 10458 3272 1164 30 19786 19138 15414 14331 15424 13167 6878 12424 11164 1823 8221 4510 5517 8359 14029 2074 6675 13205 1562 12480
12902 11500 14225 441 18010 15601 123 2206 14127 3052 1649 851 14618 14032 1733 14618 7261 78 2561 14227 6474 3812 14939 8095 9137 17347
8971 14907 14290 3330 14522 11050 11611 12710 17693 11840 1158 7336 15069 18860 11608 16620 3542 16594 12115 2093 17436 5942 19391 9421 14956 19766
6184 13920 12482 5528 7436 17866 14983 3654 3403 613 4888 2858 8174 8072 16270 4336 11988 7317 19865 1613 6955 8369 10277 10652 16181 8446
14890 18371 19605 1794 14570 8422 5370 15679 3760 9564 19582 6816 15409 18607 2435 615 467 56 7216 17486 9687 3766 15028 11176 564 1499
19349 18132 18208 11726 16697 10797 10853 17465 12075 2283 8590 4449 11289 10158 9510 11794 2205 12367 7191 15732 5247 4149 14796 1567 6945 6870
12353 10508 2668 17489 13879 18573 15263 18052 11648 5325 19173 15679 4193 11289 14858 9154 15715 2549 10819 15562 8245 14021 14845 15489 9999 19726
2427 3069 13619 17293 16698 19541 7466 17100 6334 11891 2622 14158 7012 4852 17132 11059 9844 15163 14013 15235 13482 17211 10709 13608 12472 12868
369 5635 121 15193 8331 4346 16633 12708 6581 8678 16407 2489 5669 9455 8007 9875 11255 15161 14676 17816 6028 18389 5411 10924 16257 13069
17691 13301 4185 3302 4853 7267 13204 14240 12528 4224 4946 750 17407 14949 12026 3648 4625 11179 16651 16643 14474 7582 18456 7118 11904 3257
4702 1168 11314 7485 13836 15446 9783 6684 7218 8786 12391 4446 16105 9451 662 8799 12089 94 19737 10786 11049 2892 18509 3777 7384 18747
8680 10118 14974 16364 17798 19315 16049 15345 18669 19263 14415 1647 8345 14646 429 510 17313 19756 19140 11482 15819 18000 1739 18210 15180 8772
15693 1411 10618 7290 13527 6118 5617 2129 12207 612 16184 15314 10645 2785 8582 15085 14651 4166 19699 14730 18788 4702 13940 16793 12098 18709
2058 4441 11982 4806 8515 13381 11950 17391 12321 19016 8492 1172 9199 14042 19132 12493 19585 14893 5878 5376 65 5420 419 13646 1118 357
2527 18403 2570 11783 10462 3043 19236 13302 10490 5625 10878 4116 3716 19326 6500 18017 18088 3297 1632 14934 6294 13678 17541 2079 6097 17281
15906 13784 17018 4344 15993 15739 7208 10983 17370 7162 7631 7588 336 6881 16428 11586 4843 16533 19529 14633 12427 15431 16925 4551 10301 15686
12954 8635 3452 3522 4635 421 9388 4771 3497 9835 3717 13253 5988 6508 18908 6555 6117 15797 4160 3524 3804 7340 3582 19045 17163 16777
19249 15409 5203 5245 13201 15796 18746 9368 10764 17672 3211 11208 14613 8256 12756 1912 6731 7180 11582 3955 14045 14154 7190 3274 6312 18375
3519 11241 3334 7061 574 18656 5988 16301 13891 16869 8880 18481 15313 7740 2629 18090 9951 4797 1724 15188 1596 12855 14781 14339 3736 10048
12466 7481 16940 13276 479 7455 11678 18077 1228 14193 11231 199 17147 1871 15123 11971 7221 7518 14278 6831 4972 8667 15196 6149 1027 13071
8172 19018 9615 3153 1649 8457 7962 7145 18781 11771 4200 15244 6977 9101 12299 16279 6608 10310 15328 18765 195 18103 13919 5899 10947 12269
12683 9741 12377 6953 14289 18205 10148 5723 3971 7060 13926 14331 17849 2083 6529 14290 15942 10945 8994 8323 13548 18361 8089 11439 356 18386
13804 19946 14115 11827 3578 5180 9701 17052 3481 1783 13130 8959 8174 12275 17603 9265 19468 16019 5368 18242 18037 15004 12345 7045 3672 19204
12215 17525 17084 4371 2980 3231 7085 15305 7610 19670 2425 18555 17379 4183 18576 17838 13527 440 12003 4542 8961 11805 10968 11847 2807 9819
10110 8054 6166 17183 16182 7337 5654 13448 12096 11967 18727 1338 10023 14863 19519 2131 17967 14920 15493 19299 11280 11804 17023 5201 10937 8812
19780 18764 2873 8124 6241 5041 7752 10538 14819 3305 776 7564 11523 18599 15092 17885 17373 10603 19897 8847 9276 5050 5618 2548 4926 6910
13774 18222 15358 15018 7256 6058 18885 15343 8665 8860 16827 14219 4644 4739 8086 12835 11101 8731 17383 4134 6983 8963 19049 9630 18404 2364
3507 733 15285 4960 11111 8424 11582 4763 14052 102 9307 17409 19222 17787 667 15161 13195 8247 200 18425 11308 1022 11319 2010 14494 11917
10814 19384 1644 15679 559 3463 3988 12075 17218 8466 12471 17880 18835 11761 12263 17749 4709 5798 16772 8932 7291 14657 2029 10160 14905 18458
8445 13477 19965 14026 19816 740 2399 14085 13643 3041 1880 3488 8156 5552 18400 17118 1995 19613 11651 3546 18319 17245 9029 5649 764 9766
12057 18537 11393 4495 11396 8409 12765 3694 9432 15238 13060 16422 17800 5978 10478 6412 7072 10174 7195 13162 19240 13360 6425 7926 19674 1275
17652 5010 18351 8683 15660 13039 13958 9715 9105 12588 16740 19575 17516 17730 9769 9793 6861 14473 19315 2801 3496 12471 1973 19253 18553 11509
9850 9088 6790 7931 9184 10659 4420 4249 3430 9971 8672 5562 12260 2996 18764 13042 17987 16729 2605 17796 6917 4126 7723 2639 11848 15367
2539 11418 14866 17753 2590 4747 8542 4361 8240 10947 11995 397 7582 6890 5302 10304 17512 5141 2668 8971 14564 10967 5333 6726 5197 18158
4157 13919 1276 17781 19939 254 19618 12746 12254 9331 7529 305 3704 1154 4246 14657 4526 15659 10858 17555 15397 9673 1878 15663 1450 12842
7543 6743 18068 16293 4535 11567 19469 12934 4603 17518 9513 12658 563 6424 7323 14966 344 891 14145 14920 11967 64 16550 5675 15116 122
10848 11176 2856 13049 13854 7005 6610 13892 9459 3405 17374 11707 5619 19376 12692 10065 19132 16855 713 17590 563 956 15338 10748 6976 19309
11121 19766 3343 5920 3650 5771 11489 15380 9585 11370 12135 14677 3022 10883 13956 17141 16386 3428 18259 5998 13763 12227 4745 8915 14699 8711
8547 15839 13416 1872 16585 19376 3320 8181 19943 6099 15297 11259 8390 9225 9620 15633 17051 4435 1859 9754 16271 6185 7426 19893 19747 11652
4040 1487 1973 16140 2426 19642 12195 14343 15485 19178 4112 6633 5768 15638 2563 6269 4656 18032 7927 13340 2678 5218 17322 15839 17222 18620
903 4341 17342 17076 16627 4420 214 10435 119 10088 10424 11435 13899 13904 8404 8147 5108 3807 1465 18501 10051 5285 3334 15102 8073 16764
7265 8163 1265 6280 6223 10337 16506 14177 11027 16228 15620 276 991 18161 16799 17233 3350 8563 2634 3102 5024 6579 12639 2082 7063 1892
19651 9057 18621 18787 9379 10304 7173 1165 1833 19553 6774 19317 5479 11157 15526 7381 12034 6453 2405 590 2289 18462 14994 17723 19677 13372
1421 11198 17006 13995 12570 6421 1765 8119 16822 9331 12540 662 9747 18792 3977 11079 7252 9170 18196 16941 3386 13576 6463 14976 2393 2491
13120 15613 7202 7511 3579 10457 3269 4273 11151 2179 1054 16295 4198 11066 4979 3645 8962 8161 19507 9959 8469 3649 14381 17681 12273 3007
10281 18553 10463 15745 1891 16457 15081 7292 12371 3176 6589 2646 4004 19600 17706 13853 3247 13206 19506 5714 1616 4818 18754 9183 2339 13840
12237 12696 14307 5403 1656 15073 16833 6486 2506 14106 4003 14482 11623 9361 8921 3352 14640 4478 9881 8250 8514 18595 7341 4977 6496 7171
9601 5706 8391 10825 9175 2776 8459 2607 4673 2088 16551 7265 16870 11358 245 15355 11376 5311 4558 10170 14723 2219 5577 18273 16734 7228
600 8735 3233 12676 16610 8416 7178 12561 19180 14476 3062 13972 9780 17272 16785 536 14174 6644 11957 13598 3759 11370 13284 6694 11403 8016
9766 7758 13146 3616 13302 1279 13224 6607 5997 1097 14407 11004 9088 9560 3939 10962 7724 6364 9135 17201 15978 5496 16795 10898 8354 17385
17694 12324 6393 5366 8145 5637 15837 2979 19983 13099 19457 9960 14318 10685 6581 15730 10203 3394 4005 15044 5196 1029 3160 2839 14799 8651
10345 4717 3254 16424 15337 11409 15083 11136 534 11122 15264 1754 9208 6700 14218 17692 8907 19825 19802 797 19434 11380 17869 8228 5478 15322
4649 16891 11232 4361 2899 5268 7971 6966 11447 19893 1775 1564 18986 10061 8255 7776 13988 3209 14954 19272 8034 172 5751 19293 5896 17869
3606 6159 10088 18123 16126 17018 9027 3016 8086 15130 12740 4295 732 5779 16438 1487 4504 2723 3318 10306 5232 14786 8918 4125 7410 162
2976 10680 5540 3349 15586 17312 11770 6679 11833 19011 12542 18137 10584 17921 9926 5438 10917 3371 7702 13699 6882 19716 14209 15108 3595 2607
4448 17242 9149 2533 16826 5780 4830 12628 18619 8383 13282 2449 18176 17062 15128 12785 18642 2756 7083 5388 18004 18190 16855 8250 6551 11214
19050 155 7083 15602 9492 10904 10035 9962 3063 11203 17298 7968 1296 4641 17014 13790 2510 2905 11875 8098 8016 14616 16864 17914 7045 4718
10600 14059 5911 4440 3509 16914 4291 18099 15836 2436 7630 10881 10643 12559 19853 19034 6319 6907 18036 4522 5448 14484 13078 898 171 11527
