365
28 1 73 34 62 43 10 91 39 30 20 11 73 100 84 9 17 30 40 98 88 72 0 67 37 34
13561 4328 13882 15983 16669 18587 5743 11643 19344 15947 19512 17490 18081 8079 2243 12534 11556 4260 781 8932 16230 1612 7031 4326 5163 6436
1877 13568 10832 11157 5642 6155 10726 13876 8244 12027 5804 898 9410 807 6745 753 18363 2689 9181 4593 3536 2811 2925 9828 19293 7012
10920 10074 6298 19508 3240 3205 18207 10066 13756 14666 10775 1181 18482 18953 4773 1939 19313 12542 5494 7995 10799 1235 5897 6560 1122 4847
17943 19900 18816 14160 15904 2111 12221 716 18509 2093 4912 5464 10073 8802 10820 15139 6841 10741 16953 13726 17610 5528 15826 18707 4468 1805
5090 4095 10873 11 19932 19197 15348 6191 6358 5697 920 19563 11381 13436 9999 1640 4543 13399 9353 3399 18513 11148 5980 7680 13273 17704
6601 13585 10682 2477 18748 12381 12686 11254 6316 19569 10047 14139 12447 4056 4080 9789 12638 171 14017 19736 7709 3467 4007 5691 1857 10042
18781 18981 273 3771 15435 15282 14507 15592 7869 12131 19953 13567 14400 14024 14087 1130 18515 16149 6838 12852 10718 15941 562 7361 5517 9009
16377 13270 8609 13063 15781 189 4210 2209 16575 7366 3930 4291 19238 15479 14309 17218 39 16401 16769 4970 15624 16141 2969 12550 15885 9148
18201 2549 884 1104 18005 14130 19104 1146 15307 8519 14032 10022 2489 4304 16713 11488 12177 7860 8842 1706 5007 13816 17841 7896 7068 17587
4819 4459 8896 18457 2940 5840 17241 1068 7355 10375 15640 13961 1986 156 19714 15341 10904 1338 4135 2105 9171 398 15050 10751 12534 2789
6077 8970 19848 10549 2840 943 15918 12953 18778 6500 3440 6401 10387 2451 19974 4015 3131 7973 4297 2871 15763 8374 10920 18514 7564 13674
879 12754 11330 16973 15267 18920 13386 309 2819 17233 18577 8365 591 457 361 17953 9503 9323 17433 152 2976 5506 13600 1042 15561 4708
19742 15504 19609 6301 18470 1198 3626 5901 16082 7967 15671 2950 7729 18600 10219 13473 6302 7819 18183 279 3779 18844 19848 14607 3059 848
3853 15665 15192 16896 2661 8375 18279 329 4076 5813 9299 17816 12419 9893 19405 12218 12406 12679 12265 14772 3845 16773 19636 12950 2205 14950
6361 8925 16572 10075 14516 14295 17227 4998 9003 9908 1105 18852 17547 18509 8087 11297 649 14180 18434 9339 4024 14843 12322 8989 6585 14095
9477 5912 17464 11825 11070 15131 6277 19699 1005 12999 12206 19869 4108 1062 187 18955 7339 985 2255 234 5027 8897 2148 3503 16433 1531
7503 15836 6990 19153 2579 9850 19525 4491 3612 1810 9946 10767 19711 14725 13687 2304 6814 2033 4228 16616 9560 12759 11376 11895 10126 18376
2050 7123 11142 19898 7154 10711 11546 2257 15618 14618 18154 3590 18654 2556 11398 2368 6174 10951 8657 15074 8272 3828 18162 1700 12035 16875
4972 12036 2314 13264 6836 809 13546 10629 12146 11813 9270 9999 10439 488 13963 8998 2944 11357 14954 17808 9196 5663 13715 13039 8732 13554
11833 1969 1848 14491 12364 13859 11330 594 2150 4825 15816 9159 15907 12750 19124 1385 11815 19333 12010 16905 9999 2238 11515 13045 19307 15191
317 18505 921 6327 7698 14694 5819 8753 19650 19093 19885 13149 7536 1039 14088 4760 10428 18024 14769 6791 6446 9326 19052 6547 6954 12481
12142 11040 19134 2435 14499 18391 16487 19877 2915 5798 7671 3885 19640 15976 19894 10517 11302 8869 1403 7810 9060 12432 4930 18173 13257 2734
11603 4790 16630 5474 11287 3561 13048 14969 16836 13549 15722 10057 17331 8161 1508 5040 8922 7850 15125 11110 19129 18353 5828 15091 15029 3482
9734 3139 6774 16490 8542 13354 5187 6292 15044 19216 17222 19933 2356 19427 7736 18054 15638 12896 2521 4913 14993 10624 2693 9818 4663 1960
12596 12150 17162 5529 13210 13824 3514 5576 8314 9033 19695 494 6047 15624 10471 15355 10278 16199 6904 6740 18881 2575 208 14475 5774 4203
19301 2715 2586 13394 10725 13098 18707 8583 5867 12292 17598 11761 13203 17020 3947 18539 16635 18175 16027 9290 3133 5728 146 15479 5246 9058
12335 3390 5989 8746 11590 14039 749 16752 12546 2085 3421 2961 7672 1838 12234 19335 14290 12020 4259 14930 12780 10817 4967 5403 9323 14197
11490 8472 3988 3756 4659 19113 1376 19882 3640 235 4608 17466 17312 15214 9945 10104 13734 16210 9259 14898 12473 5762 14417 10802 14652 5138
17641 17483 12590 16230 9502 10402 15513 12235 13107 2274 11250 636 16230 12605 3141 7565 16792 12880 11693 18514 8057 497 202 12953 1464 10972
7565 15666 12700 10400 16981 6611 18900 19288 5759 12782 4620 15981 2842 15259 13072 11973 14068 3848 5488 827 8527 11633 11704 12943 4244 15111
12492 13204 13466 19393 9197 9384 10024 9171 6325 17387 4797 8648 13043 2898 6792 3478 12869 4041 9562 13537 4442 12617 10187 9373 10486 460
15665 8189 5783 16126 19627 18049 16486 5805 18346 13222 2677 16175 8318 686 12188 16212 6711 12399 7433 677 15640 16872 2663 7287 9904 11709
17662 7879 4137 9275 6873 10683 562 1473 19226 16416 19288 7503 18617 14665 14968 7620 8697 3199 18638 16679 4985 12444 3345 18814 19806 14416
17176 2889 19002 13653 15721 10933 788 1012 1346 380 5501 15941 17098 13208 14100 7103 514 12074 525 8183 7050 15901 18128 13455 9067 11102
16196 13706 17313 17163 12152 89 1539 2511 15476 10908 9146 12016 7367 6279 15971 7509 2893 10485 206 16752 16584 13321 548 18494 18474 11907
16739 5668 10930 14778 12692 13632 7173 14615 8574 4040 15022 11639 17948 8068 14740 19689 14012 2112 10285 19557 21 8508 3143 18495 18438 8853
10952 3858 4695 14770 4771 10766 367 19846 9027 18807 8311 6654 11780 15349 7113 7985 1756 14176 19208 2919 13303 7333 11651 1872 18545 266
7010 7813 15476 6957 9483 830 2849 8567 6951 4085 7275 5726 8762 10907 1902 9212 12219 1813 9726 19931 11376 2304 15253 17854 14191 15949
16296 240 17283 19932 15446 6446 5183 15762 14779 13059 2438 13429 11503 11517 14968 9354 7635 12501 805 9119 14562 15497 917 12558 5585 19505
14248 19108 13980 7632 19978 9966 15707 16895 18264 5520 5864 5976 2949 10211 17442 12507 561 11914 11617 7884 4753 16208 17988 16680 16298 2452
16232 14332 10937 648 8161 12931 13276 12286 16207 10679 10720 3909 17969 7590 6293 2473 19752 10254 7104 9176 4673 9343 18666 171 18262 7114
439 14838 12312 14487 3564 5441 13945 843 10784 4938 12923 15290 3699 10135 18104 16143 2047 16155 15048 11696 1565 9718 17564 3332 19381 7535
1847 8828 311 4020 3767 7812 11776 6956 1087 3351 3081 17200 14284 5184 2405 17209 9717 19225 4995 673 10660 17226 1041 4678 4704 9534
6741 8378 12395 9576 18569 18595 16029 9874 13295 19826 8339 5532 395 14877 13551 5648 17762 13545 13289 9675 9593 15349 5096 10130 16780 15316
19439 5235 14689 18655 1585 3844 12316 440 12227 11015 19025 16717 5216 2131 732 6280 15266 10628 17495 6238 11013 17405 4487 15953 12145 10988
16556 15373 10435 9830 14240 18188 2160 7212 19705 6687 14464 18823 5485 10717 8658 17802 2349 602 1874 13985 18052 18024 17632 10638 8167 8080
5771 7939 14211 12743 17238 2289 7833 8955 8693 10537 14946 16982 5719 16394 9255 12191 19426 12916 260 1421 13498 17181 18516 8099 10330 1872
784 15826 8002 18939 17741 11250 13646 15582 11384 9531 15579 17024 1695 8760 7134 4665 17241 163 19468 14463 7803 6205 17158 15924 13388 5189
7836 17588 2481 18416 17955 4285 209 17661 15602 4710 12927 10071 16325 19193 10409 19377 10219 11858 3685 13469 17330 19159 14059 1544 4789 3148
14361 17613 4390 8366 11829 5796 5359 16235 3815 5148 8429 19829 6896 4226 4112 11335 356 6153 12929 19370 17580 13074 7280 14677 14897 6932
13721 12630 214 3394 12829 12768 14002 106 8781 8787 8127 471 9692 17474 81 3168 16618 17479 10650 428 8569 12561 5850 1783 14215 12753
14112 11449 16215 2113 7948 11943 9789 13164 2944 4448 11734 12731 17822 1407 17870 1430 16574 3049 8478 14968 12946 9033 14918 10428 11977 4701
1500 18693 9925 15433 15059 2859 10446 5940 8444 17964 8118 18802 3342 13062 16971 2104 15214 7610 19408 16284 1013 13534 14155 4267 17868 12648
8473 4196 19243 4109 4701 7624 14222 7190 9346 19552 8811 14031 8180 9059 11545 6279 11226 3979 16480 10865 11485 4868 4862 9086 2348 3605
14724 15014 1231 14796 1722 5509 3451 15793 1530 366 9372 12224 6422 17050 19449 8043 9444 15106 12037 4333 6161 13671 1863 7531 7525 382
18123 11693 19633 6273 14621 6282 13360 12844 13982 13458 3007 15869 861 10398 6749 7566 15535 5979 6802 8941 4330 7681 12737 14144 11039 13942
11522 2236 961 13804 8607 19220 16832 8250 5862 10808 9860 1004 7218 12067 15569 17585 17511 17727 12079 18710 14170 1973 15503 8430 16865 4625
11242 5696 19613 17380 13809 16837 659 3828 8382 14369 4520 4806 4952 14788 1255 8249 18808 6950 6197 14115 16207 13767 312 6655 15672 10524
5078 5549 16120 5247 7231 15133 16186 16644 13695 15049 14669 5775 10450 18547 7827 5612 9214 8903 16236 13435 10925 607 17833 14483 1334 2738
7688 2229 12431 12727 14171 11352 12690 12315 14576 14452 4460 13239 4230 3177 10476 1217 6143 14255 10406 4531 13210 14669 19997 19445 18531 15262
17699 8549 10804 6310 12059 16861 15980 2038 19161 10881 13351 17099 2045 10799 2770 986 2180 13367 4094 1976 11067 16658 12877 4119 6399 2933
16695 2619 17825 16569 19084 11770 11283 4840 6859 13205 3882 9233 19032 5758 19769 5939 8489 4911 14617 2916 6203 9073 29 12806 15336 13851
13959 2327 8084 12769 11902 493 7456 14865 13958 1596 10824 18814 19806 7927 9338 8974 18174 12435 14876 1103 3599 9157 6049 7686 4291 19414
8494 10736 11504 9088 14105 13105 14539 16858 11401 12398 18099 14681 18847 18440 18344 4399 6091 19656 1634 2048 3766 5898 7877 15219 13579 10760
17297 15015 1250 7006 2868 11898 10341 991 4016 7316 19760 15769 1568 12694 4532 3528 8776 19674 10640 6800 14990 13949 5435 18690 8461 19979
16271 539 17899 5666 11956 6969 12271 2666 10057 14053 17175 18700 5179 3445 4964 9794 1639 19907 10352 8706 17883 6491 815 13519 12407 2053
5689 15249 1998 6858 1249 16158 3057 8794 16846 10628 8224 12763 15658 19980 4071 7350 9338 10452 12892 5493 153 11399 5076 11378 17172 2929
10711 10125 13614 13533 13318 6415 8270 7698 12224 17487 16343 18129 6657 11455 15383 17942 3313 8248 9018 18371 558 19799 10124 13457 16707 3619
18418 89 2118 12089 18880 11507 11017 14826 3610 15661 16143 19822 194 11947 13797 17060 14722 7873 18294 8980 5225 8053 13930 11160 11745 14314
2438 11775 7144 5849 17405 15111 6660 5607 9016 2895 15885 16168 18594 7651 5453 2118 3611 6507 7680 9203 13122 18986 8018 13725 13941 16713
10856 17545 17897 17771 4863 15475 9681 1445 6782 9648 5590 1928 6548 1559 18709 14404 3558 18453 7778 10448 4315 10834 11744 622 17366 235
18035 2616 18977 16322 17302 1729 17741 13298 8182 16922 12732 15111 10754 14855 5620 3735 6116 6896 17279 8276 1362 373 10113 11800 2853 9650
1557 9381 4355 12681 18324 13732 7249 12765 11163 15150 13686 808 9679 13756 3655 9898 5690 13233 3201 18851 3971 6758 10299 16407 10326 6346
5227 19580 2718 14125 19553 857 10321 19258 16001 17151 2187 18633 11812 6915 18911 17355 12261 967 15247 9067 12157 15303 17641 6232 12838 2301
7600 10794 10797 19215 16123 9117 11353 11689 2432 10289 15750 18169 13161 6643 9307 16345 10427 14384 15587 12495 14077 1488 14267 294 10127 19051
14247 9077 14415 19845 17284 16457 18961 16347 559 3837 11990 15924 11687 5749 17830 3922 2314 10197 16034 3365 8140 5948 10161 15832 19916 4345
6266 11250 4326 2173 11447 18900 17223 9784 16061 19920 6 7757 11037 7202 1646 704 5287 6646 7960 1047 15144 12359 19391 16678 19615 10105
7417 13601 8114 15633 12678 14492 10303 11199 18532 4635 2557 14073 8274 9956 10039 2638 8969 3862 13638 5148 9020 6797 831 12189 16942 15748
5847 5132 17699 10522 13657 4380 6004 17359 5385 1087 6910 11623 9804 7607 8862 328 14391 14071 3043 17676 4925 16787 15873 15833 18192 3020
15284 1576 8860 7072 13506 13926 1167 10198 12510 11160 533 11794 8807 12818 19927 15816 11927 3508 13439 9243 16163 693 726 14675 11753 5915
5767 19810 17436 1187 17592 12179 19821 14191 13535 11221 296 5230 8190 4272 18131 2612 10317 1383 9454 12819 16906 11274 17729 98 3561 9920
18546 10008 7331 17126 11427 2352 16025 6272 10875 13780 11658 17947 13152 523 19782 18430 3606 209 3966 9292 17262 1747 3725 19782 3026 14261
13617 2285 3248 4934 18681 16754 5030 5118 17875 19559 14276 17834 11498 2564 14265 7346 10377 10428 2647 11965 8102 9687 798 16823 8509 3932
7631 16245 2394 7612 19111 3983 9333 5568 374 17818 12500 9636 8328 5224 10812 5224 13035 3549 5833 4079 5604 4106 3124 11056 19743 14948
15162 14611 9051 6987 3507 17062 15416 9406 18087 6203 13284 3057 13314 1292 4460 17670 17097 14056 4509 8901 17296 8691 19587 15166 2323 16049
17005 13076 16142 13763 5440 2769 10254 13017 9835 18108 18722 11799 6798 8096 2966 10277 1351 11282 867 18454 17232 19032 19358 12793 17927 12469
9984 4666 10881 18874 2168 19966 3085 17515 7134 14383 4286 13388 2469 11289 5760 7255 5738 11879 18881 2324 10167 10122 1378 13408 1812 7098
5606 11624 7067 19823 6869 7601 15873 17897 11340 1011 10525 4434 3117 18196 3629 13473 3701 6975 2726 11991 14810 19474 4192 2071 19762 11065
6423 12287 2677 19487 18271 3461 14286 12069 8405 9929 9457 17313 14713 17940 18204 425 14464 12169 18679 2617 10559 12785 4171 1038 1561 1425
3655 1686 15332 15980 15581 8893 15117 11448 4162 7530 10899 17633 10997 11038 4251 11407 8083 3583 18832 17933 13929 11209 17335 10927 8438 19242
19090 6737 9799 14970 6294 6601 795 3775 926 5473 17978 9733 5814 7840 11509 5732 14347 17938 5870 17868 18414 9700 339 4697 4434 18438
19723 1478 1705 19994 6464 4792 9383 12664 2134 6721 6400 8198 18362 6931 9332 2223 13332 4212 19819 3436 1882 7835 10419 8108 5327 9711
12583 3591 1906 5337 8483 18961 19428 4213 17561 1527 3492 7362 5801 14841 5343 19267 18977 8771 1578 1116 10803 5806 4471 16018 5298 8492
5511 19178 12399 1830 19718 10594 18721 11003 19254 8138 15106 16090 13580 4727 14564 7738 14389 17108 7987 18619 9317 13520 5503 17575 13759 818
11283 19807 12823 1392 10177 17714 13392 13524 2962 12990 19461 7399 471 1316 1130 19812 16623 8941 4805 8617 14436 5881 15390 7369 1457 12976
14046 3254 7778 9793 3765 11102 17461 16698 16664 10056 13254 5111 6915 12734 4769 3332 15749 7509 749 4617 13990 6734 2788 3074 15545 18500
17232 15344 12142 8307 17800 18544 3871 6364 7999 14146 19234 11622 14088 13727 16221 15010 8160 15334 13703 12331 13718 1857 10083 4501 6677 5083
10538 2016 5192 819 16213 17029 14968 8422 13924 15030 16416 7941 1131 6606 7510 11454 5364 6916 1354 12327 15038 4714 12682 7268 102 13144
15941 2066 8699 16332 9592 7846 3342 11973 8434 8412 6200 10883 7616 10706 8133 9662 5798 4810 993 9207 5502 15806 6187 16757 18959 3088
8463 12606 11294 13271 8364 11087 16410 5845 15720 18889 7955 15712 12127 107 18057 2810 12197 17557 11360 6038 7754 17557 16205 316 11727 5943
8565 17492 11697 19732 11328 16706 19170 5697 6621 11305 18647 19304 1922 2113 6388 5549 12752 1718 14257 3928 14124 16952 11015 18110 8237 8082
16436 921 17679 4925 12112 17047 13228 14102 4504 10193 14212 6267 19145 4253 3189 3593 19899 446 11995 17927 18550 10723 16580 17744 6933 3774
15506 3268 17353 2204 17565 16520 1627 11087 5308 18304 3815 19525 10301 8855 12285 1368 13426 14078 3801 16457 19118 13501 8676 903 9383 11784
14218 9 15379 15721 4878 19928 14132 5304 16540 13769 15393 7638 9437 15621 9482 2105 17403 9523 8374 10523 12375 6348 10715 3544 7392 4870
10676 8059 9459 5282 19442 15827 12590 11560 3179 8205 16673 2762 16390 38 17526 9875 15063 11463 16940 15355 10353 2780 16621 16153 12284 17390
15330 14324 18471 15936 12578 10708 10308 2662 2432 6762 12102 8383 13658 11805 11693 17904 1318 13290 2644 258 4795 13479 18055 7440 1036 1416
16889 15492 7812 19635 19850 2891 11286 19358 9628 13656 6280 13641 1003 8938 10173 1647 5968 12124 18371 4167 13511 8371 12976 11110 16197 651
1875 18693 12690 13070 9876 3390 4817 3658 9456 638 6765 14738 981 15357 10699 2562 7386 12211 3886 13634 6986 11950 18809 821 4037 11964
3939 11799 4664 7655 7418 5915 5480 10358 6045 8749 1353 7681 16683 7894 2962 7206 9703 14789 19991 7646 16934 4134 10672 8445 14395 2898
18143 9656 6702 58 11539 6184 2652 1077 1 18131 2200 19171 13228 12842 6394 6570 18011 7724 9533 204 18246 11688 6138 18696 9327 12930
8258 5133 5500 5708 7923 9922 13529 62 14784 5299 10270 2136 19049 5293 16140 14896 1789 13892 6874 11589 9414 9777 17519 14935 1541 16982
15987 19807 17472 13296 10671 12221 11844 10899 14192 13289 11636 6661 8967 3477 15047 2912 11177 11699 12378 13145 10021 13334 6168 14418 2470 7227
68 19051 458 3835 12269 13780 8540 2477 13830 4003 10620 1686 4517 9792 16078 1161 18193 4235 19801 19675 2078 8679 14639 16741 10272 4948
4478 8926 8751 9235 1031 1168 13842 6711 18573 13528 5037 469 10260 19767 17014 17257 6319 730 16023 13392 48 9682 16921 4154 2438 1572
12618 17887 13957 9868 17507 19731 8692 3065 14528 13068 9596 14378 17248 7563 6940 531 1505 2785 2359 18135 19265 5728 9030 13955 2619 10030
18080 12479 12866 13232 7743 11866 10562 12306 10578 14786 12388 19814 19514 13625 5626 11132 16150 9779 15505 6843 19550 2971 18406 2735 8550 18339
7791 18283 6733 16794 13173 18257 3407 3928 16197 5497 16496 14191 12963 19491 16493 909 10434 6752 7831 5308 10875 3660 12258 15459 14199 10824
6044 9121 14259 6782 7238 18893 3293 13696 9728 6652 15982 17220 9732 9068 11384 17772 17208 13467 18444 4959 14572 3469 7499 6159 11202 2404
3834 19034 9095 1960 8091 4026 18245 5954 9808 7008 8820 14174 14392 15290 7222 11259 13645 3399 8384 1588 16028 10789 1991 5054 14877 10624
12513 18084 17658 4315 6473 10045 14822 7275 11066 4446 2038 8144 9384 12128 5792 10815 17614 5476 17107 8039 7079 15002 14395 10673 9500 11264
1592 7038 11488 19576 15476 16120 11726 10533 3332 18848 13297 5594 7310 16734 15419 10806 15295 9156 5637 12613 11258 9555 2735 5643 3290 11406
9261 14532 7145 2913 3662 3020 9756 18283 572 892 2072 14699 10830 1680 5121 900 995 4092 6179 12303 8729 14118 3507 17210 559 3881
13696 9769 2903 15214 14981 10318 4502 17451 11186 11515 16229 10892 4482 450 12976 11084 2275 16049 15760 19663 10993 2763 6869 12592 3270 8568
15537 1032 8534 16982 11250 1600 3367 9958 3063 6171 2819 2640 1925 3582 4630 19871 17330 14451 19504 10858 852 8671 5138 2325 1646 5267
13012 6175 14633 4388 12132 6312 15268 3089 9438 5166 8673 15920 16164 4775 1816 17507 5881 13687 7088 1929 6429 5553 10471 1785 5327 1610
585 9385 10929 5570 8310 3464 1717 9654 18546 14283 14952 1340 12293 11084 7666 4130 12797 19958 16389 13667 5424 15489 307 12496 14699 18504
15358 18043 16230 3983 16079 19867 1653 1874 16267 3091 3637 12575 16652 6929 6257 4852 12478 1957 9964 11033 8192 18583 2584 10041 6017 2194
5441 12318 14890 3366 657 9170 18431 10252 12209 1855 6323 6979 19802 4034 18363 11256 5532 16101 570 13706 5783 4525 1264 12890 15374 10535
1534 4267 167 16839 7775 1895 1338 6712 14556 18523 19296 19825 4932 6732 3007 9573 13484 6036 1404 8764 5418 4361 18152 12963 7885 6647
11292 17753 17988 18870 11968 4470 2086 18695 12681 4892 18556 10313 11090 8001 2091 19662 1888 19033 5507 11437 8988 14268 19657 4076 11867 2271
18102 11731 4683 4246 16697 5459 7625 686 10626 12842 10546 8803 7880 1812 675 12830 12063 10992 13898 16405 1870 137 10313 10454 11982 16106
894 2734 9946 9551 17080 6646 3701 6538 5391 6344 1773 2010 8191 9211 370 16999 13856 13477 19690 15956 14589 6866 18011 7086 6307 2923
15721 6846 18941 16696 9536 15135 14452 154 15852 12181 3368 3320 6085 6258 7656 2908 4029 17023 1221 4138 3568 11537 1582 5400 18416 3040
19448 11914 5067 154 5175 12992 10421 17383 19568 17514 7772 13928 8676 7247 11787 17732 16247 6237 9906 2997 19363 6015 15178 14239 5528 9470
15595 8584 579 3449 6161 15144 6942 10008 5401 12494 3969 13020 221 14802 36 5251 10404 18747 11645 22 10898 10325 11609 11770 16088 12610
18148 10198 1959 11306 7943 12202 7068 4578 68 5578 6862 12633 10727 17940 16835 10196 8366 2696 14264 9944 3453 8507 8309 8030 9033 3630
5927 19751 10394 5714 7501 12897 7656 3049 2401 19312 8217 6503 9024 3799 13204 18485 2107 13545 11089 8237 3579 4985 4285 2949 17992 17418
19793 5427 978 7785 8799 19590 12143 15612 4619 14078 8428 15106 17443 14447 2322 1876 3888 6792 7942 5473 17784 375 2719 13746 17844 16221
13948 3456 4153 6912 6801 2692 17483 5829 1237 13128 11193 16773 3533 12884 14615 5771 15226 10363 3849 873 13940 6663 5865 307 13289 7675
18331 16993 7063 7756 3399 15864 17717 1656 9789 5429 8597 10539 17140 8537 4428 13495 18634 8083 16577 14570 541 7078 10325 14445 19010 10625
1273 11508 787 2321 14902 17700 2777 6975 1631 10395 4241 6363 12493 14479 10222 19821 16966 9974 19352 2761 13047 16994 11712 1442 14176 3595
6337 7955 2759 17592 18333 2729 1276 5510 10050 11972 17926 9851 19015 9490 2979 11610 8735 2607 461 1321 15533 4016 14379 6943 13650 8800
7710 15053 11346 573 11286 8281 16475 17465 12317 866 12910 8909 17170 1131 17116 10899 15370 16937 17340 17011 17458 3471 10331 12605 1074 8768
9602 5790 2281 8587 19503 12819 2384 11781 7021 6356 3259 4292 9604 13253 11081 18502 13925 7365 16765 3316 14541 148 10465 3281 17320 2471
5806 18269 3447 18821 12232 17438 1616 8126 4264 8341 13766 12591 13386 5773 11315 7353 859 2613 1416 252 1574 14209 7105 17644 774 13000
14000 19504 6346 17518 6924 10606 14480 10735 8883 1007 18978 1816 13472 2902 7529 15090 13839 18135 1202 15994 5044 16833 3411 4560 10257 16812
13505 12417 8083 14751 13839 19283 13911 9423 911 18781 9940 13642 5198 8403 4098 10522 12447 6812 11889 11736 3346 8133 7692 18036 7778 7529
8075 3731 3633 16027 1894 13656 9921 8449 19344 10724 17637 15755 2179 4731 4359 16471 13978 18333 1312 8996 11564 4745 17015 2483 13691 3016
13540 16468 16727 11618 703 17098 18967 12573 17664 16950 19621 13467 15632 19614 15299 2185 17738 7722 13971 15231 14668 19071 1353 5285 10186 6633
8494 12972 9989 11494 13244 1174 2022 9711 10079 11529 19718 5714 2794 5479 14443 11334 14530 19261 16651 11240 4916 6025 10050 1233 17140 5306
6884 16846 9801 13854 1436 9038 14722 17185 7482 7010 5635 19597 15330 13220 17893 18123 2719 1697 18249 5237 10191 9106 6034 3535 79 6634
411 2914 2767 31 16381 3009 10176 8651 5175 5552 6473 569 8529 15158 4131 6005 15516 531 15277 6270 1096 15021 255 5330 7150 4029
11830 4771 16233 8430 10532 6867 7148 2045 3605 13714 4329 18801 12542 5203 11644 17026 5577 8664 15793 8876 3974 14353 6247 16319 2643 1245
10442 9529 17540 10387 15423 18357 15960 6844 13109 18317 17163 12751 14701 3778 4564 14696 16593 19402 7025 15696 7400 18464 19752 4077 1742 13867
7382 8629 12084 16035 10605 15194 3581 15121 6427 9904 3145 4787 4002 15848 10130 11396 8845 8163 494 8731 12898 3581 9765 15176 16730 18505
310 7645 18997 14764 16766 19083 8867 6389 128 13668 1325 13233 9873 13662 4897 19051 13225 4371 19712 16429 4594 7130 15039 3600 2547 9582
13530 11724 12421 9141 17030 1692 5413 17943 13507 3886 17843 8101 15993 5521 17579 11251 16220 17720 3432 5002 2942 11645 19763 1922 6052 6954
4841 4534 19326 10886 12839 2762 10093 14548 14565 11888 13516 15912 5756 14993 1778 991 9820 303 9878 5388 6984 12491 15286 13429 5625 13543
2628 18365 12203 6243 11390 5504 18612 4449 12408 14562 15871 10031 12627 11649 1174 7452 1630 15347 15535 365 2497 9 839 8365 17560 9046
17076 19315 14973 5247 1753 18984 13016 4840 6445 10419 2242 19860 10994 9763 6230 6961 10120 14135 3008 5980 8292 6880 18712 5798 7646 8063
9326 11285 1058 6302 8586 3294 3982 59 19860 5112 3924 15518 1710 2478 10048 9423 7797 19704 11974 13852 17254 19983 11908 3084 3554 14684
16220 10265 10856 4861 1086 7195 19223 1216 10857 477 10159 16237 10659 395 12931 19444 7710 1902 15091 13085 19022 3683 10678 9580 19041 16206
3261 1901 12534 11925 6080 10353 13186 13843 17226 9642 5621 14377 17847 15902 1276 16522 11321 6954 6210 5991 6181 18147 7258 6079 7681 8944
15371 1395 12652 18949 5956 5641 6327 4165 3187 9690 2010 13713 19957 1232 203 4097 18726 7654 13849 17535 15491 14634 6006 9781 15455 6032
8162 19914 3537 2415 14004 5474 19975 18228 12413 11549 4264 6939 5160 5368 10935 7040 16367 4024 2053 2337 13511 1532 16385 13096 5592 6771
10705 7735 19354 2142 1144 5524 5929 5898 11819 11920 14264 8179 4712 5946 17391 5368 3091 12024 1402 1444 8293 9466 11496 16758 13232 4357
2150 9576 16980 2449 11159 5632 16678 15717 16262 7665 16588 16056 13119 3593 1372 11124 17898 9300 10652 9467 8222 19758 1947 17490 19689 5159
13305 7661 8541 17018 7230 12620 9344 11624 3767 952 9915 927 11259 1776 19123 13985 16099 1421 200 1365 13443 16811 18820 5224 16450 13267
9365 7536 1386 12355 7051 3214 2783 14632 8982 13205 14259 10070 12176 8826 9926 3499 10333 5356 5613 19824 11492 9058 4419 19534 15451 12314
10511 7103 17037 12529 11721 16608 7188 19403 5183 13462 357 6891 10844 9628 14747 5562 6180 16437 2080 12956 4325 14948 10035 19385 458 3906
18483 8076 17360 9706 5113 12963 19817 4793 12417 922 902 8332 6068 13871 5610 348 1179 14720 13662 18998 15004 18932 3654 769 15642 11451
1869 19871 16497 17870 14075 10014 6557 4626 10527 2065 15216 2520 11056 13701 18785 10165 13644 8114 14735 13854 4393 3524 10876 10257 11352 307
9610 16097 7135 13624 12801 5013 9352 12814 15569 15689 17814 13264 13271 10946 11351 6966 680 1304 1114 19022 4253 16570 6191 3127 17730 3116
13162 9018 15714 17295 263 4752 9315 9067 4042 1197 7482 6950 17754 11724 10072 9222 19112 540 12392 1187 15117 11581 15759 5503 2479 7692
7372 1764 4208 8373 9290 2950 8111 18435 3672 16203 17886 18625 5432 2700 12944 2939 190 6917 18467 3544 15613 6987 9341 12103 17166 16375
11784 19445 14845 12554 12660 17739 10876 7815 9531 14175 17252 634 1837 3702 10904 18173 19628 15232 14273 10542 7415 19197 14095 7303 7551 8786
6085 19909 10514 11952 5123 12579 14940 8025 11012 16897 13554 3771 4363 8755 10914 8112 13190 4339 1170 5533 2908 4317 8597 5002 9274 12744
8769 3215 1712 1743 5810 16656 3247 6928 9756 17336 5368 7169 13354 2799 18331 15601 7507 912 19481 8814 17987 11265 11736 12958 4186 9871
15542 10377 808 10382 7330 5791 1887 10731 4085 10976 2677 14009 18984 5099 17112 12952 4221 19009 1514 3284 9782 11987 10623 2974 916 6933
15811 10991 12968 2743 9790 5209 7882 5888 9761 1062 3785 10864 15576 3934 6399 12886 1125 15581 17016 13839 10489 17576 9418 9825 17146 8829
18576 13048 1455 5270 24 6240 4353 12015 18354 19229 2557 9276 19163 18896 949 12146 5650 2791 16787 17829 961 7267 11515 15604 1098 8004
13022 6954 2230 3391 6856 5923 8718 16688 1161 7428 8128 3926 3097 3835 4413 601 18297 6569 4839 5653 3861 4579 10853 15581 2035 2010
1216 11808 14234 18194 8465 1173 7868 14857 9296 4462 12570 13860 16421 13069 5005 1907 3996 738 4162 11529 13633 18099 5468 4501 12275 19214
6356 17775 6893 14474 5199 2751 5742 1017 3147 14356 9237 3954 17667 4012 2078 16849 8045 9105 6754 5751 5931 2033 1211 10913 11070 2968
1608 16917 14586 12876 8176 2920 16469 14286 13584 11060 1699 18414 5073 12987 9911 3811 5985 5046 8930 9091 17871 4492 13455 9640 8325 10724
3692 18713 9951 3357 16625 3244 13223 14413 19160 10614 6715 11937 2392 18795 18513 3292 16835 7938 14620 18283 13077 17771 14518 19356 11033 10643
11653 14749 10699 1482 1094 3197 2510 12759 7103 7710 6155 13516 14063 19976 3 3907 14972 15690 6508 9294 4102 5889 17111 10549 6142 9464
883 10165 3034 9515 13692 15315 11921 12071 12424 6198 892 8206 260 4024 10991 12059 17654 1773 13677 1114 6714 636 10398 19269 2921 12327
3581 12581 8110 15208 3224 18613 6961 1568 1452 16973 1501 12642 9786 17956 1414 3128 3020 1811 10198 7789 7400 15411 10454 6418 13904 15449
14386 15568 18243 17158 7468 4746 11999 5127 12355 13754 6431 12429 5598 4357 1353 17014 3103 8216 18066 8968 6017 9855 14745 6479 3454 1008
4324 6406 11321 14343 1950 11674 5171 13274 10048 16901 3946 10597 7032 7872 11511 9556 17316 3318 16448 6951 13216 11758 16613 2784 5377 14461
2700 13943 1481 14874 6924 3384 7818 4657 11511 15362 862 7076 2947 9630 664 2453 7778 110 2027 1421 17541 7188 19483 17557 3236 18914
11986 15235 18054 10904 4376 17326 2421 9067 5593 9578 15894 14753 4044 18469 4335 5311 13627 16147 254 17016 18538 11399 1440 7189 5964 7605
13507 13452 19248 10638 4028 19317 15129 17338 9874 14239 16515 16196 5996 16140 6377 8952 6035 5138 5846 2166 16341 1063 12694 10266 14223 14658
14086 11473 874 6201 12316 13201 19768 12704 167 8421 2862 904 4224 1598 12827 19191 9222 18626 8214 4762 11782 883 3544 3413 17054 15779
5311 6598 18901 11883 17547 15277 9393 15165 13775 9037 5455 15686 10405 16610 18435 14454 3873 8066 16043 6902 16911 6663 19390 11121 15009 6702
4005 2502 1045 16132 8671 6923 4985 18759 1278 1764 53 16676 13893 16845 13195 725 19673 16180 5961 17643 474 5428 6364 1572 18412 15821
19956 2809 11653 1272 2961 15206 6442 3738 11876 4928 17003 4361 6819 18684 16185 12686 2449 19857 14595 9277 1890 17937 1486 799 3486 9336
5655 18217 16659 7934 10507 19786 5880 243 2519 12641 13763 8759 1274 4683 15943 8013 14168 13673 41 19405 16344 4035 7252 18662 10034 3900
2656 12303 13389 8518 7821 17767 18815 8808 14131 18268 13702 7873 16531 18654 5839 11852 19354 1385 10593 4458 12258 17211 3085 9193 14159 17048
6109 79 13806 2497 8388 15554 3478 11843 11535 18672 18917 7135 4859 13005 19359 7383 5358 82 6396 12016 13198 3252 2479 6392 2938 8274
11677 10147 16855 8998 11256 3053 9647 19017 5496 12608 4061 16749 16642 13275 6835 5344 9072 1563 1086 9115 673 11862 8836 7711 12926 13125
18365 10242 19191 2160 19914 217 7014 9430 3814 4542 19770 1122 19674 3910 17447 5737 5437 4076 19685 10029 19793 4517 10991 11539 2676 4086
5654 7274 18671 9781 18854 9655 13178 3657 4653 16053 16362 6088 19886 5058 4585 12729 4334 19796 9958 2125 16279 3913 10097 3781 9292 7335
2465 3139 9135 11101 16608 8804 10816 12639 18089 6357 2117 10602 6703 2358 5870 11613 1030 10418 12652 16887 16661 11014 8688 4224 13403 14995
12681 9181 19796 18166 3267 15075 12429 1772 7127 11450 11991 7648 783 6083 18083 18785 1523 9191 12754 13334 8665 15472 7453 2532 19797 7933
597 5598 5285 19608 15951 10619 6509 12305 18790 10673 9174 4030 8743 11173 10453 1928 7721 18987 18370 12464 3079 1918 8004 11766 11409 16354
15271 7842 7684 2439 2865 15458 2936 5765 233 14773 1858 17456 6639 14927 10146 13658 5309 15276 7354 15025 10421 13869 2438 2922 13654 3394
18409 13702 7461 18054 11267 12866 18463 3445 9848 15395 13240 11476 9759 13490 7246 16138 5914 11194 8650 6382 11057 18815 10222 13616 2923 3690
5739 4341 3187 15532 8687 423 6438 17763 15692 6539 5118 18984 8332 12309 11581 2009 18739 7251 19085 11574 7845 17487 9990 15740 14808 4712
11129 4183 167 2463 6671 4402 13303 6396 8014 18646 11959 1373 19631 4811 19473 18829 11820 15300 12847 15858 9452 12036 15364 11207 7548 1508
546 7721 4395 18697 8596 19937 18191 12445 1810 18220 18722 16842 15059 10746 18230 17442 13849 13881 17922 16220 15463 7856 458 15125 2268 4320
5881 5966 2869 11139 1519 12613 15933 18579 13815 2948 1315 706 4723 1577 18708 3261 19413 10133 16240 18080 18216 10990 4440 12383 6486 10516
3969 12951 16572 19448 5589 13472 5933 15910 3409 1486 9469 2274 11476 3699 1732 9091 15030 2511 4639 11739 14867 4256 6715 400 7687 9438
10440 5360 4782 13541 4075 18137 16225 16215 2608 10348 696 7592 7121 16333 14260 14273 7362 8859 12757 13174 11524 15533 5973 19092 17824 12184
7234 2324 5836 3811 13158 6135 16380 8913 9216 9642 791 5332 12212 17340 19 1629 10748 14844 5941 6263 667 13024 16160 6809 17553 19116
3904 1356 806 9287 17326 5942 6188 15801 17394 18458 14626 9001 848 18323 15556 8617 5353 294 9188 18417 7815 18689 7718 5792 5242 1234
4303 11152 14355 13503 2094 13336 4426 11212 3073 19143 8431 2904 13954 4487 2591 10257 10417 239 238 1120 5920 10588 14678 17527 19539 16985
18629 2445 9705 18761 14135 5166 14786 12894 8533 13807 12287 6293 2982 6009 6352 8752 8151 87 13475 16066 7435 8707 1819 13939 13341 18260
10106 17815 17919 13057 1119 9315 5338 14570 2330 3136 6213 8019 1088 412 17032 10193 13257 8523 8629 13478 4736 12263 15390 2480 10525 5947
17926 7608 17284 7717 16004 19309 5194 15356 10057 13424 17752 9531 11255 17632 8564 6930 8930 14816 10364 14777 7340 18461 3027 7251 201 2405
158 15898 15379 7328 4219 12137 729 7422 16073 19255 13806 12484 15846 2707 10567 15028 3405 18060 6396 16799 11845 19580 8692 18289 7748 12985
12516 4176 18178 1726 15973 4408 1245 17512 11972 13976 16575 15722 5416 13335 15991 16755 7275 17765 9731 2563 2142 2829 10717 17761 15119 444
4720 2151 2776 10297 12082 14198 3993 1031 8173 13756 19831 18222 2595 277 12077 10400 3101 5169 2828 15759 10878 3860 17938 7374 2533 6008
5943 8586 17277 12482 7849 5729 12825 7062 16776 6584 11564 1353 3875 15214 9081 11433 4506 8767 18079 19606 14952 10622 14667 7396 937 8002
16125 18949 19243 971 2583 9706 1736 904 9628 13304 3663 13586 628 15063 6694 3821 19688 3709 576 4775 17084 9977 2775 8216 14194 10366
18849 12599 9282 13347 3814 16348 13485 16597 18300 7528 14871 14379 121 9049 5778 7138 7759 19154 5363 264 13932 5042 16962 6674 10925 8914
5868 9643 12843 14193 18163 17244 8513 12664 5303 10629 16212 9933 3488 515 8118 19006 1909 9596 8995 15581 6078 7797 10334 18411 12547 13168
8866 11110 1793 2506 8413 4141 2533 2760 17481 11484 15715 10228 6156 326 19679 12178 10325 3960 19259 17891 293 4577 13355 7228 7466 11243
14664 7114 12925 18590 15129 10690 2305 11112 12824 1908 13045 272 6275 18248 8481 4634 14609 18266 14153 8577 11149 14931 12903 7343 12480 3283
13557 519 23 14316 16233 6238 5503 13175 4769 9131 16325 15312 3760 1261 12742 10812 18724 11410 11982 12334 3049 12307 17247 8506 12070 17649
13525 19128 7217 17202 15985 16737 14208 9318 16166 8003 15046 18118 11153 13740 9593 10607 1281 14749 3492 5868 4814 6733 19602 16611 11854 16203
2007 11578 6199 15522 18513 12627 9980 12873 14464 2225 2028 18633 10880 4632 11855 949 12240 3199 3700 14215 15322 400 15363 12848 8552 10175
16712 8136 8394 16042 313 8485 1671 11731 13652 10581 11982 12398 16596 10212 717 17655 12840 19839 3160 6538 11583 8646 964 1679 16315 19377
10185 200 10242 8069 14412 15082 19993 4558 14705 3778 14348 15035 7552 16931 7858 3946 15979 7288 12934 8198 18110 11818 1286 3315 4130 1231
3378 1198 10075 16611 366 5626 17149 9625 18408 1881 7711 14607 812 13167 743 18432 10431 13572 15396 4235 12095 17641 16635 11813 15246 3161
6441 15455 11483 10112 2569 9798 16287 15516 840 7621 10548 7352 17599 15109 12619 14414 15703 7331 14517 12855 8790 7305 19053 6605 8646 13433
14391 19843 14260 2375 5799 12265 18989 17134 12821 19178 511 5155 5588 5741 2893 16883 15624 17767 18441 3157 7269 19076 10837 4658 18035 4240
6076 17303 5977 11406 17853 9908 7348 11378 1426 13170 3762 10343 5750 6302 11987 14679 6847 8984 17778 11157 9922 7412 14137 4691 5227 17378
13563 16990 12119 13119 1105 19503 927 5789 7280 14096 1584 4548 935 10877 18774 16551 5795 15322 10989 4875 15059 14822 410 18838 2141 11781
8468 18972 6657 4854 1511 17468 11829 2428 6932 15604 2302 6559 18401 8999 1736 19806 9505 5484 6985 19609 1299 10146 2628 4506 16501 9759
2773 4609 3390 12826 13636 9080 14192 9735 9358 16313 3515 4307 18214 2273 15123 6469 12608 7800 5226 14599 16670 11076 862 1339 3139 5062
14743 4754 6350 10493 10492 18247 7609 7047 10396 2841 258 7060 16790 13695 16257 13893 7377 18188 5498 4413 545 1040 8193 5562 17011 2478
14435 8401 19074 13749 16454 11983 4239 7959 15031 10846 17876 4477 10190 14829 16620 5447 15072 11730 9045 3998 16499 8299 18940 13 3000 14844
9368 19736 13815 18171 5351 6902 6700 14122 8716 13882 11214 349 12621 9929 3801 7682 17425 10798 19282 14053 17346 1098 5343 15431 712 17701
3638 6492 18671 15883 16037 884 8073 13961 1786 19328 9075 14263 11966 17554 19390 19961 18656 17999 4649 13078 19210 4160 2734 6606 18206 9710
3409 13615 14327 8134 889 19815 16641 3305 2540 19441 7034 17603 6947 15773 15969 4070 2809 16482 10604 15269 18066 16592 11837 8274 9722 2441
5364 19108 12506 454 14537 15915 18408 6467 7055 16052 12900 6042 4091 4573 3945 3233 19514 4607 8420 5074 11248 6076 3126 14899 268 8987
3724 12760 280 5560 4828 1019 9142 14116 7439 19605 18234 15411 4399 5267 8768 16342 12242 304 13819 6309 14155 6598 13854 12872 11099 15926
9568 4727 18088 18589 11881 16968 900 9704 10611 19354 15998 15363 9268 12051 18192 13308 14008 18804 13509 19852 11301 17425 8052 14598 14571 8387
5448 1797 1271 11172 13646 12952 17284 17759 19456 2059 2438 13913 4887 9160 5542 15341 8170 1098 9982 427 43 13247 842 17803 15923 3532
11562 961 4824 19338 15514 3587 13903 12988 6860 18782 699 18050 3829 5472 12792 19691 18478 6453 192 10054 12661 17449 7646 7960 19086 816
3907 7997 19278 6642 3948 18100 16020 10444 3838 4182 15436 588 2708 2617 3340 19761 8398 2604 13247 2289 17594 13330 6978 16320 14002 2429
7204 18602 18210 13230 2917 19370 19173 15553 2152 9784 3792 17534 10496 18029 1559 11423 10925 16151 6311 5636 6527 5609 248 18202 8393 13948
1179 1485 1941 14880 2256 15117 10635 9006 1817 16372 4825 104 8108 2923 18237 9567 7030 4515 11027 3772 19665 1764 16183 6558 16963 1560
13997 4474 18752 3969 13778 13245 2653 19929 2484 19353 212 19525 6582 14273 2944 18031 10221 1052 18685 10399 1529 14739 2105 11302 14324 16674
11073 1912 10354 2863 3846 14371 15273 14018 18349 18117 4987 15909 6910 11374 12555 16564 18586 5393 14780 8394 3408 4727 3445 6848 10295 1
9780 8232 4413 6600 18489 6671 19627 7413 16497 3351 7135 2029 2685 12249 10814 17418 303 15845 17680 4762 11301 17552 13635 19102 3230 3684
14447 4473 19928 1430 15486 16707 3648 19630 3615 19300 15845 3652 918 9173 11283 3440 14588 1646 7047 15861 1319 3060 5700 7079 13407 10213
3226 19213 4979 16886 6675 19198 16126 16486 1006 17917 2262 16973 1048 4604 16202 13935 9979 14979 7827 12185 132 18576 18856 16616 19116 10675
10302 13595 17314 3857 8404 12754 18017 9616 13243 2011 1765 3916 18351 5817 3012 4675 13830 6909 4410 14687 10681 12976 2751 15892 6581 8416
8663 15134 8705 18182 19659 11399 7750 11951 18061 4708 6215 10094 11152 13342 11601 6578 13133 19556 3534 8042 9900 2606 13237 7721 17733 19859
13573 1218 16862 1781 4586 7210 14784 4183 8156 19665 1274 7554 8896 16133 8509 367 8439 6844 12745 11871 5552 10579 17419 13234 1706 17078
19849 6030 3466 18640 828 14518 13250 5077 14061 8231 5586 12263 9180 2592 932 9473 9026 13387 13745 18507 13921 13604 1553 6654 9769 29
2345 4654 6898 15911 6361 4675 15741 5366 9179 7673 13804 18246 10217 12214 13796 16494 5139 7148 16488 13956 1084 15897 14315 7084 4699 13652
16057 2529 4302 3781 9238 7190 4573 19123 4318 13901 11201 5487 10971 15283 16422 3759 10122 7415 4454 5126 19225 4913 8159 7647 8844 12197
8919 10846 8913 16648 3300 10224 14216 14477 18197 2151 12399 11215 18436 8116 5644 18252 982 10665 10037 10046 12226 17029 9037 13873 18726 14741
3083 7121 18311 2691 17571 7591 12577 14027 14460 19511 7289 13090 4240 9971 2902 8553 9718 17643 19934 19121 12803 12949 18490 6994 16678 12051
19996 7859 19898 16780 14023 7734 7223 14152 16158 7587 8550 8620 15131 1748 19237 2783 2935 11084 7649 18955 16338 18988 10243 18922 13328 8669
11539 1283 3858 18012 5634 9834 8379 1084 8797 18884 13207 11369 17658 3614 11980 3748 5309 8796 7922 17461 7075 3921 7733 15345 17872 12084
16851 4127 19989 9258 9542 6555 11037 13073 3203 3029 18400 423 5066 15234 7778 11600 6909 19850 4695 11461 8135 12606 3989 1146 4769 10511
15087 3594 15624 17447 6881 1656 17583 5201 2625 1512 9033 11257 19060 216 10365 2345 17718 4448 11589 11405 16275 9800 19624 12320 1534 6945
15751 4430 8821 13046 17465 12512 19215 18257 10928 11985 9796 9831 9233 5925 3319 16667 9736 18075 19196 16649 5667 15568 10829 13575 18137 11813
341 16856 1056 19408 10145 226 6512 10316 11502 683 13187 6688 2446 6330 5858 14149 13077 5580 3928 12225 11022 5439 4226 12550 15148 3392
4705 5796 4792 16763 2478 19588 5079 11557 3405 8793 13439 1434 12354 1222 10095 13144 4307 12563 15805 12523 18968 5632 12381 7147 16661 8055
2435 19805 1660 3786 13644 14972 16805 10782 2586 5226 14624 4871 8430 14243 2729 7055 6594 1802 7031 12438 14060 8172 2661 12131 5171 9478
18220 3639 17974 9386 7314 2161 18291 441 16771 17509 3864 19601 14379 9572 10944 17691 9157 8768 9435 17851 19413 9179 14129 16029 14544 11181
6538 18343 6050 4413 19065 17201 11676 2 19034 18261 3936 10651 3125 2015 3235 19950 9721 14559 7965 12097 7985 9905 9901 6336 3988 373
14114 5983 2322 14131 7215 18715 13445 4662 8253 19334 6891 9787 4226 2754 5913 9257 18639 398 18672 3733 18016 17344 2620 9976 8682 581
16721 3866 8697 6479 14892 7548 18103 6459 7234 6778 868 12590 361 19780 17672 14460 15368 16820 15339 14603 18534 7249 14307 15096 6060 18640
3814 18669 16389 5259 17958 264 10165 16602 16915 12020 16721 15936 18933 11868 19754 7548 3350 19805 16141 1194 10033 7470 18585 8033 3953 9945
11663 1895 10933 9415 12635 9253 2053 9286 901 2218 1361 6716 9468 13309 12285 2737 674 6980 1960 11776 8609 9293 1723 11046 13085 11931
2236 4924 10825 14888 2803 8123 1203 13452 13213 11446 1067 1701 18041 2797 9210 19672 5131 9854 11098 2985 17768 1052 5338 3894 6872 11303
9686 12437 7772 2211 1991 3476 15194 2829 10044 13686 7234 6750 17758 4640 8966 14517 3105 10225 13091 16004 12844 2228 7023 5434 18380 4402
9228 10807 14249 15453 8277 1752 11203 5924 1597 14654 6414 16473 163 4469 877 8533 6206 9737 567 6798 13964 19796 7235 13706 11421 6135
3930 15997 6616 12153 10156 9493 628 12795 13898 15733 3831 10769 8808 9860 16161 19308 9240 19546 12556 5152 670 19578 4793 15639 10758 4501
3905 8757 17605 6512 18498 17697 2961 4644 9309 4436 13935 8713 14481 9495 2488 10387 3606 15115 11660 17575 9886 4030 12642 19474 19002 19254
2961 15572 19534 17489 629 7240 19480 6468 8067 18404 15187 3584 4979 18499 5264 19260 2564 10907 15307 2215 19668 6371 325 3203 2127 13375
19503 825 9850 5515 6741 817 5115 18006 14364 10885 10547 13106 13393 19071 17926 3872 17681 11225 16507 9411 14093 1747 15020 10903 11459 16447
18984 9389 7072 16212 267 11637 3781 3708 19132 9990 4577 4389 18413 8388 3226 2985 3920 14102 11213 159 2519 14801 16828 3838 14855 5676
7934 10051 19498 17375 8830 4242 555 11314 669 15036 9899 3953 16713 6879 13055 10325 13205 1947 17387 8485 10107 3335 7627 14461 4791 1644
15176 440 2985 15312 12206 14851 15350 5551 5 3107 10107 8402 8548 5651 15538 18727 18014 14914 6307 8904 13793 14074 8789 14224 9500 18133
13568 333 10895 13285 6069 10790 10085 69 5677 17986 16239 12442 4757 3138 4239 11975 18739 8075 9801 4864 9395 17360 734 15089 7055 13973
16869 12723 12927 12113 8274 16258 11557 4532 15071 15609 9648 19452 4153 14411 16408 15156 8217 2155 3754 6069 8985 4817 18361 8536 13811 2288
13126 3383 14623 7093 4323 5844 6939 17418 4145 9643 18623 13946 14743 6478 3176 4696 15149 14362 4504 11076 16679 10413 11281 10419 340 904
15775 7853 14642 18340 1152 17187 18730 14539 1341 14347 17592 4600 2419 11207 12380 4042 12076 16337 13068 10808 14186 2137 14814 13656 13613 6982
6020 8907 14176 17475 15306 9973 2469 17721 3259 3681 678 2891 12434 8261 2432 12103 16682 3714 17797 8588 7313 4321 19996 4586 17046 5461
15877 4075 867 7584 1908 19796 1499 772 15296 12903 12880 3432 7954 17792 10278 11404 6564 19713 13871 9660 7189 147 11043 13306 11450 722
16457 19860 19477 18240 2775 341 13792 15496 1192 10860 1520 12749 638 15146 18780 19014 392 4955 18114 5630 17165 18313 9126 9065 16035 19705
11027 2690 4811 18913 1774 935 8036 15700 13922 3618 5604 6645 15862 6276 19296 4404 3042 3796 5433 5676 5352 8341 18462 12115 10075 6212
7750 15620 3629 17203 14191 17973 18360 649 16478 19330 18138 12286 9251 10345 8555 10046 19684 15356 11470 10119 7244 10656 9280 2485 4363 7463
7757 4443 15502 9222 13580 1360 11148 19848 19535 45 2125 13510 8166 8105 17395 13597 18128 6335 2916 8716 17106 17303 2235 4751 2253 8129
13058 6962 16161 4027 16958 18475 5125 6075 11679 17593 209 19559 2915 7471 13748 17313 14809 7374 13558 2137 18381 17105 5415 4526 8378 8409
18824 2255 18093 15179 6711 3545 15109 13409 6322 7522 15144 16698 1190 11006 19951 833 5638 12144 6328 12169 17276 9835 7877 6403 14398 6239
11031 11825 17161 6316 3971 7768 9378 18046 16070 14500 8020 3723 13694 15713 1312 15323 13136 2671 5054 9331 18213 2161 19067 19687 5384 8560
17217 17091 3543 17343 722 15688 9809 1291 1445 12521 6663 4835 11856 8670 7461 18331 5331 15144 19286 16010 7900 2238 5110 19570 13615 13561
15371 13345 15178 6010 5348 7509 3188 335 11015 11871 18099 18450 7729 7823 17363 3958 18537 1056 7801 17407 5073 12509 10359 9828 14642 18666
6816 10336 15424 5552 18027 15306 3285 11982 1298 2992 16604 17946 10390 19132 6166 18444 14397 10729 11133 13616 15511 18928 6393 9565 35 17067
14985 14626 149 5692 9619 11800 2020 5834 4108 4615 17652 5170 16863 219 439 914 1751 5990 10963 9116 18242 7930 13852 17159 7336 10412
10953 18524 15356 13058 943 7489 10449 6058 5454 17139 9360 6565 1889 16803 18411 15124 2289 16147 10654 17460 12313 2532 12903 15867 19078 14496
4235 8010 3710 11863 1756 17646 12449 16119 3070 1314 4643 8366 56 15466 849 409 10990 9309 4257 510 12203 15043 1067 13050 5027 8973
8604 10872 10195 3457 1126 10314 1371 18398 15996 5783 13078 17576 15895 11651 17630 14470 4445 1792 11446 5530 8337 16795 12421 13214 18818 3144
17393 14648 5918 8261 2918 9675 18594 18126 14476 12336 10023 3183 2678 16531 12355 13762 3397 955 8099 4321 12070 5514 2379 19338 7795 5614
1444 10112 10716 16323 19871 13479 8311 4726 15347 19344 12697 7394 19224 10600 4058 19485 6995 705 6737 7857 12629 19536 12140 6116 2618 8726
6691 8226 914 5633 11297 3628 11301 14559 4092 10424 396 903 19557 9608 1724 7842 7106 11041 15926 18930 18035 13199 604 18873 483 19451
4952 12297 19318 8572 4045 8023 15014 14444 14881 9966 8160 10379 9952 12456 6846 7783 15522 7624 16778 19811 11310 6549 18647 376 11855 1912
2925 13232 15793 11670 3730 15039 14620 8995 18582 643 8231 10237 12779 18371 13782 15123 18511 18899 11344 4578 13591 2506 3818 18112 3846 7030
4161 10725 17222 17717 5321 12216 17905 3324 16999 12559 3992 9800 1103 6154 2976 17906 8211 8860 15398 2615 8591 16557 4067 462 7895 13661
6031 19988 9583 14176 12761 3786 8798 11909 3607 18718 13070 15902 185 7357 17851 3149 13555 6774 12298 1181 18412 7187 4026 9967 17843 7602
7774 13212 53 3222 12586 12262 2694 23 9460 8131 19780 10395 8559 1762 10281 3882 9516 2699 6794 15992 7747 18468 5123 10741 7409 6403
16972 4647 17629 18758 6485 19518 4848 13050 151 18373 7144 16338 9521 7904 3286 9015 16006 14601 5742 1138 14048 8315 15679 1373 4130 15331
14978 15269 7133 13277 6876 3800 1747 9156 8150 7137 10523 9084 4048 4150 8257 3229 1369 11478 10430 2541 10884 1276 14556 4638 4550 9746
9261 1897 10471 19828 11507 16958 7396 763 17444 16400 4549 391 12043 176 2042 9041 4802 1238 2703 7055 1315 8476 13072 12044 7987 2923
6087 7927 17228 8340 16840 4818 4979 15667 2001 3217 1120 13123 18835 6025 17505 6561 3484 5475 13976 14355 8567 18819 10750 2253 619 9899
7841 10036 14530 10928 6074 16814 17459 16889 2990 6917 18578 18502 4317 14221 17730 980 8817 19443 5960 2082 749 9738 14691 3049 11448 10104
17323 7489 18154 16511 15912 1806 13224 3508 1113 7634 13312 7239 11560 12631 16213 15234 11454 13124 1624 11212 4176 8299 9184 12624 9094 17394
861 4727 7166 10201 18020 4623 1451 10746 8271 18655 12663 15251 132 10490 14059 9875 3922 19546 17901 3575 1421 6938 16323 11405 911 19617
15047 6268 3252 19225 11681 7674 16011 10786 13139 15302 14507 17782 5953 1097 14893 6294 7102 15736 8340 18118 12611 16288 19392 13612 5902 6228
13011 4092 16385 10209 6238 17199 6421 7387 5482 5274 6447 7669 10747 12260 15578 11147 9596 10887 9705 15411 9935 13231 12369 3536 15346 12500
3459 6359 9994 3298 17537 9373 5598 19371 1166 9082 4738 2643 19792 14547 12303 5187 19060 946 10852 8879 5494 16154 3399 14352 7735 17213
1047 7290 11800 2251 13255 12968 6984 17088 19508 19842 8670 14114 13108 16899 3868 16092 16157 3552 8444 17233 11766 14068 1165 8652 636 5655
6154 19891 19160 14907 11157 5789 5955 10867 18896 17610 3867 802 12901 6955 3705 14045 1422 18884 18034 16490 15349 1446 7771 8171 17177 6438
11530 13236 17506 1913 11639 15241 9753 2212 17085 9049 14358 17513 7378 2655 1151 13507 4134 7714 18179 8964 10494 3350 3596 15507 9080 7563
6034 19405 11694 4754 7632 5294 17093 9587 9022 11184 6349 9804 7280 16736 4836 8689 15703 14343 13525 12071 15906 218 17770 17334 5442 16854
3014 17487 17418 5914 18097 58 2713 2549 8800 12705 1568 3773 10426 3083 19230 16887 5919 12729 17510 8688 5776 14599 6960 8509 17888 10764
9611 18183 8205 7848 8282 15185 19131 773 956 2043 7396 14528 3438 15404 15518 1092 11770 16534 15311 3589 19819 7382 18354 8523 15923 6016
3440 4821 1073 5355 11358 8558 446 14023 708 16859 1842 18691 1596 17854 16645 4906 17850 5914 4806 14513 13223 7386 3526 3391 8114 11058
7651 5865 2544 3537 1073 3325 17091 1045 7173 17048 18627 1868 1745 8374 3360 1033 19694 1531 8419 3704 40 7566 6917 19791 3134 5153
8085 9552 15856 4167 7277 6858 10298 531 304 9241 19688 4972 13863 2634 14425 3955 13632 249 6993 19243 2726 940 5765 1464 11855 11346
19992 11323 5213 10090 18624 18787 4855 3310 11118 1693 9922 6419 963 1000 16967 6304 3404 18974 13834 16213 4888 17395 12254 14650 16132 2759
11238 7468 8235 14399 18686 10021 3795 17425 11057 13513 1928 7054 2842 1013 9166 5508 6961 1251 14818 5511 17987 9734 15944 200 9615 491
16527 9187 12165 18854 9065 12787 19188 9162 11626 12226 17572 8265 9416 9996 9592 12434 5430 12039 416 16658 19832 13193 16471 3433 7679 10111
5975 12638 14879 9090 2955 15820 18370 2766 6687 7766 5370 3872 8058 6742 2833 16375 5582 139 11108 10999 3491 13583 15722 8437 285 13465
13039 4410 9476 10505 14123 2338 9172 14389 8934 6054 12751 12318 229 15860 10817 16534 11377 6029 18182 12096 16073 7524 13220 2261 10399 8961
9178 11052 19804 6682 3675 12630 14092 5780 14992 15481 12721 15635 5320 18442 11784 2906 15012 6102 16754 8982 16455 3933 3839 9653 2799 15619
5176 12 18557 15021 5597 1149 14232 13973 16879 11303 7753 11279 7830 2823 12619 15523 10765 10243 16099 17872 8078 15801 12558 7547 18507 996
13611 6239 10926 8193 11522 3937 13076 14543 13731 4338 16797 18381 1237 7886 15509 4720 15385 8361 4006 17881 14690 2805 13362 7286 14544 11775
15257 2683 15912 6262 15668 18753 7559 2594 3198 17938 3606 1991 18113 9640 7618 337 7045 13548 15599 15667 2043 7238 8929 5648 3422 19385
13768 19051 4038 4630 4324 16100 12700 15164 4584 6881 13393 13948 19139 10980 2824 5781 2415 6003 19514 17629 12538 15525 14446 5924 4951 8271
7772 4081 11778 18540 4595 6157 13508 5940 69 6679 3152 13805 11239 15690 18147 17808 13195 271 8874 2148 18351 9076 1406 5008 19411 15113
10535 16972 19095 12571 8726 11412 12267 17564 2990 6104 13353 10303 18522 12339 17589 17011 15291 19040 16297 17684 6176 15412 17228 17094 13584 5841
14458 8119 7506 18586 16787 2591 5390 9635 6224 4319 6122 17902 16907 3149 5985 15865 3851 16395 8556 14263 19430 4103 587 1424 685 15858
4133 11422 7538 16417 10276 5292 3428 15690 3556 2566 19253 2265 16988 11169 12548 11516 4009 11993 9186 10756 9834 16697 19328 12851 17499 6367
13591 15294 12989 16593 3929 11718 15953 17902 4429 9408 3862 18047 12789 6288 17830 4310 15944 1996 14020 11653 4739 11961 17029 10455 6213 9167
14885 4496 14094 12431 10196 10100 5042 18041 2738 11802 4973 4099 10462 11752 15972 18867 1011 17095 9760 3300 14964 7204 18030 6169 10200 1622
5015 10051 9367 1639 8277 19649 4582 18036 6444 2852 19936 9933 10383 10118 8413 11979 14890 638 11029 6051 15087 6810 726 5899 9905 10327
10883 13152 19328 1643 8243 6956 2243 8439 17423 6875 11248 11145 3969 8917 14761 11276 6696 7199 11145 18955 5417 6260 18080 9254 5374 11536
15939 9126 10985 13307 12496 40 16418 11159 13591 13956 15389 3745 5986 10624 15862 5003 14922 18793 16205 17490 2850 12778 11661 13085 11434 17331
15517 8673 11557 2776 3777 19980 9443 12611 673 18824 18665 6249 19254 4290 9379 4236 5189 7443 11774 15956 15753 15051 8618 9376 1878 17411
6843 3681 14758 19245 9195 2034 7267 16267 5020 329 9218 14290 12721 11292 6376 17339 18451 9857 16569 12770 15351 9264 10252 7034 10201 14160
5666 17332 16558 545 19310 12138 2860 15082 13819 16445 4141 12222 17307 5743 15782 15518 14535 2417 12009 5957 1126 663 218 13404 9270 18877
14017 6103 11723 5272 9408 15409 13047 8431 14985 19497 4065 13262 13773 19108 10414 11711 17113 4643 2994 1827 6489 3627 14972 19438 11562 1910
19978 3433 1083 7042 9545 6842 15649 4497 15687 5917 14074 3394 13091 17733 17539 4280 7500 19144 3321 1566 2900 9237 10680 11943 10923 12202
16883 7971 8749 12262 2615 17241 3225 13986 2379 4028 8767 4502 13268 17735 13577 2007 14498 14460 5688 4152 3287 3139 2995 23 11980 2762
833 4741 12523 15059 19117 18711 13355 4781 6833 4332 9932 7226 19643 11861 19875 12854 2365 1211 17591 9253 13331 16229 10669 10389 7811 1177
