365
26 83 79 18 11 62 43 91 1 82 83 12 17 60 45 19 32 74 46 23 75 30 47 59 24 37
19498 17188 8701 19866 2028 3632 382 2075 9005 4316 2947 18559 2455 19678 9561 5533 17721 10122 7986 6926 13314 880 251 11218 11171 17137
13423 567 12013 17177 15420 17186 14098 979 3856 3930 12813 8389 9204 19722 5805 982 19152 7251 8418 6754 14750 2186 2427 13892 2016 3238
13995 10506 14791 9060 11959 16715 13951 444 10988 19354 11078 924 8879 9410 15758 19498 6748 10691 12498 15467 251 15590 3165 3959 4439 2651
13292 14471 19129 18539 17947 615 7084 17885 16503 15123 11290 18377 1092 2154 6222 9159 14124 6960 9553 6737 13757 11052 14035 806 11719 7028
17456 2789 4553 3040 2295 6756 9368 16773 16674 17512 19629 4572 19269 14470 17064 5307 7476 360 9489 18806 6798 17377 18001 9172 11514 5437
18858 17196 13834 13894 12525 19625 19658 16892 14283 2492 3240 16135 15027 9645 7604 11630 2064 11921 8496 2418 3856 11668 16182 16874 260 14569
8996 4718 2985 4114 2465 8308 6793 2219 17954 15882 3860 11493 10671 1475 3817 14303 14288 14765 14627 10834 7794 11523 407 14259 16399 10363
12323 2506 9970 9387 7469 18666 10307 12184 8804 12869 6447 7170 2503 14909 1387 18932 16344 15270 12681 4033 2323 7648 12507 17403 380 13200
15152 13227 14775 15648 17291 16961 484 13713 15924 8085 10321 2442 14946 15183 13670 8379 17024 18278 19984 2970 3942 4261 2467 14157 5052 14530
8765 14457 15806 5769 6915 12540 6381 19209 4203 18974 7328 19277 902 2311 1150 13078 1315 11576 8385 16497 2284 2757 17152 7887 18925 5878
12378 1309 9167 7841 10264 6751 3074 13167 5241 9793 14499 17449 5727 18168 8142 11340 4698 12818 11409 15500 17760 17093 11715 15344 17583 14143
8716 13938 9952 16091 11138 10341 6512 14603 16532 6940 16425 17756 4794 14701 6127 10358 19128 14493 5319 280 5012 4229 15780 8037 4758 8252
4095 8049 10037 3714 106 4680 4720 1187 11815 9023 4807 15889 1384 11590 11919 4143 11932 19705 15513 9301 7200 7095 15269 11375 17534 3691
8413 12101 474 9905 18335 15776 6151 5818 19475 11190 9960 13649 13028 10318 15709 7175 7071 8899 2129 5204 12260 12062 609 2704 4257 5715
19599 11540 5737 15957 386 19357 9347 8222 81 8448 14026 9561 15560 11834 9893 18981 7076 9482 14947 16312 1781 3363 15163 3782 19993 2188
15 798 5479 9150 11346 18050 1248 1907 16179 60 4904 10516 3708 16987 11109 12546 4203 5314 1063 5847 19456 2735 2609 7205 19088 17115
1829 613 4538 492 13539 6811 1006 12544 3566 5268 14321 3806 9461 1571 6233 11669 1098 169 15581 16287 4839 6299 10940 3161 8356 13122
642 6960 3935 3318 1099 16257 16665 9787 16644 4742 15250 3092 19932 3931 19813 9051 2698 19623 15261 13588 10390 19586 10544 7770 2700 2805
6954 1410 439 17564 15959 1017 8357 1174 17343 17132 16408 18085 1934 9523 473 8031 5215 8277 13295 3716 4416 8137 7165 16027 9240 4481
10198 15702 18404 390 19290 8741 19405 18849 11219 11475 19457 14156 9404 17829 10843 2236 2274 2785 5821 6612 13625 4740 14219 7461 17224 12947
6642 1117 3974 1863 12774 1408 11816 10875 13199 6220 12711 3016 389 2155 11622 13413 15303 4614 417 9659 18572 8856 12715 555 18619 6358
4353 1442 1286 3358 18907 4931 16282 4813 7813 1397 3879 13502 5911 4806 18871 7941 5554 13607 5782 12657 5248 2690 7553 10513 11404 6801
1900 6039 8183 7785 16494 4915 4884 5097 10044 16160 15557 11747 11208 14538 4398 3970 16301 975 709 2314 3785 6241 6843 15455 1742 1783
3791 1698 19699 10189 9960 7713 6254 19511 5358 5456 3299 428 13749 8648 11769 7776 10467 11022 7722 684 14985 3784 1927 4412 7883 18065
1091 10266 11977 11162 4463 19918 17953 10837 3883 8294 19928 12298 4617 627 15428 1232 8813 15425 1210 12912 13280 1336 4111 2865 14626 17645
15836 16462 3274 10427 4456 4856 8967 11484 5504 17480 3182 7268 16425 17271 11846 7714 10264 5028 3843 13132 7217 18439 19182 468 5931 426
2955 18909 5033 19643 12353 11503 14730 10213 11467 2927 19882 11055 5975 9483 2697 11946 12939 9502 17454 13712 827 5412 7729 7196 17985 18245
1360 6052 18030 2206 14675 7112 12502 16905 19006 11428 16083 3734 13104 18404 19585 4067 5375 12370 11141 7644 1702 10646 15944 6604 15486 13105
17720 13145 5242 18422 5005 9568 19119 14813 11810 19312 17608 14254 19613 76 4091 17448 4469 18631 13706 14585 5236 3460 2429 7286 12546 18557
8844 7508 10213 10598 7507 14471 14390 526 7809 861 13204 1658 15518 18740 18210 4846 18994 8712 19153 19361 2455 8318 19137 8285 14949 7363
19247 3356 7209 16828 2670 2075 13271 12032 14744 11781 11590 18569 13259 971 12371 3971 7351 10472 8730 3687 4524 9328 114 3825 12720 1649
14474 17042 16874 14743 28 6589 2060 15891 11518 2894 8423 2023 160 15743 5307 12141 18445 17088 14447 6299 18895 2395 12643 11158 1598 1675
9016 272 9704 14637 15492 13902 12057 17591 2620 141 93 13610 1583 14016 10816 1623 2721 16987 11115 316 15124 19898 3259 5458 259 19708
15546 4488 13644 14768 11168 15615 14999 5657 925 2254 4432 4431 3418 18369 12336 8982 6208 1525 9001 14537 19049 6823 18304 11676 7619 157
15916 19257 3365 1279 1562 1004 19654 12794 5531 3164 7803 9662 1179 18501 13548 19937 16976 7480 17837 3246 5136 10547 3415 8556 13717 1413
7753 4354 1106 5770 11499 3908 1989 10596 8400 17225 8552 1713 13971 12274 15913 1105 4107 15538 1440 9929 6169 9909 2498 17614 16549 17705
3570 12626 17551 15010 264 2993 13275 17003 18891 665 1435 13157 19853 868 5000 13617 12649 16975 9935 1431 7628 16811 19970 4518 15258 6959
6985 6197 12922 16688 18115 18769 6066 10524 11500 8293 14708 17783 2390 17465 12837 15314 19020 15691 17185 12741 7394 16909 2706 2647 19129 10399
2864 18872 10610 10708 17379 11574 18179 19347 11281 3253 1232 7367 1471 17671 11051 7281 11645 1366 14530 10219 13542 160 14273 18496 8757 254
4705 6444 3782 671 6161 17030 1647 8037 10221 17638 6604 14006 4287 8136 10799 2059 6171 19705 9663 16021 2692 10985 9931 18261 14041 13504
1538 5522 3494 14706 14312 13260 3668 4658 14549 2443 12006 10922 15948 2008 12447 2158 14665 17232 17453 14202 10919 8656 189 11033 12436 10008
11621 19642 12301 8566 2301 19672 12147 332 15830 7316 6838 10709 5330 8820 10750 9872 15329 1280 10705 5335 10392 10984 19911 7805 18720 15376
13422 12024 19672 19376 39 15675 6325 10408 10096 14598 7507 14559 17706 8262 14499 2276 3801 12925 1085 18075 14543 11759 18846 6656 408 12856
18778 585 978 12622 54 19979 13765 15667 9232 5258 19072 17452 9775 18916 8880 2375 14008 3068 11856 18649 3518 14091 19307 12421 9050 19495
1565 5883 10240 13809 14970 8375 15626 6843 4964 8396 11347 4153 7023 3866 15837 570 556 9263 13824 12153 14948 1625 3191 17518 2251 10072
16089 9914 6714 17635 2681 5568 7002 13369 1503 862 17809 2680 12388 11419 8707 2636 6287 6263 1726 19539 4356 3572 10288 8138 18483 12479
14807 18678 8029 227 14048 19115 6825 7787 13684 12690 15801 5992 15824 9354 18880 15619 11919 12530 12756 3978 5343 7104 4383 15237 9437 1096
14896 10790 5458 15955 11723 13768 7462 17916 19972 9546 7803 961 11257 5571 827 10515 12039 14657 5225 5096 18255 8445 11765 5664 14632 11690
3975 15933 3992 11272 4011 16097 4013 8522 19844 11636 4788 14230 3897 3168 16188 15737 8210 5835 16792 3980 11905 18355 4781 8583 1764 13029
18763 3644 5657 13446 16610 1884 6859 5000 9342 8744 10818 10513 5703 16040 18215 13781 17988 9071 5321 4264 19357 746 9023 15335 12511 19950
14234 15521 514 16528 3585 5145 15210 4719 13014 9352 3289 11793 3369 2687 454 16869 17556 19388 4539 3439 18216 1918 10208 16207 12825 3604
19585 19257 3035 5906 9468 8779 16693 14837 11679 63 5033 13470 4859 11391 8844 10482 9457 6976 11706 7976 19127 3206 7702 1848 14242 15066
15914 14470 3575 5373 7253 14513 3189 10243 624 6918 3694 1918 6413 5713 12390 1996 18883 1339 16171 1418 13654 4109 3852 13641 10499 16992
1650 10416 7192 6949 10927 19641 11250 17420 13000 18836 13987 6184 16256 4788 4274 17670 8551 15167 18820 15639 597 14715 8358 17932 3252 11627
7900 6091 19112 4570 14553 1199 9975 11851 1901 15262 10173 18920 15189 13804 17032 18394 15088 5116 2997 8757 9938 19159 18900 2083 7136 15013
4810 4699 7629 9228 5465 17229 16593 9319 9519 7555 135 14450 15905 8799 18851 9206 19941 6493 10373 18160 9706 5161 5777 7830 18451 3294
3211 15518 2087 18909 6326 572 14446 3349 10200 3784 16750 18270 4114 135 14107 825 9761 4427 11218 871 10920 1280 11474 12015 18824 8542
18386 4924 9935 6956 5421 5701 11411 14665 7414 3627 3584 16254 2577 4688 10626 5378 5394 8764 4322 1340 16471 17231 16331 10546 5769 2107
17322 1459 16767 14429 11755 14151 10708 5622 17670 10899 12274 4252 6063 14941 16377 18332 14224 9524 5325 14872 5427 2086 12912 11342 7331 7409
19865 17925 1533 7138 18251 16480 13083 9351 2559 14982 15082 1486 10336 13405 17690 1100 5670 15493 9452 9338 19210 5544 15928 18466 19244 18634
4051 16894 5756 4984 7214 9829 17938 18215 3220 6863 128 9336 14409 6406 12358 5834 7546 5757 19348 4300 4147 3670 4038 18430 4904 661
6425 10526 7219 10071 9870 5411 10640 314 16093 3523 13821 18010 18095 10734 16198 13461 17785 1727 3982 16028 6299 3015 16222 11072 18613 6580
15580 11739 10599 4135 11228 15800 7873 16647 3950 13441 1967 10817 11666 9457 8257 14487 17934 1375 5416 18969 8807 16314 9732 9357 596 18380
723 19924 9398 4483 4219 4964 3999 8343 15953 15691 12452 8043 19775 9849 9208 19152 18973 783 17850 1380 665 6690 18507 16270 4634 4058
1749 2773 19632 1163 14758 2925 16630 7453 16068 9936 7838 2647 17591 7103 5307 3416 18566 1029 8751 1304 2993 3499 6571 3807 3896 15270
10352 7289 15708 15859 17732 6407 685 18873 2676 4442 13374 6048 14533 10234 1633 17021 5443 14296 16275 18370 3039 9301 5546 4077 7138 15165
846 16633 11690 2378 18000 690 19082 3292 13883 16703 1320 14861 5017 3758 15135 10338 11119 2361 4190 16985 18104 7876 418 5144 14742 18704
6132 6378 10054 6157 9392 3444 9309 11565 967 16152 689 12249 7567 7505 11570 11372 13334 7750 7710 10737 15620 13906 17716 15873 17408 17283
10684 17708 2821 13684 18165 7877 16867 8058 5752 16437 4146 16791 8014 14249 10327 18199 15760 12462 10767 3452 5164 4697 13008 3782 13074 2294
10413 11690 5821 16140 12157 1382 3692 17852 13842 13693 12140 14592 3174 19745 14915 18110 358 4997 13652 15683 55 17337 12477 2061 14110 9217
12956 12612 9147 3297 5034 11849 19701 6613 1113 16344 3837 13429 6877 5156 11060 18078 15302 8883 16890 15360 14526 1961 15155 13719 3997 19195
5736 19655 19854 13282 11719 16817 19832 17737 1348 2868 18678 9880 13858 1166 9726 15097 17297 12289 3099 10950 4689 1844 11760 3248 3588 19700
710 9746 2224 5130 10991 11819 19968 13802 11187 5985 6827 8361 6102 8123 6889 16249 171 1977 10493 2326 3612 15010 19602 401 3156 2016
8850 7040 4097 14404 1526 19088 5940 10993 18254 18297 11035 13678 15565 8456 13563 276 4786 6599 12272 4145 7271 13634 12712 4777 9675 2531
19598 5816 3125 4833 19006 5016 8852 13453 9208 13533 3777 2978 5273 11285 2042 1758 2577 2346 8667 13435 18400 7834 10197 17245 16494 4212
12919 9266 697 10226 15695 3519 9362 19689 8127 12 2011 17791 9802 5165 9549 13816 14074 16513 10791 13583 2021 11280 16932 8133 4610 814
13553 13361 16493 13376 10321 10771 12613 15728 1542 4450 18323 10965 425 13411 3905 9999 16366 9638 3767 15618 18225 17284 3161 15887 7628 6147
19910 17251 6334 1509 17870 8792 10575 10902 9014 9189 4028 2476 7219 14790 5712 9823 6575 1423 12770 19977 1584 12255 11785 4629 13518 3544
11827 8012 7115 11610 13465 10721 797 6119 2409 19067 3889 8954 12924 338 8338 4659 952 6835 15709 17399 1596 3152 4996 17267 17175 10250
815 3374 2078 9723 232 14391 2479 9556 18179 19255 2715 14765 4560 11622 6928 11183 7381 7103 18898 16742 17278 15510 10386 9699 5448 4594
9105 16442 15214 174 13043 7331 17751 3468 15097 12298 254 15115 10291 15998 11701 6425 5865 5325 11356 7512 4051 16708 3869 1481 13967 11597
8189 16608 4120 3722 9404 10007 15064 17344 9815 14075 15547 2844 5150 2893 5513 17218 7159 10949 6221 6684 2638 2359 2442 16116 940 5129
6876 14047 10935 18159 8303 15232 18351 12502 13124 10344 19602 6858 5839 898 1406 12397 3540 12555 11914 14324 15171 10134 4263 11962 1556 7316
10222 11965 9978 1844 17158 19765 9121 7692 11340 4534 14264 2750 11555 3282 2472 4196 5726 14189 15808 18024 760 278 14379 10449 13632 17080
3657 9187 2577 11168 3887 16263 9065 200 10801 3637 8820 11575 9652 4385 3420 14048 981 7191 9911 2118 17667 8706 18404 11015 4543 14503
16497 7785 10164 16164 5574 5497 19204 1722 10281 4656 9557 3823 2180 12803 3934 3911 17831 7345 16179 7776 14758 847 7914 586 15410 13743
685 6520 15351 12939 8172 8867 18915 18263 1038 12076 7832 11339 11335 13382 822 5110 1829 8581 18056 7905 18706 4696 10141 6179 10020 18313
14518 19061 15932 8660 1680 19336 12687 3227 2799 8040 15685 8612 15798 2423 19852 2301 17429 14024 17567 15263 14293 17186 868 11271 14423 7716
15648 12361 2921 1709 15814 5179 2424 16151 16569 9352 10611 10462 6767 2801 9509 18964 723 2008 9857 16021 10800 7480 15126 8419 14232 17244
9124 4037 19408 10661 6541 579 1933 9909 6054 17652 4440 15031 16374 8646 6891 5203 1114 18353 5298 2793 8378 9065 13527 10307 19216 11742
2589 1339 11247 10630 19675 5469 10721 3529 15504 15189 4626 17 10195 8741 199 17259 2808 1828 10958 19408 1490 5422 6639 8117 14779 15928
18137 3288 913 7944 10794 963 16917 11165 19288 761 11798 19566 16905 6430 6191 5403 11710 4267 5433 14325 14094 14484 19914 18375 5205 12255
1732 11590 7754 6708 5499 9106 19343 18977 4163 15231 4867 12774 5937 18114 10327 3458 2762 4184 19662 12057 8362 8472 9972 12340 590 7817
18103 7489 7463 18855 4367 498 2579 5352 1010 7213 14156 43 2376 1098 7987 11232 18207 3301 4503 8897 4486 16501 10007 16818 13197 1676
14559 14141 2780 18553 14638 15783 18344 14626 503 14759 12981 2774 7879 14782 11788 6555 4887 7354 1067 5770 8954 15676 4413 6464 15766 14911
15423 7187 19588 9178 10661 757 13548 15081 16898 16509 2512 8502 12082 5780 37 1326 800 2920 8873 6028 8381 7503 9604 840 209 11918
10549 18583 6870 17159 19512 2256 17257 8148 11183 4085 7971 2792 18188 651 13585 16682 16561 11705 5724 9926 4498 9034 18457 2911 1501 7841
15960 13053 6976 17428 8122 16729 18190 18920 13882 18325 198 16553 6067 552 13182 2861 6755 359 931 9927 6272 15809 15494 19752 888 10774
1329 19211 4019 17153 2752 11524 10427 13509 7648 18590 1605 12805 6998 1646 6489 17050 79 2066 19804 2186 12916 3758 12999 506 17423 3001
5514 9377 15042 14833 19641 12823 10241 15742 17876 10419 19515 9475 16360 9358 194 17927 633 1232 12945 11832 7902 8177 18216 11508 14570 626
11627 8777 12976 6813 5014 11334 10165 19202 19587 19465 17882 13474 354 16777 5614 150 1764 6359 4984 2696 13452 11536 3711 11987 19182 17177
18500 15019 3705 12716 11832 15229 4503 12999 16412 12431 11557 6215 13200 11108 18471 4716 8323 8356 16283 9844 1535 14753 6901 6699 1511 15383
9179 13963 8933 19341 4653 7026 17272 6429 12005 647 6660 97 13239 7948 1591 612 14820 12071 947 6470 14772 2553 7010 1472 13507 223
7072 4069 9136 10297 5609 599 1366 8823 7790 6104 16200 13077 13575 4408 6638 3155 4411 4345 18304 3355 6703 3780 956 1483 8071 16681
14748 7024 1805 13395 5243 431 5768 17864 16072 19807 16795 13789 15777 19850 8901 12364 8472 8154 7161 17721 2227 18357 13073 7307 15758 19303
12206 17595 9553 8630 8883 16460 8329 9118 1146 136 3825 8948 11445 15352 7265 11053 5207 18112 17395 10859 1083 19647 6144 12454 3311 7964
19944 7358 18584 3182 16329 7114 10985 13978 7406 12037 6086 317 773 4480 17532 14786 3575 13978 9242 3406 6427 6784 2497 6110 11769 11041
1875 13071 9331 9650 18463 14112 19713 10777 11218 14247 11330 876 12995 17177 19765 17944 13121 15391 7237 18577 5512 5526 7502 14917 18421 17477
7240 18661 14669 4539 13438 7498 5151 19037 5600 16676 16575 18405 14189 6085 17872 8185 7939 11726 8276 16053 15263 3279 12211 1056 2521 1494
9520 1513 2937 10276 17960 12487 4130 7070 1060 13426 11719 19057 9569 8448 619 3092 6040 9247 16893 6269 6210 2867 14425 8382 985 16478
12815 18019 13822 11600 3941 14417 18695 19702 1415 13471 17439 8032 12344 3544 14137 2521 11670 17528 1808 7466 4961 5259 2027 11789 3876 18634
7189 14792 14215 19569 18787 8204 5849 1922 13561 13533 276 10362 19965 12414 8211 17005 13029 6534 17910 18875 4794 3314 14778 18575 4245 3141
9073 17181 4705 13785 10538 12074 9208 14798 3131 7289 11439 13348 11868 17701 13759 11149 576 1631 16858 8104 5004 928 14678 964 7439 521
9640 3077 4255 7202 10803 9206 308 12612 738 17582 16118 10589 11089 10434 3113 2995 10341 13980 18912 3570 7580 17654 3883 16262 2771 10029
6477 4396 7547 18971 11753 19998 13370 69 11703 3284 8100 16452 14234 366 2621 17286 16932 15578 18405 3475 1076 12918 311 6112 17333 3722
11906 9865 3569 7552 4921 2632 4815 12966 1951 12471 12369 1930 3263 11338 19189 19705 1069 1352 4231 6956 13337 2419 3058 13069 15841 19121
15897 7248 1355 10444 14027 5306 15005 16636 6214 2624 16313 3026 11213 9727 3106 12558 11719 11739 19901 1691 4283 2132 2527 616 3184 19171
14531 1528 4861 6771 10855 3641 6272 18286 16363 8705 15977 18229 16784 13045 4107 9131 15076 3014 14978 19173 212 2468 14398 7307 563 2368
8687 12626 6365 17553 16646 13518 5637 6911 10549 11778 18624 969 7934 1681 4932 10057 111 8305 7052 14258 14542 4922 18604 7431 18586 16415
6639 17721 4049 12862 1956 17945 18854 11567 5054 18536 7583 10850 17575 13500 4914 16021 15053 17387 15629 16767 10507 8789 10097 12033 1175 251
19097 12135 3409 19798 4617 4142 8912 649 4856 17755 12277 3400 11865 11617 12649 342 4655 15896 19026 16318 6046 14417 16999 4088 2333 8493
7241 2943 951 6335 10046 112 14888 4530 14307 16142 6480 9072 11517 1212 9934 4231 472 12871 6371 16909 14867 15827 427 3169 12111 6824
16152 4662 12036 15280 8712 1048 11928 1112 1755 9520 3583 1544 15748 3403 1886 3318 19540 2805 18005 272 12270 17935 10186 17579 281 10378
18337 4878 12390 9211 4140 347 15720 19147 16891 13246 9246 14624 10132 8853 15687 16027 9972 10875 8790 13376 18309 12716 17940 16623 4139 9363
9247 10282 5717 7433 8450 5610 3901 19090 15907 11735 8160 3099 7327 8173 14012 17843 12101 16920 16605 16831 16408 130 14678 17701 5766 19055
16860 19509 10417 13868 546 10669 6604 17283 6849 19123 12649 17966 3348 8926 13484 3597 5849 12453 4460 19032 19239 3980 26 16156 13022 4194
11332 16582 8154 5074 14642 7530 13253 1083 12097 16632 2012 7313 4020 1539 11121 2386 16711 4859 15373 13800 536 18068 1220 9614 13717 15985
14463 6601 12809 328 6198 6079 16991 17938 5934 9550 17366 5506 2552 4666 2511 5378 16416 17138 10792 8048 17962 18005 18319 8921 14618 19554
642 16649 16930 1017 9165 5243 13442 11654 18617 4235 11595 7238 3452 6792 2537 9144 7104 6663 5644 12204 11989 3403 17992 19999 12219 13633
11332 12553 18974 3286 17079 7182 9502 10818 19895 15843 12617 19489 5083 16262 9951 18603 8588 3536 12845 11314 19062 17506 6229 2197 19278 9556
1810 13526 8352 1179 9440 3645 598 447 5171 16480 202 3511 13769 3944 13752 12288 5091 6503 13196 3045 8356 16993 9531 13085 13640 6804
5183 15005 18033 5170 17257 2403 17238 11335 7309 13357 3358 14077 19231 7717 15460 10125 7888 9061 4110 19370 11210 13423 10688 18439 2167 13087
18328 14033 11816 5689 9604 12759 6240 13193 19658 8613 3847 15076 11327 15694 19977 155 8777 7748 13542 5168 11376 16480 3882 8631 9999 10163
5531 6534 10914 8880 3176 331 8085 2662 764 14125 3139 13047 10592 16486 2023 18505 2619 8719 15053 18745 3815 13563 10643 2599 890 13044
17734 10381 16306 12785 9864 8205 14242 18117 14243 1838 6228 4629 5847 6416 14444 2456 10728 13672 5874 17716 10710 15297 11458 15217 4373 17829
9765 8453 3435 3247 15452 17608 4674 12648 15807 6990 741 12817 17027 16124 16352 3485 19333 5937 9112 2287 2735 13137 6645 1727 3108 5266
17790 2393 9071 10675 479 11612 17725 86 12140 2276 10267 1933 3870 14146 18875 16130 3295 11373 18223 14324 8452 1224 4620 8906 4107 10681
533 9728 14164 19347 3016 12490 14212 11884 5918 3299 6562 7749 15357 15195 5309 1975 10457 8264 6931 7733 8679 12587 14643 9974 5769 2736
13740 13244 9557 17392 10220 2107 11556 15253 18292 3266 4317 1342 12070 19954 15267 9811 13558 4674 1889 1500 3884 8690 19490 15901 9021 10693
18842 14592 7999 12244 6047 14128 4739 5934 10042 6018 13018 18078 5762 12614 19464 8448 10561 16106 19139 8097 1669 17029 7451 12186 3540 10751
5376 5622 15473 15473 15943 10107 19429 8233 14266 14611 8911 8738 7297 19970 14716 18567 18337 2076 15742 8307 17007 14999 17617 5241 13446 10998
17133 9228 347 2836 15836 3080 16182 17914 18892 9840 127 2328 15406 19867 3540 4696 8465 17651 5684 3931 9810 7323 14067 6956 2002 962
12429 284 14017 13273 17496 10036 12115 701 17553 8774 4121 8848 1584 16386 7436 17829 87 17141 13672 9485 8752 15609 4697 16390 18812 4152
17851 2484 5043 10301 5920 3902 18810 789 18851 17954 2396 1530 7651 5431 13923 1165 13421 16610 3522 11838 8125 14480 9163 7087 14814 8357
10140 5997 10228 9155 17508 6687 13400 4532 17089 3836 10846 10005 5119 13888 15712 2627 13959 329 17897 3931 14602 1714 12861 300 18527 4528
19334 6245 4937 16987 16883 10273 11940 19634 11220 17362 12052 13262 19752 11186 5276 8774 13129 5929 5672 15801 13356 10822 7714 4598 4991 16679
19375 9725 4196 40 19100 4596 16669 1995 17061 18478 13550 86 15998 7869 4779 1336 6148 9057 8546 18297 6392 17439 18967 16630 4618 12428
9725 2494 16260 4910 7985 7512 700 967 718 13323 18825 6062 2120 10720 16175 7508 17997 6509 17551 14805 595 3091 8737 14990 17348 16162
15767 11715 11886 18253 18871 2056 4757 10349 4975 19575 8047 8169 5586 6394 16652 1304 9463 131 3134 11453 18843 2571 16983 9138 17841 8585
15110 17193 7760 1141 10637 17735 6496 18213 12588 14543 10314 3421 15464 19827 5657 13616 1035 2490 15433 2359 7081 5229 17834 5706 10893 7960
5440 12727 17668 19351 8775 14987 3343 10115 1979 15214 8010 3641 6802 3674 7146 2298 15333 5865 14731 3553 16047 11863 11731 4208 4949 15260
18692 18083 13292 19344 11643 15492 14198 14832 18539 14224 16577 11681 17133 17603 14311 4703 7649 7862 10836 1763 9282 16398 13382 13730 12814 16266
9834 19819 10460 8048 9529 16091 11086 8847 2593 5705 2661 14098 674 19337 12692 17359 98 13856 11355 12936 2570 9047 17955 17176 12573 16504
13383 13858 10225 19330 19037 15354 12214 4596 4478 11784 8840 1053 12781 18953 4274 18051 5444 15035 4551 7714 17582 12700 7839 1652 4024 1152
14699 1459 19182 15256 3489 11794 9307 2268 11010 6001 8503 1662 17607 18430 13088 1914 14052 15772 13665 1158 14947 11314 4035 19585 13456 13186
2480 13367 4800 5784 13321 6133 1693 991 4314 14638 16438 2152 7837 15061 15307 1218 13235 11172 882 14129 18479 8338 7101 9978 8205 19843
9351 12268 19065 2145 14749 18944 15557 5020 10697 2873 7280 3346 18675 4432 1168 4440 4933 7312 9027 3489 6459 13792 3430 6925 16809 5154
10506 2081 1055 15649 11545 8830 5018 3835 14280 16712 16318 9896 7020 19893 16445 5489 582 4101 9551 14215 15077 1745 9676 13086 13282 11167
1865 6637 776 14316 13136 16627 7654 15761 18385 16710 13235 1376 19274 14650 18368 226 17154 5859 18733 9117 8143 16786 16417 6122 15551 19780
2174 17883 4957 13351 12214 14853 11444 10999 7860 18338 14772 3656 9723 13628 9822 16282 3619 11980 4630 12753 15117 15520 12173 4272 14856 7961
18306 9806 381 11136 6 5740 5129 8896 15960 5872 19678 15165 8935 9267 11474 14197 7694 576 5345 14067 15679 18506 760 4149 1717 11000
6372 12334 204 16513 2861 140 14100 17937 14108 19895 18210 16566 13410 19103 16459 12134 8225 19830 13708 11466 10836 8325 6111 16658 17212 5780
1949 3578 14265 1415 10168 6181 5117 17722 4909 8661 7020 11360 6276 819 13362 2223 18103 16558 10370 8110 10480 8197 18060 19170 1527 18261
14527 5011 12982 10089 12307 18903 16505 6402 13105 14738 9683 15660 646 17187 6242 2860 9467 15864 18853 12308 5934 12308 15357 15806 15467 17634
625 17330 1517 15992 4601 14546 7924 16936 609 10992 16509 17856 395 4120 5559 16503 9759 5254 3787 12822 10373 3956 4652 12083 19304 9479
6378 2222 5313 19141 2988 17045 10352 11385 2372 6488 10637 14023 14903 17141 11765 13649 153 5738 16806 9802 4495 14964 1087 1527 132 14055
12086 6483 4258 4148 443 4333 19531 3587 651 1730 12906 527 4297 9393 2654 3247 18987 17740 14663 10172 19202 18070 15873 8348 10186 4952
15890 450 15371 13547 6570 16207 16232 7890 14590 4547 8931 15237 5790 9814 3061 701 7152 3734 9300 8084 15659 741 12675 4518 3275 18843
16056 217 6938 14095 4454 15972 6744 1731 8474 17781 18875 18974 9183 1196 19283 5630 18643 12514 12707 10127 2566 19336 16408 11674 9335 262
12756 3625 18551 3801 1146 15085 9152 2908 12437 12883 12734 15763 12976 14860 2303 11003 17267 6904 19410 10056 18307 10793 2576 5524 4125 5121
515 4770 10372 19866 300 9373 7107 19266 4829 12689 13203 18543 3725 15554 17396 2526 3245 1307 13213 16016 11730 9413 1014 6441 9122 19563
15987 633 16561 15387 443 10952 7014 10203 8787 16730 15101 6479 5515 9959 3127 19245 6903 3407 14080 17969 4320 1807 19307 15038 8020 5516
13788 15554 18244 8917 9109 9544 17836 1851 13049 5830 7714 3410 14776 4806 19133 19238 15426 6875 16822 11643 18135 19499 12718 6536 703 6298
12151 19360 19578 2954 255 17482 10139 7112 202 9186 12569 1875 12793 19510 13089 4325 10157 9294 19976 15564 3862 5616 8292 5485 11093 15181
16623 15243 17017 2144 15712 9249 12483 782 7736 18259 6930 14979 15128 5949 14268 12655 16063 19584 1833 11077 7192 12023 13639 2158 13970 8012
15586 5976 9361 585 4315 9751 14575 14585 14756 17736 5010 18723 15859 17267 19524 19758 1557 17915 15980 3030 14018 6279 18019 10698 5349 9873
9667 3807 10359 12028 12745 16086 1310 958 2725 19812 6770 7574 3918 19056 10255 6788 18487 13861 2634 11892 15350 2035 2876 12528 10363 6894
7433 10821 12114 12674 14764 9932 12021 2097 18836 12250 1826 19578 6154 7281 6411 8559 3516 7664 10443 1336 1241 9775 3337 16557 4959 12208
19799 12989 4661 5688 11778 10905 7818 18302 11415 10951 1478 11348 957 1120 9446 14498 18296 7006 15644 813 1675 9723 16937 3096 8975 14018
8028 2226 5501 18300 3616 13009 10939 12987 11188 13462 4960 7532 7255 16436 5269 6031 11900 15830 14844 1247 19859 758 8883 5781 7385 2841
19978 9317 17473 3272 19242 8122 19945 9500 15541 19209 14429 861 4256 8065 2099 6093 12269 12895 2797 137 5597 16306 8404 17903 12463 12806
11707 17942 2397 19801 5916 1248 3670 10905 14444 14686 2285 8584 17980 10250 2258 373 421 640 2990 433 17599 19595 17250 11392 12042 18738
6575 16955 16602 7611 16113 11272 3167 8890 59 3157 17002 1959 4639 3087 16001 16190 16289 4479 9259 8549 12843 13869 2276 12933 13998 8553
14629 13600 6956 19873 9040 16963 16506 5848 1885 17239 8258 11641 560 7985 9076 14665 3914 18285 3766 16096 2276 8558 1104 2985 19963 11260
2 14324 2789 5584 8596 5584 17735 4903 4580 6980 13793 3484 7004 1790 7519 5400 13153 1597 13137 12056 1672 7494 9071 3034 4412 14939
18898 18786 12228 2405 223 11445 11068 1346 17213 404 4911 16611 19926 17617 7440 10191 11668 7148 14039 12838 1205 5569 12224 10792 14532 15500
3609 5702 8679 13411 11274 17108 14130 14399 3769 4755 16482 12275 1205 15839 1556 19003 6574 19431 1256 17697 2069 17313 91 2349 4507 16025
7673 6065 15453 6108 14939 6382 13338 12137 19418 10101 18608 4030 16579 7346 11228 14817 2342 19730 10830 3550 4419 15866 19054 16376 1820 13115
9526 2681 4991 3667 5512 3400 14889 17557 5547 248 2163 6793 12188 8892 1094 2446 7635 503 17954 15560 17576 9136 19446 1264 1697 479
1012 17995 18867 13390 17861 15629 18246 7 4110 2458 5031 17595 10479 15696 11375 8878 953 9210 3002 17304 12010 15736 5360 4 8580 5069
19328 5703 3743 19078 15088 892 15654 11705 3771 964 17222 7932 5420 16071 609 7688 17385 9988 18452 2215 19818 19568 19097 16873 12065 19721
18353 12869 2020 6201 3100 1813 4872 3775 11199 6221 10709 16893 16598 8688 16896 15156 4463 3220 2153 9377 6237 8814 13875 8870 11099 5179
891 17974 2946 4446 19178 18864 2067 2356 19376 8433 7254 16170 1871 19286 9055 658 19700 11633 11906 9355 10881 1286 18978 10254 17123 451
1151 9717 10669 15072 5803 17643 19911 6273 3403 14848 1462 19763 13076 88 1152 18892 11220 3946 11407 18857 1368 13775 1716 13361 16099 8593
5143 2701 8752 11472 10862 1403 14934 15580 1938 14591 12884 18483 4963 17469 19900 12585 5681 6446 19992 3479 15596 448 2622 12194 7787 13400
14794 5743 4708 17953 12067 17534 11300 8828 12597 6017 222 11756 6698 17829 18777 13386 11061 10311 2007 6859 13582 6465 3875 11334 8535 3122
3602 4628 3441 7071 117 11471 14774 12984 16044 12459 16370 2979 17452 5297 11768 12493 12826 19057 16935 19743 17301 7609 11251 18752 4254 13757
7885 14122 3541 8786 103 962 16300 2826 3998 12191 4018 7584 10376 12504 18206 11316 5745 16606 17861 11243 17429 17566 18710 18710 1726 12967
12345 9992 4335 9100 3189 14436 1868 6133 6387 988 3071 10042 967 19236 19661 13261 11786 18753 1394 5322 4459 287 803 3314 15782 15133
18336 17236 1182 7289 14562 11260 11407 18602 19556 13161 18556 7921 16506 3974 14390 11185 16687 2637 10617 19602 13839 10974 13341 14844 14441 3272
6778 10997 12305 19763 4500 930 4455 11257 16459 13011 12241 19622 9180 5664 19156 19512 4037 19746 10390 5003 2988 4088 6593 17510 6494 19272
2569 14501 17661 8380 4729 15982 6374 16426 18614 11857 3892 2639 13755 7608 10483 8989 18432 1355 2686 6037 1286 16898 7580 13853 7355 8818
7539 8236 2181 11189 12397 10361 12933 13050 12827 330 7442 10780 1005 15663 17176 15937 4564 5200 18623 14638 6925 5973 399 13237 18158 12898
16926 10320 15909 13004 2720 856 1772 9893 19227 3100 1749 19916 18607 5806 16882 6186 13093 7905 17454 9213 8340 4187 15784 18542 19879 16849
15383 9060 10301 16047 4730 6553 9684 14013 2598 12906 4172 2548 6329 11200 19509 4980 16503 1836 17054 9849 2599 9361 750 10884 1771 3757
5717 13330 4528 6005 10057 9870 1516 9077 12283 9175 19754 8184 10341 19328 1889 6440 17940 13107 10898 19371 15867 15537 10960 18173 8904 7334
8926 10922 1438 11471 10370 263 15848 4687 8951 596 9149 3754 3 5079 866 14187 14401 12469 12633 19216 4063 16245 3336 1670 15629 9043
16901 9771 3079 9627 772 2435 17837 13433 16176 17053 15755 14839 19889 12385 16482 17095 2743 6608 14969 13128 12231 18887 19906 5857 10561 6859
4143 9388 18304 16913 8096 8555 10249 429 15477 7617 7898 3990 8402 16578 18421 9088 9446 15985 12018 8213 2108 13931 10577 10546 3780 10144
9680 16260 15160 10638 18314 13835 3581 4699 2752 2929 8149 16330 16376 19633 17446 14600 4317 15707 5941 1328 13137 5839 11699 16853 18526 6283
9862 9998 5815 17534 1642 19582 12044 986 16080 14291 1133 3720 9509 16165 14508 15232 19236 5186 1327 14213 12529 6783 2475 422 4357 18207
7779 15947 9230 13812 2971 4405 11367 12505 12183 16071 1630 12954 1920 12122 17795 11176 12354 2115 11654 1414 4632 16520 6043 3876 16127 1074
2996 14622 2270 5396 13235 3027 4842 19333 8294 15549 9383 16940 13981 18500 16509 19332 8475 5358 5175 13416 13946 2970 8570 10162 10818 4287
19302 3124 1690 8906 11880 7399 13092 12547 9045 11162 16113 9010 3671 16736 11727 4882 1030 2406 2626 13047 15893 19098 1992 1407 13721 2740
18683 11010 17980 12333 16918 9195 14362 15876 19247 3712 17364 15897 41 12306 6159 18956 19696 8106 15523 4280 14143 13075 4500 4051 15133 15618
6032 14811 12944 8494 6517 16468 15477 8328 19924 6236 18418 4779 888 15904 7708 18399 11192 7203 8557 14587 5530 9730 9372 2376 12520 14230
10669 9895 11107 18197 10057 13802 16836 2869 9148 18497 7605 14885 9516 13225 12810 1327 4339 17925 12757 8879 2544 417 6581 11908 12297 16216
16277 11457 10397 3142 370 6661 4911 5515 1482 19323 10105 12499 5612 316 18955 11376 13552 10115 5535 2973 8652 9786 19546 13844 15204 6135
2542 17925 6599 535 47 722 13111 16902 14113 2860 935 19220 12418 14256 4284 19177 4993 10922 14974 13753 6487 15444 8434 5440 15493 5100
19359 3404 12679 13652 7804 18364 7722 4193 19797 4464 876 1127 18974 1209 15584 15431 17840 1823 19633 10581 5797 14533 421 3813 7295 18612
6914 11919 11434 11216 14806 5258 1019 12823 9072 8679 7206 16571 7408 16267 6001 4261 11965 6493 830 2926 12949 11744 10135 10537 8868 6718
7383 10362 9536 6218 11751 741 3532 11085 18540 13776 13669 3798 2342 16073 11153 8485 6168 4943 6501 11064 13379 18897 10235 7050 5330 3548
3199 7819 11209 17912 1445 5500 8520 19405 3841 10368 11330 6975 10804 3512 14356 6442 3621 4395 10801 14364 1438 9460 9638 13545 15039 16386
1755 15753 3007 3075 3465 323 18168 5109 12323 19590 17052 8071 4130 1752 12520 16601 6639 7516 1515 10788 5880 7104 11270 9053 10971 15295
8510 16270 6469 18000 10524 12452 7087 8748 8337 7166 19610 11594 18595 9022 7434 5411 690 8929 16754 3801 1062 7378 15772 14797 7562 14352
12802 12565 19014 7806 96 18045 18754 14760 13596 19972 11460 10531 16558 871 735 2384 11162 9966 13872 14283 15088 6346 14748 2949 1098 4506
15859 7841 6023 13467 6432 11477 11800 19016 16247 4579 6952 13023 7752 6080 13615 12814 9683 885 1120 6036 6815 5656 18968 13338 1255 18098
4036 17836 371 6003 12210 14916 17690 6105 19197 2586 8575 15208 12078 5433 15976 2827 15030 2208 11527 1914 19935 17331 9366 5020 4188 3403
7417 15617 7114 13762 1925 14615 13442 3972 8120 4014 18593 3544 6630 13612 5811 18677 9675 17752 15574 12985 10997 14576 9663 16297 12006 9305
15950 15279 11398 5082 19499 18552 1165 5529 12597 4127 10829 13618 16185 6365 12843 16329 11361 13910 12463 12931 4936 866 14146 10058 1350 286
8942 236 1139 12428 16478 2169 7735 8347 18385 8477 4540 11072 3512 18362 10804 17683 1863 13726 5755 8028 6343 8536 15134 16220 12465 3351
904 11371 16520 6289 11767 5444 8754 16310 19735 17252 309 4928 8016 14343 7029 11187 1394 3150 18306 13751 13529 12580 5911 16952 2345 2906
16121 5438 8467 332 1329 16815 19677 5175 16440 1499 5435 771 12388 7975 11343 10868 16067 6756 1511 12369 14977 4333 4208 6532 17943 15777
6104 10715 17348 5246 6453 13824 13228 12573 9772 5448 10207 14509 19276 17190 7301 19284 339 10544 5732 8821 13591 19254 2336 2151 8354 9382
1653 6125 824 2703 19248 2098 81 18026 365 7306 1419 19342 6839 16924 3086 401 17586 16471 12126 18177 18372 19902 19065 13487 8148 3998
17409 3453 2497 5530 11061 423 6827 19765 3709 10635 15543 11496 13328 4391 18901 16652 14278 16653 592 19381 9349 15445 9152 12391 1921 18701
5132 2784 2306 12810 14065 7551 14365 4493 13042 15130 745 1849 11171 10363 17705 2477 4888 8866 13554 5085 1001 5434 2223 17020 15487 16852
4119 2671 17611 19511 5849 19554 13782 7 3616 6187 5342 14929 11259 16414 10299 11595 6584 8279 10129 2560 12535 17088 3124 1869 609 15413
3688 14129 17331 8676 5594 9081 5616 5618 4834 18862 7981 19002 5114 4638 5163 4553 1394 14689 18038 3415 1120 4317 7671 13974 11029 3418
471 10504 4829 4225 16233 17000 2033 4121 18803 10604 17820 16015 6602 19913 2927 165 4676 15919 6881 3492 7999 10305 1244 18517 3123 3586
3642 11309 11663 8049 15482 11653 9371 17689 2291 11131 8556 16699 3717 12238 18729 5018 5807 4158 13312 2514 5058 9781 878 2758 2622 6513
12299 3651 16990 3416 8664 16206 18829 11288 17976 14942 8622 13037 13549 17689 2636 5524 12997 11427 19248 10438 12027 11899 7491 10175 6873 1641
18190 16051 19685 18310 18656 4890 18541 10214 17042 18050 6792 5258 6646 11754 14427 13111 12691 15092 5067 3351 16711 2017 6719 2975 12782 9331
1504 5277 11757 5261 11288 9644 5173 10286 7925 15747 2246 8739 13190 1854 18521 14483 9568 85 1570 18712 15395 8843 15875 15833 9902 3233
6665 677 3737 1418 6686 2649 7790 6863 5379 3609 11174 15301 16465 6368 1506 4668 17661 15410 18093 823 9397 14925 10885 8867 2172 3979
1087 18792 18262 18048 3102 1406 18948 1762 16715 12050 10738 8526 18764 18274 6001 18416 16470 16401 17204 3965 304 11560 10735 8316 3832 8100
12446 8489 17640 3867 10446 16002 1046 19171 19989 18853 12712 16997 8401 19307 10955 12191 17352 5688 17571 3128 8608 17619 3065 517 17665 484
2893 2923 9084 12834 2644 4554 6957 9505 6022 8439 9 18835 13660 19238 4735 5361 889 17804 3029 9908 7565 348 6082 7003 535 12119
12695 12308 16366 2898 12709 7545 13385 16820 14225 3658 2028 4686 13515 12576 1359 3955 11013 1810 9513 8753 8022 15232 10545 2375 12443 3622
5955 11568 9267 11913 17890 7544 10889 10296 7900 736 6512 6185 10325 19076 17661 16628 1670 8910 1251 4170 18068 10473 851 6656 11321 2141
2260 3012 6301 302 5049 9846 12111 806 8565 18457 44 3370 1618 5791 6776 11662 7937 18560 12811 294 127 16818 3269 4103 9185 9236
1491 7127 16689 16756 13955 7226 17581 14240 8255 12894 11416 4198 7203 18731 14236 12608 1751 2176 17698 3329 9372 10089 17848 19437 1954 14270
17893 5541 2898 6302 14065 3388 1182 9813 9432 7602 18545 6867 944 3898 5544 13109 16747 3426 16911 9175 17055 6905 19209 14222 12299 3792
1439 17632 12742 11370 16953 5213 3187 18281 13560 13553 11075 15070 4931 8666 18865 3331 11168 19814 15202 18060 15813 7276 7952 12808 2043 12046
7320 16741 18672 9518 7610 13209 17561 1286 18075 5072 9648 4225 9592 17454 17179 6756 10708 9891 10331 4717 192 14590 15657 16892 17881 2131
10534 1954 11539 6150 4738 3365 7475 16635 12446 16892 19836 9167 19526 9313 10672 837 7470 19740 9232 17069 7728 10855 18656 17499 17868 19832
18700 3350 12059 15918 5559 13681 16877 3817 16191 6774 9945 206 3124 13362 3671 14672 14353 7111 11815 13678 8511 10476 11856 5087 15816 296
19067 11596 2677 2189 114 704 4908 18667 18129 18065 10030 7363 7818 7852 14954 16516 14096 2957 10119 12213 18142 14654 12233 8527 18158 14609
13606 2146 19883 7101 3868 16462 10573 19956 14820 1102 7336 5194 10266 12983 7201 7701 19614 17206 15394 9181 14578 14413 8596 9629 4512 6172
19344 17843 17270 6671 628 708 8236 6670 4342 3645 3517 1195 19579 1236 15642 1848 8775 16128 7514 15352 7936 4393 1963 135 11618 1862
12403 14401 5389 9915 3316 10912 9231 2994 703 19564 6419 1172 16097 4913 6679 5737 10897 16407 11322 7388 8283 11552 15181 7438 10915 3570
13848 3960 18115 18496 15894 11821 14253 18556 109 16586 3857 6284 1655 16933 17249 9212 4911 11868 3005 1098 11538 5166 11263 5966 3415 5630
17169 4340 5061 10927 5265 3440 4205 653 17875 12797 7383 5538 226 7037 14923 6046 1030 10549 8516 5070 16383 10186 19097 565 11977 8778
14544 8105 132 2743 14649 6901 13610 3442 15322 12322 3858 14141 17273 13982 1462 7070 13142 17554 14529 19873 7184 16841 12543 13789 4667 13840
16862 12823 9388 18346 1959 16516 19700 10163 4823 1026 11633 18766 15468 3362 13999 4863 15382 4044 13966 1262 7208 13800 17822 7219 1840 14276
2681 17744 5449 17176 10840 17639 9379 13416 6938 5751 7756 12752 19290 16889 16408 17679 6447 2368 9350 1707 16310 2439 15634 12471 6275 19299
6406 1735 9186 15610 6756 18512 6279 15666 8519 13190 14251 6936 8777 15756 15479 2540 1884 10283 8096 12379 11232 8014 19820 13677 13696 18471
15117 3006 11992 18110 1097 8253 2365 19836 4942 1788 2904 11077 12816 17804 8416 7620 2842 3967 9295 9100 19735 2832 10254 2125 6924 5612
18398 5246 14170 4310 13522 15030 4943 2530 7592 11828 3139 2821 15154 8505 19074 5535 12210 7970 11274 15922 4461 7769 5118 9709 5868 3211
15444 8601 2921 19572 18215 1193 19123 9923 15564 16583 8571 18674 18933 7460 19517 15932 19890 5953 16558 18140 18983 12033 6388 13170 13969 19046
6423 8521 19708 8970 12513 9638 559 15351 14909 15970 5649 10224 8063 12692 104 11131 2282 14149 19109 19493 571 11103 58 12547 7772 15161
3945 10908 11448 13178 10980 5788 4898 9605 10406 5440 12258 5317 13892 9834 4495 16787 2091 3441 17182 13769 37 2256 2759 15241 6052 15525
15765 2782 5132 9043 6756 17669 11741 16234 8489 14242 16788 1400 729 4374 5800 8412 13373 10091 10276 3480 11340 10791 19449 350 387 3218
1951 11503 18220 9409 12902 16850 169 552 7099 12631 17710 3888 16880 16986 8363 12908 8630 9479 13785 3455 3579 1194 1127 13851 5501 16168
2809 2844 3027 8808 722 16075 9165 17861 6558 15196 1153 5889 1014 5049 19070 18631 7721 9986 12759 12765 14508 15849 16268 9212 695 18876
2957 18987 15392 12864 17441 4992 17179 2193 10087 7755 1789 16414 13196 7789 16437 3158 9395 6112 19218 7027 19907 5149 17930 14708 5386 14357
7648 6431 15581 12996 3576 13798 11085 16493 15373 13834 16749 11615 6316 19442 16218 16292 18892 7816 14784 19586 15151 8414 10463 2605 8000 7834
2532 19497 10116 11567 1704 11611 14260 1699 4267 5391 13623 16256 18460 11671 39 759 16304 15619 3778 11182 3506 1324 8431 9973 4658 4153
12692 7737 1218 12553 120 19992 8518 10437 10305 4114 11033 9916 16150 2311 8011 14939 2321 17410 7860 7518 4679 17891 14979 5798 17138 8035
11869 19556 17907 17926 1648 17695 3590 10528 2118 10496 10064 15247 3490 3010 15540 13593 14410 9056 18874 15603 8079 19495 3734 16040 17136 7681
16308 8412 15040 3799 9726 16064 13678 19192 4022 8710 16125 3972 18486 3114 4551 19695 3823 10577 2267 17942 7251 13909 6455 2850 926 7494
13695 13077 816 15977 17572 13457 9878 8762 7007 2970 17813 116 7257 14980 10295 11939 8022 6560 9940 6356 16339 12404 4446 2320 13191 4054
9886 9041 8457 1514 10320 17809 16073 17509 16633 18850 18985 5943 16457 10057 8373 17023 7272 19310 18344 6758 4292 5485 257 10810 11368 6241
6106 14443 11351 11889 19763 9984 15210 14892 9097 12346 9171 18038 6723 8224 1942 15771 15622 14756 12821 13338 11140 12432 6100 726 1750 3781
18337 9937 4164 10640 10234 14096 10604 109 14754 4617 18418 10216 4060 925 11475 8078 5277 2639 2039 19162 12617 1700 5268 11388 7867 13558
13349 16872 9730 13368 8005 11991 13049 3070 6234 17516 9333 9576 16940 697 2589 7929 18871 10474 13946 17765 10032 18225 1721 17753 18500 7090
210 17571 591 4807 8786 11298 13744 14802 7951 10571 3862 6337 5954 9546 11085 18850 4747 16299 6994 3844 18790 572 14288 11931 15659 16172
6251 11869 11263 16076 4708 19784 7677 17460 1738 11190 14732 15066 17462 9919 18534 10593 1906 11393 11767 16857 4889 10177 4603 5956 9860 17992
2842 19463 12428 4102 4864 18493 8815 5424 8976 14214 5330 16482 2370 2575 7612 17549 18761 2060 14332 11423 37 8719 13659 18465 8769 19701
18363 13484 17567 18740 2860 5171 1013 15465 11864 17248 8533 3960 6051 12410 12099 11467 16680 9880 1086 11664 4904 19663 16762 17295 5064 8881
3313 15224 17454 1100 4383 13648 12591 15146 11193 15793 7054 9338 12047 14734 15886 15362 1171 14858 17390 1626 17273 7407 19346 13953 12592 19149
19277 18272 11290 1758 6943 12056 9162 1291 18339 7713 9339 19771 9579 6861 8684 17634 14799 1535 13022 3002 3297 10220 7426 15263 8232 10772
15203 2088 6407 7171 2101 15117 10402 19280 9388 12140 11540 3325 17486 12469 1168 18015 17259 12864 8807 19671 16529 19 1400 2940 8587 16767
15577 14513 9084 858 3697 10961 17030 12426 15297 3873 1343 2297 1807 3198 215 2470 9381 8133 12562 17914 17572 14481 11805 10656 4738 3318
1283 1417 2562 17154 19343 18503 9478 1894 6024 15988 9622 3383 5193 11366 365 15186 2071 2385 9459 19955 6587 14136 15231 17595 15054 3231
16593 10573 2172 2620 12039 2777 17940 18517 14909 3052 17944 19584 12049 8753 15310 348 19082 17068 9699 9097 10998 16861 16299 18911 18998 17364
16124 15947 9107 5488 3814 7199 16135 7961 265 19390 11585 3754 5410 3029 1638 5575 8678 17193 13708 13481 7950 13394 9384 7975 4988 5076
11509 1748 19420 9259 11328 13229 5937 13019 6845 15498 14975 3307 19499 14794 19264 7529 9756 906 18736 2491 7445 15834 17665 11729 4960 11702
13643 6286 13019 13191 19837 2745 6553 7104 1643 17702 4691 239 9721 6105 18155 5759 12755 14058 18193 9801 18211 5127 15281 2632 12103 19967
3244 14760 1919 902 18240 15429 2545 3194 5381 15859 15501 15549 994 11571 19270 18269 18636 9760 16915 13278 4614 11976 19814 7670 17281 17439
19761 11112 5312 16106 4191 19686 14768 2318 13263 17976 18641 15489 7661 15837 19294 10304 12393 10971 4268 19105 16525 18253 53 17894 1481 202
18862 11432 19046 1069 15405 8957 19551 11565 11784 4598 10369 19338 12584 15951 3529 16880 1435 5954 3547 19701 4399 2870 221 12095 3317 7389
18705 6153 10438 14592 545 1410 2032 11136 13798 18785 675 18633 3013 8396 17367 8473 7150 11126 1045 2482 12563 1466 17164 2976 13854 3300
1337 10553 5959 7206 61 18270 16317 3817 9287 12544 9322 3831 8263 14652 9925 5850 13443 18145 19792 4230 4673 6541 14882 11721 8900 1925
4910 17625 17298 3718 7017 11071 13655 15179 3855 16610 1516 6904 9127 3167 15262 7272 15555 13381 70 10749 15134 13810 14658 12907 17675 2607
15897 10576 16172 13448 4470 12031 2082 893 18816 10354 15280 5159 16999 2847 19141 13864 1475 11796 771 17958 4366 14812 13892 1729 18703 6881
2119 10405 12698 6481 14628 14823 13618 18594 18806 1518 7120 19123 14363 3560 6522 5420 1138 2355 11012 1165 18034 5106 10525 17729 10888 5651
4939 564 9262 17096 5489 636 12254 7054 281 2839 4102 14992 980 3897 1269 14886 16405 3012 12402 5125 13946 3988 13887 19392 10978 3815
9624 14466 13728 280 15018 8128 6671 1942 7378 10338 768 734 7126 1087 4722 9311 11570 1070 17424 9547 18541 2967 1211 12267 10335 16861
3022 16914 11521 4604 10760 10982 2043 17876 5616 19498 552 14661 17777 19091 3027 9151 12094 14072 13324 13132 10685 8134 15649 11425 12494 3413
14303 4226 4571 5253 5108 18117 11564 16270 16032 12540 12073 9449 8323 14084 15033 11172 2790 10155 12044 13682 7704 1601 9912 9941 16866 18538
14681 9232 2439 4610 17260 15688 18605 19379 814 3477 14769 18702 7146 13203 11667 1229 12968 15243 6010 17689 12729 1001 9532 12736 4103 11132
17459 12108 9496 7717 9736 19115 9445 3544 1001 14191 2905 11391 2593 11494 14963 8336 17076 3460 17353 12944 19482 13747 12865 5015 5328 18601
1534 4281 19034 12569 12574 13822 7854 4281 5777 15904 10882 6955 13453 10140 5826 2500 4173 8968 5421 12878 15627 14661 14120 16854 7015 15937
18673 13711 18045 7161 12518 13883 3320 12465 8235 17127 11539 1685 15108 4024 1580 6709 10845 7079 1593 17268 7683 7950 6163 2579 16584 3637
19200 8020 13821 18630 1667 9764 4309 9412 4922 16428 9717 17641 13596 17789 18056 3849 8698 18032 4070 15181 12356 13070 7167 8335 19833 8163
4282 14743 16187 5616 2732 15042 3280 17013 16237 7449 5474 8431 8328 5582 5945 6586 10322 8819 5171 4967 3807 1022 2145 9731 16184 17581
5385 8594 5608 8304 8107 14472 1612 2493 3768 3660 3929 19953 3434 12024 10396 6568 13125 7711 17747 9663 18279 16186 1196 16322 18911 8925
6706 13471 18503 19658 12348 9598 17377 15402 12343 5990 6661 13295 7939 5276 2290 17117 2339 2370 18283 12745 6256 4717 13800 11814 2020 7135
6076 17843 19212 17629 13861 2058 9649 3826 16141 19723 642 3058 7989 13857 655 1709 3742 14527 4654 1125 13730 11305 14170 6156 11682 642
5080 5246 8150 501 9979 9690 4476 9817 9662 3010 16879 13111 15676 8070 7142 8803 532 2671 16672 1073 17073 14887 30 10075 15912 1655
6837 3285 6021 2723 16755 7428 19015 5511 16457 15064 5843 16462 3602 382 6123 2060 14173 3305 3681 5828 13776 1537 15324 6361 1556 2845
5479 3331 1424 2384 3698 1040 17992 5840 5542 11548 11510 17669 4109 19078 7269 4812 11241 11855 11217 10867 17676 2127 6501 11395 6097 10283
82 15608 1044 14264 17067 938 17175 3297 19237 5718 11505 437 5113 19766 19031 570 4381 19584 15384 8012 11990 18114 17724 15402 3005 8898
7941 2849 7209 16710 17522 9006 12245 1497 9913 2092 9105 19990 7165 10565 16989 13422 8209 6755 6079 8072 19038 17462 18754 18892 7426 7882
11029 1207 13589 2592 13375 5046 3475 6934 7292 9799 11707 801 6626 9491 16334 493 9627 16591 14309 9351 15053 11402 16258 6909 19324 7818
5243 18002 10094 4771 5691 2602 15482 8474 10329 719 903 1477 17898 11982 1482 11452 9671 9752 16006 12762 1974 13951 17448 17437 350 19474
8382 9795 8207 4767 3278 16869 19037 10983 1311 6798 10143 18470 12190 10676 1183 7553 16874 9981 13129 10087 2860 10931 8591 9285 1743 14473
5391 10447 2568 16964 8051 10919 10595 10839 1722 4579 14191 1754 14664 11817 2049 6409 5658 9097 12232 2072 17181 3255 3375 16434 6535 6665
10758 15508 10732 9500 2198 16261 16964 17580 12299 12281 6602 17008 18993 7723 19322 5187 15151 10299 5824 9296 12587 10632 9499 11655 19238 15453
3619 18798 12260 8614 15828 16823 19592 7168 17443 13115 6243 16410 10124 10585 18800 9278 17451 2881 19975 8827 17195 10506 6958 6093 19385 11884
12163 1936 12497 14389 2898 10787 19401 8561 10062 1428 14284 2557 950 11233 13642 9496 17018 7761 7455 10286 1887 5079 17697 9907 11748 5742
7213 2440 16304 10911 19670 208 19700 8863 14128 3212 5415 5917 17085 12533 543 18247 2877 1421 15338 14629 17374 905 1897 13662 17393 2657
8366 15096 6968 2950 1654 17224 7416 2983 6482 2915 7504 19222 18853 9014 16909 19633 4229 9613 17308 7479 11498 11601 9855 18386 16051 14987
8523 3843 10155 9008 8849 7502 13944 9746 17957 572 19094 18688 12277 3056 14156 11229 19748 19899 12069 8856 9773 720 4434 15204 12424 6195
3558 18602 18342 1226 12136 8388 17578 331 10241 19623 16697 3910 15590 2236 9219 17243 11482 18907 19739 8298 15563 14512 12894 3362 5805 19661
6512 9680 12736 16285 17677 4456 6805 18194 7223 9081 11638 2370 12339 5962 6352 29 3266 11974 1860 16506 16369 2874 4227 3992 6481 391
3613 9557 3750 11702 5780 5702 11039 14327 14423 12520 4205 19806 5495 10700 8748 18429 6890 308 8080 808 16013 7397 5606 7219 16394 13945
19706 5339 2591 15347 16835 4943 14680 3565 12992 13421 11939 14412 1760 19933 7091 16488 11799 7829 3968 18675 8769 11726 9601 8241 6272 7465
8429 5313 17043 19671 14649 6908 10962 78 1409 18559 19844 6342 16473 5032 8667 11217 10941 12865 5667 844 2472 5480 11458 5803 11482 15484
10754 14319 10979 2780 14250 18119 9292 8314 14580 2148 6007 16422 1218 17234 14380 15737 16607 2330 2089 6839 11926 13702 6760 18560 14886 5584
16495 16831 4068 15216 847 16468 12053 10866 2718 6134 10044 3482 12150 13298 2129 7560 250 19954 18993 7736 15241 14728 7963 2759 10071 7898
642 18890 15865 2267 17477 17491 811 12953 6754 14493 3090 15513 13637 11874 6314 18640 13476 3900 14402 14467 8876 6393 1128 18919 17729 16483
13277 19995 14025 3905 10468 5885 6669 10042 7686 14707 3541 601 18454 11567 11977 18100 6955 3608 18518 2082 19268 3412 19018 8468 606 12078
4951 2245 7248 14671 6678 157 17244 6812 17747 344 19355 18491 17415 16986 995 4251 7905 16264 15944 2582 15031 12433 14328 9367 16331 95
10796 8441 9889 4244 15265 11727 10232 13693 9367 142 7057 3950 6193 16072 5457 9239 10098 12892 2579 11847 19077 11558 5712 19428 19426 15399
6970 2305 18187 11563 16215 8105 5349 14085 19785 12406 3112 6842 772 8209 19790 7027 5436 17757 4153 11165 14947 19232 9270 19058 17813 4309
16054 12891 12050 17484 265 877 14521 6502 565 18466 3658 17027 7304 14542 19475 13616 17980 5338 14709 4242 2428 8755 6105 19733 17898 4990
6918 6543 10278 12642 10408 5356 17833 18018 10573 9 6096 3070 190 3570 5943 16524 14711 2862 11750 19667 7504 2309 17791 14040 4319 19585
12940 5805 4566 7705 10397 16665 8245 3673 4516 6204 14621 2681 11239 10463 18421 635 6437 14131 2407 2003 5163 10650 2696 4779 19594 637
538 13377 2727 13354 17073 19959 5973 15873 1281 13718 14899 3935 14168 3747 15093 18500 7831 14858 14157 5174 12259 11654 15645 15308 10908 3122
5558 6473 10224 9978 5293 6557 17274 8139 6162 11600 3922 2604 18559 17652 16762 15725 19618 2547 3861 7853 1426 19989 19646 5101 13276 18365
10457 12403 17975 19 15302 1586 2608 12623 2443 14727 9533 5829 14730 15687 14408 17889 3604 18616 14575 13076 15777 12107 9606 18934 15801 4024
11387 9629 2576 16006 455 2278 14027 5420 443 8112 13027 5609 17774 18218 14630 9290 369 3686 5823 13509 4034 17345 19058 7303 7549 13216
8104 12561 512 15374 16025 15799 8128 11190 16198 10085 9328 11728 8594 5027 9756 16547 18899 7178 19888 12479 19710 4584 676 19714 14292 7794
18152 617 18832 6703 8321 15361 9433 4212 17605 16695 17634 17774 61 9283 13595 5181 15652 6498 3862 1624 18622 5823 19278 14456 2586 15875
1749 2649 11546 14702 7848 12451 16893 14359 10809 12620 17803 9673 1371 6511 15185 19613 16124 1810 18365 4252 19511 10689 8215 15995 12623 12502
17517 13623 13553 18846 16320 6341 6688 841 17364 2001 7201 13327 536 3727 2029 12353 1949 3629 6804 17944 871 6256 17728 18868 7151 2593
13946 9577 12269 9261 12166 4844 12853 8963 16688 7329 7017 666 7014 3312 9326 5619 12678 4386 10058 8730 975 410 2798 6699 1476 7676
19646 8691 17919 19751 10914 15728 4739 13954 16188 12377 6011 3474 5980 16819 5665 17542 2185 13109 8080 19550 16243 12658 14637 14295 4547 9143
15148 3228 14410 1028 2694 13960 5182 14926 19193 17958 4817 11907 5722 18605 13513 15450 13688 15869 3377 7234 12601 7614 4429 8793 5382 3690
3843 2629 3937 4843 14160 6856 4477 7593 18171 14743 16911 13065 19068 7797 5292 19922 12869 669 11223 3206 3092 5391 10306 10488 2709 993
11252 11018 14981 3817 6383 14184 4369 18220 17258 15043 7414 17242 10631 18732 12854 14358 10579 6167 11246 10016 16152 7352 9274 3513 14260 3126
19359 9905 4821 16650 14299 3776 257 19830 14639 18976 12915 8316 14437 19186 19980 19394 13900 11965 7100 16273 7529 1421 7315 18593 3182 17175
10336 15532 16828 14028 18171 5096 18721 18121 13702 2125 13024 10324 8823 18452 17694 16457 9340 11664 19518 13777 13680 2895 4784 13297 14594 3387
