365
78 79 85 47 3 59 40 77 58 74 51 11 33 49 67 7 48 66 1 29 62 74 71 31 19 81
13066 1490 17312 18664 8507 8578 1759 3739 10332 2327 14820 3700 17158 8338 2743 8122 11696 12103 6954 7961 15901 17648 7352 15795 7482 16978
11878 13376 18624 10166 16700 19592 12133 19130 8375 5054 1938 13078 8442 7493 12183 15467 11726 969 11164 9637 7283 19739 16658 6411 7709 17551
8522 4481 16423 15216 8472 13239 6739 1507 5964 11281 15836 8957 14038 499 7504 8254 15129 17361 6593 12071 530 2053 1104 10512 4402 276
16964 16113 19896 13372 9870 8506 13841 3562 4645 14341 13442 6986 1394 17672 7545 17391 13548 784 16179 16605 19643 10986 12008 8368 1715 3475
3515 1970 4041 3804 7817 17731 11998 4759 6248 12472 13913 14728 5787 18694 129 2741 2282 19233 14912 9439 5540 2476 214 17005 9597 6424
352 15238 5127 7727 613 19611 1153 972 19102 6251 7083 12307 16999 756 227 15640 12425 10864 17112 2813 16261 18878 10620 11756 1287 11092
18263 4186 6545 12976 8652 15756 19290 8978 2649 14549 13545 5119 9681 5879 15743 3646 13064 19777 9926 1678 4116 3640 15842 7570 4535 10093
723 10837 7342 1175 12433 74 12005 16233 3663 8345 11825 7549 19741 3475 4417 11044 19036 5503 13636 15271 19796 136 7603 18520 738 7672
10397 17481 5320 3569 3744 1848 17668 12373 8098 19470 1357 17178 18803 13192 18933 17268 18509 9042 8998 2397 17158 5283 10281 5747 14090 900
5956 12589 10533 8758 12832 9133 17785 18680 17953 15827 13356 4310 7604 15128 1298 7381 18711 18022 17517 2602 17743 10717 9995 3801 18271 18743
14333 3044 4524 186 7638 12606 4022 10345 7504 4897 9567 8987 4033 12807 19581 3902 12684 17197 19282 1189 13893 19291 13438 9188 16511 18348
3332 9795 19954 4956 14812 16752 9219 19748 15371 9637 17461 19065 2685 13004 15464 2516 19840 13373 17836 2733 14980 10178 19791 10258 3416 18322
8353 162 7474 3585 15541 9448 6243 17986 3863 17444 17468 1018 17703 10289 19004 3297 12640 890 15538 4329 12916 8737 1253 14909 15820 3197
7671 3142 15063 12481 19924 11893 14729 8783 10682 15906 10419 1627 18707 7870 19813 7844 10147 6773 3738 7717 15221 853 10361 10810 4098 13907
8170 5272 8361 4704 17867 16501 17870 5040 12534 12943 12433 12852 17853 5766 18559 17159 10499 17070 14414 7205 15940 6938 14039 9205 13997 18860
9637 18923 810 3369 5265 9341 7790 10969 10173 14371 3415 5590 14915 2389 18367 7844 6046 2081 6160 12612 11051 3672 348 7061 6497 18820
3030 11924 19515 8569 5216 6799 14826 15034 5495 5631 8556 9144 16134 102 9782 6992 5769 12482 18055 8813 12740 16539 19679 13895 15087 18127
26 19086 3955 11245 1043 13326 12101 10990 9463 10518 11611 11570 19044 14251 7033 2332 391 9880 1121 1300 9956 7857 13709 16528 19089 13745
1732 8024 4615 11047 4038 19319 11725 10228 1280 6067 14999 5847 19193 17419 9782 15055 12434 10727 3702 19462 16247 595 13253 2496 5318 17829
6422 9166 14667 19751 468 2659 16946 17630 9288 7521 19933 17109 12310 7735 18667 584 12097 15822 3632 13195 14833 13611 9805 6261 336 2133
6322 13606 5200 9352 16688 1227 10501 5432 14220 19263 3686 5295 9058 2893 4843 8287 16868 376 3624 12649 17424 16012 15988 691 5949 16409
16882 18006 10235 11600 6240 18538 10231 17132 12873 7380 896 6137 5277 4801 19368 2053 17317 4018 13875 1452 15097 10504 13446 6457 6270 10867
12732 17819 4281 3402 3629 9668 14848 8179 1640 5341 9312 3611 18509 7183 793 893 17006 14020 19529 18705 13782 18762 3919 15270 18549 12023
18881 18343 11835 16016 7908 2359 17962 3333 8831 12455 6048 5913 10568 524 6376 15091 10306 2605 12120 4959 8241 2683 14382 7865 14313 4665
9111 3266 8286 8552 13920 5465 6275 10112 6759 18636 12494 7995 8022 15991 4540 18713 5254 12756 14535 7023 1814 15757 16891 13445 2011 9669
15723 4692 11801 19150 13596 17290 15776 6348 2879 4366 5759 1292 6755 666 16473 6554 6471 1757 7391 10248 1814 13310 13097 9377 12965 4635
11828 8981 1549 5487 4229 19881 12064 4850 15763 11699 18831 17848 14055 1007 6796 1874 4867 6244 16020 2121 1143 19124 3421 9584 12319 3205
17901 3740 18279 19102 14842 16786 15131 17898 9191 6126 13911 356 4704 18139 10098 8300 7619 9548 3647 11204 17401 3814 18495 438 19465 4781
11817 16648 3620 5440 450 8361 7318 5326 14129 15876 1650 6949 15768 1186 11620 15559 18896 722 13329 4679 18731 3404 11840 4546 12239 14842
106 13414 5793 8603 2116 4355 18512 11576 10758 6689 10348 19288 3918 8529 11531 2159 3223 3470 7899 12456 8979 919 3360 16548 3249 14553
9493 17622 10469 796 11125 3032 768 3001 17761 3358 15130 1626 12161 17690 15847 15847 15011 15036 7265 7729 2565 2020 3847 13128 3253 30
2935 7027 16577 12642 3707 17096 10688 11871 1597 12407 8026 11859 16891 14697 1496 12599 7058 8716 11183 18443 4588 237 16876 11010 18371 10987
11200 772 15858 7787 14314 16909 16056 488 16808 60 19899 10894 3962 11201 8547 19630 9022 16619 14374 16604 17115 10843 14513 13237 2592 382
10897 4111 6496 14161 17438 2179 11804 15326 18735 3598 6451 12444 12642 3074 10645 6513 6204 13081 8269 17240 12812 8646 14678 7234 1306 152
1479 12526 9787 10486 7129 8647 14654 12683 15181 2244 7382 17652 15039 17913 9135 1281 3965 19284 2377 13350 8630 9434 4021 2130 19821 5657
7555 5100 12896 17868 16946 19179 4386 10698 18689 1993 15404 11204 8229 8085 6754 13517 6422 4214 19116 8824 14595 13207 10265 5802 6452 18068
1747 909 8358 137 19326 1821 8547 13612 5476 7942 9812 5203 4780 16093 6870 19905 237 772 12798 16747 347 17091 6279 10810 14362 8715
1026 13853 14249 15233 5872 13350 1821 12345 19264 18703 17466 15317 7766 16598 18853 7735 1181 5927 5568 7809 4267 5169 18211 13299 5392 13429
19409 6844 9338 2866 15316 8814 15919 14303 8614 15670 12095 15944 12371 1430 4742 15966 221 15980 71 8606 7445 50 7167 11016 18153 17787
8415 16799 2317 15246 12863 14926 1965 9898 13060 6659 15031 16980 11219 13560 14357 19452 9998 3950 12384 7951 9 17751 16629 544 7210 13239
8887 8099 5686 4361 5799 1673 2423 14944 14505 458 5060 13807 6112 17687 8981 3873 19712 5617 17726 3719 2191 12843 3929 12447 14936 13099
10452 11849 9980 685 11745 3988 3736 12748 11785 15075 10735 9408 18759 19959 1479 11386 13954 15054 18274 9300 2055 14742 1209 19738 1151 2019
10058 14527 3572 19162 17378 9350 4295 831 7065 14404 15 17340 16526 9191 19657 3878 7379 4685 16118 4891 8327 15268 19404 1185 11949 14630
19015 5261 7529 19586 10324 7137 258 13877 16936 6255 15420 17532 3184 6938 9261 7467 18601 17461 2855 11408 8855 2011 3370 2810 6017 18403
5167 9148 8817 2102 8506 303 6963 19064 12284 18285 7315 7339 1714 18810 18933 16234 8085 10629 6960 14625 16678 957 12058 4510 18518 12989
1323 4994 14851 14870 18784 7259 2325 6787 12430 15594 15129 13693 10056 10443 19795 16322 17551 5135 19976 7890 270 11438 250 1867 8160 17509
8773 13338 13639 18573 273 13687 8554 13961 18759 3941 3361 7021 10724 18648 3993 13251 3256 7675 1675 10899 16155 6372 12126 6932 2653 13708
788 12713 10129 19300 18033 17806 18618 1402 13162 10397 5051 14895 13613 14639 11110 15278 3485 19997 10395 5497 5743 18168 16272 16039 16629 8977
13160 19847 15926 15057 1227 8105 3304 12360 15154 933 15449 9548 510 15694 9809 10391 19773 18282 13213 2759 19482 7407 1847 11771 10418 5957
5585 6160 11566 15954 15072 15309 18300 9910 17824 9491 5729 7268 18177 16348 4343 6131 14616 3623 12697 12902 16391 2751 561 3732 15532 11675
11937 15689 12902 3103 1500 11005 8302 11399 19597 9308 13334 4091 4275 12627 230 15016 19661 7489 19643 16721 16824 11079 13393 4658 11776 13638
11064 15990 6125 12388 13336 955 12297 4268 9187 15723 5276 14584 19516 12783 4664 10991 2585 10648 18418 1346 13053 17949 19791 15078 3239 3529
14138 11082 9573 8098 9224 6153 10358 14374 13957 18844 18177 18140 13291 2449 19326 6531 13119 7721 17071 10735 4599 2338 6618 2287 1149 12154
3276 18387 8664 15193 1066 9035 9097 7975 10577 2881 15889 19272 12867 18916 12609 4993 11158 16526 6553 6387 8330 1199 3470 1294 14557 15193
5810 6201 5977 17487 793 15273 8056 9572 17977 312 8674 14908 3561 8066 19563 1059 16653 8330 17189 948 13290 7863 17775 1409 10407 14410
10138 7643 2219 19423 15157 11421 8998 3135 1768 6185 4584 8126 11470 15885 3831 3335 10395 13109 16294 1369 9850 6043 14500 3369 14057 9086
10802 4035 5329 2807 11058 4633 8294 18329 7454 18787 7296 19797 13403 17030 3530 13459 12186 16346 18194 622 7407 13811 156 18316 15917 18249
5783 5229 18983 12067 18110 11787 8770 9496 18354 1836 5621 9616 11652 17878 7489 5579 8882 15532 7573 7939 6132 13130 7693 13420 6086 14625
17707 11280 16704 19225 5549 1864 2340 3241 6965 16758 9316 10242 579 17403 18577 16943 4182 17466 7183 16123 11578 8921 10189 9375 3030 7580
11642 18765 9791 10504 5640 11411 9402 19727 6585 10791 8187 18916 14744 3453 15775 14107 15529 7310 3326 8643 432 3346 8483 5494 11436 4242
10605 17577 2339 3310 8401 7357 16271 1761 7615 16387 12845 14992 12884 6675 13807 12758 14490 19633 1486 8308 11456 12052 5984 12345 18971 15492
8041 10467 10888 2290 7530 17554 4850 15617 7099 19938 9446 4659 5230 10822 17952 12003 17172 2027 336 11690 2412 9171 17651 3649 1353 6281
18403 1141 7427 2416 5803 9463 10403 17305 4383 8021 3793 6329 8847 18467 8151 14644 11381 7427 4947 17810 2685 10635 8599 903 4805 16560
4614 12693 17006 5189 18583 3470 1009 2939 17189 2290 3265 12444 18472 8054 15006 11934 17875 2607 4435 5355 10396 3854 9367 13822 6616 3732
9735 6151 7655 8546 5531 433 2541 15046 1714 10727 11660 6419 12746 15173 17362 1893 6682 7328 10509 9491 15700 18932 3434 8700 2570 3594
17689 15598 6866 10333 16065 7463 17307 16378 17553 1830 4755 18167 13181 4329 10167 5223 15604 19781 11655 8024 16993 5564 17018 18131 11341 16431
4709 10410 13902 16817 15128 5395 14335 5678 10497 12937 8653 15446 19928 13804 14067 2105 6963 3552 3202 12758 9666 11018 5902 3277 3261 1748
11938 10625 19 16687 11206 10468 15122 8344 17147 14211 17165 18430 17559 10839 3161 2602 17625 7173 5641 14657 4863 4829 7450 8607 15080 12092
5574 19720 13282 17671 19865 4552 10314 10654 18139 9269 51 13108 9035 6517 17859 1905 1679 8764 384 4556 13922 15535 3218 18067 2608 248
13822 483 17586 16383 2978 15269 7630 14049 18433 9629 15328 2087 7641 1216 989 4204 13379 7880 9663 6742 17061 18233 10952 17198 14919 12945
6899 4685 18978 17646 16232 16682 7280 1431 473 2267 9757 2390 12220 10748 9707 185 14451 1285 10092 9472 15641 5410 14582 12990 17890 19712
14702 6571 4645 19935 61 1868 2341 16307 10120 10571 1660 12834 976 6673 9179 2252 12948 10610 1146 11308 11742 6109 8151 2452 14786 2704
6743 15457 17931 12898 19420 19379 8490 3581 10672 12678 396 907 12808 1765 12003 15283 19053 9661 5017 2765 9073 11615 8852 14980 2424 4774
3485 3545 8131 12926 8591 8594 5751 686 11230 10724 12080 14976 9765 19199 4241 19666 11140 4174 17533 8278 16415 4631 12509 930 5277 15735
11680 5913 16541 16728 993 19340 11903 4694 1823 3145 17191 15219 12250 1261 4089 15214 11853 2452 17313 15172 13079 11039 17209 3209 19392 15079
905 4086 14454 17736 1961 1807 3053 15296 12676 14084 5587 8018 2195 16494 1744 5332 11040 9217 2205 2531 11479 19805 10351 18464 12014 11616
6918 747 8804 7808 4052 8068 16216 13112 3180 1494 1973 12808 2777 19004 9150 7278 2651 2397 6009 18879 7083 4301 14063 7673 17003 15892
17368 13009 12587 16367 2978 19585 7081 18322 1683 12447 14619 295 3715 18398 15538 1534 663 17621 518 11091 16812 3122 5296 13543 15443 14227
7771 6491 14616 10185 7579 6830 19636 11764 5305 4403 16755 12239 17607 9434 2289 5786 14078 15914 13712 10602 17497 9688 12236 15798 7781 7488
11323 6092 11634 839 1525 19088 18401 12937 7259 19292 7239 7221 13816 16205 16086 5238 7148 8585 19922 11576 15871 4296 7945 5191 7960 14556
13068 9153 15372 6867 6570 8442 17877 878 16624 3249 6898 4758 3122 12470 14564 3933 6748 11101 9406 637 779 80 18774 6375 2938 8072
10963 1936 17979 6201 378 14551 14601 17555 16874 4406 222 1213 13950 2634 6654 7999 11884 10009 9482 13918 16408 3514 3240 12902 10771 15169
10502 7934 3259 18459 1039 15713 12842 4343 12261 9660 11635 1887 12383 10018 13437 1054 13262 12414 9745 12523 83 1156 15154 19472 19782 6470
123 13284 17505 13309 15975 10976 6061 13011 848 4537 14659 13190 450 6987 13458 19378 12802 1309 13967 8430 11612 5765 11603 5702 8437 17241
13374 13437 14538 6809 12014 4808 9027 15664 1199 11982 4213 8438 3628 15501 6604 4598 10829 2419 17819 19740 9219 16799 1569 9374 1432 2493
13305 17253 19420 769 15152 6409 13867 4395 3057 16703 13559 12316 18604 16675 7760 247 17723 9079 5086 15144 15939 5799 8468 3410 12431 5964
627 14380 4447 18876 9527 10424 6183 10373 9076 1276 7713 8134 18287 8898 13290 10487 17703 18514 10700 9697 3868 12203 3948 4432 13752 9205
11571 4322 6500 2876 9425 16533 3056 8822 4608 13467 2023 8098 2797 7300 533 7737 12803 2763 17765 14246 1704 16815 7891 9228 8793 8253
279 10201 10252 8557 11861 18703 5972 17048 9483 11187 12274 13252 15364 18638 2898 402 17352 11572 4110 13240 12425 2112 365 10089 12347 6700
7931 16622 10204 2563 15068 6364 18060 15299 8249 17356 13461 393 2013 8692 785 10682 15425 78 17599 6792 2433 5359 11850 6795 18697 13143
15759 479 6909 6899 7922 19714 18368 9967 2446 16567 4708 9533 13443 10121 13538 1024 14078 12731 10298 790 8207 4241 17945 7118 14854 16134
17390 17704 12385 7949 4993 5799 554 10738 3339 15242 8965 8930 2779 18303 17024 14311 1068 9852 11612 5306 9847 6867 5671 10158 9773 15073
3126 17310 12143 1914 2076 13783 7384 8236 2241 1439 17600 8226 3547 10302 4009 8520 12220 14644 2932 14649 1025 13298 3926 16577 6710 16244
2849 17656 4380 15225 8184 4176 14625 7593 8488 6291 12249 18692 6968 1620 9533 18760 15521 9349 9990 7029 16515 4988 10159 4452 9726 10074
15967 11059 4844 3481 4986 16069 13249 1735 9935 14079 3861 11604 11924 17109 16593 11610 11635 11440 11800 10307 2092 3340 10404 3563 2299 7908
12016 5541 14201 11363 17906 19200 3333 11121 17374 17305 14386 15501 6549 1376 4107 11686 1410 8334 18987 4317 1264 1952 14561 16527 12744 9473
8844 19457 15924 13694 19817 8038 16769 15737 12984 2375 14812 16852 681 514 3981 10982 507 17587 4402 10199 19376 6952 15738 16351 12873 1900
18443 14680 18375 389 7046 18943 3372 102 10180 18605 10051 19186 4889 14089 17168 3358 5291 12512 858 10443 19321 18634 6730 3146 3916 7119
16047 13635 9497 8106 6826 15341 17390 15876 15722 11773 17114 8469 6391 2701 4505 13804 2211 8608 15865 10278 13690 61 16017 13938 4674 1007
8916 17822 11635 10789 586 2664 19212 17541 2746 12420 11493 12047 7689 8318 1613 7664 16556 14572 10667 1961 19622 9193 9468 8447 13365 11967
18019 16848 16416 2351 5007 16455 5193 17979 17775 5227 18193 3329 19667 4561 11109 15178 15595 13981 7269 4541 246 17689 9245 14627 8496 19944
3578 12119 18025 6617 12495 1645 5468 18314 7614 16434 15003 9037 16801 767 11562 1383 2007 10571 8277 16134 14218 9778 1848 11243 16527 5064
14257 12111 10702 16573 11767 16716 16932 6489 16913 5456 13486 14349 12138 8125 3916 16283 11418 6366 19745 841 2356 12913 16694 7622 570 15557
266 14771 10730 587 18122 5675 17593 8636 970 10916 17607 18318 6113 13958 2813 2306 7219 12095 13154 5961 13856 6690 6746 15589 7611 2593
13301 6501 19629 19713 9604 12049 1678 6399 1167 3622 15049 12994 15127 18955 2085 755 16358 12681 16820 6116 8022 12514 19674 5468 4599 5950
14584 16098 13554 6987 16610 3178 6807 14205 10981 17951 12182 1849 9654 2591 3747 17413 3719 15779 18667 15435 15162 2082 10764 19313 8470 13070
10179 2520 12787 12956 19683 18956 14718 11278 16311 13403 7438 5917 9663 16370 10857 19306 13901 294 13718 11140 7042 18280 4637 9735 17333 4819
1802 10989 17895 17486 7365 15267 15009 1051 18412 19601 4895 16498 12587 2081 7766 6564 3866 15725 465 5644 7584 19463 16930 2342 17206 16144
6475 15416 6728 12805 6665 16331 793 7381 12859 5992 4166 10020 9489 9295 11748 4777 200 257 3785 10942 8981 6219 17934 10751 8798 17575
15964 2643 10587 10076 8469 16428 4206 16878 5900 7524 4708 5998 3012 3523 14603 15995 5011 2194 19160 15062 4707 11697 6391 17514 10056 11599
7550 14701 16638 6894 2108 13270 9513 1551 12553 5709 19806 5156 6208 3147 7212 8384 12783 5308 12732 6139 8904 17213 14409 10258 19671 7686
19655 1862 7226 19673 4038 5225 19769 1929 2178 8275 5705 15679 11772 1674 16465 9467 16560 9987 13981 5085 10186 1045 13633 18633 1173 15239
6511 17990 4806 18767 17883 11503 14975 16514 17080 15007 18198 404 283 14101 13348 4622 17490 11684 1611 15717 9577 18974 12170 4205 11325 6458
2068 15488 11638 11749 15776 3362 3423 17119 14971 6588 12368 11045 2096 1902 6548 648 18478 11595 18757 6706 11908 9453 4907 6871 8367 13250
6403 10612 2306 11577 18010 8457 14993 15661 1354 5385 4134 15397 1539 5915 1425 12748 1856 17899 980 11865 16359 1972 17380 3625 12271 16269
18276 11888 16037 17717 3524 1475 8079 17787 17962 13786 9868 19370 11994 9058 12282 7237 3331 6615 5570 1083 17866 4892 3416 10461 4334 10683
2747 18582 12548 3880 9007 11875 14978 19832 6785 1991 3065 15783 5317 10639 19746 4412 17532 12756 17776 16499 9827 17523 18989 4860 3146 13761
14438 9761 11024 2853 3342 13579 7568 821 2317 2934 10631 574 10612 14068 17868 11242 14071 14625 18778 18341 13349 3576 4878 5402 16274 12749
14615 11564 206 4127 1016 749 18994 7740 5948 18642 458 2213 3744 11865 19658 16238 11239 8855 9273 747 12052 2271 15090 16966 7848 13381
8806 12648 11079 8874 3778 6168 15876 10583 1968 13461 5448 15141 14003 12907 1810 14490 13229 9338 7428 7538 576 9262 11666 4869 18327 10747
17867 6713 11391 14813 9828 14541 7673 9632 11639 10819 14329 12147 7705 12897 1237 10301 17801 721 6350 5757 2884 2445 3856 9152 11270 12795
1215 19935 7651 12515 9466 10531 16634 13287 8052 3396 10454 16156 13424 17537 3380 5470 6113 16481 17977 8928 16533 14883 18731 7988 6935 4298
18066 6896 18908 2068 15656 14582 12750 4797 15031 695 525 3978 14567 7138 392 4140 8188 19836 8196 6780 3326 11418 10722 3933 14492 16268
1394 10670 18676 8890 19282 2162 1998 744 4791 10724 8654 7653 324 1688 15265 13620 4450 14725 17300 1053 1539 19441 138 5486 16695 12115
16555 639 5712 8700 14977 5306 7405 17645 19184 5299 9064 7170 2578 12194 9515 10103 4561 2178 1478 6967 11974 16689 12257 17071 2698 17119
15867 9410 17956 9437 8124 16282 18048 12406 14127 7806 4063 18241 16567 8598 9087 7276 10748 15336 436 12533 1605 11544 15112 17856 5236 3159
6810 17625 6855 11850 1979 6747 2545 17157 8351 2758 3240 17266 6316 19233 531 16822 19563 10240 8245 19033 17090 5061 8251 16553 5895 17899
5213 13368 6285 7361 6171 2008 5549 4273 6014 7072 13014 1989 3420 7226 3221 6100 8404 19148 6358 3006 7198 5076 15548 78 12068 12752
7813 13987 5352 15748 14110 2581 14307 979 13733 598 10362 675 15608 17349 11174 13932 9820 7183 16291 2966 10211 19648 15199 2755 19862 14334
14580 2031 6300 13731 717 13408 19267 17665 7083 5865 2526 9141 8036 8519 7604 17937 14774 10512 9748 1206 16378 13007 95 8295 9503 2528
14349 18857 15113 14552 12996 7684 18304 2473 14003 8453 8778 8938 11107 16946 13510 11467 18520 11605 13591 13889 8453 10103 1776 15817 973 15134
15713 16577 8387 8437 1309 6695 12154 7789 19503 19845 17149 5610 12239 11794 14802 18163 19167 7977 6983 8077 5984 14305 5629 15208 19929 11098
14453 2469 799 17477 2809 8833 4030 16126 7802 18526 2400 2033 9058 15073 14308 5050 14964 8177 453 4431 15472 10203 2681 6178 11542 6426
11971 12543 16494 14823 3051 9413 14370 5423 1765 16023 12303 8097 1583 10399 6330 16076 10569 8887 8389 14212 7230 13436 10169 11574 1991 5875
10303 18216 5914 9501 1753 4866 9520 12207 13158 13322 224 14429 8422 14816 14017 9621 17088 5787 18059 5527 5366 7669 9350 8663 4992 13057
3263 12263 12571 9347 6650 14408 15181 9618 6414 1736 11634 18086 12238 2492 13043 8098 3822 9270 13017 7026 13397 11358 9340 14579 10636 13720
1229 520 6520 18619 1538 8237 4651 7973 18620 9383 7639 3467 5054 7818 14590 15528 2913 5882 10746 19419 5816 476 7763 17858 12859 14801
12056 13906 18970 6544 13295 10481 6442 12198 5867 17880 497 8170 6339 11433 14574 1694 5025 11100 17251 1784 17837 8313 5313 18074 16341 8894
14703 6462 2245 19089 18582 5764 11011 12708 18072 9373 10509 8224 11913 8306 14520 18131 13465 12414 8889 18700 6545 11346 6736 15365 12779 19926
15619 9132 9411 11635 5208 1842 15807 19317 8077 4430 2634 8336 5220 4272 17057 9342 62 8069 19347 6318 12097 915 17000 2949 10476 15431
17748 19516 14123 18341 11054 18845 12901 3990 17468 1528 5835 10356 11479 2560 17762 19829 8096 8731 8553 12398 17421 2003 6736 10381 9324 12831
13327 15088 18695 17251 2246 18195 1733 7742 17854 15056 5584 5769 3014 5075 18345 1296 15152 13239 5484 18048 11057 16038 19014 1755 3208 18454
17621 10407 3212 16453 16930 2989 5689 5619 5856 15550 2930 999 9166 17991 17612 7691 17318 3262 16953 9708 10587 4650 16084 1956 15309 17789
6233 3943 14029 3409 19537 7873 13864 12782 19958 17818 7543 2828 6417 16721 7154 9825 13953 5754 17184 11303 4262 14534 2963 8297 11404 15936
13728 1958 17330 12417 2677 18328 8187 10200 13000 18566 9317 419 17282 5533 10460 14677 9475 12910 5772 10435 13784 18249 4359 14649 15634 4540
3817 921 10742 16176 8732 4304 3483 4238 17282 1261 6763 3853 3738 10553 19910 15034 19053 8555 4902 7409 941 5578 690 1717 1970 16435
5203 14808 1052 7667 9999 16638 8918 4124 10671 6895 13586 19907 5957 6740 11847 12050 19526 5732 5058 11648 13348 15209 19818 5288 1652 18964
10579 7941 5704 8461 10827 13242 69 14043 1121 9550 7720 14205 5143 4022 3026 14330 7841 207 18455 8585 6935 8650 19841 10071 5276 19959
5251 15736 2807 7746 17912 6136 18490 2476 3118 14848 12443 11838 7206 9241 18690 8384 7126 12238 7324 10534 7177 13646 19967 10798 19668 16880
11148 2273 11414 15779 11734 3941 9645 7275 10362 8569 5908 2520 3016 13559 9977 19604 4204 19972 6347 5351 9418 19098 2879 14184 12745 9041
17547 7216 17070 13112 5680 5156 17238 1397 6635 17070 9082 12370 8018 14286 11557 10854 4363 9385 15887 1624 18459 4414 630 19271 4903 4361
15973 14877 14286 7798 9672 6046 9128 11676 3889 10621 15846 19606 19308 2744 17572 17659 2579 19074 5448 2446 8823 3405 11605 13121 14279 19782
15044 18682 12597 16394 2609 9728 4574 3992 18082 12158 3516 289 9519 1321 5726 18596 2982 7088 736 13111 6643 6288 5978 11009 17433 7085
2159 16845 10826 3498 2851 10877 8316 10412 15433 14344 2996 10066 1610 19427 16027 10703 12533 4799 14791 12956 13173 15671 11546 12386 11731 9145
11726 2227 10324 14630 18645 988 5439 3981 17418 17809 13154 4741 2469 12001 6366 3881 7316 19180 1861 7402 8706 8122 9807 2308 2769 3866
12639 5122 1365 10044 10910 2629 6161 12836 15227 7084 11853 15532 16006 3669 8004 19350 14297 19050 12672 16451 2658 19032 6354 4988 8393 3270
5097 501 15538 9478 6501 4724 2324 12594 9182 9561 11409 12955 10031 14735 18126 19004 17403 14 5114 5999 4617 10700 10956 4107 5236 2928
19102 3560 10043 17417 13927 10751 3825 11626 5394 11929 8553 13856 12748 18912 11633 6726 5647 7833 4398 7887 15790 19245 19063 1072 15500 19874
8063 8975 1130 12852 17752 17563 12813 11091 3933 278 5329 6586 19834 13272 19627 14326 9964 18890 6343 12070 14541 16392 4443 6948 16760 19369
19031 10624 3030 12989 4071 15778 2744 2993 15674 256 15097 2249 7234 13088 19151 4084 7301 1207 12817 12370 14111 11492 3186 397 9093 13044
16773 5258 8792 15314 7536 788 16787 2021 1572 9718 6190 25 15682 3280 5115 5625 11954 5743 14854 6076 11752 19688 3274 15451 16403 5891
9444 14828 2365 9918 11416 15897 19330 5041 16236 17519 10567 5858 18751 15671 1304 8415 7630 15829 1157 6949 17115 12827 18455 10710 9430 16469
13955 1944 5523 9374 17188 9418 17916 6040 19384 7679 9627 11386 9900 13553 12134 19083 1508 3869 7451 15320 19161 17892 11100 12955 12606 9742
14941 322 4680 6115 12498 19014 11712 469 15255 12745 18981 10472 6285 8689 11375 3212 60 3970 8375 3266 13825 18039 10490 14119 16861 5851
18333 2308 4578 9030 17409 3875 10694 1952 10139 5253 7612 310 3478 9053 19549 12776 10119 11546 19954 28 13997 17790 18589 8789 1779 1338
8215 4094 17551 13745 10251 6612 7949 10832 11803 19299 15640 11603 6380 18025 14540 6070 2586 7439 11582 10979 12234 18579 15972 5671 12472 5101
10899 672 4715 4313 15987 5919 7838 6980 2940 16606 13818 12531 12223 8835 6829 11485 1868 19334 11982 4984 14266 7696 18559 4639 2214 6211
11989 2398 7556 19841 10513 16346 19001 11138 2910 3566 13546 3556 7430 3680 16608 16754 11428 10535 16859 9589 191 5048 89 15305 12070 9589
10933 9214 16055 5080 7094 18679 16341 12087 1172 5547 4606 16104 18241 18545 9042 9179 8529 6384 16837 16685 7498 11077 5 9542 6899 15838
10875 7076 13281 1948 3500 19828 4575 5632 11141 17894 8178 11258 6589 7071 9079 6010 12047 3370 8664 10229 959 16738 7025 17970 9686 6651
11977 8491 10068 11320 15505 19374 11613 16342 723 887 11802 11572 6233 15399 2244 4892 15257 19336 3121 11995 955 14384 16419 13601 15374 5855
2419 5810 1524 6018 16360 12586 10538 10737 17705 4439 13263 19990 16982 4658 3757 17356 17599 6558 15146 17882 5678 2367 15941 6536 14070 17221
19019 104 6099 4296 4452 2424 19594 17660 5519 7464 13738 10188 12334 11081 2535 12040 3272 5789 13242 12265 1611 6318 16763 5413 16776 19568
13615 7368 12802 1419 19305 10667 7979 13030 10527 11559 8579 11401 11846 5533 8690 8026 6323 1023 5456 19760 4695 4538 15066 18369 8827 4072
7842 9100 739 16098 14334 4918 7081 1956 4042 4580 4452 19572 13576 17528 8872 15932 1807 14526 7621 16340 9933 14051 15803 9287 12053 15229
5492 1498 17027 8060 19076 12333 14051 19363 5432 7757 1554 16482 13016 14766 13488 13665 5122 4067 3391 14411 922 12133 12524 12481 1258 18646
2816 12968 4361 5678 4702 15189 16256 9555 16113 635 18530 12129 13545 12689 18048 17135 2509 19985 18612 5870 889 14668 15972 16402 18860 12348
19532 13532 17424 3509 15547 19141 5281 17605 7900 9666 4757 6179 18875 16594 8298 13477 5691 15046 19826 7532 9016 450 9793 5900 11563 3922
14350 150 3008 6282 9171 12440 18239 974 3043 10888 2062 10710 2460 15641 4438 3438 6697 7464 9275 12498 3050 7836 8353 9958 15055 7341
14144 1713 6951 13374 10829 17736 2376 13135 10867 11964 2473 11288 17655 14200 17913 12463 11985 4090 17881 18429 2025 7315 16580 12236 10141 94
14494 3383 14740 18398 17919 16000 10343 273 10913 6375 5463 1224 16452 7236 17285 11443 12714 8481 2277 10469 8195 14863 19623 9999 14326 7559
19367 12864 4103 19838 139 6436 9725 14084 4104 1762 11516 14168 19219 2306 8080 17053 5770 19516 18477 4672 11717 6635 7799 17815 11973 18352
12443 9320 14646 6939 2572 13945 15366 2532 4874 11111 1967 12965 15506 4837 13613 17244 3322 19632 18543 970 510 8152 19594 9742 7992 18728
9978 8859 2359 16425 5649 15290 4952 18403 1789 15381 1460 16958 7071 12690 7120 11429 425 9892 12815 6885 15281 16235 3756 13086 4035 15581
17839 7522 2086 10103 18765 2484 18045 9675 16817 4483 17679 5972 8060 16118 2146 19038 12330 14560 10936 16680 15576 10744 1832 8694 2271 9496
12519 4556 8949 15590 18638 8892 1441 14695 14299 18863 12656 4679 5191 3756 19626 12367 17877 6446 2787 2902 4114 16283 1238 18044 16777 14174
224 3178 19866 14678 18557 12264 9304 1999 14263 8622 15018 1467 11674 19666 11452 14844 14590 14576 13048 8778 13656 6502 10417 992 7256 11229
7148 6762 15697 9416 7883 8040 8814 9451 16960 13799 2873 12850 358 9757 293 10503 15451 8270 15079 8236 5532 5870 6369 8161 6126 17049
5368 14626 10089 18327 1415 2344 17967 11364 6840 11956 2901 18923 4636 14842 14063 8991 9220 5533 13420 12262 10497 13129 7270 4182 346 5576
17466 9984 549 1026 3288 10485 17736 11399 11064 18915 6046 1396 16775 19140 18649 6497 15780 5670 6476 4346 4629 5259 8398 7157 9770 19389
2078 237 18790 1120 19225 11584 8479 19829 18545 16437 19061 6447 10347 12701 17492 6468 3867 13062 9677 4263 3265 8586 16723 10944 5084 9306
13315 19271 11197 1307 19912 1044 912 4482 17648 16450 10244 6784 10599 18762 1603 18192 5152 12957 19933 16993 5400 12080 13610 7765 725 16716
13180 5866 1612 18172 4710 1462 15983 7623 38 14918 15383 16754 14800 15460 10334 16507 8193 11075 9397 11413 12103 19827 16732 7210 3110 4286
19631 19582 3237 13611 1582 13946 17739 6179 18303 2763 12156 8184 7518 9814 14609 9274 10862 19345 12016 3860 13458 13301 16591 5453 1784 5452
3041 10828 6638 13242 10130 4225 1327 6983 11565 11994 13551 13852 12093 8568 9828 17023 16491 282 11140 14224 16924 2250 17327 7011 6392 15539
1416 10806 6490 8166 1314 4953 10165 12626 16097 12586 535 10065 12181 13643 12851 17066 7087 19788 16099 14422 18642 14129 4050 4647 15118 15398
10845 15877 10437 3689 17852 8401 13173 3889 1650 10794 6222 14871 18442 16586 11405 10606 11298 6509 10707 7882 3962 5591 8164 2169 2080 4163
3449 18294 19125 17484 14122 10925 16589 6037 6943 9374 15867 115 391 5292 8775 5244 7640 16932 16116 17166 16887 18564 14164 11846 354 10782
13772 3053 14795 11163 4199 14701 3269 3250 15175 14368 53 5130 10388 15948 14633 15737 12726 11346 15788 8111 6346 3490 4576 4223 7105 10894
13297 7355 8118 15915 9579 9393 2663 377 4188 17263 2051 18014 4329 3144 6222 6158 12629 4726 1457 655 18002 16953 19166 4329 10033 11038
5747 10157 1 15623 13377 815 3838 206 18773 16514 1527 14443 5582 6924 5498 17244 7504 8303 11162 9593 15782 8229 16519 9594 19878 11363
19142 1971 10573 12728 6873 12121 75 10907 17559 9678 9331 3676 15321 13791 6436 10485 12566 17433 10961 18309 559 13023 19244 7532 13438 664
12265 1476 11176 11225 459 1052 18579 1109 8998 9060 8229 14142 18278 5243 18477 2196 18440 15307 10188 5253 4784 11223 1440 18015 18752 4447
13885 1712 17971 14156 15311 1190 7247 5664 9317 7113 14713 111 9538 4916 2479 15168 6285 1769 7481 8490 10640 8660 3408 8773 4133 1920
8868 800 3201 4371 8479 19404 17112 3711 10363 2689 10207 11288 935 16042 2226 8841 17611 14912 2023 7899 3561 15512 7211 10164 6054 18960
19968 2528 14412 1414 5663 14297 3314 3153 12035 3816 3473 18116 35 16204 18352 18395 14389 13214 6009 1614 11671 14065 8532 18744 5808 8125
6695 3844 8479 16062 11940 3211 4098 17763 5243 15598 220 3745 10942 6728 17310 7437 10523 11398 15429 1325 10727 5287 11859 15169 10141 2558
11002 4848 11142 12952 2060 722 14396 4890 10699 6136 8495 12929 15568 9872 10427 8271 17507 4897 878 14464 3865 12334 5525 18572 14589 3218
12760 8044 16866 5204 350 12747 19207 5459 9790 6707 9325 5608 2914 10833 5982 8634 18972 17155 8474 5374 5339 13905 19566 18513 9504 4690
17184 17727 19504 19249 1060 14307 19720 15724 18698 2687 15302 8106 13453 539 1970 6533 13934 4293 18027 5566 12062 3870 18863 8996 5636 19999
7378 17924 11040 18233 18976 2392 19213 747 11196 10456 4486 5188 7735 17373 17434 4051 13777 14048 6190 2357 3893 15557 8186 9716 5502 11155
4298 10750 14103 4644 16652 13545 18786 13113 4645 6927 14421 13367 8249 1743 5786 6335 3529 16177 11449 5762 4399 11421 17746 4214 7520 19726
7143 10237 12428 2817 9664 18702 15124 3009 5036 2909 17785 13127 19924 6823 16792 7927 5319 17296 19750 7158 3330 5450 17953 1607 4493 9569
10434 14455 7463 907 1553 14892 17395 6547 16001 19760 2099 10882 8988 12979 3526 16940 5881 18942 11187 5723 9344 15984 15401 1677 10542 15671
7074 16371 14519 464 16458 12030 3692 3063 17338 4048 155 13267 16496 8389 10873 12380 11453 6062 13108 6816 12393 4483 9721 18987 12955 9658
9826 5021 19419 9299 11794 13391 11731 6760 11990 5353 19298 8835 9054 13276 11297 15691 251 7254 17702 6939 2973 815 15421 13439 9354 4811
8607 11781 12389 18111 9545 13733 17320 14888 12378 397 11912 12784 15720 802 6809 14020 7185 3694 4510 2099 14129 9427 13768 9022 9554 17860
17745 331 15493 14754 5039 6821 216 3869 4812 11716 7418 6324 18121 3832 7822 3527 834 16290 2844 14256 19735 11030 18116 13822 16894 19719
13002 8972 18039 13604 12873 12395 674 9714 3384 16152 7876 10807 10430 10310 1786 18896 11994 6491 3107 10585 15339 4776 1498 13360 12692 11370
9640 19778 9520 18537 9510 9217 1388 7255 4010 11857 4729 11167 12289 3748 15210 8724 14690 6155 4492 14320 17589 9174 5180 3507 5025 8280
2930 12191 12317 5932 3469 16878 8083 18106 15093 13560 2614 12974 9425 692 9574 9098 4455 13602 16421 14758 1014 17067 8452 7220 13675 2682
19342 3065 6194 9918 14142 17199 14784 14809 15391 5170 15609 2161 9519 15467 1331 18540 13400 12146 7393 1660 3708 9597 2469 4116 2311 3359
19206 17455 13836 16191 10669 3019 2741 18184 73 548 2299 389 5189 4825 17920 9868 12909 14743 3824 3683 12512 11179 11729 16633 6659 676
14576 12917 7623 9714 4097 6388 18520 1016 9985 2374 11416 9465 10600 11326 9102 14784 11307 18773 7807 13893 8054 6029 4023 7064 2941 5917
1987 11919 9326 6517 18168 2436 8419 19267 14106 15874 5562 4119 4346 1649 9283 13288 11949 1197 8422 18012 8066 9064 10089 6820 19996 13837
228 17833 4163 7355 17784 12866 6520 10316 3428 376 10328 16225 1844 9464 18252 13748 14836 6185 2191 5626 17629 15779 15949 77 8078 10721
15811 4076 16348 4433 18751 13866 13696 16128 11189 18070 7221 13149 4603 5210 17496 16029 11715 19579 17568 2586 742 1961 10517 2837 7455 17087
5169 6289 11710 13723 2761 15547 2917 17517 13281 17241 15328 5902 19643 423 5775 7486 2203 19666 14746 15177 13843 3283 3904 19493 12959 6270
11032 12554 11564 7252 3723 9980 7525 4392 8051 13130 1107 14522 14298 15898 12769 11553 18671 16322 10464 4133 5756 17422 10290 19080 12261 12723
18525 7339 16506 7449 5646 15846 2340 19691 10456 15465 19264 3788 17608 13966 19537 928 449 16555 9912 1919 6686 5140 18743 6729 10386 2644
13846 528 1906 8301 16336 15643 18666 948 14967 13555 6541 10884 16459 15392 7277 7722 13842 2292 5467 19506 18222 15142 18872 11522 11054 4404
15790 7508 9986 16909 15251 18824 14242 6675 11371 12793 11306 7633 13940 14664 11665 14024 911 14620 19136 7378 3907 8887 14814 5518 12870 18380
402 2946 8041 19960 19595 11056 6378 6815 7767 5290 10497 8949 18939 5110 10679 7274 6534 11976 5919 5427 9413 11493 15075 7795 7807 4287
8162 6437 4428 17209 11003 1004 11539 19168 7286 4578 19707 8308 10605 10286 5014 7960 14437 12574 17800 12708 7890 6247 5361 14136 14076 10835
12700 9027 15687 18405 9966 14097 6673 13058 1878 17779 4398 529 19626 14139 5768 4657 1948 6972 4522 10144 16537 9164 14544 12488 8138 5926
10812 14460 1803 10517 14612 11323 12181 11421 10995 17963 8749 4293 13530 17900 5189 10069 13808 6484 19674 18170 12264 18772 11681 19423 3079 16054
12241 15850 18024 4043 15075 13238 5237 9168 9371 10938 11170 3523 6771 17751 16449 8278 8108 19379 6879 16428 16862 17621 11257 134 15054 352
9313 16633 5513 1788 3267 6608 19919 16623 3560 1084 7514 14977 1502 19058 10666 16959 5652 1002 17565 5105 1199 17645 19162 18336 13293 11120
6455 17891 2936 9019 2329 5306 13685 4522 3938 5251 4129 2805 10468 10968 6607 6395 8246 15151 7910 17506 16061 11030 9769 2793 11423 1568
19329 16000 18939 17623 17754 18406 19399 6225 7899 16374 5272 3403 13420 3260 11369 1918 15141 13644 2141 10998 400 106 9311 3984 7491 14422
17261 793 1510 18539 10731 5715 12783 9565 13355 16046 4419 6698 8678 12336 4418 4311 5200 4447 3591 1297 352 16912 1378 17601 7921 2258
16199 19491 15825 5928 2049 4076 545 8689 8641 2415 14929 15495 6536 5773 8171 8283 11546 3400 11780 19680 12209 10399 7827 16762 5020 8536
18437 8166 14738 1811 1608 15151 10617 1179 12233 10441 7656 1089 15354 15460 2238 8321 19137 17930 15561 17109 15294 8131 4643 19729 11261 9937
3641 18473 12514 19284 17972 16213 12020 9186 10653 18356 7768 1417 19343 6643 18328 8279 7556 159 586 3407 8136 15268 222 9804 16949 10607
16220 12254 1537 4067 18363 7853 12982 4101 19737 15635 6294 11568 1287 17489 14324 13479 18502 4526 13090 15676 1892 3827 6971 16714 11468 10234
10246 11932 9356 10118 147 7249 18671 9576 8115 1636 4346 12148 11178 16532 15947 5637 8305 16801 15933 15212 10808 6489 17513 16663 13711 12443
2080 17413 10292 18603 13866 19258 1115 10443 8283 19563 1044 19211 19873 10239 3214 5086 11960 17253 16972 6830 18373 6847 10835 9903 8149 2498
17272 8421 10487 5941 15410 177 2858 16534 16889 371 18845 2744 16965 8312 13053 8628 3551 1431 15125 18311 9075 16129 2486 8139 102 12111
13994 3825 14828 12186 17190 6053 12409 5199 13813 15120 11508 9734 11778 4576 7267 2790 8923 16416 16152 9614 1048 19327 11690 9680 17421 13690
4829 885 2983 3830 6627 590 16124 13973 10995 11484 2622 10975 14543 1856 1238 80 9755 17165 18304 7599 195 19170 1946 3375 3308 15564
14844 1712 15709 16728 3721 6123 14789 14816 15240 11471 18247 19823 13612 1538 4508 13501 6234 18521 12605 16391 15294 2483 17433 4049 14767 8433
14764 17055 18469 6585 18926 3873 1958 6446 2637 13571 14983 6578 11057 4505 18139 19475 8419 12220 13614 5663 5461 3152 9147 19641 13310 2974
18788 11895 11643 14136 7545 9145 8775 4069 6227 6910 1144 11905 16462 181 13781 14232 6188 5109 1854 14909 10751 12806 10106 2026 10527 14460
1189 12756 13920 6627 17919 805 2798 19242 9282 2974 2335 8618 3862 12603 2049 5475 6373 8613 13601 12279 8249 32 8333 15313 9871 9943
536 3495 11823 1246 8060 13111 4830 2268 16507 14348 10416 62 11758 5036 13679 18676 8044 4147 4064 2502 17203 9452 12002 15405 9773 8303
11437 12210 15218 656 18607 12031 14111 16562 341 15205 4580 882 6010 14453 17647 17777 13510 11024 186 5544 8554 16807 11419 2732 17897 13718
2930 7446 15604 13234 16881 8982 2057 12741 12822 17933 3785 13840 7570 17941 5499 9132 11071 17432 17727 4426 3013 14627 8273 11870 11681 8068
7331 1621 788 762 17820 11858 18217 4263 9780 10008 7726 10449 1805 1198 17782 14340 1580 15727 10561 14796 15435 12187 14457 19216 16770 1672
10603 10886 4018 11043 9374 10949 8827 12169 2414 9077 6160 3661 15423 19673 17220 3440 11945 14326 2362 5916 7495 5054 13018 6111 8858 7018
123 1214 14261 3128 13090 12026 14553 19022 1181 8055 6009 8364 16895 16366 13505 16755 3548 7039 1737 11278 2828 537 14776 6339 4661 19710
12260 11041 10729 4658 10751 1873 17080 6248 14936 15625 6226 16271 11139 17191 4686 7754 10963 17115 6033 16533 13280 15106 16061 7366 1162 434
19668 2274 101 12829 8082 4525 7844 104 8800 12959 1897 5720 8619 10264 19225 5786 10639 3980 1227 2659 934 15500 7794 5442 6789 8460
10432 11278 7689 13470 18156 11739 11645 18674 7067 5538 16315 5211 19283 16844 19862 17623 19170 12764 7546 14706 16511 10247 8879 10253 1273 2937
3235 4215 2082 6881 3163 17335 4891 12391 8621 1752 7945 19062 9392 10306 17802 18431 12409 1140 6918 11595 2093 11363 16966 16786 2134 9518
7587 16747 18480 12625 17572 11955 4879 12121 2271 19710 8321 2161 13028 12155 9818 42 2645 5517 9409 4413 9877 15153 97 8104 4451 11473
8818 2741 14924 5694 12192 941 87 13902 11418 17423 5390 13782 13284 17781 18831 4058 4729 8799 14034 15173 15438 17593 10261 16952 907 8225
4266 8275 7500 4191 18254 4913 5972 19517 10742 16467 16803 6053 4826 7904 13140 16149 11649 9619 13431 19998 4791 19513 10126 15371 11989 5378
5328 17272 459 15375 3576 16541 16613 1508 19197 714 13706 271 18803 18572 11946 19913 19233 14111 17161 4538 10519 8779 1760 16709 12677 83
1450 8489 3462 15051 5907 11225 18113 771 508 13539 3852 6548 11523 9640 18668 19406 5110 117 7899 10916 13284 4340 13871 12469 17198 13351
9750 15844 3704 12175 3106 18413 4396 6976 10420 14633 1418 8031 8861 58 7581 8192 12280 12488 12406 16084 5361 3708 7625 3360 14524 17875
3840 10104 22 17620 6314 1054 9139 5489 13832 12505 8653 719 5299 1458 4319 7879 2692 2796 11365 19663 389 13746 1332 5495 9897 11098
15490 5535 10839 6121 9883 5048 4985 12672 2992 9939 7584 11482 17424 1321 11846 18503 19405 3675 11408 1131 7666 3890 17683 1112 19002 1468
15587 10257 1649 1043 4244 13216 8921 381 13447 4174 1982 4865 7350 14682 10406 19276 8659 2382 7075 8197 4301 7204 11780 13971 15071 1104
4080 3252 17895 7791 410 18266 17496 17700 16015 2546 344 4006 19629 2575 15384 7940 11124 5548 14852 1742 5423 7052 7491 14983 19285 10375
9678 7131 15191 9933 19170 3185 14311 9375 19130 2427 12622 14373 10512 5185 4909 17012 8804 15764 2635 19162 11235 4358 13159 5981 3648 14434
9478 17026 15050 299 7351 11057 8711 4101 13752 5375 19362 10548 15892 10770 14669 19951 7691 13973 2138 5488 6476 16406 9708 8159 12136 5593
7724 16429 2574 7173 15938 14000 9658 11422 11099 19452 359 3820 10437 2377 2902 1542 19053 5837 1137 4648 14909 14067 360 18724 18616 1858
6561 10691 17043 9014 17293 9791 18991 14697 6220 3381 14753 5264 10415 4044 10389 11479 17942 1074 953 8152 7235 1342 19326 10708 2860 17960
14895 15778 12067 9318 14061 11790 19465 5140 7278 19600 828 4132 17711 5541 403 11256 6751 14743 19279 1274 19674 15936 2454 4574 14897 14533
13319 8211 11327 8130 17351 7821 15397 19490 19517 10689 9337 2959 7338 17002 12517 14243 13285 15995 6982 688 277 10056 9056 8425 12589 13178
10114 19811 8037 14855 8819 12885 9305 5955 14070 7922 14026 18999 13721 14749 7967 14393 14465 7824 3686 6353 376 6552 2316 53 16624 13882
2815 8323 16531 1988 19264 9581 6989 13253 1949 11797 6560 7250 17238 3051 10902 4983 2036 16291 19940 16102 19863 9274 4140 7647 11069 9989
741 4312 11153 16426 14175 15914 9445 6785 4811 8085 12416 10373 18417 18235 2166 1777 17273 9222 9790 3756 8339 2651 12382 14544 5559 8938
10540 16654 11968 10421 13586 5728 346 749 8543 18175 13534 10891 6433 15334 7817 19333 7037 17776 1101 18443 8041 13908 13111 7375 5330 1883
5045 6172 14593 12387 9690 19089 3115 11431 16847 4785 12027 8972 4030 16171 18323 19099 11604 3285 3729 17856 6988 4655 8448 11811 11638 16029
7320 11869 9885 14947 12738 2608 10921 7563 11515 3563 7995 7881 1632 16603 13375 5003 16153 18526 8865 14553 8767 5804 18457 2192 4312 10492
7614 7724 2482 19082 4610 18742 13937 1927 3316 9049 5874 14280 14659 10869 3211 9540 4594 17359 13621 11118 16656 10882 4646 17163 17907 13789
7361 7062 19851 12335 14761 3501 10016 7325 6550 647 16214 12692 16772 8605 6931 17692 15672 16546 6165 5229 2656 14791 2484 8650 4054 14898
4667 10725 16117 3268 4637 748 9708 6792 16800 14904 16001 3607 10253 10342 3107 3282 9766 12022 2524 445 3462 15143 18101 1495 8341 1238
15215 7149 507 14829 4359 7631 8515 3095 4203 8949 3686 3886 10404 14951 15845 5362 11096 9783 16257 11333 2477 12561 7744 5386 18725 16049
3368 16696 14187 6663 3883 9304 6179 3110 14307 3426 1327 3337 4446 687 2714 15406 14974 13503 16058 2067 16216 5684 19368 10025 19037 8068
10015 14531 5035 19038 6004 11188 14155 12160 5710 5911 14071 1563 7474 6684 18491 19752 16909 5510 19614 9891 12983 16807 10233 7567 2173 8349
5706 12498 9500 17137 13820 14285 1820 12914 15315 18168 5737 5642 3888 14661 5640 15695 12736 7534 5452 5463 6583 3383 18961 16785 13431 8050
13502 1161 11711 11478 19326 6937 3967 18332 6912 13091 11306 4725 5303 190 1000 4248 14962 19144 19360 19516 5408 7166 15577 18283 5833 6402
15680 9383 4042 12226 1946 5389 2755 9720 11372 9249 13233 19850 7215 6521 15641 2950 17710 10273 7171 19978 18633 12954 6483 1421 9403 873
9518 4752 15587 11958 6674 2514 16435 8151 9142 17155 12657 16605 3849 2368 12045 12494 1533 8533 13642 6093 10642 2474 13064 11211 9661 15677
11662 15881 1626 13123 17659 15054 1215 4860 208 7464 1557 3378 3650 17152 6713 4711 18636 12332 10619 16524 3683 3297 6909 14426 16588 14901
16262 5341 4642 1789 14797 2039 860 12844 14995 4147 8245 699 10854 7883 5476 12963 11029 18365 9848 6069 1637 10310 1209 2257 17438 9563
16071 16861 13394 16097 18388 12496 1372 8648 11835 12168 17008 13341 3819 380 16772 18542 10924 10390 10916 17833 3656 370 14648 14361 8094 15864
15931 4893 12287 11980 1797 7246 13935 15894 2629 1807 17757 4129 8505 16951 4938 12413 4850 14123 6041 6239 6006 13999 915 17342 4622 15416
10793 10825 1805 2496 2990 4047 12064 6506 16929 12551 7387 8067 780 8817 4444 1161 5329 10675 12903 11050 743 11802 16104 14206 9806 5276
14122 6972 7239 18154 3637 16306 636 14832 19185 7675 16110 627 14663 19829 10453 12432 12944 6265 17717 6118 158 3473 15967 16522 4768 9639
143 10665 3834 6236 8998 8486 10646 3094 15285 4318 12585 9333 8413 6796 18949 14410 15599 10027 16924 17995 8884 3731 14264 10058 6228 17450
2435 18352 15741 17298 7497 1510 9643 9463 16178 3506 1287 12726 9681 19568 458 11715 1067 19278 14964 5605 1015 3206 12694 11930 18232 557
14419 3092 17267 5025 7330 7353 4096 7202 1569 11057 3599 11299 18870 19059 4191 2384 5118 17472 7837 16700 16202 17523 7651 4271 3522 10062
17517 5970 13155 7175 6565 2109 5553 15617 4869 9822 8375 11049 2884 7952 11932 11702 13994 3722 11433 1950 16184 11632 4164 11974 2752 10288
4651 9303 13165 10212 18212 8521 19865 5781 4654 5140 17167 4342 4739 18737 3800 4000 13559 17765 10593 14547 17166 11086 3696 5375 7473 11180
15175 3270 19780 13970 7967 12788 10451 10022 14497 14372 1240 3361 5520 16483 1051 15968 4743 10617 10858 14013 12583 14688 6490 8733 18438 6699
10760 15284 341 17797 9246 19217 17904 18463 178 9604 5334 12004 4262 17837 3169 16930 15591 11685 2696 13812 12551 15880 12623 10993 5905 13940
10414 19483 16161 9380 19267 439 16455 1950 18708 14303 17117 49 8200 9036 3990 3807 9204 10971 18832 5286 9244 14907 15454 11443 7265 3827
16449 19536 7931 12766 5652 10915 17109 15641 14862 16059 16990 4036 2264 59 12117 17270 15327 5004 17605 4651 9536 5300 2024 17924 10731 1561
5388 4332 4959 13930 15908 19255 13352 13872 18822 12494 7628 19578 13870 10245 1925 18653 16860 8770 7431 11736 13364 7127 7511 6606 19976 9718
7590 13354 11510 3080 9690 15599 11125 793 19031 18257 11574 127 7636 2279 17531 15542 5940 10845 18529 13578 16598 2151 5866 2069 6107 10297
9653 5193 3967 4413 5786 12685 6823 13804 6784 3705 5 6704 15551 8929 768 5175 15806 644 13771 7005 5648 3759 9119 7845 4403 10736
16465 5656 16542 5146 1634 1554 8232 15175 2439 6845 15485 12690 16661 11431 1986 2409 10696 6599 2384 14406 3744 4177 12515 14189 16187 17458
10794 3103 8694 8758 18152 1048 19626 19456 11687 9475 19874 13584 19895 16406 13580 2530 19359 11304 8257 3696 18638 1715 16762 4241 3722 5116
15487 9829 14615 5076 725 6479 2705 16931 10106 6159 12710 15702 15697 10740 16973 1306 847 10479 18026 1011 11725 10056 8792 14349 8136 11526
16977 4435 1930 1606 18157 13063 15792 1766 15106 13840 12023 2382 6266 18685 16278 8290 5756 11156 9069 15895 8378 12242 5485 990 7588 15733
4787 10455 4352 826 2659 688 13043 13556 2014 6066 16430 4075 5245 17870 11366 9320 14330 9775 14347 7706 15321 4706 10403 16687 14226 13111
18986 9900 3420 19747 1821 5235 12174 7529 4617 18241 7310 14715 18869 7814 11624 9051 17338 11477 6525 8427 3985 7810 12118 1469 8571 16026
14944 1958 8692 5979 18011 11249 12360 14800 1612 2218 19954 19529 7069 1799 11134 11740 16846 15590 9632 15910 3973 6889 11585 19792 1004 14827
17880 19355 12269 14915 10403 2957 14010 4730 13878 7923 6145 12988 18241 9127 9966 19515 16335 10855 13966 17873 11623 163 4986 15527 7446 13135
720 10042 9056 568 14275 14290 8954 16966 8148 14606 9197 17073 1934 5828 4286 18215 7884 7433 10676 2901 16698 4691 12452 6685 11796 3072
8799 1892 17154 14920 1872 15181 14284 14469 18093 9791 5070 6407 16041 5474 17382 19551 12037 9155 6399 6185 242 3003 5130 4496 10763 13987
2705 9322 11075 9442 4401 17674 2685 7932 4983 7346 15204 17425 11302 7006 14009 2862 942 3504 1286 7643 8194 5957 11799 16253 5723 16879
16411 12934 2169 16481 11382 308 16708 2445 3516 9228 9947 11606 18904 4524 7455 15751 3620 19493 9611 9241 8319 19912 5466 1191 8363 4781
6582 8054 9719 19478 1697 12698 10271 3412 4336 3585 8000 2710 4710 5681 9777 6137 202 740 2004 3116 5909 17889 38 9104 12888 13823
18903 4619 8155 10960 1043 19430 17970 11917 1424 306 10458 17129 5395 11620 6054 11060 5896 7452 7785 16574 494 955 4944 5289 10661 17719
15107 2834 13193 2057 19084 8714 19549 18472 6617 17699 8464 13187 15613 14739 16224 4062 15513 13829 17778 5738 18581 19894 19960 2762 7732 17313
3823 16580 7490 6412 19622 8883 11132 2264 6788 5014 1407 18856 5292 1373 12906 13549 16781 20 11754 15945 13620 8139 10706 1422 506 3110
204 98 11896 14694 549 16921 11915 15468 15195 12834 10818 9799 15378 1396 5449 10793 13003 6416 9416 3240 13442 11244 17471 19839 564 15146
2659 18159 8238 1955 5207 13377 1076 14589 11742 5021 5097 76 3267 19396 4343 4229 4377 19239 11851 948 12716 17093 16924 11351 6227 5866
1039 7552 14658 12202 4059 8943 9850 9691 10105 14076 17721 17195 6337 8478 8876 8067 2554 12644 9056 2404 101 19151 18849 13060 4913 552
16213 11587 758 11491 16193 158 3714 18478 17798 12138 17824 17804 16971 7076 2981 14227 1409 13777 8067 12457 3060 18650 8258 19689 19591 1134
4687 8092 3649 3590 7632 4937 8673 18385 14587 17559 6779 5902 7121 17759 14595 18198 3644 6950 16504 10281 17134 2128 16824 9147 9831 7178
19659 17485 19431 6536 3535 14591 15633 3485 7444 10943 13916 1801 675 9788 11056 7323 1964 13687 17007 11880 10660 1361 6503 8667 12054 6284
11711 17482 10678 15490 3953 9303 15661 6684 7416 15668 15693 1980 10764 5606 15084 6667 17964 8642 4409 12842 16474 13124 12878 6660 13774 8936
16225 15444 2454 5319 11243 2967 18045 4500 12732 2339 87 3972 13411 18278 16903 7443 8560 4905 15308 15111 6151 5953 12886 8712 18037 11773
7935 12989 9829 1838 12535 19120 18553 7387 7720 17099 8226 5817 19011 8477 2932 440 13737 2529 17570 19429 8655 18426 12899 11256 17300 10713
13139 5203 14148 6123 13093 19948 19786 19525 14964 16577 16412 10885 15732 6980 6474 9969 6083 9511 19185 8011 6577 5630 11138 15987 8254 17106
17576 12449 12967 17433 12467 10429 19413 14113 15846 16592 3001 7293 2992 3227 5583 10113 3136 12004 9821 15368 18073 8526 1116 18479 11811 223
6798 8952 7587 7749 7220 6951 8088 17601 10757 16193 7615 13136 6377 18868 19864 18665 9625 16551 13858 7900 2165 3183 10326 16569 12060 19693
4541 9286 14659 9608 929 6269 7292 1419 18324 768 7046 13644 13912 13271 18336 7039 3827 1245 908 10587 13280 12198 13598 16651 17498 1393
15059 11312 13699 19671 12838 9220 3719 9341 4961 4089 18845 2259 4047 5342 7732 9980 116 11788 11249 9697 2183 15984 9514 807 12748 11461
11255 18270 4519 1803 18537 5566 15536 18 6681 1879 12819 236 13312 13678 4898 9608 14379 15283 1435 19853 10971 11952 14257 11066 14536 11902
8530 5402 12437 5686 1442 2374 16757 17983 9374 11186 15224 12093 16690 19879 14826 15997 16669 13569 12745 12170 11198 16565 18406 1187 10146 7736
6539 13991 17268 6398 8160 7968 4106 14608 19609 17375 4839 1671 9274 11251 9383 9207 460 11170 10035 16805 3547 11016 19796 5949 18887 3413
16378 11119 18649 9400 5249 14524 12901 17937 12289 8002 13600 12745 10270 5850 2385 7597 14713 4731 330 14747 13365 8394 455 9636 14119 18865
18491 17759 9113 3489 79 13185 17695 13629 7327 884 16615 3274 3836 9873 11931 4996 12008 16216 1972 7732 8557 8418 14260 19780 1384 5289
16864 10846 15 17088 2649 19578 3381 8383 11225 15818 17320 2740 5397 19430 10128 11537 18294 19410 15952 7903 18258 17536 18937 5048 2573 5185
18559 17293 19152 11990 1400 12026 496 14545 19842 1341 19143 11255 9124 7272 19645 10878 7256 16011 2508 16635 19203 15671 5223 3809 15667 7977
7083 4938 8853 5449 8817 1863 9400 9917 12858 8831 8316 1862 6735 19316 16634 344 18331 5183 8020 2765 8631 15477 19861 7140 13363 14455
12362 17636 6696 1936 5842 8855 2862 7736 4671 11806 6338 4347 18839 409 4597 15577 17096 19151 1070 7452 1514 8611 8010 12281 12401 15314
2447 14232 6018 15218 19362 4915 6138 18056 425 17371 2480 9331 2517 15607 11014 3073 7297 10785 44 3136 8620 8400 10297 12108 12239 12998
6771 10994 1355 15939 2029 13533 9622 13745 9889 10404 11759 15631 10086 2775 17797 1097 18105 2204 18827 2666 2348 4194 12256 3559 12385 2225
4867 12708 11074 9958 6217 15090 17054 6675 3882 16211 6935 14821 3266 7185 14526 16110 9290 16498 6682 19705 7716 18957 5325 2763 14433 18499
3557 1512 16280 681 18261 16482 3823 19031 13902 1930 1609 18877 12037 371 11779 1000 16410 11480 12408 14843 1783 8870 13007 19413 13904 17982
13577 11118 3838 10297 14974 18516 16854 14204 1591 12802 12135 9708 10114 6550 13790 17746 5931 15591 17431 12669 12199 16258 12245 4705 546 16177
11301 14748 14483 9102 11949 4192 6448 15465 16070 14674 13737 12476 6556 7756 17481 18152 4441 8907 7274 15867 6336 17302 7539 19086 7682 14868
1003 6010 289 17588 6245 18317 15789 17754 9497 10434 13043 1815 7507 15762 6784 13815 2753 14253 15943 14503 16217 17420 12693 2791 12271 9754
6323 3403 12488 4637 27 15412 14910 4907 8277 8552 2227 13156 10374 854 19531 5813 12571 626 12228 17477 12259 17522 12142 16592 13931 4150
13726 9999 2923 4872 14928 4137 14697 10097 2501 13880 2270 2341 14586 1007 11370 7100 10195 16752 4225 13897 6604 5252 8443 14155 9085 9434
5437 511 3731 15654 285 12711 8003 1141 9706 7373 9179 8770 2646 5382 13850 15481 15529 5518 5706 10821 9204 4411 8135 3363 4357 17386
17358 12345 3929 6369 18788 679 4377 16208 4967 16728 6469 6224 6447 8259 5387 14337 6984 18618 2372 10388 1457 4124 14850 11224 8845 2844
8277 1183 13199 17466 13997 12923 10721 15132 17507 17530 7571 19371 10862 3843 16374 16584 17384 5268 4479 1653 10670 869 123 1416 7506 1974
