365
45 0 59 48 18 22 69 44 40 59 97 11 7 74 93 23 33 1 38 79 77 13 35 83 92 100
13147 7190 18669 19409 15203 11878 4340 10027 3610 14822 4977 14756 9856 12067 8874 15278 6801 7211 11942 352 5582 18159 19784 16646 921 19586
8036 10026 16243 10284 4340 547 4590 11009 1723 18106 17050 11243 8168 18418 11164 5071 16905 13533 12627 3564 11488 4695 2846 10602 1158 4872
14995 1663 13562 11835 6315 7947 8176 761 6911 10235 911 2262 3833 6876 1106 15409 8080 7993 14090 13202 16496 4468 4551 15184 17728 13745
16845 5359 11835 4409 1328 2375 4962 7424 3180 6426 13998 17260 8060 17336 19201 1946 2527 12659 18021 8981 3484 12658 7661 14632 11803 12613
3173 13960 8181 4251 15132 11166 5577 14417 11533 12413 19071 13601 11693 1616 6704 10263 8768 7899 16706 12957 8799 12722 7362 4228 8391 9955
7347 5320 5631 776 16619 9299 4128 19690 6127 8677 18977 3665 19717 16650 16829 19363 1780 8360 6599 591 14230 12171 19714 8519 1844 17707
13685 12479 6066 17702 9403 3024 15031 6267 19553 7870 16167 4916 6832 19421 15729 3931 3102 19173 12662 16370 729 5235 12783 2953 17023 10489
17104 13256 15961 5936 10357 11307 12558 11944 9466 4744 14796 2580 18039 11283 9142 1865 13595 3495 4061 14493 4726 13934 7274 19051 19388 17409
18071 3490 76 7212 6997 16216 18616 6879 17097 2435 14877 3739 11570 6544 15108 8917 7796 16867 17600 6131 10249 14140 15800 5788 8307 11219
7613 3975 11617 2678 15403 15363 2683 15276 3938 12695 19719 16029 7418 18944 17372 11213 649 1978 1897 372 18282 17685 1782 16966 7797 12054
6730 3803 6746 9811 10512 2460 6494 5840 15865 451 12617 2908 7402 3168 19664 2338 15702 6764 18989 1066 15783 27 17901 13303 798 1621
3453 6117 11138 13048 9166 15475 4472 2767 4077 11768 13066 8797 2769 1103 6536 18705 5250 709 15306 2164 13791 16884 10774 17508 16072 17983
18065 9065 16171 6802 4125 14159 7818 9794 14874 1150 1604 10037 16606 9614 11554 19108 8927 1760 7932 15623 9106 6286 14204 19379 4541 7662
3854 18083 6188 17927 113 19673 6813 19906 1336 540 1451 14802 13630 2743 828 13068 9206 5561 18010 11775 16459 6453 4509 12259 9383 16884
12100 8729 18376 14445 6723 14878 11246 11857 18423 12160 6533 11897 4816 15503 8406 17807 19873 4164 17053 11898 11620 1704 6115 16641 9805 5358
11346 7243 7927 1092 4518 19411 18246 14760 11871 4490 2915 3282 766 18935 4719 3682 12401 14721 16053 11216 17880 17005 10821 3550 17038 882
6158 14418 19468 217 16075 6848 18345 10118 15263 14890 12837 2133 1535 9719 5572 17457 5539 11496 628 14772 12286 15719 1485 18142 4816 4925
19867 6585 17330 2067 10991 1984 12198 13109 6104 18927 14680 12293 16291 18101 18057 19778 3934 3972 13838 9002 14709 18672 17818 3706 19173 4551
16346 13318 13159 11193 8087 11649 4842 18495 1420 15208 15028 5342 9058 14674 5393 18824 13276 8364 11759 5000 17175 11350 16193 11718 2458 16268
6885 5683 17566 18215 2964 9896 16456 7923 16571 7395 5475 12801 6142 19077 15821 18923 18666 13918 8383 7978 8794 15957 16429 10648 16007 11143
6292 9530 19541 9915 4402 4859 16095 1698 1340 18994 1985 6470 6260 16236 19565 2315 11336 6856 8626 15436 800 18468 17888 1267 17427 9763
688 17090 15457 7732 17747 411 907 16277 5912 13983 16094 7992 6682 5361 19153 17673 11527 13315 9919 13888 17421 12809 6389 12923 10324 2993
12046 1380 3364 1984 12294 10390 11169 10399 18286 1729 16748 17812 19862 1185 4768 11863 4616 11136 14163 12563 12241 13888 9316 4905 14125 436
348 2421 3315 10601 15956 9842 7151 11466 13152 2597 13511 11923 14095 9226 8787 17359 19110 16066 1216 8362 5085 2936 10610 5359 16385 11481
5615 13062 1582 14346 6114 8906 15399 18865 1965 17647 16572 14378 14728 18336 1184 13080 12132 18439 19567 7777 9322 7087 16926 6897 3606 13661
1525 453 632 7683 8279 18784 1595 1661 12136 16302 4281 12468 2032 3089 9557 19698 8477 10460 15794 11667 12025 7549 17155 8108 1271 5905
7783 3867 15302 11382 3694 4606 18543 4105 11597 11430 3008 12463 13266 11056 17106 14985 3325 1140 10717 8214 13553 9603 11582 18245 374 5568
9336 13596 7895 2358 7437 17746 4810 17182 15895 7259 8480 14241 6297 8921 4330 14573 7427 5227 12415 14808 9395 16452 13565 16405 16813 7807
6239 1027 12931 13460 10246 4746 9230 17880 12621 16646 14738 7820 18353 11367 10181 252 5061 5690 13904 18689 9936 1775 12614 5715 10267 12190
4795 17616 2039 51 3112 12673 19326 3505 19682 17438 9144 3628 5748 16427 17046 13971 2300 4629 6763 5575 12070 12972 17750 4537 12007 12374
2674 18293 15555 1231 13640 10801 2179 2361 745 18915 5252 13385 10753 2490 6048 12888 10841 19262 2452 9032 10143 2863 4556 18346 8255 574
13210 10534 5178 1057 15662 6184 2063 17958 17739 5081 907 3688 7325 18011 6453 16933 9344 17423 18298 9523 16350 18078 10061 11764 84 16107
4266 15460 14431 4757 2534 4130 14626 6960 10770 9394 13967 11655 17359 1663 8549 1669 1917 17144 7340 18983 19764 9622 10491 6481 8067 7575
14291 4512 17821 1504 13502 9601 2610 2063 10254 15210 18226 8844 17803 2322 4496 12566 12177 11427 16204 1963 14687 6141 16223 893 18816 19277
8051 17328 12508 2629 7655 10535 11361 18843 9939 3834 3167 3321 15715 3503 15769 712 4467 17562 9428 4345 1644 1149 10298 3682 3655 4772
6369 1010 7518 1197 6717 9501 4261 14813 15856 19764 1891 6285 2324 1262 19587 9863 13387 9621 9588 4974 9896 16982 11514 5058 12613 18255
13262 19540 2566 15296 15265 2749 4865 7278 5938 4734 8170 4321 19941 4422 916 18167 7323 2837 17785 10962 6275 199 6011 15835 1282 17133
7271 10367 11543 19496 13066 6975 19790 18468 14922 4253 5452 12058 10497 14266 12580 12435 1990 7733 5593 15812 9445 11725 6608 2205 14110 8124
5012 15797 11512 4355 17398 18907 10070 8686 4635 9008 7550 3839 16617 7981 19798 1422 9545 8329 16077 12591 2789 19100 9283 18130 15694 9448
5429 1184 688 16181 12394 7080 13943 14149 1604 19987 18336 6613 3729 9856 9365 10162 14761 2101 10993 15872 15694 5898 7914 15022 13261 4284
764 14391 2120 11045 17132 4200 502 7413 10258 15992 8300 8038 5759 4348 1430 19862 10504 2216 2058 5891 10242 13742 19376 4575 17469 2417
15115 10585 13064 19037 506 14633 6424 14121 17429 6402 4503 8146 3704 11161 3207 16562 8871 12856 6946 14462 8762 12668 18409 13756 840 5453
5460 15772 12924 6493 1444 10014 3552 18368 11675 16702 12316 13163 1704 11495 16445 15422 16284 6147 17849 16470 13705 16068 1223 2682 5806 807
2028 10617 19768 7948 8740 14411 4583 5751 7747 13865 8589 11674 3838 18154 14340 16977 18518 18606 306 18734 19725 14901 396 18485 12055 16657
10777 16501 2769 8466 19954 681 8439 18704 9015 18577 16446 1214 4571 9642 19399 9772 8554 13336 15963 8305 17118 12507 15936 15151 4553 7918
12582 4213 6785 10692 15398 11957 10945 1714 5176 12769 4013 5084 5744 18662 5885 6725 1254 1767 2494 16945 5215 3201 15009 16682 5129 18363
11431 12335 15449 8697 2809 8185 7512 2099 2037 5189 7776 3339 19258 6187 1258 19583 17648 7957 2352 12503 19244 14084 4132 16039 2952 10751
16201 4405 3930 1603 7473 18651 17278 9828 11373 15416 16503 3703 9159 18616 11405 14950 3635 14924 94 7257 687 712 7394 2935 10812 10991
18181 14991 12988 9891 2432 13322 16897 7683 15195 202 1469 2512 2871 5474 14821 16398 17969 15221 6447 11605 6654 9761 13127 18937 11614 16418
9083 10450 5044 7824 15104 18128 19694 16248 2602 9345 6014 17326 1021 19716 12942 12299 14486 8321 2349 2888 12359 19740 18762 7071 2927 10822
19350 10590 10385 388 13106 8478 8471 11903 14240 12035 6273 1575 4166 8231 12072 16890 12404 17346 19713 12603 18659 17450 2094 6680 19720 11662
1684 18783 14978 19849 11247 12571 6671 11593 11669 978 4402 3126 3692 11816 16340 14144 6285 8676 14079 4298 3434 17106 15808 8929 4754 12183
4721 14617 6598 2121 2576 14833 15950 8902 9562 11287 14502 839 5857 2033 2835 14087 11112 6002 14753 11295 16850 1670 6847 14466 1319 15423
6950 10132 8768 3306 16136 2742 6073 4726 18720 9508 7553 6813 4097 1952 9468 15786 12513 12191 7941 14298 16185 15842 14596 13427 19730 11816
15711 9837 14742 1581 18403 8128 2881 13519 12896 14517 1821 1576 10234 19074 12795 14557 14328 2222 1922 2250 4729 17435 12766 8631 16483 10838
9700 17374 737 19859 6273 2103 5208 17649 4903 3400 350 14937 10915 72 10382 2834 19850 5752 15767 8927 3025 14793 12823 14881 5676 18871
13185 4821 17893 7461 4 15104 15861 6529 19769 14787 16218 4083 8771 7848 10262 18864 17270 15416 9411 2266 6461 3462 10934 5508 9747 1124
7651 13336 6673 8020 16142 3229 17871 4781 12023 11099 12082 11914 17287 10358 7883 3137 9452 5164 5343 6100 17880 4945 18137 9731 3140 5453
13997 11344 8893 9673 8632 17476 8505 18118 11695 12025 18135 10354 9789 7846 19574 1476 5897 17593 11021 9143 15379 227 17810 8158 19671 4836
5926 8271 296 12431 63 11600 7312 7639 17563 11789 19409 3536 17585 5056 9113 7176 16884 15926 773 161 2036 1557 10591 15601 1625 12746
14965 6889 13556 9057 1342 16273 15840 8662 19302 8140 16846 17185 6553 8977 4058 6004 9182 16413 13145 14705 12387 9741 782 5943 8796 7132
14275 6899 17603 9053 8278 18267 741 9684 16826 15498 12865 9502 14514 11618 4422 410 1237 12382 740 15721 138 17431 4465 9861 7830 16519
10037 19459 718 12809 835 18653 6881 7797 11426 6752 17712 17467 10554 6005 9178 13770 1023 6933 19342 1647 17484 5354 15008 7073 737 4842
1782 8055 17014 2812 19750 18540 11732 11961 3008 4818 19775 4994 8033 17320 7074 12793 3869 19627 3088 8991 804 3663 18200 11404 15225 10181
18148 9666 206 14301 6162 5238 7482 17701 15745 19381 7127 16564 17961 18680 10181 16214 203 17853 482 16536 12524 15038 7408 19538 6974 2067
4973 19952 3526 15932 16854 19049 13930 16757 16036 6085 2516 6363 12818 12277 11954 11753 8474 15276 1709 4382 9790 2597 11525 12463 1526 11301
4930 4550 13044 10251 17485 16024 3840 16574 14031 15543 9300 9490 14726 5167 12864 12439 19128 17074 10943 10051 3354 16565 9812 6460 8851 12860
14886 3941 14545 17631 11141 5728 7667 10253 16575 2303 17314 17622 13207 9068 19752 4110 13925 15296 886 615 3724 7936 11859 1689 16118 16380
5796 13060 8525 5494 16470 247 18748 2502 17484 18541 251 18196 2702 17541 4617 2896 12878 12851 5092 9017 14314 4932 7913 2349 14637 17898
2889 7047 1396 1999 18921 8397 1914 104 7128 12202 12905 5048 919 17318 2637 17472 10869 15047 11374 7352 7349 1287 12529 8665 3025 12148
6867 7879 16504 19913 13163 13430 15198 9702 13718 4577 14729 17161 5729 4248 5496 2753 15536 19337 1224 1229 13884 7810 19755 1771 13313 17218
2101 12233 6264 769 15960 13890 13771 17541 5304 9797 10059 18886 15459 17847 12368 2070 15861 5280 6070 7045 19995 11150 10424 7364 16943 1
13208 9494 19476 10882 15724 8268 12778 632 2334 4669 12635 2481 18497 15409 17741 19401 14751 13348 210 7392 16675 11849 8158 4584 6197 2917
12947 984 11458 1021 1814 9937 12904 4822 8418 16281 8671 8245 4217 19533 16787 18415 4769 7443 879 19904 9418 534 6065 6465 12535 17128
17583 1894 10723 9003 10978 15141 8180 16348 5105 2363 3057 15883 8026 13547 9405 4432 8838 10980 13600 9588 12173 12232 11720 12387 16013 6890
7191 980 8854 3414 11784 1065 14874 5081 18128 6463 17081 7398 665 5990 6571 9770 13481 6272 5134 4528 13693 8214 9503 18120 5685 2757
6005 19570 19886 4085 2378 12681 13183 13923 2411 19150 18595 13818 2892 19801 6123 17110 6265 17492 7867 4213 9138 17952 13662 18000 18282 3344
1274 9020 6934 16930 19816 12728 12930 18115 7547 1740 6114 15813 5955 14039 19906 6433 3520 15334 10364 12845 1387 19913 3022 15273 3426 10552
14299 1999 373 10295 14073 5258 4983 9344 19273 6365 19907 7963 5297 1073 12422 14211 8968 4307 18450 15901 204 9027 11627 17333 8881 19518
14269 19809 12908 9639 216 9885 17325 3658 18909 18403 18167 8283 7358 10502 16953 12518 17153 19589 6252 17558 17720 11982 5209 4967 13448 16418
11330 16694 3507 6488 13110 3461 8287 12039 2197 2242 3420 10260 5076 18285 1017 2346 3312 2152 8876 7616 8574 2142 3735 12215 16873 19212
7024 9888 13756 17579 14892 13167 4259 11648 13360 5668 16531 14163 3676 11700 18213 18087 4074 15656 13330 11934 1236 17787 10052 3252 12975 19495
13640 4748 10582 15041 1489 2999 2830 18078 14583 9144 9270 5800 8682 9955 15129 864 11047 11867 1448 19311 16492 5731 1617 6460 14903 5652
6979 19699 4569 4302 16636 14186 11282 6185 19584 13982 6028 1089 1018 6127 2103 10519 15722 12054 4869 11200 7565 715 5132 4255 10256 18605
13889 18750 4450 13894 9615 10484 19158 996 15948 4332 8913 586 3563 13880 10178 19356 5566 9790 3396 16194 19561 10740 17913 17032 9835 9253
14314 19749 5676 8951 2653 4403 15566 17879 16159 491 12926 18761 16782 12714 4460 16991 5672 2539 2480 17063 11818 3223 10395 2070 15338 14130
17896 15703 764 13425 7417 10152 15555 13747 11335 13760 19394 858 5394 17241 7133 13955 13223 9651 9199 8254 11078 14915 13690 3770 11067 6991
7925 6825 10660 3905 4566 14342 13180 9569 8565 5696 5679 339 3085 12674 6896 19783 5016 4631 14154 15554 16 218 5800 6736 16476 14154
19879 2688 1871 9032 7862 9770 16555 387 10770 14776 4617 19698 13884 7317 15 10346 18422 4126 5394 11817 589 8823 3911 11895 10701 8978
1355 19141 10420 3055 15537 18319 9328 16116 9 16467 6028 17717 5738 4624 55 279 6621 5254 12710 10462 1870 7514 8571 7536 18086 2927
13949 17031 3820 9879 7613 8848 18156 2536 18942 3273 3285 15677 1527 12546 12931 6880 16911 3742 3277 6751 16399 14829 12726 9893 15668 19167
9920 15618 5090 11079 16583 6596 17555 4739 14556 4558 18754 4843 3095 10039 10406 4471 17189 19676 3297 13695 11908 451 9175 17226 14278 15806
3401 8039 10888 10091 7699 8400 4573 17580 5376 1626 9768 15771 18411 8525 5666 8677 17097 15532 8176 14272 18949 18822 1522 13320 4016 953
16418 19784 2890 12522 10341 2174 8032 4198 9691 4642 1088 17345 5488 19508 17547 16315 11925 1949 5739 4626 15401 1547 4727 3641 16586 13669
1379 11070 12794 3814 6473 14493 14641 8839 8068 8395 16163 4295 7807 15197 8799 12016 11196 6487 3812 13931 6595 17380 1913 1751 659 7864
19851 17317 13937 10324 13372 1777 12396 18682 17272 1491 11229 9922 18211 15642 1842 2168 6391 9161 1328 177 9989 7998 6558 9526 19983 13073
9100 10622 10754 15602 3500 8673 9539 2463 2032 2231 19202 14829 13943 18592 12453 16680 13011 10366 13435 12795 18924 3112 6528 17307 19358 1531
7241 13 4153 8780 2452 18075 6964 1578 18091 2482 568 16016 6092 5716 17135 14009 9576 14663 10170 16764 5256 2879 1645 18977 16500 2659
1206 13649 3834 880 1350 12493 11 16917 6134 9231 16284 17732 286 19970 14443 8750 2994 9772 18201 14937 7628 18617 7136 9112 3885 14524
18141 2821 15366 18533 12422 18344 18056 18395 14366 3718 20 7487 9316 6285 8956 4540 17901 18695 18421 7455 16631 5230 18282 14509 7645 7349
16558 599 12457 4149 10910 13926 17105 2840 5108 9758 16690 14701 4293 5609 5250 4450 3968 4601 1910 2158 583 7574 6196 15922 1834 15594
19379 15009 11612 2804 18774 16271 15915 2795 5504 11458 6254 7213 2513 14137 8400 10927 687 6750 13956 6280 5077 11256 2610 13167 9366 10720
14166 16558 19506 13756 6711 4435 6002 8779 8887 961 14145 1576 11642 17099 15512 8284 17249 14069 19950 8178 16756 4834 10058 8553 8566 4245
1079 16182 18355 8345 1613 7437 1101 14802 10837 1397 7414 11327 1636 5103 5838 15942 17251 9930 11109 16770 16668 12990 8084 1052 12405 8801
13416 3852 8094 15416 1353 1116 9781 19834 15629 5958 13909 7240 7462 4881 2084 3157 7298 164 1431 1517 15385 12842 3144 19860 8550 886
11762 6862 619 13743 8057 7064 7540 11836 5254 3196 13875 15116 16375 17177 8456 10950 13622 2786 7118 2052 14912 9751 2560 14666 8139 2834
12404 4487 2732 3349 8516 3843 12083 17397 3060 3090 114 4751 5032 15260 15480 18945 7016 7746 8873 9573 15306 18788 18316 19940 560 1351
692 5993 15741 10873 7432 5955 9208 7370 10184 18600 8481 17416 3796 1279 16413 19319 11457 15908 9836 15289 2443 17514 18988 8708 4441 2165
7984 7867 12776 2881 707 17244 3369 14125 7954 3730 12164 13715 10201 16852 7363 5378 18458 6559 14460 3456 2669 14830 12251 5404 104 4080
19095 1101 4918 15799 17057 1196 18534 17899 6293 12134 13278 12603 18342 19373 11428 4269 5007 651 6233 13345 11218 19408 19126 16207 10638 11808
12640 6025 12038 9855 3194 7414 18549 6142 1151 19837 17352 18375 11704 4153 1382 14075 12648 10724 10250 6252 5812 18175 4520 17272 3180 7637
373 4398 5593 13669 5798 3936 8523 5297 18512 16547 251 763 9384 3518 198 18982 3147 17525 2274 635 10114 12688 12990 12100 1348 2794
1014 4060 13455 3793 4121 13125 9480 5139 14896 17420 7651 11126 18328 2899 7285 3533 11107 8581 14904 6927 3001 1392 11620 16483 17175 604
10815 1085 9001 17158 11325 8658 16628 5673 10548 9434 12458 3204 11545 16122 15851 14582 4152 3643 687 11763 10124 938 271 7457 14449 11238
17507 8634 3764 3116 4871 4288 6333 9618 6651 4096 18434 18872 5835 6693 8770 19894 1248 11704 3278 13742 4191 9134 8050 1390 1150 10236
10660 8230 9011 11825 14723 17058 11626 17392 4030 6442 5697 18609 9504 5816 10062 15333 17062 15775 10198 11244 17425 19216 13091 11540 11125 14463
9179 13810 18778 18098 7058 14790 19484 681 17756 16900 3208 12505 12224 11169 6338 15997 15236 15873 8342 13659 12794 16873 11703 1632 10326 10360
18213 2111 7027 11697 16616 15689 13370 1311 12106 16176 5073 15885 15315 4903 14027 3535 3243 14526 18492 17552 15627 8990 1809 14976 3115 14286
1809 5459 14065 16849 13822 10530 139 16560 4123 5492 18693 11070 16193 103 1987 10400 13783 15274 13106 5979 15577 18860 11161 12828 11392 12936
18167 15770 14291 1605 5602 13035 2809 11551 1305 17023 13027 2429 4433 3734 13792 17811 13889 11429 19258 10116 2491 16097 19800 15673 7592 192
16938 19405 15498 14498 6034 12330 7509 15744 9694 12553 659 3183 13016 6860 7943 961 12837 13472 9807 5958 8934 5594 15498 3535 12658 16875
17717 874 10600 19135 18386 8546 15214 3860 10376 17504 18244 5467 19004 7417 19844 849 11598 19398 15065 9002 14200 15833 13784 5860 18631 2011
7671 11634 19245 13294 8103 18333 4085 19447 8405 2528 12575 15478 894 7375 4673 11509 11262 2849 4122 1524 5275 352 4397 15036 7074 4649
15931 4474 347 15318 1868 5768 8955 18642 7051 717 8232 17576 15783 13889 14138 17540 10655 7799 10025 2174 17622 17600 9307 6596 15043 10324
19630 9972 10913 9082 2084 16922 7693 17481 4056 11953 5113 63 10775 4218 5232 16096 684 13925 13523 8130 8603 16009 15467 14471 7787 11282
393 2354 8411 3570 13261 16477 19783 6213 13564 16515 11256 14305 11681 11575 10026 7007 18937 18840 12236 11077 2657 15768 5479 8015 6072 7110
375 13466 8020 6847 10174 11534 3482 6308 1454 14315 9852 6707 7032 16299 1306 5551 19597 3027 6467 15660 19472 2202 13530 10015 7934 18386
19404 15265 19544 17756 14013 10142 3368 19108 4566 9923 14692 6735 17647 4870 7259 18161 7384 11757 13758 12672 12044 12615 2087 10871 14621 12823
18894 6069 16802 3439 11501 5540 480 12267 15199 15482 12408 4126 731 3023 4789 14457 15002 18682 7481 1748 18345 15084 7568 4272 18308 4834
6881 15207 6211 6926 12687 2987 10377 14095 17109 3933 5165 19710 10086 14431 14954 9316 10069 9224 866 19493 15160 1991 5302 2861 3494 12629
19226 14577 11280 820 6590 8447 17428 9436 1069 17349 17294 12399 7823 11916 16094 4702 6642 10988 12895 7513 4020 16531 7109 7823 4976 19809
6995 10317 14489 10419 17136 5284 2099 5432 18055 10139 1016 16502 7040 10702 16761 12529 2810 15331 1128 9935 16951 19217 10420 6623 17244 1204
74 16366 16571 10822 19157 7969 16074 7944 713 19536 9859 3712 7238 2914 17741 2004 7050 16498 13686 19035 2746 4944 16350 16355 18010 3889
12044 8469 2141 10441 17102 13981 6894 6475 8789 4879 3829 928 3709 9654 8789 17706 941 13887 18299 16912 2640 6214 202 3774 1984 18605
7497 18577 4568 8950 9650 14425 7644 19415 1991 4953 5683 14936 19880 1873 966 19676 5532 2717 1291 18923 6076 4676 18152 9669 7632 13067
5514 19990 15613 11940 1339 13998 1180 12130 17107 192 2772 9707 3236 18493 9610 16000 11105 10194 14294 10232 7294 8723 7018 446 9591 18001
1866 5763 6679 10056 18752 18347 9642 12416 6564 11586 7647 16033 12998 12638 5101 19612 12015 7865 14714 327 9296 19681 277 4652 4292 18833
4960 12706 10946 17298 909 9513 8224 12040 5604 11325 17674 19767 18774 8553 2881 10801 14082 2310 7237 16741 3588 2523 4343 10856 348 2219
14209 5972 845 14910 12608 16321 7506 8979 5218 5018 15735 12529 977 15715 10112 11059 18358 14805 16200 11741 5253 12862 8112 9774 19420 9101
17167 7886 12338 2937 746 12430 7950 16062 19438 14903 10466 9527 5495 8385 18096 7126 1613 450 18660 2147 9792 727 1232 14063 15268 2462
16147 11253 8844 6523 18518 13386 4710 5747 10434 13690 12457 18568 15467 18389 9921 16049 8495 5464 6190 10524 9722 8007 3510 12878 290 19162
18614 1689 12425 4328 9733 9855 13959 13180 4874 19759 867 1847 16368 13538 15482 3034 18088 17972 15462 18632 16029 19291 5144 1403 9453 1474
15724 4225 8335 116 5460 16641 18462 15403 10666 2987 12303 3040 18270 12741 5100 17157 16108 13389 8765 694 421 2569 15780 10781 73 2366
6962 2010 14040 14344 5556 1580 16429 8682 18824 6099 10875 6584 7863 18777 7379 16197 18388 17663 2548 18247 13535 1112 17058 3724 10625 15931
1310 19418 2676 13795 8967 7491 17118 9638 1863 16064 10351 5423 18274 8077 5005 5302 2920 16202 11486 886 1065 1057 5214 7909 8963 9496
14046 18696 2198 4467 19360 2558 5658 5802 5329 15492 6492 18100 12183 4239 16706 14230 792 10368 6904 19731 339 8811 8201 702 11122 15656
4172 3596 14172 15666 1630 2374 13662 17757 9064 1339 10853 14174 7437 16945 13846 5605 16541 17573 15604 1127 14683 8585 7930 9313 12237 8747
2845 18929 15779 18817 11935 5039 2131 11362 10645 15336 730 21 19434 12234 411 17752 16372 5318 5980 17622 8297 17000 5020 1189 12597 19679
41 15430 7838 1720 8752 18127 85 9608 8776 4930 9094 14032 19510 17040 7133 12073 12694 12165 8127 15261 13879 12522 14810 1022 19951 19628
19921 824 1777 17482 16121 4806 7659 3935 5494 18513 19251 7657 2446 5629 3433 7630 4955 1943 15829 2439 4922 15118 17710 6554 16904 575
5618 15623 16487 19026 11326 3242 2962 2176 15012 3342 12185 7352 6022 288 2004 6254 19098 8040 13645 16281 15483 12335 7928 6559 7641 7466
14992 13772 13675 1990 5344 2423 14987 8563 9919 14717 7845 18929 10156 1350 8522 14230 17152 7138 16792 17790 5572 263 441 9622 8567 10228
16300 8113 9758 6841 7837 11877 19740 16579 1433 15800 1692 18175 19902 10223 9961 856 2434 7396 15431 661 17388 4094 12865 16638 16733 2898
4727 919 7082 16211 2839 3086 5127 16442 2809 12871 1860 6754 6638 7097 4612 18051 9670 9330 11362 11701 4131 11600 770 1625 3177 2316
13597 9393 7077 2276 10709 9071 1221 5215 3121 133 13623 2303 17973 14782 15612 7591 16025 5868 7863 3969 676 382 13445 1047 14100 10701
603 16187 9724 5542 11804 5058 4100 3970 11317 8332 1627 2686 7780 18041 9871 13314 15376 3065 12700 1558 10447 4586 11767 9186 10411 13646
18161 20000 14554 2518 11806 586 10664 11377 12157 10890 15721 7697 1513 18719 12169 17068 2123 2136 7756 15718 16378 4309 18673 8076 4437 4047
12102 1724 3835 9781 15360 8650 13426 5889 13260 2043 12409 6310 10181 4577 4250 4137 8702 1657 14396 14955 16297 6276 6024 10446 19848 5672
19936 3946 11136 10678 15302 3367 13905 2366 12948 715 2343 4295 2810 19066 19371 16768 12674 3166 16906 3280 9443 9872 15559 4568 3757 16772
19763 8840 11693 14090 237 10714 6202 12333 6274 8483 16619 16501 8984 13434 12107 5983 5500 3997 19907 18864 2846 1005 11481 6505 6813 18777
14094 13445 3059 2996 2928 830 12833 18335 13891 4015 11727 11546 8410 6668 12490 17594 11156 14289 17625 13882 11238 14887 9191 15479 3979 17966
3693 2776 10975 9031 4818 10284 9610 18371 124 9670 6757 10776 2086 18538 17072 11043 16872 4801 18323 18284 15179 11705 13324 4681 11067 19534
19597 3418 2366 5388 4815 5841 6523 7158 8549 366 6896 1017 7548 14242 18362 9366 16010 16897 323 15830 18765 15482 11172 1131 16961 16837
13501 1878 12990 11786 838 4894 732 7871 8369 13029 10150 16327 12879 15864 4725 2329 9455 7310 1615 15769 13113 19533 2844 1870 12740 18770
13562 19696 11589 15266 7046 17209 10100 14696 5024 2401 18969 824 6792 9787 18063 9496 5308 14482 17152 13432 7763 2744 18901 8567 17796 18177
4938 17606 13121 13029 12144 11913 16927 12453 4648 12641 16378 1061 12668 689 18793 1670 9626 655 11422 3799 18003 3317 8456 12724 18078 9518
6607 7269 18869 5885 5248 19688 9563 14342 13156 2121 11934 3334 14987 15187 19998 6424 19747 12717 10850 12913 16993 17462 4260 989 5473 1003
3347 15991 5796 6141 3955 13143 15904 1490 5463 15441 17921 10525 2249 1477 12495 17529 16596 12988 5158 10213 4145 13750 8977 8200 3338 15013
11488 17044 10887 10743 15287 15872 5811 13547 2029 13617 18206 19852 4820 8918 12934 5702 2363 15968 10723 14247 7998 1979 2091 1363 3634 5687
4870 2677 3984 13752 19796 2300 1744 12493 3746 9729 4766 2463 14498 6335 15802 12513 8074 652 7537 12084 16109 18661 570 5074 654 15395
18460 19374 1623 15144 475 1895 5653 10160 8351 10564 13383 784 16137 8411 858 5293 7159 12695 10767 15265 9825 12488 13476 17571 19881 5807
1614 12144 11411 18440 15605 11030 14620 17055 3859 14742 818 10478 4415 2800 15614 15440 10738 1843 8195 3012 3408 10264 18929 12359 4004 10369
10695 7034 18672 13936 7095 7874 5764 10458 2022 1811 6295 16461 10259 17652 9156 1757 8817 17124 15321 10681 19421 5466 18807 4129 14736 3221
2393 2888 3559 8731 2504 4983 10131 5793 743 5729 11538 12318 1621 8974 955 9971 13119 18969 6097 16543 14032 1698 11329 17251 6730 13552
19001 2030 15867 8786 15558 14225 19860 6691 1409 2900 7803 15804 18659 7675 12255 6946 10627 10176 8550 608 19463 13418 17210 16432 7695 9599
19305 10385 13575 17944 19305 14635 11058 12784 7507 8709 15210 15902 8027 15578 12078 10390 4874 4114 4479 10258 11601 5254 15775 11337 571 16777
19978 5450 19869 16436 10841 16725 14983 1779 5444 19506 6122 214 6125 4110 2813 3721 10530 13992 11149 18872 2297 9579 15497 1607 3584 17699
124 6309 19659 14387 15275 7358 6297 18560 17746 16524 7118 2391 16372 11764 10840 8862 3825 9309 14603 7636 16422 12432 5586 16286 17213 8558
6680 437 18400 4540 10870 9989 2444 16025 1485 109 15539 7409 9673 707 1059 13081 11626 16387 10710 7281 4437 11488 7040 17429 12635 6394
2004 19704 8871 16519 12975 13125 10891 8973 18126 4085 13611 4968 89 9651 17648 16643 7159 18898 12342 19340 9940 3119 2382 15594 4002 11393
10643 11682 15139 14632 3307 3082 8525 10608 1372 8856 17805 2800 10658 4608 7330 13907 19168 12701 7505 763 9493 17041 19419 9295 7810 105
12142 15797 4768 9356 5318 8337 8142 8076 3980 371 9014 1460 19000 4106 8586 6066 16012 7055 8523 18313 19931 4004 15745 1552 12363 4469
15660 2269 16189 6913 1230 2270 2377 5486 9204 3719 5331 13743 4481 2026 1094 237 13752 7333 5548 11527 9687 12448 912 1928 9655 14757
12117 19356 11438 4360 7040 9616 13198 11932 13867 14620 13166 7134 13883 485 7822 6735 4907 6653 6025 4279 17998 3580 6527 16623 18582 6538
5708 7871 482 18764 18075 15045 12143 2006 7213 17782 12773 17234 7819 11705 16570 14834 18903 8385 5369 16081 15964 17138 8587 13193 3767 15597
4301 11731 18451 14400 1156 15272 13388 14330 16110 18849 14553 2744 11730 18692 15298 12695 16664 2863 15097 9879 3653 7505 5854 8856 8420 19555
889 19086 10658 17931 9965 1220 3356 10613 1501 10758 10267 12649 8624 7385 14402 15451 6190 12849 13047 12619 5741 7617 4001 11147 17195 1926
2199 14094 2592 4891 12556 17230 16300 1411 8860 18242 13954 6596 2437 13937 1402 3512 11063 4677 18236 1028 14956 16851 11713 4891 16967 8660
15243 4481 16339 430 10801 1868 7676 5589 10132 15970 6834 18079 19537 7201 1563 15970 7319 13985 5962 17768 5936 15078 18527 991 6920 11297
15201 15914 7148 17306 12715 8060 12428 282 17436 7403 14025 14567 17437 4227 4863 9413 1309 15411 1850 3343 1027 17153 4025 14782 10262 15106
16832 8490 9349 12910 12123 10422 7214 7267 5 15853 2168 14926 18002 16402 927 10438 3707 15179 8317 19204 3308 16355 13423 11972 2973 7076
11654 15332 1818 16705 8260 16674 3408 12392 12161 10544 5710 18259 11680 10567 17922 11054 17655 8977 16642 3026 9689 8700 17635 6204 5365 9979
19831 9024 9800 3171 2689 16184 10877 16367 219 6414 1607 14616 19297 15420 102 3011 8288 7954 19155 9237 10975 17872 17094 5727 6981 3711
4585 15307 12177 5867 8013 3099 3051 16798 5407 12164 9473 11868 18978 10679 13656 7837 11920 3726 4596 2814 7703 8183 14441 16874 1831 14993
15979 12830 2049 19501 7303 17096 4607 15210 13066 9710 2547 10874 3651 3858 16856 7759 2248 13318 18913 14293 7842 1157 5315 8603 9637 19812
9031 1437 16751 14369 4203 18630 10229 3109 12265 3671 15590 10060 96 17504 12093 17203 7257 15808 12153 11137 7595 16163 4725 15156 19140 1429
5922 17477 13532 935 19560 6613 7691 11291 13932 19131 421 10961 11951 6602 18458 3252 7103 11360 17244 19220 6598 18576 13639 11161 12330 11618
16674 18691 17948 8637 7684 9649 8704 19448 17362 1648 8858 12531 13909 3015 17639 13078 10985 17773 17572 4917 8613 7808 1300 450 16824 19681
7979 13642 17559 1804 9581 7594 18945 7487 15596 10226 6245 7585 4038 3190 3181 8685 13097 5094 19517 12941 18455 206 3029 12456 9940 16753
5363 355 19581 6914 16033 6701 9109 7601 1130 2319 18317 18442 13377 905 5716 4865 18063 19535 8632 6384 9941 7843 16654 12719 9618 16495
15069 2079 15192 14783 18904 1429 10929 16729 2457 11423 14595 17128 17029 7204 2465 8478 14613 152 7229 18006 9088 18989 2217 19141 6725 12390
14455 15273 9710 18218 2881 4431 16385 5458 6899 7033 14444 3074 6940 12530 13212 15999 5088 3950 12527 13706 8788 2448 17235 1866 3448 3189
13066 16237 1770 18503 12615 561 1010 16753 3121 12396 6681 16030 11528 4362 8108 19325 7257 536 15036 4478 720 9582 8586 18558 4927 17631
4338 146 14622 2320 6417 11076 6404 6839 6452 14264 4409 411 17264 6135 6346 5698 7801 19014 789 16053 603 17406 16818 2671 13690 17037
4720 9208 5492 13375 19751 476 10666 187 4535 4245 3944 9458 16315 7765 15113 12101 4672 5592 10952 10041 9592 3858 18699 9894 14744 12312
8625 12910 11861 4548 16377 19657 18607 12588 16702 1412 2191 11698 17333 16738 10209 3994 16796 9790 5304 13684 3428 13726 2036 11884 11504 889
15090 3187 19868 5338 17400 5309 19866 13591 10821 9021 17929 6308 2511 4757 11794 1333 6554 14705 2456 11757 450 8022 8849 13784 10741 8785
2163 13182 10631 14941 7212 15643 18514 5240 1260 16770 10398 1118 9519 7645 17053 15578 10984 5877 7017 503 7714 16027 15665 7594 62 9559
10015 13170 10235 9007 8677 7126 12049 14161 14722 9947 175 7230 14379 15530 19877 7519 5823 6191 16575 401 5894 17690 4310 5921 15805 4714
9225 1371 8524 12572 3214 7867 17805 10503 11034 9336 400 11671 19317 15673 11321 6596 15057 277 6112 17141 8455 1093 19853 2646 4393 18156
8168 10604 12014 3772 13027 16368 10834 17751 14486 6778 3100 10781 7520 13190 9240 12723 15219 31 15193 13688 15961 9271 6505 632 14158 12541
11593 6559 1450 11708 15156 4518 9483 2377 2522 17788 11806 4038 13486 2218 4770 9036 3162 8076 2603 2053 8092 7416 5344 4989 4151 16004
18731 2819 10314 805 7181 17893 1971 17102 9710 19060 16026 102 19199 5034 8656 14765 192 11500 13683 2474 19404 15667 17571 16407 5969 7768
9776 17617 7525 2402 14798 17536 13833 11245 1149 2903 16563 9983 2497 6545 602 8477 15683 7368 14506 16538 11215 19059 18088 17471 19550 5155
1974 13727 8721 4781 19882 11435 17274 12675 6024 12085 8800 10234 4503 13005 2452 11464 2336 977 19975 4684 12452 9622 15415 4600 4089 4389
3094 12123 6745 1957 6535 2999 10940 2633 12593 19907 14714 19166 17387 17361 4570 7834 4436 10382 14815 10104 15602 10139 8581 4302 4040 2716
16279 13103 18315 899 10747 15205 13857 1032 9638 19014 16126 10978 17000 12180 9321 16012 15859 18908 14614 15395 8559 170 19688 14136 16379 14060
16354 2548 11230 2647 8773 11227 8004 13297 2124 8710 6863 6039 4780 2313 1520 265 3486 4768 15742 1225 16262 17084 4276 12442 9080 13271
18560 8105 18887 4009 4952 15497 9332 7825 11126 6159 14814 17501 6722 4662 10906 2386 1114 16151 13637 18229 2293 13043 16383 13856 675 10205
12727 9643 6350 12373 12452 18810 6046 8566 16682 18726 3455 19458 17074 5019 19968 3863 11387 7126 2712 14448 10855 5064 1751 10647 17793 5676
5795 12016 8806 14100 6464 6769 4699 14775 7609 5022 13430 18860 18283 402 17014 126 12685 10401 12735 17673 14522 2430 7601 12937 274 4559
13823 1755 76 5805 17978 9946 13083 2942 14784 10042 6661 9397 3483 16430 19956 13932 18040 1636 1252 8378 15366 3383 3705 13322 3187 8119
15124 6268 15177 11404 19034 11500 447 15130 3918 17514 919 529 10736 11272 8795 10176 3399 15360 16723 3484 13601 15939 158 16209 3481 19699
8754 1378 10456 14152 19292 8197 9677 5614 19654 14822 1016 8398 15886 12583 13095 5543 15215 16708 18525 2952 6744 1561 2643 17201 1591 165
17107 12556 1940 8988 2990 15472 3943 2286 7948 1934 8967 14436 14400 10167 9108 14146 18291 64 8261 1215 13906 4816 12255 1973 10182 5201
3620 3337 15517 14380 5566 18684 4808 5628 12653 19132 774 17552 11722 18709 3429 9618 2866 11410 16587 13679 7525 14375 7858 11308 1327 8775
2093 12457 4453 8963 18739 4798 7228 15423 17936 5447 13273 4927 17900 18573 13540 2910 895 1818 14528 14729 11914 10120 8064 1326 17193 19526
2204 3979 16342 9255 3176 16022 19682 5262 18929 19113 9671 18266 4006 12414 5958 14115 2786 7393 10014 5418 14631 6880 1486 14461 17674 3457
10307 4374 6325 16858 17535 14995 2784 7325 54 17920 10516 7496 8498 12360 1436 12781 1237 10583 14168 11878 16618 1680 13437 9000 7377 14672
12933 14182 7878 13892 18274 6818 19061 13539 8752 3233 19331 6036 11964 4188 1903 2187 13211 10407 9720 5732 8405 10257 908 9396 6845 5733
17733 2469 14707 15929 12056 19588 18007 12697 6868 17998 19836 10654 5611 224 162 9069 1213 12471 15176 12772 6675 11920 10099 3303 18290 607
9177 5220 5951 5275 11055 6595 13205 17031 19097 6544 16418 15688 17531 5550 2402 17546 7311 15731 3265 18101 12248 15297 2424 11719 12915 17167
9903 9485 3352 7847 6374 1263 3549 1335 13365 19943 16807 3625 6191 3618 9197 11701 4399 16622 8659 12783 5951 9189 772 10640 18308 11883
14531 18563 9730 8622 4256 1014 19339 18759 4991 14275 15614 6202 5970 15760 12666 6563 12082 3992 9807 641 12787 16834 1156 5173 5833 15160
7339 13901 15967 19528 7845 11387 4221 10165 625 17859 13031 10240 2978 14626 8314 19141 17838 8132 16917 18954 4123 10770 4651 12837 3325 6899
860 3995 10807 3300 420 3480 9658 13506 15379 3715 11271 15076 127 3888 14336 5245 5587 2496 17048 9209 9571 7036 17331 8248 1726 19016
5710 19755 16158 19789 1909 87 11164 13866 9954 15311 4958 11827 4096 13052 19197 19569 16648 5061 8151 6753 3709 17802 1706 13733 10724 18488
16536 19362 18851 12452 14832 8866 944 10679 17877 3775 6225 18065 17638 7186 8531 12699 8792 14402 18457 19070 9084 10565 4248 12502 16942 2194
5113 401 17799 2037 13444 18568 13251 4807 6835 7836 10007 11587 3650 1826 13911 343 17149 3984 2219 5688 2824 9565 14804 5368 5974 18494
86 9583 7659 7668 2385 1365 19767 14425 4782 17243 19885 12480 12742 19617 8138 9979 15541 16260 13398 17506 226 734 8537 2824 19514 8307
1848 7194 2253 13106 717 4127 14498 9190 8143 3905 1198 17958 5738 4537 3881 231 13356 6522 17487 7423 9668 18858 11872 8309 7176 5926
713 10815 14968 1455 3543 13492 7372 16330 2171 16699 19840 6092 16715 14428 17909 11470 10513 19984 19856 18750 5002 17527 14012 18514 15279 16634
12815 10936 18317 13586 15286 18291 2756 7318 19108 15855 13367 2079 19572 5204 2595 2172 4648 4704 19570 7033 2578 2381 3992 18338 16745 7339
4664 13992 2886 4266 9674 13173 5537 8955 19404 10252 12201 16376 6683 12243 14479 17210 18898 2692 11998 10333 12195 9945 15124 11073 3689 11255
9318 7842 19477 5793 2118 172 17243 8145 15207 1781 15832 15562 15837 9746 7611 5535 16276 12343 16866 7773 10676 8526 2404 19870 11543 7243
13075 16964 16979 18053 8676 16280 11169 1780 3074 6356 15194 1141 4794 8420 19021 19109 7559 10272 4167 14144 1467 1902 16509 17208 2047 9417
5042 13623 14001 5924 12843 5362 1825 3844 10264 16062 14436 4889 946 15583 9812 6060 10812 3983 1797 3647 13324 14179 16150 15414 13878 5020
15615 16686 14917 1927 16735 4288 46 19170 1269 7252 14541 214 5508 4598 2521 17625 1630 18387 6961 1138 11380 16744 8358 15856 11748 13225
2428 18553 16720 17328 17700 14849 11507 19149 10406 3049 6592 11788 2146 3671 1063 16104 18983 17008 15626 19193 437 19228 14802 13859 15206 11616
19760 19977 16797 10317 17871 2484 367 15108 10598 6626 7775 3984 1264 29 4505 9503 9524 12204 17207 16742 7176 11508 17108 527 2550 14575
15420 2206 285 12801 12760 7077 19611 2395 7805 12132 7231 10059 14106 8070 12114 3596 9465 9061 14043 5815 6374 4720 5539 10638 2213 17744
13589 13883 12314 15249 14839 15116 1413 13572 16576 6224 6387 6606 18822 12498 210 11571 19843 1483 2341 19541 19999 4417 19891 11931 3946 19076
11489 17349 19460 16317 11231 11935 12659 13169 580 17448 14607 9450 17558 6979 17575 14306 16520 17028 10883 13875 8195 10473 10921 15191 2813 19238
7911 5406 251 6164 13019 11812 2631 2190 6758 2079 228 10031 2172 5196 12463 10502 10710 5169 17359 372 14614 8573 4100 19319 13344 9059
1762 1962 17152 19109 17645 1918 19264 5765 2195 12072 8808 19691 9649 3814 15807 8520 8015 14812 4578 9682 6235 9734 7153 5515 4774 6077
1023 18496 3806 5282 6198 4708 18818 4880 7251 7076 15482 607 10670 7445 13694 17303 3236 11457 6465 15856 5429 13035 11855 4948 18636 7170
6883 6518 18191 11733 2011 15671 5513 10616 5036 13368 9201 19932 4480 844 9873 17506 17061 2543 9390 1530 5285 17080 6515 14941 19410 5015
16338 14749 11758 664 14034 1771 17007 18854 11303 9027 7168 19019 8608 3185 859 15531 11956 4668 5449 6254 3818 7633 5279 9647 17715 14
17713 18943 10809 3816 1929 9349 18262 17935 6825 19286 11949 5362 15767 6390 11379 18710 9780 11861 7865 242 8261 2218 16436 942 7458 6292
13917 1827 4603 2879 17095 7678 17600 18011 17443 16105 19050 15853 11277 15065 12170 9717 19772 5401 3824 18005 10655 13245 923 10169 17893 18837
10733 8310 14687 5072 911 15864 4893 6717 7307 18118 5721 15138 8439 7894 11752 11818 13446 15880 7949 12869 5350 18981 16885 9633 13250 8335
7756 19869 1906 10974 5041 6216 8143 15306 7166 9089 8877 7459 12883 10220 2832 5278 6097 5978 18288 6108 10358 8494 7170 10044 926 3515
3768 5028 1178 2779 2393 1130 1241 14573 14468 7555 2979 11082 6324 4950 1608 6995 7816 9464 13967 10229 13360 10992 8018 12628 14733 15800
12463 7354 920 2199 10761 11687 16128 8224 17594 17958 1755 3005 4328 2125 13315 7092 6624 82 15485 827 4486 6777 5248 8303 7849 10011
15004 3124 17672 17151 1840 19337 9360 16499 15511 15583 2951 13380 7760 12489 4920 9933 8675 13126 14346 11352 1641 12275 1351 408 11980 9093
19449 12702 1279 9479 740 14065 16320 12512 18107 2166 13018 16331 15797 13077 15354 11726 737 12765 13664 1525 9613 12483 19674 5128 9160 18790
18876 2812 18982 11265 9904 12989 13779 182 866 16923 19401 14810 6910 12100 13786 2184 4424 5681 11447 14499 4753 18408 6288 16303 6334 1033
12711 18074 3922 13889 16460 17150 3649 6967 19107 5835 18085 1163 3548 8882 7469 6322 17438 16877 11613 12581 17393 5337 10739 4842 17869 3528
16145 10915 4300 4545 3087 3981 1387 1000 4861 12643 18448 7725 16073 4218 5647 10592 6185 13875 16540 14692 19652 1530 11362 5212 12615 10496
10048 64 8497 5631 12967 7535 8063 817 4977 213 19498 2127 3736 11836 8671 18455 17131 5016 8357 18028 11755 3375 16123 11167 12606 18719
4624 15934 4203 14306 1276 14277 1244 1173 17174 6113 10361 8665 11343 8253 9143 19317 115 18884 4615 11677 6319 2390 13848 10730 13741 18353
2886 14259 18492 4563 8330 7459 15405 15198 4070 19437 12938 17150 2588 18993 2271 9877 7300 12202 17303 9504 3614 368 17098 14871 6633 16669
17109 7937 6925 2244 8025 6682 18087 11830 2409 15586 9326 16830 8196 10878 15142 16970 11143 10188 7813 6332 11016 6130 13191 10863 15874 7369
13377 8730 2547 441 15281 1339 480 2892 10332 8352 2692 12916 10327 17668 16027 1566 7469 10572 17543 5452 11476 4310 12563 10528 10539 2715
14174 15277 953 8377 12752 17003 15457 9892 2934 6041 1359 18354 4926 19421 7833 16812 2919 1209 11686 2195 16268 5388 12629 11538 3341 974
11208 19185 3201 5820 11309 18570 11253 9980 11414 7923 4139 4113 8909 5552 13791 668 17064 1280 15561 221 7578 4416 14059 3476 16707 4646
14639 297 2563 4768 5893 14865 7672 1591 15635 14910 101 1410 3003 12987 16109 3826 14846 19624 13600 6777 17436 5947 11559 3691 6590 18195
16168 4797 19350 1865 9255 4372 13367 8898 865 3801 19206 19015 4031 7187 11459 9574 6548 16001 17523 5434 12466 9057 8522 3056 5857 12636
7012 8039 8230 15225 3254 7279 19289 5723 12638 13422 9432 11882 16286 14627 8309 12943 9087 1170 502 8946 4769 2656 1827 5326 13304 6861
15198 1848 16659 1499 962 15136 10460 6895 6917 11692 18523 9392 2051 7334 18572 13497 17713 4396 17258 9940 12366 5131 8916 15224 3223 10005
7752 3701 6204 12654 3300 6118 15133 18678 499 10886 15867 4428 6601 2790 12896 14725 502 14935 19773 11829 14360 15503 17205 16636 4151 11309
17589 8452 9670 18366 18850 8636 18042 6655 16980 9596 16832 18486 1113 7988 10342 3282 9708 15251 18053 2618 12376 14514 7769 10098 6341 15493
4891 6625 5004 1496 11027 1532 8389 4788 11914 17632 2669 16149 14786 2532 1391 5769 16367 7362 2365 6582 13793 1431 11941 7477 308 18313
11432 2035 11590 12444 5097 13094 14306 12160 3659 3926 9286 6966 18037 18535 203 9586 17519 16343 14835 911 7947 14852 17290 15743 17028 4913
4033 6337 15536 2311 5203 11488 17924 14735 15280 3661 9121 10886 15263 1237 13802 7251 670 971 5571 6201 13060 16903 15898 10747 18311 10776
10992 14857 19711 10784 14219 756 13145 1926 15498 2110 8349 982 17107 7505 17114 19580 8859 11551 16577 1496 18584 3142 275 14352 15941 11903
19513 8365 2461 17865 4461 5735 7871 15398 14203 17328 28 17412 7390 14711 17309 16471 3856 2283 17421 12020 7425 13366 117 8918 7575 10299
968 17707 3921 4584 1625 4164 11366 904 4705 14139 9878 16391 10204 7884 17749 8362 9172 6566 1752 11347 8974 17996 14629 3135 17253 7026
19518 11359 10050 3104 9267 5319 118 11644 6125 11730 1858 5448 14702 7589 12828 15352 1461 15441 683 7721 4984 4330 19977 4232 180 16402
15228 17604 9646 11824 10272 13778 16472 7617 1890 17792 170 4150 2766 13655 1290 15485 2173 2084 15731 4846 12875 18856 1379 5880 1531 17404
13591 16502 5547 8968 3519 2661 18511 13983 10911 15976 12679 13251 3228 15513 14859 12769 10530 17277 1610 19681 580 16532 16726 13114 7214 13869
16335 1841 10281 13630 14916 9764 4090 8851 7757 9953 15988 9063 12701 6621 12655 7190 15306 8551 16874 7244 11674 10402 15913 4383 15268 18841
858 168 9098 12662 2407 5861 7101 4739 16938 640 13077 19257 10715 305 7253 18862 6710 9143 8366 9104 4863 12323 17401 17866 7066 3647
13642 1133 12541 19562 2902 9588 17919 4444 13908 2138 11887 12172 14905 11187 19778 18625 5207 17374 816 1148 18460 18833 8677 12095 14835 2214
621 6027 11373 17055 9314 4796 17440 12847 3870 11955 138 9631 7799 9774 18078 14234 7277 13413 5129 4954 13460 1802 6474 18012 12846 2318
17939 2434 6115 1115 8294 11819 13121 3326 4068 16860 9839 4888 1279 7201 11650 18333 8233 10451 15350 8706 18828 15518 7129 15908 16310 2231
14043 18582 17089 1494 14272 3505 15532 7485 17950 16619 8938 2373 13995 15937 11467 10685 7954 3642 11994 2525 14736 7305 17402 16967 17072 4773
18730 19641 15160 18658 10871 9314 8552 18974 3659 9980 7676 2935 17095 19598 12287 224 6544 17896 16209 11985 12234 6299 8015 17137 13887 9221
14413 365 8444 818 9758 15696 14352 19793 8714 12851 3618 10977 5515 3813 1111 16571 7762 12583 16161 13375 840 9748 10937 4222 18272 4783
19191 1378 549 7191 9118 14121 13046 17505 16399 16911 18502 8168 9569 5046 11364 4888 7780 14330 11119 3106 918 10783 7822 15970 19825 497
3189 8948 5373 16595 6737 11431 549 1665 14423 8018 15980 11778 16638 17768 5550 16242 19457 19209 12091 366 18348 436 5759 17569 15804 14177
13626 19920 1950 11727 11947 16186 19981 17298 1068 11263 7697 11039 3543 690 15967 17383 8557 18374 8451 13222 19266 3157 5621 3079 12182 4113
14137 19283 5770 7901 15652 14141 3720 5777 16872 3352 7503 11037 168 10980 2381 10006 17111 8732 13992 19554 19846 10463 16365 6232 9165 9894
16105 16775 9657 11696 6858 4548 19304 12881 17705 13949 14162 16789 921 2523 4738 8659 17158 181 2838 11268 7024 18961 11044 17148 3560 14138
11709 15578 1933 16696 824 18189 14124 6202 4407 32 13125 1071 14705 15296 19547 1220 11197 2775 19283 17042 9602 2241 10702 10415 17176 7803
6503 14128 15583 19140 14509 2264 14644 4946 11633 19730 6076 11618 11503 15657 11024 1323 2572 8143 17280 4393 16178 1272 19386 11338 8481 17793
3768 13505 3758 18320 18278 580 16357 15348 5277 18881 8056 11290 1465 10052 8106 1680 13495 7170 1514 6556 15643 18867 17199 4976 19777 6493
9425 15549 6817 16116 13996 9867 790 12575 13022 9895 13103 7911 9239 10138 6350 16963 19709 6628 17932 6754 9101 12069 17016 9730 12052 2209
5257 17573 11630 1917 5893 3601 8100 11425 17694 9 10582 5929 11016 12489 13484 1239 18851 19051 14441 16639 6719 18847 430 11426 9822 14864
5216 11983 283 19160 710 6016 16962 18625 2910 8201 11362 17051 6760 14994 13209 12126 878 6071 15320 1500 13977 640 13362 1640 12253 7242
11835 11452 6743 14752 9404 6116 3644 5114 16206 2745 7776 2138 13276 15394 1172 18052 19761 7121 13389 13386 11415 7061 14548 5193 12732 11035
19798 572 4706 1359 433 6267 7267 10157 17620 4006 1090 12340 17231 10630 15596 3453 3732 16416 4427 379 2150 12331 16218 2989 14941 6514
8464 3247 19314 1708 16775 9233 10416 4248 2115 339 6639 8958 8422 6146 8006 17226 17377 16234 1250 11441 16526 8249 5739 4826 3871 5461
15791 6332 9319 15154 12961 14575 10118 13607 4989 10557 5359 14936 13655 16264 7624 4420 7364 17468 15297 17568 4122 7436 1004 19382 19086 14412
7231 1894 8865 7145 6851 14871 8421 8998 7391 11087 9059 6215 1767 4865 5722 9283 9514 14895 13122 7961 18491 18241 19462 17189 15485 815
12618 12229 18357 13233 4800 12588 7011 9433 17945 5942 16825 19986 11276 3648 18072 16653 15694 1619 17567 8849 632 13487 19300 14511 9921 14253
6075 9307 17587 8877 14235 1069 16486 10927 13136 14315 12053 11268 2848 2711 7954 14117 12637 8351 11369 7658 8059 14187 17789 5366 17282 3819
2570 5942 3126 163 6859 16199 14260 7361 995 17858 8128 17332 4929 2819 18273 14406 1754 18869 12867 12874 11735 7518 6130 2932 19539 17576
18228 6673 5415 601 8675 13926 13961 10205 14387 10593 99 10858 9477 18867 13898 4856 5900 11944 2621 2041 10309 16286 12708 3057 702 4500
7769 15302 18047 13011 3921 4377 4609 3707 8311 8780 19531 4663 19943 2640 563 10973 6387 14488 14942 18708 10153 3705 19721 15858 12568 617
1711 11269 11155 6587 13802 437 7367 7672 2224 1635 6842 17795 17313 3395 14828 13550 8086 370 13 7145 9160 10521 11776 12096 19041 19048
18158 8179 19532 10070 19845 12807 13599 6963 697 9784 18259 16967 70 18312 11454 16363 2318 16464 12126 8858 14082 17786 9531 5716 12940 4021
11747 11469 18074 9832 1517 3677 6253 14312 8990 11427 9796 13745 8168 17399 11196 7507 16480 7631 18079 16005 5075 18595 2023 3576 14803 1379
14715 10774 7518 4031 8568 11962 6090 17357 12540 11688 9863 16366 83 301 4640 9946 4380 9079 12128 14268 16366 14739 4728 9330 5375 8366
7604 7309 15392 18255 5944 2304 2163 264 2757 11914 17144 8676 10117 19548 19108 6363 15264 17066 3121 8451 19374 7853 16960 2804 11499 1860
14746 5860 16500 13236 13508 5734 7715 3841 13682 5848 16991 17951 4093 7168 534 9637 17994 19801 18029 8201 6925 9950 7740 17327 13869 17650
8159 17937 1924 19157 3498 18100 8963 14890 7936 7681 13519 461 7914 8260 5983 12996 16988 8940 19922 8690 1974 12312 3093 3137 3530 7758
13593 19377 7636 3811 9773 13147 10433 7300 14800 10166 13343 15008 5075 8463 7025 14959 4296 4485 8323 7397 5357 3287 8823 8832 9039 18976
14924 16113 5839 175 15033 1535 19677 3743 8661 9158 6323 15228 14105 19622 14164 11855 4388 14663 12121 2110 7944 5448 153 19658 5601 2567
10871 3533 2443 7261 2147 14856 4775 13556 4595 15035 19818 13441 5228 15701 8037 1876 3117 11157 801 11851 16212 4611 6070 10440 16506 7748
12091 4561 19966 9799 16846 5980 3799 12901 3820 17945 5956 14820 17856 13976 5587 6519 11320 17175 17521 9371 13673 10248 13182 14877 10723 8284
3648 7410 8230 15632 4930 18214 2892 7231 11576 14776 13830 8277 18156 617 11348 15609 18002 2035 1399 19244 283 11141 2374 12087 630 19014
4566 10086 3833 12040 19541 8103 18569 12974 6065 1942 11986 9717 12183 6314 15267 9522 16298 4972 9188 12073 8294 16473 12569 11465 3837 17933
5218 9433 3021 410 7758 18044 6490 8411 993 12529 3213 6928 877 326 3825 12108 10442 6851 10264 17716 19251 1587 15528 13019 12316 4868
16385 17833 13837 1268 1754 2645 11417 2286 18976 7148 17671 1636 16015 9417 8209 16079 19458 3196 5674 6486 18037 19502 10686 18238 1250 10091
9563 8668 14754 9858 14160 1136 2029 31 5312 4013 8725 6147 8151 5728 18171 6894 19400 10508 9260 4546 17778 1395 7771 11027 5653 7077
13188 12667 18536 17858 5017 1976 17993 12362 3039 14651 10607 19931 15564 10484 18825 3605 952 10235 18966 7609 12668 15459 6002 19863 1797 4792
14235 2514 16712 9369 19304 7871 9070 8594 9229 16260 11477 16642 16125 4628 11337 18126 11128 239 19418 1547 4624 3414 14366 12032 1056 19290
15011 2573 4069 9306 13250 13744 3576 4689 16335 5893 13696 16109 5295 12405 11709 11002 7786 14947 10733 11513 8814 4403 14778 15504 15619 8421
1739 15802 6836 8077 5483 4904 720 3213 9581 4101 17802 19079 13089 7654 16616 15377 17160 718 424 11564 16674 6621 9156 436 4074 4115
2827 15254 18441 2580 16342 8649 19702 2991 11091 5334 19583 19276 6982 5891 9368 9115 3554 4020 17297 17496 12428 12859 12279 10331 7484 4979
19802 16444 8951 12554 2935 3588 11078 8700 16471 14299 16020 13796 1186 5729 6487 14190 4037 11255 7216 51 16817 12709 7808 4168 18577 19630
4211 12174 3540 3539 14607 12524 6828 18490 239 14518 17292 4362 16074 2291 6537 14546 1890 1908 19193 2058 787 2661 19409 19983 17967 18435
11690 1414 17104 12693 3735 3269 5091 11194 5840 6300 11434 18359 9085 18578 4249 7732 1271 2242 15691 19230 18139 1692 18871 3337 6784 16347
12452 18803 1878 14592 5781 1409 17650 1438 19069 12047 7349 15304 17715 13775 9240 7988 17558 3203 14747 18051 6051 3742 15311 12924 2478 11574
631 5435 10916 18616 5459 16747 13576 11878 18062 2017 6785 18132 5055 13516 3811 208 9137 5916 10463 19595 12288 2158 2394 15366 9765 18991
3553 17541 14272 19010 884 5567 13567 19940 3801 3997 13929 7952 13692 12516 8349 3112 6860 6160 15526 13749 4737 19158 18080 5010 16126 10639
856 12313 19957 10441 2146 4279 18752 3527 18887 980 6947 8527 13004 3535 9424 17031 13527 17345 1329 19305 16979 14777 358 12674 13767 8009
15762 301 17756 488 12445 6955 7261 1531 6018 11182 13837 2295 14748 2904 14859 2366 3648 3213 13608 14672 5234 12549 19390 15017 10349 14099
13553 4321 13643 11891 15174 19427 6925 4656 5845 839 8992 14327 4071 19322 8494 2525 5051 2682 10088 7840 7030 3686 7682 4473 12705 4456
2689 18959 19840 15446 4287 10514 2828 3766 12258 1087 16539 18124 16913 247 19639 13864 10871 1858 18587 11975 18693 14263 8868 18230 8443 15438
1607 14980 14936 19248 15392 8135 5500 243 2270 13130 173 5168 19685 263 11631 15121 3824 15191 1650 18402 9536 14192 11336 760 1725 17557
16160 17848 16076 16089 9231 19934 10126 18000 5648 17046 7984 2574 4847 10789 12609 14360 18192 8859 13474 12346 10274 5902 12744 4762 5803 10138
9848 10209 19319 4016 3010 16610 10084 1926 6845 7400 8315 16072 10419 8558 326 7105 12051 10093 19806 5392 8962 9313 4716 13078 5400 2
11941 8180 15539 18777 2075 17046 13581 7147 408 5240 8247 12473 16988 118 15497 12721 8557 15965 4784 11624 9940 8372 7962 8588 11585 1225
19683 7305 16291 9063 8120 7919 12153 5198 13311 13968 6262 16187 18474 17689 14684 5847 15688 13047 8930 17493 187 11726 10872 14240 1759 12446
13245 15949 2494 18093 761 3533 17128 9209 10941 18899 15592 5383 19710 7063 2969 10559 11981 13983 18534 15712 2949 11191 587 15888 11926 7192
2721 3415 3432 8913 16460 13465 7414 18890 275 14049 11157 6596 6722 15278 18280 492 9773 14089 17123 9074 13081 14987 8704 10517 2115 2214
686 6577 15180 148 13222 4675 9993 16175 17326 12993 19790 9305 1931 15884 7042 18661 16823 869 16547 19868 3414 11864 8154 6712 871 1199
8618 5886 9064 751 17384 12681 3449 15763 41 1462 18850 4808 752 3662 6223 6709 11506 404 8391 11498 13756 16603 17514 12024 4007 17690
16066 19128 3939 2562 6156 7685 17683 10903 15288 8256 17681 12653 9433 18196 2267 6772 18846 13646 4854 18716 11633 14433 9583 2224 14309 12082
477 8873 11078 18803 9423 13505 13995 12178 15661 10214 11926 14875 5463 2412 13184 5899 3028 13440 1731 6123 2946 8228 10418 10428 14930 16283
1622 13459 1954 3849 15638 8070 12561 8663 1449 14169 19072 4419 15224 17798 1580 12642 351 15142 6218 6158 11267 16004 6331 13361 3800 18547
509 8840 5031 1948 3669 2913 18980 13697 12398 16185 14023 2297 16723 1859 8428 7747 2524 2322 16788 15207 17193 8214 2418 4022 9534 6173
253 15530 9597 19709 7597 13257 1244 9165 12184 1095 4158 606 12324 5737 4814 7062 7576 13032 534 8856 2297 1914 3143 5561 1068 17215
