365
4 4 64 18 96 10 50 64 77 80 21 62 91 34 9 11 23 55 8 76 43 1 65 1 86 75
18551 12873 12630 18525 6935 15113 13920 1795 3808 12409 9436 11129 8403 16244 13360 13567 1484 7562 15352 5891 122 19228 2649 14498 15938 6406
15963 15731 1071 4804 17768 15883 16675 10462 13605 8225 8115 17093 2232 13337 5640 12205 6222 11365 13277 4976 2858 11242 6437 19701 12323 4049
14155 14760 11874 12872 15650 4959 10205 14765 8661 19864 11873 12252 874 14132 5210 6291 14204 5555 11404 9953 14126 13013 17949 194 5831 14634
11221 6779 15861 18944 10589 16626 8581 15039 5921 4421 13223 1446 6676 4489 15828 16939 19086 5644 17264 9679 10122 15595 15088 5821 9065 6684
4780 790 11317 11304 6394 8913 18443 16449 1605 11059 6768 17362 10820 15306 17025 19486 18967 18451 18398 5800 15622 502 18174 4899 7628 9608
6520 17477 12139 17509 17488 3013 3481 311 7897 13020 19980 11603 19623 6852 6652 6472 17713 1493 1875 5733 2809 19172 10461 1039 16775 1195
1206 16552 12024 17987 17271 9551 15543 5161 12942 8856 3155 1033 15819 12510 4876 14839 911 8445 4817 2429 15842 356 5718 1503 1301 12884
12280 12405 15659 1804 19020 5507 5240 1581 18461 801 15629 2920 14544 17935 15912 10831 4337 7334 10434 5361 3374 8841 14636 11008 3624 6677
18295 9545 3313 12972 4482 5588 719 13851 15413 8241 13748 1879 9326 11400 13053 7456 17946 705 2122 13742 12205 18103 2317 1072 10142 12689
466 3488 2436 4182 14027 11127 19657 7466 4057 15829 6078 15949 1432 9946 10853 18223 4433 16541 6626 10096 10897 13413 14705 17679 19904 13491
1062 4555 3252 17665 18772 19189 10844 5960 14032 19888 16868 9284 19590 17933 6703 9088 10561 9756 19071 16091 2986 19874 18351 583 1915 16428
18024 3375 4688 8346 8764 1533 18915 17699 17416 1454 1638 16855 8459 13014 7714 19384 19860 3781 12033 4245 11893 14466 15368 16233 13257 16926
12206 4838 5405 1539 19820 7750 4896 1514 446 11602 13618 8798 10196 11552 9376 16544 8998 6319 18540 4183 23 17315 14099 17970 18260 18518
9354 14541 17567 16980 19286 760 6565 17318 17288 18071 15660 16306 1530 4911 10281 9145 15037 9904 18124 16978 10513 13265 12972 11051 8407 9643
6847 18614 4542 19252 1702 4285 14157 15062 7104 12667 19164 9981 7424 12307 13927 19843 800 7356 693 2728 6972 10491 5817 19354 17256 16176
19904 643 1936 5678 9190 11935 14958 9574 7541 14324 5675 16205 12613 7676 15029 3000 2065 13391 10196 5375 18999 12139 6589 18608 16077 16767
9359 5817 13919 8978 7146 20 3506 6360 9572 10977 11301 15382 14630 18286 14851 12295 13915 10390 2596 5653 4618 1192 14540 10382 1952 317
1576 17282 3390 11565 10769 11119 13138 2072 16479 806 7327 3790 1955 5707 17004 19869 9618 14018 8861 1481 13353 13802 19039 9715 7594 7257
10466 9533 13628 18866 4107 16122 9301 8175 15481 19480 6206 19705 6811 8532 11744 16039 11906 13885 19613 5605 6231 11809 19370 4921 13573 11073
9451 13444 1937 5740 12062 802 9457 8619 13206 17175 9210 18878 3426 16020 910 3089 16910 12668 19287 7758 11200 1321 4653 4289 6108 7640
16396 6414 4824 6859 19320 2628 14146 10858 2859 3165 19255 12129 6286 14698 14167 19383 9633 8793 1415 13132 10666 12828 1094 15752 14072 4192
6321 5619 18772 5964 3656 1711 5978 584 11545 9440 18756 10041 1749 14226 78 17454 3075 11973 13351 12431 8660 15265 17567 2925 7206 8487
19025 16831 6906 14106 15798 8244 7173 17236 10231 16697 18387 4170 16480 1760 12663 16139 3586 17901 2587 12598 3808 19996 3090 16772 6932 15076
9364 13597 9768 17710 6911 11099 12018 13376 6887 1631 1772 1886 8080 6181 6848 11675 18938 18161 17424 17972 3073 3170 9527 1669 3823 3307
8828 8729 11307 15624 9310 4699 2813 1732 19209 16665 5610 10702 14766 18776 15898 14121 5248 7425 4056 13112 17068 7265 14326 6124 17792 8865
772 13631 16095 6225 19202 655 19639 4987 7628 7906 579 8920 9158 6139 16487 760 6562 7899 4845 6051 4445 2804 18367 10239 15672 11367
15214 10922 17597 17959 16508 12889 242 19659 17022 4786 2704 10229 14919 18478 739 10578 2123 5844 18271 5040 13816 10848 2218 10973 3472 15668
15674 2583 13169 8527 2749 6336 4947 15287 4087 1789 17265 17618 4111 16008 3353 17713 19728 13160 263 1272 15842 19722 9046 8999 4739 14431
16346 3170 5467 1744 8345 4733 5083 19398 9053 5289 6005 7751 1154 3266 12439 557 5591 13326 4703 19531 10527 11353 4507 10071 9467 6886
8344 4305 10401 4923 7961 15335 16659 19921 16385 13017 5748 2328 9438 7263 301 3502 11005 17691 471 13887 2015 6221 10918 11248 12024 19011
5738 11637 17723 6840 8177 17912 13938 9291 14726 14433 9080 5680 9985 19004 19396 12744 4390 10378 18626 8005 502 3589 1476 3031 18352 17746
10182 13693 5913 1161 5906 8423 7237 5840 17573 1841 15189 5515 1239 2437 3743 13655 8497 7653 18276 8944 14723 839 14325 9227 11347 1940
13518 8014 15980 5969 6469 13772 651 12891 15082 19411 7336 16765 17508 8921 2078 4622 3633 16241 13550 2308 1687 15932 16413 17590 18597 10554
3923 18438 9037 3575 5427 16825 4418 8728 3245 9378 14481 19735 19922 15753 2903 7849 14447 14757 109 762 4515 2636 7862 555 16881 4823
14631 3274 6330 18047 5086 4610 1783 1276 10750 2808 9172 15016 8396 6708 10110 14494 16793 226 5533 17868 18565 16595 8365 2043 8952 2530
4864 13234 11432 19054 9808 13677 9183 15332 4039 15365 6901 17510 6675 6105 19087 40 14506 11335 6003 14838 5952 1445 12542 11591 10221 19541
12744 16347 14301 16247 17916 7019 1176 14752 1377 936 15940 7738 5632 15150 12440 6062 8883 624 19690 17969 13632 2616 7314 6630 5782 11701
19606 16537 14855 9126 18573 10107 15133 19196 11450 13693 6627 10151 3251 5754 6332 2526 8898 7642 19498 12361 9259 19137 3361 8959 13680 10118
15343 17279 19909 180 6781 19044 14468 14263 10592 2229 9982 19859 14774 6263 1113 12700 8440 9498 18038 1832 19720 15353 4190 1314 7042 3614
14716 9432 12619 17233 404 11236 9045 18984 16599 6275 5827 19810 16764 10918 2440 1455 2710 1492 5502 17604 778 3525 12231 1883 6294 16695
93 9395 4761 3383 12580 8696 6175 19714 3588 11592 18125 10063 9241 9604 18982 241 11821 13737 15997 15861 11958 1162 3949 2976 3201 1438
15328 14683 9737 19551 4895 13828 9336 1527 16961 7773 18123 4636 5299 9473 3993 4443 12623 17633 17958 4732 14240 19869 5770 18737 18967 782
12230 1009 6553 8541 11986 11071 7983 4909 18937 15995 12465 9120 11659 9865 805 14466 433 13048 16362 3830 3582 17715 6265 8641 920 3504
14887 12537 13678 8587 13994 18565 17895 17145 7684 10190 5370 15542 3220 1990 9106 12122 18488 12181 6199 3534 19335 14461 5712 8266 12168 3820
15890 6437 18222 428 15151 6086 6381 10842 13805 11119 13857 17220 13338 2015 14218 12398 11395 1999 6392 9461 561 54 3371 3645 15473 19085
12820 18331 5308 2777 3158 17690 3518 5539 2281 11983 9883 2232 13274 16923 1024 12631 5426 13760 3466 17943 8330 2127 18376 10555 771 2083
11139 19614 8718 7025 19831 6779 8773 18179 5485 8351 15753 18447 16809 5662 5201 17131 18519 5444 9030 308 13533 2961 13315 11700 17037 6073
18685 12531 11868 11384 10655 15042 9495 9197 2857 1467 15490 15895 15557 6358 2179 17044 6168 14098 19281 8544 17873 1892 5233 18060 8416 18307
13310 10928 12444 6288 9211 1295 1935 4918 11124 12491 11243 16444 15166 14308 8033 7719 2500 2354 16989 19668 6131 11998 18590 7337 16642 11107
17546 5797 14748 11693 8012 2270 6187 6692 16750 16763 13223 6942 8052 18879 17043 16651 11255 4275 18028 7598 8684 18933 16679 17659 8658 15206
269 4015 12758 12387 13589 15583 12658 16522 2323 9408 14630 19614 7917 4136 19312 1502 16579 15074 4960 7840 19419 2026 19274 10637 15011 2760
16511 16137 5760 12979 7034 3958 730 8941 1779 12064 463 19349 3571 18593 4320 3212 9265 13025 6698 12920 16794 3668 15794 5176 3565 12118
15011 16916 1405 9594 8894 1082 7625 10369 7324 19112 12509 6019 10981 12681 7381 10147 4843 13084 16872 11475 18232 17068 18813 15608 5221 19043
8155 7045 6550 1401 9843 9893 1099 7300 16176 17925 7532 18466 11235 14919 14593 19295 16165 7080 6654 9298 11855 9792 9231 9845 1134 14618
5555 3611 7620 9223 3123 3436 15758 12356 18453 10310 12739 2979 10622 2703 4673 5232 7185 680 8570 16127 2347 1400 1983 1122 8140 19372
13019 7090 7813 15225 784 15267 1251 12217 9678 5138 5386 14479 16516 2608 12702 16695 18334 2645 3329 7202 7315 475 5609 11111 12852 12467
18093 18537 6442 12990 17360 3603 119 10361 19926 11840 10525 131 4771 19666 17721 12827 669 3103 12764 6741 15519 15991 3034 9539 10843 3880
9969 12615 7410 15193 2169 12508 9632 14441 15090 5967 18247 3538 12011 14081 14118 9942 1089 14436 1334 15650 13768 1218 6022 18668 2434 6016
358 17883 4527 13641 18742 9725 634 18806 14570 9477 5740 18723 18503 18430 10917 10890 3924 18099 10714 11656 13018 10913 14193 5164 7891 16040
9385 6826 568 249 4437 3532 10668 17665 6571 17935 19325 19268 9378 19590 13001 8705 18584 17953 3149 12877 8233 4850 7879 14215 5381 8460
18545 5950 18277 13727 5959 4089 16161 5330 4500 18207 16899 6930 13443 4169 11734 2571 11388 2369 6780 8476 11066 3470 1023 2202 18524 17715
19046 1567 1935 17759 17758 4748 539 9744 8753 13125 2229 4450 8947 12418 12565 2405 19051 17386 17120 5827 10352 7762 18294 7829 15395 13701
8427 15251 6721 1428 11751 15019 19569 19924 12189 9441 16334 6021 3120 5975 14686 3822 19116 4185 5131 4567 5049 13529 13171 7144 14234 9565
19738 16487 12301 4194 765 130 12019 8884 18689 2949 4301 14489 16152 15729 2901 2436 4690 1592 4102 16239 6118 18699 13348 13283 14532 3756
6967 17367 13404 14941 1161 17920 3937 19402 19425 1627 5684 17597 10324 16690 7821 2271 15805 15326 17881 14040 4679 15335 10071 12196 5313 6008
15450 1957 10456 13337 8322 11452 14909 18867 13065 2806 3154 6651 11946 19246 3239 2931 2356 18965 1986 17436 8750 11229 12741 10175 13758 3078
861 18 13354 5561 2162 3425 15398 18176 17698 4771 14228 1774 4328 16691 14014 18742 12787 726 15759 18618 14155 16593 17818 12574 18810 13483
19748 14660 10294 14877 19843 18572 2567 2119 6603 73 4974 7359 16423 13715 3970 18996 11947 4194 2384 5857 14350 10907 2409 14917 337 14232
10472 12308 6990 11939 18248 15673 1106 5022 902 8503 11276 6243 9255 10635 9940 5744 13739 16421 1407 16142 9620 1618 16544 2974 18079 5297
18620 7248 770 2564 1750 1948 6480 2359 13190 15493 8935 5530 4296 184 12013 2856 14937 8191 13236 11313 1034 19137 10155 16028 6827 16883
5403 19268 12331 19932 380 9611 2939 316 19819 10137 4119 2773 10919 18568 4372 14750 15 3860 19363 9406 7167 17306 14563 15979 13381 18031
19621 12135 6723 14732 13587 14251 9105 4651 513 15145 11257 3434 16656 11732 10802 11995 14997 10012 7920 3252 13880 9295 3609 2296 9562 10307
16858 11986 11427 209 11819 15708 3290 13999 11094 9340 1378 2990 11325 10625 3685 8484 15452 3393 17291 18185 1734 11684 7607 11688 11233 16705
14996 9966 779 10161 4446 17054 2805 16154 9438 8940 4286 14890 12600 8628 4482 16068 498 97 13597 1382 9123 15181 1387 7691 16441 19405
15919 14929 9383 5066 17678 18803 15826 2952 12452 1920 2180 19876 8638 17992 14854 2412 3012 18577 10632 5006 3464 12822 996 4567 12307 19145
4783 14767 17413 3171 11337 3371 12574 14106 16984 11878 7712 9276 13199 18102 5857 16645 9749 16615 1795 17805 332 15787 13152 13809 16244 2061
10824 6736 14778 15226 16679 6427 3447 14696 160 6145 16809 9043 2605 4322 6026 545 1368 8859 8240 13565 15269 17879 3519 2855 12674 10385
9539 6392 11142 935 13094 6705 14462 8016 7081 5836 10403 4350 14499 16103 8887 4714 13618 3499 3121 40 4693 7968 17302 13927 14807 6925
15760 10987 5292 13841 18336 18470 1648 16933 1308 4610 11673 12851 10895 7688 18044 18922 5367 12040 15986 15272 5202 19816 11595 8453 19119 11247
12100 1462 6705 7318 3490 11820 6228 3567 10058 12979 19659 16872 10636 4822 7447 13044 16156 6186 3818 10895 17046 4247 12043 3592 4762 3710
4118 18081 16530 511 8821 7849 9386 16145 16801 9612 18583 1830 10146 98 3675 11913 11533 16319 2926 5676 1071 14043 2896 9450 571 16452
6906 7913 14831 6594 10206 19914 14677 15987 4537 2956 5091 18216 425 14244 15723 11943 11479 17147 15756 3278 146 14772 8157 19184 6052 19426
14659 815 18823 6755 4155 18467 15998 16558 2062 5202 3999 11533 12328 17637 16745 15333 17126 13240 19910 18048 9959 8460 3916 4441 11501 539
17833 12654 5147 5075 17186 8241 16469 3722 644 5471 16299 10105 13195 12326 5677 10548 16479 5235 10229 5981 13831 4763 16733 4038 7655 15623
1736 4166 7501 1076 15009 19773 7534 1308 18152 2000 10446 3822 12160 3773 17380 10065 8577 9934 15382 8538 2718 1747 9655 6240 14567 2304
11800 11638 7191 7965 5672 17258 13539 10032 4106 5845 1638 17742 2084 8723 7196 12139 374 1573 9098 15018 18037 12188 18113 19018 17291 10755
19590 13372 9156 11887 18046 3988 8932 10609 15292 17727 17109 15687 4667 18979 16725 14406 930 2205 13950 15102 7194 12653 17293 4496 17113 12399
6157 10012 11405 4882 16336 18269 4057 5219 3980 11466 15026 19017 9443 10504 4378 10610 9192 5933 15614 15798 8383 18486 12575 9428 5675 14272
2105 7847 16697 13206 761 17613 11142 13137 7531 14290 6609 1357 14423 10321 4783 11532 13051 16799 8513 2429 3709 14178 19099 18944 6325 2775
14543 6098 12416 2964 14691 18063 7124 13983 19006 14586 8285 2579 6933 13164 2612 17372 14809 15059 13314 19214 19414 17517 10651 5155 5664 644
6766 6064 316 13729 10469 509 12071 16310 19961 12599 5822 4119 16836 7644 8954 18949 18860 2061 19349 17587 15578 11583 295 4431 12462 3316
6209 10773 8256 19824 11351 8096 18440 4410 13744 19033 14914 19367 11714 7392 16435 5907 10406 15452 2113 14063 15923 16602 18804 5095 3799 4162
13391 19267 3344 19644 1489 18292 11497 4594 5446 1200 8710 7876 18221 3924 10521 4803 8672 7681 17181 7176 19976 19757 12975 7273 1517 2233
19778 16020 15894 18410 5577 698 10114 3834 5748 15757 9931 7692 8818 7297 18166 6818 13297 12237 10358 5886 8348 14171 15628 7377 9483 1936
3927 3511 6806 19919 12811 13403 11054 12689 19089 3352 19144 3132 18376 11887 3321 3106 12049 8123 14784 17010 5163 15306 9173 2072 1665 9256
15935 4554 15082 8564 12408 16645 17266 13199 6808 6170 15711 12650 10470 6032 12577 10580 7751 15229 1402 6136 1894 15273 16049 16652 15761 7161
6214 12562 4351 16203 18164 14330 9979 19532 13267 7944 12550 2584 10556 2463 577 13883 11073 17547 12382 964 16499 3072 8757 9504 13830 13714
4660 223 4828 16313 8124 1528 10946 10549 4253 15418 14067 10062 13061 9411 14337 12685 2176 13932 17108 11799 4063 11476 18507 19634 8939 16326
277 2194 872 4715 4000 9932 13876 17923 215 4651 17602 3559 7527 11504 13299 19293 15260 2405 1246 18677 15427 4101 7794 12562 10744 662
17966 17319 10970 9057 2268 16480 19610 10884 18485 6068 18481 17890 2872 7916 5533 10358 15959 2549 2126 18910 14156 9449 5011 9290 18101 17686
5047 12989 15964 17980 19703 5624 11787 15360 15697 19572 17559 11780 13943 5909 1373 3836 6165 11207 15693 18076 10867 11533 2499 9177 12047 7563
17344 13202 19575 16218 16940 17287 873 1662 7162 16507 7966 13234 15619 17330 19421 2244 2489 19592 5058 801 19872 10538 1497 18477 670 9259
3193 3426 11525 9716 3671 11921 8166 19796 11808 10553 19873 6023 2759 157 12076 16764 935 4257 3695 2676 8237 11277 8022 2629 13795 15770
16354 11403 2466 2480 17844 15452 3199 3376 9196 10436 18863 3238 1849 19184 18879 3899 2801 17603 5097 16106 1165 4874 8390 13870 15211 2920
16720 19497 14485 14050 8384 10839 4527 2865 67 2025 1188 8000 7981 16589 10988 13219 6819 13322 15596 5919 13029 8671 329 15823 3924 6124
3341 13347 1139 15499 2892 10699 10313 1938 1489 2170 481 12538 45 2567 16151 9425 16557 18448 8080 17925 5366 10794 13476 15660 4914 19183
6714 15494 18536 16591 13402 11811 1166 6485 663 8691 1409 1748 13529 13924 14889 6367 12994 19688 17092 5242 14561 15048 16024 6175 17523 4198
176 19686 18159 18843 13023 15291 1437 7645 7133 16875 3080 13388 2431 6260 3147 18901 2107 17541 16189 878 476 3346 5486 694 6379 2516
13561 8039 323 14086 15395 3478 5387 19295 15360 18313 16702 1105 18269 7074 7131 6727 4334 14068 8716 12706 11468 8129 6510 18971 5385 12053
3613 2064 8160 6598 1755 1333 12395 601 36 17095 2144 17567 4087 13466 3868 17042 15014 8914 19368 19094 224 10515 10978 17422 4706 3034
4364 230 443 10463 3692 2083 11923 14553 3881 7076 331 10787 1737 11481 7171 3637 14726 19376 6167 1697 14959 2302 1943 15184 8344 16032
12673 16773 4436 9101 2678 2882 18129 14709 1744 17772 8696 9729 18459 12553 5046 18640 15533 985 11505 14353 16644 17724 8822 17971 7693 4133
4676 6751 17688 16529 14965 13564 1488 7273 14091 14341 16721 16251 15044 1389 4975 943 11232 15182 17712 6597 2139 17796 13990 16787 10869 11680
17912 14649 10763 5923 16280 5864 13128 19100 1678 19083 17278 3288 14171 6156 18881 17848 13665 13027 4322 14847 3230 9763 4790 2823 18177 45
3666 14996 15550 748 1629 13898 9023 15575 13774 17104 4938 18523 13123 6267 1556 13550 2427 11537 4329 10081 8623 5319 9720 2101 14577 7891
14054 14342 13536 12291 13507 16602 18031 19415 11268 18970 8008 7322 1050 9942 15563 1168 19217 6462 9605 779 11262 2526 1787 15732 1336 2877
5223 9378 17748 3902 8323 18232 1157 16135 11102 16782 4507 6367 9762 16212 2610 8292 6073 3013 9390 3865 3353 12855 2384 11623 16453 5622
2553 19436 13387 2560 12053 15543 5203 7857 19856 14067 8283 13204 3659 584 7603 5881 8230 8433 1681 10030 2958 8099 12272 4345 7785 10122
19686 11712 12390 17386 19017 8920 9104 15265 18531 581 9214 15941 2467 9731 9834 15159 6661 13480 3967 12173 1929 9063 6474 19389 11198 4269
3712 139 13207 6498 2382 2463 4562 203 16066 17655 7636 5194 12615 17169 12525 16810 10397 4787 7572 3871 1363 16489 8979 9080 12550 16021
8232 13008 3929 11444 2898 1825 3350 5061 2511 9670 8689 2392 4144 2499 9727 2638 327 8063 12162 15090 6468 309 15902 9829 2204 16191
5888 15260 10512 2049 18670 3197 8106 8245 6815 1429 10295 840 10798 6753 16964 13827 1882 4662 9348 197 17815 14771 18311 6828 5645 16412
19836 13896 3010 5365 19830 2099 3414 1351 1210 6075 13526 8630 12055 19043 8734 1292 5053 10250 4132 7892 10417 7409 2190 6645 16837 15914
2282 6385 2237 18264 6758 3488 878 3780 15995 8779 1050 18261 7418 10750 10761 18742 1156 6166 10037 11157 16626 5068 14564 3080 12463 18992
8110 9471 5980 5897 12794 208 3590 9440 2840 747 11438 346 11427 605 3725 371 16150 5552 13188 13402 6390 14467 19569 17816 15997 7597
18268 2273 19655 14499 14331 8665 16476 4727 19061 396 4664 15517 14095 18108 8444 18939 5343 4843 4028 1801 7764 8192 236 1332 9596 11808
8115 5562 1495 4192 10969 10308 16873 818 7476 4083 3447 14309 1371 15135 3492 18032 16858 19939 18024 14773 5248 3821 19606 7411 7753 10674
14474 15355 17512 6420 8802 15544 15900 17832 8648 2589 7306 2775 12053 12396 9744 16223 6256 13649 14501 18200 2504 18367 8245 2237 18573 3408
4687 10611 1068 16401 11814 17564 9675 12284 11506 11521 10124 744 11266 6402 17423 16752 11 9581 7355 10019 4682 9564 13636 4130 12036 1743
16790 10412 6688 6978 8469 14986 17351 18985 17535 10467 15385 17674 9469 18402 108 18103 15229 14793 12294 8903 19946 16444 8661 8511 6993 1354
3462 11046 17490 7589 9155 17262 10943 6738 1154 778 15830 17976 3563 18493 11943 10587 12751 13011 7427 19538 6357 15834 2331 16995 13924 14696
11473 12769 17789 501 14320 13697 7840 6053 14076 14873 15434 4833 11949 7253 10625 915 7423 2862 10083 617 7959 9710 5394 11222 10401 1746
484 15785 2712 16174 3896 19410 10434 19511 9432 9141 19336 11625 19808 16134 9056 18857 16323 16190 18980 6189 10070 19550 15757 18373 5594 14156
9094 16049 17567 16271 18675 18330 14186 11821 5642 19970 16965 4507 9731 1801 9413 19921 6954 16091 6784 18841 12241 17951 18824 906 6909 5073
2793 10023 2198 18506 7983 1878 14961 10276 12599 16953 5796 15328 13322 9939 9441 15648 15009 2333 16087 664 10399 14218 3395 14823 983 9292
6864 3826 15957 5519 14339 14782 607 5901 8801 14499 18300 1223 6557 5438 15120 3233 16122 7066 740 8244 13077 15066 12254 8775 6484 11333
17661 8959 16825 11760 4259 14483 1160 1977 130 7208 17110 12307 13776 4643 16845 15895 10398 4995 14468 11167 19068 15739 6606 1950 16783 15321
17780 694 948 14276 18243 1299 8946 19261 416 1715 81 17748 3066 15819 17780 18108 8418 6643 4278 6503 12094 8778 13999 5252 3500 16888
4917 16248 5111 8591 11629 15475 7820 13512 19002 3296 1391 14192 12549 163 13492 4042 1128 13102 7782 11690 11363 12815 19148 17852 14595 6747
11970 2978 19821 2354 1714 6800 9498 18927 8363 7916 12950 5031 4365 12556 2987 16410 12677 15123 10372 8957 13460 430 2921 8143 8275 3889
6125 9168 8905 16129 19525 17198 2838 11042 8811 18606 15861 4357 16007 9504 14132 10211 13013 16252 15799 17188 6931 13467 17980 260 7522 3326
9386 8765 14254 15674 18176 2522 14638 1641 8963 3636 17101 17697 19704 9203 10446 2551 14821 8206 5005 18419 11395 17366 1849 14385 1946 6540
4269 1978 11849 8343 7114 17210 3116 6431 2920 15755 6077 13230 19211 1848 12250 6717 1950 958 6191 203 14370 18538 15534 406 9893 1238
7335 10306 8718 16013 19984 9667 7145 2610 5393 12328 16933 10350 4819 8336 2391 11132 5194 5111 2781 16920 19074 3998 12428 7048 14752 16683
8182 10683 17747 15995 4957 11277 9165 14373 1873 7453 6932 10132 11822 4030 12984 4033 5787 18915 15608 1331 3557 10654 18832 10254 2938 16754
13182 13578 11840 17382 2358 17978 4090 18864 11852 19942 2882 3312 10201 2492 1639 9371 8462 8648 18882 8027 15479 5387 7953 19462 8099 4756
4910 17510 6840 15017 5901 8641 5878 2993 1017 6937 543 9656 683 15021 15411 16012 3254 3592 4118 12977 77 5188 2236 14572 12969 8039
8058 1799 5908 2637 15045 5671 10438 7295 14583 15833 16722 12107 4978 11414 5296 7748 17593 5280 18545 19419 9243 15139 14062 3664 5013 4801
9376 8879 1090 3625 80 12906 19320 1274 12518 13124 6336 18139 7202 3548 1056 1982 4058 3581 13161 5934 10235 5970 10542 12875 13054 8493
16975 4382 16375 10153 7553 6383 2297 8800 2325 15115 4708 16808 16329 11064 19296 3831 18619 15671 12222 6507 16113 19336 3608 18693 6640 15687
11402 4918 13681 14364 5933 12482 13017 15057 16683 5582 13961 15846 8989 14264 18640 13750 18688 3564 18610 127 17722 8476 14878 1892 16745 17333
19655 9369 435 7773 4839 5179 620 12599 1016 1840 7698 18259 15256 4648 6685 8705 525 13727 17786 6218 3610 7649 6168 414 6441 4188
13772 941 6901 15851 7890 3828 276 1494 8408 8467 7633 13817 14528 3915 1019 16627 1158 10989 16473 9363 7437 6411 19519 1282 19884 15064
18103 13059 8301 5650 7086 14628 2086 8226 13526 11367 18653 8056 4125 14535 10111 1833 1268 12930 14742 10236 18721 12937 16920 18608 8135 6557
3864 513 812 5848 4092 19886 8145 2746 852 5447 17769 7028 7811 3455 19307 10472 13444 1364 1609 9737 2637 15898 1828 14767 16592 3111
2654 17297 11336 3494 13900 6947 2540 3354 7031 18362 3069 866 5189 8148 12200 18857 5090 16173 19639 10803 14182 6422 14396 1642 3024 7633
11862 18028 12673 4249 15514 12911 10540 2565 8003 4019 9049 7545 10626 6530 4112 7302 1531 3877 15263 699 8114 18911 2906 7794 2329 2752
4680 931 12550 17368 7218 5320 19730 19175 5020 718 14797 500 10138 2519 3238 2871 15842 2231 6643 6191 11702 8880 13773 16052 11698 1473
19834 8282 19131 8469 12579 10808 13447 11537 15437 19399 18634 9328 10752 12545 126 14513 10169 14354 13873 10665 1121 12014 8717 8376 9562 8432
9577 12339 2716 15151 4776 8954 10231 19597 8630 18465 16057 5011 1676 3858 11571 15317 14685 9157 6575 17623 12925 9610 15021 10326 5975 13716
7132 5387 106 9678 19538 7319 6136 6349 2914 17079 16022 13006 8568 10010 849 9711 16338 764 13926 10051 2949 8163 340 6918 11125 18278
17946 17236 10451 136 11798 5270 19134 8658 11080 6265 7765 560 7101 10418 15392 2522 2676 5003 12457 11599 8804 7538 19641 6697 13677 17851
12981 17164 8328 11576 14005 19165 15476 13654 468 5768 11756 4837 5925 1093 16559 12211 4178 4027 9191 7352 491 2834 19482 7950 2460 10575
7394 15294 16361 16975 16521 9845 3426 19412 7716 14867 7928 6554 8183 15540 15845 657 8292 2640 14793 15529 7802 16152 11359 15823 5123 7961
10202 10741 3231 3350 5401 19650 17584 8809 19705 1871 8291 9447 4464 7649 622 5860 10437 7174 12735 12751 9107 13495 3122 8251 3023 10346
16103 17027 8713 3506 8037 6144 10980 18320 2385 735 4850 5200 19153 17246 910 12676 15272 33 12679 4743 7535 13322 16467 8814 8437 17202
12108 7315 13597 3062 17743 16721 11700 10990 560 17138 10513 3936 2333 18649 2714 1620 298 5739 5261 8690 16477 12892 17187 4281 1947 13718
2585 18817 6521 5019 7625 7624 7871 9922 15982 2445 8187 6851 5659 3983 984 18836 6495 12414 11195 43 13270 2098 3093 18485 13141 9889
8333 5272 4788 11475 19581 12779 12521 9014 4216 12553 15154 13512 4399 8147 19120 1257 17280 2247 5690 12320 6343 11449 14881 6805 259 2024
18504 16290 4827 13829 10366 15532 8366 14237 3660 15753 7671 7077 10341 984 18787 11260 19314 10068 12573 16521 3466 11237 9475 17533 1009 3051
4242 2456 2890 9121 13175 13973 7393 11240 4149 16774 15722 18848 6653 10379 5219 525 3358 1696 16260 7966 12518 11942 2110 3200 1563 8604
5029 14747 19548 19735 12122 19420 2365 3311 14273 12656 587 11743 17244 1826 14899 1600 13797 10961 18227 9260 5182 10907 1171 13954 8858 103
18414 13047 14309 10990 4127 1461 11995 13805 18320 5155 11481 12688 16413 17940 9523 5239 5960 12318 2859 6674 13573 8257 12301 14550 13241 4506
16330 6274 12623 12026 9111 165 11380 1101 13637 14818 5858 10726 17564 17219 5330 18499 1006 15058 212 10466 16984 16276 1471 14847 13979 16075
17155 972 5932 16348 7058 212 8318 11144 1729 4469 3468 5719 37 4009 8102 2081 7597 17787 8208 5256 18089 3490 17687 440 5586 4876
14695 5796 8075 15699 19862 8469 18351 10372 13795 19613 2264 14957 2568 2893 7322 797 14532 5691 11244 4324 2831 2959 5057 7840 18335 12558
12716 19408 2071 12700 4871 17296 9989 19302 18350 4789 17380 17653 11648 10581 16998 7261 850 17165 417 5739 14633 14214 8149 14672 2183 8018
17982 7377 12986 17440 3292 5994 10013 11792 5455 17617 18344 2556 10781 3590 15911 9005 18706 15452 1130 8498 15181 59 15762 10401 10579 5286
16772 7007 14276 10086 12627 12796 16262 6246 17663 16524 14107 937 19280 18696 6918 5052 7518 9176 1312 5057 6889 1194 16449 12054 15404 16915
3887 12504 9855 6195 2153 9444 12689 17849 18328 19909 4910 12394 3799 18251 8249 18953 9634 5845 5019 10541 18038 2624 11921 1817 12194 8588
4268 15243 7697 5937 1723 6566 7465 11039 13819 11323 10173 13700 3203 19266 15249 6975 2019 11815 11643 19672 6801 18967 5101 16915 12124 2719
13947 19247 14155 6181 6431 1275 6976 19707 8656 18098 17436 2758 12489 1478 6278 2959 7754 12658 4824 19568 18174 8624 7205 15722 11843 18468
6138 11237 16099 4831 3465 7492 9136 1523 7144 4752 18263 12261 13077 8461 17932 3000 13743 18813 11539 2230 9448 15337 19134 6433 15971 15890
12843 16354 11231 12473 17229 4185 16083 8681 16019 18139 14589 17994 14338 19235 11242 2010 7849 722 2577 15102 2355 16347 1793 7926 6059 941
1754 1683 18675 9974 5962 541 4995 13425 6857 19011 12317 4772 10007 12918 2129 13557 4105 16840 8157 5179 3948 15748 8993 11217 203 11270
2561 13577 11653 7764 13891 14339 15171 3902 19602 11132 18899 3712 3475 1416 7558 6780 7484 16515 18220 16539 13838 2807 654 19546 2692 19565
8172 3544 7783 15577 13768 4312 14558 10748 18156 2444 1165 19948 15293 5208 3017 6041 6951 8890 13311 13732 5287 255 19370 17006 6196 19267
2061 10267 8344 8289 158 3913 4074 15906 2729 5358 15467 2946 5282 12462 17720 17493 19634 4292 63 15488 11165 14586 16495 3365 4954 8861
4508 15362 4130 1279 10745 7316 1551 4256 17584 17756 9141 3773 18253 3887 5380 18289 6648 3448 17904 12726 18989 8569 7940 3583 15322 19024
14182 9706 13351 5122 8999 7564 12082 15039 14335 10533 11772 17580 5709 11831 18200 10486 19776 5537 12783 7192 4462 16530 96 12318 2258 16330
11707 8130 19446 9543 735 13419 11853 1557 18294 14834 1836 1993 4340 15157 10314 6800 3704 11283 4004 1139 6749 15715 15130 2594 17165 5116
3205 10765 4325 18638 13146 19462 19932 18782 11765 14451 16870 1165 14824 8753 11476 631 13293 7567 19497 16855 16875 1757 8378 3438 6010 5324
9923 659 16849 18715 2774 345 13843 9986 11754 17813 5310 19724 3863 5343 3498 19983 5629 1796 18280 16066 19145 6191 7772 9902 456 16602
7240 16276 13899 10503 10959 12416 5260 17033 18400 14412 13814 4713 12844 7600 2256 162 2720 7763 17244 12155 6438 190 5601 14328 6186 3823
16641 18745 8622 12785 2203 5170 688 12374 6398 17504 14744 18581 15430 12071 11314 480 4006 18356 4354 6822 19441 4302 551 16987 16158 12345
19964 13838 10557 4098 12586 9442 10945 19442 14297 4305 1285 6542 8727 867 8227 5438 2625 18479 12849 4638 13264 17717 10527 10791 16592 3290
19321 1699 9863 12395 7332 1799 5291 18358 6226 9198 19649 5436 13034 8019 13221 11363 10437 13376 8371 7176 16503 12280 8338 7405 12785 8535
2726 8348 8732 2339 3032 7434 366 11295 2971 492 11322 15774 9234 13652 3615 17951 8278 2994 14188 13825 14977 5100 12926 15643 19703 16129
11587 8016 8120 11085 9734 14261 11607 16781 17043 1047 17675 11818 14991 12688 17495 12293 13378 14909 14595 8870 1902 10512 10873 8357 13788 1293
1495 7424 6000 13008 5676 5048 6140 15332 6121 13774 2835 19462 15160 11011 14137 10007 14451 2217 4996 10934 4387 9967 12190 12658 18167 14917
19375 16531 18179 5089 12575 11772 12016 4165 2743 18441 13120 11115 7045 6929 15543 3442 7833 12810 7230 129 16294 13896 16055 18006 15528 261
12688 15726 3469 6933 11189 17346 5146 10227 2480 9527 217 1500 18549 3560 1302 17809 5710 18826 16658 16186 12201 3594 16828 11069 9660 15104
632 12640 1607 18426 17271 14150 6719 18760 9293 13208 4902 6196 8832 10360 11141 17238 5606 8193 16489 3973 4727 11439 10916 532 1527 10427
2671 12944 10683 12477 10818 11812 5769 15408 4978 14938 4674 11760 18856 881 10167 4851 13602 3220 2220 7963 18437 15126 4784 16179 494 3772
11745 2557 115 10560 12007 6077 4960 3497 16691 11013 13580 16016 15418 8968 19092 12554 4514 13225 11277 13027 11491 3658 18922 14958 9809 5536
12905 8464 12285 17157 12557 11824 2637 4803 799 8958 1997 8998 5358 9523 12537 10623 126 6521 9155 11856 13030 769 6901 4688 6287 11437
3463 17708 14337 13082 2603 8627 11562 15384 1522 9144 5157 18024 15781 8759 1309 11803 19427 2157 10935 4940 6643 13757 12536 169 13828 8393
12441 10660 3111 17304 3379 8236 956 7963 16940 3768 8172 7060 7693 7147 13080 11078 12467 3177 15145 1989 8282 1565 4812 8062 5670 5458
199 7394 6057 9366 18446 1233 16046 19879 5013 3265 8482 15250 8448 7706 5295 4791 782 2398 13356 9925 5483 17809 3569 612 2856 7597
13499 5832 12989 10843 2739 18821 8394 539 2702 2134 4643 14825 11599 5222 5435 6713 6527 15715 14434 11736 298 7433 16278 7722 11447 4669
4596 15457 16594 11715 18963 10637 4414 5861 1513 2606 19488 17667 4720 10480 9855 14533 19942 7838 1285 9891 5997 19498 9774 13121 2816 14080
4948 2109 7878 603 16081 13732 15051 1870 3926 9735 11995 6284 10499 10107 12598 6071 19155 7306 4917 7140 14212 11037 18663 15137 9231 19466
1830 18299 12037 12179 7576 1925 14303 6447 3301 4608 3974 10523 12722 1175 16316 13913 8186 1187 5397 6312 19244 10644 1491 9763 3129 4693
3624 2937 12056 19250 9592 13285 10577 18093 11237 14648 11331 14579 2017 12036 14519 5175 19878 14379 10123 6030 3978 2743 17518 9591 12837 19928
10808 13289 14000 12387 17697 6785 8483 9251 9503 8328 1005 2831 18354 8614 679 16407 12765 16244 1844 17656 7552 4792 13366 17856 8891 2198
8472 18167 18009 15027 14707 3630 3285 18552 5402 16370 9700 10059 4634 7316 14971 2479 6288 3240 1651 14707 5596 324 10127 11693 172 19990
8058 809 19346 12245 8901 14439 7631 439 19105 5665 6893 18174 3972 15048 16190 9210 13207 13164 17919 4476 7282 2636 1672 15037 408 19828
15864 5437 5644 5585 18181 9254 17944 13422 17650 15173 16861 19941 11870 14493 4823 4046 18137 13472 11301 5603 19547 11084 13265 14807 6284 8110
15131 2408 13923 10385 15219 12043 10809 16919 19979 18451 10557 15752 10670 19228 1599 3514 19499 3080 4986 9576 9466 13662 6889 3914 18774 8718
12832 9292 5200 10576 19773 19477 5999 19318 18097 6896 13865 7101 624 10722 19779 11126 1743 18694 16510 6108 6262 5184 8249 19602 5359 9847
9666 8650 10606 2940 7238 7639 7133 7080 4226 10517 1530 12285 5832 3996 5459 18458 13728 4845 3567 18265 19138 7156 18023 18831 11958 2620
18384 2052 12646 15697 14290 14188 9490 15801 10007 9454 7185 9720 13742 17817 964 17539 14314 12173 11775 1057 16186 16781 9717 10488 795 3581
10006 14440 1908 15085 5401 19293 7346 15832 8896 1212 18865 16274 5527 5097 12746 16 19112 8568 12941 154 2152 7857 15442 7031 19953 19066
4796 19421 19210 17804 3309 7939 12133 4532 4361 6105 4102 15866 6620 944 8167 17277 1910 2085 10118 4688 11439 11364 8793 11783 18184 6509
17161 15245 8765 13034 8383 18424 2165 18867 2329 16331 4480 2318 13686 8905 9 18070 14984 4083 2550 3659 10650 4283 5652 4383 2730 2698
1037 13506 16108 10810 19546 93 13458 14594 3048 1449 2157 2713 15135 6605 11709 9562 1418 7313 2688 6887 9731 10504 4800 12371 11713 19058
9350 2726 1169 17788 4579 11541 10030 18340 2940 4632 7994 4020 11297 15732 18285 18768 1880 19141 3661 11571 17766 10852 9403 3321 10960 1979
4718 7612 19221 11320 19102 17686 16719 18659 14010 9618 1691 19897 7678 5975 5543 11835 5089 7625 10819 7304 13880 8410 14482 9695 13740 10118
11740 1871 7968 11686 12513 2538 13308 4344 14240 257 14002 13030 15944 479 490 733 5008 19677 17234 861 11544 749 18969 7005 6109 6508
9883 1296 8807 9938 6935 12175 5535 5854 4655 2652 12818 17707 13700 4591 12173 11361 17728 12946 16077 6349 15461 18512 13686 5812 13517 1100
10661 10142 1870 16969 2493 14743 10936 7327 8843 18685 4412 3392 17707 19909 2443 5354 11445 19596 1294 13220 14547 16967 7626 10912 7351 12228
9119 14082 3789 2763 5853 17750 12172 11648 10301 12235 3837 7071 503 10953 9973 14165 8313 7782 5102 17897 13864 5022 14481 19715 3985 6200
6258 5287 6366 11113 19565 3102 8361 104 3664 623 8126 15558 2013 3464 8686 6007 18603 8694 13064 6829 11274 14714 6985 12687 10204 8763
4185 6977 12524 16980 12829 7638 14591 13310 19150 6320 1823 104 15952 8127 17731 3621 9081 18281 3932 15431 4737 16299 12398 2442 3817 13893
17276 5356 8761 5312 6541 13473 4899 15755 8204 5131 9491 310 2140 9229 10454 12970 2817 3966 2105 19545 11517 5801 628 17915 12384 15984
19008 13819 11451 7335 2169 10385 18981 7014 7294 14740 1988 9107 13611 9247 9017 3488 15250 17793 10685 8200 16868 17207 16885 16554 16808 13296
4683 7711 16492 10230 6199 16298 1653 3193 1948 15394 14955 425 16795 798 1527 13853 8840 14802 16585 10611 7097 18625 12419 7643 13982 721
16756 8990 6856 16454 19294 9454 18919 9284 11938 11078 7598 8020 1566 2512 1039 15752 14834 9557 6414 12842 2907 12162 10732 15213 9941 9433
18333 16288 2692 15304 1517 603 15221 5436 7775 19353 14725 4339 1428 15077 4510 14171 7978 3919 12340 3737 5476 7431 15844 5038 9909 12474
13625 11401 7634 4346 6962 6404 18168 11796 8740 4967 13016 3280 3519 7007 11760 5315 3 17798 9915 1042 6345 11261 6225 15716 14789 4303
13233 3156 2617 15098 13988 12541 1957 3426 5682 4520 8011 7324 15980 2256 7782 14265 7682 5007 2357 9198 19405 1540 1489 10243 19095 4212
5060 12649 13960 12335 10850 2589 3974 7584 16530 7061 18937 390 14702 5974 7178 19502 13450 3246 5615 7771 5653 2374 19335 16390 18904 14934
11488 6594 17946 11352 18637 9258 14432 6414 10864 13546 9414 2533 8014 15435 6029 10635 4823 18306 12447 1902 7473 14987 4635 18629 3944 16213
2338 15852 4391 7795 8034 5587 13707 1257 3148 16002 3150 5283 1297 10649 15899 1146 18196 1022 7435 7400 8422 977 4652 1356 14194 17259
7508 1142 6347 1337 3360 8824 14571 15576 13161 18403 7885 10877 4745 19403 11659 14657 15033 4227 17470 19788 17364 1823 18129 12570 10304 13341
4597 16618 3825 1331 18808 1304 15272 2678 12327 15900 16871 6603 6575 15600 11983 19967 5493 321 14119 406 11194 16036 10081 16805 11767 19669
12039 15628 10254 19071 11086 11684 6209 10965 7303 5611 15307 2777 4026 13427 10710 13475 18865 18029 11221 19781 17744 6306 11522 3982 12067 16124
963 15185 462 10499 16827 8826 16480 2943 5647 7135 19115 7418 3652 1376 1236 7796 3228 7896 2641 17764 18539 9722 8026 627 19478 16675
17803 14313 4442 2578 508 1277 5123 5125 10285 14428 18227 4370 18170 922 8028 3912 17285 6823 16927 5812 9320 7072 7308 16298 15867 12935
5144 18010 14101 9924 3897 2129 12526 18640 13539 683 17762 5388 1399 17017 7208 7868 10235 469 17791 4621 684 3937 19229 18010 151 9517
11006 11047 17725 17180 13600 1993 18870 10899 14683 13128 19330 17858 16327 9725 11925 8638 5526 19476 10326 19350 18228 11317 10056 1700 12130 1321
19270 15661 8140 9469 12912 2046 11833 15799 4127 59 11954 5506 19035 17981 6694 6550 12622 10394 10512 5858 17340 12802 17267 7228 16145 5354
14532 8766 11365 7137 10785 13269 13821 16241 3493 10796 1726 4805 17530 12399 3902 4092 16999 10466 13639 1874 4731 15822 7347 9030 13181 19382
10653 2099 16539 19623 19998 10771 3561 3969 7834 3423 16571 10730 17188 237 1687 15250 6484 2774 16658 15539 10703 1973 15490 15679 1522 7487
14260 7858 11976 7381 11838 6247 16899 18282 9590 16232 16112 15291 6051 10997 14537 14166 5545 4815 12596 3319 12481 1771 3990 10973 5866 19226
3597 13625 1390 6967 12495 9094 2219 8884 7067 7559 17874 4746 6209 6809 6367 9882 13099 13919 17295 7661 3109 5161 3856 19425 411 1831
8868 7017 13015 3754 2231 15081 4410 14614 3629 7674 6629 10691 11985 16585 10001 2135 16340 8904 163 5669 13780 5124 9210 13392 271 3175
15566 4873 8502 2817 11220 12705 2538 9861 15456 12890 16443 12337 13445 259 5988 15745 13715 1321 16158 4319 789 8403 8880 10641 7818 18752
5692 14720 19180 3655 10967 11059 11542 1813 7484 567 4930 3666 11454 4520 657 10589 13691 16798 3489 2099 16437 11774 2031 4378 12733 13421
200 199 6025 6301 13474 7970 5222 12620 12024 19852 16217 10283 16473 18930 5061 3974 15516 3668 8844 3517 3668 2783 2808 2723 4369 1788
18596 18720 12478 4267 2821 339 8500 19748 1038 13785 1617 17247 18217 11662 3843 9310 1587 8884 6478 17497 18072 8937 18523 12680 16263 3371
9106 16996 10672 3302 5511 13418 5450 9218 9355 14204 17363 17157 5979 367 7827 10835 18540 15271 15078 18375 9336 12931 4554 3929 18329 7712
6889 396 18512 7184 10063 17218 18404 25 16324 3476 9793 6394 19719 9612 350 14013 18396 13730 428 6937 17319 3514 5694 8977 9590 16549
18232 14958 16029 19323 11957 16922 10111 6818 12566 13318 9938 4479 7972 10443 2385 17526 1500 19909 13709 7232 9433 9100 18272 10166 17736 7989
8834 10600 4168 6898 2558 2884 4694 2990 16898 6983 2773 15537 19540 17669 16810 13915 2800 10556 15996 2734 15969 14293 10703 4559 18754 8438
349 277 13662 16925 19520 18858 5741 1261 19550 7069 16018 6402 7449 16867 12450 2130 11224 18031 17660 14743 11048 10207 19578 15863 9146 9657
1897 18716 5469 8503 5869 17794 7861 15508 9777 11007 17161 13222 8709 15640 12692 14224 18633 14601 9201 3063 3758 15473 14090 9293 13925 19464
16864 15057 16905 8817 8460 11541 18027 12023 1091 18852 15637 8660 2653 13729 14336 16718 3509 16210 2400 8646 7039 19038 15555 19459 10294 19290
419 5435 15866 3929 12353 5469 6360 10021 15786 4641 19844 2497 3996 12190 4556 8851 19967 9146 16017 2527 18085 16667 2264 3331 19553 19531
7663 12569 9895 2372 9190 8029 19208 18390 16064 13004 614 4003 16058 14725 15408 4009 5735 18495 16720 15772 9962 5108 10275 14693 1165 17538
19514 17970 1552 2448 8099 14237 8162 7142 5705 1366 15698 18356 13594 17815 686 8717 3332 4736 15935 9762 12289 11477 9964 9210 10456 3984
414 892 5405 9888 6692 3948 7283 10878 5602 14223 6382 1529 19988 10024 4852 10022 10754 16398 12941 12719 8558 160 19161 10783 11025 7966
8315 9412 19583 10421 14381 17799 1073 14617 7637 2633 8690 9122 16417 9213 13927 15676 6591 10097 18730 14877 3133 568 18758 18318 9802 13793
17151 17313 7301 17318 784 4861 7909 16281 13693 17780 10433 9518 6829 16425 14388 13587 19082 9674 17661 7859 18380 13306 14158 1088 2157 736
9022 18972 1846 14298 19035 16672 1798 14140 18907 2622 244 4562 2128 12003 14944 14750 7393 11989 12702 10070 19842 2757 17560 3546 1429 282
7686 13682 9861 6878 15583 18192 1554 2229 18547 8372 16151 5876 12787 378 19666 12772 13391 16986 15414 15149 6760 6262 19995 18419 19292 9873
18954 3616 11944 19294 14293 13144 2340 13710 15018 15781 5663 14411 9454 8767 14859 7192 899 4862 3740 3384 14094 12983 5891 13183 12163 19717
11461 14535 12627 5593 9449 7351 415 16679 4376 7580 18340 14659 41 16343 5636 1382 974 6441 16191 2727 3774 11028 603 10666 17427 17200
19768 5435 16787 8074 9244 7834 16665 2339 2637 2366 7710 6143 13276 485 19988 9433 4359 1083 13662 12851 14064 14271 8562 9665 5619 18053
9326 467 16694 449 323 9806 15314 8697 16927 346 545 972 17671 3840 8282 15620 3569 13166 12334 17147 11317 3896 15435 5637 3299 13551
19800 6232 16706 6183 10880 9930 1686 4784 7877 6366 5291 154 3190 146 11641 14791 8967 16920 6644 7531 10600 17076 11469 10153 8949 19059
4826 11962 10992 15203 18304 6017 17509 15752 15440 4627 7784 3630 9810 780 1116 13590 1372 14745 11539 1058 2728 7445 4730 19245 15185 11793
14845 10639 3589 15242 2925 14812 299 5191 1867 1471 15089 2509 19255 2816 19587 7943 12432 16245 3489 8823 1203 11071 2373 6807 12510 14067
3079 12912 16959 4679 11791 18855 6003 17275 9074 4100 12664 11755 11127 10595 12847 13194 1723 9075 6414 9903 18542 17754 12532 10153 17566 2331
3600 305 12286 7382 16012 3200 1027 3242 12520 17399 8469 2785 592 10744 3005 9391 2280 11282 17086 8723 13460 14283 3835 11418 7931 1588
6121 5848 12394 17098 8569 1282 2182 10186 4922 12182 18469 2552 11098 5179 8284 8278 1901 17497 11634 12918 12310 5649 14840 15990 4722 11870
5988 2821 19273 8748 3045 16890 11248 17268 12382 3130 8199 1783 18971 13849 11259 12830 11115 3426 15389 17253 13330 16383 8769 145 19201 1066
13293 15626 15849 14487 727 5109 4592 19278 2649 825 9115 16680 781 7980 17645 19579 6235 3262 14104 1321 311 18447 592 15005 4847 9662
17695 19079 12529 6871 12981 5283 12094 1162 10177 6950 19123 2881 15581 387 3767 7455 16937 14796 4210 8182 10532 8437 2489 13819 6862 12363
5228 15306 15598 5708 3329 10396 15361 14574 17746 38 3804 3866 16408 10487 10658 5128 18976 17716 7662 8961 6737 11818 1870 4689 17686 12265
3003 17944 1007 11404 1293 612 7715 3411 10356 10626 6213 954 11664 10463 13103 6699 8181 3729 17407 3533 2119 13683 16252 12369 10500 4829
7287 11319 15926 14533 9910 4336 11507 1601 5666 10868 4648 10002 782 18089 1807 611 15174 5380 18080 9118 9812 8555 887 6204 3552 6015
14274 13056 7263 7341 13314 11175 2376 11314 15321 6911 19795 15464 10540 4111 509 10877 19219 19412 5611 15710 18290 690 3828 7925 2612 14678
5986 17140 2460 16563 8633 13035 7071 10695 8840 13621 17459 3645 4519 5085 7586 6686 91 10433 5667 7107 16199 15813 14930 19707 14644 11478
1633 10036 3081 4379 16105 7896 201 8838 12491 15541 7293 5423 18660 336 3334 4830 6409 6057 7986 9966 8459 3209 13447 9566 1870 440
15536 11009 1228 15881 7405 4690 256 3108 6457 15803 6139 4957 624 15028 6216 9759 2998 13629 6627 19546 19380 5188 6958 15284 19545 18162
14288 15698 6942 19132 19272 7721 16590 6825 9764 9354 6568 5003 10755 8208 7811 3002 10192 4052 2601 10399 9181 3232 7699 7762 2623 11157
15899 2969 12935 14006 17364 10277 4058 11577 4733 5051 8438 13406 3177 19400 15226 3867 7077 13885 8156 485 11497 7667 15588 915 7772 9586
19459 13964 7607 11236 12113 4968 17263 7572 16896 14520 19123 16943 11027 373 9742 19177 16175 16478 8706 10011 796 3943 11995 19267 18259 187
8974 2952 9369 7457 7263 19061 8925 18832 4585 9977 15023 6749 4142 647 14512 5684 12889 8896 12442 4581 19082 873 11969 4098 19274 10719
10045 3390 5257 7931 7578 9789 15611 2948 12896 2866 8278 15565 4008 6533 5525 787 14004 5424 12900 16723 5424 16653 11596 6078 12296 8826
14893 3407 17968 18641 9882 2164 14119 7654 17413 13398 11139 17182 18065 9287 6968 13550 19372 10434 18616 13075 5244 4810 17362 15617 14325 11456
1509 4816 7560 19640 11329 13388 10659 17141 14540 14550 15331 14448 1110 10213 7819 9645 18186 18583 19604 1715 4458 124 13213 9728 4188 598
1653 15349 153 925 14622 221 12045 6693 15374 13878 816 18813 898 14370 7536 14624 8636 10595 9707 322 7837 7119 17636 2618 4565 7934
13551 9404 5124 16361 4910 5786 18747 1631 19056 14978 9117 1113 10326 17468 300 6691 16678 8135 5436 8437 14472 10468 5344 9254 16271 89
6161 14507 4196 8765 2285 12926 7067 4321 5220 1804 6275 14120 4587 7450 7075 11211 8910 14214 5245 13127 6055 609 5332 9277 2824 13137
12088 12473 6474 2377 622 5855 403 17309 495 15792 16950 6014 11254 17604 19072 1756 2374 10053 2353 4714 16891 16038 18179 494 18261 2781
218 2247 2181 692 1875 390 3116 15957 12719 5656 15840 377 15369 4541 12759 8772 3168 8029 1752 6757 17801 11769 13061 14827 19690 3567
271 4293 10397 17650 6718 15848 19874 3311 9381 18576 4514 18972 19849 6890 1489 10879 4216 17762 1845 17484 10499 14597 18349 15911 17759 6169
16306 15032 630 11072 5673 17346 328 878 4333 3158 10038 1360 6439 19591 2065 15354 2399 13375 6890 10479 13124 7991 19936 5804 1682 18853
5255 13932 13239 5304 15307 12786 211 12764 5936 2743 17318 8696 2642 8707 12726 10820 7681 2677 19562 19962 14780 15925 17391 7723 4955 945
19534 3519 4141 6732 13775 10424 11235 12827 18806 16093 94 14005 8350 7389 5015 8211 17692 11886 18795 10739 11853 9981 6963 10068 19242 14938
19572 6035 3115 3603 19949 247 14153 18623 19737 17433 10218 6263 14946 845 7071 14369 14536 8602 19418 19765 5945 19675 3347 1859 5808 9349
13184 5892 15286 17427 2629 9398 9850 7749 9555 10202 3207 18040 11751 15420 15987 4603 16039 3064 15164 10612 16624 15347 14226 10656 3327 8614
10703 176 8042 5959 1271 15840 18125 13163 11767 9685 16491 9865 4916 12653 19631 16633 16820 9997 2377 3365 1286 19553 15041 1076 13964 542
10755 16188 5100 10565 4456 19422 5355 16311 10009 9189 16143 4014 18488 5599 19763 13937 4480 13328 9707 2938 13233 14232 16524 14924 7368 18677
10540 2982 18473 9030 1035 1449 7722 9069 8585 17872 12655 14062 14984 3169 10540 19927 7219 242 392 7963 10366 17293 13325 11596 10289 17953
8646 19582 12771 1959 17197 16906 2675 13394 15399 7764 11521 17953 4583 1028 16597 10876 3830 7827 11225 13310 9927 10628 7362 4101 14795 19031
4509 17133 17085 3421 3925 5686 2858 310 2566 18847 19077 303 15357 16497 18169 5125 12229 10248 9968 8391 1794 2374 7465 574 5861 6218
13028 5451 6882 11168 5389 11829 6853 8467 15979 9753 7790 1576 10552 19564 18933 4319 2805 18856 11267 18490 12706 771 8351 16512 16112 5745
12682 9493 341 13222 19751 9737 19603 2394 13452 10839 16387 17159 10700 2654 16901 14765 17545 5861 17890 11568 9965 7841 13869 11695 12216 5462
15428 6911 11620 17156 2305 12133 11681 11878 16109 19312 1411 18677 18896 14597 14035 4269 17991 14238 10931 3022 7624 19249 6149 4773 7297 1971
5967 13194 6718 1314 6405 14839 16708 19967 18585 15552 3534 19449 7833 11686 12600 13869 14033 1585 66 3185 9513 15313 239 10976 15592 19797
5756 5889 742 8301 7012 2558 7940 5657 674 9746 7167 19737 12519 15296 1963 3789 4131 700 1484 9768 15508 250 7081 7540 5153 18317
4500 15885 2158 2346 101 1902 11866 2145 15015 10595 4898 5654 5753 14325 6253 5287 11666 1230 3587 5245 9431 7585 13264 5985 11545 19083
11391 8835 17065 11540 13052 5389 841 15181 248 332 12410 13065 1948 7245 17808 16407 17375 5022 9737 16765 8735 7882 15462 10919 18058 7416
4947 474 9772 6817 16352 16980 10326 1447 9942 3658 11547 5645 13088 2200 5503 6141 18422 12811 2165 7295 1067 16468 11758 2562 18200 6943
9918 1951 188 7668 122 14840 16754 11696 1983 12275 8849 6649 9174 19710 10523 17555 19983 5911 19357 5672 8518 8792 6753 12919 15999 15098
8818 15507 11620 8354 10615 13577 17 8000 15105 19148 4774 7883 1184 9722 1211 18180 19897 6216 18097 12808 11721 9237 18922 6707 1610 2190
714 1420 15180 10618 16414 7248 11670 11483 7792 14632 16476 14865 7600 13718 8300 6783 4765 3968 12328 15328 924 7178 13884 3706 10135 304
15888 17029 13212 5995 9711 1429 421 7232 3517 3395 11397 19793 3325 17480 4010 10540 4493 17695 5861 16061 6384 14959 4954 13980 1279 3653
18664 2010 1545 13574 18794 9446 15176 11308 8247 18855 10081 19111 2281 13126 1041 15373 11517 14309 4785 14655 17691 5770 3232 5840 628 7505
12134 7812 12312 1066 16141 13550 8181 3746 8582 4610 9802 12548 8147 11310 10677 18680 3098 12721 7958 7919 19192 5711 10512 18839 9211 8653
16547 16136 464 6295 2092 12477 2707 5481 6160 14385 4094 5752 716 17481 1157 2402 10656 16263 530 3499 1774 4529 14201 2354 16693 6296
19147 2400 10445 17320 9212 14630 18884 16364 14225 14898 5378 14124 16160 2902 18636 16889 17795 2404 11320 12317 4014 5054 6655 26 17388 11263
11875 10617 6886 16121 17070 13995 8028 10639 17663 15248 9035 4427 16760 16805 807 9345 6351 5691 4795 18040 19487 7485 15014 17178 7560 15521
6514 17243 9978 15034 11270 15076 4125 12323 12556 1944 5845 16713 5081 15738 9704 16862 6336 6953 9101 1182 16968 19640 13008 1035 6465 8796
7292 16789 12258 18420 16249 14257 605 688 6533 11142 5742 14039 16699 8324 18577 12873 12885 5581 14749 4519 12709 3691 15342 3932 1730 892
5403 9791 19512 4287 739 6299 3636 6578 4883 2684 17291 10091 7711 10489 11698 551 4233 18508 4261 6331 12797 1020 7102 16710 11956 12050
6190 4426 8296 9824 19519 8046 9967 780 325 1144 1003 14235 7326 18015 16548 15123 17589 6753 13370 7710 1067 8116 11541 5262 19454 11586
7684 7756 4144 3735 2476 7625 10682 800 14853 7517 15893 11005 1320 6162 8282 19510 5579 2455 8502 14677 19171 6962 4093 7314 5565 16291
13275 4367 13933 17638 6726 10407 17489 3284 4549 8953 15545 583 13096 890 12468 12553 8820 5780 5083 7477 2604 10926 2250 4699 19993 6786
13163 13988 7247 12854 12419 18942 6386 3419 10731 10769 16033 1307 12852 3195 5887 18218 187 2666 77 10743 13684 13674 16820 13429 19110 1488
4602 15524 16370 16389 3429 19582 10085 19948 5203 8903 14933 3048 11434 2033 18172 1541 4228 1791 8902 13819 19283 13415 10124 3979 11 6122
11303 9407 3443 3033 5347 7770 19410 12948 3685 3693 215 3519 5640 15088 11831 2727 10855 4488 4115 14494 2249 9303 1529 11306 5777 7269
16178 12818 19911 19675 1121 13892 5924 2921 16947 5846 2401 17045 8319 11405 13076 8123 13563 3868 8267 6548 5964 5213 5642 2187 17274 3019
4907 15206 13984 14005 1713 15782 9805 2385 3531 9683 14187 17179 11061 19058 1108 14132 744 4963 12379 5596 18206 2236 287 9154 1090 15394
6778 14087 13746 4364 14640 18664 19823 9547 14050 3896 1328 4430 16607 2882 13232 14636 19158 19213 3360 1548 1474 14810 7592 11832 12240 15214
19683 4742 10946 19834 13712 358 13172 13259 19777 13464 11007 18692 7424 5787 13491 2937 16854 14172 18892 3043 400 6236 17498 19653 14775 18138
9748 18399 19678 19780 8563 14049 4630 15316 3280 15071 14703 6979 1238 11524 5666 1139 759 18075 13792 2166 17585 3384 19268 9377 14965 13238
9287 4936 17462 11471 1949 2847 2914 11023 10018 14812 15235 19734 14764 6602 15264 17542 14781 19331 2659 10819 13075 15573 18132 2448 10049 13502
14094 19772 16338 17264 5868 17715 17445 14203 19566 3314 18985 18649 10606 17105 12535 11311 2114 15108 13326 12155 3788 18492 17086 1175 4415 5893
10650 7447 7652 19129 8569 18417 4339 2904 6441 2885 7263 14410 12921 1497 1565 16042 3298 4626 3535 11421 9216 5141 5286 15 10914 12384
17823 8604 10208 12653 16563 16802 16440 16167 19709 6699 12688 12017 12291 19077 7330 130 18620 19856 4881 11670 8177 18029 16543 11135 16189 14357
4295 1154 12822 13636 8154 3602 11576 694 3466 3357 10170 14802 16931 3026 5992 7816 15617 18281 14960 4832 13928 1929 7775 8293 7613 18074
12960 18432 12750 6526 17972 19456 12464 4585 5725 9153 514 2489 10744 18540 9356 1196 6095 8103 3966 12726 3700 19987 14724 4143 18539 295
15961 17325 18649 6780 15716 1328 1220 3179 1653 10050 1777 8218 10001 9099 1377 8900 4333 12910 8874 16114 7697 6882 5533 6534 8473 4889
14871 19336 4661 13187 7611 19166 3710 1281 18001 18240 2878 8538 16302 5701 19724 1764 9524 14208 11456 11016 3320 545 411 19805 9034 131
3178 10444 945 7883 11727 8377 2683 1124 16501 6156 13982 5618 6568 3042 2666 19558 9793 19045 16244 19188 8270 727 5070 7172 9081 1220
17378 17670 17686 7817 3774 17188 1522 12948 2202 7310 18322 1567 4295 11980 8295 16406 19358 8873 15012 6988 19392 15191 935 10482 18851 16410
667 3977 14323 3031 5038 7512 1948 10975 19302 2970 4781 3942 14607 18801 18368 2995 2419 11785 9968 1664 9910 17796 13611 6631 8346 4462
15333 7731 19318 6654 17711 14665 17480 7851 17514 13298 11251 9318 15051 3605 15693 919 12141 13728 19122 5683 13682 2211 15545 18030 11789 10138
15263 4630 1762 2457 2410 9888 10387 4790 17332 16565 10119 5993 19052 3516 3776 729 9902 168 15928 14393 2283 5123 16282 1911 444 12779
4798 10548 7601 10512 13869 12586 19382 16189 19287 12838 8024 2426 19387 16838 16775 11420 18815 12847 11190 8901 12627 19743 7394 4276 18987 10301
17856 1367 6673 19482 16971 8549 4552 4879 12165 603 18754 17025 2396 14411 8404 5469 14184 2974 5766 16676 9374 5371 17981 17823 15779 6405
