365
12 85 93 57 66 93 12 59 47 46 40 0 43 59 46 69 64 18 75 74 9 60 23 60 95 40
4112 3370 7632 13075 3098 2480 13386 18830 8332 19510 8428 3217 9956 4395 5113 1872 2895 14382 6178 16455 1956 11469 18070 6045 2232 15582
4293 9335 8280 2294 6611 3868 10438 7780 2667 1542 11664 16709 10567 18156 4760 17108 13600 16785 13060 16910 4209 16871 7855 14075 18039 11487
17593 7458 5923 10032 19483 2819 12607 10544 9656 895 5615 152 7023 18075 12409 10899 9922 8424 5194 4179 453 1689 14823 11117 6069 12090
13890 19619 16165 27 2656 13144 10668 8628 19903 11194 15045 4563 12929 2876 5012 2616 17884 15669 2874 18932 178 19598 11916 2618 10171 17441
11161 11788 19149 19421 9229 11057 5465 2979 13907 14764 6489 4154 15029 9480 3439 8594 4652 15244 13003 16251 11153 9142 8478 6482 57 2465
9785 18325 12261 14144 9386 17147 17565 3556 2242 17335 19390 12530 15715 3165 15155 9990 7849 16987 12741 14827 7823 11922 19291 19102 4279 10003
2529 17256 6221 12065 15827 8673 18474 19960 13450 3460 9839 17261 5284 9681 615 2624 573 16501 1820 2465 15627 14696 5553 13313 19828 4427
5980 8743 10038 7768 17068 16701 598 4839 8648 5591 3154 17404 4899 5855 17144 259 10632 3020 17126 19818 8962 1051 1207 18775 2834 10910
14086 9247 7621 15397 19398 6983 9628 7127 17236 4346 4724 9535 3832 6213 10330 257 17372 19707 9970 5673 12122 6334 13742 7332 14710 6216
640 982 1440 11620 4561 5406 19014 14511 13939 11649 17102 12609 7172 13160 12615 8489 319 3759 16600 4253 15489 11303 9785 2360 16583 12932
14638 18203 798 14984 13441 12939 17426 4834 7348 7998 9525 12445 9626 9522 16117 4136 6473 4291 1433 15454 16407 2365 3064 9331 6898 4428
9504 13029 1553 13789 5422 19318 12931 3416 13836 2569 2849 11023 10060 3698 9199 8154 19630 9692 16612 75 13442 13636 17271 19290 15070 1813
6262 16889 4352 9276 2079 19332 13764 17124 19683 12802 12438 19092 12787 10723 12690 3859 7380 3419 19400 8295 8663 16463 14561 13626 8875 12331
1428 18477 3104 11970 10026 1588 19125 2871 14509 4715 15382 6705 6187 13625 7259 19171 12699 2937 10426 245 2140 1880 7103 15417 734 19913
17040 4422 11530 8865 19671 1281 16469 16654 12972 9628 1298 8123 18690 10581 17981 13598 12145 11414 5096 19526 1704 1866 3337 1283 12963 12470
3705 3364 17278 5264 10804 362 3245 4797 616 10866 463 17419 8726 6275 13201 14069 18196 18220 775 5097 1379 11608 10001 8060 4400 4572
5251 651 9547 10657 19786 8942 17691 11727 6629 5416 3761 4247 588 8740 17128 5947 4883 13983 10968 12946 2020 2077 6010 3219 562 5605
16884 11498 5165 2469 2341 16600 11818 14223 16661 9948 12299 3970 18882 3776 11899 5783 8128 3808 12081 15040 4350 10459 10266 12984 5021 13666
5201 5333 3559 2096 3179 3705 7688 19975 7678 10156 4762 9843 7291 602 1804 8857 13859 2033 11120 19120 7505 18670 13916 16377 12346 4943
13249 19606 5191 9442 15030 19179 2531 8422 10476 11040 1977 2097 7935 5067 7129 11721 15500 12493 108 12805 17052 17351 7182 14551 9504 19754
17976 18400 9378 9852 7353 1820 2010 5545 8266 1100 18895 13237 6987 357 16429 19274 18103 6747 14713 9702 6634 19580 14018 5370 5955 18536
4587 3689 1698 7574 12066 9564 16071 704 7962 17409 3726 10684 18501 330 14504 6401 18161 5990 7682 7494 11533 6460 12009 10576 12693 8935
15797 13671 3214 10230 2561 10595 10596 165 13053 17916 8581 8520 19110 7052 8994 4044 79 10752 19911 14647 5940 18262 14656 15220 745 5513
4912 7627 3311 17793 2458 17244 4367 10157 8140 12376 16390 11755 8822 10625 11294 10540 2801 11626 4277 9939 5340 5285 4313 11677 15084 5503
5549 13702 18800 13753 13040 5218 16124 3730 16233 17775 11510 9774 11400 16662 18533 2565 14970 10515 17626 167 12459 2659 14393 6798 19363 4382
8525 17226 8144 451 12310 13216 7150 912 5820 43 12978 17599 19981 14033 10307 15119 8000 913 16569 4895 17663 19549 18640 1065 3251 19352
3195 18909 2874 15981 19110 17033 1548 18576 2268 13320 4351 10968 7459 6779 11365 19430 4286 6996 6952 11791 6099 12666 10875 17577 7927 10844
14361 163 2795 9707 924 248 9748 12905 16641 13568 393 1308 4072 15971 9578 9315 17310 227 10015 1445 5638 9039 2903 1271 16383 17853
17347 17894 17444 11898 4131 7504 7670 10013 4971 6269 16288 7527 11761 2890 6063 6062 11256 10895 8390 11486 16144 14920 3760 2316 19472 12956
15943 2587 992 3613 16635 19655 19427 9779 8286 12019 9749 5175 10484 5861 18258 2129 6515 12823 19593 13935 841 13025 17860 5663 17320 13134
3362 8698 6620 17577 7008 17177 10797 10168 3537 374 3915 7140 7631 19910 10577 14488 17302 9377 19373 11554 15818 16010 14637 15689 8792 10859
12683 16860 15644 6648 8631 3905 12944 1770 220 8999 12677 12694 11235 3609 19757 17015 14674 2573 3176 8947 6621 4340 9577 13102 5837 4708
13250 3823 8544 4514 19430 10228 2882 1974 16981 5868 7772 18230 11320 17330 12760 2710 6163 15960 1807 12311 1349 17290 6068 9212 8971 6497
1003 2037 3924 1548 2909 10833 8271 19288 11292 19282 2033 12980 7999 14502 14229 2016 15465 19183 13701 4961 7122 8896 2061 7357 2970 18280
13446 7282 9368 13379 18507 12974 19090 1019 2428 7198 2159 17186 40 15547 10552 3113 148 8702 8470 3290 17968 6823 1703 13775 18478 11096
6932 15544 13428 19161 946 6359 9769 5640 13253 3387 14726 18115 10337 1323 17251 9846 15542 5043 3580 597 5609 4494 7046 17624 11186 9088
5369 10333 13457 15417 18789 3071 5631 7296 5172 2532 7416 18214 4054 10430 4378 10437 9998 5870 14863 8902 6149 18458 87 18052 14230 298
3590 16200 16836 12218 15335 11172 13177 12673 1603 7793 10329 1194 1514 12138 9218 17348 15474 7955 19531 11164 3438 4848 12702 14800 8195 5517
2507 9648 6048 15445 358 1919 17497 952 13561 13799 10563 6010 6427 5695 7483 6990 12093 19171 11704 6332 5830 2483 8505 13300 12454 9768
14610 18677 8247 292 118 5064 3476 11291 9733 12006 12200 19674 3908 10065 10441 5383 16675 14399 1422 14133 2857 14868 8283 18530 5975 18217
6559 8242 6971 19228 14888 2326 8965 251 3949 3145 3205 16582 14041 1934 16537 986 11415 7353 16543 19761 4028 17870 11993 8606 9130 4114
16937 5630 4915 18016 12816 5001 16572 8962 11211 12274 13263 19804 18072 19721 1420 4416 11582 18640 3371 4259 10449 15926 14874 13402 310 17606
13290 10270 16569 11842 8725 12157 15364 2382 449 16598 9299 18982 15237 7517 3167 15486 10610 9398 10989 5381 18936 1828 14634 5638 3525 9217
16104 10496 11150 9278 14029 7480 7703 13653 1213 6073 71 18400 8930 16161 4894 17668 2932 16021 17552 13130 159 5187 3391 14991 12752 16169
16489 12215 2970 2624 16987 12315 10942 13065 15345 3375 3294 9605 18173 10785 5595 12963 15193 1525 350 18911 4227 11319 16001 15590 10092 419
6200 1630 1021 2836 8732 9238 17009 8033 18001 4195 11044 14503 16251 2513 13479 13200 15747 16427 14385 10087 3635 15323 3608 10841 8772 18821
15944 1169 3305 12603 13537 16265 6068 2120 17683 9727 16620 7691 5189 2166 12546 9258 13727 6586 9994 4257 7986 12378 12886 7071 13834 1022
1809 5806 4834 18116 55 3500 13851 3276 3508 18231 11622 12979 9583 2577 16822 10567 8822 6549 10431 5439 16067 19328 15536 3069 2904 3570
13014 4814 14969 3780 19083 14582 19765 14669 17655 5215 3644 15823 4642 18302 1329 19754 8333 7619 14506 39 15168 2406 15047 19099 1229 10803
16856 9426 18317 19715 19392 1417 14505 6022 12889 5539 11939 18743 1653 8525 3954 14192 9345 15820 18181 14157 17598 10834 9288 19390 4172 5439
13966 19307 13233 14674 19819 10875 13178 4001 17619 4767 18817 3960 14824 609 13955 7216 8396 2846 17485 19171 3853 156 566 9657 14814 12977
1215 16770 8528 17969 7166 19112 7653 15096 14489 15511 19153 2399 11896 2394 16804 4856 6081 14763 12064 3263 3209 2053 7149 16576 12303 9358
5667 15139 13229 17287 6216 11975 10116 6216 17775 5897 6551 2882 17341 16238 14522 5070 12036 11486 7939 1671 1014 15187 16669 13783 13110 18413
7969 1253 13599 9676 3710 15990 9316 18574 6369 7233 15751 18379 15084 12345 16636 6229 3069 17599 18560 8698 4936 6373 19825 7232 12329 8999
7380 12044 18413 1183 11299 18625 15249 10478 7982 13571 18132 12012 3833 5172 2117 8007 4501 3372 1197 14272 1322 17259 12901 8179 7380 2935
14586 18331 647 855 16757 3808 17385 17607 17281 10443 19627 3120 18707 4279 12805 15587 6439 3401 17685 19364 13791 1260 1768 10840 11916 978
2625 19219 12538 17699 18253 5558 9430 16346 19757 19617 1409 18865 4704 979 1401 7567 40 16524 6252 11973 10820 7201 14965 16192 4684 1872
541 18616 9284 2411 3706 10878 14012 14619 13736 15517 16877 16091 18176 8095 7668 5480 2750 14538 10931 18570 2738 16853 7206 3641 232 8389
2303 7450 17810 5544 7640 17466 12612 9315 7752 9906 19603 12075 2588 15147 4510 10704 489 15430 18000 4533 8072 7181 9986 1051 6112 9223
344 17774 2898 14678 15003 4614 13689 19359 12315 17802 11935 4452 7117 5875 16513 16080 12043 12338 97 758 4792 3662 7138 7868 5965 4630
13656 19606 2975 6914 11754 16871 18170 12688 10371 17017 2683 2832 3365 9958 16725 203 4706 8264 11519 6149 13853 12207 13585 7798 19268 3875
5987 18876 10535 16727 1001 7795 3669 6026 2321 3944 8395 13572 3151 18803 15233 17393 16097 5255 18672 13472 13011 13081 17959 1371 14558 12062
8490 1242 7205 7617 14188 5919 16262 6943 15348 3666 1915 14472 9681 3491 14472 9228 7376 17715 17065 17594 15629 15714 14822 6014 13164 6050
12074 10732 6221 19385 15290 4459 11931 6228 14701 12410 14531 15302 17080 4301 1360 487 5515 12344 13763 13028 4081 13594 14279 13060 3384 6254
4144 5994 18068 13313 1451 10995 4210 5208 1343 6151 17069 9801 3600 2200 7497 19213 2051 7305 19911 13230 8444 17769 2076 6016 1352 16996
13327 12500 2790 11969 13721 2136 11775 11137 2155 816 18918 8654 3268 1063 6735 9656 6618 17441 1774 4214 11999 4915 7116 19569 13452 1376
2467 15846 5848 19770 14057 7756 6418 9644 6368 13522 2242 6722 8449 2556 16111 655 2710 951 15917 1318 3376 6222 2873 13115 7700 6961
17611 12713 14821 6605 885 17536 15511 4767 15072 383 13697 2814 16897 15710 19597 9993 2480 14239 15964 5389 16295 7860 8809 7817 8853 16758
14522 10054 3636 2217 19840 14653 4927 15890 5901 11828 16215 13974 7010 16513 15834 3873 9596 1950 19767 3194 9217 12268 6253 662 8407 1933
14150 3451 7288 6264 2646 18836 6191 9630 1141 9492 52 10835 19681 11263 11210 11019 14986 15781 9359 19413 6825 16694 7485 15796 8403 11569
12609 7469 19001 12485 19689 18171 15613 11156 4715 11819 745 11201 11433 17443 913 16757 8929 5604 16510 12386 16283 3421 12488 18365 18705 8081
7326 19424 12869 5888 14773 7146 11852 19129 6350 16641 17836 11274 18017 9958 5544 14608 14081 14366 17098 16515 13561 4207 7515 768 17936 8705
9094 763 1173 15602 1456 5723 10788 1602 4557 7156 14599 14321 18780 8190 7931 17122 19099 19307 6683 8500 10509 8774 11785 5873 844 659
11571 12218 10395 8107 18241 11423 2402 2865 3999 14977 19780 11019 16281 17472 15630 6647 8723 1519 17019 13298 600 17406 9605 9993 5293 19122
11695 8215 10671 12348 7760 19221 5302 14325 18029 6082 17048 8843 17 4690 3183 1737 7919 8662 12743 3533 649 5366 8215 3163 15106 7425
14791 41 6247 4838 14325 4830 3567 14332 646 8718 7971 15762 14969 1955 16222 17344 19819 19928 5802 520 1118 12849 8193 8303 19949 13087
16348 14442 12161 14886 15799 19798 17525 9484 17549 18150 13325 2136 10764 19948 7179 5860 5268 8462 6192 14524 7537 14670 14862 3621 17196 19209
8817 16495 5067 8822 18555 4971 3570 4143 16576 16065 11994 12072 6414 5749 13724 3044 1060 14352 5347 3959 476 5009 14755 17703 3197 8336
14660 10452 13486 15172 7931 8620 14799 11488 14839 16752 4259 13017 13829 1279 14962 10409 11352 16816 6610 13611 15077 9038 1265 12916 10313 3024
19128 16866 18175 19383 19998 2716 16776 12903 16200 13687 18090 15231 4853 18426 14160 5943 1997 10885 1263 10666 513 7746 14287 11466 3023 7205
1643 11879 524 12900 540 18733 9216 17602 3814 6998 17019 13905 2851 14979 7088 14189 4894 15439 843 16149 4348 7662 15879 18819 1773 5207
6788 8789 8980 10979 11958 8098 18126 5938 7277 12756 19860 16736 1862 10399 10661 1927 17203 11654 18 18129 19614 14600 19614 5864 11149 2868
7968 18641 18627 8889 12007 19515 6059 8024 18269 12103 13655 3787 14720 18005 8863 4967 1061 5055 7202 17466 14099 3734 2385 1261 19213 16501
9390 13605 6705 2774 5772 12869 17485 4641 1432 9551 15332 17849 5782 132 3137 18659 7228 19632 17454 9703 11617 15383 9456 8069 7435 3759
13883 19100 2131 12178 2614 12597 12304 17396 5991 8241 9951 8163 15057 17658 4755 4525 10539 1885 14598 19845 10944 9235 10001 17102 19094 8538
3272 1157 6510 4253 11383 1668 17089 17361 19504 14865 7693 18450 16856 3921 2443 12781 6055 19511 12584 8864 16023 9721 8995 11299 4255 19322
14677 15790 14497 11585 6290 15199 19074 17630 18277 12565 7468 9420 16237 8355 8081 14686 10311 4283 16377 11591 15722 8160 3686 12841 7344 7125
3647 9722 14793 6935 1310 13219 3024 3476 6430 4748 1708 13421 1920 8331 13743 6193 6073 3433 5902 6116 9341 590 16421 7723 921 8797
13161 6138 5641 10382 10625 5049 8247 11550 19628 7004 6827 5745 4205 11203 16800 1075 11529 5368 3612 9034 13692 14466 1942 1817 14950 4863
8551 6997 19517 12952 5567 7973 9825 13980 15640 10484 2820 10770 357 4161 10197 2765 10495 7083 12939 940 17164 9898 13275 8343 5604 4698
12525 16482 8493 13589 14305 12546 7802 272 969 14334 16320 3267 16104 19715 6230 3822 10642 14148 2626 15486 9957 4037 13952 19388 1608 88
14275 15294 18921 9969 1409 8569 5899 15310 17604 1734 12803 755 7060 2514 13745 18355 9138 7124 7508 10991 7059 1252 1527 15178 5004 13946
15104 4443 9220 9539 461 1382 7584 3539 6676 9013 6595 13642 8778 2262 7343 1723 11622 18643 9211 3486 436 7707 1568 445 15142 8246
9414 15843 12311 3849 2927 10356 6709 15297 1823 11733 15842 7821 5064 5527 19224 6057 9902 2823 10582 380 4220 10341 2076 1613 18831 3667
6174 4595 11492 2469 11857 6747 4604 4572 4216 14493 8003 17419 13361 8321 10437 11377 1190 4397 9191 5429 7039 14696 13945 7007 13000 8809
16202 9192 9544 12390 18598 1194 18713 18126 12014 589 9226 5107 15913 4171 14586 6352 4125 10899 14447 13123 18557 11436 12946 13405 430 1656
8946 3114 12176 2873 13255 11257 2308 16852 8988 331 10841 11133 18750 12906 17922 15464 9348 3429 8662 12640 16487 5757 13963 8888 413 19711
15742 6314 15544 8620 6536 14156 4322 13 17278 13775 4876 316 13090 1078 6008 6968 9189 9362 12664 12489 14907 2948 19583 6856 11689 4768
4028 18732 10720 3322 11110 18476 2242 18167 8318 12601 11839 19028 16100 8589 5878 7447 8435 10819 9226 954 6024 5953 13223 16013 13650 19169
18250 2767 19008 12899 3834 7813 5880 12287 15513 17988 15904 16761 3356 3650 13063 4452 15656 10622 11916 11781 13219 6684 14025 128 7726 19565
5019 15755 4684 1645 1813 13511 13379 15943 11218 8762 16021 11909 9051 10454 11599 1833 1920 9369 4990 2955 6362 10588 8832 15809 8708 10769
17865 11973 12610 396 6410 1816 12178 11491 9308 18391 318 10259 3731 3104 9306 4316 19265 12950 16643 17225 4838 8711 5906 12035 15136 10
4379 14051 14304 11176 6296 11161 18266 1834 11332 7924 9117 11024 7845 16654 15111 7657 8610 3002 6629 4718 6786 8254 2237 12781 19362 8035
3075 19883 17761 6598 10334 11851 12835 15654 12871 1162 9247 8789 11994 16925 9902 2235 9646 5678 14611 18855 6031 5668 4049 15137 18067 19008
2726 3468 19619 7610 5863 14762 12761 9977 3925 19769 13635 6579 4267 16402 1316 3237 13735 6640 663 10252 16615 8464 5274 11962 12320 9082
12235 17306 3913 10979 14635 12705 18577 1995 4900 12670 16710 16669 11114 15535 18997 5088 17083 7909 10799 6584 18456 14991 6369 18288 2630 18473
11372 15325 19880 1391 14618 1914 19193 2075 17003 903 19426 5199 1565 17849 8474 9084 15162 450 450 7249 11745 2508 7501 12610 8314 15198
19822 13536 13415 13492 5346 10492 1393 16483 12768 7058 11057 18738 6981 7638 1955 16626 4297 8546 4722 4579 13087 17643 207 11371 11575 1013
11508 12368 15424 13097 19383 2816 17233 14991 7725 9976 2828 19500 18896 8377 17857 13922 18332 10740 697 13147 14330 8270 10835 18515 2193 16028
1204 11881 5859 720 4637 9723 9701 12224 826 15338 1605 18141 7583 978 4772 7151 11058 7946 15870 13607 13853 12889 14743 13766 15423 8246
1775 5335 7225 9430 4066 12849 11123 17473 10915 14712 6966 1668 5205 4678 18654 1056 8863 609 8917 8169 9708 5581 4380 15679 17504 15565
8906 17461 5377 10357 7192 1474 64 2797 11925 18886 14262 19450 9914 11922 6197 13310 2070 1292 2450 2780 19888 1947 1174 11328 5467 18688
4588 7015 11799 4751 4026 4726 3038 11924 9578 19997 15816 7097 12358 17224 241 15932 11717 17184 4037 9277 5973 12881 14891 10449 5552 3746
16196 7662 13995 5757 15452 3009 10836 6426 6711 15396 16235 12780 9177 18418 1093 1118 2820 3791 14397 16819 62 10969 5407 8126 1044 6367
359 669 17723 6092 15568 16385 19527 5951 14213 13659 14174 8927 3255 2879 1723 11836 9682 5989 6594 2694 10629 14182 15958 15533 8188 3854
3860 941 11200 16535 1622 13812 12059 14069 16481 14765 1403 8627 10061 13489 11978 16519 11881 5249 2325 16680 17431 11631 19353 16459 8721 237
16021 7311 66 1602 10183 11205 10238 4029 13488 18220 14160 11842 6069 187 8642 12980 12773 9131 7736 11882 15124 615 6707 5629 14620 9790
8230 7831 8474 8836 13225 6971 12754 13271 1591 15932 19243 18 19637 1831 11506 11476 1461 18710 6644 3360 8160 10623 12430 12805 11450 16191
17003 11844 16030 16965 13397 17192 2115 3358 3791 10562 14738 19530 19933 6516 359 17715 4115 13720 13079 16937 5560 1469 12556 18072 18847 4554
9184 10623 19643 15831 15183 4395 19464 4577 13785 18670 15650 9053 15069 18732 6157 13677 9759 2049 16347 5527 17978 9230 8752 9127 5324 1519
10420 15380 16025 6854 11614 2099 14804 19378 17282 19936 14717 5263 4345 10691 7524 2713 5298 16959 18007 719 7352 862 11042 7823 2198 5629
4263 9235 15835 14861 13282 4968 19136 9671 19989 6433 8086 10294 9749 7539 10813 15619 8949 11535 13462 13163 1718 14800 18420 7725 38 10611
10448 17720 9701 18167 9025 12057 13083 5081 14741 18569 18017 7747 7975 15620 13561 6038 11252 10961 9265 3323 13283 16994 10758 7190 14081 8405
5752 5589 2371 15638 2954 9749 4313 5419 7708 7525 15225 5226 882 17290 4437 4001 6127 12516 8206 3436 13437 18440 8062 12590 7636 14808
14171 2790 15708 12623 16018 8654 17004 18501 11251 13995 9101 5810 732 4555 1556 15665 6888 14780 8837 4365 9146 16036 5853 514 10478 7969
12260 12983 8927 1382 8581 11857 16933 6579 10456 4616 12824 1989 15255 8030 19249 16384 15041 7577 10421 18589 958 9066 848 9396 3082 10335
19957 7307 12754 8146 1096 10266 365 15015 12987 17478 6851 7519 2715 7982 9831 15227 10365 12550 3342 2948 14869 14960 2612 2633 12351 5753
13953 17836 9242 12693 8274 17089 5965 97 4660 17593 16859 17542 17030 3290 13550 19108 15953 13751 7001 352 1123 13096 12265 8114 3995 1120
12654 18940 15218 8230 11625 4181 15939 8141 12124 11610 4410 9227 17648 428 15197 16012 1 4811 17908 7271 7353 8675 18038 887 8064 2379
18393 2015 740 8033 11983 8442 2857 2259 19397 10900 11593 16136 3696 17262 3843 1550 18401 18147 14675 2845 13999 7917 17324 14537 1259 888
19852 16835 7796 707 6658 19933 11936 6369 10094 6054 5987 17094 13539 846 13067 6057 5217 18437 12221 4464 16840 4079 11628 721 15003 9705
4817 3526 16580 4672 4620 8417 11440 17638 13177 11058 7358 5230 16700 10461 6279 17674 19474 13284 4560 1293 11865 8234 182 10180 18027 3271
13869 13359 1031 16959 17272 17801 4618 12597 1166 13812 11161 17867 17874 12158 7044 4810 550 3762 17005 12161 12867 17947 12622 11779 19516 325
18 6947 12598 475 10241 18696 6549 12596 2031 17645 9835 18385 7292 6365 17274 15812 6640 16954 13648 9173 18552 14399 1724 11682 11758 2719
7907 730 19752 10284 11159 11665 7924 456 12221 980 8377 8330 9795 6531 4101 16286 10338 17152 8767 11442 6739 15908 10883 4795 17793 9078
6155 1550 18859 7174 10484 10696 18194 5478 3669 16376 15599 2018 7797 12186 18469 2343 3310 18597 3812 2913 18757 2444 18718 6240 12266 7466
19514 4717 11468 18714 15493 9174 15383 9399 12633 18492 4175 2929 7048 19400 9943 111 13193 2342 6409 1456 6329 11869 5596 18520 15940 15623
9503 7059 12220 12091 19339 3496 8955 4537 2828 18052 18770 13171 2028 10587 3232 8976 9988 7557 16490 2408 1813 13737 1029 7943 6053 14020
12036 603 15294 16090 16526 2218 2117 3590 18325 19937 173 11061 19102 9414 8818 18616 15918 13932 11762 15513 9720 5173 18479 9389 10427 15665
5446 17206 9050 11721 8460 4669 12686 19751 2144 14311 9852 10173 7568 12359 19027 10999 3925 3335 10088 10416 13974 12658 13450 1702 10536 1711
17816 6067 4846 2704 1139 5382 11453 516 14006 10696 6105 12066 6915 977 1433 18793 17019 5615 11005 2173 18452 2741 7957 9713 16514 7835
5034 5380 15275 10336 18450 14556 11141 15034 15247 3801 18354 6859 19412 12680 8579 19241 6741 12754 10761 8578 17 16098 1495 14207 7539 137
1977 6556 660 16989 8086 15969 2079 17739 15676 16668 14997 4984 7139 10810 6194 18645 19737 17879 9428 16107 4839 4085 4799 267 15814 5490
9662 2274 6343 2666 15297 8962 14694 263 12212 16800 8830 1092 19011 7978 1751 17525 19220 8476 538 15444 6943 5679 14893 16071 19486 11464
14446 5308 6192 8723 13319 14431 17658 9881 17564 612 9068 18712 4567 12667 6556 19110 5292 16194 16680 13970 12753 11731 18190 7819 17867 8019
17810 11300 2340 9709 14608 15536 8547 8184 19321 856 12290 15349 15869 4748 8266 5241 3743 17660 3553 7527 17282 14005 6093 7823 7613 9160
4926 791 13581 12900 10290 2763 5863 329 8365 19456 14799 1481 491 950 13467 10568 2347 7877 17650 10339 1335 10169 19235 620 2758 17444
5350 46 5207 13756 3782 7793 17624 7660 2446 14434 17976 10531 12958 15265 5495 2985 5082 18909 2263 3421 17739 1203 5337 19436 9897 134
18941 18142 10082 12438 2286 18157 19312 7463 14016 13768 732 6641 13709 16013 13085 16108 5028 19762 19788 1826 19226 5273 17444 6690 12336 15326
11856 15567 6597 2710 16385 1767 6076 8638 2656 13561 14773 17124 11968 11582 13571 3579 3472 4799 15615 16812 507 7151 10056 13804 13137 8551
15619 10027 3582 12829 1961 15458 13765 11576 7182 13784 16870 3166 7325 15132 3375 16323 16452 18553 3388 7519 12912 13928 15953 12739 9738 4299
14945 6147 17373 8493 2936 14212 9184 15449 4617 1028 17588 14043 18676 8492 4555 3593 15487 16764 17257 10011 18151 17437 11775 2977 1918 15325
13101 13565 4781 8462 13124 9974 7748 15039 14223 505 13910 10303 16885 4063 17568 6559 4198 8830 17963 12245 15815 2011 1547 16641 16988 6844
13898 11578 18877 4432 14802 18265 12062 19038 9426 5638 9343 8900 717 10590 8580 16322 1859 17283 5136 10909 11031 19773 13438 7742 6641 15686
16747 4364 3957 13556 19477 8811 12809 5379 12296 2176 6361 1260 18456 4295 7477 210 13955 2091 11159 13121 1397 14831 3495 10556 13454 4242
13174 9458 11611 7455 3885 16222 4951 11587 1867 10091 9307 10495 13536 6409 18502 2565 18746 4952 6560 18298 11857 4887 15538 9638 17927 19449
18685 6177 17600 17873 15642 18819 10387 10084 5027 14101 9452 13073 9883 103 14802 18284 2521 7029 3471 12722 14125 18724 5691 19999 18264 1589
9087 6916 4389 12737 14954 4095 5403 14999 9455 10873 933 7195 11911 2851 1733 11605 3263 8938 11264 38 1160 2490 15925 2026 12535 12310
19551 11960 9594 17427 1466 2105 7842 11100 3132 6138 9571 4745 6338 4611 12589 8776 6733 16174 1577 19118 15733 801 18496 5746 3712 1822
10884 2917 4606 5876 3948 19799 3448 8476 11335 10680 5777 2716 5009 17976 5332 7578 11142 17414 9631 4815 6591 7578 3526 3111 16992 15471
7526 18537 10869 1383 16048 573 18019 18801 862 8989 6531 7503 4352 10942 2531 10201 19825 19379 5535 475 16325 18392 4633 11903 17192 11341
18933 9783 11292 19915 18213 9901 6064 2065 17005 3986 3298 9810 3529 7259 12602 139 12877 7480 14205 15081 17615 19012 8106 7611 6990 10390
1305 452 19660 18515 13516 16120 18864 7663 5988 12263 12465 13780 35 11262 5330 10504 11113 13402 12229 4860 4355 7141 16586 7776 9234 6783
15485 15690 17072 3781 2780 13837 5755 12195 17314 11049 9328 14766 2591 7882 13058 13583 19984 11193 17433 11980 1342 3442 12928 8876 6592 488
13892 7628 10317 3637 14214 7670 13824 15168 19627 12027 11100 8027 10098 3649 10150 16960 7819 17881 11334 4900 1818 16283 3898 2869 5886 11648
19185 6682 2281 5088 14555 15921 19067 7159 5136 15873 12051 4821 6665 5584 11066 18296 19292 14492 16210 16161 16527 18025 1311 2633 563 1533
12252 8303 10653 5148 826 6013 1173 1552 10598 8292 15494 15388 9112 10160 18359 2112 13255 10655 15736 18412 6080 4944 13097 9831 19836 19862
2099 8455 13357 16265 17758 6419 17267 6869 5587 5625 5344 7308 7751 11231 1244 7149 13427 8578 8207 631 1363 4868 19733 6936 2014 11115
18354 5527 11219 6973 7149 1340 4724 7366 13294 13515 16405 16030 12189 5036 4269 3223 13528 6926 2832 6212 17179 587 7989 13019 1248 4183
18989 4161 1997 13664 14799 16374 14606 14588 3328 7301 1903 10502 14694 11325 4422 17708 12145 761 888 12679 18407 14223 8507 17218 7468 6154
19542 12365 1848 8779 12221 2185 11742 17383 13531 17255 3705 15863 14652 11177 19989 6925 5768 7198 12992 14821 16469 5196 19712 19068 16621 19810
9109 17302 5556 10968 15845 19957 8743 12322 5311 10832 3959 2571 5938 12757 14659 8834 11606 9338 8975 9440 14765 19366 19311 3355 13573 3171
4091 19361 1240 15035 2196 1648 8249 4436 5801 3558 8407 8741 3225 1869 4722 14060 17311 4036 2314 17821 18129 14669 4831 2240 15111 14483
19012 9192 10560 12209 8535 19378 14923 13329 73 256 2319 5212 11371 16806 4132 17554 9484 9796 17869 14286 2169 3254 8078 6880 1507 17349
9952 11488 1483 14994 1987 4023 10129 7491 1087 6263 7852 11463 1800 16248 6724 91 2685 18952 13823 4000 16471 7078 17412 2637 12644 19886
1021 11945 8167 8649 17978 16093 8799 1837 10406 10712 18016 7831 16440 1968 1119 16661 3192 15957 2227 4090 19010 15490 18217 11189 13859 290
4669 11724 7172 5534 10986 3787 17636 3783 2795 17271 15805 12488 7675 12927 11791 12755 5863 1301 1954 14552 12947 10267 329 6373 2948 8457
1054 18236 11593 18100 12430 9727 14808 1508 9107 13130 11251 19940 4747 2964 2151 1236 5313 17581 6102 8922 16692 19132 17306 14165 19650 15841
3061 7952 17611 11190 14308 11422 9276 19850 14976 13386 14502 19963 5337 13034 2006 4383 12818 9921 413 6659 13397 12533 12857 7938 9639 13521
14911 18442 8838 9061 3528 17128 9799 556 14317 18295 5910 13628 19781 162 8673 12257 9295 10103 14522 727 15877 10068 3986 7207 3868 3999
1470 16347 4982 19560 17421 8680 11989 1025 9695 3459 7213 17231 7144 17404 16839 3693 17435 641 7870 10612 18635 10961 6019 3829 16779 6155
5513 2128 18197 6365 549 10876 15553 11519 1758 7051 7809 9388 11047 6993 15664 5056 1198 6309 10749 12616 5220 19145 8547 17323 19970 15939
15426 2646 7319 10628 18866 9600 4419 13474 2390 18349 7985 18520 7124 2232 6710 17653 1190 8089 7710 244 19301 6396 719 11642 3528 12408
11961 3687 18828 6757 6825 3406 13510 8902 12454 2074 5591 18069 211 13188 3732 8617 714 12796 4211 15791 7170 17542 16644 4694 9724 2615
1748 4779 19802 12774 13519 3315 12167 11613 1759 4906 7732 12218 11924 10202 15993 7187 7901 3975 19465 3460 5584 885 14755 11226 12852 13400
5246 5510 749 4383 1105 3690 402 8650 18640 10366 13551 6710 15156 17737 17963 15217 2209 7942 14304 8183 17047 4598 6923 19296 18372 15142
18241 3074 6287 15135 8507 141 19678 5439 1253 4025 9558 7209 3254 16780 3555 5100 15916 10685 14335 3227 12421 2062 5089 2833 3073 10361
8876 4783 5578 3605 5233 7345 13641 1167 247 9768 6975 17307 1128 17308 13219 19149 7546 12849 3897 17835 4922 19491 13935 8671 16532 1908
2471 16005 18497 1877 5130 6728 454 10029 14298 6624 12594 18274 19160 18590 13498 1361 13939 5540 13811 18056 3976 4444 16490 2094 17884 19321
4001 12141 5876 6027 16199 17543 16616 4947 14870 1838 10491 2108 5356 18941 4718 15946 13874 10993 2469 7655 1046 12265 1132 4886 11726 19101
12788 16484 18601 16639 19044 8284 5571 4844 3996 5469 18330 1209 18119 13240 3256 18748 13118 6795 7799 15788 17300 5297 9492 1906 19521 10660
5407 15351 19801 246 89 4333 16602 14160 12239 179 14714 8308 8876 19289 9325 16470 6643 17595 11935 8284 19530 19226 1640 13010 15724 3429
19020 16022 19645 11622 942 19583 18539 8221 3059 992 2578 1316 11709 18270 5297 4911 15818 6073 6830 618 5428 6405 13088 15492 1353 6279
8339 3302 2535 5244 3064 14548 9581 6140 17831 17430 2874 6401 16775 3498 5183 13255 7562 15386 509 4917 3993 4107 9887 4994 10182 2666
18193 6851 3790 12023 9438 1782 18003 2188 13747 14363 11943 17054 10286 3677 18619 703 9144 13558 10381 18760 16299 15203 4224 19170 7448 19852
12894 17983 5492 17853 3913 3823 16501 708 4214 11337 15605 15628 16193 9896 5314 4679 8363 6344 13705 10722 7297 9413 9900 18702 18577 156
5238 12672 17758 8079 3625 3463 13549 13667 18061 8402 779 3681 16364 2459 17832 11839 4619 13227 10941 4072 17181 17086 19788 5660 10197 5807
10592 5814 10566 13527 16704 10471 17714 16685 1740 14510 16858 12132 5003 11033 19022 16220 15012 5871 6831 15508 17413 12915 4738 12331 9408 2340
4205 19417 6183 19000 3073 5795 12562 5336 3944 662 3777 9744 503 1575 10912 11845 6124 17440 15422 15412 9631 68 11542 5835 9781 13547
9788 4029 6609 8928 3442 3852 4365 7939 16052 8647 9513 8050 10194 5552 13384 6084 6092 19396 230 4976 14342 11375 9986 9025 1348 11528
2439 13095 12153 7183 16049 9527 6792 7730 17004 3916 3600 6771 2356 5434 12517 5892 2467 8341 3502 14703 19624 12519 16581 12454 17710 16356
17376 972 4290 12449 7071 6776 232 5917 18385 6074 18337 17049 13171 9671 12887 12072 7113 12102 18910 7488 17392 1754 3402 15340 3076 9820
10582 13697 3443 16383 4987 9484 4143 15203 3144 5178 19280 6500 1235 14520 14327 135 17858 949 19356 18926 7021 12370 11972 2127 45 13388
13634 16226 15083 19566 14173 12522 5125 11180 12854 11157 2116 15294 14013 2680 3947 8549 16582 18084 4991 4971 14857 14073 2630 15769 12590 1382
1056 9351 19539 7508 18472 16096 15655 1633 12156 8218 7532 17424 17602 13708 4367 14321 13593 1113 2335 8716 18019 409 3453 8478 12721 1608
7151 437 6858 4784 11097 7883 13692 4419 9683 2649 14521 4259 2732 7910 16783 369 12881 2906 8663 7014 4437 15017 19778 3471 16832 14016
15690 11335 10374 6487 11080 9616 12704 6917 9393 3511 16760 9516 6418 11063 7000 16904 6889 6910 8766 11556 6300 14758 5767 18727 7371 18334
6718 10346 1272 15575 8387 19134 12447 6217 7928 16114 4695 3412 10187 900 10687 10567 16865 9786 2894 12378 5341 12568 14237 2229 8891 3949
3477 1934 4408 17181 4301 17519 16620 10157 5632 18121 15520 17109 17026 13 6369 19652 602 19954 13801 6533 11338 5303 3694 11735 576 13621
3847 343 2371 17253 4158 10708 19013 13279 15150 14140 19768 7532 16131 5971 9633 7865 17337 15632 18567 19074 17591 3194 1906 13591 6751 14440
3118 3531 14241 2163 8204 10230 9490 17076 12360 4221 14436 6917 6613 15643 12523 10123 7575 13754 8395 11080 17438 6738 19667 10464 14669 14666
8502 12879 10052 16132 19704 8396 1619 3720 7310 9660 19630 10095 4770 15868 4621 19435 17442 12487 5960 13102 7781 9495 4015 3913 10086 295
15710 10240 14481 16130 9897 18117 11424 12431 9758 4797 6102 10995 12201 16800 5213 14027 3542 5378 19927 10971 14968 14256 16108 8135 4313 18978
11838 15885 6823 6055 16465 7176 17989 14821 16193 2403 6686 19208 6356 14509 6065 3356 9668 9963 11033 7441 6254 8882 6551 17880 19685 2739
17331 4541 15504 19775 19902 5462 3868 2909 11349 11780 19098 19283 16361 5530 18403 5321 16948 6647 13651 15608 18934 2109 6175 3287 2644 3266
2207 12354 13275 6935 15960 929 10320 8757 3024 12187 6675 943 18371 9523 15126 10196 4306 15455 14876 2102 12984 13024 15 3683 6245 19548
11681 5675 1678 13206 19451 15298 13554 15849 2953 15234 10346 12013 12715 4445 11927 5732 3928 928 15455 16299 14552 504 10494 7748 5839 2166
509 11561 4732 14436 6407 9144 545 2493 18141 6451 7893 4622 17196 6684 14788 4577 6467 6243 5791 3357 7961 11343 14674 11368 5538 712
2283 15263 10828 14736 19654 19123 12566 4814 14206 10937 13714 5497 5440 17505 10455 4391 1813 14099 19735 8878 16332 17268 14631 19938 1143 14035
4700 16138 12904 8049 18296 5476 4601 192 5628 8723 16938 4573 860 19463 6510 2663 17955 12646 11698 12334 9990 3149 17307 308 8629 3455
9374 8288 182 6028 10785 428 12736 10750 7600 16404 13841 8097 15670 16728 7467 2705 3815 7852 16596 14625 16122 11605 15465 17610 13999 3319
11639 2592 8114 8203 1505 8994 1511 2400 11694 14837 1401 11149 14156 12265 19292 19649 4630 974 14870 1575 13039 14865 3705 1130 10608 8385
11477 16503 1371 3532 9225 14238 7856 2031 430 9446 6945 17418 16624 7330 5958 8975 16974 2415 8211 157 16063 4599 18351 13054 7602 7512
9863 11526 9440 18137 19716 1334 9158 3684 5306 3571 12265 10715 5435 3089 16321 11018 13426 6611 4289 14190 15344 1780 1834 147 16945 14756
16727 18044 7321 10556 159 4384 9325 5381 19657 4947 19510 9197 12967 1790 7682 19434 12918 10625 1210 15745 18814 17005 15980 15344 18410 1585
13531 16485 8083 15982 2814 11961 16543 573 6426 8672 5353 17113 3006 10137 18138 3436 18700 14621 8368 19723 8622 17032 7623 7092 9986 16506
8012 12268 2611 17386 17222 11955 7680 16613 17962 4854 1187 17621 10297 8545 9115 12652 3506 4637 10794 16830 10563 8467 7160 17589 11858 11264
11558 15041 8226 1829 3716 16606 8451 12496 14660 9864 1860 18780 17453 9866 17719 15136 8933 7216 9908 19680 6625 726 1851 8819 19599 13171
9433 15931 17094 7437 9348 13587 14185 5854 2158 11231 16727 3772 17436 14798 16355 8656 6736 16227 19251 13409 2201 15356 18097 19997 11237 14758
1795 10755 11327 10481 16064 15760 10385 1897 12268 8700 13424 1121 4004 11208 6004 14413 14970 13403 14534 2102 14689 6026 3868 13912 16655 1457
1674 10534 3122 16015 18196 13287 19446 2670 11989 634 4870 5716 8096 18691 13752 2282 3490 17383 7592 3886 16094 12486 1476 9646 4966 9392
1009 1663 8734 62 15732 12234 7079 18520 17452 8781 10210 9843 8724 18837 142 430 215 12305 11611 4666 953 16060 4929 11790 7801 16930
13479 4381 11899 3048 13214 10224 13575 4297 518 8916 11174 12847 11835 12352 14371 8399 2571 12256 1030 17839 19985 1258 1749 5935 1875 14539
13541 13115 10899 10688 467 18111 12263 3294 17343 19026 16853 744 18086 5751 17771 4411 16264 19180 16001 16268 5729 19701 4284 14692 19922 17169
11045 7398 2060 4260 17210 14378 9973 7205 311 18325 18732 8670 9456 16168 13160 19904 3739 4980 17817 14074 19803 4811 18281 8448 16647 11917
15375 4787 9658 10083 3641 15440 3345 10853 283 8187 13324 11347 14763 10631 12598 14510 19369 5993 18425 4994 2142 3583 13956 19847 18432 5015
11710 10168 6231 14388 8907 2938 2102 4146 12520 17116 13582 5580 11066 9332 13667 12343 13156 1081 12372 1813 9711 9120 7875 9580 6314 2837
9147 5511 8660 13164 6574 2068 179 4015 5471 16820 2546 15337 2667 18675 9297 4967 14614 3227 18956 9272 1860 944 1484 3106 12587 5707
16653 3079 12545 9097 18940 4136 19769 9284 15573 15148 6278 9355 8617 18944 4023 16896 10416 12914 15787 12180 18517 17376 15218 4285 829 8439
13597 6532 13754 3993 14311 12016 2076 19276 9318 14756 13988 13973 5588 15191 11097 11432 4259 12745 11252 840 1637 8845 16101 17179 7661 13334
15542 14780 7679 5163 1816 2451 19390 11033 7352 9892 14470 17125 15055 561 419 5714 2578 1291 7126 6641 7417 2976 7875 11223 8708 804
17987 2085 18669 10637 7468 11817 2261 4900 7294 3090 2345 12916 2887 14354 7178 19846 1831 10871 6496 16910 16923 6638 11261 2992 3507 11236
13350 8273 16015 10325 952 10615 966 12279 12372 16831 18122 12814 4096 15762 13414 18403 14207 18969 3228 1264 4644 5588 11173 12943 1634 17553
7431 13149 4901 10622 19506 1418 4868 11479 13113 4525 6101 19030 16963 12677 12019 19421 4639 19882 19267 9053 8701 5992 3219 1565 19716 11272
19864 15172 565 140 11775 14206 9327 13393 1089 9214 16470 17367 15997 13356 254 11217 9914 10577 642 5982 12755 5297 17166 10666 10088 4405
11289 2350 10554 5121 14775 18525 646 4430 16066 3633 2808 9199 17183 3336 7146 2310 3419 10905 1367 19417 5447 4825 19654 3778 16971 6754
1088 5145 12918 16321 2263 16730 4520 4610 3727 11922 10277 23 19127 17098 5291 1555 11090 3753 16510 9396 8000 14257 2812 10505 11423 2046
16385 12718 19237 19881 15212 15471 19301 5775 170 17756 16527 19030 16504 14760 4533 583 16070 17973 13487 8394 1446 6205 13671 10229 6960 9471
3438 12140 385 16769 18254 16619 18662 8156 794 11076 1396 1234 13475 13047 15252 9976 19541 12624 8212 13482 8439 3373 2680 12115 9795 6896
5936 6696 2524 16890 13483 4662 3112 3765 17673 5324 2861 16647 16135 7482 6262 11748 17315 13901 5230 13136 11504 14177 16635 467 3036 3232
16212 19310 10447 18602 8502 2796 19014 3194 8548 8272 1633 17204 15168 7092 6546 19915 10765 13078 19086 4189 11227 3970 10138 4778 19635 17550
2502 19277 10752 11155 1895 9774 6145 11577 13290 16666 9079 13514 6061 7687 1882 16130 2004 11416 18144 12950 2049 19456 13009 9995 11338 9308
485 6062 12925 18770 6196 463 4628 5813 5281 3440 5254 3241 16714 1784 15914 3113 5901 13996 6172 12762 12691 235 11713 13151 12120 3176
2041 14942 18319 5591 6253 13624 1037 13710 18954 12647 1939 7517 15282 16502 9426 17573 1052 19943 19217 17564 13557 8825 16073 11602 4868 11664
16310 10880 17716 4914 13751 3957 820 3529 762 5412 8553 16237 7144 16126 7047 13353 6482 8188 18164 7911 14084 14254 16645 3407 15401 492
1439 15856 13527 6248 16289 10133 16719 10155 326 1849 16128 16325 6667 4627 8707 12176 14980 1427 2366 17198 13192 6306 7556 8812 5023 15298
15801 8716 5666 17230 18227 13873 18522 17457 16437 7972 19324 8259 19173 222 10555 13676 12851 17511 15294 10851 1971 5053 4268 3036 4053 17005
14161 1400 7187 8413 18001 1929 18458 13403 4297 17782 16551 5466 11262 9818 10905 699 8877 9497 19196 11571 6698 2218 1982 17276 19788 461
7150 1824 11805 7941 18043 14731 6272 7909 11120 11197 2891 19985 13290 13806 17405 1098 7973 13332 15672 14354 19851 2370 15970 14227 17593 19210
5711 4835 18367 19434 9890 4945 18873 11642 17231 13752 587 17207 16882 16210 8394 19411 16368 6748 14175 6056 98 4336 17643 13048 5787 13666
3240 16298 4148 2353 3318 14702 11995 12880 6777 15458 11472 2563 4669 13217 18287 15756 6120 14369 7413 59 13888 3584 1662 8556 19880 16889
18783 17675 13777 12321 9551 13143 5516 17502 7169 6821 4775 10350 16683 19738 18227 17603 9041 1904 7912 16536 13599 3524 19989 19635 8332 7927
162 16259 5807 1130 6512 13628 14580 11200 10827 19651 18043 2511 5742 10000 7917 13776 12388 5544 6094 13325 19347 17844 13865 8869 706 8759
18200 9820 9495 9755 7739 16067 8945 12193 9085 19176 17845 9001 2281 12296 18729 18469 7791 18569 11093 11272 12920 6675 12790 17257 3262 16173
7386 14193 11048 19305 2563 19808 9830 7017 5868 7397 15687 13441 644 9932 17453 2366 16120 10919 9931 7257 8706 2828 18827 4471 15495 5061
18779 10132 14778 1481 18464 148 15291 13403 2687 15764 10929 15070 19182 14738 12855 7150 2403 7169 13149 2109 5633 11697 8195 12613 5098 3010
17626 4041 10013 7544 6879 13637 11556 14046 19665 10167 17465 16683 8015 13442 14738 19196 15063 14811 17849 5532 7448 4690 5447 11485 5994 15308
1891 17615 17390 11204 13086 19601 5084 16493 8436 15237 7425 15982 11862 14007 4459 7935 2763 16538 14413 19179 12592 19912 5593 695 19279 3304
14402 16247 14342 15623 13230 6008 14434 6939 7515 8841 10551 7441 19838 1005 10176 6415 11172 983 7167 8984 693 14848 9291 17432 19539 2614
11298 5772 17186 6733 12064 10256 8361 5962 3487 5072 18794 10042 1795 18421 3602 3384 5702 16900 17449 12124 11867 12256 60 11405 10921 16019
10572 18949 14838 12548 4033 17898 17044 8401 14362 17518 8264 5421 6764 13978 7627 12953 8197 2563 12283 12460 7257 14715 3289 10749 2213 4742
17747 13986 9678 8641 794 16312 15998 15330 4002 7256 2262 10109 11220 5055 8646 7135 8545 11168 1609 8935 15869 16326 19724 16969 12412 5086
14401 229 8296 15671 3845 1805 3096 5538 19838 5586 13183 19014 4686 18794 4586 15250 8398 5913 692 2723 3909 982 7719 3238 16878 12348
14362 15285 18165 557 3243 14451 1524 14628 12599 19597 9953 1267 3633 17893 420 1175 16347 7060 19760 14267 4261 12958 9152 19544 2489 12937
15001 13440 17921 10232 12542 10509 13321 19160 16726 13495 6466 399 19965 3936 13125 15341 7972 7203 467 13323 17608 7766 3525 18078 3030 4282
13692 8696 9320 8339 4532 13601 574 9964 3686 16000 18082 11470 5413 790 8750 9731 7509 7059 14147 7532 2364 2430 8594 4745 16836 4530
17100 17638 4374 17114 843 8690 9498 3564 16108 12155 16551 8870 5291 7555 11747 12516 19268 6934 10599 2276 8531 6434 19128 13458 14480 18753
16686 18815 7428 16678 10797 19863 9982 5305 3350 1330 8271 14340 12763 15614 7468 7650 5205 10429 4667 7658 15188 18675 5550 10810 13119 4810
9715 2257 2417 9112 6845 10242 7513 939 9549 12871 16450 7705 6818 14075 19357 4571 15202 8772 3629 12721 5283 16073 6616 6556 18449 6768
5498 782 11458 8658 4211 8230 14593 13460 7164 10801 10954 9896 5939 2427 18092 2588 348 10734 19412 18073 5220 16802 14122 13898 16360 640
826 1340 17487 19752 13964 13846 9983 19401 16188 1020 19236 6356 9302 1585 5517 18439 8987 742 3765 12971 7265 5189 11953 19060 10132 8797
16271 4022 6105 18632 2740 9424 19477 16032 17159 9780 3425 11595 10146 19029 1775 2106 14881 18722 4700 8121 3040 12214 2751 12382 6533 16125
6055 4302 12156 4877 10007 17554 2010 9155 1778 17458 3409 3668 950 2783 13940 19487 12531 15496 2579 9043 2162 14744 14291 11287 19587 5621
4776 17148 7273 16880 16630 12013 4521 255 7889 2405 6786 6750 18578 12431 19300 16903 16662 4368 19002 19193 11296 17556 6091 15509 7363 11053
19653 6748 6413 17214 9761 10927 10702 83 10358 2551 10301 3595 4446 19663 10073 11751 17990 12306 12104 7077 4556 14639 1432 12372 8291 19729
5360 16559 291 9162 13512 2342 17523 14396 2395 12741 15777 10319 9285 17492 14146 17132 15029 18708 4323 2813 19698 7936 10406 17859 10005 14874
3195 2029 19127 19020 9694 10943 1702 12633 8938 7227 18520 753 18440 12497 5879 4415 4265 3974 16004 1080 17334 19781 424 9835 11803 711
12098 5296 13219 13340 1420 19676 4447 7165 19742 7686 18152 15475 17756 5147 17279 2728 7552 7900 4229 7211 1131 1301 12509 9337 3475 12951
9412 3854 498 6508 2460 2021 16441 14321 14573 14837 7680 16188 11824 9860 4606 6973 3027 13867 9153 8861 18003 15459 18576 4768 9680 574
3248 3707 3586 4362 13991 7492 128 1538 8277 14317 15548 4022 5008 15921 16482 2731 16772 5843 5737 7932 11875 8124 4026 3614 5345 1740
408 12757 11663 14094 14324 18001 2230 5845 6193 12774 18047 6487 16222 17897 15780 16916 619 7538 5362 8742 1836 7568 9931 7592 3696 17142
14620 12644 19429 1849 14805 1432 15940 4127 6094 735 3379 9980 4915 17532 17288 10904 1997 1485 1817 12704 7399 15560 6911 17613 18702 15600
17311 10503 7186 5045 1812 12915 4328 12169 11154 7917 11507 19013 15564 18357 1055 10802 6985 9407 548 18975 15330 932 18796 16308 7606 8211
13832 5149 15197 1884 4055 5514 19736 2218 1155 2759 9005 19416 1596 14464 19699 14938 364 1655 5273 17981 19393 18438 8351 18394 12706 14043
16915 1645 1379 11555 9774 560 5469 19046 7909 11461 10715 14856 1765 18869 11745 8352 19936 16733 12387 14240 1799 5533 17895 2807 12844 15025
12814 4843 17243 1242 2413 11970 11164 3424 13513 15448 13521 2564 6915 10777 750 14260 6623 8394 17909 3469 6937 12792 3057 7304 14593 9092
16434 6312 2656 837 1644 15526 18717 7031 4449 11699 19269 13846 6741 10718 17712 16918 11938 5699 10218 19740 10928 11869 3293 5136 10562 3576
4759 16809 2915 5675 15382 8184 18020 17175 989 7147 14406 6874 11166 5980 9877 6645 3437 18331 4807 19163 9369 9392 13302 19669 5897 7604
6324 945 11315 19976 5578 19753 19267 10329 9713 18855 3404 19125 13989 1086 17877 356 7925 10593 12389 6045 19429 3047 11533 5429 6697 3154
11192 6216 8645 11741 12855 12151 11555 10887 2701 14319 14980 11701 15799 8060 8157 15038 18181 15821 8260 15237 6970 2953 5746 3162 11588 10636
18099 14541 14629 828 19973 15595 18743 17552 18620 17303 15702 5688 1 17014 16646 7379 10882 18584 9035 17254 18790 13770 1452 17345 5579 15515
8991 16535 17607 17298 14395 17414 18162 15832 8888 8995 11610 18811 448 6577 10284 15345 9228 15527 3488 15894 14008 599 4295 15353 2331 15214
15645 6789 17124 2873 17454 7102 6421 3568 13977 11881 6210 17569 6819 14816 16457 19736 9261 9852 962 3282 2817 9793 16866 7326 17271 6089
3956 18245 8794 13860 19062 15358 4014 18181 13232 18069 18055 17525 16431 13451 5441 11282 11299 14653 15824 12343 964 12310 766 1634 1985 3060
8183 6507 6795 3118 10790 18874 3249 1177 7665 19666 18303 13869 3553 19759 18911 3150 6164 14822 8329 18594 14786 4273 12490 12078 7381 18961
14656 6336 15735 7795 13821 490 19306 1802 371 12405 14771 8063 6779 6735 8360 7034 11840 8958 19363 17734 1966 12666 15014 4592 10468 5182
3576 11649 328 16616 8834 17758 1031 5597 5436 9275 13894 3241 10834 16921 8983 6910 7516 15433 18828 8695 9110 1459 5100 18698 693 18770
13646 15071 6337 3067 15239 12484 1426 13061 15804 187 13730 19448 19114 9956 2864 10064 17783 10969 3695 9061 14726 13007 13538 19597 3371 9877
8266 6425 14376 7905 16234 16152 9275 10726 19462 14307 3579 11801 4268 6187 9608 9909 15062 14483 12656 18840 7808 9858 14080 18009 8339 2453
14165 17416 582 12737 2537 19630 8719 290 13920 5591 5251 19070 15550 18366 9294 14921 1879 8709 18880 6709 18779 18940 5301 6265 17830 6560
6532 3672 11282 19014 5053 16301 13350 941 19033 1833 19982 7703 3180 19663 8670 10137 12213 13425 2468 214 7494 8585 4469 18576 3249 17177
16416 14831 16607 11363 4526 15826 1924 10470 6827 18105 14940 6630 13070 18584 18807 14193 14151 3377 9315 10185 19347 16414 8911 10079 9444 16950
10695 18280 14830 12602 10913 13348 4249 13962 6372 8124 3844 38 8547 5834 6774 889 2131 4724 11117 13213 12110 17512 1624 7754 12228 13570
13823 6731 11419 18384 10492 15025 10931 17849 9799 14637 15617 16183 16246 17555 8602 8053 13499 6142 311 8182 13514 1431 15640 9939 807 16517
17373 3799 6076 13497 6522 2365 18189 12239 18122 8751 13625 10935 6413 16462 8600 17817 15625 2193 3119 11864 2555 12524 10778 19949 12603 11676
10050 6362 9971 16974 1034 2717 1529 15217 6198 1010 10241 2170 7027 19833 13375 6592 18037 14982 5516 14276 18715 9723 7332 12234 9185 11574
17462 12265 641 6526 13595 8212 18126 3337 16690 19126 18251 9916 16609 2697 17158 1315 18396 2639 2464 2483 830 13281 18074 18370 1711 15745
7548 13740 7546 16594 18308 9321 16875 11148 4856 18965 19824 5596 3793 16993 18816 8520 209 19862 16969 3636 11202 6528 1615 18680 14937 1905
3404 11225 6628 2784 11403 13367 1592 7908 3087 723 1363 3722 11828 2298 5073 1513 3148 5997 4023 5204 18486 8100 6919 18315 16704 1092
12552 18726 464 8356 17640 17522 14373 2208 19937 18602 5789 10351 18726 14602 11262 6005 8720 9754 6339 7565 16511 3667 17297 9466 17187 1063
10274 4958 4310 18201 19707 437 7801 13029 17402 14544 12887 5874 5601 16452 3049 5684 15545 11673 2314 19579 16119 18532 8552 19668 19924 6629
7801 8537 1944 14894 2531 8605 8794 15486 1265 10862 4995 11577 18239 5293 12930 2027 17912 16605 10376 3233 6 14458 14789 1914 9999 917
11993 6720 19232 12726 14505 17262 17613 13075 5304 19484 3541 7116 597 4816 12937 2479 13262 7082 13343 11835 6851 16922 3548 9108 17133 18388
18978 15457 7535 816 10412 372 541 972 299 54 12936 7266 14068 5042 2946 14183 19155 17220 13924 11100 19311 17108 14699 17725 9078 1256
14884 14952 5861 5383 6779 17381 16923 14249 1084 11339 6628 5043 9795 11877 12360 10782 11233 18156 16134 9690 16758 10436 11827 14436 5876 17134
14254 3573 1900 17955 18132 15500 8449 10419 6449 3455 1997 10408 12665 10379 12404 14524 9325 2607 17789 6730 19082 4442 299 15284 17748 5939
14527 4349 7234 18367 8152 15074 16649 16263 5447 14635 14925 5432 8593 11583 1184 6321 2558 15142 16064 3746 15073 6912 18688 2736 5361 19846
12111 7913 1588 12897 8291 8887 11357 1416 19159 9889 5183 16297 8590 13416 447 9447 11841 18299 3643 105 14589 2458 5176 11353 10971 2404
16061 12575 4924 5425 13444 11776 5901 3991 13467 4107 8621 16369 13063 18655 2539 13761 6464 7876 2273 2109 19622 9469 14120 6419 19846 13703
17530 3994 17122 16075 10572 6230 5376 8423 1214 19475 1947 3034 4353 18834 13778 19306 14577 4709 15295 7521 5053 16612 9179 10868 246 15584
4406 9320 7739 4363 17041 4980 10623 2738 11776 5934 1307 8219 15499 9368 18085 8738 4824 9031 11499 16548 18141 1436 16402 532 10005 15227
13585 7742 8823 15423 16482 5106 1371 19807 2898 6201 4368 5305 18482 12751 18325 6458 14849 16542 17227 18420 4915 140 6676 5194 5614 12487
624 146 14765 18743 5103 1943 17472 533 4742 12324 18518 5871 5198 15183 5410 11356 19721 3692 15672 4959 1710 11885 6169 947 18738 4444
4176 16047 15624 7242 10036 8413 10796 5471 1097 3711 705 17040 3698 1490 486 9341 15235 13672 13675 6650 19971 7700 11649 6440 18068 16354
147 10023 15604 6889 4228 18576 17832 8743 16398 7427 19708 7406 5104 7517 5364 7544 7279 17258 16533 4235 12680 16098 19558 4683 1029 17766
17440 16949 18310 19643 5143 1549 9548 17889 7424 19032 8711 8044 14638 3004 3266 17054 13327 1987 7158 9946 18147 6839 9893 16643 899 10986
10856 581 8420 11436 5325 16435 12283 17154 15723 6957 10774 12318 5493 13083 11992 5881 14409 8410 17777 5481 17009 7887 1390 16971 12204 7376
15702 11480 3358 14505 19388 5684 461 6742 2376 8461 14084 6986 2975 12834 5302 788 16670 5331 1560 17818 2004 12069 7313 4239 19488 14421
13061 18518 2899 10693 16923 5720 18208 1598 6603 14831 10461 14188 10663 14957 17214 7906 3539 19269 9021 18714 12240 1715 1080 222 1301 9622
11683 6164 3182 13534 19135 19075 6207 12953 8957 18352 5115 12159 3466 2540 6355 11122 1298 11345 11579 3165 11357 18241 15392 14715 15325 5283
12024 335 8927 12193 13754 7967 1234 6317 2244 9584 18564 10837 7593 8290 1998 4339 1485 6117 270 8437 14802 19018 10878 18071 12234 7439
9047 14696 7297 2399 15901 6028 10736 2791 5915 19171 270 16419 6324 16999 17207 6710 5854 8743 8524 16541 14384 3879 13779 14651 13433 3586
1082 6853 13609 5726 19249 19938 9295 5497 4654 5535 862 9123 6855 2191 12521 13316 10556 2183 2464 13935 2951 17711 2247 2885 3370 16259
14255 14180 13648 6782 3961 8208 7112 11774 15555 14856 8402 16007 9441 2104 6036 7388 6285 12250 19715 8110 8856 15961 15518 13626 14131 709
17721 8133 14449 13147 17395 11855 8251 9001 15602 16934 12778 12512 2397 9879 13703 18328 4613 15720 958 4993 17233 12601 10468 18117 12900 5246
6163 17649 6698 19013 11381 13356 10421 8182 4271 9229 16950 19910 255 54 16149 6266 5204 5743 17859 19718 13798 11032 2886 5722 1800 2454
55 7751 9520 10865 2538 11137 10004 18684 6925 6679 12395 3351 2744 11859 1767 15707 15881 16180 17242 13033 3024 3164 18004 14084 5153 13491
16894 15708 2301 10223 18185 12090 1394 2433 6404 3812 4162 12326 11042 5055 11210 13207 19155 11673 19847 16265 18487 13573 8305 3165 12265 5002
17624 11824 694 9032 11734 5539 8663 2517 1440 12047 11177 12632 2775 3158 10400 16621 5138 8865 4558 10792 14491 18164 15819 209 6746 7669
19360 19042 3669 15004 19716 18577 6097 11413 18906 9059 3426 16155 6624 9952 18677 19124 13806 15272 4104 8984 18191 3333 4834 7565 1932 15969
5808 12080 16970 676 18975 10372 5832 13642 19796 9673 9824 6642 15768 19534 16478 19165 15594 11680 19658 18564 10932 15264 17170 11224 3238 5043
9299 4194 3189 14961 10488 12463 15298 12960 11807 6441 18938 282 16780 19099 12013 12354 1521 8150 298 12512 11283 8750 8392 17245 12601 8708
19649 17064 4877 5643 135 3291 743 18725 3809 12022 14442 8868 13084 8072 1021 15506 1290 3913 3069 15353 14530 18215 7393 10119 3981 3792
17278 12811 15492 12630 13880 10825 19376 5035 7191 18993 488 5864 2587 19916 6824 6675 6093 1457 13212 12055 7196 16803 575 4341 2073 3272
9788 4608 19775 13276 9376 7766 10781 9838 18931 12573 12166 3573 13312 1112 12110 3343 4639 8799 4437 12243 19087 17949 16681 19216 18818 6296
5764 11255 14534 8939 17867 15738 693 17952 12682 3949 685 4121 12629 13965 5449 1703 15529 16108 9630 7375 2664 16598 12136 13117 18949 8053
5440 19987 17660 4492 16221 7814 19563 10904 16304 17211 15997 717 13413 11252 19433 12727 26 13973 17748 4623 10806 7458 17840 3380 11288 9819
18531 18879 6076 3728 5112 13821 4968 6232 11916 12514 12378 17130 4469 12970 10491 5998 3946 10500 10772 962 8257 1235 17562 12749 19078 11787
11993 13482 1877 13905 16753 5375 204 7558 1995 15318 135 3316 12393 8969 9387 3317 11566 532 19092 2834 4208 8582 3356 13229 1113 13284
15375 8459 16822 16878 15543 12780 18253 14233 15526 16483 2544 7801 19279 3341 2879 18465 3580 18747 12865 2572 3017 13966 8131 8243 8971 142
11823 13208 10242 17576 15537 3561 13066 2495 18788 16352 11342 2754 19728 6425 7232 7640 7752 14946 14857 1644 4731 8739 7770 19371 1035 17683
246 16208 18137 10530 3786 6786 3599 2579 10940 6492 12464 5111 17304 15008 2270 5928 19682 14079 15388 777 3845 8178 13138 14372 1988 4350
18055 4288 5062 2942 12152 14920 2717 5469 17647 11171 7614 18989 18377 15024 3968 6884 6104 17390 6931 8255 617 4293 7724 13900 7059 16409
2853 17880 12478 4362 17130 2898 4416 8655 3559 1834 5095 1237 143 9185 15487 2114 14446 16648 19675 14301 18424 10597 18055 10466 18451 1248
3959 5431 17866 18627 2435 8203 7273 12929 15303 9261 3493 19198 12235 19419 18165 15436 1277 7151 1689 7462 2041 9906 19239 8517 14866 10334
