365
32 93 75 13 16 28 2 31 14 53 20 26 83 65 68 56 71 90 24 42 33 95 21 20 33 93
9041 2361 3428 15622 18755 10203 15165 9003 8716 17254 14448 17758 6990 19128 8470 7729 16672 9790 12828 8437 7229 15434 9512 19821 19458 1707
6202 8980 4849 8590 13975 7025 19975 17932 3602 5450 17104 8462 14750 16486 19932 9275 5457 8037 5806 5432 19162 9927 15947 12997 12969 15901
13879 2692 13004 18634 3651 1894 17359 10262 18731 14590 12013 16288 19860 6937 12719 13430 12003 1860 15612 2209 1167 19063 19868 7800 1412 18554
2213 18340 2407 15529 11184 16792 9201 9464 8132 8936 4339 11136 624 7626 17450 13745 14516 15095 371 9645 1499 16539 15745 8856 18439 12641
10302 1927 11000 469 19466 11825 6498 8067 14333 17524 4483 15275 16509 15691 9910 15652 230 12204 2809 9370 11883 15964 8865 11936 19297 9225
10186 13648 11526 1446 2651 13175 5182 12533 2947 6768 4217 5382 14295 315 4479 19632 3491 12318 1498 6867 16502 1632 8991 11885 10826 2367
2485 4957 19116 13400 11318 16112 9682 44 4627 6134 8610 5794 15533 16873 18853 10796 16693 18879 2219 4049 11095 17396 7512 11016 7712 830
6994 10939 19264 7493 3348 13474 10315 13134 8248 2894 19103 14839 18710 19340 16948 12776 19029 4063 3493 8330 9046 4254 949 16501 9627 15069
6555 3822 9276 6409 3458 12507 2084 7653 7873 19634 11300 10975 5897 15846 15761 13052 12299 7022 13143 10695 4014 1063 17693 1242 7584 19309
12583 10068 13417 3190 4492 5794 17036 10248 12031 18504 18080 6647 9273 13693 5342 18522 465 27 7348 4103 16562 1541 12793 7222 537 7292
16897 12628 6194 17131 4791 4627 3221 1523 1959 6542 17872 17717 13483 9347 11339 743 6204 19610 6175 15244 6163 12661 8897 17540 12021 4205
1946 2407 13700 2192 4807 4113 8423 17282 10809 19127 7131 16488 17958 15009 4596 16126 15669 19879 15942 1330 17078 3092 11564 12587 4231 5808
10479 15620 6147 10262 19012 5169 12053 12419 13815 1949 19939 11232 1109 5855 11068 5598 6231 19014 17952 10036 13422 13086 14945 6621 3532 8508
1261 9581 17496 17074 10883 777 4026 14340 18715 7343 18541 14169 7555 19408 19708 12818 8559 11277 12339 16671 4461 13100 11964 10501 19847 16010
3559 19523 16754 7985 13528 12044 5756 15513 5618 13040 13336 5291 10156 11122 5368 17855 19826 12222 4958 15751 10107 17302 7508 18924 5059 6190
4290 8507 1047 7689 3427 18978 6045 8246 19761 817 6086 7872 8094 16872 2031 8653 6588 19392 14696 15364 12484 11602 12034 880 3875 1221
802 1367 11491 1920 8655 5993 9957 8470 10976 17674 17594 15923 15467 9341 15446 1636 6398 1169 15760 629 16316 17070 13071 11037 4178 3630
14455 19502 17459 4078 11094 15336 12321 4297 15583 19284 10129 16648 16630 1121 17449 10546 5327 392 11571 11696 17140 16099 11586 10651 16032 2468
13350 895 11885 11578 16184 2083 10809 17224 11719 11332 7957 4207 87 5205 8676 9951 1405 10797 6130 11163 15311 16997 1034 14743 2195 9624
10771 8761 359 1903 19694 4966 13726 17996 13275 2942 15547 15176 13581 13421 5747 7514 14077 1881 1631 17335 16812 8636 1064 1566 19551 3947
9508 9939 19064 12182 1024 663 18565 1844 18430 4759 17283 19411 8301 10818 8764 13037 83 1777 11840 8265 7049 10526 14955 9055 4157 12714
12318 14011 17428 12877 16051 12362 12053 5492 3577 10435 9482 16526 18844 13459 13865 17313 14460 6286 8631 18579 15394 19648 6316 7128 3998 11083
2075 5096 947 11947 6685 13588 6614 15905 2221 10204 6284 19798 12745 15555 15546 887 12355 10941 17096 14314 14283 17637 11376 19124 10319 2111
13580 14639 13046 8228 18562 8149 3807 6909 17117 14709 8375 938 1120 1915 1103 13655 18683 11249 16138 16726 15081 14800 4305 4728 16508 14989
9784 7330 19210 10034 9681 7873 5818 5669 10788 14430 4831 301 10482 15606 11823 14250 7124 14901 15181 5031 15699 17392 4175 17576 15046 4591
6174 14507 3401 13421 7081 16094 1501 7691 19300 2283 10011 1962 12534 9072 14610 19934 16183 13864 1241 11000 1436 16107 15377 8591 18555 3622
15054 14538 19058 10619 6615 6889 13816 19007 4154 11273 10897 8196 2164 312 11977 19496 18608 2883 391 2532 8894 17193 2740 7351 19038 15322
13256 16012 13105 14504 12623 3897 1466 9624 11076 2396 18901 13929 14284 10331 15395 13207 6978 12278 7094 380 18676 11507 9321 15174 3784 2551
3868 8699 5553 11929 5926 7826 13751 14166 13357 19336 4991 6420 18174 3630 1007 6829 3889 174 8369 587 18262 795 10755 15413 17981 17437
8980 6687 8237 3954 4864 12513 6257 10868 4026 4034 13857 1234 13626 15981 8537 18804 3290 3783 3252 2075 5905 9461 6973 1525 4159 7658
4036 13671 15700 5279 13163 8417 6436 58 16611 11527 17540 1676 14234 2510 3125 14990 13901 10829 12300 8265 10491 3761 12385 2172 3498 16654
841 14083 15002 10389 9776 12756 8729 7038 9365 1629 10687 16834 5592 9201 7353 17389 13167 2670 17574 12392 7782 4587 14111 3542 9438 15888
18730 2564 16159 1080 13823 9990 15323 6628 19811 2871 5407 5567 17335 385 2039 5890 9911 4399 17959 18379 3255 15177 495 7502 14446 11871
1493 4622 18096 15884 106 1309 7229 19332 3806 9862 12004 16569 5522 3418 17374 14718 2886 14679 16996 13214 8825 17160 3831 11897 4837 14939
6900 11804 1624 631 3575 17338 3048 14284 4002 14780 19032 11544 6389 1647 1937 14569 8144 9760 13910 5163 8862 1773 16843 5362 10953 17318
704 12987 9529 18101 11525 9584 16318 10786 8972 8344 5457 11187 18139 17182 623 4690 87 13095 3297 16453 10147 6080 14068 16761 19680 16335
15730 11896 4151 10854 7067 7901 4750 15863 15792 8664 9980 16595 7200 12860 6729 7813 16533 19132 10991 9700 18649 11156 19609 17510 15782 10799
6904 19031 12706 4800 368 6199 7989 6013 10338 5151 2206 7733 14184 12173 4246 3684 4010 6273 10938 12830 8898 16146 12665 5198 2461 7077
11301 9279 6440 18674 9001 10870 850 3785 11051 9727 12301 18565 19339 10888 6035 1903 15809 2366 18497 7659 3607 18768 7976 14309 6799 14703
16865 11284 9570 13527 5802 185 18661 9636 2351 814 16243 15950 19446 17355 8214 8012 14308 15975 1347 4191 1545 10909 14978 8437 2852 9744
3166 6386 18609 15950 3856 14649 174 12607 17686 13980 9529 18635 9348 15349 12178 999 16013 8346 1194 6800 15855 13516 3054 11814 6088 9366
2397 18674 15184 7618 18592 12075 1842 822 7460 1444 16535 13514 1580 11593 19450 5818 16957 4556 12892 11306 10585 6109 17229 7448 2509 14131
451 6411 13135 17203 8344 19427 12609 6625 1518 1284 3300 18643 11868 12616 11935 5973 18366 10472 11261 9846 104 10800 14299 17865 7789 17236
13442 6333 17365 9440 2243 6134 9704 19405 19398 13789 3435 12622 15423 16079 2390 6622 12685 547 19553 4932 3707 16396 3430 6579 15509 15582
18170 17607 6939 15118 17080 8036 1383 3077 1438 1637 16495 14341 2408 1804 12284 819 2739 9804 1973 14364 10301 7635 18115 19418 67 435
14357 9916 14461 15226 12369 18229 8980 17044 16305 597 11570 4924 13194 14141 17671 5399 7222 18725 6280 6032 13739 6243 8384 5088 13855 9072
17822 15985 514 11867 5869 8086 4425 7424 16213 18634 12056 6185 14391 7821 3346 10056 6281 3516 15687 13292 11261 2555 11285 14411 4611 1084
17864 18441 17955 16226 7760 18301 1108 14667 11313 13360 4876 3360 6922 608 16489 19274 9930 19015 15519 14306 14934 18412 7045 13658 2150 3041
2746 9220 11214 14207 19369 10596 5472 3739 10463 13408 17827 4335 17593 1692 8955 15620 8851 5581 10434 14385 7959 3575 18200 6145 19560 10062
731 13075 3850 5316 19988 18253 7930 9605 16863 15572 7733 2515 3458 6687 2816 12104 4945 6774 10157 8990 2684 13727 12256 9888 4994 18116
5765 2754 19510 14976 19506 9166 4344 17272 6819 6103 6529 6976 6047 12443 14844 15189 10343 12688 1478 3109 6308 18887 13476 5708 5667 15875
1564 6142 13054 3462 6409 11880 12023 11443 16923 15244 14400 7067 15004 3747 16870 14917 12358 6976 4714 7428 6231 2294 14369 9505 4864 6093
10712 13093 7759 5093 7317 14157 3136 7493 259 2950 12927 2601 3895 13215 11758 15088 16660 15280 3100 18465 6323 9243 4035 11671 6874 17067
7779 16048 11917 10019 19673 2743 4017 15248 2914 8446 7713 10612 19215 14762 2294 10945 11405 10957 14745 7263 11351 17512 9077 14905 11586 12955
11982 7721 8247 7267 6189 10984 727 14641 7272 1660 19587 1252 10426 8419 3581 17345 6917 1794 1605 18510 3756 15837 6764 6171 3122 4502
6440 18842 16343 15049 409 12383 13166 14382 9793 19991 8420 5796 12849 19840 610 8802 8331 1251 4964 2056 18113 2038 8652 19614 219 6191
6695 6747 16227 6146 14600 13054 6840 7107 5128 17598 15180 8663 6964 19406 16228 10946 18777 8998 16559 5792 8373 8506 5110 1027 377 17013
14933 18693 15148 15220 4076 12397 3870 6852 9106 6491 17919 6347 2047 2693 10628 6990 14367 16007 18337 2864 7294 19200 2487 17493 13350 618
15684 8081 17708 19714 4851 4225 1626 4469 10586 8113 13042 15996 3063 1227 19908 7330 12216 8498 2586 8977 15044 2269 2575 10326 7871 18684
17369 1388 19056 19348 4633 4318 9932 15535 11831 1761 405 17407 18687 3375 2162 10238 17223 15413 11248 19344 948 2914 12377 18841 6867 765
18582 13411 8515 6683 17231 5523 1242 11620 2989 4768 3992 17004 13616 3210 19014 8773 10159 1209 15483 15934 18454 7074 9646 18838 14625 13854
16397 15621 7805 14978 2850 700 11576 19811 12702 4523 3923 14877 17897 11327 2309 7925 179 13721 7702 13207 11116 5586 15908 15291 13103 3190
11038 8024 19160 13838 19910 2866 11171 19532 9647 7178 15362 7095 13737 10465 4207 12944 5596 4167 12593 5258 6459 13675 18874 10275 13703 10914
10077 9622 14019 13863 9809 10244 19535 766 204 18900 15136 10663 17866 3158 13447 8195 15714 2149 15539 18946 2082 16646 19540 11619 4437 16884
18597 2776 13018 2038 8034 16301 19658 14537 409 2949 12651 542 8870 5237 691 13628 11856 2559 9946 12506 10428 12868 14219 10388 1711 4983
10108 7498 9527 7014 18423 10408 13819 1630 618 13828 14918 18319 2748 15982 19342 13352 18555 10415 1908 991 8564 14733 19629 7008 3596 727
10857 16810 2186 17120 19405 19979 636 15258 5454 19318 12037 13096 6262 1874 787 11032 19155 7656 3823 5168 1232 7508 7014 2698 16768 7670
5893 14219 16817 7571 16324 1354 9059 16197 16668 388 6209 12558 17513 12079 19378 17583 4284 11553 6841 14920 10959 7826 4796 3156 13980 18770
2608 8030 4784 201 3851 10812 17432 19633 1590 4729 962 1676 876 1146 5303 17023 5047 9939 1715 8231 1815 10854 13587 14890 17893 12471
10440 11997 18111 8868 2324 9397 4982 9369 12767 9588 15554 10996 14945 19042 3785 19280 8100 8253 7776 3557 12069 13389 12618 18223 10631 17215
17693 568 12291 10328 8816 18883 5124 17233 19069 2302 10774 14028 18739 12404 5985 17867 3796 5563 4446 3377 14873 9342 8292 7699 16694 14623
11677 14666 8752 15901 19650 14832 8827 13951 11598 4179 12159 16846 18072 7653 6998 18704 14669 17058 16470 2342 8094 11355 9338 10402 6166 16808
14494 8880 9728 5727 125 16340 14606 1698 2593 16503 13434 19125 11652 18148 16151 5857 8653 24 6165 6864 14557 16626 4694 4931 12548 17635
3781 1620 16429 767 11134 355 15949 11594 3518 8345 4818 14262 1760 664 11933 6540 18154 17294 15166 15206 17255 1687 11171 13473 10566 8521
13263 8081 6345 13627 11267 15501 15906 5192 2273 13633 19899 3417 15758 12879 17415 19209 4702 6301 13117 5685 18866 11118 14800 8861 11836 17498
3584 1366 177 17207 9311 11940 17802 10651 7371 17033 11333 2713 10824 1044 5206 8553 15066 2266 7822 14648 16499 7179 16217 2999 13727 18804
13058 11883 10446 10564 9874 748 271 19413 16699 2829 12366 855 16125 5627 15280 7173 533 8481 74 2411 4601 15099 8954 18382 2981 9238
17397 9887 7353 9209 16976 5200 2704 19092 13310 2926 16364 13655 9963 16682 3156 16099 18929 10827 18108 5756 4018 11793 204 8308 16952 17834
8947 17176 18465 18318 14831 9054 11213 4034 14381 8532 3439 10230 3755 11154 15148 6800 1202 3068 5589 7295 19634 3621 8758 3692 12822 13335
7579 14662 14029 529 12197 15815 17621 11148 14193 427 16203 7495 3997 7988 17222 11179 10223 8245 18686 2700 1200 989 19674 5744 19388 14079
2300 2373 13495 2751 13206 705 16528 7894 13309 7866 8212 9074 274 9272 5342 19548 4121 11872 16457 18568 15189 14516 510 19649 10864 11852
10293 6094 7814 19585 2570 18430 1893 3532 18355 2906 9872 357 7256 3206 1863 2716 8782 8169 11425 565 7045 9947 15746 6259 7783 6991
6403 3724 6847 17971 2402 9068 17025 3214 17702 1187 1294 15821 12123 15066 17206 5143 4363 7877 17946 7989 19155 19785 457 17029 9095 13489
5596 9064 14000 7570 8673 17954 12965 3500 18414 4359 8705 18926 13824 14808 1133 14819 13735 7686 13531 17876 9296 10623 18804 18616 19407 13488
9073 13438 5925 17962 5210 18283 18144 17019 4854 6424 7286 10441 7339 7788 1402 6580 16420 16254 4408 5000 6435 18437 976 9214 13656 12780
3488 14055 5279 6060 13133 1692 18400 1075 446 4985 5754 19178 18662 4551 3013 11702 10973 3139 12469 10864 16796 5444 18017 64 3718 13424
14422 11467 12868 15083 4691 12163 10631 18595 17153 4246 10114 11499 17923 8426 11235 4080 18773 7925 4716 10852 7123 8316 5399 11388 4334 7725
12719 14250 2311 19464 6850 13930 8931 17203 14457 12371 9421 19436 8212 16119 10664 7240 1490 8811 8392 6518 5781 5030 10457 8689 9407 13111
1469 621 18887 13615 1203 1802 15330 14644 19412 15184 5640 14740 806 6693 155 19135 11422 14809 15538 17059 13769 9271 4290 9949 13403 8845
8406 8133 6712 15309 17043 19318 4329 10283 11246 2829 7821 4872 6717 11689 15783 19858 9361 9927 17227 5704 10425 6059 15887 16064 68 883
15163 9067 4959 2390 774 8940 4737 1396 18589 10045 704 16800 11322 17385 3894 9383 2490 3089 15663 7365 16118 305 9256 18664 4055 4383
5334 2675 9392 16983 19453 9639 12288 8398 17913 11987 5673 9041 248 5280 9780 70 17071 16515 14403 13654 12794 13535 6440 3768 11048 7111
11822 16933 3067 1709 11749 16016 19591 17380 9750 4400 4124 2363 2894 15727 5011 1931 2240 11174 600 15035 10770 2992 7789 15286 11869 16372
4780 7488 14692 10829 6163 580 8874 19050 16686 201 4116 3633 7772 16790 19519 14264 17495 3044 15377 19015 5352 10981 15581 1569 12329 1884
14908 13242 11595 19471 4887 19826 18476 5392 7372 15635 6747 18164 13944 18884 14675 13193 6903 10710 11379 3873 19684 18254 11127 3482 14267 7922
15630 751 9373 15991 15109 3114 274 10563 1024 13726 12987 1576 1070 6691 17814 15141 7918 14444 13320 14157 4537 7644 14897 83 381 11881
3440 18573 9148 10662 12246 3368 15413 14837 5560 13158 12734 1487 9396 7585 6072 579 7770 15920 44 12443 14956 12007 573 11902 5589 13213
4371 14834 1325 14393 9772 11801 10898 4364 8496 16337 18871 8801 11827 10937 2430 19167 6292 7079 7780 8351 579 6707 14334 8135 14012 18434
7113 3731 6536 5364 9338 11122 8377 18984 2133 13314 9506 15779 12108 17132 5003 1140 1276 9682 15902 17359 12637 12180 2564 12802 17071 16264
12698 2005 3631 2365 11947 19533 7037 6452 13408 9327 12999 19956 10416 7956 1427 15178 16563 14339 2849 12752 15019 16910 19134 10882 16712 3079
8009 13934 18935 5664 4321 10125 8537 4384 5988 17978 17798 1902 5862 17259 17210 4707 11145 13477 6590 15124 5931 2300 711 17187 13832 10163
10767 18808 13182 4187 3128 19663 13940 9006 3237 18031 3046 4177 7891 11933 3444 16967 14368 15557 18648 1860 15680 13207 14864 10914 11234 1986
11361 595 13601 3145 2472 14732 18785 5744 803 12572 2880 13635 19362 15204 16492 13031 1616 11774 8900 8255 101 10938 962 14113 17084 19052
5457 17248 3199 10238 3845 6230 19830 15967 14142 12322 11014 18896 18490 9579 13145 3008 7440 9355 9429 12303 14940 4653 10687 3489 4491 19386
7842 14824 4372 5979 10153 5763 9476 15100 8363 11919 13869 18320 13439 8637 5656 6423 5609 6129 4650 9693 2645 19991 4341 7636 7058 14028
10094 10224 14792 1966 18500 8622 17771 4107 3155 731 2144 10982 9242 16870 2303 13319 9268 3273 6970 2380 813 1746 6327 15413 10987 580
11573 13209 12241 5095 1735 4970 17665 213 9399 5724 11726 4821 13512 19458 4165 4818 11986 6339 14436 3312 828 12857 9129 11333 7563 9912
5846 4130 9262 2013 4843 1798 1641 18242 14679 3395 6373 17344 1575 12788 9638 16799 2312 8114 5285 15526 14947 3501 18267 1849 6690 13939
13327 4095 9126 9531 3829 15597 19985 16680 19661 5415 14451 14227 11253 7547 1746 19927 6033 638 181 6138 295 16536 7675 10947 6308 19444
16778 2042 5857 6997 12366 19697 6794 13916 15339 5034 8312 9968 13913 8848 1121 6537 12411 18639 2858 17125 13516 456 17393 396 8884 13214
10602 2655 19142 892 5620 5280 10672 4385 18998 555 19673 9812 10178 19421 13675 12790 8928 12881 14765 3939 12869 16593 620 18937 9602 15851
3289 3345 5175 11856 7357 7733 10721 4206 4002 16483 2944 7817 3949 3523 5134 5898 7829 4982 7930 11849 11242 12343 8318 11600 6518 7920
14982 12988 3662 11643 10392 2275 5758 1726 1811 12496 11654 351 19946 9896 11904 4599 3665 11761 11156 9461 5710 4042 9185 17360 17163 16371
4040 14342 3798 2801 11402 16993 6677 19541 3113 14740 13405 548 9028 5063 14115 1087 16408 2143 19686 9904 13229 1193 11184 16438 2272 1887
2221 2447 3883 13424 6391 18934 17120 5229 1667 6100 8142 9405 1549 19996 18906 11068 14840 108 761 16990 8521 9366 6288 7411 8350 14704
333 3550 1771 9903 7306 14615 10067 15840 11310 5093 17202 11928 14942 11725 8809 4541 14548 10999 9887 11224 10409 11882 6109 3412 15382 4491
15448 9593 9843 14236 8885 19829 11758 3131 7336 12452 14253 19184 9261 1210 12666 7614 17566 14553 18145 10210 9041 6552 17357 7090 5271 13661
15939 14315 3595 6319 3541 8304 12599 10781 16559 17440 4930 16399 8304 12202 11487 11653 1563 3071 7357 16772 8855 14342 12052 12612 15975 3570
11086 16627 14688 3026 5183 19404 18322 18823 427 13696 16855 4274 15366 13711 5765 9476 1831 4701 2754 16480 16153 2593 9687 13211 11488 12979
13881 19214 11466 1406 5795 924 7245 10236 7824 17338 6144 6945 12044 15413 7794 13284 10718 16156 3348 7108 17461 19453 19918 13221 15827 7070
6954 19428 5339 15279 8780 18993 19877 17744 3597 15490 11415 5590 18417 10474 16888 16843 5947 17354 12375 7723 7400 13305 13354 11026 3833 10241
2279 13831 10608 18206 6860 8113 15012 1658 644 4554 1017 12611 5799 18855 6849 12952 17450 12479 4491 6641 16418 3830 13265 9525 2204 10631
3956 17630 14296 10307 1698 2474 873 2059 4711 7220 18142 5589 5597 1710 10478 14799 19486 10352 10711 5922 17840 14467 14868 11727 4628 10545
14218 11504 3693 841 2082 17421 11039 15636 5094 16063 4664 9876 12125 16427 2445 13091 1969 3115 17357 8248 11120 12678 5871 10238 15488 18570
18600 17087 19523 10953 13126 393 18073 433 12394 14197 2624 15476 8822 16768 5914 16635 19026 1665 6617 11603 8365 3529 7657 5757 6188 16202
635 5716 874 14197 9563 5456 12098 2931 9676 18191 12791 14844 19202 7438 18379 4712 14199 16458 390 12382 12035 14139 6896 14222 16082 5768
5175 12993 2797 16105 9359 7164 14616 14428 13296 2899 14867 17254 14951 18837 17908 6733 17119 11951 19552 6509 10151 12031 12790 18372 6757 6318
18801 13880 13960 5942 4590 10401 1934 2943 5931 3691 14696 1345 16105 1424 7946 9541 4649 18491 2520 13942 5390 3641 9590 14132 11155 12528
15632 12203 3001 11039 17625 3406 15371 3836 16891 16121 7193 348 3522 11256 291 8310 16747 11944 15913 440 15918 14640 6423 6113 16475 5926
10837 11489 11270 1026 8003 17645 10662 7799 18935 627 2291 16912 17602 10652 18087 6450 9694 14959 14758 11061 3553 9952 14518 3618 8414 11075
2456 4906 6979 6753 13643 13462 4272 10526 422 9793 2821 9028 13315 2361 14046 15820 13010 11519 12720 16352 3587 3485 18349 10085 19537 9784
12229 12621 9009 11898 10590 1981 18405 882 11701 2917 5784 10095 18494 4053 12635 6241 6823 1829 14107 9283 17282 13193 12122 6415 16378 12721
14283 18135 16202 11667 12756 7912 17428 7865 6917 18161 4791 12562 9673 702 5922 9958 17804 14346 8275 16158 18003 6760 16185 14142 10869 18666
2308 14045 10955 3461 3610 3253 11400 16259 885 12668 699 15833 4704 12914 10625 19712 16517 14764 9882 2531 14549 8693 18135 18803 7683 14192
4532 6672 13052 11160 3723 5838 10224 15657 6820 6806 10661 17976 8854 13061 9440 12864 6867 17052 1548 7160 1450 16758 19423 2545 5145 16297
5677 5895 18108 11749 4316 12979 15061 16379 13653 5458 13027 19725 3000 8818 12957 2095 4469 4093 1520 10747 11695 2215 2549 5656 16290 1697
622 8764 2637 8382 12849 14776 591 18304 5313 19688 6039 7905 17239 9578 1669 8203 10955 15375 860 8351 9735 9526 18869 16968 18284 18869
205 17879 12719 11191 19915 5096 2616 6785 5264 7006 14961 10977 8837 19657 17944 7521 12169 18980 14454 1131 2098 8542 1789 19884 14467 17413
13611 19929 10890 2972 4336 3355 14746 18366 7479 10894 15739 7230 9842 15242 15370 10834 12337 8421 11543 2944 14004 2161 19737 15616 131 799
16242 18842 6455 17362 10805 13387 5455 10026 3191 18941 15548 2335 6937 18002 4796 18235 955 15954 1791 989 16492 3695 7145 3384 7456 3672
16426 14668 2020 2921 17464 1653 9196 14947 1467 215 4502 13685 3274 13013 3923 6046 18071 12176 8784 3681 11331 3457 9786 7745 19944 5737
12006 17133 19336 10307 13232 7452 9209 5426 9713 3272 9873 4592 10750 18113 19829 1151 10502 11563 13236 13862 2022 9586 9275 16185 17915 11926
17890 12321 17424 8943 15143 2019 728 16077 9899 3748 17357 19829 16359 7582 12575 2527 13096 8049 7575 2330 6438 7744 4672 14542 3986 12364
180 13513 11056 6912 4249 16999 5906 1266 256 975 926 5582 17874 6387 10557 7953 549 1560 9642 17878 8974 8410 4551 1624 13462 10016
14282 18590 2403 8422 18230 14153 19109 10109 2759 2727 14027 6077 17640 3744 4374 19493 17420 17022 5916 16541 5736 7815 19385 17399 14828 11491
19390 9707 15203 3528 3845 8780 8734 16570 2775 10743 14285 9824 8217 17333 8629 19843 7221 15193 8164 8575 12868 8178 16767 10749 17037 15914
1925 3280 1189 19480 13093 4168 3900 14743 10815 19995 6660 8216 14478 8025 15849 2119 18833 5176 15220 7424 13450 5549 9582 18868 9016 16119
14691 9081 3330 15254 6520 8038 2138 17431 14182 3164 4253 12767 2071 13722 1206 18872 6465 15180 3807 11660 755 4716 18140 5305 19302 426
11615 13439 2447 17034 17445 15263 15544 2675 10063 7422 4908 6760 2030 19422 3460 3432 8053 6294 15467 19554 9983 121 4575 13867 8494 9155
942 10475 10315 882 16238 10288 7607 11735 11657 15607 5531 15869 8115 17234 3042 6532 18194 9646 14606 7010 8066 18393 6304 19333 2006 8799
5107 17271 15069 4395 3483 6350 1116 11557 4955 15690 9302 8976 10109 13448 2732 4894 17564 14645 16372 7594 18935 15633 4358 11171 5398 18926
12957 18264 13570 19601 2613 14597 15299 10812 11238 12625 9819 14776 5195 4619 17746 12109 11106 3026 17970 2179 19998 3594 19893 3669 16844 9083
4212 7253 4933 600 16615 789 16759 9576 19907 2312 7555 12299 11305 1360 17162 4941 191 7694 16132 9682 4559 9961 18320 2441 9523 14423
4016 11862 2519 15422 6513 15357 6090 18853 11533 5486 5434 14171 5516 18795 12856 18744 12334 15882 13911 5448 2994 13447 15046 19458 9774 5315
10139 18012 5048 14913 7089 11685 19567 13915 9646 6948 3324 2354 3672 50 19473 16426 10259 8981 17817 18909 8227 6647 13392 18154 2600 17632
14007 1356 11333 1579 12558 4402 13956 1393 14815 5772 12454 17378 9863 14562 15514 11531 14412 7719 15693 623 9347 13952 8853 5467 4922 1534
1203 17116 14012 4648 9164 4997 9349 14571 9553 19310 8309 3957 16292 13338 8592 10498 18054 2720 14376 10375 10957 11987 1226 19592 11542 9987
9554 8767 15940 19521 7994 2167 15261 6957 4215 7731 19775 12251 13830 3789 11698 4539 19916 7989 3314 7358 16794 13344 37 6132 19529 12829
3320 2156 11658 5257 19844 19361 6153 14903 19487 19228 10094 14740 734 1817 14807 6890 11984 10049 19841 19722 11373 17873 17994 7569 18425 7233
15883 585 3550 16844 13026 10803 11987 10183 16415 8639 4354 16173 17486 540 16555 11067 11673 10337 4337 11641 19556 4346 13024 17908 14070 14960
14013 5018 3959 16075 14282 4179 10261 2052 13521 1095 6389 1277 5992 17490 19679 1884 16425 7958 9675 11847 5350 7341 3549 9708 5425 17764
9083 8906 17228 9038 18608 18712 18312 15038 15199 10963 17692 9784 7715 5388 11692 15969 11154 9042 9577 14431 62 231 12897 2650 5435 4862
4473 10909 878 13096 2331 3169 16364 5738 15777 6315 16922 17606 5561 13012 9221 8513 11042 16309 6341 18202 4463 18002 12120 15023 10978 7907
2465 18630 7460 13444 1016 9047 6303 11876 18388 310 19694 16194 389 19861 3462 14238 16593 6671 10561 2322 19761 2030 18746 6146 3297 19328
7069 5121 10469 14875 2186 5399 8276 4611 14814 4471 12993 8271 12513 188 13859 9504 17585 16296 11735 419 18278 5894 16621 10060 9719 4905
3074 15619 17846 15183 19225 1743 516 10043 4969 15476 7361 625 2093 3860 15553 5904 15915 18343 1666 401 9522 5968 14324 15246 18239 17616
15106 18660 14129 5347 17123 10289 16962 12393 8664 11552 4169 8308 309 14938 17247 10626 10213 10210 5199 10094 18786 11932 5724 1445 7093 3239
16317 14548 16405 10925 14011 11082 350 14309 2373 744 4935 2888 4033 14013 2252 18669 14810 10389 16988 4249 11029 10904 3659 11955 10658 3038
9160 16035 19154 9909 1077 1934 11013 4194 12199 16584 6986 12891 14988 18164 606 8884 1295 17388 15068 6508 5246 1568 14431 3969 3649 13206
15975 17011 18123 8745 6457 19517 5769 4759 9187 13250 8926 13645 15014 18096 4630 13118 15663 12345 7088 15841 10316 6388 8688 9814 7151 16822
8822 13871 3188 15310 9587 13347 5862 18649 12271 3446 18799 12034 10551 14821 13240 3665 5916 9842 7415 6063 19675 6210 9595 2510 10246 5690
9910 4264 2306 6588 12554 7550 13640 12135 6694 4216 19440 5323 18683 1379 11731 2213 6021 619 19400 18654 10276 799 17680 7302 14922 6758
11330 6970 3828 9470 6491 14462 756 17042 13447 16112 3770 5142 12443 13404 9185 11346 1929 16583 11281 3744 16564 3795 15936 2188 2740 10560
14362 14267 11825 431 18067 1266 8787 4818 227 19306 4697 11479 8915 1432 15616 3099 4850 12416 8880 8585 3589 8386 16312 692 17880 9430
1941 18439 19311 11980 10719 14794 1154 16711 17573 4756 12264 10079 17302 7775 8155 15927 15399 2355 19019 6949 2448 17072 8626 3364 8105 11506
1508 1941 14630 18200 19026 11498 19694 11856 7307 17828 5287 6902 652 18952 6933 3875 17562 12057 2086 16916 3665 12462 15547 11399 6393 4723
9661 6826 3322 16970 15477 13512 17206 11316 15491 12145 2778 4862 5670 10397 16422 15710 9542 16308 7387 5834 18390 1095 18574 13771 9722 18463
3552 7593 14051 12186 5399 3614 11855 4173 6847 7968 2116 19640 14191 14570 962 12264 1600 1417 7893 365 1056 1582 14315 9753 10247 12344
4331 6845 4466 4716 19711 8193 8001 8389 6523 12942 395 13220 2511 10866 10598 4236 9103 1629 12239 11877 1988 14059 12143 2469 2635 16489
7633 7637 4597 7524 1412 17942 15388 4452 8298 6203 2266 10588 12836 10037 8726 4638 1982 5724 3008 15359 12189 9130 1942 13945 18610 14586
15261 9570 12480 17221 19501 11522 10218 11990 17405 10511 11914 18179 6212 2207 19283 12264 4420 15599 11019 3863 5016 17184 18010 8822 13777 6129
546 11734 433 2494 4263 19948 9506 14230 1596 16052 5165 15531 14174 16021 7041 4340 12384 18929 9551 16772 18818 2267 17886 6150 13812 15415
5007 2376 10915 7071 11426 1063 14242 8477 1484 18740 15475 6917 8528 1692 13882 18905 11874 13909 18527 1314 460 8040 8481 3707 9706 18299
8492 10323 13951 80 10190 5926 1085 8617 1316 1002 17165 18759 4155 1194 3993 5707 12377 9522 2281 6186 18136 19912 1983 13548 15356 2746
5087 13606 783 4998 1777 9532 4955 9337 524 2652 10450 17575 77 7819 15257 838 1900 5693 10363 14343 5627 201 9197 17368 11861 12329
16082 10289 16527 13032 3559 2640 16109 6650 15200 12068 13587 11977 6167 11280 15795 11734 13605 6152 18697 15560 14617 4325 17239 16075 12416 9941
13035 8900 18092 7039 18737 6797 13385 13440 6973 12371 14923 16419 9735 13550 16875 8813 16061 15288 14816 3311 15927 18536 13993 932 9699 10531
11865 17978 17825 10356 13758 17937 15041 12815 5024 3132 15452 17684 14038 15655 12811 4414 18325 1177 5562 19932 691 19941 10700 8626 10073 2191
5868 8921 6022 4083 9192 4933 17890 3372 18407 15981 2206 18435 2646 6124 1428 15343 4791 19772 15257 1306 1251 3356 18173 14709 16868 5714
12450 10806 5032 570 12178 10624 9351 10474 9523 6865 12924 19336 7071 16635 17781 5314 14460 16156 15475 4849 6139 14005 1699 14506 11969 10895
8659 8870 9493 15042 2538 5140 11981 6508 19336 3451 19628 4096 14700 153 14016 235 19553 9254 3046 2647 16133 536 17883 15569 7277 15139
2416 10406 8079 1289 10964 15023 8978 9197 2517 96 18465 4618 13772 2614 11085 6015 4570 5213 1887 16808 2467 5977 506 13188 15176 5327
9325 13537 12742 5873 14576 15051 12593 8937 16788 7314 19682 5968 12332 3460 9016 8963 9581 19156 6997 17413 596 13898 5407 10863 17862 7751
4956 15884 17427 15052 1596 17833 2989 13036 3326 8502 17382 18854 6931 13850 5039 19323 10502 10396 13680 12689 19444 7610 11323 6747 16461 6569
15784 1259 8488 11806 4061 2101 16729 5757 10896 12293 4780 9811 3101 16206 9861 8525 3517 18119 6486 1962 16898 16088 16923 3443 16314 4760
13532 18102 9360 1987 4531 13405 5909 11843 2884 15752 10850 13916 1111 14075 9030 3709 5916 9452 10641 12319 12944 8158 7111 18754 4741 7293
16148 15139 8098 8391 989 5254 623 5578 13509 8276 9652 2216 3647 18934 14543 11519 11861 580 10018 15453 11433 13008 3454 12350 16940 3958
8341 1950 16777 1795 10046 16537 4146 2751 10867 9612 16709 2998 9089 9435 11460 5702 8374 19907 5000 5582 12584 4777 16194 414 12145 12604
4428 19102 5834 7863 7083 14391 16232 1229 11810 18256 16493 11824 439 16062 13615 7950 7756 836 18167 18099 10597 2157 3258 14657 14609 10062
13725 5801 16894 8961 9386 4233 19673 17931 9288 10299 15149 17506 17955 17352 14661 1239 15953 1128 14453 17518 5276 12886 11328 10907 17872 17563
1801 19338 18116 11384 5117 1985 8825 6643 6821 14783 5749 2973 15510 16433 2977 17298 13456 12952 15442 11391 9225 3598 3965 1434 457 9394
23 11790 14454 8014 894 18567 2995 8087 2464 17019 18505 1243 9398 893 1970 13696 9857 6380 14530 5835 3398 11782 18020 3187 3220 11962
19507 1113 12663 17882 10369 12535 14679 17752 14795 12616 11562 9778 292 10099 19409 16003 15158 5322 4681 5025 2467 10245 1800 9334 14502 17494
14507 16362 5828 11249 4884 19430 2165 13003 19572 288 4361 9458 18376 9799 17653 10763 6177 7401 1196 12312 5611 17685 15295 14210 17055 16214
4250 13768 8669 12134 11990 17571 3064 14311 15494 18014 14100 8953 15893 2380 12699 6744 5411 17923 12642 5675 7711 4133 7420 11584 16493 19593
8544 11079 11705 11251 9413 16103 1696 258 13925 19243 14342 10316 7161 13698 6971 15231 1981 10978 5270 2980 19593 18527 16443 18752 11310 5728
12417 3174 14732 1183 16857 4750 1481 7008 15303 4575 6454 8423 15942 4379 5997 4365 15456 15543 19161 12858 6083 15501 10674 19706 3625 19654
13654 246 19245 4979 17603 10251 17428 3558 11290 10977 12156 2797 10771 9031 1784 13251 5497 4580 5192 7381 1366 9214 3594 16459 12356 2380
7110 3304 6768 19341 1893 9621 12933 16869 18691 17573 2346 9629 15710 6754 3997 1817 4392 15386 5695 12825 16386 13050 9258 18558 11058 19629
18313 16810 5167 17557 11425 17383 14913 15453 8763 17690 2499 4958 8208 7347 11486 7652 15756 12864 13520 8791 19823 10629 17547 11150 18676 6388
287 16245 13803 14878 18116 12664 16546 12615 9677 13130 12777 17023 3678 3563 10950 11563 16908 19679 15706 1176 15797 7379 19276 17112 4339 5891
12962 4 4873 6398 13229 2587 1043 16984 4323 1349 3724 7574 3492 15320 754 4507 13296 1768 2793 12620 828 4255 14645 12520 12944 2394
12586 2026 17130 4379 10654 14574 12506 3700 15854 16130 10541 7766 9597 7284 9282 17645 9735 161 4100 11124 19118 5277 1528 18877 19171 1178
7514 18003 10140 9355 14832 8970 8998 12902 2213 3285 9009 15887 11919 7841 12534 18608 17659 7208 4353 8479 9131 14029 9527 9144 14839 10220
18944 15251 5087 17821 18430 16385 8117 12662 5624 3994 12374 17478 12485 8790 16013 18348 8280 11971 19310 18486 11126 14277 4714 14363 2900 248
19761 14465 5046 1871 14994 15321 19048 17639 12332 18193 6375 17164 19522 1107 17206 3042 11143 11796 2754 62 19041 2601 5189 8294 12037 13826
13002 18210 16490 8493 14508 3208 10102 3629 14779 2043 18969 15090 8502 15319 13571 19185 11343 19714 2398 18152 19918 17461 15023 4318 11781 12794
19077 19162 19581 10015 5305 10365 10262 1820 7573 18899 10440 11015 17586 3408 7967 7476 3198 12233 3501 11892 9820 11236 11367 12713 14830 19509
5859 576 14493 11061 1767 18845 10698 17328 3169 7357 10311 17505 18940 2051 7889 17903 9927 7023 4953 4181 19039 10410 14900 13169 4308 1951
15861 5430 10978 12900 12534 7876 297 5961 19696 18703 13864 17361 646 15364 4097 8211 8558 2269 19436 3710 17848 12361 1099 19405 10025 896
8637 6473 16224 12588 1551 7369 13374 14968 19737 7205 3316 6114 17963 17070 7340 7290 17085 2506 12023 2897 2994 7111 1982 8217 4787 16090
16892 17122 17362 1457 18810 12875 15479 2460 16173 6154 1944 16228 15160 9475 16479 2839 18495 1005 10580 15340 8479 11080 15404 4931 18739 15044
12271 2457 4544 15143 10660 18920 6977 4477 13294 16754 17332 10765 7241 17312 6862 14826 10610 18587 9310 6681 10870 13931 7931 17413 3096 17278
14031 16189 11813 19103 11448 8737 2846 12076 13330 10070 8315 13635 15653 5019 1530 3148 6595 3107 15084 1775 6183 17247 10958 19161 12744 14234
6099 10549 1717 5899 10757 5905 17522 4561 13314 1602 1598 12951 8386 5869 14513 2971 1907 1838 4301 19177 5239 5671 2386 9088 9411 14329
14029 16263 13561 19834 1776 6125 16233 8537 6061 8583 17410 271 17495 15111 228 7278 15085 1180 16917 5505 1500 2306 16893 3788 1153 12047
6440 6938 12322 19157 7650 7944 18643 9981 19572 11442 11425 6073 5232 17877 863 12259 14056 11752 9344 286 19350 15166 14219 13818 17131 14540
6976 3707 2500 9568 14044 14012 202 2051 11098 1757 2994 9564 2472 9826 17083 12844 19070 7748 16156 14550 14494 14367 9055 18422 4183 11035
16613 4834 18792 16441 558 11469 18478 6900 9283 1276 11904 17029 5301 11358 1437 4269 12919 10222 2251 17052 4251 11623 19749 17385 5533 100
11412 9077 562 14360 1113 13185 4387 17008 6304 19466 6379 3233 9321 3175 15735 15425 17622 4499 16499 1140 8140 10809 1133 5879 11668 6903
19245 2356 16710 8119 16215 630 19200 4986 2540 14978 9927 13086 13228 14188 10559 5151 18039 13266 1494 4137 17294 12202 14842 14602 9121 4791
18463 2713 14473 2301 1124 9203 18763 6305 3715 4050 5100 15125 10971 6596 9618 10311 8026 19605 7415 17041 14563 13684 13925 14923 18728 14299
3545 11998 993 16169 19764 8214 7155 8480 2969 3597 684 10448 17082 3064 14407 9176 3970 2900 7735 14909 18434 13152 2206 3499 19641 11179
7618 39 4170 3885 3571 17657 7854 12030 13025 11410 19758 4997 16437 3605 13451 12227 17090 1100 2509 3690 8221 10564 3388 3583 7263 8648
4409 687 19600 8866 3878 6887 19679 15621 11778 17939 14694 12179 18766 15985 4284 15086 16608 2473 11875 1559 3664 2651 7600 6256 578 18101
658 10971 2778 19028 4301 1409 13483 17542 15872 19212 2531 642 7918 15874 14628 6398 6904 19521 11715 6809 1746 12498 15727 19375 18092 17752
11515 9538 11563 1230 17001 14197 5298 10892 5897 9531 14157 11051 4838 16476 7963 11199 19129 6064 7284 11780 1725 19366 12019 1048 16271 9105
14447 18069 5939 13100 17228 1007 6828 3787 16787 12731 13283 5398 12196 8093 18388 14801 2976 6849 7756 1000 17673 8886 4842 16364 12201 8906
5508 11337 18706 11975 5698 2689 12035 3499 233 14899 13612 3896 12489 12729 4717 3169 19106 4200 15091 12571 19129 12338 8409 14682 15612 17048
1274 1256 16818 9157 14449 5965 7610 7205 15823 15140 11499 12642 4530 7460 5369 6692 15367 9247 17535 11782 13591 7035 17227 13205 17475 4683
11451 15572 865 2596 11806 16111 4128 18183 12623 10912 12974 17066 5234 14897 8447 11566 14997 10725 13227 16234 11448 3856 5055 4477 7601 2511
18807 8734 3576 18297 7405 18635 13064 834 12333 1250 15119 13617 10309 4877 2782 6579 1481 15214 9971 15989 643 2008 4165 5809 9506 7345
644 13445 17073 10932 12967 15485 18951 17333 11540 14956 17619 4412 384 7225 14061 4157 10131 16943 3045 5340 14717 16994 5973 6290 14096 14562
15205 7731 2006 14563 7136 19678 3102 560 6697 2799 664 7576 8940 7076 15274 7658 16296 2458 15704 8336 2374 11526 5036 7165 19560 18377
14256 7154 12996 10985 16016 8022 11644 14108 6955 6211 4544 619 10159 6071 15024 16113 17120 7620 4019 18874 16183 17924 4845 3768 4416 8762
12293 1096 2750 14012 12887 1220 789 12856 16277 1251 1254 18586 15912 162 14607 14308 7003 14831 19483 2922 9306 18356 10267 1665 10387 5981
8820 19200 14989 16207 13505 9563 14110 2241 7161 4607 4637 10526 9895 3339 14285 7134 6747 4369 5361 12529 8199 4589 15249 18157 5247 15817
285 4980 2880 3298 14992 9549 5217 14897 9005 17583 10178 1715 9235 17966 11388 4391 6275 2627 2680 1240 12812 10440 1359 930 18120 8259
9208 1713 15525 5285 9302 14165 13483 18356 11469 13193 12941 16744 6369 2672 7556 10131 6820 19711 11432 4873 11460 5952 15904 8662 3189 12790
1513 19204 9388 3675 9593 17530 10678 539 637 14661 4512 941 7663 19534 16277 7809 8006 17151 2722 14726 10801 5825 3709 11506 1667 12117
13575 16121 4211 12768 18119 11787 10589 19543 2504 1998 3526 10077 15957 16200 12180 15285 2303 12642 14644 3212 14201 15677 19197 4249 11952 308
5523 14914 3958 12382 3268 6327 5418 5184 6470 452 18976 15612 17879 19426 11308 18258 16618 18936 14119 7990 8793 7630 15769 11767 19614 1165
18107 18335 5993 13740 8228 12918 19478 2327 179 6713 10218 7614 4694 10029 5476 2867 3067 589 17045 12517 19019 19953 18693 19809 12063 8384
19339 16677 17110 16083 13311 2089 10349 2676 4739 3228 16197 16378 6176 10712 13613 6311 5726 10325 15476 17175 1794 18062 9818 3057 19226 10412
4611 13890 10815 11144 1409 19866 4053 2999 12371 8182 10278 14989 19604 18856 277 877 7045 16398 13986 17116 18032 3529 16789 19617 10819 12504
3620 8469 16215 14843 18093 2389 8503 15876 17184 2625 2922 10595 17957 18718 9411 6427 14587 10807 10677 2469 11429 4679 6229 302 11717 13071
16742 11402 5689 12478 3239 12875 8506 12856 132 18783 3910 8420 18257 16361 13200 19412 1939 786 7140 11403 8026 9332 17561 13729 14854 10070
13792 5953 14095 11861 9875 8049 14074 6806 4090 2127 11027 4269 9917 14906 11156 16528 4528 16511 10781 5357 4595 5739 16810 2900 2440 12308
2731 2514 18226 4902 9949 2369 9464 11097 637 18196 18505 3655 15183 12626 7274 17361 17966 4480 11654 18900 7515 16700 1709 1373 9622 11445
15004 13776 18366 16987 16004 12205 9986 1317 4118 11146 11829 13321 6908 4120 19230 19083 5577 18329 17279 19631 18304 12569 1021 8541 14190 744
1541 12814 10347 1584 10798 14707 17463 15767 16658 4056 1509 744 6961 6070 9026 5464 11894 16122 11573 16350 18470 9513 10306 14541 12664 10584
18824 7023 8461 2392 820 8481 14710 17927 16507 15924 9371 2376 18132 13135 11252 5074 14726 15627 18954 10361 4422 13061 10127 6887 2026 3315
11502 3781 18546 3507 9886 17356 15604 3832 4801 11766 4768 19580 16745 6931 3680 1056 5802 15265 2074 16355 2295 980 151 2220 19992 6022
6976 13384 12055 3396 2790 1152 12662 13102 15828 4028 11132 6420 10203 18470 10825 10431 6715 12817 17632 16780 19233 9199 18094 4204 19924 1611
4760 4909 6303 10893 17558 14080 3259 19997 4441 10522 10125 18853 6105 298 13061 12518 14408 8282 9932 11773 9722 16621 6282 9613 16940 186
15048 17320 19591 10748 4971 9924 8860 810 11379 13689 8115 9188 16698 8561 4914 5232 3240 12025 4354 15735 18251 9964 4680 16625 1819 7875
5379 11714 19223 2467 8924 8340 18751 14776 9549 6189 493 12943 12005 3708 11778 17880 17308 7841 6318 9207 7490 9655 12124 7933 18159 13245
12109 12655 7083 3578 7168 5583 11437 7758 8760 4021 19227 18448 11437 13704 10043 14869 2692 1587 11768 2991 15281 4987 4638 18495 7064 6370
15742 7370 7871 14012 7575 598 16617 17035 8940 15090 11792 19577 11614 10233 10651 14575 3497 8548 10483 3748 3250 4748 16329 5493 14902 16262
15624 5861 17391 17141 8011 6086 6049 8654 5296 8003 8405 13578 17028 18986 10451 19797 18661 6505 5054 16970 2136 3845 10299 18391 11592 7510
6076 9685 2566 18371 2062 6981 4222 15053 14884 3759 176 14644 1819 19534 8873 16251 5646 1608 12250 9068 1174 1368 17346 12834 9128 10348
18575 6942 3083 17562 1356 3234 14534 4648 9201 15710 5080 16975 8388 5416 19681 19898 9724 7303 11566 13496 5458 2070 9360 615 9629 12214
9404 17257 3423 7466 12952 1800 13462 384 223 17058 407 19619 1196 10713 15144 1112 2148 12751 14379 10123 13477 6867 14680 6114 10430 17808
16220 8541 10231 14940 6046 15366 8929 7509 12350 8464 7225 4930 13 2066 11990 2449 7756 188 13329 7274 13088 15091 11015 16129 1420 16137
4752 10326 7495 3600 378 8958 13718 19941 12844 15879 14939 9689 10383 3439 7155 2470 10719 18297 4570 19506 9227 16115 7761 17118 16019 19361
4065 15107 16851 11532 19981 4425 4600 4644 678 8848 11145 18658 9725 3100 17772 15440 11859 72 2324 7061 15875 380 5499 18070 5409 16135
13136 6782 9074 15231 5726 1927 12290 15428 4217 16465 4257 7590 4118 16312 16857 1923 14303 17975 9428 12090 3330 3181 12578 1532 14822 2566
5097 16213 15229 19282 15129 17584 1147 5469 12107 18069 14618 2470 6611 5188 18387 16209 10136 13989 14592 12464 19445 10159 1080 13151 19129 4626
7939 6817 13462 3582 6376 7939 496 19315 10031 6823 10537 3320 14860 17243 18213 1771 1329 18880 734 10605 5666 4886 12605 13544 12743 4803
8631 17815 12759 3230 1466 12688 6127 691 1660 14306 507 908 7120 6630 15257 12557 18369 17999 12530 1558 19336 11681 10544 1632 8071 1846
2145 17395 17387 14909 11683 3933 18683 100 7877 18949 16642 7468 1370 5105 6904 5832 15700 13247 4542 5236 924 19705 15898 8174 19690 8067
11949 14491 1844 3986 700 14325 7226 8932 3413 8642 10261 5850 7018 12310 15588 4869 14753 8438 8801 8146 8799 13538 4791 4936 10478 861
13285 7630 17661 10373 9897 7517 8496 5232 9733 17249 19966 8474 13406 14302 17359 18876 19450 16783 2779 313 18592 17556 12828 1884 2075 10760
15979 19073 9913 4246 12897 19172 4957 5571 2387 11285 19364 18010 9819 9811 9777 4522 16390 18026 17061 7893 5701 10891 1753 7835 498 14087
2668 5223 14836 4421 17832 14569 1753 7768 6320 12965 17334 7472 15922 1692 7156 17819 15887 5903 3861 2685 610 12916 10140 3269 15324 3771
9863 5769 6051 544 13400 3075 8314 14086 11512 12465 688 6218 7069 12689 12270 8670 14586 6905 17539 16512 10677 2217 3173 4495 13292 7801
7963 13140 3291 10017 19807 14429 4684 4448 9142 10246 15371 10721 12141 15666 7501 18391 783 17340 2757 17337 1381 1688 1429 1803 5083 1012
17645 3986 5046 7210 13226 3149 19628 15568 7264 19815 13226 12134 990 3121 824 11151 8640 18266 2442 15223 6531 14580 5317 14888 2888 6053
14760 13355 8401 6543 8244 7930 9590 312 11593 18930 15881 8143 4549 878 10105 17246 2608 7575 11440 14649 3107 12740 8123 16464 2947 8384
3033 7088 18013 13586 7534 3956 15020 14987 16394 17744 9512 9366 14609 807 15849 14450 1484 1343 13966 4688 1693 12780 7648 19708 10723 2006
5188 19687 6650 11711 8818 12370 3550 10394 19258 15519 14261 12693 16585 14271 6207 236 10454 19536 7879 19657 11583 13084 12975 430 10598 237
14226 486 15095 716 15864 18771 17332 14275 2586 13419 17260 8923 17581 11196 14333 9884 5777 10260 5978 18230 16475 9885 18419 17702 8543 11831
4210 8031 6889 13458 2765 2646 11823 11827 17922 5697 15211 13278 19442 11107 713 926 16021 151 9193 17576 3553 15137 4075 7703 1069 14041
9285 14503 13248 3176 5069 12746 11241 7292 14997 6180 12708 18432 16171 9980 2846 6891 19697 11424 4338 3360 14017 9024 3115 14228 1175 19911
55 1105 19086 16536 10972 9889 4923 17171 18135 5278 8660 10042 15078 91 8697 2153 18707 16235 6629 9799 11791 14636 17454 12509 6763 6754
15101 13319 6149 15897 19950 10175 15604 18654 16081 4943 6670 1811 9378 18552 16807 13011 4282 17401 2671 4266 7735 15632 19898 2082 8542 3991
15780 10074 19760 14679 6164 1458 15571 854 19879 10221 10636 18424 7916 17624 17981 2815 18425 18540 405 8473 9128 6646 16919 4152 6406 14046
2059 15855 14720 11281 19141 11378 6464 2122 2852 4803 7667 2099 10918 11280 19554 9382 1486 6776 13521 18919 16808 17320 15561 12943 191 18412
9388 16631 14629 16505 11456 8815 5550 2826 11380 15639 5443 904 13689 4630 17596 7170 14923 16485 7647 3776 7394 3181 16281 1252 13223 13708
1704 5527 13801 4379 12066 17909 5330 5752 14164 8330 9401 9518 19383 2507 15732 16370 1419 13816 3599 17032 3480 6042 11491 11717 15437 14966
3313 11082 10269 5882 8268 7910 923 18920 4368 5963 10803 19881 8414 7785 5635 4375 15506 13738 7279 12473 5295 10810 8736 16869 15713 16126
13398 7657 8727 1720 18456 19035 5055 10381 9904 5237 17826 8563 5007 876 14047 7452 12663 17942 4481 604 2260 18427 1663 3565 1936 14156
5683 11787 9694 15359 18670 17495 12106 72 1354 3164 11909 4603 2813 2397 14748 15206 9749 2328 4115 11457 7542 18705 12448 13528 12020 4738
13503 10235 8203 14376 7801 903 17918 14686 8224 3848 11549 16892 2524 13447 14196 15784 15423 9313 33 17645 433 12764 18369 895 14561 1654
7115 7934 7862 8094 2825 1284 16243 8219 5856 4090 8957 3303 2948 16989 11197 1868 3977 37 1955 2249 16969 11577 10169 11666 7114 273
3063 16414 2064 2426 10276 13906 13954 12517 15305 9668 10210 12979 9372 8808 10265 6097 19345 9636 14378 2406 667 8809 351 14911 8458 14656
10685 15980 7666 1234 19345 19535 10994 18721 15203 17022 995 3033 872 13558 13417 669 7215 7917 9308 1964 7771 15059 11260 4558 17738 10956
13516 11435 15523 15414 3952 7486 3068 12195 7672 19643 13003 3437 6272 14391 8369 17044 8940 19379 7617 18857 7768 14073 3583 2049 9923 3883
18873 15196 19055 7437 16958 1008 11020 10211 15106 3450 16894 9696 5174 18126 5921 18593 11908 13556 12739 3528 655 3698 18026 19009 4409 18056
11092 1365 15620 5302 6427 10074 8461 66 8028 11429 5180 13042 16403 6936 779 14558 3103 3934 7928 11304 8661 10623 12747 3166 3146 17700
16569 3510 8626 11511 6556 15995 1911 16263 1378 15501 7952 15686 354 16133 14049 19332 7596 4637 18901 4813 4369 19805 2742 19738 10381 9333
16665 3743 9885 780 5657 3767 731 9376 17335 13506 11430 15103 12022 13940 19088 17022 19407 10576 2161 13297 14524 10706 7214 19949 15642 11901
4960 13673 12122 412 3722 11177 17212 3234 15160 19838 6089 5556 2869 7054 4079 10527 1070 12727 12069 5415 13730 9591 15149 1009 7904 14204
2800 11170 1492 1177 9524 1911 9533 615 6876 19851 2570 17423 8179 4226 9560 19677 14981 3720 10904 1480 11538 1974 5255 9017 5009 10958
19469 16421 9692 5782 3969 4396 9695 7982 19254 18189 13624 1562 7392 4777 10170 17129 3481 3258 13942 684 3723 3805 15259 16643 17176 5182
14234 5839 2715 18858 16672 12379 17688 9081 18388 4210 1877 9972 648 239 433 4095 11531 19030 13066 13145 97 16100 18260 7267 7464 4214
10654 8533 3993 18387 11370 7593 12482 19612 2393 4379 17833 5774 458 3365 7624 9055 17042 9612 12670 15350 1910 16669 11569 15543 4257 12274
14360 16328 3970 11980 7132 15699 2561 9162 13075 1001 3650 19644 16770 14102 4691 2972 5274 10408 5253 12118 16783 1875 10674 6743 17334 7460
14364 12396 4907 13649 739 13445 9252 1612 5071 17454 3625 16592 7251 4199 5988 14944 18068 9133 15218 17262 16508 11441 8582 4340 18461 5935
7128 5726 9958 15028 10130 19575 19217 12172 10366 675 15337 5999 19922 7720 5437 3960 17655 19123 17438 3608 16615 13143 11168 12351 8302 10682
18207 11344 2402 19944 17588 3321 13712 17 8857 15589 10364 13856 12188 16526 14071 8771 390 16832 16050 1346 8114 17264 19201 10709 6984 9673
8373 17063 3158 16827 9047 18680 5691 898 710 11112 13769 158 10749 17426 19225 7459 5554 13130 9225 7966 8326 3286 2612 3134 16867 843
2252 659 13625 1881 13466 847 11575 1405 8894 19317 15648 3367 2334 188 17477 13948 9888 11511 11242 18188 8267 18010 9575 7183 16422 786
10939 11468 6054 13229 590 9995 5129 11150 1784 871 18618 766 2768 17299 8923 19028 18092 19027 1863 8639 8552 18084 3718 1786 2670 943
5969 15413 15289 14401 2038 991 19583 16745 10553 4211 10786 7232 6272 2473 12149 9691 428 19982 17392 95 4013 14686 16740 6825 13413 19225
14793 13106 2759 514 16884 2398 10716 104 12751 1424 17563 5972 6325 15997 12072 19443 15859 17539 15289 18524 18967 8532 8488 6936 5430 16087
15663 4865 1397 13738 10343 18485 2195 9395 19994 19412 14668 72 2750 7305 10631 4695 11110 14418 16299 7521 4222 12456 13802 4812 14027 13507
14186 3908 462 3372 8413 7933 15361 13865 8868 4200 4286 1069 1457 17400 19176 8613 11875 4098 8848 12037 6573 19286 523 2534 11991 18290
16308 17408 12148 18668 8713 19238 10609 7706 1273 19872 15094 11414 15022 10829 4816 243 7964 18523 18016 5060 10700 27 7891 4196 2374 19114
16386 5403 9423 9864 10764 2266 11525 8969 14007 778 19148 13254 12758 12424 8492 11795 14672 18095 12543 19673 12291 7887 12562 8308 7613 16233
8761 4048 12098 704 1093 15179 7050 2703 3664 14550 8701 609 10625 9787 18630 12426 1429 19644 13750 10101 16015 2081 15270 12939 1905 17790
18959 2718 2749 4571 10066 18723 13955 16396 15227 1443 14652 8792 7869 11118 12707 19771 12613 17174 19880 9778 5568 13693 2003 18552 12310 16991
3262 13012 4227 13005 19181 11538 19105 16887 12371 16019 17086 12273 6096 14188 12317 9583 19764 19059 2623 268 17672 15614 19652 10038 16169 7337
2789 6730 4796 14147 2315 3040 13793 5298 18367 15537 2560 8682 15636 16431 19071 19006 13055 16648 6595 9372 17837 2394 7805 19078 6584 15296
15321 12546 15998 2747 6469 2362 8817 17904 7920 4903 13870 11945 14107 1127 18413 3424 14228 11632 14504 12559 2472 16998 13558 426 8593 11818
17729 215 19037 13866 5295 1376 1673 2876 3895 2968 17096 6612 2518 17346 11213 1828 2940 5326 10118 12438 5332 5685 3367 15197 7530 11068
4690 5574 11608 3855 5102 2765 1824 90 4635 8726 13063 8669 7643 7925 3775 9171 942 18463 11224 12227 3677 17284 15582 11408 19149 17363
12085 509 19482 17217 18813 2815 7323 5811 14647 18068 12039 18306 16158 15035 5361 8682 1961 657 9266 12171 17161 19022 9096 18099 5757 19544
11559 10172 5586 10526 3069 5105 1727 10588 6688 2774 4722 5343 18266 19258 16491 17694 11620 10812 2669 12670 1394 17608 18471 5642 13855 17477
3055 18149 14587 6425 16222 1258 14431 10063 15653 8616 19744 1282 16349 10564 10649 15950 12177 5955 8946 16977 1081 16278 11173 7066 4 15604
1070 18889 4811 19540 13561 19667 586 419 3526 5581 15760 16702 3414 7951 3411 19730 4597 14714 18782 17666 13542 14605 18254 6593 19688 4404
17025 17111 14962 15230 11846 15995 13914 11963 7076 5682 6853 9761 9927 556 1602 6074 2940 18057 9955 6299 10245 2486 272 11834 5559 6558
14594 6588 12846 12687 9287 1355 15622 11228 4293 6952 9640 1657 19200 5696 15938 4430 7562 15770 5772 15363 3490 11531 5051 10555 5630 1587
5985 15575 16495 465 2821 16070 313 13988 5352 7437 18996 17490 17267 11239 9784 9121 18504 14483 15310 16053 12779 383 10271 11015 519 2429
19162 8942 7669 520 6253 85 19298 12155 13141 16643 411 2669 15261 15081 19773 15473 12379 356 7269 2839 10608 3038 1651 2677 7215 559
18794 10749 2097 3187 12744 11820 15206 16257 7920 10878 6198 15288 15134 2615 5284 945 10633 9073 16341 8873 15063 16358 10998 14285 1614 10594
4781 5193 11810 741 7974 5023 505 4060 18737 1018 5589 9230 15430 4611 16263 13144 6836 16865 11177 18510 1614 8941 9498 6832 5243 981
1267 3460 3932 12024 11438 10978 18249 3707 19884 6139 6951 1075 5261 17544 8830 5716 4853 2321 16306 7599 8812 9594 3776 7780 15668 3571
986 12060 6093 14372 10784 18475 5306 14169 19008 14653 6394 8439 3400 14150 9122 3657 1294 14920 8075 8571 17714 16029 8519 2667 135 7897
18470 1125 10715 1717 11030 7584 19817 16005 10325 15534 13048 15249 12600 16672 13323 3594 3991 14516 10102 16732 6211 12039 9987 1517 13696 9957
19355 14776 17342 16376 5989 14654 3703 12903 12298 17916 6045 9604 13122 9382 7066 10888 15424 9356 14975 835 9797 7457 14797 17768 12897 19356
1098 14423 17653 18704 16661 6839 7591 8719 3390 9924 3953 2776 521 5228 12903 9847 2221 14009 1772 7017 9200 11408 7146 5862 15730 19682
6533 5362 3001 3300 6029 19038 6693 7490 3958 12816 17610 1555 4606 794 18286 10875 6943 17362 872 18225 6190 11452 9381 19660 8973 18302
10551 2130 19370 19748 13248 7440 3885 2156 8715 17766 1493 7954 7967 13704 19631 13804 5437 15360 4461 9795 10824 1399 19004 6641 823 9916
9297 5810 11046 12480 19507 17390 1334 9312 12101 17586 9894 1596 16627 5698 1593 8147 4047 12739 4706 19257 16732 11402 17806 10825 10691 2425
2180 16477 3485 9277 7034 511 13139 11350 8443 10078 10377 12700 11844 11907 2306 1961 9714 14339 872 10718 9898 12592 6339 17834 16355 18638
11912 19351 648 16749 2917 7561 1155 11861 5193 5996 11927 16589 4889 3064 15454 12271 1121 9912 5022 8607 6464 6914 947 1961 11773 14783
2941 17209 8923 16762 4710 9540 4971 803 7676 11763 1138 12620 7132 1480 13188 679 9126 16991 12881 5707 8286 6125 11725 9988 9242 16774
18719 6034 9690 5288 6000 15578 2046 4634 5161 11823 19011 13078 2229 1997 10447 11119 15090 11895 8839 6323 2183 7714 7809 1230 5306 18681
15345 2472 15631 1462 831 2192 9752 13848 4848 2774 636 13158 13954 17264 8157 1721 12412 17351 15168 6500 14738 5383 14153 18556 1136 2162
10982 7447 2624 8810 3553 19817 2449 7425 6131 17482 540 16394 8265 7256 19188 14902 4430 18734 1030 3459 8559 15189 7955 11774 2298 8873
16472 19206 19718 15005 6540 2636 17308 4991 8318 8092 9593 15945 14485 12859 7890 1419 11989 11996 10596 4947 14702 13839 14477 4331 14375 18747
160 14151 6587 8722 17135 9972 9737 9219 16928 4918 16250 8427 10920 11382 4930 4050 18404 18504 1106 6766 15087 13198 12785 7090 5317 8201
10832 9572 1128 1605 721 709 7876 15116 4408 6962 9743 17028 11775 4914 8391 13672 15113 15327 14864 8755 2435 5170 7753 352 1505 19578
19583 1588 15972 7939 18986 7607 4 3019 11164 9579 6107 2766 720 14612 9872 8126 15218 528 13216 8084 19013 13393 10780 13744 14210 4840
