365
6 40 62 74 1 77 37 0 66 59 64 44 77 9 42 53 50 95 3 87 9 99 24 11 45 74
11357 2819 10761 8566 11982 8049 6920 281 19920 19572 7893 14120 4857 9991 17488 13283 14594 17540 6190 11971 1428 16179 18204 2777 3826 803
32 3218 8240 16528 2219 8311 18413 14481 9984 12646 10700 3498 6360 10610 5246 1542 16655 2352 2653 8125 18738 17804 11441 2765 2028 7128
18349 10253 9737 10274 2463 6191 12664 14054 447 6261 19963 811 3631 18785 10393 13224 19786 8326 12084 13690 6656 2063 624 2016 18317 14633
5191 11610 18220 2529 6752 14470 3182 1511 13986 10650 2453 6006 11044 16871 17216 3933 261 11016 2571 12632 7030 19304 97 8660 10269 3637
18129 14757 10199 11777 12010 4277 17600 921 590 14766 14161 12562 13658 16153 2996 2935 15869 16057 16169 18250 16847 5691 449 5594 8139 291
7436 25 16071 588 11012 15509 3277 1423 11313 6673 14545 2247 7622 15439 15116 13498 167 12658 13246 14768 69 17415 12415 17605 9304 10792
17382 14421 10658 17860 7904 17156 12586 12315 7508 17053 8363 13922 19885 19427 15507 17555 11028 11828 18238 19999 2062 2646 19476 1981 7731 13526
109 12444 11057 4626 6849 17743 12237 15955 6752 15293 18031 3542 4537 9036 1766 994 4022 3626 15961 16116 3206 18996 19552 8287 14628 18023
7013 5998 17925 5499 11066 4082 6615 7187 15340 6531 17321 11864 9812 18060 15590 15790 12359 19987 6449 17406 3757 5601 1745 13577 14673 14099
12771 18386 4977 10491 6226 5301 4480 11468 5429 16384 4639 2631 9163 11204 13867 17849 3447 6544 12122 10587 14136 4296 19884 3405 6248 18487
3677 208 11994 17104 10 18407 745 16583 958 1163 2378 12517 11923 11318 17418 17270 5690 7036 11773 13471 19403 2606 4041 1759 9697 12218
19078 18693 8947 19949 16829 5349 14258 9653 6777 1419 14410 10542 4621 8965 7530 4355 8346 14668 14628 5546 5350 19628 15197 19204 6171 5971
2816 3427 5620 11488 19995 1571 15809 12726 1981 14084 17753 5093 13836 11298 19949 13728 4604 17783 3925 5969 18840 10681 7105 1350 4209 2459
17876 8896 13935 5396 13758 10522 9886 12603 17745 1116 6934 6906 12772 14722 10790 15008 6042 1277 9494 18962 12094 10646 10945 17475 8231 10124
13860 13318 10383 16428 6657 18897 5575 14392 10720 3522 18922 11487 6702 747 6177 17190 9267 18762 17386 221 772 1599 3554 9534 12211 9879
18316 15235 10211 6368 7806 15748 1477 10891 14145 12321 3671 15682 2324 2849 1029 5167 5756 954 17854 14248 13115 7155 2149 3842 16838 10738
369 2424 7671 8032 19849 15758 9986 12987 11427 12947 6576 16151 9946 15938 17556 7806 14677 9391 19640 2237 4544 14318 16138 14058 8254 18816
18925 1725 3600 6967 16167 5959 1442 16048 857 10761 1075 13013 2109 13422 2662 11134 17288 12458 4172 14751 9956 9555 17660 11188 12783 3078
19846 2402 17835 5418 13966 17873 4579 11452 3300 3641 17840 9789 9479 19565 18500 14969 13978 9273 12996 12332 3568 10734 3793 7736 16348 18210
14367 1597 5865 6836 5349 13666 6391 7513 18837 4734 12659 9972 13850 17710 10543 6915 18299 8725 7552 18394 15434 16471 11716 15534 10161 4224
13705 16689 18167 14445 12589 9352 4865 1351 15009 8951 16320 17773 17190 18406 9825 12864 19445 9297 4900 5050 6785 12174 14945 11792 7461 14
16353 17724 4200 18799 1470 4667 18745 17885 5124 2007 12281 2590 14105 7782 4063 9374 7166 3745 13542 12038 4277 19594 15230 8302 986 346
16420 11667 10508 16286 6833 9567 6630 16743 5688 19254 2084 17286 17575 1314 10592 15568 559 657 19571 13673 18244 14112 5022 19205 19432 14455
11572 957 12264 319 13583 19034 7875 9840 7182 18163 10543 1186 11411 12931 2416 1318 12214 18843 5337 15195 18664 17959 1868 8678 1108 5324
16548 12964 13028 9577 12427 15438 12975 9417 17272 14783 6031 432 13141 5986 16732 3775 10435 4785 17889 12349 3030 13505 2064 19190 19612 12195
15272 375 2085 5826 1217 8186 13691 1945 17926 4294 19798 2323 9459 5553 12174 11339 3096 10403 8242 8524 19602 5245 18997 3584 13303 5180
19485 12924 13967 13977 18043 1012 11353 6002 17808 2861 3098 14473 12026 1159 17328 6293 14349 16262 2402 19132 17500 8726 7963 6093 12383 16994
1914 1330 14137 15573 5878 19414 7850 11959 14985 9176 14048 15076 11469 16362 17768 19821 16545 18626 7140 4723 360 14341 16756 8877 17823 9724
17025 17556 16340 4786 17121 16745 5961 3714 9601 10587 12612 12395 10607 11366 19493 1075 12872 18083 3838 2726 17678 5515 8653 19396 12229 15481
14115 5389 16296 13856 19671 14945 9762 1802 13803 17314 9362 4960 15736 7550 2601 9405 2394 15682 4455 6554 16277 13659 706 11979 6758 8606
5266 3625 17992 3857 8691 8449 3357 12564 19217 17315 17978 4697 3171 2743 7587 7500 2491 5122 6021 2002 32 13506 4977 17913 193 8709
12360 2379 3608 1689 918 3987 12236 14047 13908 446 9405 5500 1593 8002 19160 7902 17971 13568 18767 17593 4859 4331 15612 15327 9483 15266
3746 2438 16790 11011 2630 15085 19947 13898 18020 12701 6254 204 2552 9902 4232 11139 16643 6514 16883 12376 3808 19826 3776 17060 17281 10771
16031 15633 11049 18643 14267 13684 5736 8601 12628 14579 13756 5790 16484 9384 9351 11533 15608 15848 4103 9161 2735 1985 19097 6216 18559 11894
8366 11943 14239 3460 8688 284 866 19385 18871 9347 11693 15607 14629 11878 18314 16532 3741 19032 7184 19433 1779 10976 4966 7176 11714 5544
18822 4887 14088 18159 5017 6690 17856 10986 19484 6216 4293 6756 553 4029 12328 13991 19052 17400 7121 17156 16569 849 13190 13829 5131 3305
17226 16444 15663 10121 16843 5974 13445 3485 10382 13270 723 1434 9354 7232 4126 12570 8915 9652 5043 5710 1520 12399 5787 17945 17633 19448
18840 3776 2989 4187 9827 13296 9455 1058 12704 17652 1938 19372 9802 4018 11554 9453 8694 18615 15303 1927 7722 4858 17182 5686 6856 11047
18027 9729 16314 8272 8170 18791 6448 973 19265 8239 2178 14986 4438 15857 174 9835 18118 8797 10146 16727 5054 108 15287 18333 8512 14806
14541 3601 5539 14069 191 12306 12652 7753 7836 10194 13635 1779 14166 18208 8139 15638 16383 7621 6237 9442 9332 5753 16539 14191 4993 1500
18139 19481 4581 13745 18914 3400 11045 8050 14245 17290 15772 7124 4569 2569 16835 11077 16854 4355 15330 14719 9224 2267 1478 17075 2809 8034
2948 10400 5366 13242 4511 9725 12516 6661 1394 8345 19526 12722 1993 6654 17331 3636 2193 19217 16202 8796 18505 7105 4214 19109 1508 9756
4768 11619 1517 18298 16836 16030 15753 18558 1286 8111 5244 19232 18655 13080 7187 16805 5915 12089 9330 17679 2665 6936 18347 8826 19717 13422
14189 11755 6317 5306 14256 16690 12591 18363 18808 19608 6998 17881 19266 16278 367 19792 9210 2182 15392 5546 13251 13208 13569 18563 14089 18041
9953 17996 3290 18544 10141 3416 4977 11624 10478 2672 13869 19816 16405 13644 16914 14203 18622 15369 15486 14623 15978 16216 5982 3278 9121 11851
2099 9707 5799 4640 10947 6118 7395 4451 9611 652 12000 14896 9191 14772 4476 16552 13531 393 2709 8456 1908 11001 5889 19545 11435 1480
15145 9740 8442 9303 5942 13594 8447 10092 7257 12835 16382 10011 19382 15512 1685 7564 8594 19763 5482 3651 15247 3882 13762 8051 14420 1214
13891 14768 9437 6049 5788 12184 7512 13712 15769 8764 5916 8147 4102 19376 6736 14838 10396 19184 18945 7870 2747 11928 17174 356 9310 1216
11374 12664 4209 8653 15558 7985 11589 17153 11218 6276 11912 12994 15657 16267 6912 19630 10682 718 4357 15673 4660 230 1618 14745 3797 5184
2405 3178 19407 11058 7550 5758 4654 8969 9872 11772 13045 2932 3114 14406 16955 3730 12683 714 12070 15276 19273 4389 5093 6551 9384 5988
13629 3177 13107 11357 1825 19303 14271 10938 1457 11415 7330 11115 12029 7722 1648 12521 2921 4353 4126 8021 6559 1260 8430 15792 4763 18239
7716 11566 13864 7601 13874 7442 10541 3607 16996 14842 8547 18658 9619 4796 5695 18950 8921 10874 12766 12552 6061 16969 2330 1855 17171 12882
13462 8005 14485 17284 17724 1501 10403 8520 8130 10195 5753 8515 16815 18786 16886 2113 12448 17293 17772 13820 9198 15660 10816 3851 10864 17716
8320 4617 9565 13294 1308 3726 19477 7214 5714 10984 15646 2205 4083 3079 3839 3773 14764 17786 19417 17962 1376 13505 4635 5869 167 2030
12677 12017 17191 3874 19927 4708 3502 4211 9361 5174 13810 12475 3964 5726 2966 1994 12237 6518 19749 7854 16418 4253 16661 7767 8668 13255
13157 13990 19669 13909 3029 9622 3336 4605 6534 12471 8221 422 8620 2507 4929 8072 19162 3514 10578 3476 12908 4891 2909 2488 13839 4515
6799 12599 10065 1463 18785 5444 13006 9627 3943 15213 19289 17619 11732 4994 17156 2773 14353 18434 11545 15389 15993 5581 3246 19790 14572 8860
355 3183 19891 12742 16589 5097 16018 3184 6012 6130 7185 17828 16255 14337 12251 7446 14139 11205 9383 10873 1826 5321 19594 15557 3710 9742
15304 16999 4593 2302 16240 11891 9809 10694 4205 4797 11208 18102 4694 3539 11183 18666 17985 19275 13153 15958 10085 1048 10049 19945 91 16470
16504 13076 10431 5739 18863 17219 9947 18231 14037 16664 7740 18675 4054 1203 13762 9178 16870 14816 17235 11541 15782 19193 15022 13847 12642 12309
11263 19818 10786 17760 10349 6785 8455 12393 11367 441 19680 14450 12283 16066 2834 18287 452 14256 6742 14332 15087 13653 8290 13505 13240 7918
6932 13124 6312 16782 18901 18937 3108 6285 15826 9893 18445 12540 14694 3499 3420 935 15983 14765 9753 18455 138 19772 3916 1872 4637 16355
17027 18904 16316 6998 11453 376 1690 6143 5490 11149 3138 19280 7770 2048 3450 3731 12704 16840 1675 15640 371 16221 13733 6051 11997 12127
8742 12696 7801 2518 5809 6931 18183 14623 763 8102 530 18517 8523 7940 16586 2504 5936 13330 5972 11255 473 281 17214 9896 5337 7521
1444 3668 10347 12045 15046 500 6388 12700 3091 112 5106 14887 4529 1025 10159 15247 4703 17812 12767 4238 6912 17175 13230 2568 13635 5552
8670 12048 16026 14970 18685 16827 1431 6794 4050 7772 11350 2664 1131 18836 12993 7548 10362 1970 957 1604 16194 10255 3590 3392 2101 113
2817 6058 6344 6568 10892 795 12740 13859 16765 2534 17801 15560 19324 343 6561 19559 16806 11247 5331 13991 15057 4373 11138 15107 509 1639
11488 9108 14540 10100 14801 6394 19583 19630 15200 16640 16843 1152 1129 3561 11165 7845 7547 14272 3884 13351 13042 7988 2242 5664 13615 16194
18069 8166 12698 143 2206 2215 5398 8454 13503 10987 18231 12119 15218 13821 2938 8310 9954 9943 13475 10210 16844 15372 8857 8545 17905 8143
6744 18296 19180 16900 18693 1994 16636 19029 12480 1731 3997 1643 12237 2549 12321 1354 2537 2701 15802 4972 7048 632 5561 6023 6355 9067
11210 12627 14930 7392 15068 9135 8177 1827 1060 19145 10574 3234 11733 5044 16698 6098 13031 7470 430 6389 6204 4233 8657 18474 379 3688
19953 9230 17339 10277 1231 6446 3489 4305 10785 9983 7867 18441 11456 1944 10543 3959 12210 4108 19827 13367 10950 2821 1382 16037 4432 9981
8109 3172 2619 12835 15556 15610 6476 7475 11531 15149 19730 14474 10326 4734 11691 17123 208 5268 19964 3752 4333 11926 9742 6717 13122 6094
16812 18458 11612 2609 9497 666 19226 11357 13516 612 13124 8778 11773 14375 18131 9679 8246 15773 9985 12842 6276 16511 13868 3999 4170 9171
7136 7228 11382 6067 7047 5922 681 19414 5931 18614 4781 9644 13557 4201 15558 8442 2482 17203 5917 3820 5909 6646 8611 6364 3253 6744
7896 13145 14636 6686 7769 10326 5441 4700 7896 4357 16249 3914 1618 3682 17204 18690 18478 18540 6161 18708 17102 6454 9959 15187 19481 4970
2862 3471 994 13712 1121 1108 1842 4556 10240 14925 8792 10082 17261 16673 17593 2901 17514 5085 625 794 15172 7526 11902 18358 18238 4082
14317 4974 13509 5075 16641 4964 15031 15387 6148 12111 5967 18571 13305 6114 4310 12094 9361 17370 15701 12598 5995 9956 2934 6510 12164 3069
15284 2123 8168 10278 18718 9144 12820 5413 4612 13533 8411 18905 2551 19148 2292 15845 3294 7440 19894 414 12375 3973 16135 19251 798 6292
16853 15438 5320 16719 18778 13392 18931 9785 10262 2027 15363 18630 11389 10177 17322 9474 3744 9789 7676 18867 19912 18208 14749 17940 17995 7169
8162 9401 10944 12178 19175 16914 19933 11568 6906 18765 16655 14493 3727 17742 13811 19864 2522 15058 1287 6078 18568 14993 17884 7976 7481 6117
4627 2232 17118 2490 12079 12677 13957 19468 7023 7883 13150 11758 19095 853 13558 15116 10468 2083 15754 16700 13490 5388 16909 11733 7036 19967
18064 2837 12167 335 7409 17483 9603 14029 2245 8566 3221 12305 12533 3652 6816 3730 8806 15358 4175 2391 9118 19458 3925 5575 5054 6625
7126 18462 5904 17396 14443 4280 14912 12134 19284 10457 18182 6102 1235 17544 8231 16742 12965 10862 8390 11182 14054 7622 6065 13230 13034 19136
17278 15531 2484 14828 12536 861 8732 9091 7507 16706 12917 1928 5493 6282 1194 2261 1473 2343 18618 17520 7314 3632 3362 11422 10843 14304
11342 3389 19765 12681 18212 12179 676 5157 8008 9219 18190 19957 12612 4828 10398 6661 16938 4993 19746 18190 18750 4595 10734 13936 10053 15009
16420 18515 15858 10783 19820 13632 2261 1215 10430 13230 2380 18804 14027 11906 11344 4211 7630 13813 13101 2 3070 8175 5259 18811 2847 14460
16719 17135 2008 9452 11331 13565 11794 10590 1754 18818 9814 7732 14409 11458 1036 14608 11710 13959 9056 7552 5125 9910 9782 18242 7134 12976
17639 6438 7182 4406 420 17564 16222 516 14904 10583 15345 2364 11728 5644 10548 5181 12375 3817 18321 19966 14988 1654 3068 19750 4355 19923
15166 2248 10871 18524 6490 19927 14502 2397 11984 7548 133 10922 4962 2043 19453 17078 11349 859 533 13796 10871 6784 7553 16246 5556 8827
16113 4461 2027 8304 10763 18323 8243 19901 2349 2131 5689 8271 10757 12214 17921 5219 400 12702 17373 8877 5538 1396 14937 4855 10265 11609
16490 9944 10922 5498 17573 10895 1935 18524 10526 17962 12926 18952 18762 9077 14707 5058 12341 19924 13513 18313 8879 5946 9198 1971 5079 8542
14659 14455 2002 16382 1224 5359 6734 14547 16659 10347 7908 10543 10788 11241 6652 1844 9940 2445 16589 18683 5887 3161 14187 7372 3592 7798
1013 9786 13178 183 16686 4308 13436 16426 972 248 15952 8956 4674 15473 13844 3082 11970 18981 8005 17959 24 10886 1890 639 13214 14890
4289 9536 13895 1056 10536 9741 5731 18525 12261 3867 6663 684 15242 3285 14960 138 7218 8555 17819 13800 8244 1975 9825 7115 14324 7105
11866 319 9641 15953 18751 7065 8763 19727 2341 11567 16821 12174 11768 13261 13886 4587 7531 2856 15163 576 11606 9324 14001 9500 6730 9291
19658 13216 7795 14685 13128 4894 3299 12786 4734 3406 1178 14095 9485 16499 16313 293 7061 6499 11617 15817 2784 162 11357 3605 8653 18398
14368 1679 10075 16059 3197 16823 11970 955 7472 12249 732 11570 7595 9487 8203 19722 12746 17363 10963 6579 18589 14380 12219 16155 16483 9436
12358 8402 321 10993 17842 18645 10308 19448 18765 4719 10478 10316 16618 2675 10971 10223 11595 9194 9445 9599 8283 11155 3952 16790 16609 10681
18338 6420 7051 15281 11692 3458 1856 12467 850 16101 15994 10536 18266 16100 17743 2713 12400 17749 7762 4127 17272 4194 18703 3593 4114 17712
8712 37 6152 36 9920 14446 15684 11320 19518 108 14447 5137 3896 5976 14724 11876 9800 3393 4188 4634 1750 19393 9651 7387 15670 425
2494 612 16556 19602 1329 3176 291 6995 11212 15590 4547 16916 15662 17424 7097 17803 9111 8791 13727 15250 5671 3392 17591 19566 10384 156
13304 47 17569 2280 5950 1839 3973 16545 1606 19843 11612 12381 13399 18560 281 7300 2145 3660 10513 6715 14347 12514 2194 8633 12625 10102
13139 12820 16317 948 12796 11601 70 16473 10028 13286 14104 3148 13047 17179 8362 9359 18887 5685 19971 17952 13483 161 17263 12840 7864 913
16969 4317 2256 9692 11432 16309 8748 9448 394 10408 9307 18271 1948 8300 2703 6703 11395 5059 13927 950 12903 14803 4359 13005 750 7500
4803 12806 11197 16250 12615 16916 9911 11690 9385 17930 7336 6950 6336 3337 16485 2017 11901 5459 7694 12614 9734 7500 175 9407 18408 16131
17302 5214 15026 4566 17842 219 6157 16667 134 11049 15874 9495 11806 11046 4720 16614 8608 512 6890 12242 7470 13281 9603 17616 12291 17730
4886 8239 3878 12694 10125 10802 4496 12621 19931 13769 16896 10207 13702 19481 16643 6652 16116 17957 16654 16011 8676 16608 4601 7144 7664 17979
2678 5168 9874 9167 8141 8551 3184 5540 11044 16986 798 10688 2605 13807 10772 11208 15463 7343 5556 15839 8593 18631 17067 5878 5004 4634
18012 2444 15842 18862 11411 10266 13630 7447 5800 18608 3793 19526 5152 2861 4597 7945 6915 7448 5571 8311 10035 4016 13552 7362 6287 3705
15777 2152 15454 4855 16259 10323 18800 156 7325 404 8914 10945 7114 12593 3714 17393 1435 16992 16971 16506 5035 704 7361 1882 4414 13578
3370 9011 9036 8916 2463 1068 6003 16832 9129 3998 12267 11206 375 11934 3183 5868 11896 14240 6215 5076 9588 2385 18618 12559 969 10539
17377 4966 9324 3562 6015 13236 7358 843 908 9251 15738 7638 7888 6309 7085 16098 19682 17725 7824 6740 12971 3638 5082 13679 14747 9221
2583 18724 11393 8964 6479 13398 778 12549 5520 11739 7269 10691 10890 9190 8273 4362 4522 19114 13269 6197 36 8616 2449 16917 17339 9699
19656 6383 7113 13766 16931 1866 1997 11595 6640 17536 14298 14980 15407 19253 8949 11473 15093 4417 9243 7555 13902 13389 9334 7189 18078 969
16282 17512 753 17777 8555 19703 18206 6998 7683 7267 14834 1316 16106 17853 9953 17057 16938 2825 17896 12485 2132 3630 16515 19113 1671 12906
18557 8892 2906 9856 17401 1918 5801 414 11528 14776 7046 18938 345 10938 1368 15111 11241 2122 11434 19078 13228 2520 5703 8936 4294 6084
9869 5071 6929 3372 18949 13279 14273 11370 13080 4719 8701 14638 7250 5780 13453 14590 594 538 13751 2716 5631 258 11265 13146 5286 463
7667 16333 2081 10369 7432 14694 11180 16641 3547 18182 14197 11597 19733 4458 9947 4481 10006 8317 16530 5329 12029 13749 11730 8611 17098 6316
8673 12232 1352 71 6619 3488 18073 2437 7805 627 12966 5922 12505 15952 13553 4452 9302 15365 2156 19681 12442 7941 19121 13467 14865 3445
656 145 3934 2344 12120 14781 16848 9807 9142 1225 2316 8311 7679 15071 12327 952 7152 1869 4265 11953 15012 18675 5674 5305 1108 2536
3557 7003 9962 12763 8407 3091 8174 11415 1585 7122 7825 18518 2657 10602 18438 2795 11509 350 8869 546 5790 1209 1844 3368 14489 12166
11541 980 11717 5492 12224 13891 15062 17436 13137 13983 14763 12245 17821 2827 2481 8130 13793 3105 5543 4768 12997 2527 10168 13738 9757 19574
2967 5442 15788 19617 16190 10470 7275 13179 6213 4621 1830 2877 15438 4711 3669 12306 7524 1586 6519 11911 15682 1442 8529 18434 9215 16664
19 5053 848 6926 5997 11200 11109 18145 16318 17834 337 13475 18038 10773 11875 12025 16163 1715 2414 17217 12102 394 186 8301 4356 15776
6472 4819 15444 17998 12042 10322 5328 12645 16912 14124 16109 8395 13438 5653 2351 15389 9422 896 15347 8510 15934 9612 4064 18155 1175 9384
15473 12337 13866 10371 5525 2451 3263 10732 4187 18839 6684 6997 19452 1394 15064 16799 7226 5082 4682 9449 6877 17395 10560 806 14413 3554
442 17326 10049 11708 8095 19501 9287 15794 19676 9937 9489 19409 16790 3746 15534 18829 1607 13318 18354 4645 17875 6449 379 1001 6427 18523
13779 12693 2481 19241 13015 7635 1674 355 4349 7944 12774 7585 10879 3184 6654 12951 14256 9208 5457 16678 8603 10511 721 4551 6569 4657
11230 13953 13221 6148 10641 7829 7915 2601 1034 17271 999 16742 17411 15901 19920 109 8325 9224 18690 6590 12873 1151 6815 8079 5918 15023
18883 15506 14029 19823 19639 18529 3763 6129 19312 8794 9696 8106 10128 2110 18791 3183 11435 6660 6325 2794 8573 16260 19015 8156 9753 12235
6349 2870 13670 2894 1990 3382 18676 12756 307 1376 10238 10457 8245 9994 12319 16786 18292 6254 16640 16250 15958 15441 6602 3595 7061 4409
15174 6343 11149 13859 12771 430 19041 18861 7843 16139 6634 19780 6937 1912 15968 1131 7905 1314 1566 17045 7371 12865 8913 6916 3170 4838
8450 6178 9593 1982 18885 17267 2539 16228 11460 19507 2701 18081 18324 18949 9667 16064 3223 354 17146 2003 17317 17762 2964 9916 15844 572
15793 7805 10195 9398 15317 5886 19829 7068 18046 502 13240 4840 17893 9967 5814 10995 440 13339 10778 2903 2939 19569 19232 18563 3802 6511
18600 13419 13920 19695 590 3753 15479 7255 5720 9491 19425 4949 1303 16706 17921 7824 2338 6607 16333 18793 15208 3393 4140 15396 1600 19380
7658 8532 13936 18199 1904 1500 19783 16938 42 2694 19447 555 5003 7022 368 17768 13263 18958 795 7444 10018 582 10923 1640 7561 15491
8788 13698 10729 4616 8000 19861 11088 18373 19085 5296 18488 5948 5075 1037 9000 13498 11582 15051 5741 8538 12444 12166 16687 178 18808 18905
10783 18957 6791 13904 6891 19904 7853 8795 355 10486 3612 7179 12775 4958 454 937 9439 9863 5445 15563 37 2623 3194 3539 5303 16383
9418 6409 1037 4059 16320 6431 10979 1913 19141 13859 6955 5555 18484 9574 11536 314 19245 16902 18889 18237 10071 14307 13431 9563 16626 19765
9314 14195 2995 5731 15572 16768 1322 9513 17196 14957 6746 17124 15236 19188 11016 10620 6590 3715 14666 3050 10876 6550 18678 19463 10803 9999
16421 7193 10138 214 9802 3854 13943 5064 16500 5881 19779 12829 414 6097 17786 14818 5082 15692 18845 11795 1494 9247 10573 7710 13938 15341
16025 10954 17285 8418 5430 1305 3182 10471 13087 16581 18609 13850 16276 15833 18101 17205 8735 15759 14183 3242 911 9435 3667 8367 8211 11457
5643 18255 695 5848 19148 4094 8035 10616 6456 4994 6996 7726 1986 14396 14852 12526 14620 6992 14255 11605 4799 13119 18533 17775 19826 9549
154 19228 7145 19360 2085 318 13665 3531 17818 18949 10915 900 202 15849 2456 19305 2134 15648 15678 14340 363 5105 7759 7972 18724 1070
15548 2134 16640 6396 2346 8220 4324 13489 1895 6606 11061 4794 8146 1513 8351 5001 11326 13307 4757 9254 17237 4360 19026 752 606 2801
13724 11638 17569 8372 2266 3795 2399 18621 13484 14839 3343 4281 19447 9947 10180 4614 4425 3038 2120 17052 19900 19949 10056 3159 6171 10866
1940 1643 3967 17538 7520 11689 17841 19444 1787 13677 8644 15521 7020 16745 10024 13934 7354 5157 12591 5020 15165 6147 12220 8087 339 1633
13704 13970 8254 10696 17088 492 12315 18508 5391 6881 15959 11568 2338 18616 2573 18661 19117 12723 14636 10915 19396 8767 12309 3222 14184 9556
4094 12132 6907 12150 16503 17134 9890 18257 8976 16808 15082 78 19616 80 12492 2515 5679 2222 14028 13165 15998 7289 3512 6576 3080 14788
6183 16994 11619 14867 8070 16191 12096 5519 12539 10643 15388 10253 7861 9047 2753 3322 9356 6432 11938 5832 7744 4411 18859 8241 14908 2155
16036 14827 14403 11510 998 17901 10675 11569 11966 10861 14700 1646 14292 7108 19378 6710 5533 13994 541 10665 9563 19355 18225 1078 3773 6872
6062 1049 16368 17515 18009 11469 14065 458 8457 7100 11768 5404 7397 3398 16837 17877 12596 12861 9809 12982 14609 17407 14093 15752 9566 19531
7708 4886 6425 14407 17945 5160 17416 4251 3367 14172 10605 3787 9971 10111 16726 228 7368 8040 12953 2248 2537 2566 17560 17977 1358 6675
5545 3625 8233 16162 819 17104 19192 13877 12716 965 8344 17211 6659 18889 14175 3067 14948 10077 7080 4378 18317 10449 10547 1578 684 10890
15119 11585 535 7179 8581 3708 977 10402 15338 8380 18266 11018 13965 4464 8981 7272 319 3387 18689 10749 7862 13740 14236 611 7463 14133
13615 14919 307 19615 13404 18406 9384 7584 13139 3246 16052 760 546 9749 17195 9923 5216 10098 6892 19499 3053 5147 9275 11394 4261 8996
18857 8545 18453 17800 4004 5695 8934 3148 14491 14973 12266 849 14785 3349 13251 8208 17256 16441 7252 6366 4436 9818 14086 7022 11778 19375
1218 11308 16349 17610 8257 1011 6254 1197 1223 7046 5228 9336 5977 592 11385 19617 7447 9486 12688 6457 8350 9717 11601 17183 10627 19297
1516 15905 4165 3431 1979 8173 3686 14914 19526 23 19870 19763 948 13262 19016 2473 18672 18499 12 13564 6755 17985 8785 6293 10020 2742
14208 10788 4749 3137 3745 9296 17377 14445 2528 4121 12073 9977 7794 15353 2632 9652 6870 12654 4079 19647 1118 13835 9601 14843 5909 18017
529 19058 7623 11570 1880 12035 13549 14339 16148 3217 12345 3723 9858 16722 18729 15022 19512 3130 8447 4699 19856 3454 5642 10229 3387 12876
7459 17213 16415 11613 1476 7147 6186 17447 12331 3074 8935 19336 4232 2829 1622 3002 19828 13859 6573 18086 3805 17427 15199 2370 14278 2080
13147 7502 418 18240 9340 19506 3893 3013 9967 8219 19797 19940 7989 9812 18429 14505 4744 7199 9083 18203 19127 7868 7244 19506 15882 1447
16528 19813 3150 6560 6495 5142 9959 28 17075 1916 50 16905 5091 663 8136 10765 4931 516 19298 19800 18744 19665 13139 8915 11323 7071
11 12852 7520 18187 17219 4486 8819 8 14517 8188 1712 6121 13505 266 1034 5909 3571 10957 2527 18042 9052 5156 3872 15007 11669 5721
13516 11610 9176 12917 4169 781 6393 17900 6284 13982 4848 12902 7568 2053 19187 13102 5012 8260 4586 12650 9698 14274 12209 19672 11389 19285
16787 12418 1660 19748 16025 8992 11608 10463 7971 2634 10075 15798 7290 2861 12809 14083 1700 1488 9699 17270 8291 878 7599 8972 2332 16343
566 423 15626 1593 10633 15968 19757 1851 18853 5773 6282 13602 13760 17784 2000 7950 17769 15539 7294 9333 14640 1676 13769 19378 7123 15929
14827 17023 18959 3546 16697 3881 18252 11530 16428 13504 18450 5159 10849 14002 16283 19520 8755 12011 14852 7984 540 5440 1574 6619 13762 9095
14685 2223 1894 19034 9528 5816 9864 6163 3364 8479 10855 18529 11455 10976 6054 1872 2369 5678 7497 17196 14863 3782 5007 6699 12160 9970
2469 11881 6783 1907 14672 12411 15343 14831 3305 16210 9112 13357 9732 16454 16426 454 802 15887 15733 5420 560 13170 15967 11333 4819 15560
2771 67 6198 14713 10046 1873 15849 8341 14788 4518 1103 11922 12773 15981 14409 239 11134 3572 834 8006 31 1453 15740 13938 6666 11537
18204 9299 6732 6210 16655 13922 14468 1648 12180 1711 9931 14323 4391 8974 14405 4401 7991 11518 15061 3466 245 3067 9440 9369 517 12561
6995 8605 7483 4429 5021 10254 15882 2278 6732 4524 15052 3531 655 7823 17806 11393 12222 16841 7220 4516 9396 12406 4993 684 16185 3055
18548 18378 14031 7626 3951 15043 167 14458 15953 4182 16796 634 4521 18188 16376 12564 14410 14522 3691 5978 2469 11125 1492 9719 8432 1666
9281 5432 18159 14719 7967 16727 12737 3189 15399 10999 10505 591 3961 773 3566 19878 12838 5083 2017 6193 17105 4790 3343 5344 12576 17099
8311 515 7786 9961 3515 16589 17384 17192 8716 1024 9404 9615 5911 19271 13869 12193 19461 11708 4713 2521 16591 399 11357 6911 17642 10675
16059 11251 19741 17404 5566 18245 15129 2041 17026 1280 11961 16053 1332 5437 5066 14578 13898 12430 13943 4233 3386 442 14167 5784 12018 2944
18193 1280 5434 3404 14137 7807 17580 12029 3204 6767 13063 19036 3711 931 3675 14718 10115 5555 18614 12214 10631 7936 11195 7482 15837 1241
7393 12034 9756 2898 13361 8886 2162 4191 2137 719 19795 8253 4979 304 16182 9626 19667 18135 9674 3312 9085 6118 7946 18352 9219 4610
19889 14257 15160 1353 18412 4945 11291 8835 5653 5542 627 4537 10387 12913 9639 403 6450 6939 10510 13275 8823 16751 1839 13079 10602 17276
13794 1657 11371 11049 17107 14122 9172 17261 13546 19390 16784 14761 16673 12918 13445 12335 8556 18674 3752 5789 7260 8983 1268 2506 16538 11844
8732 7915 9109 3217 17851 12248 13537 8863 11540 7568 9680 206 13217 3892 16 11862 4083 3291 18504 9083 6391 9784 12896 15439 11058 18000
3486 16444 12528 13572 2922 960 19285 13906 8224 15104 8256 16122 5577 1488 13874 3947 1189 16489 6710 7145 1528 7006 11552 6880 14681 16546
5534 7024 9151 955 668 9799 2269 6357 14584 16001 16093 6901 490 14262 17477 6446 17069 12541 5383 17654 8531 10723 15280 840 14123 895
8589 16157 10193 19750 2572 3305 1503 16213 15509 8154 9990 17876 7226 13659 1648 2906 5526 4420 10125 17454 12384 16786 6377 2056 8943 7091
4460 16102 15935 9761 8942 2225 15688 12739 11261 11895 4882 13663 19060 15661 13386 11611 2458 15525 17625 9293 247 15339 18216 12676 13873 1965
11579 1413 10520 18111 9181 15676 13882 8683 7380 2686 3654 12689 11621 2159 18830 11966 18785 10804 17356 8289 11345 15637 18032 12591 19926 18116
5113 9587 124 12803 11724 1176 13355 5068 3001 6518 8792 15734 4398 8456 11337 8643 19715 19564 14641 1769 2628 19165 19531 9347 16160 2867
8000 16216 14408 1131 10872 10240 7808 5369 5460 15440 18047 6955 6927 2776 11796 12655 7169 19656 19252 14200 15760 4300 13250 16991 11018 9134
17716 19523 5455 14965 14240 635 14084 11982 2099 13987 3052 4780 11567 17304 3271 18608 183 2118 19277 7242 15855 16227 4449 4388 16917 7054
11280 11919 6403 6263 16966 16489 9827 14314 6794 11454 13943 2401 1510 3833 984 876 18414 15091 19146 16182 6861 17448 2541 780 13238 649
13970 3352 10788 19197 16020 818 18317 2195 13973 9404 461 2900 8812 8186 16409 5162 17126 18196 18468 2437 1287 8332 7705 8696 3729 14275
13641 12577 5743 10528 6856 11945 19087 12147 9325 551 7197 11610 17495 2298 17303 19446 5504 1270 15139 15582 5702 13490 8416 8221 8829 16975
10997 13803 9782 19725 13004 2378 15210 1118 6366 4797 5413 5288 6386 3369 14786 1987 19573 9457 4788 5112 18301 16375 6438 15973 9741 6201
727 15031 8277 13395 6809 14857 80 19537 428 19323 6664 19633 19952 12262 4693 17072 10027 15239 2639 350 3302 1613 3890 12104 18754 14514
1389 19093 2906 2066 13885 9839 146 8087 17368 16198 8931 4340 10642 9605 11042 15504 18800 9215 15324 10024 8817 18207 18210 14578 6819 1928
2893 1216 12353 15988 5819 645 2330 18075 3462 12207 4433 10606 18965 358 10665 6469 7888 4546 17607 2812 18978 9092 8185 2185 13485 5436
8762 3781 15282 9992 2082 9121 7168 8877 8498 6833 13601 7864 7964 10502 18898 4259 9193 474 2212 5771 12771 5013 15340 4939 9631 415
19942 14223 12176 14453 3089 13738 14898 18031 9773 19079 7673 6869 5278 19074 11262 17451 15808 15888 17474 13950 6889 7304 674 8316 15802 4283
13043 9244 10286 14800 11046 17499 10083 8444 5482 9413 8290 5537 19824 7034 4714 14631 15565 2000 19532 13729 11564 1812 12639 61 18857 3193
18876 14879 1366 11825 7895 5619 10873 142 9620 6399 16188 5257 16621 7952 7612 2811 560 12916 5302 1679 13446 8618 7122 2409 8958 10859
19009 1074 13368 12083 5956 2654 18832 16130 11891 540 11177 4111 12689 13139 2194 15567 16805 13545 13209 16158 5690 19116 1879 10072 16282 4709
18110 15147 13454 8986 8451 10849 16851 3250 18941 4818 2727 16343 15043 1115 1126 3380 3507 6217 7084 144 5283 10976 10414 10595 17661 12126
18032 19697 8296 15459 16343 14257 15100 18775 735 4611 9471 17680 2552 8867 745 18522 6273 339 19050 18977 10185 72 7023 16428 19169 12375
1812 6048 7336 13668 2692 18109 11573 2176 19644 2198 5078 2653 56 12279 15700 13681 10375 18572 3794 951 13899 1799 959 14288 5530 11913
5696 10162 1397 7524 19261 6344 18403 14409 17371 5023 11934 7688 4269 10609 2068 11993 5441 15357 13829 10869 7014 646 17809 1048 9606 4903
1049 5325 10492 13272 10451 19666 17093 4716 8790 13960 4181 6432 430 4217 18596 17013 13557 18147 12841 1981 6161 2864 9218 6324 19688 14175
2779 361 16010 8596 8454 12366 3549 11642 2186 10575 7720 7956 3393 15670 14859 19940 279 12219 10559 14494 18647 9681 15460 9113 1304 19712
7645 16699 9357 18122 7984 16645 19140 11791 11562 9113 115 13223 13973 127 2595 15313 9667 17493 5966 4714 5187 14040 4093 5386 15527 3260
10059 18661 14332 9786 19268 6967 8518 7193 10859 5368 6777 3588 19275 1309 11197 18438 13739 9247 9560 6324 15377 9423 9232 10763 4899 8912
10681 15697 13668 17470 15094 12224 11434 8307 6497 8703 12738 10607 14868 6069 2794 9874 10088 9488 2903 13882 4932 18396 5498 106 12008 16666
8474 9277 9641 9853 17544 7301 12933 16503 3159 8935 1722 3117 13967 18445 3406 6695 5322 3806 2821 3924 7427 14884 17549 626 19484 7174
10589 1117 9798 16932 15006 16276 734 4587 2360 7690 19495 1774 751 5202 3247 2605 7373 11508 16287 12600 1682 2996 589 1961 14528 14831
8172 11663 14644 16941 11450 3857 12858 5560 12879 2638 8801 5697 19296 19658 16250 17824 18164 9283 6330 923 10118 14763 17398 7603 16781 18600
11704 1868 9091 3919 2004 15463 16299 11497 14334 19942 7678 4538 15784 1512 13830 530 2999 2758 6177 19782 9941 14803 1155 15374 6105 9618
16772 14730 13733 8548 4297 9083 14142 17112 7302 868 9976 5206 2659 770 14247 17942 7539 7247 18371 16055 12839 1292 4296 4338 11959 14531
13305 13657 5545 607 1628 18881 14766 14616 15517 17839 11147 5254 18525 3006 17721 8621 13074 546 15078 7037 7616 6017 15165 10016 9200 908
6071 11046 7011 14984 9926 12495 13250 1079 2221 422 13959 16744 10653 19253 10170 18736 13083 2802 10132 3965 17167 18647 17399 16312 2232 10307
7301 9505 15249 6400 15950 12436 17433 7194 11269 911 1593 3203 18581 13122 15183 17773 13191 15299 14298 10317 12627 994 6551 10543 1913 9550
2369 6251 1966 13802 10247 12379 10979 6553 206 11157 2223 15292 15875 1724 9839 17418 19847 14779 4232 18449 15186 46 18788 3664 124 3419
10337 4504 4936 19206 19001 1251 2501 9574 19738 17568 6136 1404 14816 12424 9713 3054 18058 18260 15278 4005 6113 6217 13201 10377 2855 1565
18718 1298 9179 148 8250 11315 4421 14572 5084 9415 9335 17354 395 18916 14466 8625 3299 16098 6215 14982 13378 11131 1617 13234 8117 14084
18164 16313 9520 4510 9150 14890 3626 6843 5595 16892 17370 8316 2784 16526 17301 14103 4198 17831 13752 14879 10942 7922 14057 9882 5243 15725
15745 3379 8680 2060 15805 9935 5441 16502 5699 17211 15535 17094 12266 3575 6702 9841 8385 1231 6547 13449 3139 13290 14484 5468 930 13335
17888 1954 12659 241 12622 1463 3160 15204 13151 3172 16998 7604 9742 6068 1544 5899 17601 11287 14606 8308 3504 9311 15703 11124 8738 15384
4463 6800 1895 13864 16466 9851 16032 16758 14566 17629 9467 16646 8997 17502 17146 6278 10536 7948 13360 9360 4354 10881 12390 2709 15406 11978
4729 10568 3169 4729 4850 246 8216 1133 11831 11188 9571 7157 10663 2665 9899 355 8273 4709 1730 16996 4236 6402 4679 6007 10213 4863
10484 16729 7680 7110 5408 14726 3857 9956 14856 874 13045 19360 13733 4677 6987 15241 2911 14930 17320 9762 16319 13635 16703 3231 12075 10782
3677 15218 4052 1224 7258 5221 17964 12368 18966 639 4135 3745 6458 12579 6967 4228 3379 11945 2342 31 1095 6891 4666 3245 11422 10263
17902 16589 19909 14376 15866 2331 5569 16583 9778 1119 5749 3379 2173 16795 13957 19178 4130 5242 5235 14633 11622 18793 19679 6269 15332 9128
7842 3817 13290 17154 17548 12528 1421 18351 7043 3432 12577 779 13529 3327 18805 13388 10140 9524 7797 9358 3821 11990 17567 8270 2110 7120
17460 11575 7496 17432 7930 666 1356 16841 2423 9972 6046 9963 18058 9580 14755 704 4826 11865 19476 5036 15154 14418 16707 12889 17172 19087
7604 10598 6856 17760 19269 7423 7628 8655 10567 15871 2799 17145 10480 12847 6320 16087 2172 8390 775 12929 6923 14287 10634 2203 13488 4564
13030 1071 15716 10903 969 14362 6606 4950 7026 18120 18513 10765 7308 18884 17535 3180 10500 17699 13221 4348 14469 6814 15695 10466 6498 8267
1457 18061 19209 14607 11301 6885 4775 221 12988 8974 11803 8218 15660 18749 688 9134 7613 4152 14209 7583 13284 15908 16950 16295 457 2267
17569 446 7629 7109 4915 6167 16115 12028 1920 4060 3739 5241 7921 14819 19822 13229 12048 4699 1195 6296 14113 1729 7652 17671 7110 14342
13315 17586 1381 9796 8793 18092 8022 18524 16206 4182 19470 6409 19254 13429 5697 8918 8020 16251 19399 10347 4986 12082 19675 8786 15531 4814
14113 13441 16386 11189 8269 14830 11057 4800 19757 5558 659 15269 11128 16222 1923 190 12572 2221 18498 16458 12180 822 8943 16355 3005 6268
11934 74 17455 8581 9846 1151 3761 18943 3912 16336 5123 11831 5094 7043 2976 4977 3969 765 9737 13040 12752 13010 16990 7072 18146 13510
6730 15489 16268 1691 1116 10490 11094 15729 4822 491 13248 16998 10179 17401 12706 1265 4987 3914 16457 2025 3875 6693 13533 6568 3759 6173
12388 6726 11126 12362 12536 14815 6015 13267 18700 4011 15357 849 5848 12128 10966 9065 18997 2766 12210 12746 7222 7189 11674 4518 17606 16827
4582 10025 4209 12085 9716 6472 16072 466 1823 10408 14944 16060 1425 18464 4922 4223 17593 5686 13339 2999 16281 8678 4796 13681 15411 9991
6894 10225 4185 7825 3488 100 10565 5082 6033 18809 13483 7289 19402 9200 15086 14560 15630 14751 10418 17887 3867 14062 14117 745 5096 617
65 4324 17693 12965 479 9667 1354 17423 18648 5010 12668 1248 18999 19728 17074 5749 17802 1838 4098 1570 4310 7461 1517 10783 10462 15420
5619 13873 10503 15361 13391 16015 13537 12378 8306 9961 15463 11945 12301 6077 6044 7330 15756 2167 14549 4889 8692 1131 3511 17630 13092 18734
2628 17028 6988 9094 11351 19410 13628 3720 16863 260 2697 4534 1656 6934 19354 3381 7424 15312 11493 8684 10491 14974 19506 17561 13110 15177
9412 8348 16820 1089 8291 18589 972 757 276 14278 192 3036 6226 8322 10900 17239 3440 14407 6616 8470 9010 18559 4481 18290 2929 14709
15635 8276 15746 6906 13354 19431 8506 19600 9249 6846 11247 13793 7964 4499 10592 19772 11281 1505 8738 14068 4475 3948 18912 3287 667 13350
6840 11944 19567 7400 14765 1538 13199 8744 13671 18684 14173 9060 846 7983 12736 14138 6429 7159 9645 10746 19130 7274 18912 5529 5819 18042
19055 6161 14317 5288 15754 4587 605 5396 16696 7813 12542 2536 11999 10157 16934 11697 15394 16595 9488 14439 12123 2336 14320 16088 7110 10515
16233 17674 7684 5842 16554 12759 966 4406 12839 17710 19933 19184 15376 13793 19982 2803 11859 365 15470 17458 839 3856 12872 10674 5683 6147
13062 17309 9640 3158 19431 1867 6252 10697 9304 8861 11239 4271 15908 9713 9818 19028 3748 8755 7745 18751 6855 2876 4219 7652 12500 12533
15689 17411 12989 11911 426 15864 2710 4209 15202 17955 12422 5349 5450 17332 18833 12618 10735 14367 2453 1641 12365 15666 10056 6417 2188 4135
9011 17801 13649 4386 5116 2133 11191 13343 8026 7455 7361 13873 19167 12706 7466 7105 6669 140 17568 15232 15579 3351 10813 8826 7249 17958
1721 7218 18315 13420 15804 11544 2899 2371 7402 4162 11895 17695 6036 19032 4580 14835 6242 9674 19582 2503 10691 8431 18680 13498 4102 4297
1976 6323 16817 11805 964 19001 1622 15201 113 19131 6239 10556 15929 11468 2627 9125 16451 319 10372 18178 18687 8457 5528 1625 3559 18938
14098 13728 19811 13899 292 300 8640 19492 13778 18347 85 2128 19083 4888 7273 13226 2936 5944 49 7977 13191 8279 17046 5781 12571 16132
1882 13714 15952 19695 2473 10928 4107 9217 4706 4904 13853 9911 15507 17588 15991 2157 11728 11051 7524 14016 14906 13017 5707 6517 7997 8136
12701 1483 16544 10874 6099 6135 13370 2811 3274 6661 298 476 8563 17018 3981 5798 15497 506 13822 3550 9285 19974 9461 6030 3018 8335
19575 12133 6157 10257 4125 13293 5677 18115 8633 9219 1016 11068 10461 4639 6953 8547 13275 6331 8380 4972 4597 13323 4486 11743 3412 16521
13683 13422 12698 3283 2586 8011 7124 16021 1802 1339 12815 10537 17902 2763 13698 19489 3149 16087 6403 3506 16819 11585 19404 17430 6237 6919
11708 1980 1294 606 8490 12432 18657 40 6174 7698 9413 5909 838 19226 1025 3612 15122 9528 9974 2255 6946 546 7408 5082 2090 18601
17947 1707 4846 17107 5748 7857 8162 2387 6339 19115 9444 19103 19570 6881 13127 18246 11364 2744 505 5003 4292 2904 8261 834 10037 624
4579 5239 12928 14330 1095 17018 6997 9718 11915 5315 2302 7623 1369 18653 6984 4245 910 8771 13818 18178 6004 13885 15671 14598 16847 18721
8812 11082 11659 11254 16956 1248 2590 5397 9341 11945 12912 5631 12300 14617 15750 6677 2869 19349 14268 352 17669 11990 7053 3185 6283 12403
17527 10918 4290 6865 1035 14200 19334 7060 6093 5430 15053 11655 4500 7903 8608 14780 13582 67 14315 6850 5625 1768 7563 14455 11064 5388
835 8981 4545 1536 9184 2802 565 280 16603 1217 10593 19816 12704 13010 9589 3523 1959 3098 1102 16623 13283 5144 14423 11928 7737 2198
18014 6569 15402 11995 8103 3763 6536 18844 17118 13387 419 7300 4986 1702 5685 3220 2284 10704 1441 1962 761 11458 13109 3365 16795 2900
9707 14824 3338 18231 14381 4375 494 14600 7717 4128 7464 8373 13409 14107 10756 10859 12153 604 8353 967 12468 14432 8410 8016 3411 7958
14791 19692 9090 4129 3022 3576 1984 15464 5823 15337 17619 4366 13149 14303 1463 15930 5401 6814 5884 15343 7820 10151 18257 15417 1110 11150
17579 3769 13344 8168 5382 13742 19658 97 1965 948 10868 4674 2817 949 5268 2673 8593 10367 12465 8363 7981 9077 3705 18155 5467 4676
15692 6641 5376 14517 3310 17424 15119 3942 255 13553 2473 15372 13439 1265 16985 13112 17678 3822 13572 14480 5962 17352 15340 8402 12617 4943
1623 11228 19458 12804 17321 19518 16066 13495 11658 12871 10468 19294 3492 15868 16675 4074 1624 8259 18580 2112 1815 12339 15132 5364 4779 16999
19470 16922 19194 15643 6498 2766 5151 13802 5800 6793 7211 4239 17282 19195 14808 7194 5823 1159 12684 2718 4081 14261 7572 16001 15091 6672
3584 17806 793 10356 948 15996 7407 4141 12410 6124 16083 11265 15940 5395 1744 7333 19625 18063 11190 7256 6963 5784 5417 19452 7012 13446
9252 2649 1943 13400 11075 5375 19639 10851 11146 1393 13720 9825 15406 19982 3334 3561 4328 13050 10228 6382 2171 13305 4461 1910 10054 3883
3650 115 7769 3679 12162 44 15515 7780 4280 13328 6836 9716 14305 18708 15708 15979 6682 3052 12260 5657 4169 660 7448 9259 15701 12057
14224 2052 3677 6049 3022 15140 17943 2039 13075 18276 4866 19868 5223 11610 19614 1655 15934 2010 1675 19749 17866 6556 19729 12000 10894 1248
11965 12492 3967 6792 16095 12154 4203 1013 19541 8818 18176 18682 3737 18620 3454 12933 2816 10060 9160 13081 15008 8077 10939 10313 5994 17834
16029 1240 1928 11709 12510 15696 16399 17028 5812 9164 11823 9444 359 15010 6998 1775 7971 9305 5767 17910 11907 17856 18916 6385 17882 539
10431 8747 17329 19214 17923 3758 1746 7124 19308 9399 3436 11199 15633 6431 3840 716 8220 3088 11351 5097 720 3063 11325 12145 4734 4501
2726 12228 11938 17951 12549 16431 6831 16159 6366 9076 6315 18861 4124 18137 13044 1658 3621 10136 3077 668 18929 13069 1177 15487 1922 5271
5004 17697 17880 8222 11763 15088 8491 13688 18207 9031 18064 8819 17931 3698 5450 18744 16206 16432 3089 518 19227 10250 14028 15232 17682 19274
6236 4724 11323 1900 11463 7848 11165 7145 12237 18767 6405 18581 16063 15812 5691 60 10054 860 3970 11364 13025 15848 4743 7562 12531 3924
19654 12378 12802 3213 7462 7722 12463 11724 17115 2391 17455 16889 19811 14368 1075 14865 14289 3296 9322 9565 1483 13717 2427 16579 19218 14874
6930 3147 18732 12784 7034 15693 18283 12186 17982 6198 12696 16616 7685 17846 14124 19308 13054 3015 16589 13331 7640 15149 16602 6745 15295 2339
12143 11680 18981 9447 19217 2300 3049 18692 8327 1307 17588 4958 977 15986 16898 11521 18368 19119 1493 9147 10372 1556 19509 15378 11677 7663
2548 18469 7035 12168 17997 2147 6963 3782 586 18785 5652 11250 7151 4812 7251 6480 7373 4603 12628 15783 3058 19324 777 17415 11320 8960
1904 74 19027 3688 19834 9485 10396 673 17407 3997 3944 13030 7378 1509 19892 17640 1856 7448 15613 16221 10560 11726 11779 18599 18539 3803
7082 19325 4156 5150 360 14129 7412 10053 10381 2415 3443 4765 1220 15348 19518 7721 18746 663 11348 4568 3269 17300 19683 6566 9204 10035
17273 11569 16091 11278 13582 17259 939 16714 5136 13029 1769 6219 14763 191 4557 18198 829 18517 1313 17165 2799 12142 636 12182 8116 6396
14895 3305 10019 2791 11856 11073 11477 5044 12038 9157 2067 11912 8374 8126 18600 11818 7859 15287 14790 9314 7056 14557 12125 5562 15357 494
10229 18366 18959 11404 14711 12950 11699 14359 5281 8270 10341 16750 18548 19210 18200 5217 13008 16258 17279 17063 8693 7875 3009 10454 4551 17314
14143 1520 16015 19077 9957 1114 11501 13362 16775 18417 1605 14602 6938 11839 4723 17816 17122 16161 19679 7389 12277 8634 9428 18380 1561 6667
17745 30 8720 18472 6439 14721 5926 10629 3025 11332 18283 14650 7786 17728 8292 8509 10858 3552 4226 10464 19512 423 9625 5276 17179 2826
5529 17244 5291 5733 14988 10594 16695 7109 12964 10670 10477 7293 10351 4782 8288 10984 17394 1821 5557 7244 9261 8294 8747 4342 14763 2245
3347 16454 2897 13060 12479 12898 66 13924 3986 19102 199 10666 14020 19249 5643 12312 18511 2643 14227 6047 5045 18870 10663 5498 17737 6789
4449 4154 4219 15716 9918 12858 5931 8631 1387 17547 12779 7718 13341 12352 6144 3542 9564 17368 13551 974 8000 12952 7572 8282 10718 3225
17734 10532 17949 13392 2443 7722 15284 7631 6602 6210 11156 15990 10660 10970 3570 3367 11550 1027 11535 3191 11531 16279 19443 5113 17716 10548
1137 2443 17747 5553 9566 11767 16122 4699 3468 4354 768 4101 3530 5922 2707 7906 2890 18855 12828 9769 19141 15946 11655 16766 10385 13355
5016 10494 8544 8718 17287 10959 4047 9444 10465 1097 9939 3194 9110 371 650 499 17716 14225 19846 10800 3357 2852 14184 10654 10660 12959
10494 1027 2513 16146 17046 9671 15640 14653 2053 16716 11013 2489 5253 19982 4381 18521 15775 4078 8623 14784 16291 14998 10763 14820 15049 3080
6536 585 18420 1065 19589 3664 14632 16282 13914 7012 8015 6666 4553 7138 8110 7609 6857 633 820 4155 1424 10112 10639 15799 19911 7321
6384 15969 10056 1232 15617 12784 15699 8112 8243 7876 1149 6879 12459 18793 1421 7263 8477 19635 3759 11950 12906 1694 7852 3718 7954 3486
4968 3969 1663 3572 4958 18689 13086 14646 9086 13733 2746 66 8708 16464 10864 7362 1927 10688 16146 8744 5805 4620 14057 14302 8019 18887
5550 5909 12643 8846 2738 2815 9731 2705 3147 8291 481 5804 10337 15710 15779 17471 13276 512 17900 4920 749 3989 2037 16027 2058 3507
17590 11123 11755 18642 1967 14757 19205 19707 14299 12498 3971 16817 19606 13298 10535 4620 4886 11310 5101 13095 10030 13234 3767 14314 19297 19223
9564 4251 14117 6965 4770 13892 19171 15626 12880 11630 9838 7429 15196 15831 10983 12776 19352 14746 5136 9081 340 7930 9423 4712 4881 8306
15703 7058 998 3988 9486 1323 19013 13445 17902 15676 7465 17715 5629 18131 5823 11271 213 10781 12019 12583 6652 7647 17640 4990 19771 15975
6328 19285 14901 13476 18767 7815 11578 3844 15725 13329 755 11954 1106 1812 4488 11916 1261 9938 6037 7572 9704 7895 16559 6096 15596 9383
18228 11758 8857 19641 13286 7657 9457 16717 16456 9916 12422 5181 10658 12982 7520 14512 8575 9588 11668 5504 13948 2092 3025 18385 4101 19559
7749 12431 15839 18463 10947 11429 2381 11402 5594 14965 19504 13879 12796 17384 8477 14223 3869 11927 6730 6139 6409 10454 3734 12520 6744 3141
16268 2934 12981 12516 294 7806 12035 1410 4981 13703 7399 397 8107 18071 8420 15092 16455 16455 18967 15265 11150 8448 1186 5350 1004 12400
18292 2096 4347 19257 10386 6010 11538 15913 5331 9926 9253 4426 37 18837 2783 1437 12923 10133 2562 13285 10719 485 3332 12294 18286 14570
16646 7063 17159 1277 17529 3854 6459 4400 17756 17639 12340 7128 3571 11947 19746 17767 14584 5924 13942 9025 8018 7386 16297 7079 14774 12952
13409 17255 8245 9386 19414 7384 5190 15806 14971 1795 17231 5637 10345 12436 13007 11432 17363 13696 10772 6798 8076 4153 15695 10018 8423 4640
9411 1477 878 3131 15017 3152 8754 12267 19579 18824 7252 4898 4548 19250 6582 16819 1976 9574 19645 2032 17335 11101 2702 14832 4130 15779
3388 2208 16376 6524 15185 9925 9450 4989 6753 11372 13145 6955 9875 1174 15781 15880 6356 860 16361 6130 1349 4278 8702 4905 5564 371
11654 15709 1083 18021 10733 6005 19361 631 13169 18919 15061 13749 19674 15674 10722 6769 15935 17754 10900 4348 18218 19764 1579 17262 14327 17707
7335 6425 2994 1702 2088 6319 12254 3521 9673 9744 5494 11906 1926 12059 13194 19214 3319 6946 12669 2100 13639 2393 615 319 17439 8482
16485 7241 16691 507 5983 18488 19838 419 534 3995 14568 18567 19422 9820 14347 6010 1100 2907 7075 12962 3745 11737 5335 11111 569 7672
16411 439 14585 903 2223 1923 10751 2752 15126 16943 4142 15909 13571 11114 8986 2725 17046 16956 1226 288 4121 17491 16846 17134 10219 14645
14839 4613 19478 12298 14790 741 7908 7896 11315 14876 1533 9141 10918 11385 1344 16744 1355 13038 19630 17061 16688 16571 13752 6457 12837 9634
14701 18041 18023 16019 615 10249 15788 17068 16344 10867 5207 1117 7706 3598 18539 19021 925 19282 17622 10174 7133 7881 6727 13936 14941 12299
19644 9618 15845 796 17746 12706 13499 10626 9325 19018 16265 12165 13952 17372 14472 1698 6434 1446 18636 18972 15405 14060 7059 17390 6084 3550
18111 6431 9908 8235 18749 5057 15550 4840 13238 10808 360 18311 17627 12065 18242 11893 868 11559 9432 7806 2827 15182 11237 9599 2344 4199
8727 15636 15427 14517 12075 6809 3649 16733 12288 18164 10942 8496 5974 13572 376 5686 4696 4312 16775 9801 12671 6566 3558 7176 3232 458
4570 10943 13093 7575 3382 15552 6223 13671 9401 14986 16753 10225 17727 1506 3035 11821 1260 2557 8927 12612 10394 16736 14167 1278 2639 18366
6136 14138 1755 19125 13928 3171 17797 16366 4425 16800 19978 7037 12611 15977 1339 17651 13219 15120 5946 2296 3395 9625 16378 14923 10981 4490
7976 15108 18967 15258 15596 11533 14018 8566 14480 14881 14013 8328 5633 479 2592 861 9457 8252 5538 7423 10143 10580 17505 7864 4054 16707
10773 15376 6016 2236 4837 8042 12642 10299 17305 8976 897 14216 6938 16785 6259 17316 10214 12146 12148 16034 18513 15941 12541 17723 11933 17714
16479 4870 7035 10779 13396 3798 1507 17252 6181 6810 6572 5881 7698 14073 12481 19199 887 7620 7399 18679 18657 11888 14999 6017 17973 8922
15183 11340 3070 13530 2400 974 19462 12794 5439 8514 18095 15490 4692 3096 7528 17011 544 15288 3763 7385 18602 2773 11412 2540 15246 19926
14188 6751 5987 13450 6269 10445 5835 9332 19777 3143 16926 18708 2595 5325 9554 15636 16499 7033 3956 17452 14456 6738 18645 11523 16183 11891
17215 6598 18151 8375 12600 18329 16893 4824 3048 17484 18370 4211 12427 11069 8793 2510 1912 12464 2082 6326 2025 476 9566 7670 7118 352
4908 105 4027 6522 4066 9213 2370 4914 3499 18761 1855 13358 11688 11098 8551 2112 10529 14432 16286 14889 16339 16915 13147 1097 7373 2819
14545 8131 6709 6160 1384 19790 3453 13677 15550 8640 10444 18385 3965 9461 4417 10004 1303 7399 11709 12872 6015 9197 14500 35 216 13769
16490 19316 6182 15107 720 4502 4564 18244 8987 13957 14160 14558 15138 5226 7749 13664 3217 15850 13118 18431 11416 14422 3677 4385 3460 1674
18874 5037 11094 19434 13078 2153 13665 7992 12058 12126 15020 10737 9784 11345 2313 10710 9555 3793 15283 16399 8404 5213 14956 12973 6904 6271
7286 8990 10034 1651 19372 7026 16070 7027 17451 16820 2650 19088 1306 4081 8674 11207 4002 19096 5504 8680 18978 12216 14630 14174 12344 5091
4404 3200 15599 16061 15669 12073 12890 12963 19769 17770 5455 2972 6005 7794 8360 3188 3510 114 5771 10379 10878 11248 2638 715 11342 7137
1554 7093 303 13130 16523 17640 9126 5214 13649 18747 202 11060 17144 19063 11530 7208 8395 6031 10078 19184 11953 19131 11319 8986 1868 13561
13814 12103 1773 16110 5606 13150 3364 4773 3250 12198 2672 19284 5384 5590 15846 10311 17857 10833 7775 15765 10804 780 5833 2344 2584 10254
8007 2927 15725 18801 11796 14073 15179 1221 2755 6014 17143 8678 11689 9713 14940 3955 15093 16418 18708 10501 13933 18775 12354 6337 19365 3704
274 63 7914 1262 2660 4722 7757 469 16597 11022 9596 599 16081 7993 6079 13277 14619 19017 8578 3920 17267 3762 3418 17362 12327 7288
3871 13022 2620 17228 2959 715 12523 9746 4361 19149 15081 8430 5208 8070 8443 15083 10073 14085 8667 18306 9801 4448 7944 17591 10048 12328
4985 19490 17384 11419 11816 9758 14770 3710 7016 3264 18610 2730 18451 6353 14367 94 9435 2749 12476 7162 6891 6560 5025 18478 7604 7558
14057 5164 5983 11304 215 11215 14475 6478 3664 15971 8630 17751 13839 541 12689 15186 15249 18749 7612 12530 12578 4872 8616 18925 3958 17640
10524 15834 875 3566 709 11431 3152 12875 16816 2511 5125 12948 3750 14034 8332 1702 10534 6285 1771 17632 1574 19355 16075 16207 14613 11535
19045 14876 18594 13178 4020 948 12973 14182 10621 6521 8373 14575 9734 5226 11279 3135 9803 8420 14544 11167 3085 18745 18550 10507 1129 19770
2129 4833 8342 19799 13080 16327 11931 1257 9924 13375 8370 8678 8299 7353 17988 11913 10337 2834 16943 11849 18383 11133 2501 13727 3581 890
18111 9687 6171 4777 18615 9670 14244 4214 5181 16358 16709 11175 3172 352 4072 14079 4789 9815 12824 5401 13885 16471 12452 5208 6427 3543
16153 13665 14730 8002 8699 19560 18040 10103 16003 11226 2996 11559 11985 16617 895 4352 4982 4811 15694 3938 11235 3907 291 17626 4889 8056
17279 902 8750 17782 5254 15024 526 15711 19301 4694 4551 1750 5734 1525 11158 3982 11606 13631 6461 19938 10678 346 10129 17377 4238 2947
13435 15731 14521 5839 12259 10864 17607 8088 17418 12827 1107 3300 18301 16738 11251 16131 15777 12048 11239 14176 1995 816 12400 17208 5108 11823
839 2002 1709 10818 6652 3792 19202 10580 12092 4658 15235 19848 4267 240 5323 11717 9479 1063 18914 5709 19850 14533 1398 16691 2723 8309
5123 8769 5642 12473 15314 12370 12326 19481 14863 3921 13687 2453 865 12892 17840 12254 5061 17819 4746 5595 15394 10610 14429 5715 11333 6102
14953 463 14653 13287 14456 8661 19431 11383 3039 3320 12812 4723 13890 2463 16404 19116 907 8019 5198 1999 11515 543 4466 14752 19914 17516
8271 12267 4177 11535 1454 15456 14499 15108 4069 9304 13774 5563 1130 6305 15333 12972 4207 14752 9620 3266 2835 5108 10760 11853 16991 15253
6192 8228 3159 17228 11771 363 10921 4490 17638 9981 14232 2487 9296 13527 16000 16410 19069 18879 18426 13908 10985 13620 6 14022 6736 14127
15314 15704 18457 15538 13505 4044 4875 12161 12841 3449 16297 9910 16048 14865 16323 16440 8735 19070 6542 479 17467 13588 2557 17529 4654 17244
10025 1470 7324 6089 3366 4655 15787 124 18987 9387 4383 3483 15040 8220 2835 4500 9585 7865 1337 9865 15558 9867 228 13985 15533 3811
10271 11231 17737 5912 3211 4343 6914 14261 7707 12798 7357 5221 3411 4679 13472 14220 12791 15228 9551 986 3515 19590 16919 19993 15292 7127
