365
2 85 58 22 7 46 97 24 84 24 35 63 49 91 49 35 51 16 78 38 51 45 24 12 93 81
17273 11424 5692 681 15142 7427 3616 2470 19943 15575 3203 13913 17324 18445 174 3466 4718 5587 5009 15505 13350 11396 7813 4859 5802 6307
11545 15599 13095 13114 15585 1920 1584 6333 6382 5393 1689 4375 6359 6523 17634 10089 12766 15790 566 2212 8788 3274 18871 18502 4726 7606
267 7562 9669 14982 9474 17125 13417 3896 11798 11550 4219 11731 3018 5172 11215 4246 19000 9671 1170 17815 19590 10924 701 13846 9804 13417
6068 6000 11675 5614 19067 17516 9995 15342 14578 14312 14953 2941 13787 4763 17979 3088 16012 4168 9913 672 18125 16319 638 17329 18990 11242
5950 1308 4172 7424 6627 12481 15565 16138 9459 15421 5095 17663 17897 1269 5757 9206 17331 2425 2123 19587 1812 18262 11579 19071 2152 5885
14728 17365 10247 15456 13832 8449 14409 15860 15355 3307 4401 11903 6827 11903 4340 7566 14979 5314 4330 179 2379 4484 2323 18893 14079 4486
9070 12235 2698 9881 15178 18517 4175 5147 12293 10013 15801 10015 4791 13280 804 11379 6413 12714 18887 11221 11488 17769 15876 7739 11104 10290
10225 9029 11679 9017 9426 18116 9468 19371 4295 12002 17745 10575 17282 4823 15373 11869 3798 11672 16347 4147 14649 2592 4040 1044 15400 12743
14489 9911 18147 18231 4524 15114 6981 6914 1416 14807 1513 5881 8058 9476 19336 18597 7307 1512 17 13248 256 6551 683 3676 6335 849
10714 6574 16715 17100 4447 5806 11912 9536 7013 17008 14462 10616 15590 19836 8602 5136 7794 13255 19513 18888 10863 2650 13234 18599 11309 7867
16117 6927 5135 4247 2027 1855 5722 19629 5947 1355 17988 15871 1878 19226 15504 10877 18023 16493 18094 18456 12856 6075 11278 14642 13900 4637
14375 8027 10670 2573 5018 9525 6828 17342 5769 4361 9167 13025 8468 18892 16226 4870 7698 3527 12603 3564 19699 18809 598 977 14280 17144
9437 10951 484 1728 17979 12039 11856 4722 13165 14955 13108 14 2918 9075 17361 10601 10126 4672 12147 7972 1431 5878 5946 3131 5548 12002
7217 998 4644 13529 19681 3887 10955 8227 10416 3584 19011 5067 14202 10153 13502 12883 2552 11382 5225 5016 6682 7600 4459 9095 2939 18223
14653 6403 8055 4163 14484 6514 2215 12379 6799 1051 15925 8269 13201 12711 17585 17877 9566 7707 2925 7037 2658 13100 18522 17799 12726 7773
11521 2036 19258 5922 10811 18985 7784 13618 9460 10607 13810 15455 12334 17088 7806 14956 12807 14392 5026 3743 13018 4658 10576 15181 12040 8657
19235 12431 17047 11181 7955 17511 8123 2257 11125 7624 3079 17436 6462 13202 16819 15105 5745 8193 19744 11572 14517 18890 18206 16978 4667 6469
12465 5249 6711 11131 13426 661 11715 18643 17696 5372 12660 18220 11151 10187 12866 14751 9437 1798 16795 196 707 4784 15567 15140 19182 14081
6622 14881 15208 46 8083 16561 4082 10636 14670 7201 9161 12312 19546 16779 8332 17870 12915 9239 8138 487 17480 12934 12252 12304 6991 5077
13021 2101 13758 19301 4852 18431 589 4547 5392 2804 2400 6233 14562 632 608 14105 5099 10156 2179 13694 8365 947 9325 14075 10228 9845
15170 4820 2078 18234 2872 1645 4224 16718 3483 11988 5635 2486 4849 14716 13461 7466 12858 12790 11290 4642 7515 7867 5249 5772 4941 11811
7162 14693 13572 3371 397 1604 14078 12302 7341 11530 1782 5790 15310 19017 14365 14496 2087 15848 3144 4784 1757 15670 527 9892 4392 5524
111 18548 4824 18168 11286 8580 16921 2985 2513 4210 12722 15236 10518 11125 17790 17513 1754 6850 8356 3551 1226 15075 1780 5314 13849 11522
5369 9362 15552 6097 18548 10563 18731 8151 12689 6522 18066 16489 19365 11856 4323 4608 18001 12450 2326 7031 6666 15158 4470 18971 1304 7939
4031 11855 6131 8455 4619 4834 14844 15977 7100 1904 5905 14957 16567 6183 7295 596 7005 17686 5776 9776 14366 11886 4015 4608 4419 3130
9698 8098 12468 6108 4270 13755 7674 3221 16013 4127 19241 3196 17955 14473 3962 18709 11671 19922 223 1362 18250 7514 1723 13705 9562 19372
11912 16103 1328 13187 3995 13442 11913 1195 9232 1234 5096 12520 5169 293 4819 15353 1513 10819 231 8093 8493 18014 13899 17585 12621 15719
8127 13939 18026 15597 16552 10721 893 5767 4704 9967 16734 19819 1332 12236 11718 15794 350 1861 7071 10274 15197 122 15397 13052 13440 4959
10186 1696 665 12714 14273 4828 13955 10639 12527 16102 13261 9019 17581 16203 5788 3780 15942 6532 9714 1288 13642 5548 15198 19513 8008 9202
18795 6008 16162 13090 14799 17371 19956 5389 13034 4089 16570 9148 14824 10174 8704 5217 18718 15298 1483 7726 18491 8860 18858 10080 12398 12438
8162 6853 5809 132 8376 17297 2131 18680 274 5653 12667 9845 11142 14297 13786 12367 4524 12206 9705 18763 19936 19261 1290 11435 5217 4091
12355 926 9091 19093 15567 3291 2282 6514 1400 5766 2463 5092 5744 8066 17320 15422 2406 12985 18225 14398 8201 6451 3647 8249 18645 376
12177 4875 7148 9748 7717 16842 764 1939 479 7383 6064 875 9212 1427 2800 3670 1229 10865 9081 11641 15281 11386 12563 18203 2813 1528
4916 13209 10606 16987 4805 5994 907 9060 19177 3110 5199 5651 12714 16765 6488 18307 13691 7871 14830 16505 19283 7904 8007 13305 12922 17701
3571 12493 14554 6175 8552 5511 4388 482 16844 7197 11567 12269 5293 3989 12132 3914 16366 2593 5932 12456 12495 14753 11431 10855 7488 4189
16220 10423 9746 2283 12656 3779 3442 3342 1379 11833 14971 3381 15824 8415 19112 11083 9058 19621 14892 15441 7381 19892 8571 16798 10139 19765
12175 10889 8969 6454 8896 3897 15563 12074 9706 7937 2592 19087 14587 14436 5307 10209 7402 4973 15118 19241 1024 17548 5031 16029 14504 1821
11006 14262 10769 11105 16477 9675 6902 18476 10584 5401 1315 6589 13760 4325 4286 4155 19721 16854 5071 3606 9419 10255 13578 5845 209 10944
5740 14017 19692 10848 11776 12579 15899 18731 9798 8455 16044 14719 17791 13858 4722 16290 9083 4374 2456 4908 11633 9084 18165 13920 3818 17304
10040 12851 4062 5236 3171 3081 4344 6137 7768 18290 11602 15134 17227 19325 11883 5643 17116 11712 9486 11401 11620 10445 9430 8327 16210 8563
15739 17628 18898 8446 17939 19515 15800 13958 19774 14265 11346 11847 5247 4639 729 12136 17799 14604 16197 5711 16861 15228 18879 11290 12041 6442
7696 6683 17842 7622 7138 9112 6284 2366 2447 7038 100 15960 16583 18367 1324 7888 7925 6787 19493 8295 11405 14305 17564 1336 18049 14968
11633 12716 16220 1703 18226 13467 18614 11212 8834 5343 3630 257 7170 13689 15834 9562 8597 8196 10950 7129 8565 6288 18642 13146 14735 11088
15169 18095 1786 11787 3331 18798 16075 17119 16125 8126 10854 19894 15865 14687 18679 19702 19589 1381 1588 7116 16125 18983 13983 4987 17636 8599
14158 11066 18049 10773 2640 704 9786 19010 6437 15712 6358 5684 6944 5371 886 15616 14144 2521 3272 17725 18059 12044 4300 9429 18575 12254
5882 4380 17601 5217 19582 11007 3358 9395 12602 19928 16265 12836 18966 18017 12682 3171 556 18980 6099 10371 717 9922 5757 11316 5800 1284
18046 1446 5293 13898 13520 11334 17790 18425 3793 15227 13239 14987 18981 18992 17867 280 12575 6775 14574 16737 12472 4316 10567 2907 8888 17243
808 12526 18735 19719 6315 1529 13289 8912 19335 5444 5437 9131 3723 6262 9097 4713 11746 13068 18831 13337 5869 2290 11485 11754 6773 17222
16246 356 3326 1746 6916 9827 5202 18361 3314 11286 4472 2771 1183 18772 3297 17064 3208 14150 15982 12916 19265 6393 850 11650 2011 13055
3259 3774 18284 13967 13669 18439 4430 18855 1532 18079 8403 7775 2601 12070 7689 11172 8865 11200 10727 9222 1423 19879 17406 2919 16132 16767
11927 2770 2711 13416 6625 10254 7895 19934 4000 18448 9384 12722 3512 14170 19755 2256 6997 12661 9514 5285 4833 5428 7888 7709 17788 9693
17096 4751 19520 10382 5194 8605 19935 16837 19135 6253 12492 875 13284 14956 8321 10589 7503 17602 9491 8925 14189 14081 3913 9301 1706 1784
11126 15025 12200 6381 5528 12584 15819 17075 14794 732 13821 9269 15145 11705 1917 11655 8310 8353 18769 11471 16761 4447 5563 5577 13351 9405
18299 19338 17978 6633 10416 4230 11781 8943 17367 48 17580 2649 1113 19028 13304 10785 329 17826 2041 12241 3211 6269 17221 3402 9216 1918
5132 19603 6373 1514 14190 9262 17124 8587 19820 8701 12891 6435 7115 12336 4003 15058 11526 14474 4080 19713 6006 19577 5181 12937 8980 957
5725 16949 15157 4100 2241 19552 6101 11798 8921 4364 13616 17154 15742 4288 1632 7657 18222 7934 10780 19980 3398 6219 16259 2330 5164 17358
9704 7520 9012 1026 15708 12194 3374 5914 3842 12341 1176 1092 7771 1911 15109 14776 12965 15125 17829 3849 15561 10674 13484 8334 16771 12414
7014 14084 7645 1767 15049 3301 2846 4159 11946 6031 14043 19464 3247 8461 15786 2937 11250 12565 19866 6113 5046 1255 2663 7970 12972 16336
7928 7754 8001 16538 10817 19339 4701 4451 18768 7530 17673 14017 15923 5142 6871 13563 11744 10553 8669 18308 11863 2006 17510 16685 13299 16747
10876 16569 17816 7927 7712 2963 9982 2660 2342 19566 13268 15592 6531 3035 15229 611 11631 7856 14007 9308 11643 12224 5578 15848 16552 9486
427 7558 11664 1834 11746 14229 3156 1987 9088 14788 13011 16372 9942 1649 15768 10386 1567 4416 3736 1260 8753 16408 19457 17474 16037 17763
10022 14828 3993 399 15459 6870 11628 7030 8173 9706 12082 19932 5799 7263 18499 16866 801 13154 3465 7208 11712 14339 8884 9021 9302 10318
19377 17800 16507 13297 8411 3097 6890 10775 14235 13221 16428 12577 4783 9721 9091 1724 19067 11264 19851 4289 19245 13912 1211 2249 14775 8335
19001 8121 18306 11932 13350 2085 12181 10828 9899 2279 5453 13699 15230 2557 6917 15749 7489 420 10562 17946 18455 14443 4067 15742 18115 8049
461 7172 15453 14705 5949 2657 6228 12418 15121 4162 9677 1038 3797 13802 17810 2752 3810 3948 19372 4137 14554 5861 7930 10548 8030 6174
7196 683 4222 7181 16792 3227 13057 11221 16321 11519 5945 4570 14631 17969 705 5181 12579 11440 8105 19356 17018 283 13151 18981 12408 3354
16390 4398 6057 16963 12392 13991 9986 11882 7869 2201 12104 10302 5675 10386 15011 16730 10134 18886 9226 10133 90 14973 4621 766 5756 9032
7686 18428 10810 759 15512 8141 400 13130 89 7019 13526 16695 37 14413 17890 17372 10922 17126 16637 1135 7803 6718 10907 14418 17948 6459
126 3815 11782 5330 6257 4019 7603 16111 14243 3521 2184 15900 14827 15871 1520 4726 19005 11799 19941 6708 7469 11454 14444 3313 14664 14104
14337 16314 18942 18073 8518 1379 16320 16029 15241 14452 423 16492 8988 3909 4096 10829 2051 2208 17683 13163 19682 4975 1326 10180 3754 11143
5097 18631 16337 17993 1515 1679 2046 8308 5104 5218 2979 5947 12430 569 9329 17514 16952 6747 11381 11104 19327 11495 134 14812 14939 3975
11232 171 4619 18009 2797 4988 17893 2113 13663 579 3079 15028 11126 13966 12283 19221 10598 3295 10976 10438 6276 6675 3248 17390 4346 16772
9747 1162 18633 1298 7241 6626 2110 5186 17943 19479 9311 10518 12494 15128 18805 18505 11705 4955 451 4484 15788 7720 6239 8666 2627 13956
5938 13323 13973 16893 14089 17498 8818 604 18525 6336 15167 1642 18337 16611 2713 11829 9286 3793 19167 1741 15068 5190 4252 5012 2731 8535
11251 4282 15472 3612 18622 10051 5773 341 4655 4614 8615 13532 8840 16292 13806 4493 210 12548 393 3872 8749 5469 1903 9465 19510 14338
15319 12781 9376 2874 19382 8257 6485 13542 13017 202 9464 11433 9940 2405 10209 18488 14444 17529 9067 9890 3534 15780 998 18030 4423 12632
19345 2080 14092 16166 4869 6313 3772 12661 9330 7395 19276 18644 18085 19054 16958 17865 236 1758 11236 17783 12324 9154 2174 16512 12057 16538
12425 14762 5608 5082 891 4307 15531 4585 12582 1175 11016 2344 6052 19904 9013 2532 4446 6681 1621 7179 5560 8109 974 19185 14166 5761
3543 9949 3413 4450 16543 9002 17773 12100 3537 15871 5152 668 4899 5482 15113 7557 17326 6708 11492 10029 3405 17371 12508 19764 8457 15032
8629 1467 2112 1201 832 18443 18855 5064 822 1980 873 4593 2042 118 6583 14912 9319 8310 15783 7983 5412 5506 7962 17553 127 11868
6203 15626 6542 17058 19007 8621 10589 9466 16459 11581 6518 16880 1584 1675 16767 6883 9508 2104 13948 1146 15650 11977 1315 18205 19018 219
8055 7009 1408 16114 5129 387 7284 4033 9570 10789 10132 13829 5869 7834 5544 17864 9921 13434 14881 19661 12268 503 1537 18181 5536 9062
2526 9748 9672 5760 13576 18258 11989 517 827 17312 16886 11102 3024 18732 12540 1431 18602 5323 3900 14967 14868 13534 14683 16283 2206 14800
14557 10484 2255 18750 4786 1126 2295 17635 11610 6623 13637 9548 3267 4896 14105 13913 8269 1637 8123 12503 113 5230 2327 1337 3981 1903
14229 15281 6407 18723 10953 2897 17130 9340 3935 1745 10416 5529 13778 3969 9495 10557 6878 5763 10287 16104 14578 1866 12286 1976 13599 16843
8025 17499 19783 741 2837 15559 3729 7971 2630 17251 8052 13715 8274 3118 18211 17807 11481 19215 19211 19597 4272 10277 8327 14231 17807 1999
19198 19917 16937 9714 5650 11633 14180 3653 1332 13749 16265 17040 9078 1276 9784 4141 2144 15660 1414 9430 3545 14195 9733 19820 11690 19382
9599 12632 374 488 9816 16795 4540 2955 5985 5931 12197 3434 10956 5111 11024 12562 12818 10472 13025 13095 12061 15822 15884 7054 19229 14170
13801 16363 18634 16541 2158 17238 5334 1219 7512 16673 13372 5011 13448 14399 9831 13702 4796 8225 2615 18118 8884 11739 2042 16728 323 15893
11887 1084 9514 7994 15044 4773 12576 10950 6762 228 11693 16663 11027 2785 1969 1361 14022 10838 5047 19766 10256 9432 4468 17599 19459 10620
14548 9102 6235 4116 8543 13992 8728 19273 14005 9527 6883 4891 5567 2990 17703 1394 2925 11523 7785 12491 14721 16279 8330 1117 8641 15056
16412 12499 9713 8982 466 8142 9763 19827 10986 12729 4597 17313 1528 1207 16669 18138 15717 17228 1228 14851 1760 9802 1727 2014 4145 6573
19802 11863 12588 7812 3812 5083 8873 7707 16245 4487 1862 19196 12509 10006 3922 18229 935 5951 6816 1706 11757 5525 2349 19238 1850 17082
8825 11901 1096 10773 13325 6720 12547 3666 16760 14753 9450 10957 14640 4503 14431 11360 3606 10880 15354 6221 3867 327 14596 10160 10525 18900
13522 6516 10779 4714 15408 12219 1504 9980 9085 8746 3106 14254 7687 16536 4835 14791 5889 3710 6693 190 18168 9409 6644 18250 14465 8037
12457 10225 10358 16625 8636 16789 3251 177 19004 4143 1557 19491 10501 14876 5001 18871 18274 6968 6334 19652 4159 6940 12072 19047 17962 1393
10545 9799 10522 14620 5303 14106 254 16168 8379 6983 10987 769 15047 16378 14145 8209 460 19008 17545 2910 805 12881 15472 15789 218 19267
10860 16789 1564 6652 16496 322 11265 17644 8383 2582 1254 4128 5776 188 5953 3697 9177 19816 7311 18873 11057 11355 6078 18884 18362 9963
1939 3661 13181 4366 8580 10698 1218 4641 17277 302 17698 5218 6749 6518 663 16423 2775 18835 12915 5127 19492 10590 4955 7467 16457 14648
9308 19901 10533 8784 4835 11741 2381 8411 147 14381 6767 9822 11996 17575 12520 17146 19862 7329 8950 10736 3731 15071 16251 17349 9649 5723
6928 11388 18801 13535 10665 19823 18746 5161 9261 18961 8557 15364 10198 12075 13327 13483 19275 17188 1569 5584 15773 5384 2691 6362 8724 935
10994 2204 13914 13337 15037 12099 14896 3588 8882 11066 16358 5066 4009 4151 7080 15025 18544 11550 9609 1986 8746 1681 18868 403 4384 1916
1798 10007 6281 18103 6042 1505 17913 12482 4112 8689 4024 3156 12329 8595 3000 11239 4094 18636 15207 12400 14120 196 14393 8893 8975 10399
6898 11722 12338 12940 18249 4309 13745 9415 2311 15846 5346 10490 16951 13017 810 11456 19362 12129 10844 18715 16068 3000 2942 12451 16308 4698
13333 4294 11521 957 12916 13071 3591 8583 19535 8164 2383 9333 6241 18144 11841 16264 1312 6596 561 7961 14164 19286 4310 12085 2349 9007
2114 13016 13607 17041 4665 15289 3207 2499 19628 7718 1554 13083 19293 5058 906 12702 6787 14044 12774 12305 7120 7517 10372 11692 18544 3714
18338 2665 10053 12206 5587 837 15833 2022 5470 7936 1541 321 6061 16038 12971 9452 2825 9381 12798 8741 8638 6648 14248 13033 13567 2411
4178 5987 9883 11980 1721 6074 503 17602 14809 16518 6109 10641 16427 2911 10863 11544 14717 8703 15736 9488 16123 15865 14132 19023 16425 17577
12416 6997 8099 1265 17120 8225 95 1714 3349 10722 2273 14240 15317 5952 12636 11676 19400 9261 4383 4030 8205 13356 4082 9112 16471 17226
19664 7683 18676 15991 19635 12865 5929 11001 2191 18119 1664 1571 2463 18883 6071 3776 17850 820 13698 18228 4936 3809 8825 8166 8211 17836
3857 19532 17754 18176 18722 14879 3139 15815 9310 3852 6923 9661 14923 816 8296 15593 3780 5118 8203 8780 19904 5065 7635 10819 10353 13811
3409 8360 11992 10014 16135 17627 6735 14150 5934 8321 10659 12223 19273 16985 3689 19968 14740 1656 12225 17610 11700 15287 19975 9081 11557 9251
11335 8884 2953 4176 13092 18770 12819 15009 8461 7258 7602 14357 13752 14483 3610 19571 12446 13433 15186 17571 7200 17915 13077 13090 3529 14116
2824 11847 14562 18271 8776 1464 19423 4546 14839 13743 1564 13750 4846 10202 7735 9573 5674 11033 1138 6376 19038 4182 5124 14575 19371 12191
18619 1828 8339 277 12587 16791 19940 14726 6546 16103 642 18764 12578 4226 16618 18301 748 1955 13920 350 18107 14622 19767 18877 5509 10970
3520 16598 13851 4837 7934 10334 8615 10020 5180 1624 15291 12867 6606 7338 3822 425 15766 7671 12038 9517 4372 7487 18633 16003 14721 7919
2581 2456 15106 13556 2696 5023 12433 2709 1164 12164 5715 13246 9780 2614 17402 5182 7075 18921 5282 9783 16980 3027 1612 14307 11117 16079
17223 6069 15746 9660 14085 8896 7559 14617 2738 17052 5807 13915 8950 5338 7603 18054 3212 8842 18538 9645 6911 12883 15041 11004 4784 2310
19988 10350 208 8019 8419 17571 14745 16958 11721 15255 1960 3311 6286 10906 14180 10813 12914 6552 2514 11283 11056 19350 18646 10331 9447 2243
7858 19655 7853 1648 3790 6967 8434 4495 17396 2416 4770 10979 19330 14289 10322 10028 6979 9388 6004 16273 8407 19532 3015 13977 448 3552
11201 5454 15377 5741 4945 19337 3127 5225 19301 18651 14920 7508 10940 15198 1247 15433 44 18033 11350 11428 19048 11716 18822 13439 14821 49
7343 3236 1190 5112 19343 8709 3416 3536 18301 19084 17347 19625 8780 12258 11394 15052 12899 7766 17491 15431 16007 14003 12149 3077 172 18430
6158 10905 11096 13690 18859 14518 8045 7053 13966 18235 6180 8352 4195 10856 10057 3981 15939 533 13650 10034 19561 12533 18156 17769 5830 14063
300 17262 17435 16978 18956 10070 5026 17453 1331 11475 5899 4430 6612 347 4007 3853 10312 6097 12319 17387 13319 7620 14883 3099 8877 6378
6947 6214 2297 17761 4139 13263 2793 4843 9861 7090 18481 8721 3781 16956 9953 12999 2010 19321 3683 9102 16918 12952 14287 8225 13116 19604
8231 15134 11786 8237 13061 10241 2693 13734 2519 14526 12773 6148 11029 732 14682 444 1694 19349 15727 8932 13904 17080 11937 17133 4207 17838
2024 12275 2707 18512 11870 10830 8015 8950 15973 3508 11455 3603 130 9110 6564 10129 6004 1463 8654 8491 7113 14636 12020 5538 8242 9879
13405 13925 9890 2032 15467 1784 4002 13835 5807 6972 12903 4982 1109 8749 18810 7893 4950 4849 5252 2935 5227 4441 19201 19299 5021 15565
19716 1169 13353 11039 9081 2893 18649 17849 17695 12581 12445 1231 16416 14956 9718 5841 9404 8912 4416 8875 11968 19850 2764 19319 5901 9736
15574 11234 13690 1041 4909 15035 11316 5994 1374 12762 16392 19529 1932 12901 15694 12460 9732 9810 15072 1181 6880 3966 19359 5013 3857 4563
13115 7100 3390 11167 5193 13058 9929 52 5503 13597 7479 15540 9537 14647 12427 16342 5799 16375 9896 7096 8344 8018 9122 11678 3414 18091
4137 16336 939 2814 12136 325 888 6280 17975 9047 16338 434 19185 11030 12319 10019 17986 13024 10189 2451 9274 1764 5500 4954 7046 14243
1681 14785 879 11065 15298 18422 14701 4966 17821 11549 13881 13043 14900 8782 2846 18512 15817 7375 8407 2546 10212 2898 9469 8360 5557 16330
13113 3161 14916 9502 19965 19904 9722 7812 2647 7785 12580 9179 5820 4577 1379 2614 12985 34 19092 5947 2472 9409 15916 2221 7666 12931
3345 18706 14186 6517 10961 4723 4832 11793 19420 11128 13341 7920 10540 712 19519 12614 3023 11464 18545 7092 7565 15657 19412 17606 2291 710
2769 17990 3930 6400 9179 2340 2288 13765 19117 18805 11940 2072 17333 1012 18401 3588 16018 19303 13543 17887 16240 11504 7502 4519 6316 11129
16132 10262 13329 6411 281 19143 955 19431 19078 8341 13220 15627 18037 10542 10894 16294 16108 3090 8262 3303 9443 18276 19242 7575 15848 3984
10247 18294 4106 1791 17687 16846 18652 17421 13283 15333 16450 5235 17368 10248 7848 3316 16247 14331 14583 5305 2844 6961 4922 7715 2883 14277
3435 5377 11662 2584 15265 12533 4105 11500 5416 18015 1171 3248 163 19620 2840 2258 6396 10954 1498 13327 6571 14561 4956 5626 2660 3592
855 7435 8340 14723 17722 13092 13230 17039 3084 16972 392 10761 6150 400 1804 212 18695 12934 18945 5801 17450 3707 13230 3102 10166 11872
19660 13490 16180 16190 13099 6754 1200 10330 19695 4995 9230 18216 17197 12762 5555 4298 1364 7159 5102 12956 2437 8415 15610 15798 1235 13823
18233 4787 9035 11720 539 12683 8383 14761 3174 7356 6794 5209 4719 11782 16456 10473 10418 13646 14468 14400 19582 4465 8488 2648 10081 11942
10945 6245 14041 15851 6392 17045 2835 4362 3602 13699 11404 3124 1337 4815 3789 14244 11594 4888 6261 11767 5974 10189 17872 9543 18859 13446
8404 14863 18358 9047 11344 13693 2043 17873 15778 1069 19540 1758 3095 5796 18597 9188 4714 19703 15467 13023 10775 8634 14135 16831 18898 17382
2679 3909 17742 696 16789 1576 17160 19104 4452 4213 1945 5614 2378 18050 2470 3856 6475 13108 10147 3137 1327 5226 1212 8908 17522 5503
433 4702 16174 80 2725 14469 19665 12631 19292 8599 6848 9333 12546 413 131 8330 15784 273 19807 12062 10493 15743 1548 6000 6388 4737
14952 11420 19219 10095 1776 18726 18677 18681 18231 6400 8959 4039 5040 6386 16227 19882 2021 14476 7529 3978 2954 16091 12932 2869 15331 14037
14445 8641 7274 11432 15610 17154 9573 5368 16535 3779 4589 16342 11087 19591 19502 8114 6318 6737 18934 7194 2071 4680 15268 11558 6246 4719
6734 10445 5395 13021 10463 18466 8944 18962 18713 5284 9803 8544 15672 5272 509 7044 18649 8239 3305 14755 6510 17758 17581 13727 15775 7449
12185 10334 16915 7857 18030 12908 19042 3938 10460 13638 11827 2726 12837 10844 3574 17787 8836 10611 8172 18489 13129 9294 4578 264 1125 18932
598 8841 3101 4057 13489 623 15440 18712 9395 6030 19550 8601 15952 5080 895 3597 13884 8894 7778 13657 11872 7683 11747 823 14294 15888
19289 17416 3048 6462 9932 14689 12973 10706 12278 15755 5134 6066 11535 6191 2833 12846 5409 11635 2402 7100 5443 17558 2355 15738 428 18302
16230 212 2346 11352 14345 5617 3875 15006 18766 3152 19457 329 5092 9943 2090 1664 18708 3860 16761 17082 13266 16485 591 17795 7112 19430
1538 14199 12147 7701 13542 5608 608 18595 18429 9863 10991 4781 5666 6436 4199 1466 15342 7068 4787 11060 2461 5569 13633 16068 19647 10922
19385 7444 16353 5476 7776 1322 11599 11510 12915 10400 2764 2895 10431 14000 542 3660 5962 11615 9414 3108 16522 14225 14230 4435 1650 15500
12956 18356 17076 12806 12498 14949 16260 9797 1021 12005 16940 18558 17873 8834 14683 14088 2756 5552 19528 6089 18580 2887 19125 336 16073 1064
14956 16684 18003 1227 13484 13314 19320 16192 2940 17648 594 12826 9357 3493 14252 7402 6004 18728 18501 11495 14939 16712 11518 17590 14363 19757
18450 13484 10169 18079 18 5449 12251 5298 10425 14177 7868 3242 3711 16372 11528 14096 2164 9617 1214 10424 19269 19563 11148 16357 3677 11836
5838 669 19559 3761 2610 4092 1811 13761 3630 2464 13337 18082 8145 8047 19768 5222 1733 889 11907 15939 2433 13233 1933 14778 8025 8509
1048 11606 9788 14108 4407 1232 10049 18092 3882 14754 17401 16027 14719 18181 15881 2879 4871 13093 13710 3726 8526 4597 8345 16889 5715 2147
4633 2756 9687 10490 15012 14836 14116 13763 5566 4620 3459 1416 9057 9223 5343 6554 10920 10819 9742 19469 16380 14223 985 15523 18258 6169
16194 12471 15524 12880 4826 9216 9888 6526 6892 19597 4921 18666 153 19010 11694 10854 5745 3333 3683 10971 3763 931 10822 7227 14391 9292
11480 8556 7950 13065 11056 14759 596 7738 653 3553 1213 2902 8473 8059 15052 13511 14315 18435 12063 3548 13472 8121 9648 4391 9226 14474
5621 13120 19542 8043 10600 12136 3196 18791 19472 4923 15975 17461 4649 964 17442 8406 14917 6192 18814 9786 4236 5670 2149 6187 3548 7625
2924 9438 18882 4354 14320 15203 7536 15545 10303 5685 15348 5237 17153 15656 10022 16394 7833 4819 6443 12671 18043 6938 6097 6879 4159 14410
8876 7250 7229 7672 2647 849 19230 4769 6361 9824 7809 17703 15366 14583 3097 8193 16012 8449 11146 7482 18390 294 18586 4959 5417 16037
9394 7859 6108 14451 3515 3151 8755 4780 6935 1773 18775 1804 278 10234 3873 8050 3556 6485 19983 17836 9698 9837 10117 17904 574 4388
7913 3749 3044 4245 8834 12377 5957 19141 7722 9841 16489 6120 15515 12864 6223 7512 14477 9533 5313 7547 12062 14977 12987 13722 5668 9209
18429 1793 17054 13041 17665 3857 14414 6640 18619 725 6763 2464 18039 19944 69 4663 4558 14412 39 5482 11108 1375 9110 8481 7277 14469
9248 6790 1386 17138 7697 10787 15364 14167 17812 6280 5086 6030 10406 17763 17325 15859 13780 16067 294 15369 18822 16904 3368 6835 1733 7419
407 12186 9018 18725 7429 18416 2492 17532 13796 4991 14044 14579 2004 7706 6864 11781 8081 17402 2959 11313 17236 11717 16154 414 8738 9402
1084 2136 12735 2180 15953 11221 11471 11133 13051 6046 2593 1035 8828 1345 2431 10774 2344 19725 4364 6725 15453 11890 11580 10852 14077 1791
9411 4884 13497 7386 8429 17958 1369 23 16292 6764 9991 4816 16813 9505 16578 16699 4339 12478 8367 10424 17450 10520 5725 2925 246 9819
17816 17828 2570 905 1373 6060 1122 17130 15396 1369 17847 780 15651 9361 17318 1980 13900 2847 8558 2548 5700 684 10049 14444 18264 13958
80 19213 6596 3999 9630 16823 11893 12021 6776 8008 2275 18063 2697 9578 3546 12027 15049 3985 13115 19077 18047 6570 14911 17369 13842 6696
18583 8926 18766 2001 2683 8583 14416 11509 401 4478 19909 14012 7763 17783 5643 10901 345 2571 17612 1694 15725 6040 5045 11957 139 4936
12809 1853 14259 18782 12370 16313 8701 10213 12994 18421 10180 5726 10779 7458 14385 8557 16894 17783 19423 17858 11585 19510 12901 19260 2642 8367
11536 14949 18177 14907 4744 3213 2302 5968 12520 12874 5668 18374 7973 13074 3870 12909 7386 13939 382 12263 18598 361 6083 10271 10222 9390
4173 6185 3890 19388 6336 15838 12206 16052 18518 16136 3992 7093 10387 18099 5298 4638 14595 3190 8329 13346 2423 11973 14666 4861 19343 18883
3886 15286 10136 9873 18410 2468 11174 5451 427 5429 2670 6941 15749 3892 4659 19283 9073 10112 9208 6009 10949 3293 7606 17183 16743 1933
9524 7363 6446 19193 1491 2257 13508 19678 18649 11977 6428 19645 9827 4799 2605 1602 18025 1315 4785 16166 13006 14102 11075 11797 9984 1481
4172 10071 6902 264 937 16060 7733 6739 14098 10338 4033 6683 10656 6166 8831 14017 17723 11358 11708 17960 14695 14232 5601 14067 8017 2119
1213 18043 2146 8442 11708 12256 8240 14746 11226 19369 2041 4821 7576 2666 7433 9911 7107 8172 16377 16913 10715 2806 5942 5090 11395 7528
4376 17568 12828 9116 5588 7280 13299 12283 11143 3690 13343 18050 16784 10507 11651 3716 4055 12106 15341 13022 19003 7129 2613 4041 4924 15654
3280 16352 17297 11659 13036 19578 7719 19746 8413 600 11742 2303 18838 2672 4847 5745 17578 17970 1293 5764 16138 29 4423 14705 4768 2349
19308 19073 19233 4602 2223 6849 13422 15663 17822 4884 1595 7706 5292 2889 11945 6871 19359 12508 16375 12550 8280 19748 17979 3277 12122 720
1627 8371 6755 14595 14560 6697 4393 564 19733 17646 17282 14526 10565 1902 7203 10615 16539 16418 2238 19410 7941 651 7349 14867 9434 3839
7261 14520 15399 4726 5403 14055 9854 13644 11237 9450 12934 5505 4569 2116 19618 13927 9242 18866 9236 6492 9082 9113 2862 4640 4449 9763
7126 17253 837 19652 4093 3237 10411 5160 12888 14713 5666 5957 10530 6427 13208 14044 18582 6238 3843 1073 8820 5894 17428 17993 18719 486
4670 7183 12422 16943 18948 8054 9002 3394 4381 8725 9712 6399 12201 6730 15162 14250 1484 3176 7607 2731 13869 832 15469 9619 14136 7545
17772 19298 9647 18313 16947 17223 10661 12740 17244 14260 6510 17245 3905 5964 1600 2024 15603 5970 13738 15851 14486 14856 19375 10308 12990 14912
8337 19190 13558 14585 15726 2976 1672 12001 14423 17141 3300 8572 17310 609 14171 4923 7708 18121 9285 17899 19677 6282 4756 8228 5717 437
7872 14131 16964 6658 2176 18635 5811 13929 13006 1523 4916 6323 16828 8859 6023 19546 15232 19328 17684 18695 18015 18081 18543 15527 11256 11288
18902 4332 4713 9461 13596 9351 14425 9473 19813 13781 5185 16714 13854 4453 11258 10126 12941 13746 16218 6181 16307 13522 18437 12772 16689 2728
157 17083 9256 15165 10448 14364 14308 5952 1619 16958 6290 19968 1902 16794 786 12605 5066 16396 17651 12351 6310 930 13004 5427 11551 12536
9393 19200 17422 2529 7423 7594 15467 3331 14479 10305 2472 3356 2336 16541 7196 16749 15288 17730 7530 16751 5715 15036 2582 9404 18508 12194
10600 10232 14522 19568 17476 11758 5382 13190 2689 8767 5893 12957 16419 16086 12494 15667 17702 5559 14101 9341 7979 17373 8369 12460 16806 7358
12728 2114 2422 5563 3045 12749 5375 3191 15264 18272 12066 4778 4355 3333 19005 9539 6765 7594 2728 6070 9292 11697 8873 13969 7591 1642
8963 6199 11971 14 4495 12412 1615 9740 1027 11710 9178 3861 14732 13573 12757 2175 17940 11126 19053 10229 1649 12485 12405 6864 290 17391
2486 16010 815 1031 19235 18959 18538 6537 10994 34 4326 13799 5939 4326 15356 3996 16212 18800 18971 5748 18089 14004 992 1889 18280 5971
1094 2572 16044 10610 18518 9296 14386 4267 18985 12423 143 15472 16742 5824 8457 15652 6898 19579 78 17917 8209 10835 2669 1982 17074 13652
5253 5279 5335 334 1219 16397 7386 6092 5711 1081 15279 15934 10184 3129 13001 11460 10011 16073 8284 4053 10905 3309 18476 528 12217 14545
15641 6906 14882 3108 17619 12173 6390 7613 18826 7352 11212 506 6996 9943 5363 7183 17288 5604 2840 2753 16441 5700 7856 10408 9723 15936
2464 13073 2306 6445 18509 8477 11610 12557 1140 17349 12668 12130 14486 14925 10559 8729 2675 17658 7253 14588 19716 5738 10102 5415 18468 19976
18550 11889 9371 12479 9682 10345 6903 7971 3839 949 15729 17451 13579 18975 12954 11992 1863 147 12410 2339 18595 19631 8866 18191 1815 3848
8604 19813 14907 17507 584 4736 5963 17129 2270 233 17782 17422 9385 3572 3545 19492 19117 10675 10321 3313 9228 6836 11605 646 18493 9198
15611 14230 52 10310 6037 18320 3699 5014 12914 381 5640 19126 4404 12389 15564 19402 4804 11991 13360 17252 7778 18609 18091 16646 9375 8318
13521 6178 2536 7597 744 15138 19169 11290 10582 15676 4479 14858 6721 7004 5922 1045 9302 16651 7369 4881 3242 4267 9265 10604 3884 13605
2349 5403 6717 1568 15249 10122 14845 5402 14380 12429 14369 384 5223 8588 10667 10206 9774 5986 9935 19904 18922 4785 8972 15503 1513 16465
16836 7673 6181 7279 4144 18146 16891 3617 9183 5274 6340 17715 10193 6003 6537 4726 14458 1332 18952 2550 8686 2855 18152 16686 5215 18455
13472 19400 1166 2903 19971 2540 4347 7184 10658 5914 13009 7071 19909 16839 18651 7207 85 5143 13000 17892 1261 4820 5757 7000 919 4342
16019 6635 6936 15592 16998 7525 15398 9947 12148 8111 189 4748 18729 3717 18383 2705 15510 7729 10365 10482 12443 6138 2077 1086 18347 16199
14739 18823 2807 4500 14525 19496 1870 5122 16044 15881 10268 14085 15689 18781 5209 6099 19262 2750 6456 14882 7229 10757 6593 1524 15077 7456
15844 11112 19629 12538 12382 7410 14270 15750 13015 12335 14052 10094 4722 9624 7738 16659 17168 11019 13875 6760 6829 1668 6097 19028 1113 16299
15761 14923 15693 17307 5916 8258 2903 10078 9501 19346 3248 10960 10956 13544 10412 10856 10485 344 5805 11250 11364 10573 11807 10843 227 2620
5597 8456 5680 2218 1706 18329 2366 7716 12108 5522 13524 989 7647 18315 1447 5109 2926 426 14545 6410 7245 16369 7942 14832 5423 13849
3602 19018 8944 18095 4177 19248 3967 18961 13082 19611 2732 16991 8722 6381 9247 3099 9638 7778 14016 7370 9640 15727 11850 19272 2466 6489
15855 17760 4827 6947 9969 17495 8851 14026 4519 2383 16824 11866 19310 16553 1892 18228 15078 10252 11452 3788 18052 1187 2618 14443 14284 5898
19758 8384 4299 15964 19410 5457 30 18321 2558 9836 18673 5322 5490 12028 4241 4249 15280 18733 9897 15057 15462 3652 8308 8880 14666 5083
2594 2045 13906 3960 2099 12905 2272 2169 17680 10828 11594 11104 3446 13488 6616 15602 17104 9493 11543 14659 18752 2933 15610 14292 17 12158
13258 18570 11711 3190 7198 19495 4738 2530 6518 9059 1583 8651 19047 6045 14383 16912 1445 700 6626 11066 3450 6463 11116 7320 16242 17030
16796 4294 10015 2175 13428 14799 6930 2554 18723 854 12434 595 4823 826 4703 12091 12921 12358 9914 2344 2987 5711 9612 2131 13433 7890
11522 10669 10486 7788 7871 13190 4399 7515 1973 17470 6493 8267 17901 290 909 16822 6162 15351 10029 1055 10592 17478 4881 8219 18271 6658
10539 19104 516 19979 1492 11092 3406 4477 6583 14659 8698 18705 14412 19310 3365 1012 14216 7027 8289 8122 18843 17560 9524 1995 5635 14396
19123 886 445 7897 19271 14155 16860 19512 4172 3124 4648 1243 12648 8581 18869 843 9211 18265 2723 4224 10030 14756 15576 13153 11202 6200
4720 4565 16124 6472 9583 10950 4505 17708 4145 11844 11482 7900 7466 19112 2003 913 13413 18723 10806 3675 800 13988 2460 19031 17322 6902
11708 1111 3189 1110 8180 10626 18004 9624 9471 19627 1497 6214 3925 15293 562 12208 18304 4617 15801 17098 4727 9509 6348 5275 7113 3250
11154 10545 8742 15544 14516 15960 5487 14581 2742 13929 9274 5414 15086 17291 2813 5977 11484 13670 18817 5006 11713 10793 3127 7569 5127 19980
12497 100 1331 11668 6991 6893 14173 1462 608 4684 4035 12837 2657 661 1798 11335 12532 8636 16741 866 1079 17394 18227 12784 17478 2670
16069 14496 19417 10538 13196 7780 17216 929 18245 2122 19101 7595 18221 2971 8928 7065 14972 18716 3949 19493 8372 16208 17365 9096 3576 2174
5176 19065 16341 4818 4908 5205 13012 8080 2046 17795 7930 3808 14677 10314 15081 11694 12389 8591 8496 13168 6965 18416 5741 18514 7697 5151
6096 5129 6518 17237 7100 19237 19894 11457 16299 5263 17141 16766 15008 2902 2292 2132 13669 5799 4400 1169 6993 7503 12023 19269 5262 5438
6367 15071 6803 2478 2577 11767 2776 16061 7615 11741 18639 11726 11081 11706 12982 8617 7380 5760 15059 5916 2879 19815 16099 17365 11748 14365
10160 15905 16990 7070 7944 15682 16361 11916 290 18436 3660 4267 16641 16384 1403 11014 10932 18852 18619 3605 16366 2513 19937 806 18363 10703
4102 18806 2820 7256 14571 11749 2576 5767 15055 8897 11774 2201 6826 10936 1451 2883 9997 17400 12289 14113 19439 1873 19954 11782 6301 17930
9061 668 4999 8297 13951 12639 9169 13414 4051 3160 6427 10791 14252 6143 15052 11022 19634 11447 18081 11410 1568 16194 15378 13340 6718 8418
3972 6282 16366 2015 9566 10218 10989 16185 2719 17796 14903 19796 1079 9450 19969 19024 18949 8126 19079 15068 9729 9077 14190 5384 11677 4535
5993 348 16327 906 4229 19556 18140 17664 4183 12681 1476 14546 11966 16110 11784 18296 12690 7196 8798 1141 8072 2838 19762 13061 5060 16548
959 16643 8278 7657 12585 2342 18777 14300 12803 2745 19605 9475 19514 7068 6176 4583 9196 3945 1217 8475 14221 2234 9615 10216 3432 15831
19219 19661 5167 12022 2875 17479 14563 2237 18728 3397 1846 16130 18649 607 12399 15470 8965 14744 11256 7690 19964 5452 15180 1392 14824 7792
9586 10969 9196 668 8240 4968 15723 15493 13066 12917 17990 6893 18829 3389 8637 11928 17941 15578 16858 11940 17380 8305 6299 19878 4970 8356
7554 3775 16072 19733 35 14583 3582 18918 18345 4553 16179 4745 4124 2667 14406 16434 13972 6153 1646 14356 15213 13021 19397 810 4489 15183
10704 10914 18151 6337 4836 7457 10457 8099 6774 8074 1615 19562 19547 11588 19782 4112 4564 11853 11609 274 8364 15105 11454 12863 15665 12190
2842 4166 63 19145 9130 19313 16279 16451 19612 7891 9035 6245 16432 4391 2973 15660 14766 17128 9954 8076 7681 11096 13748 9813 15736 6263
1601 8852 19658 3527 316 11665 19815 10318 16247 13098 5557 10602 7578 16121 2981 7763 12841 4710 14612 2867 3150 9846 10708 17472 16707 911
19305 17294 13987 8581 15807 15409 16999 7985 7639 19681 17179 4735 12350 16840 14178 16790 10414 18651 10003 13325 4678 5919 122 10740 8781 14289
687 10743 11743 16074 8111 1860 14116 1278 11410 3678 1306 15152 17310 11709 8248 14763 9241 1060 3665 17467 7779 7423 12526 2934 8476 19077
7298 4594 448 16667 16221 6017 2781 14379 471 19092 19787 4276 19245 10585 13994 4642 2207 493 4054 6718 13606 1038 19433 4552 6971 17896
4826 4608 4622 17451 8193 13620 5324 17398 16331 13075 10044 12529 475 1023 7518 12528 14723 7227 5653 12324 8796 6244 2681 6700 5589 5132
15347 4609 15302 7725 15032 15926 10139 2101 3343 17409 4717 7956 10003 4851 880 3603 1282 12331 15930 8587 11026 18627 11052 7615 2094 12033
13408 3428 4338 2544 13660 6215 497 6681 17688 18781 16306 17135 10282 14124 241 19805 14275 17254 18250 15261 14039 5346 8388 12671 3009 3689
2458 10128 1190 8020 14144 15136 18739 8253 15864 2943 15540 11265 1544 7223 140 3427 15869 902 2256 18770 507 19724 7284 10679 11057 7624
13786 19933 17537 5342 14887 8275 11502 15916 13084 16044 372 13937 2025 16026 16280 7013 5599 18761 17345 7503 15482 15834 12224 14870 7654 11185
12956 3475 19474 9202 11685 1782 6800 11316 1412 10363 3225 10014 9715 7973 10476 17591 6673 7434 15052 8707 19039 3172 195 4598 12884 10380
3532 19166 7645 13878 12913 2312 13251 18881 16857 7771 10533 14989 16136 5866 7757 3610 19034 18237 8002 18828 9364 5581 19899 19005 7915 5304
18517 17227 1504 2039 1294 14952 5215 4949 9111 10649 8666 5982 15492 990 11395 3159 14292 15235 1877 15038 4477 18451 13946 9269 6592 2449
17782 7624 6092 7028 14347 4485 15206 2465 14650 294 5427 16918 9521 6592 4176 1021 10558 15816 4945 19733 6898 9529 2166 15573 18380 17409
19438 13292 10814 4246 1227 8297 11053 13345 12164 9864 8602 4256 10912 14043 13233 2995 234 12522 2461 12841 12642 9330 4862 979 1184 2241
570 12914 552 1881 8565 14572 15880 3624 13311 1761 6507 5943 15739 9206 13674 5768 2009 12143 19889 9096 14161 17558 14230 12976 2287 1116
18528 2307 16006 13573 19155 6765 13826 9908 12002 10602 4254 18888 12827 18067 15809 17455 16053 15744 2439 9234 19558 13025 2081 3208 5342 2713
8064 13435 1310 15168 5008 3743 16320 12215 2761 6100 1913 10719 5718 7132 2745 10479 3890 19485 3554 9288 1876 15464 9094 17711 4777 19373
2779 13105 10343 17604 12380 11701 16771 9969 16769 12692 18668 19457 1916 17592 19421 10529 13884 1774 2775 15883 4023 3056 4256 13574 9171 5240
12775 15618 16788 4479 9072 4094 338 14876 16790 10577 19317 8415 9503 8538 4999 14947 8896 11131 10322 1435 13604 9336 12232 11027 10692 5741
10363 12098 14902 1339 8950 10940 5257 10049 14118 6949 2469 6367 15452 3048 16096 1529 1987 15048 8846 15479 2248 15784 10689 15898 11813 1735
1534 19382 8523 2649 15266 9650 11 15003 5001 14092 4795 1436 1579 12947 11679 8259 6986 2195 5986 12430 13671 4289 18950 9655 7789 17994
16346 910 18916 11750 917 17645 1805 434 7751 19128 4039 4425 2367 15614 2876 16675 15062 2741 2003 3662 14343 2524 1818 9493 17607 8293
13198 15885 8858 5063 6929 7468 12642 9057 17747 7815 12081 13842 19078 17213 14059 18789 19822 13923 4102 19113 2414 17341 10104 13812 3779 14065
221 1296 11143 14196 5529 17564 19657 5298 1947 15570 16043 9825 7652 7331 9111 5862 7101 8857 11179 17615 13399 4109 836 10241 12141 7281
6918 18196 15096 252 14691 18228 5516 1932 18406 1235 6066 14402 3697 17453 15600 3330 12816 3851 16036 1881 4526 2298 18897 14999 13816 2164
7007 10941 19871 1570 19598 18345 1030 14185 11144 8893 135 3142 8949 15886 8815 16513 13430 19878 2623 14663 7211 14810 14369 15913 6779 14059
3595 208 16611 15924 4821 876 18031 546 6492 16374 12459 11398 379 17914 10763 1884 5717 15376 2991 13028 16483 14266 16486 17004 13882 19178
4805 191 15681 7526 3920 13879 5499 13366 3796 694 16318 1894 19438 14532 2518 3772 11666 12122 15227 200 19199 9884 560 15582 11444 2557
7281 3999 12234 19370 7278 1017 7314 6817 15637 16130 2952 16207 19128 3357 3027 5538 11514 2970 13821 1642 14851 17737 19292 17199 15268 15268
19058 8184 5585 19004 9393 1062 15993 10383 8106 10891 5742 11255 5843 3783 11989 18301 14098 7212 4212 7330 14081 6187 18728 14627 6541 19941
1473 5889 13886 7837 9265 2109 9033 3381 13347 881 18537 16966 2526 1128 14301 5978 11340 6889 10543 10149 10407 11333 19309 1912 18256 8764
8016 18581 8253 11516 8280 18516 13596 10040 3225 1937 2666 11197 13678 4242 4784 14252 1897 19934 19102 19004 1753 15147 1393 165 9660 1441
14548 7545 10106 7279 9056 14824 12963 1412 10952 19348 4151 5593 14288 10672 3694 5771 5706 5333 11135 14713 511 7997 323 2265 6343 3474
1058 5325 6084 5102 5253 9916 3993 1581 12396 8892 4969 18356 14532 15152 17951 16197 7063 17801 5836 16203 3861 9860 3060 14667 340 17252
13712 15701 7657 1863 1923 14544 16907 15759 19680 19551 4130 3586 11080 1841 1141 14063 2431 11482 17624 10786 270 1515 15023 943 17009 1158
6971 15863 16941 7099 11993 2878 18926 13345 4708 5889 5443 1412 8530 14456 12799 14368 6869 420 9516 13513 4703 18624 16688 6203 9323 6633
8693 14791 854 10511 18175 8415 3151 6761 4984 14898 3071 18086 5470 16099 1070 5950 11174 13148 18165 1879 10759 7082 15493 9535 19916 2109
10913 16120 3838 13986 10775 18748 9536 10464 1186 15024 5458 9168 12184 13859 7045 15577 11663 18157 9532 6649 7709 4787 7865 723 17064 3560
6161 404 4820 19069 6428 6668 11445 18134 3819 8689 16990 16536 7556 18461 6385 286 8941 3819 3256 7023 5751 16113 12108 13746 9793 7762
6805 9720 16373 17973 421 2065 9791 1066 5280 17571 500 10599 17062 3304 4211 12983 8743 1682 10055 9550 2519 15965 3237 5669 538 13212
17083 2605 14157 17574 272 459 3181 3045 11241 105 3764 2509 263 18214 5740 8290 15826 11021 7631 18330 4067 11455 16965 2657 5357 1898
18184 5888 1928 10584 14202 8904 16548 13435 3191 552 19433 14333 11420 5964 14454 17512 4670 15913 14168 18400 6296 7464 15574 17441 8971 18939
5039 1853 6580 18851 2528 170 12146 8720 829 4277 15880 2243 18699 6636 12428 10180 3329 16509 18483 11817 12428 18087 9208 17812 1359 10730
1744 5125 11910 9428 12294 13394 13000 2748 1492 5727 18160 18763 758 11626 10514 19826 5479 15413 13558 9465 19520 1126 15417 1688 11834 18708
1936 10132 5743 14014 5873 6819 9330 12019 7594 16611 7417 2052 18493 8274 2300 537 12455 11714 17135 6324 6720 6924 12932 581 15978 6004
6782 15488 2735 4205 8110 1 8574 602 11763 19398 18681 9444 14745 18256 266 542 19239 1496 5078 11973 19883 6400 3684 1093 7097 143
15332 3952 10055 8235 9422 9809 13991 13761 1386 325 11754 11909 16959 3750 17065 16363 1088 9686 12653 14196 4619 1477 13494 19728 4315 17421
13672 10349 18665 6184 11548 6326 13710 9476 5630 12902 1737 10998 18419 2720 2900 6230 371 13415 6259 17441 6502 7365 12677 1790 12816 4276
9466 19961 17236 17055 17255 545 4409 3009 12524 4971 11665 11358 10383 7969 7867 12879 19742 9519 10260 5385 7201 14785 12062 406 18909 17374
12198 12994 14632 2366 6329 7163 5086 7256 2300 19401 18809 12956 3738 3550 11723 6697 12384 12750 5879 12543 19096 15691 5009 12050 11314 12412
7422 18510 13996 534 18880 18847 9816 8043 9393 16248 19024 13762 16698 8673 37 19679 9495 16625 6828 18521 10485 14148 12275 10079 7601 2447
12658 11640 8107 14916 7172 10010 6637 13170 6878 9538 13433 4264 12238 6398 7276 12493 8893 10980 1314 18055 16213 13678 19814 13776 9028 17859
5492 7500 14167 3261 18565 14615 19680 12089 10804 7542 17429 12468 10071 4740 13634 4049 17255 15081 18629 4983 7560 3787 14331 849 9020 13452
19673 1328 4478 12195 9545 8807 3289 18802 18434 9302 14935 496 9718 2411 6402 14306 3715 19438 17411 18115 2322 13207 19886 944 7715 2161
8932 18128 13307 8433 6407 2158 5340 13426 1370 11438 8267 9999 13977 17769 296 16045 6925 18114 15795 5125 1966 5175 13336 16834 1789 4412
5684 1831 6988 10964 2815 13088 13912 19882 14471 13147 19924 15775 14037 16593 5049 14730 13626 12045 9091 18917 14012 15408 339 18376 13594 140
10384 16669 9335 11252 12655 15545 13284 14025 14446 14686 11432 7190 5192 2837 14905 19870 18144 11863 11221 12866 12906 12193 5303 10872 9944 11010
16130 16340 18086 12214 14945 13239 19437 8145 13429 4109 3114 10548 11837 15826 7746 1878 13368 5663 16975 9168 10127 3816 19711 2904 9550 15704
1058 1365 6310 18880 6690 9154 13782 15922 9521 348 6528 5455 11450 2598 14153 18421 15095 15030 72 19048 17341 1095 10356 14759 10295 7886
8826 967 3155 3854 17400 7758 4657 11403 6009 2420 8046 2585 5086 6 9687 14054 3840 17520 17159 11116 5510 3184 8031 8569 10740 2031
18171 1100 2900 11952 5841 11193 10657 5973 1044 9325 19537 7785 677 2674 4610 10561 18393 14714 1736 13356 11990 37 8674 11167 17866 17809
16706 18809 3891 17407 16561 19996 5015 15944 15337 5407 10325 13781 9185 9431 2105 16929 17166 18167 6488 10450 1176 13289 16902 16209 6015 6213
491 9979 13586 1108 19275 14256 7544 9680 2330 2647 12852 16347 4428 18826 13047 10279 2614 18844 18937 8911 7185 4201 10868 14105 9502 4001
15264 11427 6254 12106 5414 11718 12425 12907 17963 17130 19979 2185 7775 2556 19881 6304 3177 3956 58 9480 5786 12126 14632 4097 18664 8036
17268 7997 7861 8859 9586 18773 9198 19318 7137 6122 8178 2844 14661 2636 14944 2834 6667 14204 6451 16436 14421 3022 6410 18863 13892 19945
4585 2207 1620 11068 16585 9655 7914 10052 3992 4371 18032 13899 13386 8039 10539 12152 5081 1190 3743 6741 5064 2486 14223 12453 8067 15684
9677 4714 4887 3782 5583 7147 9695 11775 11370 19008 18002 2767 11800 5743 5515 15163 12083 8968 18141 9082 19049 6124 3438 309 606 9394
16838 8582 19564 7237 19692 19551 2592 3027 1189 10125 10885 13637 6199 8769 13529 8560 355 5997 13537 15318 11926 11635 18557 17077 2073 18414
11041 4296 19317 2962 5197 8273 728 14247 2746 6379 17060 446 18819 8626 6026 9560 12722 7510 12125 18761 3478 6835 12238 4051 14739 8460
17153 12219 11564 15315 5571 3136 219 2810 17614 3940 11 9167 11197 2469 17608 3290 16923 8522 10410 12913 10141 17877 17600 5216 7313 15241
9386 12687 2797 9160 8825 6453 15254 7477 10502 15880 6816 11864 2803 7430 9110 5525 10379 17371 12515 3520 16617 18494 3712 6519 6043 4823
5749 15436 9502 16691 13446 18907 10850 4648 7947 15139 13733 12413 18473 10679 4329 8592 19779 2670 12040 8154 1010 18746 18995 7111 2316 7383
4114 841 13106 19983 8341 1227 11911 9389 14646 5154 6273 2423 19917 17816 5987 11378 10365 965 1112 2710 7219 10301 8462 3952 18449 1412
13531 19392 17407 5176 16719 12401 8018 2168 7623 14773 527 8172 7363 1076 9965 13621 12974 18495 19671 1003 14135 9244 14366 15492 1336 9146
17620 18701 19364 5148 7743 10516 17635 4659 14113 10216 9716 2578 10014 18964 13001 10429 2806 104 677 18740 5159 9350 18290 13375 11209 18729
18189 12996 950 774 16788 5596 18598 13856 3113 9293 4492 15763 10407 4403 15078 3253 7654 19095 2544 17067 11476 3788 9896 2969 17146 13967
3338 5619 3459 19535 13118 17313 4326 19113 11685 5857 6788 9190 3071 1789 12882 7308 1254 17662 854 11176 16842 12232 3043 17080 3074 8905
15382 11841 19247 3314 3694 3874 5194 2897 454 4847 5926 15629 2378 5354 12259 2625 18688 13469 1786 11517 6603 19566 14544 11109 2803 1266
1027 6360 18203 8172 16568 2175 8869 5892 16242 18966 4968 13684 14364 17088 17335 7544 4798 5069 2302 17899 17672 8177 5176 15657 12917 14254
15638 17967 11863 10124 18367 13002 8869 19745 18180 3057 12154 5321 9020 17595 8194 19501 4887 17635 12904 4105 8596 5930 11733 1360 3126 19408
17021 8423 5805 12070 12753 2789 18277 11140 741 9527 13672 8118 3213 17544 18301 2819 5362 2718 10569 7739 17073 6318 3727 19862 9681 19097
690 15650 13561 5127 12913 10907 10937 14074 11018 8476 1695 10205 17973 119 13017 2032 1487 19864 10916 10710 1820 4827 18510 2481 3380 19469
17488 8690 15693 2488 5377 3545 11566 4418 10678 19487 668 11115 1559 8371 16509 5511 8943 3485 6571 5567 8347 6275 15440 8552 9856 5595
4272 18121 8879 15848 6026 6661 212 4326 7728 6411 5182 18617 8493 10357 6348 13408 9160 14233 163 19975 4741 17814 10154 7030 14440 19279
16173 10441 2860 8076 10123 321 3927 9655 17293 12866 11026 8493 11748 1718 910 13492 14905 1827 7312 4741 872 8529 19892 19331 10465 4511
2245 14020 5758 12489 2189 3568 3791 4474 6409 7424 3190 12340 9061 12854 4175 19818 12849 7222 14792 1828 13714 5678 16111 3489 14849 15257
2422 12457 15228 5353 2742 1534 6118 8138 1467 4990 2635 10178 2468 4454 12249 8871 14462 17549 10966 17998 14304 12426 19679 7496 14950 13298
665 5608 11879 13294 6499 15579 9682 15158 1935 10562 12342 7857 18359 11311 8022 280 18586 2180 3302 2705 1534 16908 112 17545 6055 18157
17872 3202 8290 11303 16498 18307 19324 17094 18882 615 2129 227 10669 13983 3713 1298 8565 10471 9507 323 709 8985 19719 16612 19483 4979
11917 6910 959 12001 17023 10136 19238 17664 15505 7922 11124 1184 7993 4026 18585 1307 14746 6232 8658 17282 4166 9543 5578 9574 7227 12529
12042 18363 4328 16328 11900 609 11763 16907 1627 7354 3137 14747 19235 13781 19616 16243 7423 11488 856 3003 8403 15516 16665 8086 1484 9937
1630 17690 19706 3501 16596 1760 16928 6984 17404 10066 10652 8937 7420 5409 16543 13283 17443 2437 9306 1360 8465 6870 7687 2479 2092 17214
18550 11344 9672 5936 7419 2134 16387 9991 204 9686 18479 13652 18412 2543 17946 7530 6400 19633 15448 10755 18544 9870 17317 14991 4611 11986
4604 11513 19037 11084 6704 15009 11579 2591 14887 17712 19554 10565 16132 5116 4908 815 13515 6209 15503 1465 15267 10743 7285 10196 3842 18675
2646 457 10138 16125 8746 17741 3387 6838 10564 8646 8929 5363 783 17894 16708 16383 3681 720 13684 2284 2543 2632 14510 16987 10442 17815
14104 18200 10381 7502 9090 618 17626 9733 15813 3371 6277 10798 12123 8311 6781 19994 19776 1880 15437 16195 577 6670 17673 14097 564 6280
714 7035 5077 14688 2526 1573 3222 10654 3347 18358 9362 6525 1256 15161 3921 10240 11555 8338 15958 12086 16327 7095 8163 1750 12117 12045
15627 16229 14205 2200 7926 12011 11070 17064 15202 19290 10050 8715 16480 3219 3145 142 8333 15982 4969 6543 7981 15017 18327 13335 5822 12009
19027 5671 1874 5093 15846 13653 10105 14942 11210 2348 2288 3339 10060 9876 6472 12041 5602 19017 11776 136 18341 1602 4149 17022 12527 2738
15166 13614 9458 14950 11598 11643 3015 8193 19168 5111 5901 8062 7797 4551 9829 13997 4009 2440 12394 19895 14758 14404 1100 15378 1964 10701
1355 11849 11459 19505 1017 15035 12961 7941 16058 11438 2295 2052 1851 7067 2031 5305 8586 17116 6389 11499 12781 3282 7937 15708 14801 17412
16969 15854 7280 11154 10368 19861 4455 12351 4478 7993 6450 17532 8893 7605 19074 8031 5960 10023 4659 826 8226 6455 16167 3517 8569 15102
16223 2939 3121 2932 4645 14164 9896 7177 8943 17436 18190 5139 17233 8680 10403 14738 18122 221 1174 10198 9672 718 19018 5154 7882 5784
14176 3569 15460 933 19658 11789 12726 9542 10058 671 19461 7140 15108 6645 13163 895 2299 1064 243 16929 15040 188 14856 9428 16136 4458
15049 19903 19831 19623 8919 6389 18518 8344 17837 16628 10953 2789 8971 17704 2377 18288 14347 776 16211 17312 14915 12120 11150 9947 18258 6072
6156 11129 3989 4726 6493 11848 18989 9999 16594 17230 19690 18106 14260 9722 13167 14832 2175 18382 8842 6151 8754 13122 18392 13300 18868 11571
5559 10716 1088 13825 9865 3043 1174 15175 14040 13365 10918 1771 8716 14326 16345 5748 6800 6688 5182 16766 15741 18267 937 15213 6205 12551
7725 12531 19582 9245 10121 389 12456 6108 12603 2027 11743 14938 18581 7597 17424 17007 12010 10731 644 6172 13223 19381 15630 8634 91 6927
3245 17520 4561 2471 12659 9922 9684 17241 11012 14714 7284 13090 16892 134 6199 8699 5862 17053 17921 10816 4560 10137 6528 10215 7377 12907
12256 16313 12474 5573 15261 10620 2971 3290 2991 10087 8489 4271 1636 13750 5490 13200 845 18625 1229 13619 9743 6828 6274 642 5120 14155
10454 9707 9229 13101 16553 15738 16142 15216 144 7174 7473 8482 9082 6944 10361 8237 5180 5755 16905 14808 7380 17361 12964 5095 10338 3972
9000 13853 6552 9006 17239 6617 13341 17221 340 3800 3110 3003 11034 16377 10955 3981 14096 10892 18850 11632 13980 14596 4787 15861 2090 17392
9501 7039 13625 6489 15676 1103 303 3230 2713 10310 5831 2897 7442 6414 3337 11659 3123 908 6542 2701 7180 5170 3908 1070 2213 4172
5200 6709 17067 328 10761 604 6925 15784 2445 16718 9594 9203 14864 6943 12363 19380 11404 11030 9952 942 6942 19246 4940 18620 7544 12905
8376 7927 2543 14265 84 16726 4672 9369 10635 4823 9148 5362 3018 13860 3274 12749 7048 3490 17678 19079 15838 8955 11811 7281 19532 212
7998 9688 6696 12868 19406 16513 13167 16942 15158 15614 14909 6058 7509 6942 6985 17834 6934 19350 10807 8101 19949 9119 19459 464 4384 1249
6313 16063 2534 16227 3270 12016 18952 10471 13046 1325 2730 12654 19043 3346 1011 19118 15338 16919 19821 4101 2910 960 1603 18605 8592 6359
17378 19042 28 19371 8540 8952 970 3591 1971 7366 16642 9159 13149 15392 11479 5056 18779 2673 9510 17190 15342 9901 14796 10637 14699 15286
11632 13997 16306 15041 4686 4310 3196 10802 3821 6361 15152 1519 8533 4760 3090 15174 1834 12985 3075 19779 12392 19738 7085 2237 16659 17335
3150 4878 4523 5768 16662 1357 6135 15061 3694 8476 8587 7765 18457 11061 4087 18474 570 2066 8 1600 9975 1479 14598 8799 6075 18261
4048 12081 10272 4542 8747 19777 12026 5278 17133 6471 18492 19963 9721 4651 6153 15236 8435 10446 1649 17933 12341 4110 16310 19047 19122 6837
