365
45 28 45 57 79 76 11 86 36 4 43 97 37 53 29 38 55 76 90 6 46 35 38 77 72 92
10314 18973 8235 4520 85 11436 6201 10020 6454 19972 17145 3022 3886 4848 10775 9887 9887 976 223 17443 18752 6905 11133 14412 19069 17764
9085 3120 10442 3187 11581 5728 1679 16498 12754 11008 5454 14341 3257 14727 15482 449 19482 10948 19384 10921 6351 2786 8146 19546 14144 15647
2556 10027 8816 15843 11644 1473 9222 5040 9277 19182 18269 11936 3366 16 18714 923 8662 8016 1857 10450 10811 11946 12851 6766 12429 8022
7977 1203 4597 10919 1994 18094 17347 19347 12372 19615 5175 12399 390 7799 17608 12807 17068 13963 2483 9642 19000 3637 1833 836 13936 10098
831 10495 957 5382 14492 9045 7521 2086 8601 7327 10429 16133 13194 6844 15119 10951 5338 4963 19485 15512 19822 16193 9957 16778 15763 1211
9975 16216 2393 6732 5280 13614 3579 9326 14596 13186 17622 17890 10960 4037 559 17519 19960 14248 13862 13260 14166 8374 11375 890 15107 10027
2211 6724 6552 12728 8639 15133 4845 9085 16526 9195 4347 8618 18962 9155 2276 4069 14821 9062 14807 16546 9895 3272 18206 13644 6782 19250
8270 6075 9493 5261 14413 16758 3824 11896 7878 18545 11337 11382 15099 4441 443 3846 2699 19199 15646 19016 4817 3081 15298 16711 6019 15781
7542 10905 5202 10699 376 14716 9360 4386 3532 301 66 5956 11273 1404 909 4931 3552 14771 11574 11051 19666 19398 15299 16576 4437 19497
5277 12961 10732 14462 777 2362 5236 18859 14590 3090 16607 4037 17611 13034 17657 10054 8869 12790 5020 12381 10296 11641 15978 14554 15461 14715
803 3274 6904 12732 19818 14777 12159 5586 16129 10319 18305 9678 14876 7949 14802 12162 6839 18152 19213 6846 8952 18801 16665 821 3044 19735
18676 18927 13665 12592 17026 11820 13362 9096 18683 12811 12093 12008 18609 19517 10951 7695 8728 1444 9654 4041 13611 16972 5719 2045 2904 132
14607 7448 17405 6246 16585 8567 8864 19186 4374 14978 18650 5123 18000 8038 14092 1750 18122 13499 9244 6618 7780 4633 9193 15719 5843 1811
7687 12889 17267 19081 10717 16144 8302 3515 13130 916 14166 98 11069 3324 16101 2951 8441 3124 18193 15685 55 16597 13038 15426 5838 12217
126 17871 7129 17905 6444 10666 10840 14347 18314 11451 10364 14281 5512 6590 19281 6459 8414 10495 8509 6037 15948 7533 14817 10495 17184 19661
6347 5066 4090 15595 15054 8941 6259 1573 1290 9497 17152 8280 15424 1742 11084 12359 8125 12296 6223 7443 14772 19622 2727 1311 570 3776
1187 1897 10529 195 11573 15337 18549 18866 9221 19779 10510 1158 11402 7345 9343 3265 18728 9212 2964 18780 8034 2072 264 951 10351 4106
13498 2379 19395 15505 16047 792 13195 1601 6025 7733 3012 12898 1837 19012 8474 5613 19275 1707 16879 11278 19599 5922 14098 16597 4139 19616
10069 5448 8212 17707 14944 18384 10148 14160 10990 1209 17577 4983 17084 14298 15804 17964 11585 8193 15743 12041 6789 16122 2757 10757 6454 2954
9455 13128 15155 14804 6410 14442 17404 11241 664 13545 1391 1098 1787 830 3028 12906 41 9639 16817 13541 3281 6396 11122 1174 3679 12930
5357 2919 12742 18019 15408 12588 17326 10696 1587 18168 16066 5019 1186 3923 3925 4305 9666 11208 7575 8099 13730 12202 9220 4136 2312 9370
18383 19587 8209 2045 9369 16128 1669 3658 4760 14380 10904 7833 2346 17094 11592 9181 956 8738 7566 15602 17437 19736 13197 5710 2792 7728
9148 14874 10553 19879 19164 8823 1411 9613 18466 10331 19994 19702 12330 2276 18628 9003 15831 16352 1886 19394 17533 17561 3945 8072 993 11259
4065 2874 2857 53 10926 9892 19253 357 8329 13178 10430 2623 13106 439 1118 3856 11218 12780 15752 18621 9164 2714 9270 17161 17320 2380
18788 12377 2962 13301 5884 5978 19984 8039 7503 5508 5015 2379 19714 18987 11709 3366 10503 17706 12078 9126 14742 12506 12144 11230 10944 19662
12147 14105 12203 18670 16281 2828 7138 5386 2525 17949 13412 6087 13425 17083 15788 9823 14598 5825 5165 2321 1046 7468 17036 2359 3860 9639
8294 3223 13188 12354 451 6314 14102 11023 8683 10203 1973 8141 18861 6865 12537 8971 2477 9034 11394 12845 19131 19714 8581 12266 19532 4469
17322 7203 3816 12998 6039 256 11535 8619 10572 1183 8169 3884 11453 4333 12301 12559 8423 18130 4269 2819 13926 1468 16382 9905 15260 14344
7409 16323 3122 895 5545 7016 19947 9643 10992 91 1082 13728 13638 9758 13755 10555 7792 15846 569 2938 12346 15048 2373 13001 9960 14504
17718 7722 12109 4088 4046 2590 10751 13955 18987 10214 5701 8769 10745 1096 18205 17492 13335 18528 8353 10030 5717 7447 13844 7074 15870 10489
5465 4012 18833 12757 17161 13015 2306 10949 8855 6566 18200 15089 2539 7815 7880 16440 3812 7360 3264 17894 5679 10963 16531 1337 1896 5348
6328 11691 1395 1645 12345 9265 2286 11404 13819 12685 2507 2560 9787 4064 15361 5747 18099 6341 7744 324 13023 16190 417 12610 5068 13549
77 7070 13658 12821 7521 6656 10918 19980 4950 15810 10373 16629 2603 3339 12352 10024 1598 19073 7869 3341 9144 5664 14492 5693 5894 1301
10855 5837 19255 4469 8853 9863 1138 17908 1386 4157 12062 3113 9233 11891 8577 18713 11139 11544 7407 9181 3884 7297 6745 4615 9890 6693
19143 3795 8091 13188 15413 13653 9053 3359 3089 19917 7484 13483 18528 3589 5368 13120 7219 6277 9168 8281 6993 6147 18465 9566 8047 10641
16330 13811 16552 12469 14391 17548 1013 10110 11377 13261 17995 12733 17055 2978 9503 4254 15982 7246 15725 11211 2126 548 17271 10514 11136 7890
12431 7295 18925 8181 12596 9330 18610 718 5804 4874 394 9736 15087 11363 12599 14282 19103 1945 8848 11365 6059 14494 2780 10762 11181 17848
6768 7902 17795 12147 11946 19778 11898 17691 12771 17550 17987 9885 827 4966 12558 2157 10215 18581 11455 14244 3349 3016 522 14760 18463 16170
16557 8806 11039 13523 15431 18792 12586 19007 15148 16038 1278 8827 12158 17890 6027 19559 7989 1748 3291 289 10282 11947 17964 17449 1445 15699
15198 19924 2375 13692 2021 6355 4812 9226 9418 5153 8635 3664 290 7036 4898 4699 6805 8188 16001 14009 4047 8136 17620 11505 538 8176
6626 10636 7475 4422 1794 11097 13235 19892 5746 7386 12234 10557 8684 1773 14542 15934 11635 12384 3385 14278 478 19817 5337 2104 7573 19979
9659 15549 10595 3318 11079 14382 2963 5667 1355 19809 18300 5127 4390 19703 13354 806 5352 1628 10012 11796 11610 2147 3762 119 140 552
9553 12917 8297 167 1307 17661 19676 14456 16143 13513 1803 12503 11863 13437 15601 9080 1636 39 13667 4760 4510 11731 14833 18570 15360 12484
3066 5267 14525 1728 4990 8346 968 6569 8083 9162 17582 1364 12316 2342 17269 15930 17682 7226 9827 9196 1526 11496 17745 4259 8896 10438
6294 8302 7946 12393 9623 17637 3937 10567 9582 13050 4966 18832 14207 2138 4657 18818 2025 817 7361 9273 5085 14728 19573 12429 11044 6214
18879 16480 7995 678 8202 16101 9503 4825 4634 19646 15357 19087 12915 17520 1623 13544 3577 2618 16916 2290 14692 14078 19555 9677 3543 12558
16253 18804 6794 7506 12741 18119 6683 2189 17014 8768 17694 16240 4806 10651 10569 5723 13441 15977 16492 13121 5682 11468 9266 11988 16418 14783
16226 17553 14515 1307 11372 303 11316 18211 11494 10067 9221 9429 4977 12826 18357 7846 6642 16461 19299 180 18367 7495 16759 16757 15168 7374
17025 8397 19449 8891 12094 4846 10373 9084 19342 1892 13440 8197 13635 1732 14757 18602 19882 2738 10938 7595 1558 11925 12915 7850 5686 18654
3535 3018 6590 4622 3218 1342 14857 9394 10377 1489 10460 10243 17875 14099 1853 8507 7559 17102 14857 5010 1829 13428 11502 11333 77 8852
9472 9315 14328 4267 8510 3342 14877 16532 2510 18713 6234 11985 15163 6676 10506 13801 1464 13456 736 7586 17768 8108 12489 11744 8293 2606
11730 11390 18940 15592 19271 12466 4797 9245 5947 16088 11838 15142 2623 4212 4469 1334 4429 18415 3094 7727 10527 18074 4373 10852 11287 4710
19775 3793 7121 2081 13911 13312 10190 4712 6295 2406 9354 16597 2585 9021 11210 16332 12921 15763 10613 17713 9728 16550 14939 9925 15907 10168
2227 15355 16383 7530 17069 18932 8391 8129 3294 19204 12076 16905 18802 19350 19977 13856 197 4231 1692 7595 16600 7070 10120 18528 8819 5708
12436 16529 4440 12578 14135 7334 2827 15869 9681 15708 8194 1699 8606 12849 17811 6277 6726 9631 15509 10507 10743 15586 47 19606 14644 10185
18345 316 8762 12111 13657 2670 8069 15713 9129 2942 5205 3833 11328 18037 640 12433 7726 10741 6376 4554 7622 11629 5682 7649 12103 7590
14200 15545 10960 9593 1058 1642 7819 19329 16949 17831 3849 1793 18803 9943 8818 14615 7623 11767 7011 19606 13609 1223 179 6274 8940 1683
13623 12311 18456 15881 16763 10053 15599 17691 657 16370 13965 18040 17538 17562 3430 13067 17499 18066 18792 10788 16213 16643 9823 19457 16475 2995
18550 15813 17760 627 14676 17857 2625 16665 8139 18576 4179 17247 5304 8222 16899 6568 12650 6513 4404 17411 15059 13089 16151 18688 4163 1045
5832 13148 10529 14197 3057 6194 17599 15760 19441 12579 19983 2816 6889 5465 19372 17718 3977 5356 8973 17859 8071 11856 5005 19784 7777 11727
11642 5924 19868 9925 19004 17018 5591 2609 16080 14431 277 8278 9897 19100 5848 8448 18414 13120 6286 15061 112 10457 4883 10445 7377 18309
6873 4705 18198 15347 10676 12422 3014 9009 8520 14902 10497 16223 8890 23 19258 8570 4785 12015 13135 3782 19925 19424 2056 8352 7460 13800
17036 663 19098 10153 18647 1470 2692 19784 15089 14890 8118 19927 10850 7341 19691 11319 7649 8997 15616 5721 7856 8866 2290 257 16225 3260
2477 16067 11089 4083 14304 13553 1831 12450 1979 3811 11326 18702 9521 16986 12991 11432 722 15791 12583 6379 13134 7237 17520 6486 17408 6684
2186 2213 10512 13004 10032 408 11226 3414 9062 12858 8983 19545 17114 9394 17984 15280 8757 8077 5063 13567 18934 15716 7957 8912 11029 4214
15345 9805 17767 13193 2393 14289 14147 3722 14359 13995 17000 4999 14044 12281 1963 3742 14829 1762 3845 6255 5173 1055 7482 8780 8039 18468
17533 3288 1738 11157 7443 7815 4026 716 15288 13447 14770 1181 11395 8597 15686 3417 10688 8956 784 3854 11602 11677 7776 19130 12912 1849
17179 16732 18501 11122 17379 18119 1945 1640 18848 19078 14111 19949 2877 15931 17003 746 19268 17355 11076 10598 6134 3501 14103 13625 12764 9052
17323 16624 6723 18950 16747 5579 7042 2233 15301 243 10913 17286 18121 17358 4604 4130 15396 14364 13881 12176 7111 5849 3867 10203 16038 8406
3102 11362 7667 17546 13981 6813 17150 18777 16836 3284 7275 9871 6650 11912 597 5202 13180 13083 6689 4130 5997 7213 10704 2622 7125 19659
12049 2604 9026 9011 1075 9619 10757 17060 4431 15738 16913 561 18166 11324 830 11787 12106 11496 2373 4857 16462 19561 11763 4261 6252 379
671 12905 5168 6765 880 4256 7041 3147 7820 9681 4051 7736 12787 1610 17748 19645 19653 9146 16409 4750 14638 3505 15355 10080 3336 18130
1479 12774 6757 10100 18771 2587 17988 3936 16760 12504 15441 9852 770 2936 5242 6434 7614 19109 18303 5446 4327 11924 6788 1280 5756 8900
16270 162 13270 15188 13728 11137 4364 160 273 18068 16290 17253 15655 19859 7694 13285 12495 9126 14138 4797 6525 13312 18834 18540 13843 6420
18568 7696 3101 10543 5939 17456 12672 17646 19845 5370 13170 9786 10895 5420 6041 10083 3408 6938 378 3642 9107 7210 7694 10385 6232 11281
11702 13593 10430 9171 14477 9991 158 4271 13602 12587 19338 9662 19342 8110 18593 10337 6949 18036 15923 15821 19680 2607 11723 14838 15669 5788
17125 1505 1007 12241 5570 3196 17593 16089 15469 8636 7432 14760 15635 4667 2398 18007 293 15013 199 15067 18719 6295 13508 18186 14612 16438
7341 961 12808 18583 18041 8506 6647 10678 1410 19830 15044 12250 10861 19580 6341 6338 10089 3579 14038 3023 15152 12594 18082 8279 8253 11770
16854 12650 12497 1551 17490 8267 8280 12523 4420 18740 2333 10465 15320 18327 19473 6086 19939 5921 16038 15250 14062 3344 1557 16993 7718 17497
10010 12210 5359 13721 9781 10010 1550 16892 4260 13978 7717 894 16727 15612 7341 16051 12885 8002 19667 19875 5108 12181 13223 3801 19138 8156
18193 15874 17653 10531 16950 13223 14618 2171 1504 17337 16449 19172 19169 15649 19436 4061 8287 7048 3767 5181 3560 3435 16984 16944 19953 10380
12757 18705 9555 17072 326 193 18253 13678 15385 12415 5086 18034 19979 1750 12077 1239 12879 2462 1352 14676 672 1814 6999 6187 11196 3973
17728 18321 11673 18749 7210 1974 10056 13394 8164 14349 4909 15979 16441 7449 17312 5065 17893 10573 16852 18118 8601 3346 17858 12776 13627 8865
1797 8739 19222 11577 10067 17695 14742 15741 61 4370 2037 12796 12881 10992 63 10849 11561 17920 12460 7815 10131 18853 1629 11417 1676 14365
19647 17978 11230 14332 3296 533 10001 17998 3833 8783 13958 4734 3643 10636 2255 5773 19389 913 7742 9906 12562 14566 18326 17747 13804 8752
19951 5110 16994 13691 9550 17269 4799 7958 4531 1332 8941 19029 6868 16352 11796 14826 3460 10445 14181 5336 17416 7331 2932 12497 13995 12841
9763 16024 3405 6117 9907 17264 12255 5628 12421 10990 15603 9306 1703 9408 3348 19175 6914 17281 5592 18812 12457 1713 4740 1688 622 16718
5224 7674 17876 9247 8726 9430 9937 3643 5659 6660 18359 881 5745 14875 7609 697 6725 6465 16461 8720 530 6530 8281 1342 8456 10747
1210 18859 11852 6688 3033 13277 9100 1484 16679 18703 5056 2878 15245 219 2378 13115 4427 725 16966 325 12143 18394 98 9879 383 16047
18621 19005 6272 8081 18554 12219 3407 7810 4465 14905 17338 16561 495 8977 9389 15014 11603 6516 15331 495 854 19629 1982 396 765 12744
11607 14723 2269 7575 16579 8300 11207 19920 13332 2318 14768 2348 8699 10031 13188 3873 9190 7640 317 18123 5803 4118 9336 4794 1608 3971
11801 19179 12882 9616 12337 3367 15253 5955 9934 1789 19845 6751 15998 17599 5186 7782 1765 14155 1458 9711 2604 5430 13678 876 11243 4412
3042 8164 1033 18404 5934 14801 17543 688 19166 1105 7259 16527 6333 19373 4393 9768 14500 6990 14496 8790 2349 9217 14241 3724 171 990
16289 6433 18665 14256 11886 15155 19541 8290 5740 9892 13347 5865 12753 11935 11456 1470 1400 1606 15276 1640 19575 3679 12740 4329 8155 14620
8436 401 14498 6221 745 12315 14082 11842 11472 15331 8688 7115 12797 19271 18477 1592 8854 13182 11575 15628 7273 14501 17061 19260 15838 4119
5416 17019 13080 19061 9263 9073 10554 11683 41 15057 19129 7431 3355 18998 718 15249 7586 17418 1735 13173 8602 12880 5896 19207 16121 9143
2163 12904 8543 10681 17445 18657 748 2064 18604 3406 12679 9467 10923 146 14469 17933 19133 3549 16704 8178 19766 19865 3648 17480 18618 12366
6041 11323 11032 3477 11672 11758 5872 8884 5800 9066 13834 4653 17600 14855 4634 16318 10732 13162 11149 11814 8729 2017 12365 18016 14505 11161
1026 14970 1985 263 19395 16611 13004 6354 9567 18965 13484 9331 4667 3357 8116 10505 9494 17208 16536 9753 286 12111 13699 4599 2194 7520
12663 8603 6632 932 19518 10161 9612 14463 12474 3801 8321 9980 17911 19801 9492 16706 18634 15762 12423 5080 10696 2521 7377 7779 1796 15020
6537 3290 344 13828 8823 916 11062 10424 14874 17076 17336 3211 11634 10169 1403 4569 2594 15920 11968 18119 16755 6689 19379 15339 15233 18290
16226 5002 8887 8330 9286 11511 12906 17051 16027 7715 7143 4350 17415 14336 8703 10496 301 14627 18016 5640 2441 17566 5357 3691 16357 13016
1941 7658 3214 9423 377 14231 13892 5789 4165 10069 9466 11910 19314 438 6953 231 9059 18333 18326 8270 9900 10554 10437 17401 8492 19954
4706 6050 13828 14550 16416 1917 11860 976 10509 2365 9765 10756 16091 18219 16096 18204 226 9351 15726 415 224 10327 1919 18718 19243 6112
11989 16486 11607 2459 9178 15934 15319 9318 5912 13174 16731 17969 9578 19210 940 5072 16998 3453 2670 4905 11271 14971 7309 19315 7006 16860
17712 9650 8642 2223 559 4523 14297 17727 12164 16525 10406 12314 1504 10414 6593 10995 17277 16470 5947 260 8055 19592 3569 10401 3534 3671
12066 7980 6898 8404 12550 18901 5019 16167 8386 18854 9861 9742 6798 13202 2332 15335 19851 10005 10185 10554 15746 17973 1556 18493 15572 188
1605 781 3519 6193 8882 8738 6294 12386 8024 17787 8606 5698 1179 6493 7635 7209 5602 17767 15441 8086 1516 16656 12306 10694 15131 9282
5980 16219 11724 16965 19164 2014 14099 12926 11664 5481 11422 2182 4101 12924 11041 3308 18630 7662 10148 4978 16592 4342 17330 405 11042 18665
11217 8714 4887 2969 1809 6819 3177 675 12238 9351 16346 14521 19769 5715 2837 3176 3694 8072 14093 4149 361 5701 7907 12834 12378 17229
17738 16745 871 12172 12311 12136 5876 5494 17808 936 5270 13910 946 3221 11497 8261 4073 8557 5216 17767 4714 2962 14587 18721 3897 13718
14763 8924 18180 7499 3960 8123 717 8654 6854 8869 13041 7731 7196 14725 6486 1897 1702 3549 11706 18633 12963 15755 2961 18180 13004 7440
14744 9720 8200 12579 12985 12908 17727 8771 7043 5041 4314 18791 12722 3389 5211 8334 17878 6476 3099 18566 15384 16540 13465 8713 911 8909
16882 6278 10600 15969 13256 9358 13126 16546 2166 1664 15170 2711 9624 9568 3819 13038 8891 11731 596 16386 10788 9296 1151 3933 12101 3160
4558 5833 16418 12076 15118 1988 1122 14422 6669 3152 10580 8850 11570 3651 1717 19687 13255 16352 9098 9445 7444 9866 6358 16219 8441 4933
16434 4103 14119 19267 19852 16065 430 3797 18217 11904 5207 13616 11150 2218 9394 18854 19914 8013 11601 8978 13920 11820 2676 10510 10796 12850
11367 11328 19996 9903 15510 10089 6966 169 16683 1889 17018 12793 12784 12659 3163 19056 1490 10578 12911 119 18521 13675 6834 9578 504 11820
16233 17834 11485 8446 10716 14423 17973 13013 17416 12777 7846 19539 7703 12170 10962 12357 9378 7690 4811 10301 4487 13151 19631 2015 4818 81
7611 8786 443 10517 16486 18566 9954 2275 450 8364 16828 493 2967 220 14310 7364 16784 6774 10919 5919 3791 18020 19851 2212 7235 3019
12018 3038 13075 12775 17329 5886 12020 12267 7848 17653 7621 7618 15778 18069 1718 17657 8804 12263 11457 11590 3703 7323 12109 14870 14770 5152
11347 7505 15890 17217 13239 8334 5649 18620 8791 11603 16508 12749 3953 19565 17924 15205 11132 19176 5333 668 14415 8427 8469 14519 13792 10154
11029 7545 15467 9307 6349 18769 12208 16367 11482 1336 12650 2907 5618 1446 14274 14946 8948 13485 16080 6533 14143 18692 17369 14776 13701 13840
8596 13633 12861 6111 5343 3035 7919 2652 8019 14807 15056 4740 17685 4507 7850 15308 14807 16621 8982 18591 8581 836 2819 6648 7725 6664
84 15449 17676 6642 5261 17613 3664 19431 12365 14220 2354 11569 12871 382 19450 19535 8988 3131 19887 5180 599 1293 17178 7266 19580 9776
10252 3677 18926 12703 494 10235 414 17049 6850 7443 18488 9119 11612 8608 13969 17978 10123 15743 18501 4673 14667 8884 12437 18754 5134 1091
13989 16450 5337 17391 10924 5666 18598 13179 14257 9721 12670 15462 14421 13439 18972 14005 4551 7384 8448 5874 19302 17274 10817 13869 12577 3619
8320 10127 5440 1412 9707 18463 1125 3054 8154 10623 7182 16146 3231 4603 12377 10786 11834 18643 4171 2582 12895 5035 8975 7897 12882 19163
4607 10393 6829 2682 9535 9184 10672 13904 16119 18326 1392 15096 11371 6169 17358 4324 12324 19604 4497 7035 16393 15308 5032 7247 7480 3783
844 2160 11069 7281 3605 14596 7124 13769 583 14529 2382 4004 2133 19964 1610 10717 14424 7121 11458 16435 5049 9378 4685 3151 8828 10355
18848 15365 2377 12656 8794 2165 9123 10484 1548 6550 3624 12187 15210 1887 7953 6913 11268 16396 15025 14696 15487 10528 3385 3494 9644 5704
9797 8845 13718 16766 3407 17847 8339 14213 12728 11734 13168 17012 6006 12240 16680 5075 4963 8404 3466 5542 11192 17043 7489 11987 19608 11962
19546 18027 18912 18217 18195 16858 15728 16058 1972 6628 12414 12511 9591 18055 3274 13049 18794 16222 4244 4464 1762 4842 2192 670 9487 7771
7006 19594 7583 18637 11018 2717 1144 17359 19239 652 846 9610 18310 15395 15627 18344 16975 13202 13506 9436 17208 1880 960 9728 17412 6352
4518 15382 8660 5496 6123 5942 12181 3691 7055 14227 5291 3526 3635 19406 4306 10248 3541 3022 13752 8891 17075 18966 13142 9930 13613 4718
12662 5734 19143 3360 16535 16222 2348 6335 4483 15852 4601 8535 13357 17259 10635 15668 19941 9381 17446 13214 10398 5344 4871 5830 8128 11569
10307 6932 2613 3498 3674 9923 17645 7290 4983 11220 3376 7443 12682 14066 8382 3628 11511 14507 10908 2890 16389 8798 16052 8062 16587 17972
17627 13187 10811 16325 3091 2454 17558 8154 11554 388 8675 12754 19924 8081 14184 13796 3149 14491 9542 13584 19095 5874 15775 18289 15083 10424
18295 5967 3583 6762 9937 7610 12636 8651 62 19149 775 5124 19907 1137 13336 2304 9359 6840 3523 6873 637 14221 971 3044 11282 7122
3146 4724 4763 10005 1663 7963 19047 16619 3357 18656 16231 13256 2862 3712 16721 14341 6311 10275 12873 8425 15814 19079 5071 10389 7587 2600
7062 15240 4712 17862 5355 11466 19560 4168 18394 416 4441 8670 6337 5660 19327 13917 18023 9676 15307 12594 3504 9103 4425 18331 4856 14301
5668 7871 17802 19482 6808 17867 8187 19086 12143 19131 10381 1157 11694 19970 668 4057 11144 505 10005 17025 17686 5248 14882 19086 1056 17087
7254 3742 9556 11402 9042 4040 5769 16135 7891 13401 8280 13449 2174 19174 14401 4480 6636 5919 12386 1868 12329 12077 11617 13112 19404 3213
15630 10768 9389 414 18751 2531 13146 10016 16829 1524 4297 11264 262 9724 3768 16140 5109 9904 12192 18573 10563 17016 2090 4724 17788 15530
9117 13623 1780 8698 13731 15095 3811 1870 19496 7989 15067 6469 3435 19040 19472 15948 19147 11672 11327 3327 12197 5646 9755 3531 12719 10630
11540 16783 4762 7396 15439 12293 11882 5788 18567 13625 3840 18776 8314 19253 1894 2338 19369 5019 2554 4244 12052 2324 19827 14962 10760 1643
3912 2698 4829 725 12523 8596 6021 294 13370 10711 10492 1060 3066 1203 13417 9794 17420 8436 3603 17842 399 3829 18672 9617 7753 1293
6138 4277 19226 3531 14640 1734 17976 544 14146 18138 17616 15321 8919 2174 3648 8706 7261 11649 7807 10174 1851 8530 12287 10573 16538 18153
7573 10905 7448 19942 17040 1651 2650 4149 2526 12187 14796 8699 15271 11292 10773 6861 3581 1171 4680 18670 2780 18024 12091 11291 17041 17710
3489 18081 9293 13667 11348 10032 11204 1546 5017 3275 15734 12833 3251 8255 18405 18132 16745 6788 11438 11558 18390 10063 16280 1241 5541 2091
9558 12529 8381 4633 2749 10416 198 10079 5083 6860 12300 10105 5749 19014 2874 14606 6222 19352 2189 2208 8503 2966 10304 13707 6608 15208
336 1122 2521 17348 11013 5646 11930 11975 10827 16679 19661 3882 16724 17903 10506 12281 16387 19885 12277 16423 14656 14095 1449 12929 3643 16288
17318 9184 9523 4922 7310 14230 129 10053 19789 4628 12036 7017 10381 8139 8275 2783 10821 9473 19850 19155 4459 17918 19948 8858 10047 4329
17912 8438 5990 16378 8654 4034 2544 7326 10075 11553 4360 3772 1283 4404 4458 19163 13312 10936 9460 3288 11089 336 18806 520 14246 6007
2598 7883 10709 1494 11895 4812 15929 3890 10753 18393 1343 2654 17577 9321 18265 19327 12426 7442 915 4990 1205 16326 12284 3419 9438 831
7711 5897 19574 81 19710 19622 13776 6384 17118 15572 352 17602 8179 6963 11633 5438 6843 19561 7141 12895 6847 12803 9667 6145 13297 4779
2159 5846 17685 5572 13652 7225 16554 15372 9974 7694 11035 12050 18170 3909 14892 15545 1671 7030 12752 16599 9601 1082 5138 16152 1650 4116
16523 2244 11404 16201 11391 588 1523 11539 10553 11074 4136 7232 2183 7541 6020 232 19104 6940 4069 4318 11569 13049 16013 9737 16863 12132
12866 7601 4216 1522 11696 13373 3316 15238 6622 7203 3800 2056 13818 2294 17709 8379 14130 7686 5739 13158 17098 8573 2208 1442 8630 12366
5194 18913 7214 9519 12001 13274 13748 15691 10397 12959 12091 19203 10647 8159 6302 19301 14920 14004 7962 6858 11254 11845 16876 10616 3714 1442
13798 14349 6072 16584 12460 5609 357 4814 1408 17105 10571 6743 8903 15592 282 9275 15903 13176 19794 11357 3824 4578 19199 6141 10243 6554
10306 8317 11533 7963 1908 7079 1097 3497 10091 4164 11201 19003 726 19973 15652 15884 1685 18006 3287 1231 8307 17673 4758 2733 13286 18852
9119 19042 15349 17343 3054 7859 5847 8624 18822 15030 8775 18191 376 14754 18275 11035 6065 297 18240 1512 4702 15534 7745 3316 6046 8987
13111 10820 8511 13692 16295 6236 6243 7640 4426 6173 7974 12057 1848 12456 13603 18290 11387 467 4883 5166 10587 17811 9149 365 10243 12543
7374 2201 11594 13156 3989 1098 16331 7445 18856 4135 1943 6214 13197 12146 15551 602 6517 4601 18119 6883 14500 9617 4676 2085 4665 15866
12188 8299 3444 682 4930 12237 13530 173 4384 17479 407 3647 5624 8626 757 6039 13862 6553 14190 16974 3270 2773 8372 16860 3551 13251
17921 8800 17067 2075 2997 5064 1882 7464 18385 15443 18707 9176 19122 13845 1458 3006 765 18877 8530 15791 12111 18999 2840 18748 18606 8735
17881 155 16711 10451 7296 3267 8257 16090 12496 10847 9390 15391 5299 9146 15942 8074 15835 15705 6156 6829 5131 12154 14578 17830 3342 9895
7470 15756 16054 1874 11199 3903 2619 14182 15399 2022 12517 2178 8482 1847 16669 7090 14829 3561 19218 5307 12006 1332 2849 1998 585 18074
289 12805 8672 11050 9717 13455 14300 5646 10124 2267 1209 14061 2980 19697 10434 4337 14977 13075 14002 19240 6475 1403 13542 15206 4018 17317
4930 2087 9401 17423 17874 4687 561 10332 13672 13869 19895 3147 665 15180 1931 1525 6743 5448 5521 5781 15212 9708 14606 17477 1237 14252
8802 15900 19879 1146 13832 9538 13310 10785 9797 3854 3282 18023 8230 9360 17723 2459 15859 2616 10227 13190 8337 8276 18775 9704 6459 4547
3840 7477 17854 2678 3826 18449 11557 392 6118 2143 8571 19564 6455 2668 3600 14146 2497 19884 19219 18146 9303 18454 9292 12840 1894 8196
10940 2619 16759 977 7852 10877 19912 10322 19890 2182 2748 9873 10845 17525 16049 10391 400 1993 16873 6920 6423 11424 10363 7078 10193 9949
7432 16627 6574 19238 19563 7839 13818 12769 18721 19857 14996 16601 5525 2680 7 16721 767 10163 12183 2751 5254 9093 10814 1899 9090 6066
7891 16159 9780 18886 14205 10547 9928 17817 13596 16061 13319 5378 18119 18589 4004 3338 8029 13077 12892 16973 540 19075 18062 1742 2643 2226
2717 13306 2466 13494 2085 8966 634 4022 7514 102 2980 6588 19027 18422 9662 3831 11710 8356 160 19305 4983 11610 4543 10123 18405 3833
8857 12855 19506 1652 8960 10466 18480 16769 2797 19482 19944 2926 8283 10827 189 18200 13391 9553 9032 13603 7347 15578 0 16991 11387 5216
2933 17819 3989 12018 17745 10147 335 4773 9926 16905 14165 6263 3662 3436 9899 16712 329 15043 1136 892 6122 19487 18625 3830 8032 4743
14019 17119 6896 5576 6648 5793 1650 17073 17298 4189 453 3039 15834 6160 6865 15755 9271 962 6706 11362 16991 16232 7207 14623 4260 10045
4230 11503 6107 8350 18327 3482 13157 1298 4970 18224 1939 4332 5897 4245 14030 783 18226 12876 3823 16376 5491 340 11511 19776 1959 16622
639 110 12514 1968 19546 19135 17817 15162 13748 17891 11175 17805 6820 2812 3220 12885 16482 5281 5126 4666 6080 1658 10693 15250 13227 15489
12965 5241 18234 3958 19309 1205 7564 4707 18192 3411 13789 8247 19526 3251 18871 18521 6811 4342 16398 17168 17316 7569 3836 7608 9279 12665
17590 2256 8717 1956 13718 4706 8740 17753 3049 13376 12744 6444 6622 12286 13403 19449 1922 4785 5961 10100 18141 13648 14085 17491 14953 4020
2885 9944 4577 14900 1884 16962 13399 1439 11698 2116 2909 13378 187 733 1877 16076 6812 12948 9886 1382 18166 19732 9929 13021 13169 1022
18720 3171 17594 3869 18652 16895 17043 2391 13194 15084 3766 11247 3168 3396 7036 7955 15523 7729 1865 15949 12727 19729 6856 16645 238 10503
1156 1647 8733 648 1169 430 6586 17613 19538 7637 6953 19753 1551 10572 219 3240 15997 13686 6000 15979 1854 7767 14990 17516 1145 8277
12417 10882 6088 16531 11493 18970 12489 12075 18874 19810 6631 1726 12503 18075 12123 11365 4959 13971 13905 636 8861 7747 7669 5566 9070 5095
868 17763 19099 2946 15828 7953 14144 697 13856 5002 17145 7222 17690 13574 9578 231 11063 16318 4622 11799 14028 18729 3579 17875 17920 9764
12567 3273 8811 10126 5698 14644 6974 9215 9252 6350 19045 13260 5835 17872 11031 3750 18955 16992 16071 9164 12538 1076 730 13474 13259 18300
14967 9628 4997 18915 14312 2639 10086 8888 11656 15483 3719 13380 17816 15529 10325 395 16560 11039 11901 2296 3377 7560 9638 2802 3537 6153
17096 12322 2286 6174 7151 17962 15201 5297 19962 2679 10042 14498 4813 3592 16014 3407 6583 1764 7452 13595 12858 19905 8333 3934 13630 4197
11962 15955 10903 12254 16044 8262 12383 374 11734 1083 11454 779 11380 7260 3289 14041 11635 8077 18182 6445 15983 6472 6360 11179 2775 11498
6113 6517 18673 9651 10583 406 4637 14934 1837 15582 72 18298 11658 14343 15229 16921 9665 10362 7085 2938 18079 3218 17776 10559 7788 11517
1356 541 9811 14839 19281 18025 17169 9447 860 19420 19893 19294 9636 3998 16606 6110 17539 15518 6012 8061 8236 12740 927 16560 19024 10803
1689 5568 19566 10327 11854 11708 11498 1035 2822 13409 15391 7066 10494 2095 4621 12034 4569 9260 6199 13662 16510 18740 17620 4352 12743 5986
9663 2172 13055 19858 4079 2361 12091 5814 15187 6307 16836 8184 2784 7288 13384 8920 7819 8553 7065 15036 780 7140 8859 5093 18345 6672
6073 8637 17415 5746 12063 11420 15063 4872 5867 12852 17874 8280 1840 1463 2489 19314 19089 15343 14512 175 16775 19581 12068 3417 6048 19086
12431 16562 13361 7818 16473 15349 14145 16 2518 7400 8742 13238 4541 2197 18014 4174 3094 17278 15877 13515 19053 15467 12543 14865 16260 19005
7698 6237 1389 18069 18446 19189 18573 18603 14768 18808 18211 14143 9393 3139 6465 16880 10697 13177 10320 16017 17961 11739 2324 19039 16797 1170
19068 16160 19496 19535 16779 18945 18995 10312 1613 2581 473 9974 19191 12213 17868 1090 3206 13812 10206 7623 3786 10222 17459 18037 17729 994
10480 2507 6531 18569 5486 7895 13341 3919 2365 14052 5409 11306 15763 17422 10865 7782 18976 5004 8871 8074 6508 5107 666 8859 11401 8028
14906 494 18581 8036 11256 15626 3064 6972 3155 5019 4549 1720 493 6301 16853 12580 19548 15813 13614 3757 15833 17427 16404 1779 13077 2653
8787 18351 15879 7039 6867 12206 11176 15875 4078 8233 7772 18083 992 311 15806 9908 13750 18330 3171 11476 13293 7650 6532 18281 9977 5442
13946 17552 9256 6574 884 3678 5870 11179 14496 275 16888 7814 2329 11716 15179 12721 2849 10034 13654 17389 18861 12813 12949 18685 4785 12397
254 18829 6686 14825 13673 17078 14195 4764 5751 3177 1482 19376 15200 15390 2537 15611 4900 9861 19552 15113 1208 7927 14909 2273 18742 7994
5612 12538 10692 17693 7572 9600 8143 4187 2465 9346 15643 4937 17106 2087 1450 12719 12368 12742 8778 10043 8670 6473 1923 18923 19620 8658
17468 6052 5448 12654 13116 18479 18113 13462 13340 18558 483 14804 4763 13964 14806 2338 7715 18048 9869 8677 44 5150 15337 19859 2562 1500
9946 14912 15037 16570 742 15961 11938 1279 14594 875 5271 6442 5803 13045 18776 13879 15429 16335 19443 3113 6826 12673 19328 14880 4450 11727
2735 1309 15190 11694 7271 2076 8419 15109 17563 4244 6108 10215 5886 14701 11902 7429 9910 7261 12065 2351 10974 2535 19169 5185 16694 16715
2454 10917 990 5777 17166 19459 18496 18398 3968 5015 15338 4986 7305 6490 5554 13844 6376 3709 18214 10705 13988 9547 11415 2782 2879 11232
3734 4948 7161 1043 7087 8242 507 11571 14428 11242 4304 15764 4226 4684 13559 16990 9864 4068 19967 8928 8259 19256 15165 11785 4419 3036
4580 19305 9169 13176 16525 5279 17287 12723 16734 9020 11598 14769 18503 5749 9259 9981 16222 15660 17236 337 17681 4689 8620 12881 16594 3509
15844 16103 17639 4155 704 14794 19221 17068 2647 7659 8530 8797 3889 1571 8296 7541 10664 17443 4964 8178 15144 11914 18500 18762 12640 6998
11586 3044 8100 15803 19252 8011 18506 19933 13628 9296 1865 12337 15531 1158 8106 1405 10928 8742 7819 4411 10759 16876 8067 7440 8191 1987
5165 8162 4925 11583 13845 13755 16612 18727 2864 14200 155 19890 9912 12729 6657 7881 6100 18284 16804 4101 16922 11617 10554 6103 14339 17583
2831 2233 3375 17619 17142 4503 15335 277 572 6828 13200 2981 13230 8380 15107 13101 13596 6841 8299 19711 11171 15870 8436 2341 17646 16510
6743 8641 15792 6232 12679 10820 6515 12640 18002 11773 8320 6264 19121 14127 3554 3197 8298 18919 18897 14667 18821 8382 16869 5501 16287 18299
14095 13405 11188 7817 1845 16750 6002 11098 16063 12829 11243 4083 4277 5941 1853 15977 12878 5780 6506 454 7347 13183 16137 19254 7597 3681
6560 7052 5617 18464 6731 8232 2160 2410 14986 16763 7523 12751 19656 14480 5935 5571 5310 2402 468 17920 2113 14882 12548 12172 4802 11613
18585 19361 4667 13379 8215 45 12920 6112 10600 6913 2870 1117 13701 12883 15318 9910 16986 665 13997 3068 13519 9012 10415 14943 461 13408
12744 19643 5926 4154 5436 4517 6975 3843 4316 1242 17828 3752 18876 11984 18030 13929 16064 19842 6514 4211 2200 7593 3152 16058 8775 16389
13345 5037 17599 4567 12090 13012 9128 8687 2067 19552 7811 7486 15150 13623 19014 2560 6207 12063 5261 11250 7401 10864 11679 3860 13859 13490
5241 17649 10298 17260 4762 4089 11769 15586 9582 19635 6651 14067 9928 3523 13486 1030 7955 901 14348 9502 13498 15288 7954 17209 7521 11084
17399 2207 12474 6146 11354 11694 5535 986 14416 1258 18863 10163 15444 11790 17047 2094 15074 8234 12565 14266 10314 16666 11583 3962 8452 6822
13077 10200 12917 5657 13142 19753 9945 8662 15390 18076 10539 10261 6636 6000 10807 10868 13102 14482 9118 17602 4748 10229 13255 12175 6350 12315
11139 8109 13966 3236 12678 6578 1318 6886 15129 16522 4290 96 16193 7121 13 11010 4676 19456 5482 14649 9544 11405 13329 520 16110 19530
4845 8593 7727 13405 8222 17400 11492 10487 15208 8760 10315 10651 11248 12279 9010 4077 18018 7751 6403 6777 6721 6730 8764 7476 14701 4496
338 18718 282 1323 1188 5286 8152 18030 11520 18943 14893 9040 2421 4742 17460 15866 9767 6965 13372 4385 10043 6445 6492 11881 3241 9091
8619 14542 10086 13813 12323 6022 9262 670 2871 17500 1701 16078 14142 783 2325 17837 4277 6333 15548 15144 15178 8354 3171 3023 5536 13016
14602 14484 15106 17311 9166 11131 1286 14933 14638 18455 5273 17706 3376 14790 7143 8720 2406 6101 12481 5672 18137 5131 16798 7220 13718 15422
19441 468 19429 18792 8482 10924 4451 12921 2379 5783 9677 14472 6619 116 7038 4934 18086 17580 3080 9475 13099 4710 14095 6477 13921 2450
12023 11891 8238 11716 11981 9094 4974 17561 3654 13282 3640 15114 7170 15486 19210 10492 19899 10204 11417 14855 19771 9909 10709 9458 4463 4063
14702 803 7545 14270 19862 16648 7400 13581 9662 12626 7467 5519 15179 15897 5417 19808 8658 7499 6425 17392 4596 9406 16055 4688 14348 9340
18497 12892 10329 4623 17424 17422 2351 6595 15894 4444 4153 17393 16061 2688 6769 18953 13299 1589 4050 11872 3843 6782 8068 19066 16730 11923
18387 7106 3803 12043 15016 11081 1834 8703 3021 6390 5528 6591 10162 16648 17724 98 6361 1612 5467 17378 9086 16837 2543 15567 19593 953
4004 10734 8288 19056 15266 5893 11220 12293 10715 14648 15719 18290 6505 7803 14183 7361 12231 13763 13133 3627 18463 18934 13351 7996 10728 5882
16842 4766 891 5958 18483 1056 17864 2890 19483 6502 16848 18494 5288 1439 10116 7033 19551 3504 3610 251 12561 18403 18034 11102 13624 12797
5036 11450 5217 7034 7887 9871 10527 4675 3783 3187 13939 6647 12617 17490 4728 17573 16390 17569 18139 16891 19192 12260 5701 9078 10363 9896
13099 8435 9699 2042 7300 8720 13115 1097 6687 952 4745 8326 18208 9616 18166 15421 9938 12250 14171 7862 4418 3533 14406 13130 8787 4005
15617 17483 18727 9145 17954 14015 1829 18646 18434 9057 6572 699 6327 8880 7427 1914 11302 2233 13269 16101 14196 17096 9519 5790 1360 18514
16832 4306 770 10116 4272 3996 9504 16286 16177 11271 16681 5970 12216 478 3390 13827 16132 4534 15264 5671 1042 19780 4873 8701 12550 4119
580 8165 12973 4347 2934 3313 5414 1503 65 16861 9595 4016 11041 9108 3554 4564 16390 4359 17128 6448 19502 17318 2880 12237 10644 5839
17186 13078 5657 14376 12861 11641 18728 9578 15870 12976 18595 15565 6056 1632 1645 14707 11312 8581 9366 7452 12942 9905 2926 5328 1252 13901
11040 10070 6908 7700 2736 4648 7202 15651 6092 2988 19540 16695 8802 13919 13647 5723 92 4017 8310 18312 3528 18312 16213 1024 11210 7364
16544 10642 13474 3145 1286 15258 16262 9874 1256 12868 7531 1000 10733 18931 9669 1831 1509 4717 15505 13311 5454 5095 15576 7508 3070 6236
10759 7864 14525 12548 11628 15456 6311 13959 518 12530 17462 18645 19657 17992 3241 7189 3592 16757 5586 3932 11710 14608 4802 18305 3902 6996
5954 3585 17508 16657 2622 3858 9090 9387 4081 17192 11282 1928 10554 3943 16302 692 6530 14355 1921 665 9487 10439 11429 16515 10512 7706
11216 14325 6731 12773 6899 6344 17405 3435 5251 5657 15923 15204 12282 7787 17254 19593 16008 258 19273 14647 1308 8134 3086 5819 8606 5851
2627 4759 15655 16809 17838 7590 18139 9818 19064 7763 14485 5846 13082 14425 19603 6245 16472 19720 16494 13235 10198 10314 1180 2097 3722 12030
13319 4300 17964 17511 3795 2708 6099 11967 71 17381 6212 19593 411 2145 15795 9547 277 18786 19758 256 15482 19186 6073 4648 13153 12249
15999 5333 13740 17520 12004 8817 18503 1203 6576 15577 8803 6602 14291 14101 11155 136 17666 19083 3120 147 3979 10139 10186 16475 9848 17600
8537 11654 19675 6382 6366 8859 10126 15658 6818 15256 5873 5111 16735 12331 10043 2718 3331 7872 8279 1413 3967 4705 12031 2209 17838 17920
2084 19622 13390 9549 12920 3161 8925 4004 11196 6176 17314 10362 1240 1412 15788 14439 1059 12441 16498 19670 8441 14259 13328 19088 3276 10665
6748 9301 72 5022 5542 15614 9866 2773 16030 16047 7116 12532 19688 14955 12023 13093 894 12964 4355 11025 4860 8053 16893 9415 3062 5071
14990 12303 16235 3771 9681 11939 1197 18003 9567 12215 8976 18346 12755 11290 15341 1066 19654 14048 16504 17891 4297 3047 9632 10708 6954 10683
2736 8422 10845 12733 15816 10042 14324 9075 6631 16490 10222 17279 7732 18098 7584 17359 7771 10858 11085 14388 13011 13924 19208 5768 12231 14995
7204 9627 17462 6402 9750 11810 6485 2504 5081 12406 2886 18117 15391 7851 19034 12142 11215 6091 19424 17826 10820 5744 12363 12167 13164 2715
13667 4835 7131 1899 17547 925 13967 17399 2972 2275 12449 13894 14477 17936 15111 13731 3850 13801 1745 15038 13296 8851 6424 2260 10673 2509
4039 19849 1677 16880 7031 12529 19462 9851 19551 10060 11851 16210 2157 13071 10265 7954 9967 15588 8079 9611 7632 17646 2350 14143 13930 15562
3456 13734 9065 12262 14029 16985 8749 8184 3272 6575 16582 8131 9215 878 4782 9389 7544 3176 3111 6712 13700 19231 8072 6552 2377 7395
17995 9019 12350 1995 16523 12721 7975 4229 17743 9198 9923 5392 19779 1821 3741 5477 12707 11839 19969 18042 18175 3505 19436 12878 4468 8711
4435 6435 4693 10849 6230 12363 5400 10483 16099 10475 18379 11831 709 3758 1286 14547 217 9312 19962 14581 15452 12262 17870 8575 7549 376
17146 14140 10564 16732 15548 7880 17493 14791 11652 15211 14474 4846 18154 9038 8169 6279 2234 2285 1765 1848 1579 9851 6107 17956 7817 16724
17367 5734 3511 10389 215 5421 11131 1630 4185 13004 3826 14123 18254 1674 17742 18492 13335 17141 5043 16191 18047 14184 9761 6483 12426 4416
3287 5320 6393 422 16077 18633 18214 6695 12245 15254 16141 16838 172 4530 10548 1083 3163 3769 4745 12693 12594 13461 15534 15724 19396 13900
10801 10357 14802 15651 1065 15795 6559 11061 17733 8274 15687 1490 2445 8206 5238 13105 2871 3794 16421 12205 11294 7301 16518 15476 8296 17
10540 3305 12570 11982 18737 2345 1432 16114 11911 6133 2615 4764 10864 13524 18110 2826 13661 17311 7169 6723 18819 6571 12639 19169 15210 447
14846 8445 7224 12813 7883 8727 16772 17266 4180 4351 5553 3798 7373 11272 461 13590 17183 8427 12318 15429 9099 18947 19836 13103 8679 1215
6010 14954 5517 5745 4407 1546 12321 18273 14493 2400 15039 8104 12819 7455 8401 6084 18055 2834 92 8282 6347 7904 13730 19090 4828 6924
10824 19259 19060 14230 15475 13421 6807 7124 9804 2526 3910 556 17613 8918 9014 19923 9528 8847 12052 4769 6964 5041 11665 6787 7645 17162
15246 10987 14435 15892 10655 3119 8957 10224 6885 10869 12281 6118 11780 16670 10780 2998 18744 9273 3492 6197 660 1588 17923 11544 14553 15718
4328 6453 16246 11184 8153 3234 15840 17877 19175 7558 19578 2479 14453 17572 17250 2665 19748 16700 10955 4512 14302 19901 6112 18500 10059 18122
17442 15307 15051 12289 611 14690 15522 8217 4888 15402 19513 10663 11472 9390 14717 14905 11884 4576 15045 19324 4327 959 3176 8571 16116 5501
7996 621 12076 3329 17450 4481 3088 19891 8987 17871 9137 10957 15710 14273 3828 13267 3205 15017 13725 1863 7527 15521 17223 549 11690 11924
598 14389 13005 10561 9474 3046 6544 8525 3893 11858 19878 13199 703 18075 18019 11375 17897 2189 8188 8252 17149 1037 6400 5654 12540 11677
15654 16502 9380 8609 17454 1082 6249 1268 11995 15909 15303 13198 8215 1027 8654 19046 16195 9759 255 11289 2691 11551 14146 5853 17439 4367
15070 5019 12042 6547 19329 253 13556 5356 8466 9774 7052 12538 6659 10312 3313 12459 5743 7109 441 19634 15983 18153 1164 15634 2949 16031
16754 16569 520 1957 6311 16645 5383 4984 399 19115 2829 14406 3111 3505 3161 18487 6208 9421 13165 15946 4649 16638 3954 17426 13625 15854
2041 3973 2039 17979 19135 13647 17958 12122 7625 2140 9083 5145 6542 19019 8420 13111 11977 12308 2403 8637 14813 220 5304 13496 2040 9162
3300 166 7632 14015 10158 3954 1404 443 15360 3798 3044 15198 3782 12521 12566 16553 10154 17235 10245 8695 7343 13301 3001 19745 2055 12463
17577 17631 11823 13215 17370 14866 10970 18844 19210 18441 18479 6797 9219 17248 2760 19793 7787 11835 3241 16371 11967 15797 19718 19854 10286 3319
5166 7996 9307 574 15211 19326 17880 5301 1433 6009 10955 10965 8601 2946 539 179 14642 6766 2921 5374 5102 18019 19374 9497 4815 15878
245 15055 1635 16910 14734 14552 13990 10414 16581 19707 9387 4553 14572 14747 338 15600 8002 10672 126 13769 16610 8933 7031 16483 6576 6609
13713 19867 19394 13186 7947 7513 5424 8016 7968 16035 11905 8787 18868 16856 7878 15453 5740 19267 3046 9642 12547 17420 8939 1071 10777 14651
15278 9321 12650 3238 3154 4639 17440 8971 17472 16891 7615 6892 8272 19018 17975 9054 4904 12081 1838 12141 12680 16274 18975 15982 3453 4891
13095 7191 9172 12657 16490 9868 15861 18313 4355 16332 12772 1816 1620 12716 18478 10720 11257 4209 10858 17486 19629 8736 16667 11710 8433 8308
4816 8140 4538 17188 19357 7062 15280 18240 12767 4001 1817 19727 3811 1011 3367 18032 9838 17313 4466 334 10892 16432 5393 17882 16891 17849
1199 11778 7078 6138 14148 1649 3705 14064 7637 17503 15275 10917 10275 2528 6885 6565 15632 3763 936 11176 8053 15038 7047 14655 11700 1234
14112 8131 2229 17721 291 17804 8979 19875 13065 18783 12931 12236 6622 504 11569 1976 13881 3158 6635 328 4301 2225 18340 10679 17482 11211
11925 2511 10227 693 9514 14732 1567 6566 10992 13039 7543 4723 5561 18614 4397 2275 7033 11359 16020 5038 16625 19134 17502 9868 11362 3459
9600 1046 7673 12857 18726 13661 11120 1055 9759 2455 7520 5210 7761 8178 18888 9893 20 14841 3554 18707 7786 12212 18981 7945 3042 3216
19100 13640 15052 3495 11744 2324 2042 7487 12972 3738 12729 18343 8189 18629 10997 3088 85 12029 1064 2612 3799 1201 13815 16795 10186 1851
5185 18140 12622 4381 17160 14699 8905 4580 6967 6522 10200 10604 8578 10602 2853 17653 2696 2767 15748 15889 6160 12534 3883 4128 4213 5342
13985 18205 7162 6977 14455 6860 4681 12560 14660 19194 7694 18997 9820 17834 14473 4109 1153 16487 7271 12760 4392 17071 10226 12868 10049 479
6693 19071 4144 18063 460 28 11729 123 6060 14668 6904 18160 11012 17654 18123 12016 17606 6704 738 2448 13796 15899 19464 18594 13959 7032
19747 4096 8795 9364 16830 12429 11628 2468 959 9537 13930 4023 3760 1224 13654 19396 18797 8555 18044 8332 17879 7568 7673 2800 18333 4803
14919 1534 15091 11387 19401 2943 8165 11427 14667 13730 14890 8683 5057 2892 12618 4445 13549 17277 3941 13519 10639 116 2422 6267 10081 15283
12964 6020 15839 18979 19760 3869 6975 13862 17343 18908 14018 16172 6789 17164 5667 9627 18541 3224 13849 10306 1505 10782 4398 4137 14820 17256
3639 16253 13428 6452 16371 9375 8896 11341 11428 10006 19775 11574 13751 799 3767 11564 13293 466 515 17118 16376 14199 19804 9624 19856 15138
19251 16542 8752 15352 19652 13075 3161 4034 1555 5006 13703 15980 8290 15181 7549 1109 5961 11682 7156 17898 8889 5789 19350 15167 5762 3423
7315 9628 13203 2755 6327 9766 17502 15654 17441 14817 17499 19575 6672 371 17635 10139 5504 3147 17992 11290 6239 12904 3881 19775 1639 12552
8433 14556 12098 12501 13214 4018 3379 3512 7301 4767 10750 6506 329 15945 1641 964 5913 12708 2806 18143 657 6187 2757 4357 18496 19992
17523 13838 6980 15322 4329 11128 15839 6977 16354 19317 7378 18416 17437 4473 7121 12314 16244 13437 7766 19724 2209 397 6062 7050 17017 14645
11788 8744 17016 14765 135 16187 11950 3860 11052 11517 17079 2548 1186 19627 10222 12633 4449 19475 19129 10579 9672 19053 7558 4395 14516 13110
13887 12457 15823 11389 9013 9663 13289 14265 10938 94 15369 12398 14660 16405 6380 15253 7413 11802 11812 14283 13948 2199 8151 17773 13886 9113
1239 883 14191 3800 1331 3162 11218 587 3200 15698 9892 14224 13987 2412 41 16119 18166 7999 94 437 18179 225 2896 9686 15195 11190
2119 3935 15627 14837 7682 5930 6174 8107 394 9284 7527 7692 2757 9034 1670 513 3724 18492 3376 8690 17902 310 8033 14190 500 10816
13798 8053 13531 8541 12868 3552 19596 4793 10371 11604 9640 10729 2186 18854 2200 13876 16541 10491 12252 840 16383 11011 9626 2471 15352 9546
17635 2082 16347 8289 16969 17450 1947 7553 4222 6821 268 10106 15039 3546 4356 276 4108 12380 1210 12582 3201 7787 9756 16755 16033 9590
9661 13408 13492 16457 11715 4830 9980 2442 11121 2664 13464 15738 9923 9335 76 14149 11035 17122 13413 9923 15960 146 8064 17897 9329 19511
16527 11667 16027 14957 19717 6721 2385 3772 14941 18513 4493 5154 13997 15120 11267 19497 15104 16462 15995 8760 15966 6378 7992 16239 1103 19770
9592 17617 9844 1290 15187 13148 13188 12528 10816 9326 19633 2310 6805 12598 9387 6992 6056 17132 6962 6598 1247 13280 2284 11099 19955 6792
445 11160 318 17040 14469 10462 12868 13423 8697 8000 8305 18191 7000 19476 17655 250 2611 7253 7530 16075 267 17158 17486 4732 1559 8642
8905 17165 16127 10768 16179 9834 14780 18177 18880 2780 7096 5150 12709 8749 12785 1473 17065 5582 11387 19844 13235 19739 6801 3698 14912 14422
8761 12123 16381 1411 7783 4013 7535 10298 8136 18787 5017 11897 3723 14359 552 19323 3570 438 8902 403 17266 8558 13073 2879 10390 2117
7966 19128 498 13173 12130 11264 1321 19489 415 18634 1324 2751 8244 11765 14144 9980 16455 6531 19533 9551 14847 1574 16606 9152 8876 14913
12034 9090 7707 14894 7615 5285 1561 13524 13584 6914 7528 10030 19840 9765 19400 6129 16374 19096 11753 5305 650 17217 10223 829 18431 4929
10327 6216 12155 13797 3915 19209 13525 11916 6864 5339 19887 19444 16080 5400 10017 15198 4022 13950 14793 5777 18606 5415 10865 8464 14271 5033
1625 5147 10519 8838 13128 11884 11701 5427 9722 13798 14898 19277 1356 15353 1258 15880 5551 18700 9224 11280 6518 19762 16945 16950 1797 13666
7329 9246 1317 7895 5981 18608 1293 7392 11212 18163 15732 1912 19964 18662 3028 11184 12016 14616 7486 19121 19627 2190 19966 346 9516 17882
12284 15391 1214 13258 4680 8137 19613 16194 14951 9998 5009 995 2206 1288 744 4969 4434 3765 5642 8839 2151 10729 9132 12103 10759 15266
1123 2203 14481 7568 3361 14943 6546 10317 8587 18774 8522 4939 4804 15059 11756 15011 2619 17015 14571 11689 157 3912 7866 18702 12914 376
2255 17107 8634 3076 4935 10852 15405 7387 8030 13405 5734 2189 766 9803 10493 17751 15442 15910 7174 10695 14855 6157 19996 1125 15239 8664
3122 14364 13005 11634 4598 12628 2146 1234 15564 4104 3320 17265 7646 1140 19970 472 11957 12486 1622 10569 18434 14651 16620 3613 3640 2471
4701 10091 18963 17103 7760 2655 1479 616 9130 5393 1020 18563 11170 9961 11670 318 707 7589 1456 4824 3606 12349 10215 10795 3062 19444
14527 10590 19465 16839 13645 17678 16177 16200 7079 2196 17312 1109 16616 15586 3611 15401 17306 13385 17645 10653 17885 18262 18345 17112 18288 972
5793 17893 7917 4847 5566 7219 14788 14686 16585 3738 8190 13006 8710 17267 5835 19098 12807 7343 9509 1502 1078 19093 18103 4760 11033 16940
2141 9475 1718 6651 6792 12650 19032 8769 6266 4377 1976 2730 4153 596 3793 3422 15710 9122 19967 6258 10454 5736 7296 3947 1392 14686
2722 7570 11554 14438 19170 12323 8527 17739 15200 16056 1382 11614 19823 14753 1703 18086 19838 4780 14393 7002 15722 3314 16454 5316 12841 17367
7283 13091 19941 18931 11352 14487 2003 3135 18731 15543 14029 8333 14945 17076 18989 9712 7903 1520 4970 729 1264 11221 15387 19212 19944 13991
4219 1676 637 8473 15463 3004 9429 19691 2254 6586 3150 13626 6759 5231 2166 14564 9099 10812 5753 6785 12707 15643 665 9971 4627 3339
10640 9662 16670 4314 17315 12025 19805 773 4093 2247 7184 10286 18321 15483 17257 17553 16931 19686 2717 18838 3706 15262 1603 18636 1766 15392
18717 5734 9865 10555 3011 3864 17466 6675 17286 19853 8871 18028 5263 117 9544 14570 1914 19084 14934 19957 18887 4412 18558 18231 792 15871
7718 5395 4808 17068 10982 5403 9124 3889 17045 1895 9231 5142 10825 11634 17263 8653 3930 11224 264 11758 2529 7476 17452 7323 11087 14759
12465 13854 19889 26 15530 13728 14281 14684 3531 1402 4883 4484 19382 7559 11610 5916 3505 6593 4118 19806 12585 10199 14851 17922 3865 11232
13886 17214 7397 2051 15260 14438 1099 8409 11940 19318 3133 17583 13349 18431 17935 16938 8887 2237 11709 17382 12810 15657 9413 3628 372 1139
17300 16166 3344 3562 13068 4211 16955 16758 7129 1662 12340 7473 11963 870 17269 17423 16505 14402 13674 13313 17000 16174 6795 4702 9768 3968
4699 19154 295 19470 3803 10041 7555 1292 15758 9210 4796 16323 17128 16284 7560 6907 15921 9038 229 12625 12256 17221 6069 9507 17114 9255
9860 16736 17509 534 12717 44 19898 17738 6064 9056 19063 14138 9772 16302 14011 7535 203 6089 1615 5030 6394 8121 2377 13543 2326 6440
14866 6001 7976 15661 6295 9523 15428 12204 715 12218 14196 8461 8751 19226 11156 8065 6061 18607 5556 428 6333 11612 8034 4404 7570 19008
3833 2264 2269 11152 7674 3386 10628 1559 3831 9190 18788 11275 14180 17383 1314 15276 6469 16213 1375 2511 14888 2225 7197 3479 5273 14037
10678 3095 18090 15980 19977 5543 7936 7642 18476 8418 7727 17087 14437 8218 19240 4076 7321 17496 13972 5130 5929 3377 7264 8902 18347 11685
13112 14091 12219 3886 3491 18870 497 314 18382 18029 16404 17306 7129 10432 16760 7985 11750 15467 11390 9817 597 5321 11198 17311 16614 14490
14257 15937 5118 9045 4835 340 14692 662 5309 16739 13296 5316 10538 13120 9734 1526 12501 14890 16510 8334 56 7004 16119 4331 10207 16227
2396 10487 19569 15630 6153 19728 19570 3551 17589 15350 11787 3614 4319 12638 12593 16630 18581 8117 6642 6186 19122 3011 15130 5843 10034 4502
4686 9974 1943 10963 11840 12835 18907 13517 11120 5798 4465 7876 1817 14582 3687 3239 15047 13675 8562 5325 18174 5584 16531 10980 4299 3042
9042 15593 17598 9950 8999 3474 4723 8813 19618 520 1134 7380 19457 2611 18478 6416 10087 19339 3572 16493 6609 14858 2076 13162 5638 18510
16909 2345 12070 3738 15726 12259 15341 16932 1362 1581 8904 13860 1398 4839 7790 9746 9936 9918 15073 4039 3048 3856 11863 4501 18196 499
18514 2429 17495 3937 10642 2031 1734 15837 11632 10189 11524 18242 18872 8146 7278 6674 15186 10126 18685 17311 11834 3274 4448 11422 13933 5768
2075 1771 1986 3180 18271 16681 7757 17685 17426 13528 14784 4269 4932 14155 15540 15159 19070 9229 17916 15691 13187 7724 10178 2739 13116 9120
5496 10674 3815 12651 789 5278 6959 5134 11279 1019 18040 16910 17716 2948 14945 5171 16526 2222 18535 19103 2251 5042 18234 2771 736 10826
16390 5657 11748 243 3518 4531 16582 13336 14061 17578 17029 4225 17288 18192 11582 16658 14496 2529 15583 10991 9186 12411 4974 18905 12446 18988
1638 1635 15745 17771 13044 7846 1648 1515 13625 684 3574 12907 13407 256 8454 1328 19059 3931 12056 16798 7328 19360 11931 16889 13056 14101
18686 6404 5165 15950 10117 5778 17604 8362 18188 6738 2025 3773 9584 2640 173 506 12098 14350 13711 180 4257 16514 5843 11859 6065 9025
2375 18073 7251 14719 2319 1220 11482 15113 19679 9569 14086 8036 1862 7392 18989 14705 10135 13287 3331 5624 12354 18629 12864 7182 18040 11517
2266 6046 13223 5173 1235 17543 4905 7013 17864 11881 9400 3285 17256 7629 16803 7943 8865 6615 15309 17744 10899 10346 3542 12810 18917 13463
16640 9787 3526 16741 16959 4028 5992 17635 9801 12772 5939 4267 7978 7849 11052 7941 18481 3841 4764 9296 8426 16518 8955 2938 11792 11516
3051 14854 7893 9483 19518 17767 6552 9188 14497 7053 1732 33 17680 8412 1819 9076 8049 19761 13168 8323 9867 14877 18610 18498 13268 16742
18302 17311 2029 157 12982 960 2945 1266 4244 8561 12047 12572 3208 18017 893 2946 12169 1446 5490 14022 2538 293 17989 17175 6061 3364
5862 9279 10801 3193 16447 6440 8933 17538 18242 14668 17182 8971 205 19368 7246 12779 19497 1775 17550 18723 2078 17273 5040 16570 13340 2125
14885 3724 9499 18031 6862 14403 45 16405 3819 13232 10575 5523 19080 7762 9395 950 6010 12462 12727 10 5951 19303 17437 7082 14193 10701
17641 7152 7095 10764 1391 6360 8905 17514 9144 16858 10365 19442 1250 11334 10984 14557 17059 16887 7174 4059 2287 19314 13643 19026 5932 10398
13411 586 5378 17973 5022 7964 7529 8835 1028 14981 16788 18743 7715 6606 13739 16324 8081 15428 15218 7644 16864 368 6512 4504 45 4564
17167 5366 3468 19142 12823 6525 13530 9546 9563 15491 11900 8152 3394 17206 10712 4084 6599 9475 11692 2015 4928 10172 14128 14728 18979 18711
6116 16889 7581 6447 3616 5761 15566 9005 19477 3979 15591 19555 10501 6179 4072 19076 2502 19218 1252 8923 2880 18991 17716 1059 16391 1383
