365
40 85 87 21 51 57 56 86 63 26 16 33 71 21 60 47 11 30 74 98 71 2 44 3 30 75
6820 4673 9200 2192 12915 5370 4749 917 5182 15142 15326 19003 6531 16604 14403 14765 13100 17374 10750 1994 7173 3060 10958 4218 337 6324
9554 8425 5467 8808 9149 12786 2436 6172 1860 10570 6564 16636 14894 18292 8089 6729 19572 7030 9879 7367 135 11110 11715 8202 17360 17937
2742 11169 13199 5539 8593 2691 18726 16007 11644 8176 18861 5752 1636 14205 2447 12110 11864 2672 11926 7016 7619 10224 1813 8745 18169 954
15362 10343 9876 435 13908 13452 18021 16935 6709 2327 8411 9252 808 17240 12737 1537 5575 6405 14191 3049 6844 41 19494 14537 8116 929
6695 13397 18326 19926 10027 11738 14604 1718 6612 2893 595 13641 12678 13069 1537 10976 15713 7767 7879 777 16347 6558 10509 15230 1178 1269
1275 814 9354 14468 8798 13926 15187 6621 14252 10783 16576 7051 15310 5503 8530 19237 4287 4736 3468 9860 1908 520 12189 1511 564 16892
10077 14344 7099 9985 7369 8331 9306 12889 4981 16718 19184 19097 17847 15676 7422 8455 3780 15389 15635 13056 15410 2632 6848 13251 11921 12908
1709 970 16070 2280 18702 18443 9776 5892 3677 4242 10571 16863 806 2888 9085 15007 11354 19739 18203 5942 10294 1676 7837 15925 16716 1756
18858 5299 12677 7036 12743 19614 12985 13603 14334 3614 12604 19523 6250 4203 2895 1400 8065 1429 8763 12776 13962 12946 13437 14864 2796 4386
15731 19346 19073 3355 12235 4465 13361 754 4905 18591 17846 6943 7885 9260 7025 3491 13816 1723 6029 8594 17547 13292 960 3644 8568 7319
6276 5008 7754 5120 7761 17806 11123 8018 6649 18239 6941 8532 4003 12747 17014 11822 19087 7171 2186 9366 12280 17962 6896 13108 5467 1579
16140 15407 14044 9786 14184 14769 5552 15825 9890 9023 18441 13979 15186 12218 5643 10865 7554 2546 13210 10327 6421 4676 7193 18946 2834 1673
1186 12908 18885 11404 1470 4890 19745 7375 4960 12150 3484 2394 6015 6332 10510 1317 16359 4540 13636 8702 5136 654 946 658 18081 14821
12398 8144 11198 17288 151 18715 15173 8388 19202 8441 9078 13488 16825 8362 4903 5970 3460 12061 4442 357 13069 16489 4378 17884 9755 17917
7717 7788 1208 15829 7943 18495 1874 18497 1309 3048 11445 10398 8958 17961 6684 19766 2128 14350 19904 4574 13420 17830 13900 18945 958 5607
17783 3773 4410 16436 15476 15963 18398 17435 7167 2898 10966 769 2950 4101 13252 8749 18380 8312 970 5015 15799 9858 3156 5074 15053 17764
10841 7601 13454 10966 14424 14133 12702 1068 1620 14048 9069 3332 14172 6434 17361 6940 18006 11543 7232 14973 16045 3932 11453 9347 14600 1299
17899 19253 19184 8472 12044 957 9697 10549 10472 2698 8456 15400 17734 5997 4636 3880 12728 7970 12100 8819 15747 3260 17738 17922 10742 1008
8279 11600 5638 4093 8647 12363 2314 14263 13879 17141 11726 9792 17943 2829 15799 528 12573 8609 18872 19062 18725 18767 19466 3583 9570 6081
10704 6516 5034 18117 4352 8869 295 14719 6334 16135 241 4812 7259 13531 12885 11940 19008 6436 14868 4418 11472 9932 1415 11253 8059 5303
9034 10840 4940 16225 16864 15550 4107 17771 9768 17166 5625 12324 14654 7954 3090 19761 720 7771 2528 6471 12343 15667 8621 16054 15032 17440
11463 19144 3848 17151 17287 12826 8134 18493 19579 19673 11413 3779 15983 16277 612 9167 14704 15228 17592 11435 886 14652 15797 939 18687 8308
8521 256 12413 7285 5578 4025 7576 11389 8812 4528 14852 3136 9499 18100 9385 7339 5579 18207 16649 3155 2727 7200 10730 18602 5237 12790
2749 15975 4258 19513 3839 12766 4017 1010 10479 2768 18586 5966 18554 6861 10085 14952 959 19292 14055 11082 11525 15049 7189 5029 15613 3516
4342 2162 7648 11271 2980 16117 10174 15969 3705 9770 4293 19916 11956 3712 5986 10014 3045 12949 6442 6257 14630 7908 14948 18218 13138 8161
9802 3860 9445 12497 5250 3309 10777 12906 8942 18324 10040 6265 14874 9703 9462 12185 11233 10187 13007 10422 6617 1744 582 1816 9635 12291
10977 11815 4403 9701 16091 15534 19803 6075 6750 19508 9552 18914 8808 233 7800 2488 1088 12232 17960 9025 4262 858 12301 16225 10820 6752
2129 18558 17053 7225 14174 7914 11287 7989 9486 18592 17394 12365 10568 16958 7278 8022 17631 19043 18405 2864 3508 11468 12721 5042 2675 10479
8612 15755 7570 4287 4485 3316 12902 12642 9139 2752 15693 18990 1853 19943 19933 298 8737 18339 16117 7829 16534 7791 2837 9286 13875 15109
7004 12925 452 1541 17040 8141 6842 18797 19866 14146 36 18457 12107 12308 19293 12936 1356 18577 13041 6753 14019 17878 10101 18432 16115 1926
7895 6348 19225 17353 18617 4678 11156 14245 12271 19609 15391 577 19817 8117 15598 11559 12306 4697 19799 3912 14952 6936 14819 15835 11198 600
10820 11985 19499 9340 13475 10045 14326 7839 13846 4689 13134 16069 16029 16861 15548 19670 1530 17967 17317 11040 14250 2438 2598 601 16227 4846
4204 8560 5867 14708 6227 578 8392 4678 2817 7197 482 13966 11993 16993 4451 2855 1757 19829 866 8095 14631 16299 18534 18666 16972 15382
1622 11133 7002 8059 12122 9666 7045 14168 1170 2335 10218 7886 150 11769 795 12313 14377 12877 11157 8523 16373 18283 6919 4689 2465 17056
10685 13078 3538 7943 12482 194 16614 9011 10170 16405 11414 1907 11387 15368 8840 14465 8165 1620 8560 18107 3768 15241 5446 9971 8114 13840
7836 16318 16066 19547 5192 4991 10431 9957 4557 8239 3839 13046 10359 14880 295 108 5815 18360 4991 15654 1249 19922 5188 9054 18349 453
13607 11479 3355 8598 9136 18312 7076 2231 15530 15552 400 12438 15381 3332 8627 9251 15980 4963 17218 6906 9228 16240 4079 12498 14988 18205
19880 16045 16949 4248 5309 3181 13026 6703 1296 16085 10518 14825 10083 13864 16281 9123 1442 13226 13827 12981 11064 6430 19570 19940 1497 9772
17720 291 15397 17502 11108 782 11824 6538 199 17119 14886 10321 11586 15236 19886 15566 10540 15403 1711 11550 11154 18907 782 10551 8905 2772
10178 9954 7474 8018 6334 3433 5788 11676 14948 5246 7774 10917 15639 15407 7156 273 8756 1757 17488 5076 14696 13879 2897 10142 19320 10737
13944 7069 4938 17269 17388 6474 17969 18485 7611 4122 2187 5031 9659 9696 275 12501 2765 5741 6391 70 16848 7423 15217 19044 4782 17594
5428 5453 10236 6153 14115 19105 6373 8777 2125 12177 9830 10424 1152 6760 15829 7081 4179 18858 12537 12272 18376 4140 6071 19910 10543 16574
16025 11323 3555 9348 6278 2930 13091 11803 9215 11661 13777 16010 17981 3993 4051 6776 4712 3772 2943 19911 16316 17086 6655 2704 17473 7965
170 15462 11443 10328 2791 4587 15540 2281 10120 13072 12137 3470 19613 14700 2882 3970 14797 17343 18486 6694 15794 11104 2067 8133 11364 15218
24 637 17932 13068 8769 8894 4770 17762 1354 4874 3769 18621 4725 838 14998 19001 1284 10732 14735 4129 13003 6865 7429 1055 8249 14074
10264 11094 14895 17315 6692 18397 8762 6705 4062 15118 19059 17392 13773 15143 13456 755 16881 13623 38 15770 13432 18602 18906 10820 9201 13978
2192 7291 16558 17504 2610 19952 13078 12232 11847 9235 14203 17496 2371 12072 14569 13214 6717 1960 3083 8976 3758 18436 827 4611 11675 8441
11603 17518 10181 7409 9427 18729 15370 13130 12925 17924 7023 10181 12939 5172 13880 15300 9577 14761 5896 15415 17630 7682 10515 7402 10146 19175
909 5193 6201 7888 11281 4924 15163 10873 783 16844 3366 3544 8218 15403 5494 10293 2267 3483 1480 15439 14392 10933 12319 2729 17659 5201
14168 1350 7077 17081 4225 13767 14998 12477 13009 19213 4776 10375 5602 125 15064 18836 19223 10486 17564 6070 9327 9858 2708 2395 14726 5284
5570 13672 1888 15544 3427 2055 9675 3609 16160 12243 16643 13899 16487 3236 3670 897 17255 10908 15547 19416 5262 7307 18102 6581 7649 19279
6180 1809 15854 18415 9273 6933 15423 11180 10511 11765 11647 8193 7526 10827 8561 8401 14699 1608 16934 13566 7567 15582 7733 16525 13299 3863
5283 11410 1042 3721 18942 4494 12644 16478 4415 6512 11499 11790 12763 9651 4356 5170 16685 6370 19248 17409 18322 14300 5682 10850 4179 13939
15136 6975 9752 13683 17935 7916 16258 10407 6120 5740 4605 14379 18260 17178 1292 5391 16705 9786 5284 4155 18125 19598 4568 11123 8455 5409
3297 3230 17205 13934 4969 17318 19164 10285 19971 5145 19028 15153 10550 12373 19377 12906 10361 5549 2165 11316 9212 4529 15941 18159 14389 13188
14014 5573 135 9320 17355 8568 3661 15834 1416 14537 14941 10800 11559 16465 5068 5239 6911 19465 15849 9870 6096 7782 9481 15648 7693 5806
8618 10070 1854 16026 5646 10569 17046 12394 10309 6854 9275 14684 15606 12256 7878 5386 4628 16435 2659 12649 19186 1987 13589 7184 11654 6573
3205 19453 14905 16643 3661 12451 2877 17762 2849 18449 782 13453 18840 14722 17757 3766 4078 5115 5049 16658 16368 10356 3830 12465 11749 16403
17265 10555 6885 3678 6383 7584 19394 17810 11427 3742 10885 6041 6923 9833 18553 5007 16859 5936 9519 18376 6247 13451 8365 10512 16469 7303
18907 4337 13896 8428 9409 19215 4791 2805 238 19234 13843 5927 18905 1995 3296 18071 8082 17830 17459 2627 14831 11887 12294 11520 9305 3822
16483 15014 12528 19011 4945 6423 17709 4625 9081 17958 111 15362 10271 15556 3432 5882 3813 12274 6626 13719 12338 8870 2056 19856 9053 5110
18033 13799 16362 15166 18808 3948 3069 15449 11045 2341 10355 514 6502 7271 8909 19075 12394 9532 4699 7892 11409 78 9360 3021 5482 6995
10219 18574 13761 5051 15499 19741 12572 2761 9530 11059 10429 10824 75 18070 14230 1664 7051 17355 15322 18165 5270 13838 7516 367 19029 15894
14951 3634 19362 6081 10950 37 9469 7083 18763 3789 16848 1812 5749 6972 10029 6109 15440 16023 2123 3246 11200 14771 1728 16478 18853 14987
17052 16182 18870 18906 12854 14667 6647 5170 14823 5254 9907 11621 15975 6697 8525 6803 17864 14886 4099 17570 18411 11964 18486 7941 3266 14149
14428 16755 4946 7040 470 9375 18319 7437 19658 14759 10820 1803 2677 12146 5701 6083 2820 18410 4035 771 1063 7994 7395 17186 3647 3761
314 13333 8473 15004 5342 19934 2473 3348 1723 12553 18948 8514 1312 18242 5707 14775 16239 9020 14990 18440 17916 1303 14035 5493 17521 5044
11691 16454 4621 10926 2085 12715 46 18606 17897 7983 7802 1154 11597 10097 2162 16537 4303 10012 12530 17054 2897 12860 15402 17831 10821 6696
7896 8107 1048 10888 11283 4800 17484 630 4247 5549 11170 15895 15623 7834 14544 13757 11483 9897 6731 16432 1460 2334 8207 6685 13665 447
6155 3415 9381 13029 3453 5307 3441 17778 11547 6424 17931 8967 339 10688 10838 18710 9203 15153 4964 4336 16718 11113 12637 4381 963 13203
4881 19219 2718 10927 10516 11820 19741 3196 1249 6422 6903 2186 3108 4258 14726 2897 19908 14071 7209 6540 10907 5739 648 15776 8346 8932
10158 9532 17568 15317 11145 6008 5843 16839 12411 3354 13148 19068 15799 10665 13469 4928 2459 13459 6188 8850 9298 7721 18990 8751 16043 913
2086 12997 15865 542 15920 13946 12944 10354 13476 14963 15058 19002 4859 983 16674 3087 4511 19481 11773 219 2445 13516 4365 1713 15041 4922
12826 13426 5478 18105 13076 19711 19704 12826 6719 5801 19673 13157 13571 17935 14886 5171 385 7042 164 18731 8790 11700 19966 5404 9090 10395
16694 9774 17920 7347 4866 14964 549 18805 13933 18029 19147 9977 9774 18072 8268 2089 9458 19884 5090 8107 1062 9235 19069 12238 1095 11294
7021 6916 3083 6949 6035 16116 19996 1793 5712 3407 18842 13677 10390 1260 14544 2533 14779 17054 2165 1424 12015 665 999 2236 19014 19014
10609 7396 4329 6728 3082 258 7268 8450 2988 16734 7062 16834 8467 4410 8643 6006 334 3279 11037 19140 2907 13011 1151 5385 8337 262
6185 7747 11471 19422 18199 4309 17538 18003 3928 17808 16896 9090 9499 2659 16870 19282 7821 12244 3885 12713 1592 5755 13246 12578 1593 15430
6114 10200 14858 18368 17017 4014 3608 17109 11862 11546 6962 14480 18473 5276 19985 4403 17409 12525 2728 12997 5361 16200 2139 10564 420 12145
15390 13036 10039 14143 1315 16365 6856 9803 12366 12837 9025 5523 8251 9074 8778 945 11164 10522 6868 2582 7081 6920 1346 12447 1911 2346
9875 11008 5389 11886 8477 7775 2719 10259 12779 14850 13315 8754 10053 6030 14316 3934 16935 18420 15802 16321 1735 7628 6647 10570 9145 11052
9118 11021 7464 6185 10852 15391 9580 6484 5603 4493 5197 18169 3738 12841 11371 4408 2781 19347 6187 16798 2867 18612 14541 12233 3955 3268
8430 5126 10868 19922 12264 4043 10099 548 13385 7873 8154 6347 7974 19686 16295 8561 17732 15164 15189 6955 17841 17620 14426 19831 10708 3807
3054 1244 16407 14171 13415 17449 1228 14435 3305 15960 16113 14950 5248 9574 17398 8749 6299 12702 8402 12103 17552 8289 567 3860 3895 7116
2715 2249 13007 17615 3318 6912 1133 16479 5463 5361 9770 11442 9709 15466 3872 5997 5390 3090 14899 13651 16940 4211 8235 5783 1337 12605
16584 5774 9343 19128 1987 12562 4935 12155 1254 765 13544 3829 17222 7229 13834 19486 4126 2439 17527 6932 1891 616 7985 4021 17816 11727
3167 3858 12687 12051 19933 10585 16900 16764 13655 1447 1544 1970 15208 17028 18350 12750 11914 10414 524 12769 9740 13527 6195 14069 15549 3714
1871 4168 15643 2439 6743 19625 10649 7213 19743 6792 124 9447 10696 681 12677 13210 9375 11402 4188 10267 13507 10833 17430 15808 3902 6159
12176 15056 526 10307 10715 16260 3867 12737 19693 393 461 11411 14971 13132 16300 2242 5870 9328 563 19250 8389 16333 1384 10278 11878 13941
17784 19115 13529 1819 11515 16764 3977 8390 9213 15872 5675 5357 14893 18986 1272 11334 14407 11970 2107 8095 17685 11862 13914 10226 6675 17219
8663 15737 17936 3207 15632 7547 2859 15977 3097 5387 7734 17969 11358 10538 19797 7001 11738 13170 14805 17733 15147 6678 13954 2556 459 13487
8957 13670 4031 6762 13503 3212 8879 19250 16392 13062 526 9184 4562 1165 18595 13126 10314 15732 9593 19957 7493 18457 19302 9374 15699 5429
13726 5660 15833 283 19746 4551 11434 9712 5400 5081 8130 19405 16097 19676 6768 2743 12897 6410 13452 2340 19753 9666 9845 13102 8579 4903
11077 461 11205 17713 2720 5355 14160 8598 11749 5327 5297 8803 10514 12273 11009 1893 16428 6315 5834 16432 14994 13299 16957 5986 6156 16437
16436 2481 9875 17263 8107 15442 4215 1180 5483 14684 17690 16957 195 4404 901 2018 7375 15444 7434 344 12643 19151 13933 11382 8991 11637
5046 9638 17291 18387 16097 667 760 19226 5777 19525 17429 815 4068 5919 1204 19792 18362 1119 16080 6105 4913 15175 17239 5419 11710 12899
16356 4486 15457 12841 16760 5789 12463 11774 10462 12340 2984 19622 14650 19335 3770 4004 3123 17010 3709 1299 3010 12266 15315 13172 13851 1795
11681 15309 13439 4412 15869 13183 6874 18997 17311 16815 11815 2613 15545 13540 14500 9784 19032 17540 16090 115 3524 6240 19597 12469 2558 461
8449 6073 2869 14242 2214 10386 15037 15584 963 5805 2837 11880 2697 19705 11665 6285 13229 7232 9215 7092 2678 3162 558 3171 5495 4122
1479 11570 665 16766 14303 13240 1162 1575 17480 6718 2554 13715 4414 1621 3625 10280 19001 7002 16797 16344 9705 19686 19363 8251 19041 5494
13556 19710 12377 7369 7979 10111 3972 8961 6552 4173 7910 7135 17149 16945 3052 345 16503 2221 13006 1848 3241 5387 859 1846 4672 7068
14239 19777 8280 13020 2834 10125 5042 13914 2057 16139 15084 5527 19908 6911 1539 16989 12619 11727 170 4553 13006 263 15904 1272 8382 820
19625 8453 473 2299 6686 9781 18121 2214 11407 3149 7114 13617 16704 1631 19084 13574 6085 7984 3230 14984 10639 7492 980 16735 10025 11172
17379 17941 16286 18200 14445 6321 12504 7892 10952 9948 9066 2916 3472 11907 19485 18253 17391 7619 15856 3231 13111 11757 16396 19817 19331 16747
14865 292 6338 16089 5205 15061 15666 2647 19124 1331 10889 10447 7794 14657 15693 19861 12059 13070 19452 10310 15391 7081 9020 3400 13392 12201
17339 7445 10774 11992 14089 14759 6272 5592 14267 11300 10661 541 14723 17391 19632 16408 9225 1870 15246 6576 478 17485 17252 14541 4383 573
5204 15610 11603 3200 9407 18720 1515 4638 4951 13860 4427 16197 6793 4960 125 444 10331 5415 14976 8756 18372 15355 3867 14029 12577 13111
15277 2968 9784 17033 7846 4765 15036 11925 967 14138 14087 19120 268 4942 15185 270 7861 6055 19055 14584 9848 16065 8099 11589 4405 10294
7111 10579 1584 9841 5274 6636 7914 329 15100 16438 2340 3734 141 5492 13507 15572 14113 11137 1291 8981 10809 11137 13762 8502 10191 14751
12880 2014 19716 14870 7984 6046 11632 3800 9250 14643 6114 14657 9518 7682 2208 9327 14892 15909 2217 4347 15000 7136 6682 1373 2789 13449
12388 13800 15309 7910 8847 17961 6336 19707 10957 14649 7320 8894 17661 2661 7314 7937 7610 18546 5422 8196 10963 5867 19598 5827 15765 15443
17429 6627 15892 19881 563 3584 1545 12120 18780 795 11389 11834 9505 5139 6028 4994 3912 8744 307 9624 6100 3079 18499 800 5375 2044
8636 19734 1612 11571 470 15016 17326 15840 7478 562 12406 11725 3715 8978 6376 4880 7223 15777 1037 16604 18678 3434 14914 7877 5815 16394
6592 4777 6215 1279 12118 8112 7460 7368 15595 3747 1691 5107 72 430 1780 4860 2620 13323 18953 14090 19455 17853 5785 1402 6675 19728
7058 12542 13114 17942 5919 7201 19699 10829 5614 9851 7567 9678 781 1103 9499 69 1065 17000 19962 14944 2531 12828 7399 6139 19037 16573
7119 2788 47 15161 14889 11872 17136 19819 8339 901 17698 10505 1846 17791 9276 1383 15313 11594 14706 908 11818 9670 19369 19076 14976 11342
13883 17896 1232 17751 10296 15023 4950 13064 15678 9425 11030 10997 3744 3189 11991 16934 13092 6595 3495 3212 7110 13559 16316 10895 15698 4875
16058 17458 17876 14379 16752 8947 1390 8343 14357 19794 16734 6035 16176 2563 9089 17162 9706 1266 9658 4272 17094 3846 6655 4348 15750 8761
15285 4454 1463 19852 16553 3071 5475 19183 7378 6266 6132 7515 17542 304 6412 717 12155 19392 11283 1539 11339 67 4453 3097 9106 16908
12248 8427 15542 18813 12014 18752 2509 9936 9613 11315 1432 19764 17133 13517 2107 12194 11339 19495 10630 6026 14897 14119 8429 10923 3897 16881
14618 2222 8350 3356 4276 5992 4989 12318 18943 19511 15165 1487 441 4925 16864 10486 15493 15624 18552 4492 19436 19245 4939 477 14738 2968
13682 19719 9223 5275 11295 9887 4996 8762 6628 18761 18622 18596 4465 5776 222 13737 2387 5210 2599 19028 5874 14201 16500 254 7514 16633
18450 8235 3957 14727 12247 7470 18051 14829 13063 13337 3522 7886 13601 5086 17845 16406 10618 17969 8319 1146 12059 3230 12626 4380 17713 8159
7374 10660 9766 18533 868 18915 13059 16503 4494 13263 19948 6111 2714 12965 17719 9910 19363 8560 18361 15345 18014 5505 17658 19049 32 10531
17735 5987 11340 8999 11507 2551 18771 6836 5666 11841 8117 2847 12291 13617 12325 13490 939 4893 10454 18389 1895 4739 8806 3754 14774 11104
2203 15832 9789 14314 4012 16451 11151 18461 1238 1062 4687 12496 16272 7019 522 14892 137 236 19613 7055 7737 12899 9868 16541 5641 9768
8941 15665 8996 12754 12765 11327 9103 3176 19349 1195 3103 12086 13870 17100 18944 15632 4401 13592 6477 11243 9116 9979 16244 16790 4390 19662
10864 16619 7925 10799 14658 16570 3605 16684 7210 17477 5953 15897 235 14505 9203 14670 5794 11166 2818 6237 5693 13469 10956 8413 5691 16058
7818 3019 14327 5778 16373 18269 10169 17131 14398 5863 11364 7304 18768 9244 13553 4435 3888 12734 8799 10602 16246 9167 11274 14903 11418 5005
16046 18791 13394 16063 3643 7397 9098 19541 12114 3942 19259 7517 5825 20000 163 13816 8192 9290 7414 18097 4264 15234 14085 13616 15885 2083
9065 18602 19234 5956 5686 19067 14928 19372 16423 10400 9633 12468 12306 1406 11345 11493 18500 17441 4790 15979 4146 18681 12113 6733 19116 6834
3617 19466 12034 4909 15048 228 10334 15364 786 4655 4249 1039 3165 12633 2721 11686 17120 12582 19197 5152 7715 16911 9310 16550 16649 16914
2650 4944 15249 2650 8718 9756 5434 14434 16432 4936 17367 17491 7223 14225 16422 18648 11329 4156 15486 18969 2777 6565 19274 7547 7861 18218
11062 8619 7092 5102 16482 16381 277 15495 3739 8227 3361 10494 1386 11417 1785 14783 1958 16823 9065 1653 8043 12325 17157 1501 3814 18066
7987 12931 621 16487 19141 10858 8358 15405 11962 1514 196 16156 2164 3989 12604 12886 8089 9617 13335 3850 13642 18033 17097 2927 4567 13718
9147 3526 18497 10666 5934 8841 14201 3304 8300 6630 19781 16640 16728 10370 3648 16701 7535 8510 9205 12320 1615 694 3219 14392 10544 119
1007 18029 14879 2566 14272 2487 13990 16445 19811 11696 6610 18797 4364 10643 13253 4580 9258 1361 17670 6818 317 17429 9183 19033 14735 19514
12252 13694 5216 11395 4684 3912 15689 14384 9662 9270 8123 12642 8771 18959 11248 15348 18115 8856 901 3507 7382 10472 9831 7331 7995 17741
2797 10844 7175 7006 13674 3264 8629 8894 18433 6350 282 19375 1837 10298 17602 4679 18604 8189 720 9973 5493 14380 19581 9043 9011 9138
14842 19838 6804 5468 6512 7783 9874 5250 11658 7803 12221 18807 16035 12389 15702 2509 17862 10360 6769 15670 16209 5144 8620 5837 13838 2856
6128 1186 1134 6863 7168 18709 12419 4197 15607 19998 16674 15820 18194 13225 18875 318 17973 8656 16804 9426 6856 18575 12018 9465 16510 19519
6216 2193 13857 15453 9714 7811 10178 2825 6312 14528 6028 19599 13225 781 4062 4500 10718 15753 8455 10670 8234 3001 7860 239 5801 8935
10129 4748 2975 5841 9187 6414 8394 14691 8656 2374 923 4579 2053 3523 19837 12397 12824 5064 5412 16333 2127 19954 15109 8476 16308 14957
7601 14871 10358 18591 5119 7673 5001 415 17120 5273 11773 15118 8953 2512 4651 9099 17691 4241 9078 7871 11982 4619 19362 19033 17446 2897
7082 1422 13312 883 1654 8850 1023 19062 10607 1689 4419 2215 13 16923 19230 16160 12007 8005 9066 5071 5749 18849 6786 4877 7861 19225
2689 15541 7365 17785 18485 5102 7813 3444 13924 4501 7789 17210 3931 15007 4591 9439 8351 18321 3528 12796 3176 17225 11981 16885 15969 11553
3024 13546 6705 18041 3308 10326 12280 17474 14309 7808 19605 14344 1492 8598 16841 7011 11053 3179 8755 14738 18763 12526 16738 11548 12913 747
13252 3766 4749 10122 8432 7779 7199 12296 1677 1032 10920 14274 6035 13869 1131 11298 12523 19804 5525 19955 18372 15760 2644 8565 15012 2762
1990 1789 10712 16563 12650 9746 6715 14919 8264 1711 6655 5153 236 7604 10043 5671 7301 19940 615 19876 12784 1225 14904 956 10033 6553
13605 7392 54 15384 4081 8083 15260 17632 2368 10406 11995 10546 18589 18978 2670 15065 11508 13976 1042 14782 12606 8911 2289 17047 1305 19004
16935 15261 1757 8100 19772 11572 15404 3769 19241 3638 1922 422 4355 5191 18153 8393 17081 591 17592 6098 16173 19273 19715 18260 5503 9701
18812 1229 12409 12077 3495 177 3836 739 4740 7350 10823 8160 8029 17730 3847 330 8269 14913 14767 9120 5237 16164 343 5825 18553 10397
14644 8619 11314 6819 1928 4175 11896 2916 13651 13084 8107 8783 10821 3095 16049 7714 3233 12658 6692 14633 6886 4275 11818 17316 252 16137
7147 9940 3231 1227 5675 5309 10662 8420 7637 12413 1557 13437 6041 1593 4817 13171 6122 13223 15775 7511 11729 4946 13643 6071 10662 1061
12869 17592 5282 16668 16404 5161 13250 6258 4831 3578 19203 18607 8379 14996 16377 4093 6562 5667 6837 3657 12057 13941 4447 16630 16004 14630
15157 12580 17513 2204 5840 15687 17915 14327 14675 14635 8151 12171 11869 14579 19569 19486 15063 6185 8521 16889 9410 2153 12763 17477 17599 3490
3310 744 13701 5212 13201 10466 11530 12574 12156 14602 3438 2076 14398 2644 8255 8410 8593 8328 19532 10279 12101 7027 14850 733 17929 321
841 10811 6737 14857 14656 10706 14959 16912 44 6053 6986 11123 9986 557 8099 3137 14546 8325 2048 12125 328 17602 10191 14194 10757 4847
1949 11340 7069 5694 13968 1822 6294 9868 16192 11581 4855 14942 6773 15135 5838 1198 6055 13491 9371 9513 2778 14798 432 1349 13465 17273
7601 18626 13682 18134 15272 5269 15770 12762 9069 9426 16345 19612 3270 13518 9316 14509 9471 5532 3039 14297 12832 5741 4764 9668 5815 15322
11601 11057 1736 1945 11650 14852 16939 16639 13001 608 3429 17272 8301 5882 4369 15407 11372 992 11324 5584 11808 18008 1875 4551 10937 9239
12882 4410 7382 7217 15551 15537 10797 9337 17420 16552 3156 13016 11943 7128 17623 4084 8852 19667 5546 283 1310 17129 15914 4007 5161 19607
7586 5603 2803 4748 17272 14158 4589 11055 9394 4786 794 3448 4605 15297 7042 11490 7678 1809 17290 3630 6454 19895 18448 1177 298 3511
15054 8835 16817 6145 9054 13736 1200 12199 14051 468 8292 18622 2536 1073 19929 15826 17660 11005 19185 14845 7094 9100 3534 3341 6839 16314
11732 6028 7846 10109 11781 8992 16966 5603 12268 18213 12205 2781 17766 8991 3912 12855 11780 18624 12196 15787 19880 18802 6351 13519 8045 13251
59 9423 5871 1834 3185 4537 9312 7217 11099 7956 15177 2995 2111 18598 19968 19059 12321 8774 17947 4544 3910 19620 2052 18495 15948 14781
19185 12778 8396 6393 9672 19808 2229 15166 15583 15969 13169 6851 7956 3028 16075 4143 9130 4181 5018 6687 14010 18437 730 5361 9471 13226
17077 18513 7855 17518 6613 6006 6058 9416 12841 7404 12425 18954 321 16437 15878 9069 16849 17623 14201 12456 19535 12988 2263 16257 3132 3610
17620 19001 6285 6717 15973 6093 19839 17019 8089 18033 16241 9382 17719 3629 13478 7363 4759 13759 3163 19203 5284 6535 17628 2364 17860 19147
13055 3579 14876 5084 16152 14478 13817 17375 5684 12658 8366 4182 1337 9356 10915 4443 15486 14520 3249 1130 12583 4036 7693 207 6119 7461
12664 19365 5644 19802 4735 16806 4172 18066 8543 1370 18805 3559 253 13759 16852 1082 5382 17603 14620 7044 15048 7313 8360 1340 4945 13993
16684 18292 14591 11288 11573 16381 4808 13441 289 19542 16433 8129 12629 9831 7828 4290 2791 12035 5447 17549 19345 4346 18212 4953 10306 196
15457 4795 7932 3169 15063 2977 3172 565 14666 13742 0 3956 15107 18229 13336 10150 5140 8622 12306 19785 7429 10875 5033 5719 989 16357
926 11001 15775 11184 7161 2494 8303 4207 1824 9533 3116 3155 1336 16392 42 16890 8004 4642 17356 8348 13206 5514 11266 9347 1858 17987
759 5209 15772 14547 19662 9918 3563 1737 2805 11458 15524 4626 12772 6313 19737 8121 1572 16598 10823 13364 3993 5584 2837 15882 5412 3889
1944 5094 18094 2767 4544 2211 4471 9496 1391 5704 2597 359 17976 10344 8848 1794 6266 769 6594 8318 10252 2992 5093 2355 6383 6457
19858 12377 18656 2962 9930 3565 10728 4342 10927 6642 15881 3760 15732 11415 8090 19416 12736 3502 2821 19019 15034 16305 12281 15957 3903 1385
9560 12219 18050 11649 9852 8030 4753 19775 15226 7570 13912 11846 1303 5153 5809 15028 18662 9240 19304 13073 18829 8003 15657 14565 6444 12144
8802 15056 12434 14939 6897 4057 18264 19936 12086 19947 17394 6315 1060 5844 2884 17266 5794 11208 548 3365 3772 18519 15762 3121 15341 16176
8237 6792 8532 12215 19186 5232 7107 13744 7346 15513 4114 14384 17842 19130 17906 1131 9188 19509 9046 3739 16688 19541 9355 6859 1616 17503
8544 13643 19250 11523 7765 3179 8121 3361 8719 720 5075 11520 5450 6217 1324 11823 7515 13203 5991 17662 10785 13264 132 8681 6564 19612
6602 18749 13702 18790 1627 18768 13453 34 19498 6461 14512 7470 3160 284 3661 10582 5134 6613 316 857 8127 5497 7777 15474 19380 7193
17077 898 15289 13272 10348 14548 10532 13922 16860 1348 12343 930 7304 14123 16239 834 19784 3464 9779 9008 16850 19289 12396 17203 18121 9176
14324 4875 4879 17598 12278 5799 4377 13660 14911 16157 6075 19253 14272 12747 18968 10476 6441 11516 18805 10810 1678 1539 2319 14573 19160 788
18277 17078 18579 594 7888 18022 8504 11657 16022 6132 18487 8841 15003 12927 7273 8002 3949 15453 17461 16894 18529 4945 3131 1312 14490 18693
1868 354 3926 12264 15439 13234 3190 16539 17596 15257 3447 14386 8022 1431 3710 5164 13549 2033 9620 13406 18813 3684 7847 3381 4633 9946
1649 14174 8877 7342 15211 10938 217 19304 15291 14170 18831 3481 1420 5695 8165 1109 647 9846 6009 15168 19738 10069 18538 3274 16100 3593
4975 1540 3172 2765 16492 13910 2203 4367 11343 15623 14662 14240 10589 15978 10107 4334 7590 281 7685 6447 531 10121 6093 13408 11373 6951
7160 14670 5615 9169 9879 13758 16472 303 17580 15947 1020 9927 16646 965 3838 16623 70 139 18697 11932 259 2155 7034 5874 19343 4508
15607 11616 12795 19485 8458 19259 16544 1972 9203 13618 13874 17836 6084 1653 13390 17579 6672 19569 8903 18880 4818 5912 5522 7463 17598 12632
18610 6163 14185 18276 1586 2031 5022 1739 14022 4814 18718 19891 18671 19285 7629 10390 1586 18323 17542 17052 783 2196 5018 10594 5080 4835
7485 12461 1347 2089 14970 15717 9759 1520 12017 18649 2269 3269 18332 14047 14935 7503 10559 6806 8840 17672 7136 14207 2090 4758 6538 3327
9851 338 16894 10468 3709 14537 4093 17820 4721 15734 337 8142 1831 17772 17540 10537 19013 7826 19689 16653 19252 7184 14568 3678 11608 5520
9774 2778 14286 19247 9007 19780 17682 17778 8915 4626 15186 17176 6376 10656 8749 6195 13574 10227 14383 177 11532 15344 1322 17507 2899 18132
179 712 170 11623 7720 3452 9808 16421 1935 7567 7878 18183 16740 19942 19269 8242 10731 3362 13228 3953 12768 5940 832 7467 5553 803
17837 7729 7618 818 5550 7375 17504 11517 19546 5570 15676 6004 18832 2459 937 5966 16309 8469 8368 8894 2024 16200 7614 7471 15795 15606
13603 1831 19381 7926 5142 2107 16295 6064 16103 9673 3525 10091 2243 7423 13451 2444 3703 10605 15885 16100 1813 16795 12719 7959 1359 18275
16739 11985 10129 13197 7789 16025 2810 4330 10513 12978 3994 14068 6435 4150 17495 12024 18380 10580 9243 17996 17527 2994 9065 1538 17029 12434
6944 16302 19444 14338 1072 2859 869 18586 18998 6921 13732 4809 16585 6159 19831 6458 684 7960 9037 17020 18875 7277 19199 7397 12632 2167
12453 13631 19622 13877 9207 19799 13760 9348 2691 2801 17192 11199 3519 15909 711 2756 5070 13284 14818 5275 19332 12670 14066 12777 6434 802
15737 1479 5247 18846 13095 8565 4319 12934 4405 5964 19045 1671 6395 2148 1859 1750 5805 4896 16445 14218 7071 10543 6029 2960 15325 4367
6788 17870 3575 4450 13580 14217 2969 10412 13744 4928 14692 4811 19324 13675 12040 8678 7129 9908 13114 47 1601 2145 11236 19856 18724 18497
12891 12472 18725 10312 18185 13298 5028 11995 11793 14707 3032 8177 15574 7374 18980 10491 13573 13282 10835 6480 7573 14033 13992 4736 11762 12412
4787 7846 11877 3341 9978 10353 11337 2132 3717 92 16547 6615 4759 3221 17037 19515 8524 18625 19613 4624 11940 12012 4183 6581 3406 11592
11694 5167 5482 18755 5800 1130 13412 17126 19684 8452 11831 15555 7538 7478 2684 1072 18026 14209 10737 4575 18050 19478 8624 8864 13400 12727
2988 17272 9964 617 18248 5437 9890 9392 17083 1091 18078 2904 3996 3822 9182 14531 1132 12421 16608 14368 13685 14265 13647 16181 15101 8356
121 14537 5283 327 15277 8753 9092 5646 13201 7996 9764 6906 17024 17130 9734 12382 13993 7834 583 15067 5980 17115 10672 15107 3206 8363
2022 1199 5825 18255 13661 16123 5166 7912 11704 5620 9521 4130 19225 12972 1359 17887 8169 3789 2131 7533 3594 1659 17459 12127 18546 536
1490 5451 8190 12442 17239 13678 11303 11386 2696 13528 3527 11491 7986 19067 3737 18940 5384 8431 12365 1292 14307 4057 6624 19264 1151 6981
4380 19462 18573 15326 15274 13389 5092 9651 19565 19190 18551 16436 5635 558 1688 19422 10627 12437 17627 6643 17036 4326 1625 17523 11778 14440
2051 15695 4801 5380 17582 12580 16643 7272 10780 5176 12475 4109 9476 10590 19397 13878 11833 16438 16052 2995 6009 3684 4830 1611 8950 708
13520 2295 473 14758 16506 18253 5257 2728 5559 14176 7752 16252 8417 8803 6447 13779 14432 15547 14249 6815 1255 165 11301 10454 2996 231
3368 1628 18435 18233 11153 10194 7434 6483 478 12410 16395 19103 3529 17854 6801 4193 355 18400 11022 6036 11898 1285 10359 8804 15602 12012
18641 16987 8658 3631 15539 9618 7306 12286 6454 15193 753 4966 11176 13694 2224 12340 12117 11057 9820 8813 6425 7433 17962 10399 16398 1026
5137 9139 4497 15502 8353 15354 12457 16735 15008 19239 8002 8100 7035 6387 12007 9243 16371 8163 10248 505 965 13086 3463 18150 3673 5370
4958 6570 6786 17131 15538 2587 1501 9545 11332 5627 9752 12800 4699 12639 4390 443 13214 12496 1729 18812 19689 15835 12772 9032 7250 15796
19583 5291 5556 15753 14935 14953 5943 767 6876 11566 19119 18346 11839 16123 12274 4585 10074 3746 16780 15896 19440 2382 12936 995 18929 3380
1111 324 3901 19954 1894 19046 6119 1093 2246 4631 14927 11122 18298 13801 10086 18811 19090 12083 1132 19303 4036 11479 7900 3411 17150 9129
7191 5120 17422 8097 14042 7807 17857 143 17898 14804 18400 14183 10111 14920 1426 6692 11773 2681 2981 4508 15641 8650 15049 4361 19487 17710
15005 3586 12235 7606 977 10449 4644 5333 9635 5944 16263 13707 6415 3774 6088 17871 10194 629 7989 13733 19785 19574 18842 3900 9295 15571
1153 12106 9491 17201 2878 18410 18237 18764 19277 5132 13881 10789 8262 18451 16499 6059 16335 11472 1756 1733 13509 5459 10337 2490 1242 1345
7950 12054 13770 16935 10510 8452 6752 13040 172 9764 15757 18831 7504 1827 4746 4789 3606 14964 2528 8709 4324 2434 3857 4937 10067 13401
10943 9304 3449 858 16767 4979 17657 19298 9005 1404 734 13499 4952 15780 12348 14320 11627 14463 11760 5241 15429 11626 10989 11764 17601 16998
12554 17648 9253 12561 11122 12031 1769 3159 962 19647 16636 17320 11134 1995 4479 8496 6192 10448 9787 18732 9251 11549 8391 679 5025 9058
7639 6101 16488 9389 12291 9413 7390 19443 276 425 941 14314 11059 9485 5185 1519 15145 8094 10377 15862 2298 12612 11718 1733 18317 4837
10766 5990 11298 1169 10881 18646 3520 5091 7081 19295 14547 3231 3572 16181 19071 2073 11209 15219 18893 6090 2026 8389 13500 19090 2459 17015
19216 11569 18960 7941 16927 11804 18577 8728 6420 4014 5513 17559 14016 2916 2519 11742 8418 12288 3060 3590 4868 18792 76 12832 7846 16717
9918 3705 197 9900 16567 7753 19099 14495 11741 11464 3986 4941 7305 7989 9545 17282 17764 11138 14198 17953 11063 9940 2908 6551 4595 17855
15617 18224 19903 9331 17933 19694 18945 2518 11346 16398 11217 15548 1867 1899 8836 11104 10611 17152 1635 3911 6409 7224 10507 18440 8632 15614
10343 9970 5822 19312 11930 10485 1756 12241 11129 1093 3576 6931 11588 15868 16074 172 18592 13650 7186 14585 10817 17620 13388 5184 17838 15663
9256 10189 1623 15978 16867 4556 6978 2649 2255 7405 6923 3096 11474 2426 7591 4083 10774 7877 10082 18414 127 14374 13382 4749 438 12311
903 3827 855 6767 4587 16155 7117 18670 17600 8753 4803 11106 8969 7890 2027 3322 5427 792 19132 14245 296 4805 14348 13421 7667 8679
778 8795 18639 5679 16907 17745 3491 5959 12351 9128 15910 3624 4340 3649 4514 12418 6699 19954 18350 4833 7027 4843 16223 10493 11796 8048
2901 11756 17761 19267 16069 12255 7381 3683 12911 13053 10068 18952 2738 4024 10866 7112 2865 11900 1262 19593 7387 12081 16353 3388 7336 2479
1925 10823 4568 12297 18454 11647 8630 14638 10414 13289 678 3611 15237 1251 13451 17667 14482 17991 5813 10806 14508 4787 19742 16761 14809 15581
12982 15387 14231 171 10946 975 14265 15140 14104 18426 8709 13198 339 15675 7093 18903 6992 17355 2469 8141 12450 17066 4576 1975 11371 5593
16494 16701 6026 18064 12999 10011 19511 12959 6240 4603 18618 8261 13764 2525 17265 10940 13573 1106 14042 10773 9255 16972 18081 7933 13796 12813
876 16337 3099 1293 18994 5695 6970 1528 3188 19653 10981 8561 13694 18731 14694 10806 6309 10408 8218 9881 11438 13911 13725 13151 11236 17651
12835 5753 9220 15335 13927 18624 14391 321 10143 13328 2759 6462 12984 3253 9878 12856 11921 17648 11404 5824 4016 4185 5525 16203 6894 404
9474 10797 5026 7960 17873 6689 4470 13811 4570 1726 5900 5960 14879 4281 7295 6934 19544 9147 10336 5536 5846 12733 16670 19427 17498 3197
17506 6083 3877 1577 16547 785 6326 16050 2659 8896 1588 18494 12508 3593 7191 15584 884 9104 4721 6411 9069 6709 10832 12773 19708 4916
7500 8372 4932 17048 15700 16460 18448 8781 3931 19473 19438 7526 16110 7390 17359 15052 6578 9859 18655 4516 9654 499 17998 18890 2985 15085
235 16054 1513 5609 13991 19806 12321 8866 5551 15128 3711 14883 17428 16837 12624 12878 10572 6064 7356 12060 10780 6548 6792 13336 13363 18291
17560 18477 4506 706 15759 567 433 2872 14454 1162 14777 16009 7959 13073 16112 4547 18115 7717 12854 6728 9205 12333 6583 14195 599 12256
3168 17119 8693 13255 7704 3087 13604 19991 19571 6582 7200 14132 8843 479 6784 4236 11349 13695 8853 17343 16306 8857 15207 3298 11847 16643
11944 7079 19603 7189 3629 9442 18562 16910 9375 5104 11714 6563 7101 16409 871 11668 13687 16673 19014 6443 333 2075 18793 10240 19797 18190
17524 10407 12374 753 7977 3883 12426 13526 11039 19842 3080 19593 4864 15177 15576 8431 844 4916 15553 7597 19727 2036 1792 8771 14832 18133
10701 13559 6474 7159 6287 18485 13968 12041 3606 3254 9579 952 19812 10419 15416 16905 2682 19128 14758 10271 12881 16824 4948 3618 655 10755
2810 12698 9854 9936 19281 19483 18652 17035 10028 12160 4413 13330 7752 3710 15056 7762 1222 10795 7664 10679 17264 10619 10719 19684 19635 9511
4454 15099 14629 15988 19198 17565 4621 17367 2110 6279 19674 10335 6687 15336 9683 8997 2908 14898 6471 2993 19974 7119 9628 11203 12688 9818
5230 11368 10827 4109 3734 4915 15963 16721 18024 2862 1138 16213 6730 6584 7408 4669 7007 8719 951 5559 13378 4078 5547 17645 943 2622
885 7177 796 18415 16332 13249 9549 9210 2427 18550 16001 11759 1509 2743 5091 4137 15710 10346 14415 17324 18908 8120 6898 18382 17570 13199
15195 17975 16871 19969 2077 18749 15585 14507 3891 3028 16799 13565 13931 16108 9041 16487 12085 8005 5111 10398 5256 19693 2844 2218 9137 12737
13649 5740 10690 17948 938 16208 3103 4345 6762 3705 18386 6723 5317 9273 4728 1920 3145 1437 12725 18629 3397 17237 645 8362 16806 13675
11528 19791 13550 1998 9410 438 15056 9255 15777 12579 1685 18996 3423 11480 2166 7503 15443 13023 1128 3438 16873 2148 16973 12982 10920 5150
19592 55 1774 5785 2745 9456 1513 12200 1307 10395 10242 8690 15348 2760 16529 5248 3999 10125 12508 4598 227 19379 5680 9691 390 10227
3807 1285 11043 6960 1197 9079 14013 17738 6402 18450 19632 10514 15671 17443 17880 5868 218 16779 5874 4936 19135 13467 5410 7344 16732 789
1820 13667 7741 8170 7738 2933 122 2281 10008 18388 14570 7048 6007 3655 5401 5033 9321 12659 16444 6202 13216 4363 12167 15595 1113 19654
10303 8083 6520 15225 1558 9756 12557 326 2314 15209 14115 1944 10843 7803 3512 3298 9100 12241 19064 775 18341 14839 9900 10257 10175 3664
5375 16906 5009 14269 8476 19137 16648 12396 13855 5314 17767 10822 9344 15597 3494 4440 6589 11086 18376 11120 1729 18627 3974 18522 19778 12393
10569 15865 723 1920 1684 2450 5059 17552 12190 8436 12508 1225 11110 1686 2540 5912 18382 11269 6216 3202 12835 3916 10938 18263 12835 566
9874 3912 12338 3532 7177 5609 13417 3000 14887 13668 4014 7710 14226 13896 15106 12134 16591 18899 19231 100 5729 10325 8617 18401 8123 13856
3897 18410 11223 8264 18540 11766 19598 13714 6497 12260 11919 12622 4182 16251 3528 16835 4656 16605 208 10421 5066 8283 11932 13502 4014 19369
2165 16196 6437 1515 18599 16191 8629 18293 9730 13287 10581 2669 6940 8763 13082 12332 15700 4639 10814 1505 18023 778 9902 5837 18423 9401
7755 656 3154 15538 2410 17548 6751 18566 6728 13606 11145 17575 9653 19020 12754 3844 1636 2034 7121 15467 771 7373 1962 15099 12380 15481
18758 15898 19300 14585 5621 16425 15901 6208 11251 5122 3048 12376 7607 15163 12885 11361 6278 9041 12367 2167 4165 12226 1762 9494 17692 17830
17202 11709 19135 16904 7792 30 5827 17888 5511 10080 433 7773 3523 6015 1837 9280 6502 15178 5151 5613 9705 17097 13504 18734 14402 7198
18761 12199 11000 3514 7942 709 2192 19125 14050 8011 10981 10449 15380 18125 14236 14187 9266 1684 5322 8927 7211 11081 13725 5976 8629 7276
13502 11232 18112 940 8950 16521 14986 158 2800 7097 7185 11860 5460 9440 10221 14545 15754 12236 12405 12637 10833 1688 6025 9886 18698 10458
14684 7799 10841 9265 19865 13850 10017 16890 7709 17730 8843 9954 16170 17732 13106 3308 18221 18225 15507 15314 8873 15890 14648 2616 6680 12132
17799 4089 7054 4780 11038 3473 11518 1596 12595 14620 9829 11765 10774 19859 841 7239 2542 17590 2817 15652 543 15961 6984 16037 928 662
9646 11941 12533 18342 8486 12983 7466 8070 2989 9121 14053 18593 323 12735 3718 3601 18580 864 12939 8824 18341 15608 10032 351 19016 1202
10466 15724 1055 12823 13351 16008 11319 8992 13283 9159 5203 5543 980 15866 13752 12202 18136 19264 13539 13531 2920 2610 11911 9305 7071 7535
9491 6784 803 1961 16253 680 2049 19803 13407 6980 11534 1623 3626 17696 5393 16589 18578 9633 4660 6048 9595 15795 6944 18959 5763 17055
11728 13486 15256 5672 9053 5656 14411 14611 9588 1961 17932 6071 13342 564 15685 11651 10932 6863 15826 6285 7672 8095 8872 2228 10031 5424
3241 18284 13461 11707 1897 8000 11468 2513 8652 18985 12818 18277 17003 4949 18173 563 14288 9068 7249 7969 7141 13181 18879 17213 15330 7566
18546 3427 4775 14789 3781 8681 2824 2253 14521 10025 7501 19695 5655 14317 6647 13470 15967 10807 19620 8229 206 871 10100 10068 13091 1486
18922 16709 4783 1604 4259 8292 8313 17864 9549 6957 8658 11880 1416 12353 8162 5213 19679 9167 17165 1408 14418 11452 683 9747 15860 19486
9606 11765 5435 12414 16945 10866 15465 1271 14902 11637 2461 4761 13838 5610 2213 1796 786 15046 13259 10682 18847 8708 8451 6284 13641 9377
12019 6972 9863 13151 16687 5587 15847 6632 9191 15915 6558 14838 12747 18589 7165 6861 18610 16814 15201 3284 12667 6386 6448 5369 8171 12446
10234 17529 17609 1641 111 2618 18100 18533 1228 19257 744 11834 6878 3031 10225 16117 11191 12631 12980 13383 6789 6912 10164 16065 17824 11255
10992 10102 8630 5077 2374 16920 12664 6562 4265 14351 4719 10786 10556 4747 932 6808 2683 17216 1109 19425 2464 7198 19690 9429 1358 1071
13762 7269 15048 15307 11965 5012 7993 8450 462 6405 8817 7165 6378 8707 14345 9298 15807 7001 14702 18562 2812 6619 14420 7948 18663 14209
6858 11101 16392 4365 12360 19557 12290 10571 4469 9990 13106 13442 11054 358 1137 12100 6838 8563 695 3293 2190 11669 2573 2497 1457 16599
7016 1677 7713 17799 4964 11089 18223 19474 2830 8213 2703 16942 16364 11977 1653 11568 6868 5390 7831 3376 10735 13659 7878 5860 876 6551
14749 11736 16103 7079 6393 17827 8872 14461 4738 1672 17838 10701 1244 13638 7867 15093 8767 11030 505 15060 5229 5481 18222 15578 11216 15235
17049 11093 2378 13183 4845 10451 10993 13206 14271 16981 8356 13778 2798 6656 18348 18048 12380 12598 18619 5082 7826 1185 10001 15298 7796 6693
11752 11574 7394 5718 3996 3622 1965 1242 1311 10005 4105 15451 10109 1673 5521 12338 9431 3246 19496 19269 2210 8496 9036 5583 4619 3385
900 3141 16582 9067 19381 18853 10218 13365 813 15039 10499 10144 18553 14456 1544 14798 4254 2208 6073 6606 923 4275 1156 15778 13031 9613
12008 15094 5654 15200 7958 19543 6272 8048 8240 2054 7656 1474 2128 14445 17386 18945 2420 3958 4323 14561 6327 8396 16280 8296 15389 17805
18175 1485 14587 6172 8149 13312 3746 12153 1548 11030 16922 12413 14678 2929 1703 3753 12792 17975 10774 12632 19697 14587 14988 8132 14221 6971
12314 18379 1967 8923 3742 16584 15899 8996 10905 4742 6961 19198 13676 117 7140 5162 149 14827 1145 4053 2043 6654 7780 16610 15356 10841
1689 8296 6727 16031 13080 2107 16150 5256 4610 3694 742 4688 2028 17670 12197 15685 11974 4627 4007 18926 11782 19306 10259 15356 9476 13806
2456 10153 553 8351 19191 11493 13665 5356 103 15248 2051 4017 15614 15404 194 4914 12546 10819 1680 14884 14874 18560 9793 14176 8832 5146
5444 9444 6354 16410 17740 9383 2669 5414 17037 6813 12918 8519 10678 14069 8174 1792 12816 12402 17519 2496 11783 6408 6002 1060 13828 7956
12686 5804 19205 10081 4148 571 11943 7026 1132 13007 17790 3796 15044 7304 4609 8443 19992 7485 18298 1153 267 9421 2802 13368 2125 19126
12693 8152 15275 6754 880 7302 3836 5776 672 13880 18607 9095 298 8732 9612 17171 6250 7384 19842 1369 12996 11489 4536 2268 18285 18384
13003 17944 1984 8893 18866 14414 3572 9584 3260 2751 18702 16436 7543 963 10247 17468 277 6321 4548 1498 18944 10885 13930 7861 2537 12229
19871 11393 19772 17850 10891 2705 2121 10359 5773 13615 988 11725 3938 13277 9006 10927 14894 17682 4149 12855 8953 14528 4609 12065 3310 2815
6919 2718 10356 4395 15290 1985 5165 9954 1819 15196 17198 1160 1409 17063 12902 2937 184 2798 16433 6760 482 7437 14449 15013 8643 2760
8639 7143 11701 3195 15358 8967 6911 11455 19269 13131 16723 14596 7618 2930 2430 13541 9415 7394 17834 13048 19365 14757 6249 10921 13365 17986
3783 18538 12029 14791 13935 19067 5845 2665 496 16392 8084 10220 12940 5789 15014 18969 6572 18196 315 3226 3667 18009 1505 8581 3203 10485
5765 11068 5310 12069 18540 1842 6046 8844 4557 19211 9426 574 11522 17485 7936 10902 3229 3594 4617 1899 18452 8985 13355 6560 19834 2851
19429 1010 11061 13482 11746 14301 7726 4839 7720 3729 5772 17480 5057 3856 13621 7523 19695 2710 6778 485 5291 392 9605 1261 5408 19506
7631 908 6633 10064 9053 3138 2288 12647 5671 18063 9134 10331 19096 16141 16516 3425 15179 14466 12184 11280 6175 2033 8350 4057 4833 19261
10650 7270 3677 7078 6084 14871 862 14153 5134 8018 8428 8145 1312 144 6472 4096 14741 11396 3874 18358 4682 2200 18398 15962 18324 15347
2077 12774 6529 1046 14001 19973 13614 5965 2440 7619 12774 1645 5132 3429 17355 19637 11693 18311 8918 16489 9889 10170 4629 12556 17624 2732
9994 13331 15156 11889 1597 14809 8518 18485 7491 13794 14082 8780 14130 17900 4609 12542 11129 346 3547 14542 4267 4022 8605 5333 13478 11953
18787 16611 6395 9686 15582 12401 2052 19982 2115 7057 3494 440 14946 8872 1016 6182 13630 8313 6626 12298 11898 13229 1572 16194 5195 59
4403 11212 12526 11851 6888 208 16637 17976 14759 13622 9932 6967 15361 17418 19022 17172 7457 5227 16353 15121 15149 18661 3533 15158 12243 5282
5833 18742 8484 4729 1353 7313 14067 8647 16182 823 15589 6285 9543 17441 16321 8535 7946 11560 18065 7695 14404 10314 6397 13128 17351 10513
12041 17976 17655 19388 420 16556 9206 7936 12702 4803 19350 14433 15499 11894 10589 9706 7301 838 10436 7597 7546 1696 9216 18689 7274 10373
12705 7174 7755 9665 2267 245 11593 19985 12185 18283 6516 19331 15126 8441 5831 5514 201 10301 8213 18033 2178 15628 14852 7784 17614 12841
19761 1350 15291 2138 9314 18779 11303 10494 5961 9696 15642 12599 3022 2600 13572 5852 3060 4400 3345 9226 10420 14812 15218 16419 12648 16982
12946 19826 14739 16581 11013 16629 4797 7480 1879 5828 19611 14114 9793 19721 11660 10791 1686 18770 751 17634 687 19847 15681 11954 12239 1263
14304 12066 12386 7948 711 10052 8151 11845 15472 5845 6792 9331 16331 14075 14176 6623 417 12442 3600 18521 17338 11927 3745 19518 13316 15135
3221 18432 1748 6684 1616 19370 16935 7091 1006 1233 2379 10091 4527 16531 14961 17834 4945 16058 6246 16000 3378 6508 15447 11994 15426 13027
16148 2730 703 671 14414 17502 19129 17864 7617 9261 17453 14896 8695 13688 8442 14523 3471 2150 7735 17148 14005 18049 1451 15571 4801 14945
7235 17405 10450 7529 4744 6539 7923 16249 5630 4869 17029 1780 9013 4312 6044 6333 2428 15626 9016 11693 18118 5147 7985 16614 1247 15697
18600 16285 1647 6415 15346 15253 414 8211 8773 5519 14019 10032 3361 19808 14562 11963 9896 12706 3452 4578 3805 1731 4696 6843 1183 2300
14306 10819 10006 7574 1252 18868 11747 10143 15065 2049 7229 4889 13523 8775 3264 16035 5802 11923 18260 11617 5327 11596 12564 14267 12425 7428
3542 4639 5445 16114 16914 2884 11756 9758 3521 17295 19814 11708 14585 13027 2815 12342 19454 16114 18625 13578 11532 9726 10727 11676 1003 6729
12635 17460 18127 2441 3383 18812 1168 4671 9723 11772 8112 9392 16887 1064 6935 6556 8099 13236 8398 12629 4011 3443 17978 17570 18065 16799
13541 471 3253 14909 16070 3485 15321 9133 4597 3249 6762 4797 9110 18521 6324 10708 15342 5197 10071 11789 18731 14963 18309 6828 4129 12399
6157 3959 6920 9196 3068 13854 11704 10843 3852 2881 12716 15653 13680 7361 14947 16131 11165 3477 6406 6906 83 6902 16494 5221 2833 11694
12544 577 7789 18557 19904 8184 1448 15044 2668 5506 16563 10742 569 19341 3174 16289 1323 5447 9950 19996 11365 17515 281 2293 288 10996
13981 12812 296 13796 13788 11616 2894 14660 18540 6142 8340 9995 6926 17923 5827 5096 5230 5626 14769 18786 13606 17359 15886 2579 15433 4335
18166 8127 14675 16779 393 5186 11509 3959 8746 18976 9766 15381 12011 7510 11995 10509 15366 11172 17814 16301 17754 19984 3576 11193 7519 17215
12493 3360 14024 4992 13289 19961 1449 14947 4805 15964 16527 13078 17751 2606 12669 9672 13364 4193 2748 12862 1846 15464 11525 14797 18610 16726
8819 17893 3264 1434 742 18315 14447 18990 17055 10258 4114 15399 8829 11301 13250 486 12021 9597 14305 5958 15035 176 849 12944 7945 15781
5116 8115 2329 2894 16516 19720 2812 17728 18228 6840 4859 18593 857 12165 5178 8758 17246 16160 7686 11322 12723 7631 12063 14255 3734 2107
8577 12141 3880 3692 15896 13793 1301 9080 1572 4256 1003 13622 6753 5266 14432 16565 10222 11205 16416 14180 4840 1489 11420 6843 15262 19792
10498 11735 14372 6270 13537 10478 18253 16967 19542 17855 10023 16247 14638 4098 712 6127 10777 13701 7992 19769 8408 17480 17879 5229 3359 4191
19873 12451 17404 13939 532 15645 18763 17386 18207 17187 13968 194 3131 12584 6504 17981 19461 12367 16639 12861 654 18015 13288 9922 13738 10346
17413 1853 6275 13304 23 8369 3105 14761 14533 9567 10682 12109 14123 2248 6344 8265 4966 6959 17536 2757 9484 897 15964 14162 14408 3442
8633 17947 1410 8946 14700 10618 13641 11980 7899 6471 19929 1950 10786 11333 14107 11106 14587 4773 12971 15546 16896 7544 12672 10486 2326 10216
8635 13897 2992 19552 17364 802 7351 15536 6333 7562 19868 3303 18684 17653 3914 12000 11897 4697 7217 5063 17129 1646 6916 738 4783 8090
1812 10794 9967 2308 9118 17237 6656 15254 5199 4624 4038 863 4168 13529 17431 18347 1784 13836 9258 2375 8908 3367 9011 10387 9145 529
13689 9245 11259 2826 17402 1631 6799 12192 5161 10891 10242 18116 4796 17406 19601 13119 9676 7723 9552 12492 9017 6881 10644 12056 2654 11129
19899 11828 700 8164 18704 4060 3659 9587 15824 12146 3360 8346 18148 248 16624 12018 14411 8811 3795 8326 6845 14583 5849 8194 3739 8313
19627 6739 12302 13533 7426 2589 10005 17702 4318 16759 9791 11651 3577 5729 1804 8361 3716 18555 13221 13797 8731 19906 19557 11293 4498 4561
17968 8302 12702 18699 1751 16330 8094 13822 19087 7907 15574 12177 1466 13059 14904 4618 6339 9558 17316 16404 6214 1893 9034 19142 6250 8528
17536 4750 19907 16451 1236 18174 3245 16013 1218 10312 6734 19059 13661 6859 9348 17790 10268 7625 2273 7318 15524 14023 19772 16500 591 6353
18922 12111 1534 8972 8 12755 18607 15105 1874 16737 1571 3965 2322 6754 9031 3831 15651 15139 7489 2287 575 5925 11370 13932 16192 3496
9402 13826 16228 8714 4415 12950 14354 8486 17098 7702 4858 699 17644 3940 5686 18369 13364 19019 4047 16022 19651 10090 207 3496 56 10101
8390 3173 11269 2726 6274 19725 12824 7093 3919 19451 5535 4516 16186 7511 16416 19970 13304 6712 7932 9719 4969 2103 8474 9964 15795 19159
15320 18973 12889 17185 10569 13938 17252 5379 5361 17731 350 7163 4722 8751 1828 10102 7705 7477 13849 969 13303 1375 4732 18441 13757 5624
16427 7589 5246 3097 295 19355 6472 662 5342 17105 90 1333 13574 3729 306 9821 4599 4430 10067 1458 18677 9533 17508 12522 3949 1718
12076 6162 757 14540 13950 14504 7816 1463 15755 16098 14879 19556 18493 3454 16367 2479 2977 9410 13328 17198 17430 16116 18652 19971 5965 17286
7200 19985 18587 12692 6956 4010 16018 4677 3517 8897 17424 1666 10001 18454 15437 18784 11574 3447 14506 19769 874 2021 3421 8343 3448 1052
5627 6081 6938 19030 4245 11399 8033 11151 9157 6597 10244 10791 15882 4324 8419 3276 18162 5866 18067 18633 18397 8166 17877 19218 19133 17595
7272 8122 18820 7743 2676 2643 18633 19948 12322 18218 3902 3150 6953 9999 4655 14632 8890 6572 14888 11638 9199 18477 19063 17469 12751 13992
16809 9132 14350 15995 4006 19221 9113 15099 9601 16161 12915 15668 85 12521 12595 341 1189 16238 16133 9408 19841 10993 2821 5684 15241 2718
16030 11263 13358 17656 16422 3508 4490 11250 8253 6360 19843 6266 19154 3739 7674 6908 8470 7756 17687 6977 16968 5819 7784 4662 2639 14314
8385 12400 13252 16583 4259 16413 13905 4380 14760 4784 10228 18373 7932 6201 15965 9966 8077 2578 19074 14838 4870 19505 476 2705 6013 3185
11099 8274 10904 11767 9647 1315 4032 7196 791 12923 12668 1097 11950 5793 2817 10537 2209 2526 13915 660 14284 6944 3422 15877 5082 3012
3164 990 13649 15627 12225 6893 6311 18748 6447 2246 10009 14432 15795 17037 9477 16192 12911 15972 4284 1911 10069 19227 9392 14111 14989 19311
9248 16312 16583 8295 4771 579 6384 16399 6817 11032 17990 15221 16353 2390 8197 5956 12488 5064 19947 11976 10695 14966 9150 2121 9522 7579
12194 1731 14626 19739 4759 9929 5092 8718 7729 17010 10493 1187 19948 2421 4492 11331 12252 6217 8767 17294 16717 1714 8870 1359 17057 11703
19035 9195 4145 4171 16904 14902 4438 17024 13689 5456 9982 10524 16884 17194 3269 15785 15782 13546 4779 14806 12599 4081 7477 3069 401 12201
1748 13190 13934 18713 19514 11664 6515 16698 12989 189 6477 16380 15344 18140 936 19981 16237 14270 1763 3756 3066 19513 6473 14807 8997 4877
1857 17618 19056 9914 14184 6027 503 16497 2358 13435 2946 14346 4402 14920 4973 14981 2024 15941 19181 320 19897 1051 4440 18240 2562 17154
15706 19401 12841 18815 15087 6206 15355 7775 10919 3981 16668 13514 7138 6019 19330 15682 17920 19936 18891 140 18142 7715 3748 6744 6877 5516
13031 2779 18929 6481 13549 15874 7697 7823 12928 4677 19296 5858 7653 5516 4985 12116 4893 13837 8755 12272 8997 14068 7082 10220 13579 7532
700 17044 10933 15793 7582 15032 1706 2314 17941 1981 19815 11295 13094 3960 18779 18306 780 2740 5382 15446 506 7952 3015 9901 2001 9789
