365
67 45 57 48 23 3 100 47 44 48 88 28 18 21 100 78 17 92 65 89 39 64 55 26 13 16
13612 16105 18594 9909 1429 13503 430 5016 1376 16667 6524 6156 2418 222 17231 4123 3277 3126 8905 16848 5763 7591 18178 7962 16054 697
19724 10656 2311 19984 1000 19522 7415 3058 888 827 11007 1858 1440 7373 13472 13710 17719 17967 10376 17255 9162 12718 8297 2414 14627 7678
8804 13048 8132 2415 1705 4549 11578 12006 13534 15816 16285 11612 13549 9006 9635 5264 8531 10251 10022 10965 10904 4230 12717 2120 10637 3887
364 17346 5648 6051 3484 16721 8689 19924 17678 6992 52 18997 8649 16057 18637 2547 3355 13289 9665 18611 7008 1798 3151 17454 8759 8398
5320 5616 15790 11632 2131 14621 9409 13688 10191 1703 16532 3121 491 932 2597 16683 14279 18854 1336 3806 9969 18533 7412 17757 10520 14028
3550 5927 15332 16102 12704 4485 6855 6558 1726 18315 13666 16970 15517 1631 2253 5774 1480 3976 11405 14246 19781 12639 12163 1259 13993 10557
524 10949 4746 7471 15607 9257 9329 8324 3565 6558 13131 12524 19110 17550 17069 4183 8896 16372 7566 2391 12878 18479 5867 13168 9193 5964
145 9916 13475 13961 17713 13560 896 8662 12132 2641 15219 153 11837 16624 12875 13751 9439 3485 12666 14659 17690 6718 18495 5341 18664 9495
17638 4314 885 19400 14079 19483 1470 12243 7793 16774 9756 904 12560 9867 11160 11474 2142 10095 10860 11163 9816 14251 1507 14914 14316 18755
4136 2221 19609 4882 17051 10399 398 12179 16672 4758 1991 15783 18686 13422 17255 1767 614 10882 16322 7968 1949 15304 8178 5210 14837 13096
2617 10630 15135 13188 18248 6911 16596 17562 4723 1549 8524 16884 14096 541 1106 7120 1504 13302 15998 6919 7101 13677 9160 3931 19852 639
10893 2494 454 950 18793 5018 11241 13527 6489 2113 12804 8634 561 9686 420 14661 17040 6103 11402 13291 1852 3795 4023 15781 18002 4416
11802 18050 1997 19371 16712 3686 15463 14802 14377 11361 9181 8198 18404 13041 19675 5852 6488 13878 11209 5039 9391 1361 4691 7854 10585 3587
4049 15127 2064 12728 15137 12862 8752 14236 12886 6494 5450 9459 11318 16886 403 14110 19018 8288 7512 14130 9372 17980 4158 15234 3696 16501
9369 17425 12811 17767 6598 19372 8011 12980 19530 12010 10472 16260 3858 7163 19652 4073 7419 3081 14062 6126 7417 10350 1082 12666 16638 10984
1660 14591 5385 9833 19827 2070 5363 7277 14499 10890 16863 17464 17804 19224 15372 7544 11377 10737 7832 6801 16214 4147 5900 16211 6453 1195
13709 14456 18716 6145 19022 20000 16015 2683 12063 3527 5432 16064 202 18895 13137 14986 17785 3518 2823 5788 1652 6016 6381 18522 2346 1395
16859 4901 7720 11427 6305 873 3190 13159 11298 8078 19116 15416 7056 19365 10258 6472 1375 17885 15535 7757 10469 19858 6585 5968 10830 7081
4187 6847 18858 5982 150 8442 10874 2025 7433 918 18231 15163 8896 19241 12878 17464 18346 17811 17537 9260 1554 11022 16875 4052 14497 5450
9420 7257 3088 16465 5468 5602 13656 15229 14194 11897 15080 19817 8054 8144 10657 6904 15290 5312 16044 484 1038 969 15984 2479 11365 10819
5838 12147 12835 14308 5004 2704 6412 1741 9048 18607 4748 2269 7172 18732 3098 5623 15417 3906 14344 3937 17015 1093 1333 11276 6928 6166
10411 19828 15965 1478 9291 6233 19102 4504 6003 11171 10466 15575 7861 12074 18065 12316 16885 16990 8534 12097 6908 4971 16063 10620 15079 9147
14390 5940 11567 8776 333 15073 18599 14965 397 2614 4943 9656 19821 5547 5977 14848 16356 3879 16068 1108 4727 3839 2664 16320 7693 1022
11530 8869 15962 2463 9156 17736 3804 1354 1196 10605 10769 19264 9021 2093 4843 35 17592 15792 9157 8363 19152 6331 15281 15450 8108 5247
7111 1802 12102 19175 8351 18248 1031 19791 9097 6584 3815 6031 8118 11644 6198 17279 4415 11366 2463 8036 19524 610 3364 15959 18645 10675
628 18041 9327 6485 11017 17423 5592 1402 16092 14134 435 9016 18014 720 4570 7238 4671 3167 8811 5939 2087 15901 19449 2890 1742 9764
4932 14654 12471 14475 1285 2086 7488 15261 9595 11934 3079 12607 10479 6271 8151 9729 7682 8554 18400 4950 10855 282 4719 19933 15919 16610
18272 6218 7897 9533 12693 9533 8345 4491 8991 3603 15528 9671 13750 8846 13069 10156 10030 12353 18793 15170 901 5794 17297 4770 3741 14195
4421 16456 14707 6026 5038 11419 13183 15675 13067 541 4342 1977 1610 11403 14565 6451 11306 15053 5930 5783 2923 13897 17621 16816 19558 17606
17601 6328 7231 13328 19886 7359 177 264 16540 8809 14950 18866 17188 13896 4664 11238 12904 10271 7301 1021 17105 14663 5315 11934 2260 19679
9751 11121 11090 3441 2934 2547 3226 6918 4546 12913 4097 299 527 14054 19453 1592 14295 5364 18510 6084 16988 10674 13662 3139 10208 4262
6529 11622 7970 10811 17218 16621 3831 13607 3738 17222 8040 10651 10198 19688 8638 6491 13409 3595 15647 15908 3143 2332 14515 9386 5842 12767
6316 17580 14104 13117 8606 16115 15986 13219 9113 11917 3191 1842 18021 3827 17236 139 17896 12088 9408 19528 18176 739 6754 16874 5409 3640
4364 10823 4206 4831 17412 12701 13950 12227 6624 15039 2213 3632 4061 12679 7962 8780 602 19727 16250 14473 6813 1954 5420 16900 663 6795
9863 16254 5343 145 7712 9547 15878 18707 11414 19143 565 2848 18486 9471 9608 13431 1353 10127 6491 8244 4105 13888 5567 11227 17040 4868
13037 14864 11168 12433 5166 6707 9752 12583 7578 19046 11698 2966 19070 2849 2123 12872 9445 10918 15582 12274 5244 12786 8584 8159 8502 12048
11758 4458 19458 9882 2025 5382 13350 2984 15318 3964 3182 647 3897 18055 13176 108 19408 9656 9753 7253 13089 10199 8981 18546 4155 15336
6473 17330 13693 17389 3840 15457 13449 96 13581 19822 13422 6078 7386 15155 18964 3417 8965 1759 18580 3504 6410 1247 11038 8719 7984 17410
12820 10207 14699 18699 3318 17423 7696 12513 12310 10028 19488 1919 1323 17822 17769 4699 4108 10478 7506 15662 13598 18111 19885 12068 7581 8802
6950 2410 4106 769 1591 9185 3294 14296 8880 18603 12355 15237 12491 18279 3540 15059 12676 13201 12666 9049 7451 9375 2997 6285 16578 2490
16802 3731 9001 1732 5531 15790 343 519 16673 18311 9323 10090 19453 1093 2996 4232 1672 11515 7392 722 621 2350 5100 15400 10176 3274
8493 10768 1383 2517 3815 7 4047 4193 12332 12730 11935 7993 1765 13453 14325 19877 17884 17325 15443 19918 7278 7137 16138 18537 9848 18585
841 10983 12960 18173 16772 15605 17719 1113 14398 6858 18576 15511 998 9803 4841 5566 1216 3628 15440 18454 15532 1181 8060 9321 14774 1214
18485 18728 17871 2300 10804 15746 19398 19158 14411 11504 9337 8546 19914 9638 19687 18080 14568 7345 3774 5390 6254 11319 5594 4567 18824 6909
14327 11112 10416 17199 4880 11328 19448 15397 18664 15917 11864 12701 5524 3738 11171 5998 9268 12247 13503 338 13850 13369 4037 2343 2263 11586
12515 8217 3722 17087 8083 17765 67 11135 4363 12773 16246 18207 15092 8484 2133 3908 19333 8084 19081 732 17808 4903 10472 17169 11099 886
14018 17166 9395 11202 12693 9792 16016 16486 2683 986 9072 19437 6072 9937 10452 3028 16790 9794 13755 3735 18639 11996 17008 17809 3077 104
19649 5739 18922 15489 4158 13130 3328 16080 15825 183 554 12367 3600 434 14463 4735 4974 13772 18205 18050 2321 4069 9339 16739 14356 13553
265 11892 6216 6091 2606 2712 6926 12908 11322 1482 6804 4528 13240 6212 1997 17618 9646 237 1431 3200 3623 6891 1584 4011 16728 16343
10038 14393 3227 10397 9345 954 18114 1994 3761 268 16146 2829 13931 16090 7333 16210 8121 14896 15372 9315 15024 11964 9004 8240 10908 13819
6503 15278 6852 9817 16499 4666 14156 15944 11435 10785 9179 2023 5195 1476 17281 18020 14021 2664 6324 9287 1135 5554 275 4974 14677 8187
18812 16348 14744 7740 2794 19571 6925 19544 19863 4183 1028 3466 4377 6971 16483 18880 17541 12105 5135 7921 15420 3386 12211 15726 5033 220
2791 9695 8541 5462 15738 11327 14859 11074 18726 19438 19332 19109 8693 9287 19616 13552 19358 14070 10877 14844 16982 6104 17347 16502 5063 11887
9071 4424 10717 13334 5599 4252 17874 19049 19458 9404 11848 19584 16790 10902 1649 9640 13738 16320 12056 5710 4381 10514 13631 13424 3572 1213
19693 3305 15180 3115 2537 19697 8249 17448 14170 15350 5520 10568 15499 14044 11120 18232 8240 15641 5708 7949 4446 1673 19833 11190 3187 1779
17162 5755 321 6435 4252 17903 5734 11264 4305 10807 7905 2487 5947 2845 18879 17115 13144 8968 4682 18285 127 14875 13175 7711 18384 16641
9203 9809 5166 17614 18492 421 15785 18899 9349 1431 13572 16102 803 16136 975 14715 10482 17386 7695 4091 10336 8963 3577 18977 10098 16691
29 16876 12132 15013 19192 2381 10933 9182 825 5563 9418 9488 18079 5001 14033 1726 7114 6372 7197 15254 12944 2757 19725 5718 13490 12153
11860 18837 11520 11856 16640 4971 2483 2336 7894 11916 9444 14674 13471 5791 18079 16431 16117 5330 16396 11350 2967 18545 12978 17411 5802 4177
3466 4833 8813 19145 18908 3699 6961 16339 14318 6624 16625 12603 8529 13018 19831 932 19898 17153 9118 6780 2057 19351 3036 11215 3562 13576
9525 1656 18387 7419 7876 9203 15778 3109 12995 15078 8027 17717 17872 13861 15796 18603 13778 16657 15261 11033 3802 4858 16229 12288 4047 13551
6862 11248 2738 14894 12109 3463 12984 1845 19848 17989 18415 5003 7622 18009 14862 11564 19659 4294 15663 1301 14654 7814 1937 2031 2085 54
17515 10864 15149 7046 822 7391 12847 3905 11148 2900 17027 1396 19324 846 19870 8025 5524 16808 8870 11045 5372 9406 16781 1622 18705 6453
8891 699 17363 9404 1394 19381 18155 6074 13666 16055 3527 13784 16453 3236 8165 4454 14622 12212 8309 5336 14994 7188 246 7688 5508 15408
13669 17352 11936 4273 1778 15428 7057 11764 13961 3444 5377 18486 8851 6187 15245 15342 12675 12164 13638 1280 9559 6728 19006 9438 2055 12066
17823 13404 8223 6253 12292 13910 11590 6547 1760 521 15278 1347 9409 14251 2635 19964 2240 19516 913 18956 1534 9751 11624 19553 13360 373
13510 14713 14246 13738 15234 7619 15625 10599 5773 2187 11747 4685 1823 15158 1896 18157 11386 18498 4512 2903 2327 1728 4871 3681 19038 5911
13914 15518 4741 7377 3737 11557 5061 4294 2837 5562 8711 15991 12663 3735 2416 7309 803 13892 15567 18073 42 18873 10913 18144 18689 10917
18220 3076 3311 3825 1106 467 5613 4596 5693 14435 13502 12524 4247 2180 3801 17075 10780 13200 14575 13795 1237 7261 2302 4970 8282 980
3640 19431 10371 8148 16546 10807 12820 4508 14408 1675 15127 13143 6077 19666 14713 16520 14778 15517 7788 6203 17572 6133 6439 4385 18866 7580
11098 19115 16241 853 11970 10318 7651 409 1425 17529 909 9992 141 15631 5803 16004 11218 10945 16189 19346 16543 1633 5946 12327 6796 17528
18207 12159 7545 2686 4326 19795 6881 19606 14774 19832 14203 9161 13286 14353 11655 529 9335 19990 2179 3384 18791 4340 12365 4031 2346 12266
2940 899 10791 14330 3748 9623 6876 13609 14465 7666 10688 10955 9005 19375 19172 3322 16676 12396 14934 1244 9162 12646 2228 11859 4159 17708
2377 16047 6111 6067 19072 17217 5545 17608 16232 5483 16422 12595 13795 18519 1476 3098 19728 1867 3185 18604 3675 18729 8360 17743 16060 4445
16699 19148 12699 5313 6583 1960 11591 18737 13302 4664 3415 6037 16106 12726 5571 2630 8320 15859 9824 17345 10069 11165 8998 3736 10591 17008
18527 7071 8282 14374 1569 13027 7386 10022 11821 1218 8684 5498 1311 16102 2442 13245 3493 18200 8005 13430 4538 6455 19812 16481 11022 19665
9494 2195 13970 8852 16180 7151 19450 15620 15762 19733 14857 3157 7883 19731 3262 9870 4639 11665 19221 16949 7867 7050 15020 13292 3138 8898
8631 1923 360 9182 12564 9719 17536 11974 4271 1501 7736 14126 5681 4762 1742 12998 14962 5795 519 15355 8418 8719 11571 18878 5657 11229
1635 2887 15162 5560 15764 6217 19497 8531 18108 11791 6469 5666 12308 4832 15163 2799 4630 14101 11067 57 17240 8730 4106 4045 17796 15281
5721 17964 18198 8809 11614 18458 8252 14896 281 16005 2123 13046 7736 4115 16745 14286 18433 12302 16948 669 8184 9882 8904 8754 12309 17510
4585 17013 15698 3858 16588 17916 827 18179 10690 19719 14063 8076 9646 16620 17162 417 9846 15326 5910 16434 18658 13116 13873 9772 7978 19536
14209 4556 10586 14444 6153 12748 10316 9041 8314 18417 10519 5379 2883 6804 15229 17071 5981 19819 18124 18152 3594 14494 11202 9739 10885 14746
15561 2937 2486 19316 9183 802 2828 1450 581 10221 10549 8790 17338 9849 13999 19098 11664 7228 5023 14548 8151 2150 6113 19581 19177 13930
3590 7111 5367 7974 928 3668 3521 14418 15968 11669 18903 14479 17729 1278 16148 5722 15535 9773 8828 16001 1761 11379 4936 6622 4518 7876
3385 1123 10771 5973 5466 12799 8071 15610 15691 6672 12897 8412 16042 1643 3886 10997 10677 16009 8024 7783 3544 17871 2141 19538 12258 11049
5807 16859 3441 5640 11803 15248 17649 18507 11154 10347 19731 3967 3101 9991 13267 19468 10289 19070 259 4113 17102 18141 15811 15280 19625 7802
6014 2040 8205 17409 5956 2832 12787 10218 1496 13513 7791 102 14201 19167 1207 1845 18652 13903 10275 8016 6986 4133 15769 3906 582 1774
2370 9488 5809 791 10968 1872 13730 7488 19918 16886 16268 246 12510 2299 14956 5853 15581 19362 13769 13395 2941 18963 1366 3253 3130 7421
3584 17596 4945 10899 2409 12132 2169 11622 14935 9359 10530 8999 13392 11376 14072 16955 4410 18532 9632 8146 16623 11434 13453 17304 16825 4868
4366 15930 2621 8046 10433 6861 6742 19715 16374 9097 4795 1686 7202 5890 10757 3218 18753 8256 16583 5479 3907 7602 1930 16718 12596 8667
2415 14680 18000 18602 14474 19066 14062 3928 15463 19368 12244 19121 15232 9607 16561 483 19022 2379 17216 2858 3723 18827 13021 4807 10984 5632
754 8110 2916 14838 17355 18455 19831 6597 15774 4815 5141 7718 6788 3940 15962 17591 2507 6995 6731 15349 3122 6300 18074 9636 14083 3957
9803 13867 18555 8859 14815 699 7303 8365 16660 4319 20000 2834 13225 8728 2571 13667 6239 19056 3856 15038 2419 18988 6580 15542 15151 5189
14061 4271 807 12336 1970 16175 10942 5397 5847 7545 18085 2742 9648 6010 18596 19788 11784 13460 17062 16759 3135 730 13861 17463 6953 17659
3107 8280 11122 17903 8361 8983 1103 2445 178 14616 11715 10079 13529 14911 18888 13161 12572 534 18083 5246 2768 8751 18278 11807 3186 2395
12425 4367 11139 12439 18764 12476 16457 12280 8455 15313 11477 10590 17775 16065 9583 9422 15530 18011 18711 876 3042 17081 19476 4176 3825 1402
11662 17083 10571 18591 14894 10799 449 1637 16244 16633 8963 6281 16536 1550 15605 8804 7204 10643 7926 19059 7112 1469 14052 7753 12073 11362
16931 11463 9853 6110 8376 2452 5371 13447 4688 11721 17544 1372 7872 5021 1593 9649 16472 18235 16331 14945 12169 8422 18015 16513 4206 15617
17343 17041 14193 10876 6746 2804 611 14698 8942 4688 5825 14483 3438 500 18992 9312 80 10245 833 13039 7492 4617 3932 6592 5269 18715
7378 9023 1128 2331 12192 13669 2001 3931 1900 49 12805 3269 6118 13353 19693 13689 11083 4268 8358 3642 1029 14006 886 16990 19511 6704
4472 14129 19603 17584 14716 11860 17645 9658 8042 6556 11303 9135 17908 17850 14439 10701 13781 1847 17516 18066 19028 10759 10253 5322 1446 16544
15885 12888 9681 13239 4333 10027 8388 15948 19594 2627 6957 18853 8733 11126 2678 7154 13435 13391 4210 13458 1344 12887 14230 12025 11883 2901
19400 19556 11837 15824 3366 7383 18818 7612 1393 7709 8044 9446 9013 17027 14401 10629 3319 17021 16049 16375 17626 3756 9294 15362 11493 88
19956 15053 2976 18254 4717 3741 306 19632 10643 15133 2332 14644 3588 16071 16893 5296 15458 18561 3870 5105 14812 19994 12087 2128 3971 14771
12027 4279 17769 1383 15728 7385 19424 4148 8561 1919 6056 19810 7544 12091 1181 19291 4953 1665 15035 15964 17852 19945 10317 5712 8106 19072
6400 7784 12059 601 4156 17571 16133 5733 4195 12447 2678 17328 16746 4767 8817 16712 9884 16739 7568 1528 4907 8495 17812 69 10964 8335
414 19298 18722 3737 3800 10267 4645 13657 8082 1321 7244 9194 3106 15759 5206 9419 1387 17307 9151 8414 8553 4299 15652 16911 5990 1556
19514 12329 9006 18014 1629 7214 470 4264 14246 12100 15902 11804 14151 5879 7619 12909 2022 17907 12899 2858 2358 14260 13679 10150 15496 9849
498 13386 10145 18842 11434 19703 10045 225 3400 19786 8726 14304 7708 1953 19159 3781 12974 15275 19392 4203 14195 7265 17128 16544 8136 5749
19003 19254 4414 11197 17243 19824 3245 13109 5072 12352 3492 13302 9676 5567 13907 14357 16747 13792 871 2308 1273 12075 3151 8732 3177 3042
18136 6728 5282 13384 3002 19210 19296 11277 6732 15468 5204 5434 9919 8507 9633 13060 7292 6200 10252 16366 4146 7282 13186 13697 12859 16703
17550 150 14249 18520 15498 1924 3975 13906 19896 14640 10561 2618 1932 9646 6879 16682 6618 10125 6218 19252 13704 17617 1915 10723 11232 11291
4847 15290 13077 6978 14670 1034 434 8646 9411 2318 1396 8155 14041 19146 17682 12448 14521 18684 19369 14832 17415 3924 4104 16100 9961 5419
4510 713 11249 7131 2676 6135 5466 3841 8437 14984 6549 5757 18025 17822 18671 19417 16246 19095 1104 14665 10931 13117 11408 6513 18437 3031
9876 1597 18412 5689 2312 18315 14780 15844 11068 2426 11573 10583 279 5112 4224 19582 8811 4642 12513 1378 1311 3539 3934 13934 6867 16424
14273 7467 8260 15362 640 7011 17764 14251 2210 2933 15889 5921 2761 12789 8816 485 1040 6372 4828 12910 11255 12218 9637 14618 18331 3311
18829 18394 11517 17825 443 10650 13500 9723 8859 18777 7815 2231 6174 17143 4351 13489 16700 6419 14124 12290 1264 4955 17195 12235 7498 16421
7039 134 1531 6256 12787 17197 5293 5355 8523 19385 12658 4362 1903 18448 4334 11998 5262 7032 14296 3901 17616 10530 7393 7327 3703 13200
7944 7117 10013 10309 8527 17308 16577 2752 5159 17584 6720 15841 128 10874 16096 16163 14504 1924 10559 1827 11042 9328 6404 15025 6439 3247
1434 2061 2563 1570 19416 10539 19635 11042 2378 17716 19230 7805 15841 12871 8743 8113 3243 13371 11394 8608 4504 6752 10727 8008 1460 3415
16816 16357 11098 8875 2475 14391 18725 3007 8028 240 11989 12177 8633 8420 16852 16255 9774 8221 7710 4883 1509 15046 4327 19960 6425 16175
5131 5262 8820 11441 1992 5802 4067 12130 2919 18256 8337 189 18577 8679 1067 2993 6790 18620 2888 10990 11355 14233 4493 15004 7447 12303
8012 13365 154 5013 14688 18951 1796 4225 2218 18780 11719 14266 4838 5266 15894 4106 12171 5036 1544 19989 4134 2245 14892 16460 16607 8354
3923 6336 2173 8759 12142 5783 9349 19061 4703 5633 8390 15366 3436 6244 14331 15711 392 7984 9149 5737 16525 17106 8209 13850 14532 4231
9131 274 687 12611 6171 15446 9648 9456 3103 12655 7358 11727 18535 9962 2008 9498 9811 14527 1126 5064 3108 17143 4406 16341 11377 17519
5994 15929 5441 4860 5682 7193 1493 10003 17735 156 12159 17929 10746 2596 9173 19362 7245 3238 18968 4062 11420 7961 13309 7274 5008 9184
5833 8742 1409 17160 18893 9465 13518 12445 3122 11017 18782 17830 7406 2270 5340 8799 5155 970 1183 9075 4269 10576 13083 10331 18239 11625
3348 7084 5143 5083 13730 15028 2177 2816 4966 1800 7251 13249 1628 6666 7135 15047 16359 9234 2644 9884 18800 7419 16170 17163 6325 4318
3255 8331 18334 14571 9713 971 626 6900 13681 2120 16453 1560 11926 12803 15178 16682 1381 16936 18401 2860 6866 6571 3006 4243 10189 14485
4489 11283 4354 10463 15082 15627 15542 2937 4654 2377 1315 12518 2043 9654 1885 8440 17159 16349 6546 17467 6387 8540 9707 8211 15371 12662
619 7492 19425 229 3097 17381 19235 1181 10555 9581 14971 5450 5730 5215 14276 9521 12608 4420 10560 68 5472 5740 641 2685 6536 16638
7028 17028 2834 10769 10673 7862 14300 4932 17281 8851 18607 4120 7972 10602 5597 13875 3504 7901 8260 5636 7233 4670 11338 17781 2100 9991
7251 19712 18485 1183 3821 1558 143 5679 19401 12223 12900 2212 1399 626 5451 1593 8876 516 6013 19766 5367 13869 4042 5362 15287 17210
13097 7062 15628 13590 18407 15966 485 2837 12290 17225 247 18730 6804 19043 10868 4857 5544 918 15591 7087 11413 10323 12123 14783 6571 7244
8064 13020 12368 15679 2263 5157 15268 17201 3162 8888 10815 13668 10294 1172 19448 9359 12164 2439 16326 10109 15347 15569 10083 383 15404 2375
2271 15756 4171 1975 2675 1495 422 19402 3431 2963 17716 10034 19723 15686 1941 19225 134 2297 9799 7088 8695 10007 14612 2245 10634 3235
14761 3762 8971 17923 3083 2886 937 17218 18779 14852 18365 12380 12089 1277 10003 5403 9912 8043 3768 15415 11578 12843 3800 11893 18330 17672
1055 7977 16775 5533 10233 5557 12732 18487 6870 5315 7359 2133 8954 1025 11536 2036 3705 10526 6618 2078 10370 10777 2125 10376 7943 4452
14861 14015 11293 10666 8550 19291 14878 12643 10096 28 18420 16321 15958 17930 194 13421 4172 14142 18626 15588 19895 5470 14461 14309 3222 8906
19715 19667 10976 19380 5370 18761 12719 6772 9210 1809 3262 5226 14479 3486 7081 11802 6121 3994 10881 13393 9036 2052 17688 4444 8445 6465
5943 15403 6170 10208 7125 11397 17540 2419 2671 2692 19375 8116 14756 2895 10284 2967 2234 16093 8879 3328 4160 19544 11859 19099 18162 9316
5893 49 12226 8749 17243 16859 18215 11161 17562 13096 6826 7802 10549 15984 12507 16051 11225 8697 6624 16693 4956 12345 3842 4891 6127 5476
761 8437 18975 7497 2168 5198 4698 8218 4977 9096 11239 16191 14793 202 4956 17837 14551 19128 6584 13452 2163 1319 7950 804 2714 5102
4878 14737 9019 10776 18493 9989 7364 3479 10866 5554 5864 3685 2345 3025 14063 1096 9053 6090 18253 1706 2655 11185 3591 10035 9913 68
5781 5960 5057 12988 3638 8923 18026 6407 10296 18084 8656 12515 15208 16474 11773 14183 11241 9408 207 18218 19617 14915 14962 16837 11531 6605
7287 16126 10316 11929 2759 11833 8660 4547 19992 16258 14714 15690 6563 6209 88 8435 16162 12634 4113 5891 14142 6388 18520 7470 7306 17430
10866 16028 15753 6519 15659 3837 7722 981 7321 5091 897 11273 13409 1834 12404 1813 19416 18621 7979 14938 9630 19967 19357 7544 5611 5251
6527 18031 3156 2680 5857 5709 9176 8829 3732 7221 13425 15141 2877 5435 2522 13679 9884 10331 18358 3965 10110 15247 5424 15634 19332 13966
2224 7701 13190 9650 4483 1841 3958 17024 6687 12127 8817 11129 5854 4222 4926 7241 18966 17533 9292 16649 6739 16440 8436 7804 14893 7235
7724 17134 513 5649 4740 15312 17057 12155 5364 9654 2345 3410 5562 18720 11435 11425 7448 5875 2546 17880 12227 3257 8894 9277 9877 4238
17087 2124 9491 14231 16614 2304 2236 8972 13389 8452 572 4092 18372 16630 3583 1291 6485 9211 261 11634 9907 16055 3801 10032 7564 14162
15690 10238 7810 1964 13899 3597 13494 3299 10894 14296 7242 377 17664 15349 15769 7868 6827 17882 10194 4551 3176 7420 3434 8241 8687 7199
9983 10440 837 5473 11041 800 696 7314 15855 2065 6689 19078 3874 3217 18022 16878 19180 14521 9750 9142 16890 7786 17532 511 5735 12584
12592 19670 14609 11523 16943 11201 9556 6681 5072 9351 13025 884 17653 2109 14190 1736 4936 8597 11557 18156 1257 10252 12010 3671 8802 2563
1484 11063 17239 14308 13676 3120 7146 2261 13101 2785 8238 1878 1620 838 4590 10696 3684 7598 17062 17173 16279 7260 9641 8349 6224 6051
1645 14799 5640 1430 16027 12082 13279 9421 8537 3452 261 15588 13059 2533 19525 5190 16075 8432 17896 10422 9767 7430 3916 10718 10462 11108
13417 6870 7430 19659 18142 18827 4500 19944 9057 9941 2080 7336 10696 17549 169 17900 8940 17563 14046 18069 4147 17797 1533 16420 15054 9271
6762 11804 1312 14223 14477 5102 15442 8483 6172 6139 1500 19089 16802 19494 18660 19861 2527 19657 7362 5769 18189 11894 8886 14286 19052 17207
10416 9997 5028 2907 15550 6448 8973 12546 8342 2219 10680 2271 18068 17356 1954 12735 15923 3601 13287 4279 16934 9852 8919 3548 5704 2419
8734 18397 7175 17320 11559 11463 19043 13995 6636 6678 13541 9514 16490 13549 8545 70 5593 11943 10000 10008 16983 18821 15924 14260 17284 9105
3990 8548 10432 2513 8107 13410 98 5053 7990 13667 17133 9356 2818 12920 1774 12084 7791 2178 8721 5095 3180 17516 6837 10664 14344 2739
14735 19708 8870 18196 19031 10963 975 5114 8539 15006 19319 11264 17624 18705 17406 4051 9766 13459 5569 19322 1341 18854 7268 19604 2995 4207
14552 19052 8016 18766 16913 14334 9889 6827 18808 3363 10580 4959 8482 6020 14250 17533 18120 2414 7015 12821 4367 13635 8929 19610 5904 9945
8979 5662 266 10132 14733 8777 3931 16821 5151 10145 1628 15425 3824 11963 18112 3307 6735 12095 1627 1507 7677 8040 6794 5742 11408 10866
3460 19759 15944 6165 12009 10514 5145 12963 8641 13536 14100 19214 16074 9525 11528 4159 18852 12489 7720 841 12280 18138 10812 1855 14600 7562
11286 17559 992 6314 9605 15777 642 2833 8770 14118 10536 14380 13321 19894 5049 14481 7973 9108 18853 10536 1327 8365 2544 16587 11338 19062
16835 4512 14860 7541 13892 14313 4520 2505 18595 12979 3102 2425 7811 2943 2486 94 16391 4589 6015 8627 9919 16546 19907 6944 7936 785
13146 794 2548 10408 6949 12075 15983 12902 8685 5211 16038 16604 14844 9450 3348 3596 15690 15568 7336 13237 19664 12792 18924 18285 13869 16157
11427 11380 6111 17679 3868 15067 4173 4491 3283 19567 4183 14615 8178 15822 12070 16721 19821 17475 1910 10164 1216 16553 6895 3981 2375 10973
10740 14334 2932 16512 4717 5426 2874 18899 8793 19043 10437 12986 9862 9589 15822 11023 16876 7589 8349 15720 4083 2658 1241 3366 6868 13001
8623 14414 6849 4868 3710 17998 404 5735 16150 18672 3899 1284 3239 18226 14189 13372 2943 18774 6764 7479 9262 7699 7615 8481 15235 5273
3410 8255 4736 13632 11681 16985 434 6463 13588 10334 14407 17686 5588 17763 5654 11628 14981 678 11364 9740 16708 17550 2092 17490 9370 5710
6013 4280 4771 1411 16444 17677 19815 3062 2491 19042 16908 2890 1875 11536 19861 1234 14382 6970 9887 17301 15507 11941 17031 5924 14455 18148
12454 4879 13460 8653 14509 5672 16920 12414 13904 14581 1362 7770 6178 17731 6119 1534 970 17174 7465 7959 3209 7159 10411 13419 17250 638
17134 11128 5472 10627 15902 8722 2676 9065 15010 5467 6971 14262 15291 11067 1600 12174 12864 9388 28 18101 10966 18809 12796 15133 12880 3274
15629 4480 17824 14059 9869 7704 12427 16823 5940 13165 8003 7392 2197 14526 18577 13110 17808 4695 6997 1591 424 19590 1859 1570 2617 1694
17334 5010 7795 3224 1309 18492 3637 2260 14921 11251 12196 18337 1164 3168 15611 14387 6009 14538 14302 14060 4439 17229 7936 19825 16852 4836
16612 3705 11812 9340 16182 11043 6424 16507 7008 13650 9576 17064 2439 2716 935 1422 16323 3284 4720 11804 15381 9680 3628 4897 5520 8996
5130 13353 19798 15046 2436 9375 19747 11379 15111 14237 1078 9756 16813 13955 14166 17509 8515 9093 9876 429 444 9177 1787 10744 16675 15780
18517 17344 10893 5675 13843 16821 16613 185 19351 12708 16814 15563 8881 2679 7049 5809 12052 12668 17785 17346 6718 18866 4828 9407 11237 2674
13338 6022 4714 8056 18027 17370 3025 1152 9948 5737 2114 6020 5064 19323 9416 8677 23 1889 9846 3097 1764 8998 10904 10298 15958 15052
9998 14092 7963 9627 988 6830 12753 5677 17545 3995 1909 2089 9636 16190 7050 4956 8779 7456 7415 10377 10717 18442 16307 3835 669 18760
8650 18904 18681 14915 9532 15226 15486 19904 9268 4437 5527 19287 3492 11462 10621 10266 1475 7306 427 11975 7760 744 1063 3699 9999 16341
17899 8774 12365 12727 15852 14430 15640 11147 16591 18444 2319 11747 9291 1258 6877 9506 9200 8829 6047 16046 4028 12179 6980 7746 451 18471
3681 1309 8628 11900 18256 175 6211 10625 9438 11535 13896 7118 3756 9668 19615 9442 1440 16185 14969 16867 19867 8541 6299 7658 646 12469
14007 10983 10927 18598 980 12825 13483 2861 8581 9102 15899 1250 5137 19192 5019 2705 19861 19153 2869 6735 9069 5565 13464 17969 937 15655
12057 2168 17138 10426 9893 11533 1958 7685 5570 1657 13737 15611 10668 15243 12587 2131 17263 3063 5394 3540 1618 16328 16170 14067 13864 9384
18788 8249 16521 12362 5662 15858 4634 3454 6220 13943 6952 7816 9215 4977 11932 4097 14090 16232 15337 3328 6664 18409 18042 2822 14412 12704
6487 1441 1823 1809 17568 8230 14042 18032 12200 8040 16381 9823 330 3238 2847 15493 205 14711 6505 11046 16020 4386 1956 6849 1302 10655
14708 1106 2364 12918 15014 10793 11892 16865 12054 2773 18833 10358 5273 17365 18104 16009 19452 9798 6582 16274 5903 3783 14847 18536 5160 9788
3168 5171 7198 70 4461 6991 1903 9035 18234 19789 15681 7218 7751 3823 6777 2372 13842 5690 9302 613 18987 5198 4632 9618 15294 12938
14179 8712 5761 513 18394 9319 7891 4775 14634 13704 9089 10860 193 19844 12626 11061 14212 814 11077 14920 401 14379 5313 10987 10673 3098
12430 2609 16897 19921 10242 5645 11567 4439 2941 9480 5880 18224 16965 9821 12989 17091 18904 16009 18549 16728 12652 10224 3884 2729 18052 5752
4049 65 13276 17724 18865 6352 17680 9887 19174 16518 3842 2789 13767 4962 16412 12132 16579 16403 4160 8265 18183 9394 13583 4386 19210 14856
14847 16467 12373 19883 3502 16587 16480 6189 15358 10114 7407 4138 7705 18193 12287 12843 7483 17238 19014 14625 4087 4515 6053 6144 17127 11206
19640 15113 19530 12155 18376 19148 19358 3213 14450 10233 8220 16696 10317 8418 11058 13053 7804 15629 1279 10919 10343 5493 7010 14213 6009 4631
12870 12359 17267 12780 3093 19612 18709 16364 16282 1695 11244 6320 8148 11298 12932 18690 10432 4590 17624 12311 8474 19062 6385 16645 2384 13922
18100 2629 2468 14380 6473 287 1784 16224 3200 8439 13409 8617 1298 19834 1974 8346 4116 18716 4012 815 3850 6189 19607 17394 19137 1172
12817 6744 16748 5829 6389 528 13970 16221 16224 977 18872 9928 3205 11050 19523 18042 5660 1528 16432 13636 10337 19426 14613 15040 900 1190
4316 16293 17978 9701 14364 3592 14590 17372 12646 3997 5420 5644 16520 12074 19947 6954 1044 15292 678 4423 19731 10244 12542 13644 3005 17141
7507 9580 1614 2405 298 18487 2078 5851 17949 12161 2401 12023 6495 6509 19313 12631 19422 12879 11527 13364 5022 1122 9068 18145 5438 11894
327 7317 17063 8429 518 18475 9587 13045 16475 3510 7448 1943 6448 16357 9152 17470 8430 2017 2636 15431 5963 9147 10000 11636 11974 10334
14650 17875 12630 10683 1976 5759 7389 4423 16572 17031 13360 2039 17634 3221 3597 15199 8967 13828 19977 17312 7367 19212 1668 15468 14657 14871
5614 2403 11634 19465 16634 17538 1125 9052 17923 291 11487 8222 10297 539 7821 1038 9021 13456 2972 18222 9763 10719 12743 19018 15936 2875
3093 1320 7724 12193 14433 18897 3241 14134 11439 8540 16245 17490 16639 17257 13148 8220 3794 13959 10311 1884 16781 14801 5140 12741 5311 14177
18603 17188 1400 13640 7450 7933 14833 12784 10697 6216 13680 5347 4765 2139 12719 13365 18087 19802 15635 13238 5765 15135 11756 19217 15459 15612
10109 13725 10176 17111 10667 11931 6469 9544 1123 15040 2780 12444 5675 2312 699 2473 10737 8183 10651 14572 2700 13006 17056 11475 14125 10501
12649 9925 15899 6502 16316 7045 16997 9048 17477 2231 16849 14665 11930 3210 3160 5825 3276 15656 14260 19570 13021 17533 182 9713 902 5483
19311 8398 19972 17007 19579 14930 1475 19122 15813 6592 15960 6963 14680 1640 19617 7670 3666 18891 13587 12734 19569 6359 3564 767 15285 4176
19778 3374 9648 15169 6593 5792 18606 15126 7321 15827 6370 5119 19876 15913 2204 13992 10756 11373 8418 14034 16565 4457 9741 14264 6196 4462
4925 10104 19318 15174 90 13292 7192 13101 11019 6214 8931 17590 13687 19703 11556 17060 4343 6529 16233 4400 1118 5082 17945 16261 614 11309
866 19818 18974 5321 18113 6813 17001 18682 6168 15729 8230 18052 5939 11850 3706 11977 19296 6936 381 17190 623 18082 15845 18846 12600 19122
13875 19721 6047 15606 6624 14856 3171 10998 7304 669 7346 18081 3902 565 1009 18379 16589 2015 17229 10006 2726 12663 18164 2188 18823 13102
6512 5260 411 7605 18288 16519 1591 19943 8974 10309 9883 9663 50 14191 13975 1142 17298 15936 6634 19052 5949 19539 18217 17068 9608 17697
12649 11584 12860 13128 3063 2793 4849 621 17209 2114 2405 13957 19169 1379 11527 16641 11953 4251 6421 7697 7825 16494 14840 5664 15142 11817
8054 19980 14208 11502 11546 17877 17053 7684 16267 1475 4085 11823 6430 7036 4250 9873 5924 3962 201 14551 18351 19666 18044 19983 5035 17070
3006 2164 17416 5612 113 6305 18436 4066 3347 14054 2674 11020 16846 15185 3282 19432 4343 7185 16210 8844 2602 9151 17285 16344 16135 886
7670 13756 2402 17904 14530 5200 7672 7159 12128 9582 3709 8747 15445 9104 15881 12627 11683 9839 13683 5873 7545 10325 5123 7766 9068 5494
2895 9916 6428 4908 3392 3515 8861 8846 7511 8450 18364 6513 3072 10145 7931 10746 3893 329 8782 14000 5457 10343 13107 509 17236 11776
12144 2578 18382 17772 10744 19838 14431 19243 9256 15119 18246 6840 1090 550 7548 15593 19420 6293 7341 10519 17008 11897 17926 11288 8367 11046
12025 18256 9122 18766 17151 2199 4696 3359 16002 13905 15341 16868 2978 11270 17214 4605 7906 15227 14499 4491 16221 4911 11807 13803 8863 19274
14268 6878 5639 11817 12176 8575 18200 4475 1289 693 13438 6549 3539 18394 2148 12873 8450 11033 19843 4652 14714 521 18867 2624 10423 13799
4614 19243 3517 5412 18679 1763 13808 13086 1335 16764 4659 5917 17053 14424 6758 6081 13813 10600 855 8822 4776 10870 3076 7382 18961 14526
400 128 8395 2788 6175 16769 7124 1351 13391 19328 4350 2098 19162 12705 14887 9727 15046 9147 18174 10792 12999 18218 18350 4150 16431 15052
14682 11399 1756 6862 16620 7087 2005 5460 7928 3042 16112 14818 3054 17170 17513 7313 8185 9829 13907 18341 17304 4321 7 14708 16978 9763
10932 17305 7774 9792 609 16185 12876 2913 4052 15935 6703 4317 18243 7325 18857 8834 18820 9231 10175 8 3468 17581 4133 18570 5559 18105
11941 5510 15981 4947 7024 14823 8715 12484 8033 10189 18174 18366 15455 11513 1988 2727 8027 16498 13720 5263 16276 15949 16658 661 11843 12256
14120 10731 3885 6618 8434 8079 12508 16566 6771 5686 14642 15642 17095 8624 2765 7497 3576 1374 12081 14924 5952 1150 6490 8698 5338 8096
19283 13872 17783 15976 5572 14245 340 5553 1932 9159 5697 16759 4802 1377 11891 10040 12491 202 11481 19032 2983 7332 6834 13191 5550 3556
3622 16333 19035 19935 451 4612 7592 18178 451 16837 11061 1357 14403 4404 16384 6927 1449 14531 18015 8699 9597 9234 18708 14126 11367 13152
16147 2325 9214 1857 3503 3612 1959 10718 4292 9186 4773 17357 16549 18943 9441 15488 10207 14508 10398 9742 17332 15364 7762 1843 19676 16459
9484 3997 13737 8515 11702 4110 12823 7095 15742 18014 9497 10611 17639 10414 14228 14949 18125 18292 7282 100 2560 16735 6618 12415 17461 11515
4864 14775 1271 1403 4476 6655 697 18649 5655 9840 12052 5639 5837 15975 1853 10075 15318 13880 5461 6991 8479 8294 5963 450 12187 11730
15964 17614 14955 3797 18322 17148 12453 952 18433 19697 11417 11195 17921 15260 18345 18127 14187 17747 16846 10638 5175 18233 1576 11337 15829 1138
18125 2450 6936 4979 16045 11405 6600 7765 9438 5626 17159 16074 14156 6377 13116 17576 10244 4682 17062 6517 15588 8821 15725 12463 15060 18735
9574 3614 1466 1155 14598 9026 2352 5546 12477 7059 4037 15426 5307 6325 5406 2113 2732 5673 13801 9359 11714 8274 9854 16613 3400 12612
4427 1766 502 4191 5620 15921 734 19569 3043 6862 9050 891 16599 17376 6949 6547 2692 10150 3111 14584 9254 19387 19424 12314 10989 16328
13452 5530 4678 15232 15059 18338 1263 19902 12967 31 18593 17818 4148 2848 10394 11382 16147 10629 8149 11218 5331 1685 2335 17211 5710 17
18768 8216 17942 15605 5555 6440 16218 9704 4695 1389 16840 13648 6801 11814 8365 7709 11749 13362 18961 3422 517 5398 12760 19578 19644 12728
14209 4217 16228 11063 11258 4924 2964 12322 15391 17486 14848 1765 16452 8548 19242 17811 12340 11505 295 12025 5778 14460 8723 15776 16378 6870
8014 15768 11600 2519 15009 4400 14602 14364 15094 2172 4368 14486 8416 2488 19829 6305 18691 7208 11370 17912 9511 5995 15401 17644 11470 19799
589 3270 12835 15268 13490 15705 3982 2553 17993 5632 17405 4561 4760 17957 9102 8821 19913 6629 13634 15019 9354 16038 17802 7978 9539 2033
2283 6467 8661 10186 15730 18373 39 7287 18890 16800 16289 11561 4068 6911 15419 11645 13134 17004 16074 4505 1635 10887 15547 16265 10958 11826
4143 481 18851 14173 12690 18293 13647 13860 16222 11868 15195 1263 1336 11782 10611 7931 19818 18756 3278 8539 2733 17574 5566 14325 10861 4732
1168 8308 19306 5838 17223 12005 16852 14082 13872 531 1877 6834 2663 13018 11525 389 7644 2031 11318 3500 6617 96 17107 2273 12968 985
6733 6695 16269 3226 12 4696 7134 3317 10899 9921 12137 4875 12247 18403 7153 13003 9638 6945 17025 13198 12440 5452 18498 2993 8519 9815
2227 15049 17294 10716 1460 621 19207 9179 622 14690 19035 3377 18299 15096 4789 16678 16176 15761 15939 3992 15176 13637 3880 8102 9472 6595
872 4092 19613 3944 16991 19415 17626 7195 1571 13453 530 722 5810 8115 10024 19999 8461 616 14598 10492 8844 14686 13819 6747 19028 145
17883 5440 18573 11135 19358 6355 16559 2806 15397 7688 57 19969 2622 12963 13913 12915 16325 4631 4931 14224 11062 6973 2906 6849 10888 10547
15079 10004 11866 12717 11011 14520 8467 5042 17943 12609 12086 13092 5752 2763 11244 2250 9928 7554 4265 9194 15608 4539 16411 14932 12753 4450
10524 2927 5958 2850 594 2012 17007 17861 5562 2472 18630 537 4811 18325 3092 18353 16391 6324 11010 13351 7699 18893 14453 2050 4265 18307
12029 9469 18876 10128 2098 8327 2216 2553 5938 8155 15970 12640 10089 19283 16720 11136 10251 4704 10983 18364 10318 3775 5206 7266 17365 9738
132 16040 4722 11676 2954 6095 8781 6848 17087 13253 15751 8275 14296 4420 18117 14671 11878 1636 15851 10478 7922 8349 5766 4162 13877 13656
1003 7003 12048 9688 7487 16554 4290 15240 5446 14791 1123 13375 3801 5514 6070 13502 225 13984 696 8538 6507 17313 759 11757 7014 16339
15892 18229 10722 16774 4645 8247 2130 16797 4380 1030 11422 7156 5833 16894 19336 15797 3011 14737 11309 17818 10920 13093 16761 12160 5166 17934
15468 12455 9675 2539 8135 13453 11234 6678 5829 5756 16338 12321 136 15032 1975 4252 9747 16674 7798 12928 2667 2223 6275 18814 7513 4907
9391 14144 3882 5841 13742 4689 14893 13268 2496 9380 8621 29 4979 18748 8302 7664 16305 7402 10632 18730 10217 8008 17915 14621 17828 3916
19374 4863 11770 16679 15577 6094 12229 8219 19745 13036 8663 2519 13437 13011 5506 1733 13731 7659 3396 16285 2133 14024 19538 12237 18722 12762
9984 18505 14021 3063 8922 16577 18394 3426 14379 9600 3581 11781 3113 6084 8431 4484 8313 9028 1944 15417 12674 6085 5776 6620 1074 2441
1919 16886 9439 10731 1456 19659 13131 14056 11154 13869 11987 4339 11862 17546 8482 5306 9607 14392 2764 19509 15827 17501 6545 7126 16035 5644
6634 13783 11493 12625 11802 5365 11381 5660 17848 4079 11604 2023 9782 4471 10428 16863 9 5467 16813 12468 3077 13760 10934 13316 19377 2880
3491 19906 17764 10015 13545 10466 9746 3073 17612 16494 7777 2678 368 18237 17275 19891 14954 8079 17180 9874 17315 18180 5669 2380 10841 16288
5623 18630 17081 893 7333 12867 9465 16353 18171 6488 2642 13574 16926 12296 564 16096 18824 2336 14603 13604 16345 7720 8903 11379 14984 1793
3564 9238 12407 10740 14803 9911 632 19250 7975 10939 13471 14529 12908 1156 10971 10842 9758 15325 9773 1309 13991 14681 4679 4287 11115 10221
16826 5463 16577 18575 12405 12688 10767 9492 263 14514 11749 3813 18402 561 1783 2891 9 13596 14046 3426 12380 9914 6862 7647 5208 8050
326 12979 5467 19674 15527 12352 14814 5797 4876 7196 16594 16024 17049 7238 17665 10867 10709 12179 17542 10528 175 4273 9117 11337 9212 11520
14423 2830 11229 18981 2947 19758 5545 14966 6220 7183 16315 4947 19672 13564 16661 17100 14671 5734 9798 13623 3999 1661 14085 18610 1649 13337
16720 2735 19868 16727 11667 17703 13729 19436 10536 10537 3809 12199 9060 9543 8998 7316 16585 19403 5967 2398 4526 7496 13571 667 11285 11192
19479 17022 16978 6015 13427 9798 11116 7131 4682 6086 1531 7374 7267 18922 3842 1004 9359 760 15719 18274 8864 18856 8236 5717 10993 2913
9262 14943 4384 8626 14167 14558 13710 10812 18186 3408 6917 4182 15009 5312 17707 12023 16310 4234 1543 6716 6087 15717 5608 15686 10702 15741
14729 5621 1901 9680 8038 8504 14362 19930 18054 15231 10942 17640 7803 551 6151 9116 8422 9171 3717 3737 18246 13792 18726 13536 16434 17484
17776 6957 11749 17289 6015 6684 3123 9677 17301 5278 16364 7271 12389 18543 14233 2377 17656 4042 7071 4345 5079 573 19889 6873 14137 9203
5958 9443 17527 1828 2426 18487 8083 1985 10071 5404 8241 570 7975 3148 17961 16461 18179 13662 10784 13958 19391 7072 13921 15584 8727 1878
10521 15695 2251 18045 14413 5317 8883 8612 18076 3989 5597 5708 14100 10483 3852 18163 4729 6907 6906 13433 12250 7620 2200 10744 27 2325
2637 2279 19159 10446 5262 3032 4622 212 1726 12622 14694 12066 6308 7425 10840 14460 16365 10594 15208 18226 8984 13741 14017 14167 14052 19610
9307 11376 18092 13152 10205 2046 3272 2862 13723 11242 10659 13835 6349 964 9621 6555 8486 10684 5556 13250 4335 15623 3273 15238 9093 12113
2314 12233 968 16177 10251 16247 9844 1310 14999 17322 9030 5550 5759 4488 8602 18073 13392 15607 366 15872 6067 7807 12003 9764 15781 1122
18433 16913 16716 10021 1525 11411 7675 8224 6290 7417 11469 17725 4159 16929 1790 11676 249 10486 19528 15972 10709 2957 11783 1882 3117 13236
13442 14173 5375 13061 10633 15013 2665 16599 7948 377 13702 8569 16698 1660 18093 14360 18245 14560 2 7377 11082 18518 14686 2234 2386 13962
4502 8501 5980 18990 128 7231 1141 8124 15923 3936 19898 14129 11304 1706 11570 13010 15613 19420 12488 2666 16798 9604 5589 3932 12167 19724
11779 18394 16638 5481 4064 6121 18103 7062 9463 12265 12275 17812 8958 818 10403 2808 8133 13598 16751 9768 9760 10940 1383 13696 13604 5908
16447 18183 7975 10251 12577 12426 2937 7529 8977 15745 18 13526 9170 11968 17296 7622 5012 3392 7182 839 180 8326 16704 11805 3049 6780
682 4063 18614 14753 16836 4282 12295 3388 12979 17863 7253 3534 15838 4106 7695 17188 196 7220 11029 6761 7212 13516 8111 2294 6793 6723
11320 11252 7848 4536 2398 9903 16050 1057 2375 17666 5966 4080 16512 6159 17233 17459 18217 13980 1768 963 9412 19503 5463 16058 16086 7148
3994 3547 11534 12059 18108 13446 16248 17918 7960 10641 10696 16055 16881 4573 2518 10313 15888 2234 7611 458 13092 8182 2662 4597 16410 1160
8581 15760 14583 6835 7425 3594 8861 4813 13309 1342 13638 305 362 12165 14983 11139 2238 442 1495 8233 8528 10700 11825 505 11398 4039
18827 9712 18308 18584 668 14882 19913 7877 15691 12372 6729 10235 468 5405 8730 4518 2065 11734 2914 5165 14998 10181 782 15973 10417 9310
13428 980 2159 16406 2792 13009 14077 6439 9263 11307 10353 12164 8004 19655 19539 17667 9436 3118 11492 6287 9570 17358 1761 13398 14524 14676
6961 14393 7902 6166 14221 8851 19190 8464 6587 5187 13992 6745 16599 1606 14512 250 19590 7602 16660 12279 8866 5206 19621 15595 19392 8435
18127 3231 15174 18171 11750 8557 19833 18527 19334 3961 14267 5109 15689 4412 894 11620 19565 15133 9514 13326 15286 13661 17097 16556 15111 14654
17205 15542 2645 3305 12138 1832 11940 12732 4526 14441 8958 13147 10167 6485 3985 5094 6429 12236 645 589 1988 2749 16110 17237 15684 18709
13723 5516 18889 9138 7432 14872 2348 3168 8983 182 4915 10694 10939 5590 12706 16714 15784 17051 1068 16129 17193 19550 14109 876 13308 13713
4275 8779 39 11990 6070 12086 5294 7841 19404 19335 18859 8146 19009 7839 11536 6673 17377 1027 9557 7957 13400 2228 14705 18289 6860 8351
6261 19644 18302 6031 5545 15294 15997 16886 12427 9188 9522 14285 19426 5889 16361 18044 18618 9541 7231 5478 7932 15016 1358 7225 1174 6785
5947 9821 3165 15115 2666 16239 1040 15967 18570 356 18321 18501 2425 2233 8264 12263 16823 6731 17222 4174 2935 742 2890 1532 12754 18884
12347 4214 11560 9471 8922 11102 301 4993 18339 7003 6797 178 7879 13140 8578 16679 17298 9345 2292 5282 15860 18435 13621 12726 11070 10479
19929 2769 8370 744 5580 18814 5916 4580 11409 17685 12459 9322 7486 9771 9544 14600 15535 11955 19870 8537 6944 14468 18879 2205 11714 14259
11615 9884 209 6937 17515 14549 651 12125 13238 18051 11590 6465 8116 217 8061 1905 14675 11599 18371 5527 7071 8342 14592 9588 2692 7958
14955 10069 5084 11654 13851 14329 9042 17956 13747 8125 7411 14766 3095 4804 8647 18147 7179 18471 13910 10949 13980 11189 830 9622 5304 17299
10607 5134 8105 12204 4406 15472 17276 4190 13747 10584 5782 10085 12457 19870 1636 11126 16158 16826 15526 17716 14790 11149 7065 10065 14517 6989
6278 1917 8587 5247 9428 9191 10298 2496 9420 13746 10253 18731 3080 14892 16681 17408 5242 6418 17343 18721 8774 11987 6073 13125 18005 18281
9806 18604 3895 5137 12391 9762 5128 5862 5711 15599 18677 19527 1759 12166 1341 14261 14628 16016 13515 3901 15543 9307 17391 4943 6657 18569
18851 7432 4213 601 14786 12393 14387 15438 3787 2118 8381 7489 13012 1895 13000 18364 3731 1628 8659 14814 12300 6178 11924 4924 10743 11394
10804 2481 3344 14314 16445 2682 2227 6192 17617 17998 5948 4441 14256 18284 9675 12753 16351 7414 10072 12339 15370 6406 2303 2660 16842 9055
8130 3969 4681 12094 7386 17329 3734 1978 11490 9301 14782 406 10454 1541 14758 6817 6901 10078 12541 6477 5365 12103 1007 11105 17826 9484
11957 18923 14946 11153 3362 9419 19878 18445 16108 12683 2885 1039 13615 2623 14970 9780 13386 13100 909 13945 2306 5207 15157 7066 147 11619
4159 10407 5019 18319 13601 8244 4243 17076 18437 10907 105 8814 8446 10248 15392 15870 3132 8161 11398 8699 469 10431 11116 14244 15796 8051
9765 16946 8407 13965 2411 10828 8434 2751 15428 9905 19899 5602 3656 2132 13125 1500 12843 918 473 11632 11035 18584 886 15574 9042 6645
6860 834 7531 16099 10644 9762 16358 312 5941 11250 15026 13398 33 17575 12587 15482 5875 17559 11701 9980 6213 9074 19580 13545 11728 11864
8957 17154 17505 5866 13336 2749 3918 14381 6338 4555 13560 10062 4290 18276 76 13056 9165 5418 11755 190 5757 15288 2828 19751 695 5880
12554 5081 8454 17551 13210 12858 280 6152 17162 2742 3810 7767 2858 11119 2217 862 358 3122 11494 3335 3518 13641 4189 16386 14592 3464
15547 4526 8824 6159 7209 19987 6211 4777 19234 12553 4558 8739 12208 17961 6469 6872 6181 11660 14774 3131 11701 3620 5205 2378 857 12372
7077 258 784 14905 19338 4174 19908 19881 12707 5305 5336 7456 18695 9154 16671 696 12102 8324 17974 3325 10118 5900 15962 16183 17148 16288
12465 4586 14669 17632 17759 6056 8125 9638 18645 5577 9818 7960 17503 2695 235 17334 15795 7831 14530 8132 2463 8309 12370 15696 5791 2324
19239 405 14145 12530 340 16436 5756 17576 13146 5811 1674 19505 6127 13773 991 18564 13584 4410 12695 19705 16751 12414 13964 14971 18545 14894
1078 17339 15171 6322 9384 8309 1375 17179 204 13236 5260 2441 12167 11881 1090 3183 8153 7007 7617 12666 11328 8988 4756 4946 19389 12859
9131 8629 2312 9208 7379 4816 1528 6821 15231 9480 18326 17156 12219 14668 11043 8507 2114 17883 11855 2047 7206 19570 16022 13653 17295 1215
2886 15044 17548 16931 16742 1233 3271 12531 14865 17573 13308 8403 11617 16313 19657 17243 18380 3404 2503 5726 8619 5 17556 15130 2303 269
8970 3042 3748 12704 7297 8516 14509 13970 9017 4082 5216 11781 3915 2770 4712 16250 4526 12849 11815 14962 11235 15943 3271 18483 19180 7117
16258 6423 9776 14937 9047 463 2334 5229 7390 8826 15753 17206 4617 4665 6396 1128 199 16325 2808 11511 7378 12062 6737 12466 17130 17820
10847 14416 15724 8840 15799 2055 19719 6331 7415 7882 2706 129 7442 16993 17544 17788 821 5425 11235 4029 9337 13945 12077 18427 3580 19135
11027 3096 324 15342 6548 7073 1170 3121 16668 7189 6846 4053 16844 7097 6127 9514 5488 11449 7199 9724 12567 10870 14047 14455 16296 14361
9038 4502 11948 18512 3321 0 19273 15639 5532 14486 11081 18075 1598 18150 19070 5341 14908 13584 8332 19854 12354 3590 12554 4867 16793 13176
17531 13701 17839 3259 11511 4499 300 7994 11503 10877 992 15163 1733 18568 4793 4801 13831 16972 13700 16832 12431 17876 11664 12883 15822 12648
15481 6255 16307 14290 13388 15974 3558 4586 10956 12470 14559 7075 5258 17001 13357 6516 7012 19949 18224 9705 4779 9557 7657 16258 4669 1183
8061 4337 13260 1039 12344 18700 17563 12229 4368 9142 678 18222 9657 5783 3568 3533 12365 3768 5249 15167 18124 9300 17191 13220 1442 1016
4414 2966 19538 9162 12586 3320 14998 13192 10570 4830 10831 3938 1577 15413 31 19596 8587 5061 9850 7557 2891 7390 14125 2583 6893 15689
3862 14339 5951 18904 15965 11709 1685 8482 18524 15980 706 5002 11769 12520 1579 9960 9451 1071 14511 3728 8012 14804 7050 1356 3077 5979
8465 2475 5590 5800 9596 15624 3157 14410 756 8353 18435 17066 11504 3324 13601 14209 4918 10066 6955 327 14660 15618 15962 9116 15379 19334
1929 17640 13313 18968 18977 7061 8161 4856 12131 17395 15906 11692 625 12652 1025 6714 5281 10076 8250 18468 16851 5875 16295 11599 16323 9304
6022 2314 8534 4323 1126 5299 13385 8948 15703 7273 3533 14974 16871 10837 7553 14192 1524 11595 13105 5835 16583 14801 6619 1618 1945 3596
8763 4069 17060 18112 16363 19111 4537 12895 17458 7952 641 14024 14057 15018 17648 18172 16349 15926 4067 1867 6024 16965 11882 11777 13283 5809
15937 188 5599 10414 513 10497 19413 13082 14442 3328 13804 6989 8377 18051 1671 15264 19608 11512 13228 15749 8603 13372 14644 15155 18460 13288
632 14926 155 3783 5090 9720 13593 2511 4133 3854 5461 12954 14695 9983 7738 9445 1803 18802 19813 10119 5042 1600 18116 15331 11205 5463
16650 5383 15299 7205 12361 12626 14795 10408 13278 19884 13667 16799 3104 16130 9091 17137 17758 19240 19067 11746 4392 8520 15124 5907 8806 1000
9665 10833 19037 3423 12333 16449 17962 5107 4897 12668 12266 6258 1711 16309 7551 6786 4559 15098 18565 15610 15419 19278 14201 169 4332 5379
1523 1308 2600 18229 17776 4487 7201 11936 12671 16745 2840 13208 1646 10865 12598 2708 17981 5009 15262 13421 5673 18446 9468 15994 4945 15284
3247 1298 18686 2967 2414 8988 19328 18955 9830 9031 730 4355 19539 17439 17474 18516 17340 9697 6440 5304 16043 10628 10689 11306 1056 2594
17288 3908 1529 2127 11648 13021 7262 1818 4195 10714 14230 9933 10121 16198 13120 12082 15884 1109 13746 9645 14443 4911 5884 5034 1923 17161
5046 7054 6155 8829 15294 5391 17376 11460 7102 13397 15312 15730 14001 14084 13721 12719 5292 18186 9037 12799 3361 14860 14738 8880 9150 5711
18097 9853 18118 4838 15031 4179 17895 4306 10808 10078 19838 109 17268 7225 19536 14965 9355 10302 8564 2243 15625 12379 10409 4462 19455 19207
13718 9112 4628 2099 3522 11135 5795 16506 19632 17021 13880 4095 11721 9023 9368 16067 1303 17284 14433 14881 14068 15940 580 6112 1724 15444
10146 8795 16062 15911 8125 1359 2378 1874 2320 1240 14025 3777 7958 2262 1263 1778 9164 8632 2685 9812 13780 5060 16627 8293 8861 18156
10611 1020 10179 19246 17220 16467 3618 17275 2783 6649 19205 3420 9033 19075 1666 12084 3307 9097 6604 19340 5194 3074 4084 14364 8869 8698
12515 13563 9031 1294 15503 335 14465 13639 9855 7722 11690 7008 11143 5496 1705 906 4810 17708 9627 8405 13170 17905 272 11046 18099 14043
12243 1367 1398 6372 4822 9986 13620 18848 11953 4481 18781 7064 15268 18056 7359 12056 2778 19923 10990 1496 13446 9227 7171 16806 19789 6940
12245 111 16889 951 10981 16544 3338 14978 14421 11581 5907 2688 4963 3945 14535 12343 7112 18569 12824 11549 15203 2198 10362 5661 18525 12335
19845 11856 7194 14669 3591 5315 249 12217 977 12882 10069 9552 14361 17831 6843 17027 18965 4376 7422 17575 5822 6458 8646 14608 14801 4242
11117 10894 18486 7143 11406 4841 9857 17674 2216 18527 499 13604 9652 16973 9132 9749 12585 12084 3189 18611 9008 4384 1567 16310 769 4353
14365 3880 14147 7701 316 751 13795 1414 1646 18578 9864 16709 11847 17883 5148 14854 2951 9482 4431 12628 1065 16553 11067 973 17631 13601
2062 16412 11955 12118 3124 10917 18967 19094 15559 10834 9546 5187 12213 17165 3331 3697 2993 15190 10239 8058 1829 12310 4669 8131 8892 3986
17232 13729 8827 3580 15547 10146 15690 15159 19244 14101 17156 14841 2213 2797 1416 12263 428 10132 3202 5512 10963 10651 8806 19444 891 3818
2819 149 15329 17352 10182 12223 1557 19847 9564 1074 16293 4750 18284 4118 6614 17063 4373 1101 11026 11125 14516 6692 13763 15868 2854 12825
2091 6114 12583 7053 6185 19543 10123 12897 15496 18758 15585 3989 5972 9096 14027 15745 1758 19738 10807 4627 18210 18862 4821 11654 8819 5898
4445 7032 4055 14650 10345 7261 14468 1485 16630 11814 6577 2959 1959 19938 12122 15120 16677 19966 2915 17785 18378 11859 5695 2669 19500 14736
7062 11672 5019 17777 4241 107 6298 6972 13748 1160 15170 2417 7587 6273 6059 15652 13935 1817 3247 6549 8716 4322 13451 8331 9582 19316
4549 993 1517 13738 17909 10512 8984 15045 6529 19140 14768 1568 17551 2699 4727 15847 2480 12939 7670 3665 12115 17253 2906 2637 3711 9278
3685 9180 12293 10742 12207 18781 12106 15864 19138 19802 6022 16820 173 6477 6606 1021 2241 13319 14702 14882 17661 9356 19888 15355 11776 3737
2388 3232 15840 15962 7029 12414 4471 5795 15972 12601 6520 5336 19086 13361 5216 8971 17784 6687 16345 19923 14052 6323 10172 1625 4258 10663
16681 1082 6757 9387 7751 8617 10564 12426 8548 7449 467 575 9670 6437 17698 7891 7690 4280 17034 6682 2052 9151 19163 10619 17665 4205
11825 17591 18616 4831 527 6264 10578 18998 18891 10353 3903 9918 11312 9142 4192 16548 9910 11321 10180 3710 7399 2917 1178 16181 5604 1746
6004 155 19203 7288 17046 1341 13107 10628 15235 3435 17259 1543 15652 11346 10565 358 14570 10351 3836 8863 11381 17553 12609 6036 10060 17971
1298 18175 7120 1090 6229 2921 1319 7785 3999 14057 11774 16657 13141 13454 18770 18071 19433 10221 1675 10037 4515 2532 8195 16753 8241 817
8346 14561 18449 3676 8787 8268 15297 11912 3709 10222 11327 9703 17504 587 7426 10698 16334 718 3770 15748 4330 8459 6210 8732 6089 11851
5797 12835 10040 14680 11136 3460 11688 17707 236 3738 702 1529 5178 4569 6526 6449 1961 14544 14114 8733 6341 2472 5912 6672 7351 11675
