365
51 10 10 18 81 22 37 43 8 25 97 49 76 95 25 48 22 63 25 38 32 100 77 51 92 79
4669 11165 7356 16846 10339 12988 10541 5051 12214 7606 4845 2327 11945 12562 4713 6208 10607 2131 18958 12862 3650 3841 13223 5463 964 19440
12064 6936 949 16950 10861 7636 11623 14410 11114 1878 5768 11376 9954 15866 7301 4540 2587 11119 18187 17126 10531 6175 16989 903 15271 9905
11192 12715 4261 2049 17173 12624 6672 17061 18067 2747 18695 1741 18417 14820 17362 16837 15859 17103 9455 2804 12619 15365 1058 15835 745 4190
779 14482 3251 11356 8521 18688 9571 392 15966 15767 19915 7539 7104 17731 3499 324 1128 9955 12346 2696 4568 17870 13341 5167 8383 4356
11084 819 11988 5147 10850 7286 15298 529 14544 9600 10309 7427 4980 16721 8554 13112 1412 4393 12638 17283 15255 2610 5478 19710 8828 16379
14606 9236 14438 3307 15616 8914 6423 2703 3248 8058 14055 8270 12366 3093 8709 1991 9111 12968 1769 904 151 7546 9761 17997 8300 5763
6889 4326 14869 8631 4069 3607 65 13461 18260 1245 9894 12845 11086 11221 13743 8355 8816 11383 3509 10931 17247 4460 16300 15626 2164 6664
8579 13401 12211 15121 15059 16398 10688 7471 8712 10238 9718 16641 18163 16841 8153 4669 9804 12564 14463 3972 19232 6996 16388 16610 639 4359
14847 265 12032 18086 8814 9656 7051 5280 12616 7162 9085 18381 10309 5473 14904 13728 610 1727 10198 4444 5312 12378 18373 14944 13481 9899
12906 10270 10410 17115 1268 10518 9864 18555 6252 10499 5016 8734 13578 2160 3880 1318 19325 14444 9755 3714 5811 1981 5022 1519 3229 10092
14305 18319 15159 1688 4577 487 12152 15386 1073 9432 12119 1758 5833 16873 15794 1608 17141 12853 776 6645 5794 17576 8675 13518 2988 14297
19245 10537 4763 18642 12216 7284 9227 10619 5509 13844 4440 12988 10377 7158 8979 7055 15437 15154 7287 5980 12372 19692 11060 9426 14217 14769
15198 6192 18943 9933 18977 6363 19970 14347 11716 5143 7666 12277 6811 19635 19210 19992 17485 5820 8184 7177 5251 14133 16428 5339 18069 4793
18471 16079 3274 16875 13435 3425 8303 428 14876 9521 1191 11919 6174 11197 11101 15273 14375 12487 2260 14652 19658 16149 3002 2397 9616 11285
7353 55 3526 741 16093 7718 5581 53 9926 7458 1634 8970 7013 9145 10126 3190 6479 19382 474 12128 10332 19985 17806 5643 16394 18852
18408 15931 13102 3906 4909 5568 7174 2666 6814 2391 2363 10052 10589 13467 18995 1888 7094 16271 444 13017 11648 12354 5729 4428 4509 862
4734 7157 10705 4734 16061 7570 17593 523 10013 18912 14820 19535 6528 8591 3964 10175 19076 5788 9805 6048 14057 950 19802 10 15481 18698
9939 8177 18502 10926 14651 9595 10752 14131 7829 12 297 5974 18127 11245 19228 14593 9388 14688 15364 7952 8747 8408 5957 3661 1091 387
19433 16741 15589 12721 9903 4195 6728 15857 11592 14816 9652 7304 4027 5674 14252 3863 5076 12140 1591 8811 19471 19223 5908 3223 2655 15630
8838 14893 2047 2462 6751 1191 538 14016 2799 2675 6185 8788 7548 11252 768 7537 14568 11472 5449 10361 6416 14522 8755 10549 16694 2663
3208 5176 3816 15910 7809 13553 1950 17751 10963 12902 16677 18548 2935 12365 14825 3502 887 1767 15506 3915 3224 2877 3516 7955 15949 19606
17410 19061 19025 7024 4449 14817 13645 15347 17998 2151 12183 10802 7284 2522 6346 12448 11430 16680 17248 13205 1076 9086 10516 11040 18580 11619
15313 11539 19621 5627 4564 11593 2003 17756 317 7533 3391 8196 13695 12096 8718 10872 549 11587 12157 6408 18361 1854 15403 17106 260 585
5644 1710 1863 1809 16025 13426 2539 15099 13223 2788 11230 3385 2051 3436 2198 9690 5640 8542 3684 1803 8973 10777 9854 6191 16802 17031
12285 647 19220 15421 4672 12895 7904 15726 18306 14402 13521 15101 12617 13966 17205 3929 10879 6228 6973 1781 17888 17902 7043 1380 5477 1146
12318 18019 7100 12200 2247 19075 14387 14282 12708 18532 19777 2710 7014 2516 8200 12392 18563 19927 16577 13565 7771 3179 17729 18966 7859 12644
15829 3514 1927 11857 12741 5209 19990 586 11944 4584 4376 11232 16431 19089 10083 12294 13213 3863 5464 19553 10156 12875 3537 16357 3170 5073
1972 15758 19818 6250 19682 11857 6876 6975 9628 7261 17293 10183 14498 7195 2024 4773 1250 12446 9140 12089 8329 14547 1083 7786 7363 11306
13781 14480 10658 10972 4056 2429 13985 19221 4392 14599 13667 15698 6683 2472 17939 11631 4861 19547 12731 1909 10028 18126 2460 3760 411 6025
5202 5359 2063 6244 17293 1557 6403 18961 8698 11968 18031 9863 18992 5237 3080 9717 7328 19237 18326 11578 1641 7419 13755 7346 1027 3323
16160 19263 13091 162 11530 13301 13583 15326 6717 507 18079 9804 15021 8978 9226 7380 3965 582 9229 7803 4066 5949 8191 13113 3952 6702
19959 6500 14856 17632 13719 13546 18611 18355 9533 14578 18076 12316 14808 13789 7630 12291 219 16478 13239 12653 11046 12568 18108 1690 461 2278
9018 7641 18696 7855 18974 3228 8147 9043 18280 14385 9566 15081 15654 12884 12236 6572 18340 16656 14682 13465 19138 12416 8363 10450 9915 10029
16881 7586 12690 12022 4977 2922 18268 9326 10033 5970 8418 16905 8377 13205 4248 13457 7100 1979 974 14980 2763 7994 6332 18335 5950 17910
11772 16633 10522 6076 2976 7377 981 6628 17113 11240 19593 3877 12685 6222 18779 3414 6187 11889 18201 19739 10646 11616 13027 18594 10702 2166
3263 19542 14575 6811 17989 13986 5858 7994 9223 13575 10247 3429 14348 3325 18959 10728 3803 5712 12918 2266 7431 13587 17395 1433 5391 6203
6736 17642 7049 17467 14884 16872 11107 15572 4270 4804 6520 16794 4529 19574 11749 9174 10764 15583 16479 6919 7467 3646 18807 8118 16508 6191
5230 394 18048 877 3652 14906 15572 471 8094 3252 7983 5819 16305 18492 18300 3743 4613 8717 19563 30 10283 10596 19067 16276 16670 13450
18198 12977 16558 16145 4097 17757 14929 3122 6905 1893 2682 6453 8532 12453 34 17115 10626 17627 16882 4409 8190 6669 6299 12133 14210 12753
6989 19463 18112 14863 12366 14483 8859 5924 14934 11450 3717 17967 15896 3030 17491 1786 9812 9195 19945 12715 11454 2977 19008 6480 1251 16694
1659 3813 1806 9193 6175 13522 14331 6205 2666 297 8346 17241 12305 4034 9144 15579 18509 13356 5073 9770 17383 895 9182 6291 14368 6658
6645 9602 4363 4336 14712 1907 5505 10136 16760 9280 7041 3058 5416 19612 11250 10709 6588 17802 11692 1997 18362 3758 16212 2233 4694 6038
7247 12692 12901 19637 1764 18858 13671 9443 17580 6718 5781 11031 14369 7785 7088 11988 12014 7238 6699 9786 10924 1781 3828 2999 6114 462
541 7361 2846 10532 8967 1904 19857 7744 9084 14617 19736 16393 3314 738 1161 2392 8047 8464 1149 10891 4048 16297 3458 19342 2343 2137
1388 9666 2019 16101 3662 14241 9739 9057 11967 17611 2289 2571 8209 6012 10029 4876 4699 1665 2974 2647 8423 7478 3463 7792 10114 15574
16480 2674 5833 543 19702 8734 2883 2408 4582 14290 16792 704 11145 8767 6757 15143 14723 1167 11095 17782 3906 17942 1927 16422 17486 1150
3383 3669 6214 16923 16522 3696 16728 115 861 17324 5042 6667 11819 12481 18643 19455 12924 5035 19134 4647 10107 3858 7318 5455 12892 10397
6513 12855 4240 13838 12553 5080 13628 1244 16547 15657 6831 4308 549 1267 11335 5261 18738 8116 4869 2677 16330 409 12060 15867 9688 8346
18796 16911 14700 13009 19044 16358 12102 3047 8372 19974 8881 13151 5281 14777 7243 17714 8926 19338 15600 13471 7362 5086 10641 8922 8971 3856
2907 6644 6851 17056 6856 12099 9684 14062 19698 2225 10892 11848 7185 9436 19178 17981 10523 11324 17833 7062 337 7401 800 12724 10022 19514
8951 6408 3497 2661 15813 17754 3533 2379 2070 7709 9772 15687 1568 8406 19248 15250 5496 5744 14156 19914 15387 6068 5838 5858 365 889
693 15184 2084 16725 13202 10635 17829 4542 603 6807 7564 14286 201 15090 16552 12535 19010 2041 7578 6967 11225 11031 14962 13155 19541 3443
15528 11527 14280 2794 1872 9499 18376 14413 11059 12944 8268 19386 8243 7897 3740 19763 7402 15809 8888 2354 10502 18121 9291 768 123 6100
18339 16145 960 7822 16502 5085 933 12720 6311 18905 17716 19337 8665 13447 11282 3732 11716 16797 1814 6654 19323 17326 12933 7648 11063 11124
6945 6942 13151 5259 8870 8105 4942 1002 4719 2212 11163 6303 6607 10108 18610 637 9742 1541 8335 8545 831 6489 1440 18543 13190 301
14634 19738 4894 14190 15554 893 9567 4051 3874 15785 6444 11011 19305 11196 4963 1960 15086 13932 12414 8832 7246 8588 5465 15389 8909 2668
10322 7585 3809 2685 4951 4156 5611 15113 4098 15591 16662 13458 2785 15412 15987 4488 17109 14659 14426 18777 391 19508 15504 19510 12572 6222
10812 11294 9962 9761 18175 10827 18613 2172 12059 13654 16091 3204 14817 5186 18533 652 4942 5048 8878 3248 17723 5441 12498 9478 1519 4059
789 2620 809 2277 6814 4520 5324 9623 11367 405 7926 14261 4682 18886 7794 10593 15476 17123 17366 4858 9580 9472 19402 13579 12769 17087
6045 12193 3351 9395 8065 17210 10583 12935 9172 7291 11782 34 9093 5049 12548 9228 11251 230 5404 1813 14965 2050 16848 19999 13010 18667
12327 9586 3044 2098 1909 3687 941 9401 2203 1808 12932 16595 7010 13377 2745 16658 12668 13499 12427 2481 10788 5068 3459 17605 3313 14714
17964 9493 12299 1486 17151 4763 883 18760 6490 12939 11727 12734 15397 15268 10490 669 19604 16491 10843 14943 6372 4324 1784 18620 18493 3501
17206 4073 5958 17529 4042 13008 13605 4794 11614 19348 8732 14731 18735 2992 17845 5731 18453 16514 15468 6602 15635 19874 12175 10844 7184 19080
8752 2093 19922 4065 1801 17175 11717 5175 7551 3652 19835 15151 2831 6100 5603 15542 3124 1405 4774 6239 6251 13104 3874 2897 10740 5996
3294 6986 7349 2514 10446 1963 19608 1530 12330 8092 19818 6164 11845 13882 13319 11621 2195 10254 1085 17199 1806 12646 5751 18993 4673 9673
14565 2682 653 11661 3946 19789 6804 1827 1838 12031 4453 8484 10444 883 8142 11399 589 19535 14311 15806 3801 348 9827 353 12884 690
6293 12889 3231 19128 10257 3707 14150 18425 8320 18160 8635 3873 225 4515 4663 855 11881 9154 11965 19694 10099 8340 19296 5279 18014 16459
10065 15679 10021 16685 10394 11086 3469 18351 8754 15147 9047 14925 1958 8204 5570 17793 17305 2851 8513 9902 1207 15998 11224 2525 1162 13553
10574 1640 11718 4091 6036 4835 17091 4053 16 19477 16580 2110 11007 10393 6423 4518 1994 5039 3988 14794 10355 3736 14719 7508 11990 1923
19627 13105 7173 1866 12393 16111 15875 2427 13328 6895 19571 766 17332 671 10304 10528 6188 3779 18202 16406 14062 6588 19465 2511 3406 4378
10658 1934 9314 8527 3171 5587 8650 13201 7619 12180 18486 14194 11114 15495 2997 13921 3939 10966 1878 14619 19100 2079 6029 5301 711 17957
8292 17247 9867 17916 11190 6164 3333 16292 13856 19534 14715 2703 17403 12038 5671 2291 19003 910 13991 841 2590 14353 113 13561 13798 6419
193 9855 1987 429 18478 13387 14260 11390 19332 6700 4022 17964 164 12235 4761 16419 13202 11104 12621 17679 4627 13218 13896 7379 2517 18877
18927 5814 14369 136 19522 16390 17115 12252 6214 3979 18073 13845 6772 16038 14992 2443 17711 19616 14298 16105 8423 6287 5659 7699 13942 6300
15850 5013 6479 19580 5457 14930 2115 7452 16979 18852 19050 14790 19332 7037 16508 15143 2638 14598 17402 17351 13913 9858 4735 3814 2178 7281
1232 4284 10653 11868 6481 4911 19813 11489 5211 10378 7916 6664 7381 6144 9138 16695 12391 17029 11973 18119 17316 6142 14621 7128 851 10908
4869 12915 11637 13764 15827 19358 8010 1377 10217 9107 5957 7638 17745 8294 8350 5836 8372 7260 19272 7192 11406 9612 7536 7248 11679 10932
9247 1060 17452 16997 4820 11685 3358 7184 1205 7131 13127 14987 5800 1430 15155 16190 17069 8318 17155 11670 5160 19902 11299 13111 13822 9116
15378 376 10134 14449 17496 4610 635 10088 7161 10824 9275 10201 7472 17321 2870 8494 17684 2116 17115 8775 3824 5347 7943 19994 9064 4576
1386 3799 11877 15426 8626 5445 8006 7967 18103 19252 12970 18537 8632 19600 10045 18729 18996 4557 5528 13671 16769 5327 2690 4255 17719 11449
6083 18807 15262 16521 16735 862 5189 18290 18023 15615 17565 15774 16420 8689 4108 18602 4400 8 10469 7607 6090 7680 18215 19206 2688 8245
3424 3328 17849 459 16152 7063 15207 6992 11010 9056 6140 12747 18062 17405 7417 7239 7146 19437 3513 11600 12942 16903 6656 19383 19763 4628
17097 9387 6359 9000 4580 11793 7820 1563 18194 3462 13182 6634 779 2788 10227 5308 5873 4731 9501 9911 6581 10286 3890 1078 14331 1066
14185 7640 19281 15223 1588 3253 10238 8032 13546 14567 12582 11354 4014 15553 9330 16438 19808 9142 443 15160 17008 12280 6211 12907 17875 4875
7371 16121 9195 12053 15125 4177 17410 2929 5339 1808 4169 1298 4251 8355 2118 19390 1240 18140 15638 7915 12064 6784 16425 780 13019 8001
2556 4048 15911 6228 1534 15224 10370 6542 3084 4628 11209 12842 17473 7904 6008 14557 10309 10890 9876 10207 15067 10112 3302 9534 18485 3122
4270 1177 3477 15658 15002 13640 14749 2448 15479 18993 2082 5816 16149 10214 139 10896 4026 1279 14905 15725 7246 14647 10086 17025 10382 852
11176 9612 8882 9839 12262 11419 1004 5486 12207 17605 13403 12626 14962 6244 10166 13217 3174 13394 13973 13187 1451 7689 4993 7564 1386 11783
18082 2616 2071 15825 5506 15678 3099 3212 4731 15049 17587 4590 15241 10863 12192 9900 14926 15912 3879 7421 2842 1034 15849 16659 12502 17542
11789 14439 9262 12891 15294 3628 18273 6855 9171 15816 13896 5018 13835 5549 16631 2605 8804 6089 5818 12383 7287 17109 12934 6973 7353 5657
9674 16124 8273 18239 17618 2849 14723 14919 8331 2378 15157 13474 14734 12049 19203 12975 18405 9652 1182 18396 11206 14630 11180 18080 14017 17289
9655 18184 11768 5282 7589 4917 5706 4808 19455 8414 2449 17915 12658 7790 4934 13132 12187 11096 16860 6959 4724 1970 14691 15629 10457 3114
16680 16277 2667 839 3181 5029 4846 7419 16053 1163 8105 1771 143 9082 5309 7620 14212 2755 8495 13529 4721 6544 41 11132 11683 15929
13614 13 19882 1993 12949 2411 11233 10364 4340 15851 1368 12863 883 7898 10975 6873 15897 5647 6247 1086 1577 16917 11432 7690 11859 5424
6399 16787 19406 16097 520 12872 6952 15539 13617 11986 5715 2676 2944 16246 15580 8823 5416 15320 14847 6240 542 4600 8981 3481 14260 17132
9718 18412 16560 7731 15094 11804 12363 13602 18713 5589 12977 19222 10614 5345 14646 7257 19740 17330 17724 5597 19715 13928 19566 15120 1298 11738
6260 17119 5770 7226 2460 19279 4812 12847 5378 10125 669 11343 406 19863 18869 1966 18349 13994 4567 13019 10580 11891 10593 12845 14545 5037
8571 3212 19029 8844 13244 17312 1317 11472 4254 9300 2849 16269 10848 16136 17980 4700 14961 19686 11788 178 18058 2572 11128 3196 1950 5375
10234 1804 16617 8693 2607 9829 13415 14824 18887 2877 12426 7564 8367 7496 1106 8029 14789 6927 15522 16879 16577 12990 14836 3725 11612 10747
5410 13382 3934 17150 7637 19724 6683 6686 5014 2003 7653 17084 17066 5715 12558 16561 17599 5209 14333 13374 2610 1903 8579 15766 4752 5091
2391 10037 8028 4911 12414 13216 16548 7968 3013 18516 12211 17922 14414 7828 7614 16934 11469 2861 13337 19963 13572 10667 19190 5033 16909 17830
6273 6248 8356 19834 11130 7957 12051 5349 5463 11150 14177 3959 3352 19232 4094 12010 5514 3916 744 13018 15649 3856 5777 16343 11936 9836
1239 12337 12197 18851 12000 6293 14629 16454 10163 8460 19696 1971 5110 6170 11273 19399 13016 9433 2579 17527 3402 14679 19269 19390 9149 10330
16689 6293 17200 14346 10381 15847 18092 8858 8086 6399 14486 4992 5240 4458 9955 11880 11213 16834 14876 18915 7997 8033 7436 4622 2025 12342
13263 11613 4407 11578 5195 7382 27 16163 11938 1782 12062 6345 10209 12489 1123 5503 1798 2246 11275 2821 13756 5341 7390 14426 2161 517
10108 9426 10470 15320 15837 14079 1108 15032 14227 14276 7035 10080 1514 5160 9081 1092 15494 4415 9045 11670 9955 15739 4068 1822 8935 19160
9225 13052 1628 9956 15192 1664 14242 9510 4587 4991 10234 19561 8627 10316 7390 992 7701 5830 12295 2907 13896 18242 8298 4101 4946 4544
9530 3914 12721 14337 462 17595 10470 14638 10124 13093 5920 19320 2854 6247 11771 7699 4367 14172 19980 5585 18171 7415 18960 17029 2108 3536
8270 11380 19871 14769 5814 3886 19574 15199 2950 14949 2007 17895 9206 13661 7805 14424 10831 15231 4890 14613 13156 4276 17431 14431 10372 43
7486 16727 18763 6645 3684 13990 2036 13569 18894 349 14197 15981 15816 2331 610 3768 13973 13989 6904 18993 16721 15208 5604 3842 8660 10035
13980 13776 11724 10484 12728 17770 5416 10943 16689 4264 2646 13534 811 2273 14718 3574 8278 18527 3267 13928 4483 18495 5099 12424 11618 8755
18764 12828 301 13777 16549 8171 8162 19408 9462 19336 7670 5230 17321 259 541 4846 11515 3870 18962 10286 1477 2563 13424 16980 1748 3884
13512 18035 9859 15967 11629 3195 12581 18196 3385 18611 3400 17131 1233 1590 9710 15665 12113 5855 13752 18001 13698 5857 1195 17395 11169 12125
2838 11817 18657 4638 17196 9957 15883 15611 7971 5356 7816 9036 16797 17174 5118 7431 7979 4961 19909 1726 5549 16331 7319 8979 17027 7139
2850 18986 8563 11950 1732 13346 2104 14001 15739 91 7606 8057 13742 9305 5672 7634 2042 11399 16301 8932 9179 6602 3461 13059 16264 14908
907 18652 16880 4937 9984 1451 14950 9336 14156 15356 6967 10423 11121 1319 4736 7218 14596 2237 8188 13235 17956 2150 13389 12698 8784 13888
19126 1500 6752 8660 3472 8665 10915 12610 17236 3172 7344 13836 7522 1087 2983 14453 4383 8863 12045 15957 15550 11136 11200 7048 14875 3395
1497 19112 13003 8265 5164 11077 16436 16885 15162 6553 15881 7271 3994 3266 17885 14309 16401 9554 13196 14494 19657 2372 1412 13428 5265 9799
15278 17411 7404 3123 9374 17669 6121 9498 12101 301 5541 292 2314 4992 4780 15757 6086 7247 18926 4397 5066 15708 2087 14104 6754 16626
1972 16296 12431 18230 13063 1062 16935 10584 17815 14305 1700 4828 10480 13572 18260 12167 15374 12521 5554 1876 11044 4752 18530 1041 14777 15879
944 15381 5657 10124 17831 7023 3603 14251 11525 17484 17240 8737 16815 19078 16998 13119 12305 14563 6942 5517 17221 4712 13600 13257 3764 1500
2083 14248 13063 18310 6410 2528 4355 19736 7680 8496 2662 11560 7057 4259 4228 37 11942 18549 1115 3273 8825 13907 5704 4904 9627 10358
10535 14997 14085 17678 9588 17122 5686 12444 13926 19579 19879 586 13258 5760 9458 12545 14352 12917 15283 15856 12862 10713 9183 10474 17780 18086
14238 12446 13480 402 13351 6183 8389 3733 5574 17760 3108 12425 18030 760 15884 11946 4041 19659 19181 5631 2541 18450 4362 3478 11263 7475
8975 1891 2034 57 15856 3887 478 448 2395 16714 15790 13966 1297 5802 16678 9807 11757 13279 9001 18942 17341 8409 6830 955 12893 17941
7622 9859 420 14508 1947 19604 15491 9048 14364 1961 13088 7867 5816 2323 11991 16349 2865 8357 9067 8407 3559 3259 10801 14797 14832 3373
3346 5623 7813 9074 849 5218 856 16079 3641 5670 12411 9374 7536 8650 4024 13117 9936 12686 14048 10092 9954 19653 2424 5412 2437 10193
441 3999 17758 19153 17340 7119 18817 13247 618 13783 15022 901 12198 16695 734 13614 17859 13221 12044 14414 4342 14258 2168 4676 1143 13187
4410 2259 2384 2562 2958 6571 17406 19163 15272 883 5608 7854 7866 18611 13835 19791 11138 3653 4587 15454 6530 2676 3408 19084 327 13718
18160 17405 14378 13828 6236 12345 4993 10587 19516 16095 12667 289 1225 12901 16816 6291 18615 11416 17763 2289 5611 4796 9833 13057 1641 15973
19888 4525 13493 14106 16679 8372 12350 6790 13358 11806 17672 15017 3145 14390 8273 10385 4730 7744 8784 16721 11514 15451 12894 9745 7034 9739
4073 16766 291 3970 1158 14159 7757 713 8006 73 8523 17327 15313 18257 4299 14638 4829 19368 6686 14452 4142 7830 13261 5415 4339 1140
2851 10157 9147 13951 14672 4842 9031 15172 12763 4929 12231 11405 3266 3527 9754 14639 18956 2414 6988 16312 5473 16992 3848 3124 7730 11727
19996 10574 8312 8817 3227 17977 8505 12290 5927 10951 13631 16514 2443 8310 3124 504 4288 9851 6066 16715 8450 297 15782 4547 7232 2726
1990 10038 16489 19312 6623 17931 16130 7897 10795 3837 19259 386 14344 16691 4694 16101 19976 11189 15442 18579 7024 4768 2202 17388 4862 9987
12769 1487 8017 14565 2049 14389 905 7271 499 9518 11012 4283 13257 17774 16264 15113 17958 14852 17105 12822 14454 6335 11538 1278 17345 5507
12136 19640 13817 3256 3027 9338 16547 7597 1961 8731 5434 13116 12003 3582 16184 15449 19908 17350 2471 12674 10098 10271 4984 12527 7795 7060
14514 16324 3716 6691 3134 19759 4318 3594 13826 13208 13491 19106 14071 17460 10608 4449 18954 5363 2179 17015 16460 4532 14225 13827 4381 17128
11559 18576 17458 2510 11822 362 2610 15009 4775 1479 5962 16930 18505 6531 6417 13058 6627 11017 743 2738 11683 18242 11595 5656 18158 4995
14235 11641 14238 18894 16140 4745 7599 19444 11698 17000 16839 15899 12570 3951 4885 12468 14052 5126 10039 5464 5202 2497 14571 16520 4789 89
7833 6452 3997 470 10657 3663 11561 11027 1835 1592 1358 17946 9074 13619 7524 9741 16495 472 112 17175 7558 555 6832 17265 12018 4156
16254 19170 14811 7168 11502 18111 2622 13501 15277 1536 18132 583 13444 3763 3409 3462 17344 401 17618 16886 17475 18864 14987 4259 3207 4369
8932 15970 15130 13430 321 5879 17380 12786 9146 5450 13714 14275 18778 1959 4504 2155 5237 2453 15613 12081 14000 6577 9891 11118 18221 9544
10671 15048 13378 19684 5019 8405 9657 3200 6831 17943 4932 7697 12955 17630 8507 13320 1434 11125 11243 2429 12289 17492 16011 10493 13651 16087
5665 2387 5728 17196 10152 16777 11520 11358 4354 2096 7992 6272 8455 19491 7086 18745 3706 11815 7018 18788 17024 4631 649 19128 2571 2001
8786 4507 16577 11345 14650 16474 11653 9988 7531 5286 5355 5951 13554 1803 17127 5423 4375 18126 13647 1103 16120 2234 5387 14558 3659 1812
2391 16252 15404 17842 976 3234 12136 35 11043 6264 10677 17068 7893 2487 1399 17771 14362 15482 15522 10623 14589 13044 17303 663 14570 3917
13437 4371 1062 4379 19126 18404 19268 2718 5873 6388 11614 10542 10746 6864 873 13755 6049 17226 13814 6244 7420 284 13439 18014 3444 14026
18605 7694 12303 14773 15569 4050 7540 3540 6557 14278 11719 10939 15924 3194 17010 3141 13772 12979 10839 5107 7907 13563 783 8175 6387 19914
3257 8847 1164 3453 17064 4159 17260 11203 4418 474 14938 18649 8199 7557 6168 18262 19502 10130 8100 1777 1715 18565 12724 3843 4521 603
3994 1332 12419 18153 11466 14596 15257 17815 17700 10131 4586 12209 6272 4238 16511 14716 17567 7131 12249 1479 811 18495 6229 2328 9514 14661
9278 9750 6939 272 12610 17780 18425 10443 6142 17388 5228 443 15473 14263 14742 19197 19 246 829 19253 9653 9506 16838 12973 129 5081
15604 5875 19322 3822 17785 6464 1540 3049 4522 6628 13796 12694 175 12398 14348 7782 7011 17082 16670 19314 8799 7982 12108 4459 19439 11928
2597 13472 2357 5514 7894 3933 2261 944 1322 823 17308 5286 15389 2594 2379 3650 16145 14192 9152 18225 10422 14953 18097 6840 5573 7877
11857 1688 17150 16711 4366 10065 13426 17524 1649 19110 11139 16640 11530 9136 17148 17245 6482 1974 9392 12677 19508 16286 9068 6409 2320 19854
7076 10621 5490 6682 16965 19334 7468 14478 18056 15075 5117 16966 17269 13529 3289 5528 4823 4920 2301 4848 16603 17042 11061 2474 5145 3159
8464 9816 16641 5777 17950 13940 682 9147 9059 6860 9747 19618 13586 11925 10033 10021 7124 19957 12427 7809 15937 4542 11355 14064 17862 11151
10597 13024 2949 17631 13542 16399 8161 246 2178 6776 18761 10622 17102 690 9253 12717 114 15072 19307 16317 15388 16143 16912 9101 14688 10608
6148 9970 10269 1932 11237 272 15753 12649 12026 1013 17059 15633 2326 3934 4886 13384 6656 14698 4567 19976 11396 10631 3235 19431 14020 19200
16745 3174 7227 8178 12529 11483 1356 15102 9394 12649 7529 3797 6287 7702 1697 1360 3662 15140 15464 394 13391 5261 6787 8532 14346 5646
16925 18854 5280 754 11490 8951 18325 397 12169 6790 19412 14463 9010 14469 5544 2715 2843 6712 15978 13071 18875 4996 16 16420 17309 16368
10707 6020 16430 13730 14024 15009 3336 16983 4443 2276 1789 8759 17743 12041 8876 8472 12266 7330 5834 18834 846 19650 19632 1903 16838 7254
18602 4766 12171 14133 26 9250 11303 14313 12964 16117 5078 1356 14184 13797 4108 6714 15106 7236 16734 12681 12336 10009 17799 1343 6404 6056
18972 19529 12507 12329 802 17524 2925 14627 9210 5144 1430 10013 9574 12787 9397 548 14389 2686 18964 10140 3854 15586 19799 9691 9677 11473
924 16767 19051 245 7812 17321 4888 17815 18343 11906 15884 2906 2889 8684 2960 18625 15736 7434 18097 1792 9559 2348 17594 10739 9794 18097
16565 6154 6665 9608 19029 17507 19016 6300 1096 19926 13622 2465 17305 8356 9924 18198 1357 10754 9347 922 2326 19796 5374 2056 14349 521
12917 5391 1847 10445 11080 11611 14655 18764 4871 731 15526 443 9205 9819 18687 19588 2800 4079 18584 11398 18739 11846 1846 11992 2203 12783
5673 9936 15006 10916 7176 1764 14689 8589 10773 2550 5567 14731 10187 12621 14321 5399 17198 10330 7828 5294 9878 19507 4868 14336 8698 6567
17681 16321 5267 18012 12275 10349 8495 17425 18694 5625 7151 1670 1150 8846 6797 15949 18059 820 1120 9207 14199 19525 11079 6993 4245 8772
7899 6426 17749 18986 16668 16723 7426 6964 6141 14661 3542 15479 1264 1234 17191 10767 6530 2723 13483 9136 10876 3272 19280 9615 17801 16926
13341 8582 5713 18590 14447 16598 5495 13659 18028 16714 3377 14037 5744 5872 12940 16271 235 11916 9502 3861 9567 6899 10472 14078 6046 2805
4095 13576 16131 3920 9847 15564 3022 9370 17792 8881 14806 10446 8082 1457 11983 16117 11683 13315 14750 9454 8968 5334 13600 8876 11062 17395
6642 16328 11514 2546 14317 5051 2792 181 18182 353 18968 17549 4784 8719 13837 9293 14186 435 2721 1158 1782 14221 14268 8977 12602 2646
9969 6197 8600 1592 6276 8702 1015 1626 13424 13225 1556 522 5440 14862 19915 1169 6801 711 16766 2474 11747 19261 8146 16838 16715 2489
17585 12213 906 19214 11129 1383 9724 11651 15879 19449 812 11621 19338 19700 17662 689 13606 8333 15321 9969 9645 1571 4116 19325 10022 5977
6468 2681 3407 18454 8238 12683 16688 12336 17277 4873 10700 7583 9656 8147 5483 14626 2718 6924 5844 7880 2814 15769 12595 11424 2475 3292
2587 9613 10065 15032 2730 10193 4762 5486 1408 17345 9185 6855 17967 7877 3461 9125 17064 12682 14296 11684 9318 3853 3183 12474 9715 1466
10233 3322 12180 8322 16970 18948 12609 1203 16513 8376 14960 7261 18333 2020 18597 17985 18722 6245 19500 7832 1007 15953 8819 18453 11190 1895
13511 3744 6150 14723 13924 1450 13806 6010 19166 18718 15418 8077 5391 15669 1481 18662 8105 13113 14104 7296 15477 10991 7844 14022 4982 876
9090 8700 9738 11899 14327 8276 18049 10103 19116 1269 5670 16099 11532 8411 17532 19674 18263 704 2918 2140 14056 3836 1155 16924 6779 17
6924 6037 5931 679 13954 16874 6580 4945 8524 7170 1241 3283 6152 7232 10144 4331 2803 11594 10537 575 17656 2363 3034 10920 11201 14259
7466 18794 3847 18713 6062 16059 14300 4553 7499 9823 13801 17899 12951 1408 14073 17646 7923 3019 2118 4198 9286 10684 5755 14001 6464 2617
9811 19045 12308 12519 19674 1215 8858 18625 14664 9034 17363 13580 2135 11172 15501 10357 3752 7216 3082 17197 4925 15808 9539 18168 18294 19551
15955 6029 16669 8993 7348 200 14069 12812 16978 12650 231 3377 18451 2420 8715 12021 19021 2218 2191 19292 18346 4575 14329 2358 2218 12031
11325 15206 14423 306 5067 13598 8908 9003 2228 5092 6953 54 14507 12633 11843 14613 4180 15505 9347 5462 730 14585 8461 16406 9950 2309
9630 16920 16723 16956 3979 8568 12949 17264 6734 11323 1181 4129 7576 364 10775 2680 15494 7482 14121 10920 6535 18327 7108 5128 19299 10246
3807 9434 8576 17625 16479 7514 3611 19824 13008 18954 14982 16763 14042 17584 7016 5111 1640 2659 8636 14608 3916 14815 19604 17962 4906 14623
9027 1695 18867 3691 8837 7095 5075 16093 13588 19629 4488 6973 2340 11786 16680 5270 12875 7559 1058 3015 9666 5865 17491 11162 757 17364
1154 12163 2489 13494 19164 12964 11451 1318 644 18389 5534 939 19642 16076 2691 6873 14864 6679 17732 17936 6822 10244 13567 13178 18754 16845
10596 13744 6372 10567 11646 14152 7499 18915 12279 3651 8373 2439 2040 11051 11780 2988 386 5132 9723 16526 2925 18861 3767 7546 9791 10870
18562 15889 188 2832 6813 11216 9117 13980 13429 4831 14491 15241 9227 4954 16015 3265 8586 16397 13871 8448 6844 7290 2767 4786 10865 9706
17685 18025 696 4490 5453 19248 1097 15641 3654 2433 12201 15859 11976 18815 3547 16085 12367 14115 10884 15747 7731 5200 14888 8352 2810 9435
19695 1845 17537 5579 18062 2042 15411 4101 15795 1691 6167 18836 9111 6746 17011 17345 4933 14042 7585 3498 19384 4826 15426 7381 6792 1531
11642 6412 1764 17114 18999 9916 12923 2527 19393 3025 11045 11269 2327 16321 3877 13664 15928 14059 4848 5139 2698 19587 4529 9743 4969 11565
5409 2762 10537 17701 9734 733 8742 10799 16778 5000 1877 6886 10556 10163 15000 14672 5347 9115 17280 6112 14314 773 6662 18943 2901 3526
7602 10809 5750 9145 15793 1277 602 17895 16522 15506 16250 12654 10935 9153 19463 5628 9138 14326 3625 5293 12675 5446 2709 9910 821 4983
13820 12830 3074 18417 2700 14092 17774 4195 4015 12990 11026 4424 12252 17034 16104 5516 12232 13717 4834 8325 8806 4631 8044 12411 18761 5988
11469 19436 11432 11996 11592 7928 16831 19456 2278 7449 647 875 8627 9029 19892 8043 7607 8454 13002 17866 1028 13624 1524 1883 8819 16999
15321 6023 8639 17776 7542 19923 14072 16284 16848 1152 16950 9164 7395 12617 11309 4957 2295 13199 19813 4245 13704 1088 14952 13175 56 3131
17699 6832 10975 2067 4699 7393 931 17311 11253 17900 8712 816 3518 18165 16186 17349 17717 10701 1679 9312 9126 16298 8387 15158 15277 16466
15183 14090 13686 19963 1820 14333 17427 1120 253 16770 15690 13618 710 8774 19995 6734 11950 4619 7638 13690 5547 19242 15802 2232 18774 18640
13953 14051 6865 12040 8897 11641 13494 19086 5237 14300 8574 16047 15254 15158 11854 2022 9353 6550 13713 10331 11229 5068 3839 3377 15948 16026
19546 18471 2785 15711 1562 9867 10374 3345 15047 14519 11559 17666 785 10813 8501 13489 5678 918 15711 2395 5586 9369 14113 19560 5483 6928
3870 12920 11802 19946 15898 19285 2477 4682 11858 17571 4407 16052 9240 8263 2450 11023 17308 14537 16467 13402 18526 17368 5029 4597 17423 6487
2912 14857 1986 18728 2906 1579 18635 4713 849 16029 7650 19175 18222 11645 9475 19165 5769 5879 5336 2285 1311 15339 14780 2826 11786 3659
5197 6287 16818 5913 5075 853 14855 19699 3821 9728 11643 15588 5179 7193 10086 14836 1641 13087 2703 16338 11960 11864 14938 12851 19524 6151
2069 19641 11143 13314 1146 10655 2132 1447 1359 7931 4568 472 16056 13601 4126 8022 4791 10546 7064 6863 18161 17594 18837 15407 10498 6710
3745 16434 7150 13521 12595 5319 7927 9540 9255 7853 1603 5063 7428 9727 19820 17396 1953 7460 15662 18164 17792 4048 16689 14108 9572 8054
5318 4307 14616 7665 8457 11908 11349 9157 4570 8141 4576 3934 14091 14664 8262 18328 12230 7239 17032 4596 17249 2138 5335 12754 2390 4061
18656 7995 5745 17713 8802 7716 12966 8264 6701 7150 13221 16919 11876 133 8379 12033 18571 13827 4152 11284 13189 3882 13427 13883 7942 456
3396 409 4526 18975 6201 6550 11350 16279 4061 6494 9882 1749 8102 6964 12175 9038 7386 9752 6552 9030 12863 19397 2953 11272 16486 17082
11545 17442 527 10414 10807 16437 18462 6355 5563 14626 4252 10648 3382 18025 397 6340 15877 2952 2716 505 98 11126 1936 19417 2891 2389
14438 8904 8922 375 12808 7612 2938 4384 5128 17216 3723 745 67 14652 14188 12396 13643 10387 4847 17775 8095 3465 8279 555 6209 9089
115 1192 2339 10394 8972 19244 10092 3660 7371 13998 9933 1625 11114 10724 5494 9194 14671 19666 4508 16041 8186 15765 13872 10517 6442 4018
18682 1576 7892 5377 18516 11321 3330 8796 7984 12778 5625 3392 19917 2690 9663 10193 11166 13272 14723 9454 13182 10213 3313 15427 1216 11314
2263 6879 18874 11540 17092 9959 14338 18829 10575 8775 17929 13481 6207 10985 6283 19113 5766 7938 8208 611 4685 8653 11599 16778 14252 1654
11603 14414 15462 14129 5177 16660 10326 447 5117 11681 2258 6939 3422 11571 444 8835 1252 17761 13675 7101 1203 2755 5403 398 10908 8945
12781 6996 18477 13379 2753 7321 16589 19332 17769 4847 2386 19401 3061 1315 14948 1659 6619 17934 17584 12048 13308 5494 11029 8451 6642 16926
15339 1659 10157 12269 935 15190 3866 8329 12767 11623 9034 15019 2963 14601 7782 4475 18477 9194 592 5486 8443 17965 17543 1697 3108 11315
2515 16384 14829 58 12546 8272 5403 295 4831 14013 660 3103 6210 10726 10693 19969 13853 2968 18314 7912 17283 11254 7971 9554 16326 19742
9418 462 4349 14982 7476 431 11378 8156 19133 17087 4023 12365 2396 2927 13259 5431 3944 12991 12610 10648 12473 17543 3261 10691 12762 7882
1659 17162 9190 18600 4314 17223 10227 217 7344 9973 2925 12499 8750 5636 989 6654 1194 6016 19683 2273 4490 14964 5575 2083 15961 15183
14025 8455 13016 4620 1514 12489 12399 5813 10911 2254 14396 14035 877 10297 13473 12590 13175 1540 4626 902 2737 19066 18294 3492 6355 8716
16251 16153 15212 5481 10079 14238 7755 10573 711 7809 15445 12918 14942 16089 14157 6559 2244 5189 12509 16801 15893 6151 3801 13865 4933 10967
1193 18769 17581 8989 1062 15386 9970 16711 6465 3492 6924 16677 7413 9665 4951 10322 18150 10807 9053 3976 12376 5323 3047 4144 11651 10709
13795 1274 18264 17139 17105 6693 2199 15409 18003 678 12818 13319 8918 7007 14976 13850 10773 2193 18423 19947 15987 12256 19836 10706 5085 7893
5203 10025 9790 18591 7553 17333 5412 1171 3773 10055 7447 1208 9406 19333 4326 10013 640 17869 13347 19981 4352 7996 6052 941 17203 2923
1317 6475 11093 12763 12814 14641 16999 13693 5316 17718 12799 19078 5599 15659 15210 6206 15669 16933 1942 13394 13318 4557 606 9493 13304 14490
11896 16265 5581 2912 12002 4740 7082 17519 10906 7002 14156 655 1398 10041 11814 12439 18293 15335 13558 11272 17908 4714 19054 6819 12823 11196
8709 15943 11768 17128 18884 18779 10252 3849 13619 4083 17413 17627 4543 1636 2936 8798 11609 15675 19575 16534 2584 694 10781 9267 9943 7646
16131 9344 8869 410 6099 4457 17486 10590 4158 4367 2569 9014 9866 5118 6527 6927 11752 6843 10759 12659 13316 7813 15006 3139 3884 14497
14120 10920 1925 2319 14680 10978 4271 202 17133 9556 7056 4677 1976 8726 17767 6562 7331 15213 10108 376 1085 5931 10109 10409 6311 5434
18014 6379 9665 10210 4253 18245 4546 6980 5265 16482 6365 11048 1449 11277 4215 3879 8331 19685 15597 12746 6014 16212 7284 18723 17686 8783
11587 7864 5639 13016 7179 15274 3940 6214 2115 14473 4046 1512 7148 2389 17596 3687 9527 8748 3638 1719 12136 5956 4186 3633 14206 10949
6854 14190 6757 5670 12347 19933 12491 18842 12066 19490 10501 3600 13540 6887 6070 18449 9899 7576 1653 17203 18679 7903 18594 12332 8415 5000
16249 6246 10334 1295 18559 18446 17843 5662 3287 16578 19388 19828 6195 2491 14054 7278 6788 16494 1069 9409 7362 120 11071 1315 1750 11215
252 11413 169 4364 14720 19931 14798 13215 10964 1599 12853 14911 14636 14890 7682 9097 15163 13119 467 10702 6936 12 19571 18120 15007 12009
4845 7346 2037 1356 4736 5900 3990 10246 2995 5513 15955 19195 16528 17990 8271 7767 10017 12797 13022 9909 13924 16914 13016 13302 8595 18228
10755 7898 401 3381 900 2555 10108 9963 597 5951 12170 7537 9727 13276 4109 11736 17943 2130 2641 9574 10871 423 4365 14400 1717 2862
15445 19859 14485 248 11613 7258 13480 8781 7198 304 7982 16934 14872 2887 9314 11034 19980 14371 9877 6507 12569 4674 3844 9877 6934 6441
8362 15779 1669 14035 18964 17161 5972 7290 10853 1144 9194 12907 9339 747 2391 14702 18335 16569 13349 1289 6988 4572 1399 7408 15167 8779
5902 13825 8845 17294 6726 17818 677 18146 14900 5741 1416 6914 13659 15175 2558 8920 17922 3112 9199 11706 724 6980 10108 10612 11992 15368
9321 3591 128 10731 8850 6280 17489 1286 14069 9545 14484 14512 10592 13834 11692 15076 22 10784 12599 18885 9878 10945 18289 14050 17152 16897
16543 18099 18097 3829 477 5304 9633 2762 19164 7003 7632 2562 16993 4377 11596 8786 8679 16748 16559 9152 16500 19834 7992 13743 12427 11369
7371 11149 6310 2268 15444 4819 9919 15573 11519 10623 16967 16316 1021 5553 1671 6747 18069 4909 19273 17864 11768 1920 10978 9047 16487 10948
7300 11660 1641 15548 208 16664 12756 10062 13463 1882 2899 16457 18789 14282 6080 8445 18612 10974 1959 11054 19634 9640 706 16547 4187 2697
19285 85 17548 17800 2966 9732 1495 19458 14456 9739 17590 5161 19446 3616 11055 16048 10267 6423 978 12823 12600 19146 11214 8518 340 12557
7092 1987 10860 5889 7957 18291 12377 10901 7641 7966 14237 16486 5670 1219 3334 14083 2905 13490 17652 19700 4643 7055 48 660 7028 18279
18495 3822 9614 18042 16305 6638 6393 16567 8612 7600 19740 8491 6768 16948 4780 18929 15843 1022 14264 17660 13832 6356 8540 10867 12563 18440
16318 8718 10438 15900 7908 19407 9921 12280 13544 12158 2863 19217 14312 7622 18686 12121 4521 15641 13533 17163 12237 16835 4666 9601 12867 11913
54 577 14034 15257 15480 15836 2817 2155 9039 6040 1140 17174 5386 13744 9753 6633 14208 1525 18580 7495 15280 4867 15310 17482 14627 5008
19606 2971 12883 4781 270 9784 5207 8961 5350 6658 19128 7357 19499 14102 2334 15623 18125 10492 5253 6705 13364 16017 9315 10412 17417 6774
13611 19055 11275 14801 17989 2732 1516 13688 5680 1939 2925 571 15712 19492 19824 7102 17431 7410 8314 4599 6425 10774 9229 15219 12336 4741
9921 1051 637 11735 16365 3242 13553 15669 4782 17708 11 15117 11979 11245 14439 8281 13784 11184 19656 8748 18886 19790 12584 4973 14995 7033
3414 3454 4299 5425 13900 226 8505 16359 6991 13 3475 2505 18408 7783 5849 10614 4950 14275 12247 12841 4289 6356 17513 686 1285 10108
1982 16510 6860 13395 11172 4132 19720 104 18642 19359 9645 15812 19498 14944 10460 11100 394 4244 11418 15991 4711 11792 14685 1913 18703 8369
17681 6378 3243 1393 11588 5540 940 11686 15850 11752 12373 14904 1021 6886 8793 10490 16546 12679 5254 7040 17072 9742 2913 14371 12211 5202
5896 17241 1480 15163 18608 7701 12140 4365 11796 15977 7178 13069 14237 18137 19895 1693 852 17432 1898 9259 12217 11829 2190 10885 4479 17735
15830 16741 11116 17735 17784 14084 3126 16961 5109 5544 1373 12404 12094 1267 17781 10933 15590 5664 14737 13822 8463 1306 19819 17420 6950 15582
1095 10313 14592 7519 12805 4646 13208 7472 1881 11261 13968 4301 5294 14532 14322 18814 17268 3717 7782 12147 19434 8873 4914 12131 4480 18944
7123 7486 13107 7247 1442 4020 2651 1468 17301 10806 12819 17333 11187 7334 14631 17003 3198 14061 4501 11602 16819 15345 7963 19786 8076 10424
1023 9486 13135 17095 14173 630 15905 1311 4311 13169 19717 3376 14847 14037 4385 18756 13603 16548 8559 4332 5367 7192 9132 4594 18064 3352
19726 1623 8043 489 16612 7492 12810 19652 10519 9615 19956 8987 14171 16720 8380 12249 13829 12216 15912 17062 18841 14046 5877 14768 19820 8714
19704 9631 710 17957 1419 4917 2381 16460 6882 7266 5635 3892 3930 8111 13105 7931 19670 17156 8703 19697 11887 7491 2742 19672 15372 10524
4148 12268 14453 7867 16398 14886 6649 9412 16687 14353 15196 3197 16251 8457 7829 19514 10868 15296 18351 14851 12755 11972 2225 14561 8077 19423
7212 4515 13446 6999 13518 8993 3045 5283 10551 10820 11799 6558 16954 6002 17798 6629 9799 15847 3289 9924 14133 1224 6678 16924 9 9627
3404 10704 6763 9188 6156 5945 16553 16131 19852 15185 18943 29 18724 1048 1303 14738 16933 1726 18448 16832 8817 14181 14155 18480 7227 14632
716 14055 571 5307 3578 6658 7421 6159 770 8223 3610 13525 13437 4936 17959 9589 12577 10341 2639 18626 5428 4853 16574 4412 15643 10366
1863 6594 5507 8776 134 15424 733 8232 6504 19925 7966 15681 308 6718 18448 6642 10784 9461 4068 15193 11164 16956 8569 12347 12587 5567
16493 2504 15332 11127 852 17186 5862 19364 10497 4971 18464 17085 19568 11530 7242 14692 1710 19598 14282 8107 13020 19563 781 4271 7630 15346
6226 15359 696 2665 4032 6253 4477 17988 8388 2577 15701 19439 1848 399 9136 5188 2149 14340 2600 11175 11991 4975 14691 3196 17041 8536
13971 475 6856 1057 13155 10639 6319 9973 17828 13441 18312 7134 16943 267 11728 12250 14167 12709 6667 12927 11285 2920 3164 11139 323 11201
9462 12876 4827 5828 16723 7194 5153 6262 8478 7932 9723 1976 12467 12600 19980 19929 631 15091 1439 7530 9918 14901 17131 19613 6145 13960
19803 11685 904 2199 15522 1024 4120 5278 3302 16186 5883 12601 8621 7707 12201 1201 15784 9359 2895 17166 18984 1775 6889 12789 1099 7603
16228 3047 19184 5706 9444 14356 15157 7061 19115 12582 8524 4320 4296 12675 13088 12672 10099 19853 17683 17865 16660 8254 3635 7261 15713 13957
4421 10706 862 7097 13960 9192 8119 15924 16273 11754 8432 11172 14597 17325 12784 14655 3062 57 18524 9256 12771 13299 15155 3910 2168 1903
10821 2317 18761 4223 3970 11007 1987 12872 19854 2819 17938 15408 19602 5292 6429 3242 17687 11460 13027 8354 17236 7783 15621 7862 13629 11350
19126 8157 3186 8236 17329 11427 2096 16162 17434 12094 6491 17868 2301 17196 2414 15781 7947 17099 3186 18893 808 5722 19994 11722 1063 19514
7318 3042 671 5132 17104 7862 6127 6422 6342 7916 9849 2626 15701 14646 14846 6249 10300 15358 9660 17970 677 9521 5078 14536 7210 5202
4942 6839 10716 5218 19848 4582 2165 10979 8539 10226 5932 3190 9294 9667 15480 1361 10686 2889 15220 4682 18523 7438 1803 11709 1057 19344
6564 14626 15637 8007 1665 3874 15346 369 925 17064 7458 19810 15575 14513 7309 519 5637 18887 18885 19785 405 8879 9802 11614 10182 13464
1253 17252 2029 19733 9347 18469 1841 14746 6524 12939 2619 1549 18035 14248 10446 8560 2711 12869 7301 940 16006 8284 19240 18810 8984 11264
3965 8479 11604 16293 14148 18374 17310 3608 16156 7798 15449 19445 2263 15176 4529 14652 3237 14444 6035 18380 5117 3577 12564 2932 10236 9945
4780 11937 12772 13501 13168 16589 2538 11569 15178 5544 7774 14356 18678 100 12913 3318 2011 8507 3046 5688 10161 10639 345 2904 12866 10028
8210 12711 2888 13667 9631 10059 5279 16366 19715 2544 16444 19897 12474 14933 16573 18166 10375 12288 16000 15031 12390 5079 12412 1333 16143 3628
14670 1832 11165 7125 1253 962 16236 9005 19712 9128 3526 18448 4934 15396 9823 617 13440 7887 18750 5387 9532 19878 7934 14866 17497 14327
4203 1472 13885 15045 19616 16361 6848 14296 3529 12794 9044 4264 7413 17202 17847 2153 5354 18311 15667 18000 47 12582 17998 3537 2263 6685
18791 1118 6983 10311 5349 6897 13549 12105 6432 317 10912 18158 6413 15628 16121 2249 2108 704 3885 5213 7555 5616 9444 6356 2139 353
4303 7346 18432 16809 1409 5515 6489 5151 12097 7805 8654 11103 7748 3106 14482 12251 11264 6948 2373 4259 3809 11885 8118 9899 8424 16927
5909 11863 309 17049 3662 19828 14424 9137 11075 5014 6088 18946 6531 10011 4147 18122 12770 15004 14126 11809 2665 271 2467 17503 12565 5316
6547 6127 10547 8954 6437 10080 15459 3352 19520 18988 14522 10835 10234 17666 14369 14454 5982 11541 8865 10174 12263 4420 8400 15610 444 4874
10595 5478 14864 14460 8171 8124 2894 3191 14174 19070 17230 15227 18290 6891 3479 14237 4384 1245 16789 14579 10446 761 14436 17444 5359 15023
15741 9254 2660 14412 626 11042 9450 8343 13862 13887 17150 10573 16568 17254 8411 16699 1949 7062 13138 7982 13639 6630 8014 19161 7521 5800
659 11730 5464 13855 7576 18764 14564 9478 569 14034 9780 10898 19379 8571 16939 335 7255 14092 16390 15825 13059 15516 9815 6576 11639 16748
15683 10557 7021 8280 12251 13995 13081 590 6753 3938 16541 7012 181 3674 5071 13055 1003 18500 12442 6983 5404 6424 3065 11539 7705 12816
6112 3861 9421 7117 13667 18024 16349 15664 3374 1950 7590 18449 19035 795 4451 1292 5457 5474 17942 17198 6808 15526 2413 2913 10060 12958
1687 256 1249 9103 2613 17920 7068 5043 3899 5651 19878 14193 8273 13985 3867 15349 6725 2787 3075 3676 1159 10208 15944 14817 6581 15271
6639 12770 9709 18928 4253 2802 10980 17991 1178 6321 3023 17436 5806 15057 14119 11406 6408 12783 12438 16169 2087 10294 14919 14395 19743 6676
15392 447 2921 12562 13455 19288 6061 3762 7690 5615 2052 5319 2712 10253 10768 15535 1346 10950 8889 344 13848 8953 6682 17500 13787 17426
12455 18558 2885 11040 2432 18452 2742 1146 18420 10433 19406 907 15800 10509 16715 6064 16371 10097 10350 1393 12155 2115 598 106 18699 16948
8435 15210 2577 8139 16214 15473 1738 10484 1038 3129 6449 12979 16907 9338 13323 6854 6923 9926 5443 16960 19724 5411 17070 16889 8045 14217
14201 2333 17010 2580 9745 13703 10020 7008 6568 19205 16478 14127 3256 12375 16677 9300 6650 5811 11045 15433 1790 7057 13337 10714 545 6745
7822 16476 4970 10136 2523 14726 11956 15076 9373 4118 17316 3355 12856 13790 7992 3769 9411 15613 9286 4567 2494 8565 631 9532 3565 19411
10957 17555 15727 4398 19052 2641 7914 4155 18976 3408 5671 17069 11139 15359 7150 15940 586 16121 12339 11476 14769 13023 4383 4231 15661 1206
7408 12542 14873 16126 10154 4663 143 13467 1131 19716 19867 6187 7696 14442 9742 15964 9667 4351 9793 6934 13964 16017 12135 11595 13433 4864
16151 12499 7517 11257 2856 17375 13677 15024 9514 9664 10116 8972 13574 5902 10890 6181 12375 16338 12311 3908 12434 2470 2518 6235 12801 18184
15111 16631 5345 14120 8647 6226 17511 18759 12295 19618 17076 8429 7372 2384 1220 2339 17850 6866 9912 1898 7961 10076 13749 7081 19324 1934
18874 16706 4026 74 13797 9292 1680 7472 8893 846 16522 1379 16117 12046 1531 1195 19136 10740 15411 798 13011 10745 4036 399 9722 8367
4241 14701 6316 18686 695 3679 14140 6704 864 13365 11481 8766 3969 18909 18400 9150 10941 7936 13786 6777 11110 15904 4637 11746 18760 478
16475 17946 5855 15394 10197 17220 3640 8399 8172 16341 10716 1245 15451 14168 198 7775 14707 2538 6011 2340 16238 3683 17992 7232 10909 18378
18602 19560 1818 16922 5512 9841 5428 5391 7283 13288 10956 957 8601 2913 6190 4056 3456 10191 709 15310 18921 14435 3068 17934 17706 8279
7164 15483 1833 8462 17864 15668 9376 10627 8081 11976 19149 17532 15868 3287 702 8304 13075 5422 16888 6454 10518 14982 10741 2701 8858 1627
3308 17174 8464 2168 45 16186 7279 8304 6745 14393 15315 11122 6769 19819 16051 17447 1962 17740 14965 2026 16287 8502 10479 3531 17077 14307
5540 18685 18548 13516 17864 1803 475 13335 13292 1695 16328 10780 431 18152 9762 9114 7551 15216 8940 4603 12810 671 9156 9889 4434 11397
3055 11805 4924 9010 13323 464 8611 13629 14762 16260 5139 4950 16083 7165 4048 2333 7106 2241 19446 11868 16390 4154 19944 2260 9162 14293
15463 5017 18081 6258 7230 13574 18346 1250 8078 4673 3569 1311 11752 11488 18587 6014 17547 10157 3876 6577 14331 12579 11227 10853 7669 7279
4493 6476 8747 5030 19912 18177 10749 1810 6166 8635 16094 10086 4891 8178 6747 17405 7798 7879 13261 2305 2918 1087 10263 12147 664 17290
15269 16439 14386 1897 9056 2734 16100 8463 13229 10370 10781 1932 281 16421 11540 13135 12863 8399 2188 9276 4779 14576 4147 4792 189 18197
6770 3580 7063 5108 8710 1156 2846 5316 3411 9987 15917 14549 924 5776 4697 2583 19200 16987 933 19155 6929 5554 8317 2825 9500 7576
16159 18817 18356 19986 11995 4131 19874 9747 2994 14113 14456 17185 11720 3491 18633 4913 3923 18314 5006 16066 10931 5037 16963 4033 13043 14708
18405 9295 2470 18175 7509 6848 4498 15399 17436 157 15777 3320 9883 14487 13125 6653 13116 272 8353 1733 2158 13039 19486 993 16323 4202
15741 19654 7637 7383 18450 15182 15932 2908 14352 17495 8221 18659 11691 5981 671 764 6864 1447 14076 18531 8211 18373 12558 1039 17147 17854
3006 5351 4546 5453 5766 2766 4610 6237 11756 1294 11787 7799 11824 17112 16316 2958 17573 6185 9309 19130 10910 2754 13278 12987 12449 7304
11476 11766 11831 18171 16753 7164 19384 17419 16548 195 5120 3294 14964 13997 15106 9553 14541 115 6949 934 6453 2256 13424 4367 4926 9201
11691 7067 13185 17802 18365 9927 2953 8621 14544 8025 1684 9730 7466 8584 9393 1978 11920 7474 9743 634 10717 18747 16820 4887 13750 5064
6835 13230 7029 19757 2991 15845 7093 18669 10512 17597 9617 1452 7619 10329 8720 10443 2878 13013 11180 12667 11549 12369 15425 4092 8425 13384
9157 5744 14873 5981 14145 5175 11384 14403 10949 14485 18026 3293 8560 2199 15849 3464 6473 15927 276 10614 11073 3362 4046 3288 7448 18456
16889 8950 19898 17221 2151 1519 12400 17616 293 18505 679 15505 8706 778 1125 5938 3060 11463 3144 1 1918 11593 5238 13812 10800 2003
16965 9587 619 12037 19658 18103 15943 9773 7085 3608 4041 2918 11364 19608 1243 16076 4502 4591 17841 7877 11949 13431 7216 1057 13943 10763
6782 2403 19945 6343 16029 8 6174 11897 16696 19808 17932 649 10303 10289 2204 21 7261 13564 1246 8137 6067 14434 17256 6689 1107 3087
11211 14009 17573 6654 15343 5923 7210 663 11364 17502 13402 9398 12439 16833 18747 2579 9681 13431 1522 18534 546 1066 15570 14873 7660 3517
12846 2433 2921 3120 12578 1067 13152 18197 8450 19481 11006 5691 15364 9337 3186 18877 18218 783 14403 300 14339 9761 15612 6245 16771 1268
13422 13389 16300 1904 2055 7791 15046 1024 3017 4878 17246 16189 9591 2472 14571 9595 17674 5878 3863 16123 11866 6215 11085 4033 13826 15325
2795 13879 1086 4730 19866 2857 5135 18771 8000 10593 16284 16903 15643 16999 463 10331 15490 18665 18990 2322 1243 17037 16908 7920 19033 10172
7589 8666 7207 10979 1013 14576 13013 11775 10445 5777 18367 19579 3112 10194 4916 17731 3281 10501 15489 11607 8677 15724 16149 5454 16432 16963
15828 1609 13875 18331 12271 6938 4719 4117 13659 8168 3471 11168 14692 6601 15469 19873 9052 18046 13999 8423 15274 2957 5445 741 17389 11092
14582 7719 7707 19088 7905 2671 17766 7679 5374 5526 13082 11481 5517 5140 10408 10575 15143 11804 840 13697 13996 9177 8234 17274 17877 5100
18104 12937 575 9065 15565 118 9944 17401 10138 3879 19542 3938 12288 10262 3636 5794 882 18062 9051 8663 8830 3426 8902 16134 18369 9268
18086 3989 9018 19069 19580 2974 5767 9922 14595 18814 2909 19080 3452 6386 19534 12460 7761 3273 17372 4727 6562 4079 5430 15966 3422 18591
13120 18239 19029 14347 5629 16681 14568 6416 18567 9328 16117 13698 14149 5203 14955 17963 16103 11824 12818 9136 14909 15361 19814 10825 17847 6006
6489 616 14569 5182 522 12031 7497 10791 17152 933 12054 14638 12019 16055 6465 4761 14196 5308 8283 8157 14206 12985 4277 8042 503 17582
18821 16212 9912 16910 11566 8895 3720 4104 11030 971 16413 8180 19634 8636 13307 17004 13830 15441 17829 12204 16720 4164 17453 4055 7498 1123
7153 7181 5600 18067 12697 1978 6032 7855 11945 19185 14366 722 16892 16892 6109 11090 6975 2725 3464 13162 1149 10382 4833 4238 1233 2431
17434 14833 8176 10756 11097 1576 8967 14190 16053 12363 4933 9918 13916 530 6966 16631 10340 9947 19754 10031 12750 12797 15231 4910 9370 17935
8425 12836 16456 19990 7312 5774 11933 9827 10609 4304 14720 13969 13321 5835 13024 15982 8585 3675 14775 2448 7226 10353 5728 2807 16877 8893
17705 17072 3209 14705 14561 1698 6169 11976 5815 11640 7406 17746 18724 1046 14384 5762 7381 8562 2693 4944 7802 16070 17012 13461 1428 17693
2147 5115 18602 3102 9272 18139 3465 15812 202 10180 18969 12939 6720 8593 12612 16888 16109 11954 11356 15100 14579 4912 15589 11116 5559 2714
11318 11967 9062 2622 2190 8121 8141 14604 9220 14243 15216 1573 8881 4628 9223 4679 7913 11163 17829 10070 13697 6897 2258 11684 7186 5737
3527 18601 8856 2864 13126 16904 8282 13706 2533 18112 7504 15781 784 7506 9362 12994 9969 6250 1908 656 15893 7681 19460 12547 15837 15468
13896 8996 19470 3640 7674 10119 6733 2485 1214 13081 18552 11280 19406 2868 13371 7519 4633 16303 14318 10515 15102 16355 16566 2731 8237 10967
11160 12452 16831 9470 17219 2970 7392 17960 4793 18901 17710 3444 12603 14525 17894 11621 153 14207 15976 2314 10069 1552 12505 551 4388 10068
19045 12000 17175 10856 14147 11284 7954 7675 11205 2048 349 6014 4012 691 4011 18749 10902 15628 6164 5981 3492 11701 16200 7243 15867 12009
6431 1510 9358 9 954 19594 4193 5317 17646 15243 16402 14528 11133 14152 5561 5610 18667 4318 6561 4143 3053 5124 12649 6587 8340 18990
7470 18695 18142 14900 18434 7786 15311 11765 1608 471 14339 16800 7893 19355 19464 15268 17770 10282 12478 5806 1401 19880 19253 15142 9077 19372
11312 6392 17247 4619 4812 13763 1236 18121 8914 14080 5397 9227 3099 2129 12200 15424 9001 2297 17042 13667 2069 1879 18437 4410 3166 5965
12929 2651 14548 18341 4269 7190 660 7100 6277 12840 2782 16281 8445 7806 13465 8884 4565 6342 9511 18504 16475 8732 16701 9581 17822 6313
4626 19748 1859 1410 7586 15461 12153 2245 8402 10178 16188 14577 15404 11319 630 13823 16545 6138 18273 1625 5021 10859 18419 15862 3006 11576
7052 1287 2343 4761 7215 1316 6868 10654 8725 12092 8043 5484 3895 16807 14649 9831 12346 6163 6304 31 19910 17251 1756 14295 19220 10538
17013 15673 1023 3096 14207 11494 16055 12335 4116 19968 18630 19610 2000 19743 5345 2302 17124 8461 4640 606 736 9440 11366 16971 10212 8700
19991 14152 19398 1307 19662 8831 2047 10182 3649 407 11034 14384 15718 5933 11902 501 12122 1078 16967 13778 16192 3797 2491 9893 484 10235
17961 15147 8596 16781 3815 12603 14073 14931 15861 13219 965 2456 7154 2286 18242 18957 731 16144 2711 17170 6323 15904 10825 7992 2216 18586
6344 17387 7015 0 2469 17211 859 13026 12978 11659 9719 9685 10079 9549 8837 15913 10186 12437 12023 6373 18075 4709 11816 9894 366 7229
4392 8655 7949 18677 6753 18666 9975 16016 9551 2557 14345 3646 7448 1591 6526 13879 6670 19166 16983 13615 19779 8942 9075 7939 13285 8991
7433 16665 9523 702 8368 4556 12118 13403 16617 15967 11952 9900 4818 13029 11945 10958 16678 13497 1372 89 13427 184 1286 10276 6316 7361
10260 4082 15720 6046 2002 11431 17560 14942 8010 5099 12196 1140 2213 18157 16368 12066 2075 13475 11787 9316 8241 6699 6031 14491 7561 1852
