365
17 70 7 34 98 87 10 41 58 32 85 23 8 100 46 64 69 0 59 29 92 3 35 40 24 1
12991 6063 9930 13462 3436 8102 5608 8748 14583 12299 10786 10539 1466 18009 7408 3351 11591 4290 17546 12389 6173 4072 10703 10515 12888 12468
5909 11110 15903 4702 14517 13854 19332 15661 10682 4063 14925 6483 6671 18330 18601 18321 1601 15192 9020 3433 14210 14636 12097 3566 5044 14665
12512 15676 8447 13001 12354 10945 7084 6991 18010 4082 15934 6981 15550 9402 4624 12355 6910 14503 227 14818 14006 15490 19547 9533 19857 11772
13255 17709 10177 19936 7314 2319 19155 8418 2254 4527 15996 8216 3464 2257 10713 5524 12699 16229 10849 4046 4616 13756 14487 16973 19367 13408
10519 13166 9557 3793 16481 2594 1056 6526 3448 8704 2259 15836 10229 12326 18873 10382 58 14999 16552 11134 4789 3646 1844 12345 15191 986
11625 221 916 17924 13932 17183 12020 444 4856 8994 17334 4845 16445 15317 1315 15736 2679 17374 18239 15959 19373 11262 8786 13003 13858 15618
19729 16323 13323 10940 17932 13786 7862 3691 6701 2056 14254 17592 15384 12432 19534 13935 13905 6691 18198 4643 19403 635 6532 15222 7224 3795
19074 1125 12098 12867 19591 9975 19420 12926 19176 2871 14211 12730 13712 14471 9470 1256 4450 6426 14146 17227 2610 950 11306 7822 9737 4580
19649 440 8699 5150 6969 11258 11094 5614 4209 16416 9586 8870 4543 5811 9238 17992 9937 12494 17414 10575 8035 1077 3999 2974 5933 1596
6108 7401 8554 7127 7969 19048 17629 18749 16193 12618 19747 2573 240 9136 10875 3802 10369 1685 4915 2851 9536 6275 3499 12407 18858 4535
5144 17552 3854 9454 19439 12307 2280 19530 9947 13243 13808 19300 3196 2263 17914 4045 13606 8470 8914 2218 2407 19476 16862 6490 4992 10083
4381 17554 14354 2052 18326 1320 8929 10539 8732 11170 19816 17773 7802 14039 3517 9252 8664 18567 13875 8530 15985 5322 4998 14230 18116 14595
180 10101 7129 8609 555 12619 9408 5711 14145 3413 12781 4058 17851 3733 3328 313 19312 8511 16760 5259 7000 19145 18938 8285 11780 18632
14673 19973 9212 13387 11234 16291 18515 13105 6408 280 6095 1192 15963 13588 8392 16552 19182 11407 5528 1365 2088 8039 12370 458 18132 10651
3152 6104 8543 13840 8869 8131 10650 17476 19872 7171 9834 17357 12297 14767 5672 19996 13306 1538 1559 11271 1588 16982 13658 19342 9896 18410
14079 6276 14541 4057 11439 17584 11895 15660 9367 10420 5746 5149 18664 5806 5029 4758 13656 4342 2291 11752 9109 4300 17950 17314 14972 15016
2718 6380 4284 9509 16761 18429 4601 4097 17994 9300 59 10491 8273 5618 6731 2217 8398 11468 7440 16896 10707 9475 5750 13936 16473 16002
11642 14961 18449 2259 10631 17102 7677 6710 18240 4203 5914 8505 17027 16527 17887 14606 16757 4654 3851 15428 465 2644 13875 7810 3137 10044
15823 8213 13083 11593 19678 10969 10904 1633 3968 17623 4763 3707 17340 4421 2525 601 15564 19427 244 14047 15850 8165 8878 320 2774 10610
7930 8593 13750 1395 3939 5394 9879 13707 16375 19507 17398 16346 9932 7864 15729 6353 7695 8171 7216 11141 19085 10763 19800 15430 15364 3697
1982 13741 6419 811 1000 2122 8443 15405 13392 8326 8223 44 13437 9022 10962 10066 16542 13707 11389 6591 10303 17735 3155 6594 13595 13937
1562 6033 9192 6495 12095 17551 1704 12196 10305 18365 5991 12349 9181 12580 5261 18101 8950 6946 11238 1737 669 10610 14470 7958 11928 2503
12962 14114 19458 13027 18424 9114 16190 5479 1231 8691 9471 7219 12292 2474 15405 10394 14383 10499 17802 13078 767 1076 148 1903 7946 19659
7376 17481 16533 7099 19880 2073 3951 2134 11562 3005 15283 12881 3255 19828 7889 3649 7048 1141 3166 7905 18892 7999 17382 4204 15181 17204
4890 17687 7595 14241 351 12896 6649 17531 15776 4484 5161 19236 12738 17272 16720 16503 17753 7115 11877 10260 16039 9582 1625 3904 18336 6075
13073 2354 6692 15354 5290 18729 7089 7248 18577 8562 19061 739 15555 15493 19311 7241 7664 14138 7309 19959 8340 13542 843 10713 4747 2340
9087 2306 6226 1652 13877 6534 5592 15243 6382 4404 10914 4559 6534 6796 10589 13255 8758 15637 13100 6088 17996 10689 2316 17222 13786 3133
29 16952 1666 9818 9151 14776 18554 16826 19032 11973 11683 3206 576 3185 12500 4986 3539 2952 10411 2302 2167 15846 3062 6512 8023 3293
19370 12963 12681 4537 15466 954 4605 1545 5127 12639 11859 14031 6603 12161 17849 7999 6143 4468 5456 15033 11773 17439 8792 13704 16193 12284
12162 5501 6710 10300 13720 16306 18721 4530 1721 17634 2474 10641 2997 4794 1642 18315 11684 14625 3799 3744 18389 2842 4562 4201 15352 8015
19984 2945 12041 8158 7057 3773 3912 12192 19236 13928 18620 12613 203 4575 9623 16160 1943 7559 3093 13635 13490 15034 6920 5428 6349 9904
15667 11497 4022 3563 18672 8895 4230 6470 19791 11901 19802 17439 16146 5250 12280 10185 17289 722 18765 14921 19416 12916 12075 16995 4805 13611
16991 15448 9355 18351 11015 16178 3181 8568 2820 16434 9678 4490 11447 19014 1721 16210 6698 2397 11107 6432 15985 43 13849 19530 18813 11885
11419 7135 17239 14528 295 11699 19026 16445 6086 14111 17464 4969 13078 19249 15565 9023 17374 5541 1432 7021 15272 8322 19 1495 2053 8016
13558 10453 14689 19888 15680 9100 11257 18215 15982 13269 17456 7620 12816 6011 10375 8624 8606 13041 12361 2941 18707 13987 8557 6848 16681 17056
17008 6565 4187 10509 17225 16282 14222 11710 15528 8203 15442 4680 11966 5798 11344 15383 15730 9065 12570 4775 3905 16198 19496 13935 10228 14761
13562 8900 9177 10702 7774 6889 8776 10868 12897 8931 19517 12100 7337 741 7264 18221 609 17063 4842 17861 2107 5887 16301 13798 8495 14806
10738 19169 3752 9623 196 15730 6255 4115 18165 42 5490 14839 3536 5713 1985 2535 7538 7002 2949 6254 15425 14333 4697 4174 9898 13908
10308 7431 10175 10659 14995 14309 15605 14534 2848 1416 8758 16747 5716 1262 3562 8692 6722 16852 14961 19727 4835 16198 5458 1325 18337 2938
9640 1523 4768 3029 11540 9118 19115 7847 10801 6246 6344 8250 10408 12774 6316 11719 18339 8076 10061 15699 2372 18213 197 9067 18252 3417
11901 17375 7078 16480 12259 9294 2534 43 16844 8775 13859 8621 10658 13034 3440 889 10300 6031 16997 17606 10913 14708 16449 11085 13814 3630
11818 11067 3948 1321 14586 14073 13168 5407 3568 3087 12572 10731 8401 7170 4038 3906 5982 17592 2070 12266 3929 4195 11266 13164 18041 16583
3565 4180 17376 8838 5284 9638 4279 11739 8765 11688 17005 12657 12760 2516 5048 1712 9559 12391 4189 1001 4781 7169 742 5659 4468 19099
17891 18817 3531 12682 17489 7194 8376 11364 1184 14117 5675 6617 5122 3248 6636 15828 298 12728 4356 8434 3665 7688 14715 16390 13566 16698
812 16392 19145 8502 3782 3530 1293 15622 19873 11318 14882 15546 5061 11714 9885 9505 18477 4945 16880 5865 16718 2574 8897 1484 5151 3903
6657 14101 9199 2075 7520 17552 7085 18009 11362 19545 4669 9738 16363 10178 16983 5475 18129 11117 15303 16676 5868 10952 19674 8487 12262 8862
11525 6119 19010 9858 3980 19583 17884 10159 10131 3491 18374 810 18322 3566 3992 916 15059 10137 12940 12090 7291 15540 17526 761 15359 2300
18035 5742 16049 965 13830 11062 3047 13649 12490 4606 390 12175 10466 1833 14579 19248 245 11119 10776 19560 7313 19054 19820 4836 12174 16651
169 3250 16878 4150 4130 356 7041 8069 3593 18270 19263 4492 9793 15857 1958 10813 279 9576 7972 4900 15746 16419 16070 16435 7302 15486
11999 17772 4165 6440 6815 3472 5467 17246 7165 3108 13095 9040 11630 641 18708 16153 14128 3084 15863 5453 14394 9683 17792 11189 11213 10213
6899 8241 12167 11094 6526 9416 12007 167 19392 19107 2961 16364 7528 2155 13839 1783 2259 12491 2415 17875 9186 13559 255 10490 5448 7614
2345 2539 14367 17148 6506 11270 7624 11202 18774 15171 1684 14586 14925 14194 19071 11796 6000 4225 15300 11944 305 17488 18267 17133 6767 5881
18286 12341 13823 13217 11569 16459 18587 6320 10311 1134 10200 12259 5545 1447 13992 12413 9084 5285 2591 34 9376 15459 17390 9110 3266 5991
14813 35 11208 13494 16610 3743 157 5326 17610 1242 705 11622 4846 5773 460 18916 9054 340 19434 7604 2545 5203 4996 10841 7836 14854
684 17782 14415 18165 3112 7995 3869 2438 11271 18754 14146 11728 3063 9726 3702 5793 7719 13756 3649 7686 5051 1275 16270 7914 17686 5379
18169 10996 610 18020 4351 13774 42 18910 5197 14425 9046 13649 6828 13613 17996 7129 17671 19522 18777 6534 16204 11046 7672 879 17676 4596
1430 12512 6587 13876 11828 9166 11947 11193 7725 7625 19347 5091 8034 15871 9257 14275 17705 19329 2720 18145 12147 1757 9795 10594 5488 14856
6840 12604 17690 283 4105 16664 4447 16622 6871 18445 17281 11163 7175 14520 89 6253 8899 5030 660 8619 14678 386 1846 3652 17572 1633
15166 710 2268 16688 15271 13924 2521 14441 956 13039 8620 625 5712 10371 14442 9584 13921 19542 4987 560 1410 17694 13387 8941 15168 3880
15568 94 15544 16865 7776 3433 11441 7913 16313 8915 6197 1377 11274 7829 8524 7445 12536 11460 7096 18011 2370 9207 17307 13197 13579 93
16811 8823 13436 590 12094 17278 8512 10992 13249 4419 11634 5203 13691 13224 4072 2802 2975 9389 10540 18397 17281 2219 18647 1583 17518 5724
11138 9463 8764 7949 7387 15158 4163 2536 13733 14052 10927 8220 10509 2668 5013 4694 3631 8956 15576 16303 8678 14334 19156 2582 19299 8491
1026 2640 8815 12044 7222 17009 15826 6866 1167 10306 634 5053 8428 4695 9220 12922 17499 18360 5522 8252 1758 12297 12594 4711 15899 15018
9756 15417 75 3725 16672 10089 8220 19235 12794 2641 19846 11590 15950 15998 15712 9347 8476 1703 9977 16002 14720 9238 7401 2888 4195 8933
12207 1947 18628 13342 15491 1307 15532 11779 12983 19020 15542 12530 4104 394 18726 10495 4640 6448 8291 15297 1352 1105 5709 17898 5442 5499
8474 10506 10689 11620 1603 18688 3534 3749 7721 512 18207 19072 177 11030 16527 5154 18701 3653 4750 12477 10656 17299 15731 12915 7156 9763
11276 18148 18744 19067 9228 16193 4742 13815 4386 1789 19423 16054 9467 8010 11484 1661 3771 6675 8987 12382 10478 15066 6537 18924 16220 1241
5998 18464 4501 14632 14374 7792 16772 17468 5114 6498 15090 16144 5051 6403 6322 16714 7890 8431 11704 19110 3208 3978 5040 17421 5371 3340
5472 19067 15946 12750 1656 2627 19601 9422 12782 7916 11510 454 17922 17462 18572 2090 7328 11262 9719 13827 8881 11554 14806 4224 16907 19528
13008 4632 11210 10245 2230 5334 8475 12503 12716 9237 2126 6703 4530 10980 167 12288 9719 9773 17395 2200 9175 2981 6663 245 3528 10868
426 6575 13915 12440 8741 18841 9369 10843 12964 3912 19975 8732 6955 888 9919 9517 10592 18138 4888 15730 17518 18904 10826 16336 15981 8357
13747 10620 18583 14963 7954 17724 8645 16944 11204 16104 745 410 6050 9265 10952 13204 6019 13622 9874 10127 10649 18325 2670 14948 10084 10919
14385 11990 11602 10902 4766 11564 3140 11275 1979 18167 1480 17867 16115 18353 9397 7857 13327 15919 6493 9832 14961 1839 1981 13880 9986 7352
8404 91 16784 13147 1080 8462 19183 7338 13205 5485 1143 1542 11072 7597 18481 13111 14318 4381 12188 10535 1726 12605 5505 14782 11351 4222
18725 18863 13725 3815 16925 19565 7603 1312 14598 4441 15389 5913 2983 10365 9708 4593 13881 14988 4113 11890 1269 16210 1879 3593 6001 9021
6185 18429 18200 7979 17717 12250 12665 16275 16693 6257 2853 18140 4468 19292 10551 2002 4104 13774 19759 3211 11936 17917 5740 18753 11492 11732
18153 5923 8368 6367 3910 7693 19126 9833 4716 8725 14093 5644 4145 2676 16350 8799 10658 4449 18830 11882 5238 8902 12022 4874 12475 16716
17525 9515 19606 13278 3562 1273 1855 7456 5480 6075 16175 19766 19490 17643 10100 1360 11380 9853 13359 1038 8368 7942 10095 1714 3024 2690
1436 17437 19969 4123 16197 13384 2193 5267 12817 8677 18076 8380 18838 5079 8457 18229 3425 8661 43 19723 106 2283 2298 5511 9988 9306
10819 2565 12922 9817 12322 3985 17278 12286 7061 15028 17029 5027 8679 9937 18872 15211 10848 19172 14812 16688 18263 6060 4867 2424 14398 13401
2650 15916 7131 7306 3817 7004 3991 15357 11505 12498 14318 15300 2482 271 1682 12326 5447 3990 10179 18963 18255 11784 11027 2675 14649 5069
11947 11996 15782 7417 6847 8961 18992 2430 11549 19369 7390 9405 17477 1069 8265 2674 2074 2719 8063 14490 14410 16781 485 12524 9087 17480
14968 6205 4638 18644 8085 8206 1441 170 16523 390 1137 19086 18094 18619 8295 3654 7959 10953 3436 6221 6899 15116 145 10142 1089 19314
10811 1746 9253 8835 19974 12135 12150 2490 1030 11613 1355 12179 3380 6719 5055 8703 353 2209 13844 1307 1674 12085 10307 2223 11123 8651
10530 13842 14650 5564 17104 1010 5492 6300 9346 7947 17842 8165 16969 17883 14003 19613 16419 5167 4155 7663 5205 10464 678 17321 11332 14478
17694 9819 11489 8078 17310 8310 19331 5112 2304 13993 5967 14516 5614 6483 16841 9386 3051 13633 10751 9392 9500 521 9771 16699 12565 14461
518 19440 8299 19967 6650 6481 9082 8303 14171 5799 6814 15637 18441 12892 3844 14939 8679 17087 305 11121 11654 10721 3590 13422 3574 6198
8580 6152 15496 466 8483 302 2506 17562 14650 2729 19886 18244 148 5348 1194 2698 17373 8025 347 3798 17745 2238 13326 1624 2420 10704
6469 11249 15650 6485 2941 18591 11683 710 9310 14824 10574 672 11335 6656 14059 2743 1737 12457 11321 1437 12485 1979 17660 3741 14618 4728
1411 17199 19558 11397 16920 10525 10263 4888 3887 19379 16368 7751 336 15741 16119 7810 11680 10001 5880 15506 17615 10592 2323 15812 1595 1178
10440 19820 9342 7384 19717 6013 4646 12567 5854 17595 18814 1817 14295 14929 2878 8780 4926 734 6980 730 15067 16321 3296 7148 11449 11174
5648 4743 700 13747 17365 5691 13861 15694 10364 4654 13381 15216 7399 5961 4115 9716 1668 15537 223 17704 14618 17069 5224 17554 19746 19140
6663 10468 1718 13774 12633 7652 519 5358 18159 17770 17251 5809 7304 15655 448 4918 15701 7174 16516 2664 7217 1471 15951 5068 4900 4114
19437 4808 2045 11120 8657 11468 18369 19664 7778 11317 16364 19832 18983 9270 8700 7625 16497 5614 6190 7860 15111 18461 9818 227 10270 5733
19024 17287 17315 17453 1812 595 12157 12799 19997 19216 14673 2355 13303 14634 15457 12963 13329 16800 19890 7764 197 16319 11144 12487 8319 17226
10374 6018 10708 8851 16987 3905 18055 16777 19385 17703 5082 4257 12015 18589 10376 19623 6501 12143 5611 11140 17708 6243 3085 3326 1361 8174
10226 5576 15501 16044 3919 18836 7317 2315 8926 9090 9518 13678 16374 570 17368 8542 1018 17018 6482 15675 15834 16456 2027 6189 1266 13620
16037 1792 18465 3428 600 18470 10361 17883 12121 16012 7252 17003 14213 14514 11711 16666 227 332 7265 19005 11786 5210 16556 12611 16617 5849
14930 15011 16742 12602 4425 11621 19434 18271 15397 16640 14880 5936 2359 535 18817 19040 5734 3192 11298 10386 6424 2151 2597 7078 13746 14832
5991 1451 14918 13171 3143 17297 328 13855 14540 10122 10731 9777 3390 11269 18956 15911 16317 14685 18261 1804 1041 11079 1541 10501 14538 14866
628 16330 4076 9057 6830 446 18557 2960 3942 18042 9622 2012 1286 942 17854 11306 11787 9463 10648 19832 7872 3654 10573 7516 17639 2996
4793 10216 13096 12310 9085 426 8789 13912 10883 3914 18555 2174 8995 4073 19426 5139 4102 5192 3939 2521 1233 13658 18904 6747 4356 10300
14029 13623 11501 6998 1460 4924 1015 11057 12657 360 18710 12354 12975 4777 18350 11390 9334 9720 4296 4388 14364 8467 2553 13237 14703 7240
10133 8459 18564 11583 16653 620 11766 4315 10832 10556 13448 14981 15300 18638 6887 11010 13707 13287 8093 9121 4547 2110 18596 12487 11126 4402
8137 17500 1829 9837 16320 144 16589 15997 11602 1273 4369 4679 5848 6252 13278 19905 2390 18978 6826 19664 6731 5931 18913 3903 2960 13978
15096 8815 10441 15413 181 13588 14634 15845 8336 4287 19022 16193 12325 8506 3822 14773 16673 2460 12540 5532 10417 1625 18980 1638 5574 5104
5480 15674 781 10466 10728 4776 850 2204 5649 141 16526 15414 10404 12745 19415 17697 4665 5062 2602 1059 16267 12107 2017 11385 8165 5677
9745 1458 18572 13062 10199 18121 3120 4331 13526 10348 10823 6495 12598 4210 19690 7554 11041 13840 5895 3629 15772 4359 16951 6762 10988 19779
19321 18206 16663 16084 13790 16475 19179 2874 233 7458 4085 146 13402 133 10521 1508 12894 17409 8939 10910 3991 1201 16618 18898 4248 6049
9489 17632 19794 8828 13555 11516 14285 1470 10521 13032 2660 14027 6455 12551 4986 3998 491 785 9180 16242 2344 11500 18248 18117 13033 7695
7486 2384 13935 9212 10980 6236 4825 16705 11326 10621 13250 19134 18493 5668 8605 8688 14594 16491 3171 17498 2750 2467 10630 16380 3917 10496
12804 17266 16993 8508 8569 19522 8070 12948 12824 8254 530 11595 14755 9385 14985 12678 15272 2702 15889 2451 18860 8838 15056 1827 4895 2825
779 13540 10992 18679 8350 19164 133 5215 13109 2190 1419 8092 1716 5240 4716 5069 8894 1553 12079 2314 7833 13192 3558 18530 7416 11471
1103 4152 19097 11736 3206 17939 18362 15277 14481 16931 17043 9361 12244 8753 6747 9657 19425 6517 18538 2800 1874 9257 2361 11197 19246 13998
8618 35 19804 16402 17615 18087 17942 14409 4781 7495 10060 17744 12030 18297 13532 6119 18815 16593 17255 3130 1967 3498 14915 18195 5115 972
17282 8500 2459 5419 19828 8541 17257 10348 2125 14652 17004 14070 5436 13380 5007 19717 16531 11022 6899 1978 12368 18773 5425 14106 10366 14644
26 3232 16542 7886 3898 8700 14451 13791 8582 15529 10304 6963 6976 11229 11514 15644 17009 16970 14042 13111 11802 12874 6408 8952 8198 17946
9808 2590 2099 8969 6910 18806 9827 13246 12387 9435 8761 3517 11380 4623 16084 6256 4094 1545 19817 6300 12544 9472 8047 4827 7587 8950
12968 1103 12434 14422 11644 18356 8483 10176 14949 17367 15101 16030 13615 3423 6967 1943 2174 11741 15208 10250 4913 10238 19338 6571 13433 9187
8520 13101 8726 4195 15044 19030 1826 15403 18313 14739 2075 6749 14409 3345 373 6344 4669 17744 6581 9962 8610 10929 17161 15597 9569 5182
4743 18054 8777 4999 3746 15823 13905 16147 13948 11011 18102 9073 6604 5595 14872 1982 6968 17544 12753 9900 7441 2016 10521 12427 5224 7345
12550 10426 1314 10111 4746 8512 8616 19201 19847 7812 8849 1193 3327 4313 1905 19168 17751 18456 17158 12835 12710 17747 6308 14148 2084 16426
1924 17411 3364 12976 9674 2721 14145 347 19723 2768 8066 12000 5546 5967 19200 14297 13784 5032 7614 3884 12427 620 2593 8659 93 15268
15441 16879 3978 16625 13239 3816 4440 14305 10177 15083 6792 3104 14874 7130 19855 326 2632 15350 10135 18841 17002 9519 6820 7100 6958 15776
8553 19824 4028 7043 16443 14482 18280 8972 12839 14176 4078 10006 5422 13485 6808 13357 1654 2430 5662 14341 7011 9879 11147 5842 1797 16683
11889 16394 12941 14120 4263 3996 5510 11459 13358 11777 6498 5300 16986 18602 10954 17969 447 9619 19001 13986 8022 3210 5364 17194 123 6442
8714 16633 15780 9366 5977 13717 5805 5892 15541 7860 17538 16478 16106 12435 2513 9248 2030 8267 7174 18244 14376 10780 5296 8032 16609 12315
4129 4681 10017 14085 9907 3340 18384 7204 6370 1596 14938 10606 10394 16529 18859 5055 9462 8781 15727 1330 11351 18975 5911 5294 13082 1100
14349 18473 8257 11518 8395 6531 13008 18987 16820 51 8990 5126 16219 16586 19187 1103 11869 12184 6873 11308 1484 10188 13212 8981 7459 7395
17305 15150 8926 17744 16032 6841 17027 11222 15361 10812 8584 2824 4029 12901 7695 16883 6678 9999 13345 9000 5010 19928 4868 15495 14620 10276
8608 15343 5852 9709 15154 4889 18435 11632 13129 4147 7367 8743 18525 9436 3172 11523 19963 9225 10836 13667 7060 3689 1540 8788 7642 10135
6387 16809 12530 1401 15966 18720 10893 12422 8010 8679 4740 16342 15182 183 13564 2791 18559 2241 3271 3488 192 14912 5050 9868 9430 15001
11708 1620 19093 12281 8722 5183 16681 13069 5331 17333 5170 4995 5777 5284 6138 14820 12496 17653 8885 8321 8583 9095 19407 15965 12707 17006
7314 4329 13504 7196 5528 11808 18606 13510 723 7304 4891 13124 6308 14361 9692 14167 6911 12798 11965 17907 7652 17620 18905 15310 8965 16475
13814 19421 9235 15062 2587 8492 11761 6315 5786 2961 13734 9898 909 10382 2699 19043 4541 1556 11856 9155 5526 8404 6925 18519 5372 16442
19732 15103 1063 13543 557 4667 15747 8220 9931 7139 7796 14692 1635 12145 15001 8248 15164 6229 1968 12872 18111 8641 11226 11950 1751 762
12643 2446 9682 12248 2571 8593 508 12506 1709 17673 13721 5167 16472 12474 9329 13535 16807 16712 13995 7446 14101 6962 882 618 16203 9474
6902 9571 19184 234 17882 5242 4290 10766 10810 2748 2077 18515 11852 13607 9691 3600 18230 14457 7822 18123 950 13672 12232 14276 11973 14547
7646 17513 2178 9911 853 11006 6093 4511 13344 3262 344 8464 4930 9832 6125 5077 4574 7693 13156 13151 18677 11213 15005 10669 13742 12437
13760 9070 7880 3906 1959 953 1081 16902 2154 19272 10472 5381 17776 17467 12129 410 9803 3790 8301 19513 2855 18581 14830 2212 14075 1714
10437 2488 4969 15060 2626 1568 11206 7465 12975 1487 11054 7816 12571 1773 958 5837 13216 4193 2505 13237 8596 906 15952 16133 18112 14140
17756 9606 981 9306 1208 17188 4701 15737 16059 8616 2966 5815 12477 6330 6265 18849 3908 5134 12588 6457 14146 16602 12465 10796 12000 2878
6120 19820 18585 4986 8294 3021 3270 4102 14785 10044 8091 9748 16920 13546 323 12443 19197 4274 4991 14146 10333 10442 13032 6061 5433 11141
18227 10030 17459 3758 15041 8897 3338 8434 671 12928 19509 7418 10499 6705 10348 5372 18016 11404 17920 3835 8901 1836 15498 19258 17785 6384
12174 11874 8172 13096 17156 4042 8179 5945 4655 14051 907 4281 4987 22 13248 14806 781 13918 8607 15806 18812 14982 13012 4310 3847 7498
8653 16320 551 474 19211 13231 5842 7227 16124 4065 18212 5318 1981 7806 4175 1443 9787 5037 18340 14365 9818 14178 7578 11120 3328 14494
1445 3565 17566 17733 9373 1066 14042 16302 8668 2932 12059 8597 8735 547 11469 3150 19097 4948 16939 11307 11518 8202 6348 19847 504 12997
5626 4229 13222 11251 15336 1953 11670 669 14945 9528 7485 8064 3833 17186 2371 13628 9253 3790 8955 12188 19274 13411 15562 15219 9662 17652
15923 15173 9273 19774 3525 1064 3080 14427 2107 1594 19015 12731 12177 7767 6149 1170 4111 3089 5367 8504 3217 11755 6731 9768 11871 13156
101 973 9879 15561 19791 9251 94 10697 19702 9489 18314 10425 959 3399 16207 2339 19274 4606 6642 13132 9109 11602 6624 2948 17449 5217
10869 14657 18725 15482 10739 1806 3406 16248 19342 8011 3198 2654 7896 8685 19958 6007 4441 18249 8989 7785 12669 14988 18755 15928 4177 13602
18807 8228 6073 12698 2168 3604 6275 8242 17422 1029 16167 3562 4893 11477 9855 7626 7250 10806 16201 734 18025 12077 8628 16088 10322 10242
7899 9809 6570 6582 8455 2701 7684 10005 834 17351 13880 924 7137 19203 4481 260 14822 8127 18915 9413 3671 1303 8388 102 16360 19153
13448 7093 1307 1733 13726 4175 7004 857 3706 10386 8900 11045 12370 12575 1358 12734 16822 7255 5480 6355 19321 1093 19443 10567 18325 13122
4691 10546 4413 6186 13672 6507 14198 12862 2049 7447 18139 15835 8799 12838 18908 5903 6762 13398 17456 180 6030 18446 10579 7425 18209 1716
12494 4224 15490 19834 17567 17045 8620 5180 13580 5504 15632 14061 2773 7560 15865 14148 6489 4496 12314 6246 588 13151 5038 5076 15505 12400
2745 19052 11476 14858 13204 1359 11919 3614 7183 3813 16700 4143 18980 11018 838 19848 9016 19608 18573 15016 12148 16679 7309 9733 9703 17300
14905 5382 17057 17486 17271 15050 16959 14489 13717 14027 12255 9677 9209 8376 8045 7584 1267 12381 3840 18744 3962 6986 6901 10513 8738 18818
5384 141 2314 17083 6524 9820 12564 4569 19491 12585 19193 8671 6349 7241 16856 17080 7453 18574 16342 15265 13394 8216 18953 8057 1498 9735
16869 17009 13419 7534 3902 6550 3350 17042 19741 5786 16101 4418 2599 11209 1995 8177 15385 9571 14798 14525 3177 3484 6243 2295 9524 9479
14295 4145 17359 19434 8702 5567 15470 10772 9903 15046 1736 9220 13006 6339 15699 15233 17063 8325 1913 812 14861 6671 5387 13196 7073 8259
19768 5766 13398 15674 4327 14121 2354 12064 7523 8928 8817 18618 14301 13785 19165 9141 1336 4006 616 8624 13912 9846 15158 19670 7332 644
17448 13173 13015 5101 19260 10255 3030 10632 2042 4821 3887 10487 4455 12153 9349 15840 12971 11377 4646 12424 4214 5208 9895 12997 15744 17249
18251 16649 3824 2468 477 16827 16954 4231 9047 28 12415 12535 18509 4884 15514 18093 12673 19091 9137 1191 18489 10612 12273 13859 11573 16475
7827 19272 10197 14073 10559 14017 9851 17051 5310 18105 1686 12293 10003 8429 11394 14484 3217 14496 19775 18875 19415 4715 8332 16840 5473 16725
17969 15156 5226 4096 4054 621 19831 8113 19734 6480 3925 16116 6515 16477 11666 8504 16380 18298 13581 6163 17414 19331 14739 7960 11529 3626
5210 12792 5175 15994 13833 10097 9122 19776 2717 5901 15368 19717 14248 12231 3967 11318 14158 3725 14343 494 11886 6825 14527 137 4824 12613
7056 18619 3379 11514 10077 11052 6472 10219 19666 14530 3967 5012 1683 8580 18071 13184 7813 6559 1886 10439 17948 13657 16325 7976 1434 13846
5202 108 18371 16899 19682 841 10956 17731 19799 9768 3889 8668 9526 5727 14210 8333 15275 7255 3171 18463 16857 499 5894 11554 7940 15734
15008 12418 1767 7541 1234 5943 4783 17937 18455 12123 5283 2094 19404 12586 18313 12764 1827 2227 12054 19895 1423 130 16983 14017 15755 5488
2856 17027 11775 13756 2168 3163 17556 18545 3664 3547 303 6211 12481 19981 7515 17417 7573 14194 15396 2632 2753 14593 2721 5923 4607 13356
19525 8772 1627 207 10929 19355 1001 3639 10132 696 1069 15913 15343 14657 12787 4263 8295 14441 4935 4178 11045 5120 1032 512 140 4740
11842 18794 11010 10615 15060 6058 3247 13023 16860 3904 4579 17798 17698 7881 4086 16241 2581 9588 13362 14845 16377 14377 19107 10241 1279 5141
9869 7861 6696 18964 15692 3803 11117 1720 17821 4017 12814 10869 17956 14473 11018 15092 14830 4374 13108 19423 2624 2236 11907 14657 1124 14541
608 10283 5146 16804 8746 218 6064 2977 6055 937 13673 1830 2987 14905 14643 9516 8154 14811 2711 6058 14880 18208 8211 19320 8632 521
702 752 3212 11210 18588 2238 14847 10120 94 18198 9696 5488 19019 4099 3448 10576 12004 6431 19414 3984 16711 4797 4104 19039 4033 9919
8207 8601 16018 1350 19489 7325 9695 277 14286 12155 3733 14334 17870 14104 11551 2106 13370 15547 2922 8322 2988 11485 39 18839 11520 9228
9367 8230 15668 9037 8610 2342 19364 18002 12817 17864 10784 14780 15758 16266 2807 1538 15425 5589 2908 18591 12817 18983 5788 9941 17697 9607
5230 11676 4506 13946 11824 804 11796 10987 5333 17665 11988 6566 2781 6079 18513 18125 6940 8876 10177 2359 11809 10089 15125 11555 1069 14840
11306 19481 13604 3583 10799 7509 2364 8783 1668 2744 3197 6790 7013 275 16901 4045 16282 19303 6576 8729 18260 7512 8058 19646 4670 1390
16062 15937 1493 16527 438 3267 9922 7485 8627 6080 18083 2580 1125 1919 6062 7489 678 2751 12857 3348 4893 2837 13879 7161 1784 9046
12482 9692 2109 2726 17297 5460 19596 8678 18600 10920 15238 5600 11865 7023 574 1599 9926 11711 4261 14259 17027 11594 3242 15303 18996 13795
9799 5291 9816 6873 12006 14403 11700 665 9028 16409 2226 3983 10166 16879 11992 2080 18948 16548 17914 10058 1181 12027 19538 16261 3882 2820
14997 19936 11763 1683 12487 11120 3322 10665 935 2017 7075 7970 1766 8940 466 767 12072 18203 14139 19446 18345 11645 12317 10896 16387 4177
5299 13256 9720 3923 4044 19993 8265 1195 3433 7061 19957 16578 15499 8795 13682 5413 540 6389 14577 14862 5907 7002 17905 14172 11862 837
4189 2411 17173 16848 4411 758 4091 9069 18823 210 14607 11714 17558 6447 11325 16664 10391 4316 469 12684 3287 14414 9696 19620 19678 12857
7424 15300 12298 6222 15056 18761 6746 9806 19355 17193 3553 7300 15246 12399 14766 6839 11062 685 13373 5246 17204 7407 4846 2291 18697 7799
16696 16601 2632 14930 7104 1644 12902 17590 13811 17052 6477 4424 15850 2445 19836 14198 5302 556 9473 11300 7277 5929 1685 11249 13193 14688
5564 11672 15988 7284 7748 14362 12962 10267 4678 4895 1276 12006 13532 9678 4690 13778 2870 10938 1465 9767 4694 2231 830 12662 11888 18603
18070 18776 9432 13492 17103 12053 3014 2694 9060 9730 4362 15760 10000 6546 3091 19889 16071 16929 15296 8797 14238 13000 11325 487 4509 19790
14405 14199 2557 9135 6377 10885 9839 13159 8538 9532 4073 12309 8584 14875 6903 17573 14920 11290 10028 3129 10699 10199 16923 15022 19394 2317
11029 1345 17936 11040 15222 160 17423 2807 9745 8831 150 19397 2679 11484 11953 11699 14482 8414 16398 987 18398 12668 10714 10425 4968 3790
2146 5231 8527 9828 14985 7483 823 19944 11882 17181 9755 19885 11908 3179 17011 5736 14117 4221 15818 8571 4230 10510 18844 13571 12775 9461
6722 12666 4521 1792 14119 19915 2464 18211 14037 4974 2106 11074 1087 5142 6275 17175 2854 13103 7368 13268 5456 14574 6311 10522 8468 18774
6789 14229 871 2259 19689 13719 11083 1230 17404 9656 3114 2864 2948 9909 2163 7997 10669 528 4028 5513 15303 2069 6150 7460 1677 4872
2072 17020 18365 2794 7162 1915 13299 3855 13485 1121 7895 4668 8780 5690 11447 5797 16067 3266 9529 17559 11073 13400 12034 14341 15653 8479
17132 13141 2693 8997 4106 17258 1076 13651 17005 3005 2261 15644 17811 8895 873 11935 18958 3641 1369 4380 9420 11120 3713 14749 12848 5357
11153 9618 12753 231 9576 6895 14608 7629 10711 17205 6006 972 618 8577 9071 12093 1271 11942 2463 6382 16310 17143 14124 2618 3217 18921
5699 6877 11497 14443 14471 4665 17315 4542 8189 3691 11740 11054 8858 6944 16792 2932 5077 15264 2040 11012 18372 19000 3830 16592 9670 15892
550 319 4860 7376 9282 1575 5132 13546 11070 674 1317 3163 6644 6228 11088 8863 12607 7869 2024 16480 19635 16903 10494 2924 11383 14958
13032 811 1676 6040 6309 19308 19503 8450 8752 7312 1466 2212 12353 18644 10900 6205 1824 11736 16309 17605 12638 18698 2586 5961 14109 15892
8153 15478 12984 13960 9276 18040 17825 17520 7171 1261 166 8519 11719 11960 16320 8170 244 1394 585 10706 412 11530 15788 7028 434 12586
10139 13547 14086 8305 8789 5077 7175 2691 4660 19293 11472 19063 2529 3651 19871 11224 2024 19540 10426 8958 2708 10534 9295 12380 4449 6401
19080 7344 387 14006 15199 9479 5705 6024 10052 6572 9435 18460 4352 11999 1806 3919 18209 14426 365 522 17614 1920 3083 16832 3783 19520
19851 7068 13477 17463 19129 3545 12977 13846 6995 18987 3688 10442 13230 4067 9115 9392 3202 7346 12890 1461 4985 13770 16819 10251 8630 9126
9479 18112 12293 10899 3490 11706 17376 12461 11806 14683 8193 15144 3000 10833 16516 10643 13718 2263 4788 12845 8539 3621 398 3946 13151 11948
19594 13969 6159 891 19274 9589 5883 6681 12410 10615 15153 4758 9425 3789 520 16118 13362 15748 4749 19752 4806 87 13504 9032 14673 4971
16576 15630 7190 6962 15606 16056 14022 13022 10333 14279 5523 19229 14664 19024 18871 17146 11260 3441 11356 17124 6189 2599 14728 11275 16924 16467
11652 16313 5163 12222 13228 6186 10550 9732 7020 5610 6324 11415 1275 8829 9892 9919 19555 14360 6053 16747 19711 14464 14317 347 16587 589
4585 14088 9982 15934 1871 6873 14545 7617 129 12773 838 10598 11228 7015 10774 17973 12219 6988 14154 15953 15793 10909 2059 3528 8750 9133
6883 15973 18740 1803 11886 17466 9275 16743 17998 11415 19735 16267 217 4540 6380 9261 4854 10111 11147 19775 2905 8107 2158 11555 14990 18732
850 14002 10505 11484 14138 11421 13622 17234 15429 2088 3434 15966 16576 12767 2902 17964 5096 14659 18126 5253 10411 12568 13746 19138 16743 8360
7705 2548 11895 2963 2108 3439 6712 9233 17948 6163 12136 614 2797 1038 18901 5369 7056 11550 7987 1281 4220 8852 18097 10730 12501 4744
2377 9977 5608 9507 19877 10361 10875 18635 19185 6891 2900 16096 5944 14876 12866 10035 15361 5512 7834 4574 415 8235 4801 19477 9894 1176
3276 13325 6069 13978 10196 12336 2478 1381 17599 19104 14687 673 4431 19740 8083 16076 7322 13171 5971 17593 10739 13822 11183 17725 668 4740
17234 2316 4 7014 18069 10835 3046 3553 11970 11781 18919 19582 13751 14627 17928 1832 3098 2064 5725 183 16961 17070 2012 14350 7478 4667
9954 1023 7537 7822 575 3853 1876 6938 17349 10123 2496 12494 5665 6304 14510 2402 8264 15284 7022 15913 19767 5863 10646 6818 3941 9798
14009 7102 6320 14175 185 3133 15091 12120 7909 10182 4663 7063 1981 10409 12405 19614 9332 1795 10542 6961 14064 139 4482 4622 5410 5477
11537 673 8724 3627 8188 3428 13006 13350 2874 18306 8668 8952 12751 11525 3369 3207 17694 6520 11671 16351 11490 6205 19780 13470 118 7265
6811 592 5048 5727 12578 775 2455 19837 10201 16572 11224 14947 15478 11987 11220 6883 17616 14495 9419 12549 12245 7376 71 851 14407 16503
18820 1332 2040 16701 9386 13287 7667 15358 3495 1480 14873 11525 1036 13145 11896 14004 2344 15334 1663 14903 6517 13843 8238 1565 3993 5307
16884 9109 4598 5653 836 15826 3862 6008 9659 17680 14332 17132 6558 4670 17333 9598 4601 598 18655 11356 3364 16615 13089 9537 3364 4085
2109 13788 3838 8512 8133 15054 18082 9702 14367 14199 15427 9204 15734 8666 9643 19451 18878 6857 1832 6683 10577 16493 13223 14433 8036 11758
15604 18425 4306 5271 369 10859 13504 13346 15007 18070 5412 18112 6541 13105 15300 4572 8039 17392 10769 15251 487 4174 18949 4100 15513 13017
12007 3642 13805 18160 6701 4069 18342 1638 10675 2889 11649 17044 10485 18343 13807 19282 17836 6093 10042 11383 16073 3604 7885 1271 5213 16683
13266 14895 16736 15329 12134 14032 5819 9721 35 18931 889 16527 9478 2118 2563 17405 2306 8835 6517 528 1084 7458 7301 9783 9709 11205
15258 14358 512 4356 18582 4338 13723 1447 12385 11396 5745 3972 13505 5110 9699 11618 18599 6827 16583 18479 7705 3515 7899 8856 507 8748
14458 13182 7919 15568 13539 4381 5728 18406 12128 9013 13049 297 19936 4805 14550 5862 5705 16667 13438 11732 19485 17455 16367 18762 18220 14908
7585 11129 13067 13641 19851 3377 11005 17133 484 16223 18158 12074 10325 2283 12358 1322 13013 15014 12638 2954 18862 347 10707 9906 729 15062
161 692 17041 6673 3593 5785 9996 17254 9515 14092 715 14980 12726 5972 10624 14114 16877 15036 3570 18895 11321 16216 13319 17858 4553 10771
16249 14896 14520 17053 1088 13151 4391 12560 18846 7569 13416 18803 6544 15826 2673 12372 6010 8380 2238 8115 13933 4567 11015 2390 4533 17676
9466 18331 12018 15420 11048 173 7638 14088 10222 871 1790 14920 10501 3085 17709 13500 6588 7752 8740 19620 2027 4671 19413 2227 4065 3056
3500 14712 9305 17760 13798 14516 12393 3105 5580 2465 5769 5269 10593 13466 5080 19524 2744 16587 12408 9607 9829 10121 5297 12714 8592 9751
6617 8652 10 15047 19853 8183 1059 9931 1450 9486 13936 11182 2108 14822 18172 115 3955 10273 3362 5744 12083 15224 4398 16927 4898 14581
6448 5066 12666 3154 12221 6473 6694 14391 6307 7239 9989 11764 15364 9540 1546 5796 16485 10978 7665 15481 5062 804 5988 10915 16890 14983
9074 17397 11231 11641 993 36 13809 3204 15021 15993 3721 19712 4401 4625 9452 8269 5012 18837 6670 8039 12370 2124 9092 1495 9287 15103
6920 12395 10818 2268 4658 11403 15528 1610 4188 2008 8639 4705 17481 11264 12595 17580 8120 7495 1879 8241 16278 12907 14366 9237 16075 3784
12872 10910 7758 5421 11450 11927 1150 12092 3212 18311 4877 1926 19042 2033 16320 10332 19544 6377 13922 6394 18580 7826 16605 6827 15342 5794
469 4396 13991 8899 13444 9736 2918 14817 17631 4294 12461 2711 2638 2974 11762 6481 6674 15550 11462 6748 16372 5204 16475 9413 3017 13953
12358 12022 11693 9588 19624 15671 12424 3518 18392 18060 1599 13472 11833 14499 18438 7058 19855 13841 3690 12326 2021 12393 4281 16830 16519 9292
6832 10856 682 10648 19033 1560 17660 15646 8011 6813 9046 19235 9628 3924 3683 18787 9882 12231 14336 14946 16522 8215 1932 3127 10012 19663
237 17866 5285 7630 4242 2190 15086 7640 7330 12062 15024 10929 17049 2844 11750 11196 18453 2965 2076 7510 9052 9855 6219 1644 17431 9577
2087 18889 11469 19643 9959 953 9013 19471 4713 3835 18940 13489 11580 8090 5478 7593 19897 19351 11711 11171 18966 1650 6733 11460 5428 10954
1179 6500 5428 9637 18589 11052 10525 11633 17744 13489 6571 2599 11296 7119 17916 4740 13847 1571 15786 216 6545 3614 12011 4688 12223 16607
11803 3355 10340 4353 661 10006 8281 19555 305 7995 6227 5733 5392 368 12638 13894 15384 5376 940 316 6774 15547 12071 18119 18054 7689
6597 12450 9292 11710 13202 10692 13755 7497 10521 12951 6602 1577 11818 3362 11577 6292 16441 8371 13423 19349 2784 13437 18844 16922 14133 8931
18281 4010 13106 9333 4015 13055 1196 3185 8376 18302 13601 1628 8711 13793 8271 9874 2397 12029 7722 7110 6990 423 6226 11734 549 14904
5673 3579 12790 1079 14519 9807 5044 9466 5022 14079 14936 12369 11539 19410 4314 8717 13268 13554 14586 9111 18607 5304 1298 1240 16864 4381
18084 3780 12440 105 18017 15625 535 583 13366 12441 15217 11750 3879 2070 16877 3200 15312 11813 18927 14403 11056 12807 533 16367 17585 10153
313 10908 2928 6124 13716 15969 17325 18542 16736 10037 13562 3437 19107 8676 12506 7168 14659 13062 11409 13028 10434 6147 12755 13197 770 11327
14627 11384 7360 16814 3118 16107 3810 5699 2371 17378 14680 11216 6983 19239 1976 10254 5722 2071 3228 9425 17100 10609 11612 4668 6784 17663
14990 10157 11494 7276 6868 17824 15676 8368 362 6640 11840 17795 12357 8883 16616 13619 8703 11003 1595 2123 11850 9979 1095 3371 7619 31
8171 5378 2722 19569 10170 1381 4298 13071 2206 1024 1250 3286 6983 18620 9584 15547 17169 15047 1464 11006 7883 193 19779 18239 3415 8740
14351 12810 5600 18478 12580 17851 16364 185 2617 18889 11531 3935 9922 14092 17585 11523 8218 688 741 7657 6450 5664 3034 15902 6247 18962
5510 50 18267 877 6426 19839 4623 688 13786 14841 14303 19524 19267 8254 17755 2074 5199 14551 4565 16271 13632 18061 14036 2430 59 6240
14102 13514 8873 2002 13707 12842 11170 6128 16022 10503 12798 14205 7611 11234 11910 13830 9712 10011 12992 11170 11413 7556 7007 16457 17660 14565
16523 993 13154 8555 18508 968 5919 15034 2607 15462 910 19801 15754 3687 15195 4118 13547 15549 8961 3788 10038 3025 4851 4077 5757 4698
3730 8463 16516 11753 5873 12972 16638 4086 19900 16217 7958 2280 12821 2351 11018 5579 13708 2953 8648 19679 2000 11932 6958 19979 6165 6384
1279 8922 16045 10117 15343 7144 6668 17186 11312 11019 7207 15880 8179 9049 8517 11516 3848 18194 11239 11726 5164 2119 15556 14390 19108 9857
5792 19441 18535 3834 16723 14334 15507 14669 14167 16782 9893 14866 12020 14705 14759 14680 1897 14560 2042 19817 2522 3830 9314 5993 12435 12280
6724 12625 6323 8597 11802 15312 11968 3156 15055 16743 826 8292 1170 2461 12776 12376 433 18259 7571 4893 8279 6879 4001 7464 682 13605
19040 2755 1929 9045 8449 790 3207 11443 12469 5030 17636 1547 11235 14748 13377 2914 12031 6423 7871 18150 17163 17854 9758 2258 13152 11721
5185 976 1804 11575 3463 2675 15307 15689 14923 2595 4381 229 2919 12112 16115 9808 10157 2224 18617 6585 16370 5945 6653 16145 13737 4963
17971 9861 18231 16660 3483 9850 7762 3694 18804 7305 4297 15457 19414 9037 9773 11052 217 943 12764 19340 12949 13312 17220 12804 5825 16879
10558 2830 11334 931 13984 15948 3899 18021 16746 10048 3140 8658 3287 1374 11651 16631 5852 16830 11302 12186 988 2041 8650 4834 11771 6006
9280 8323 16262 7655 1841 870 18035 2139 12829 11648 4782 11349 7274 12945 8919 8138 19768 4036 6988 7566 3319 3333 17799 19307 10709 2822
8582 16830 2457 9968 6455 11581 19101 4054 2590 10805 13378 16913 464 19535 19573 134 16234 5416 14157 17076 5442 18989 3086 10913 4914 14568
18556 16761 9239 19194 8407 19940 4055 1854 1272 16782 19757 16884 19372 8098 8576 8090 10540 6537 13433 4520 12798 13511 5014 2389 9354 5469
16757 14688 19511 4141 13141 13276 14385 18367 13167 5545 10913 13204 1945 2268 15249 13674 10240 12226 11137 18200 11261 19377 559 15472 19014 5747
12494 366 11464 2984 14053 45 19460 6804 3668 16227 9777 14589 7539 11910 11063 3106 4163 463 6752 11945 3245 6338 8564 122 4283 7919
18880 10328 13041 14917 510 7194 3258 6988 19259 7420 19945 82 8102 18777 3280 4840 2126 4519 19553 14662 13752 2915 14011 10390 7035 19834
11306 12403 5042 351 6267 10517 17890 17004 15184 10717 6102 2430 11250 12716 14538 1049 19954 336 1283 7677 6816 12386 5499 6997 16827 5108
10920 15614 12421 5563 6017 18527 8051 14229 3273 3303 4076 19222 16289 12476 15678 11212 2406 13141 12462 15022 19730 3216 1040 12648 11960 6808
2024 13458 8696 7668 8744 16060 15931 7921 12975 9553 10156 9642 1945 18224 1593 5211 10808 12414 5116 9561 3038 16432 15345 12218 12167 5323
207 3015 3494 18008 1726 7109 6431 6777 16201 18375 18821 6260 18168 4098 16213 1146 16354 14109 18570 18581 9170 7492 10124 2747 4931 12623
15917 13445 15979 14666 8985 5717 6533 9214 13010 8481 12343 19181 11807 14984 14535 12224 16070 14726 18470 11356 11291 236 14019 15452 11011 7211
2394 17818 8892 12631 1358 10747 17718 7258 11439 14304 19690 2403 586 10482 14565 16253 7501 2013 4112 13672 555 18454 3866 18747 17066 10444
2057 5981 2220 19423 7509 224 4376 17190 8520 5586 16712 9034 18754 3193 2270 18645 17942 17895 11209 1881 10401 4467 10264 6855 16728 19023
3610 14850 10567 11598 6168 5277 12630 15175 17724 17799 717 17067 6736 12066 5536 19450 7173 16027 14380 14543 4223 13297 7416 4675 18081 17923
14683 10228 1718 16536 1676 18360 4822 5786 3648 10217 2494 7005 13121 18047 10520 5170 15183 7970 7757 14681 19801 10440 19218 19837 12456 5991
2293 2450 13814 1238 12464 19515 16402 12208 16580 6587 18108 7299 13070 9844 15711 8788 8824 2693 8122 14263 8922 15041 10318 7855 1199 10505
15590 6961 5002 10438 19250 17363 1637 1562 4354 10727 5309 12621 6476 7757 19791 14233 14996 12979 4880 3557 14215 8639 14427 7919 19817 12288
16704 6560 2385 3077 15298 15857 387 6471 12185 19202 10342 18357 4970 10411 7211 8218 18016 6508 8273 15713 8319 12057 3051 2061 12936 5977
10983 12648 11539 18761 13204 8534 9949 3156 16739 13115 14184 9927 3558 9060 16783 15522 6484 5193 2921 10578 14470 11739 16948 6236 11396 1434
14481 12237 12437 11525 18009 6711 17806 7986 2590 13932 7940 2451 5023 199 9311 2941 11632 1721 11006 688 9479 233 3531 1302 14864 8448
10672 1816 6151 17604 6579 12849 19924 9271 10461 10253 251 15922 237 11707 90 2665 14877 19322 13134 18517 13073 423 18174 10764 5072 6095
808 16433 17091 16201 839 4607 2069 16094 5059 5003 6968 7301 10477 17703 2614 14044 4493 6954 13672 6127 7231 14917 10805 6852 8534 6784
2463 15675 18005 15044 6321 7678 14032 6599 1303 10938 1180 3584 15397 13798 19830 1734 2699 5064 18262 12924 9173 19884 19711 3791 8601 13345
18675 3495 429 16569 10460 6759 17173 17855 17311 7195 9250 12538 5853 4672 19082 4356 9479 180 11257 3033 18521 539 10328 18577 13175 15541
13217 8248 1430 13781 13448 5873 15297 8345 11146 6738 6463 416 9139 1673 19359 1487 13065 12337 6219 1094 4591 6243 4852 776 4481 1625
6840 12190 12574 5255 16501 4567 14836 5855 5610 2649 2792 5283 16304 4333 9485 11750 845 18260 3647 17765 13486 10611 8848 13177 12226 3902
15309 12893 521 11183 11366 14524 2544 2979 4386 1163 3115 17346 5353 6041 15208 250 19267 14126 3611 5305 5512 2186 1783 3090 10858 6041
812 2509 15314 1249 9233 259 8525 12036 4164 11710 2990 8578 16199 12211 2938 1213 8948 18311 5064 16336 18015 9312 15845 6396 18282 9824
17307 18163 19505 17898 5383 17313 9119 437 17202 7892 12969 953 2014 18403 13137 1356 17364 13166 8234 11329 1528 14571 2045 6323 278 13547
5924 7520 8085 17429 1585 14341 9397 12374 15543 6186 1302 5113 10705 8789 16899 597 15563 7278 1347 12619 8918 705 2964 359 7498 18621
9085 3773 15425 1244 8596 974 545 6362 15938 14696 2025 8120 16258 6826 8170 12973 10517 15399 19872 12407 14482 17226 7299 5248 1470 5094
4694 9673 169 2290 10133 11123 9823 10412 16480 8840 11082 8127 12147 3759 10534 11812 4884 19639 7064 463 16716 8920 15435 14348 10657 2716
4470 8986 16477 12314 5304 6206 15499 16112 15678 9312 15926 1867 14454 359 9935 16831 17840 17339 13629 2802 1596 5151 10758 12225 459 14429
16534 3150 13862 2135 76 13732 6696 7746 8728 2114 12219 2741 18381 18740 910 46 1354 15783 11219 14890 17916 16470 933 18177 5385 4976
17921 2074 2145 16757 7680 18100 6605 17610 8616 19047 1304 4178 13214 16518 19420 5999 1658 4049 19698 6088 5811 16802 3903 6682 4027 19764
1364 15055 12937 6642 11323 17260 18373 4209 6536 14983 9688 13137 7148 19934 18002 9958 8332 7214 5219 17437 2482 3046 15719 16974 5765 3744
6648 2863 5468 14410 3637 5428 15048 19696 18368 7267 18196 14125 16160 1307 4374 78 13496 1370 832 16228 3243 3389 761 16948 4921 10339
1349 9328 658 1895 10590 17002 11721 11107 10409 11033 3740 7021 4488 11744 1155 2840 13395 4903 1149 17887 2744 11447 1870 2563 14517 2122
17860 3893 2533 15329 11058 10543 15035 18111 8392 18421 9442 1492 18631 19395 2538 9126 7253 16298 19339 8449 16593 13937 14254 4399 9098 1012
16960 15014 2009 14857 19230 10437 9096 19561 4489 8178 11652 3783 11882 10912 15768 16009 8418 18262 12340 4477 11360 6678 8031 4686 3452 6409
1360 2833 8579 13701 3298 5324 4984 6822 9273 8949 9589 6410 9825 6553 8637 16185 13955 5031 17996 17101 14348 3368 10538 17781 803 7745
8112 897 13731 2676 15679 5162 3912 1341 13715 15571 18004 13170 12212 19066 3343 12586 17536 4294 18209 1542 7369 152 15265 18304 2292 15084
12666 12167 12165 7168 9045 6413 19014 15952 11387 972 9488 4518 17973 3248 520 15335 9558 11425 4666 13763 16688 16779 18424 16193 1821 7100
10800 10855 4401 6179 1870 17279 19038 15024 13951 665 17188 7863 5233 11753 4889 18712 14295 19731 15316 3171 12803 19883 11490 12337 12711 19244
6259 1482 17568 10448 18042 1382 265 8056 11172 14183 811 7165 3733 11569 5596 15429 1429 6000 4551 4268 9825 2396 3498 673 12177 13281
6317 12064 7093 7629 8551 11445 8883 15045 15207 5792 4518 12376 8505 1555 13172 11329 9694 6527 4548 2039 7816 2656 10788 785 4665 2005
5569 10456 4854 1623 16925 8780 1207 10089 2330 13229 4596 12223 6898 3310 3463 13593 13561 13198 18941 7302 10113 16107 12341 14044 9240 3410
19147 4715 5143 12451 14956 16628 10885 14959 12851 18475 693 18760 13820 17301 2589 634 3609 4168 19359 10016 14594 2579 1877 1691 8752 12302
17834 11813 18781 9483 2592 16260 2512 16745 3263 18893 6646 2722 2070 9220 6785 9727 15788 172 4776 14532 3937 1950 8993 18718 1983 16883
19731 11713 13777 7282 7268 15952 5868 5515 6516 6642 14066 7413 17604 14152 9497 8735 13521 17040 14148 12681 15787 18806 8907 1442 17891 6869
17847 8876 4201 3326 407 1590 2072 14350 11063 18598 16057 8070 5591 14319 18719 4279 2650 10890 9519 15323 18670 14181 15608 3339 18816 2571
794 6124 12616 13775 14732 17842 16317 17644 2553 13993 13209 12789 6051 15760 8958 3859 10449 5796 2209 2433 10712 10936 19509 13089 3508 18279
13726 15348 5620 17994 7987 17485 2426 19167 2289 12848 12051 6184 1302 12191 6606 8879 7964 2663 13048 2588 13905 18677 7802 4263 1472 3906
120 14544 19644 14096 5876 421 476 19168 18551 11249 7926 15167 11195 4736 11296 8456 8932 13043 194 14410 9233 12101 16734 15346 1983 12270
2540 6608 1397 16574 19342 8017 1563 15235 3319 12265 2696 1950 17270 15855 7455 1577 15286 13823 10183 10904 16670 18113 2990 17343 15167 14057
12837 18104 7946 1015 4090 11138 16354 2787 14697 17957 16239 19485 16669 2127 16846 17879 986 12436 5685 5049 11500 13793 14762 9130 14749 2245
18953 859 9440 2444 18183 19270 18604 12230 350 7645 14667 11816 18804 10822 6393 6851 348 1025 3052 18725 1665 10217 10292 868 13278 4802
14037 17965 14984 17134 7384 6147 17993 3326 7986 12327 3870 5881 8016 13949 2161 7349 7096 13438 18170 3095 8146 14414 18396 1890 6283 9974
3448 4021 409 698 15955 11 7833 15895 17859 18733 8874 17737 2823 3084 8986 239 5954 15728 12176 3170 4810 14591 5350 916 4832 13295
19254 509 12027 13555 2989 11920 2685 14899 13597 1770 5661 16647 9392 15066 17792 1794 10234 17340 918 3092 9996 13179 19889 14758 7643 15332
19675 18136 2066 556 19637 5550 16901 15405 6640 8775 302 12374 411 1441 17312 6654 5449 3415 5301 1692 4734 2052 2644 11241 12350 2088
16881 3058 3657 19932 19130 3885 8364 6539 8322 13309 12018 14325 16751 14286 7330 157 1394 4445 14011 12032 6813 7862 13663 12479 11207 2848
10809 2277 13415 13148 17971 12591 17748 10418 46 3707 5963 19124 13356 11138 4633 493 3187 3160 7875 1018 10998 15326 18666 19591 2455 13411
16366 4806 12037 18134 5904 16054 11406 2635 6613 2483 1868 379 16 6759 7483 15873 5505 10191 10750 14452 9459 12860 18440 14400 16107 13538
15565 13309 10303 3931 404 19901 6716 16623 19394 14088 11603 13033 14632 13437 15735 13225 4430 3364 11277 15630 11185 360 14704 12138 14045 15471
6139 7609 1509 2224 4649 6034 4922 18493 2476 5225 19486 14355 4249 10745 16528 9864 13938 3195 19383 8460 645 7537 8974 19323 5399 5229
9022 10272 11880 5523 15485 16700 123 5328 5822 9821 4070 13493 18140 9385 2996 11412 948 7982 10160 7962 17671 16397 4091 16881 4071 8030
4601 14323 17960 12802 18757 5823 1196 17754 19809 18708 2589 12771 4319 1186 15344 14404 16652 17827 1904 11733 12801 12707 16816 4389 2024 16500
5581 3397 7808 10982 14186 5240 18461 5793 8864 13995 9101 12848 8459 16330 3273 6595 7598 13427 19452 2714 3739 6159 16662 4919 8680 7159
8965 949 2710 9063 8377 13209 13585 19402 15211 10756 16055 5619 13171 16195 6792 11196 7221 15782 8272 18101 9412 13756 13798 8076 764 3174
9664 16620 15640 8891 242 18648 15090 6618 16265 15895 4259 8089 12610 3193 5258 9550 1147 3409 11031 2484 11061 2612 16857 888 7145 2421
2760 14324 16088 7093 10954 4070 8462 18300 19600 2503 8155 4519 2028 7143 18149 1957 9083 5723 3004 1485 2807 4379 8068 6176 2795 6842
11182 2109 2834 8523 4273 15692 16830 4080 1883 13209 6901 1410 6534 14012 7522 18629 14424 2419 10893 10073 16524 19149 4442 19104 16868 9618
18739 13995 13218 19518 11198 10240 5507 6032 10193 8515 18356 12697 1380 8761 9741 3565 2032 5321 18102 2102 3856 19535 13881 2837 19779 19780
11367 9556 14558 10658 245 12195 18392 15712 4165 18047 4494 2994 7856 14864 18859 16446 13796 2218 13065 3590 2268 19657 2425 9276 2228 9541
19979 8700 16905 1304 18088 12463 17979 14625 12442 11330 14762 12838 16425 10293 19443 14252 10851 13465 13791 1028 8942 13279 883 16117 15751 166
14520 13068 16529 3654 10271 240 2605 10399 14673 17576 6792 14704 18979 8001 13853 8286 11454 5145 12971 9090 6729 7221 3590 1035 3565 3600
13425 19257 11079 5266 18312 6165 8381 15186 5956 5495 10513 19834 13906 13778 18814 14026 18640 15729 14246 14454 3095 3908 13630 13154 8465 14312
18322 12773 5343 17950 3767 15243 10085 5943 8454 12064 14227 7273 6924 756 14945 2034 9466 2177 18466 6328 11225 16976 16507 18057 7811 15854
10929 5239 76 4310 1489 18351 16265 16614 19052 13883 19634 14685 8413 7023 19090 9260 14968 7930 3501 13115 2610 9386 7739 3927 8995 5503
4524 15978 9970 459 10701 17444 6557 10041 5296 17936 8904 8674 3677 17666 10952 2023 9479 1027 10885 14393 15194 13279 8023 19855 17260 3978
17144 11084 5531 14596 13288 8370 13000 14013 6853 15588 9547 15643 2104 7554 12859 15990 1375 9644 9341 9073 12071 6993 18917 10095 11591 4463
19457 7224 2665 9771 10328 2571 11243 11411 5421 10567 139 1686 327 10722 16445 8619 4288 13759 13781 5318 5798 1712 10080 18177 5089 15046
11365 17612 17455 3152 911 14761 10822 7894 7987 7584 19418 17685 13493 12338 16218 10483 10241 309 3521 18584 7511 7152 16663 18090 4447 17888
3536 12087 10787 18855 2598 5035 9215 13533 18104 17004 4498 480 3134 2316 2660 15764 7974 13329 4514 3906 7123 19491 1277 2654 9969 5715
9646 177 16467 16032 14261 5030 9522 16736 5768 17886 2935 14210 1233 11258 1456 4864 19644 8517 11837 18799 6634 418 10464 8220 1934 6414
8849 6013 16916 6742 19909 2471 15212 7927 8593 16758 5762 17259 2976 6857 1130 862 18313 4595 17284 6422 14205 1134 14835 16322 9386 7158
19835 806 13716 40 10466 17401 6319 13895 19614 18859 1466 13442 3211 6392 15707 5993 13816 9875 11188 5186 15434 9079 6346 9827 13471 17648
15160 3547 7774 17181 16213 11829 14943 8841 3316 13150 1655 10470 11304 3319 13220 14711 5687 11298 8816 18955 10381 16892 2961 19387 5506 1269
6024 533 18223 16781 4122 2954 6698 7006 14760 1200 8355 4021 12024 13587 12117 17030 13252 10909 7822 13420 4930 11125 9733 10105 10018 8053
1629 6693 935 1387 19768 4728 1048 16557 5736 6601 1896 5134 8463 2505 3000 2997 7105 16083 13101 2445 767 19783 5895 14731 13009 8196
12 382 9024 9694 13695 148 3965 10238 7989 17946 13393 5580 6379 7155 18244 14159 12831 4385 13432 3232 3497 10415 11501 14346 2405 7168
12008 5785 2046 9835 7890 8572 3478 15526 5044 17740 8112 11470 15989 5140 17424 18477 8865 2137 8298 9851 7649 14363 18694 9867 3988 3776
15818 11539 6357 6295 6397 4570 17562 6893 659 17773 19573 18192 13842 15669 11307 17933 16244 10424 2920 16068 8016 14212 18968 16187 4473 12157
11398 16533 14292 735 19020 11891 17413 13821 1350 18674 3302 11821 3402 1999 5186 17086 13045 985 10558 15110 1844 2022 12808 3105 13370 5649
5540 9405 6944 18733 134 13739 9530 15682 7860 18669 2229 633 11862 3013 1267 16481 8136 600 17317 19410 9840 8523 12397 9066 4221 11086
14622 76 4765 1761 13607 14587 12800 14996 7623 13041 14904 4259 1439 13914 7798 17211 10409 9035 5341 1320 2006 9251 13208 1518 9353 7026
13785 13580 4920 8959 16079 14705 4461 19986 8449 16556 13186 13440 3500 1046 3243 1763 9018 18173 13425 13538 6239 16192 4406 16815 15534 3583
19459 6939 12368 17886 17292 17343 11600 15156 8305 10875 11634 9076 5787 1883 13497 13230 8561 8218 16439 4009 8182 11982 14297 2489 2297 11678
18280 7277 12816 10443 1262 5050 9013 15775 9296 7090 16451 3750 14840 10934 2866 15951 17923 9692 412 3846 5828 13175 6607 1693 12147 18815
