365
97 96 13 17 3 98 34 25 90 100 37 59 73 53 9 34 31 94 72 22 61 18 93 85 10 55
12330 13827 60 2631 18513 18905 7767 7059 2667 11895 14625 3770 14708 7454 17733 12219 1850 3242 19652 15260 16043 3970 5440 17086 15108 10350
18580 10692 14006 5832 467 17568 2968 14625 9799 12176 11447 19565 9943 8694 2383 12638 8054 3863 14192 5705 4695 14509 120 7115 15725 13803
16976 18117 15429 4667 14856 1349 4943 653 13716 17154 13823 7340 7592 961 7111 480 12537 18353 19183 6183 19404 1184 17787 8070 2371 10295
3349 2412 19393 111 7155 11016 1518 3446 11629 3123 7644 6164 3162 14758 3576 14918 2407 16219 9888 10881 7417 555 5705 17599 8912 17672
5187 17665 16655 12894 13516 1424 13476 879 19147 9043 2998 7367 14583 11057 2716 10266 10780 18742 226 228 5288 864 12571 6189 819 19249
17301 3885 1801 15282 2634 8533 7022 6154 18049 4330 7599 3281 12574 18500 10372 13343 7783 6331 7807 7683 4675 6812 18216 3722 5547 2827
19863 19052 8974 18925 19746 8169 16949 9582 12274 19030 12405 18802 3469 11854 13112 8433 7197 8959 5198 13748 18015 4561 3486 18548 1389 13881
12923 5112 1538 16019 15826 5257 17945 11525 8534 17556 7919 19759 323 13539 8883 13178 18231 5304 3783 4791 5908 11367 4945 19511 5672 6273
961 4002 14758 18354 17454 7991 4401 17454 10320 3288 7867 19789 6058 17208 8311 14205 4914 3796 12336 4074 18704 18903 11877 11222 10413 4023
5954 17902 7188 17434 2284 3641 11899 14442 1637 4780 6675 5842 14812 9036 3177 1614 696 10420 8101 6381 2664 386 14337 10965 15290 2677
5974 5436 12774 6965 11459 14482 12985 15378 2259 19985 12137 9012 5576 19235 4327 14945 2619 5440 19899 14660 7790 15244 17006 19256 15608 18852
8009 9555 16610 5103 6100 9895 4972 14451 18511 1019 10590 6548 11957 5655 13292 6562 430 1864 551 4256 15092 3467 17526 15610 3847 15272
10704 7487 5654 13868 13017 14214 15962 6380 14156 5149 16412 17682 16596 1087 11323 1500 17458 2278 6612 7452 6279 5626 15769 9246 5355 17174
5644 16587 11308 12228 1655 15133 3421 10167 14761 17488 18462 1766 18542 12345 6062 4951 19013 3887 19103 18704 15438 16517 16057 8136 13506 19229
5446 14279 5479 3521 13355 14691 1908 2782 16710 10264 9241 14461 19205 610 10120 17857 13827 13367 16505 14774 12450 786 10364 19332 3395 18852
15558 12919 12309 13200 13669 3735 271 6559 9971 11044 16744 9388 6994 16094 3535 7236 8412 10922 19510 16648 8772 17773 7491 11482 9804 18980
16600 17577 16323 2068 8313 11040 4403 7389 15981 15597 4098 15697 9347 17313 16990 2477 8321 3962 896 10157 16075 9705 10444 15865 7982 6647
15701 3447 15893 3320 14780 1625 16769 17160 11769 5958 10810 14662 14152 634 14759 18218 14682 13098 8003 8091 10097 19035 18417 4270 3334 19906
16012 4881 6461 4507 16278 2587 1263 16748 18932 14348 10544 11160 3328 7562 8123 12258 2206 926 1030 7129 474 6064 6707 10831 7682 13759
14373 15330 17304 16804 18743 17050 19599 9858 19548 6164 1939 4372 2302 19588 16181 13157 2401 15541 8990 1531 15077 18256 5958 6904 4787 12586
16400 18221 2019 16748 6851 12966 4505 16288 17806 16674 5073 9582 12676 13065 15561 13615 15941 1737 12870 18819 18785 12314 17657 19038 9273 13521
12990 11038 2775 12062 7359 5849 7971 4191 350 19685 9984 6086 3821 1108 11177 1944 18359 10132 8213 7394 11593 3764 2018 2997 14534 6988
16236 16159 19301 3665 12943 15796 19396 15095 13257 163 12020 4907 7437 16626 16909 13474 7418 19067 15635 17889 6239 18705 1473 3582 16163 17653
10928 4440 4725 5369 17390 1579 18227 6180 15914 17158 11499 8471 5994 11649 16926 2803 2032 8658 6955 8062 13163 1490 18792 16217 2849 3715
14200 8761 18348 13958 19046 9777 11540 11245 8678 9414 555 18389 6819 2846 3766 12784 2085 6879 4153 17684 11403 11766 4786 6051 12728 10715
17596 16133 10806 676 11426 12722 18227 10339 3179 1294 13288 13048 2764 17210 369 15504 10062 7067 5421 11883 18177 18850 3837 18657 17537 12835
18438 15916 8052 11314 10334 7822 15841 2106 8228 13301 19940 15714 2359 5569 5681 14771 10452 11941 3681 11282 5723 7437 8626 8792 2720 9642
3931 18992 4624 18747 15905 12789 3635 18999 10966 11601 13529 11793 2306 2778 18025 7225 17069 1145 12708 11901 401 9339 10980 1409 4092 3582
13744 19525 19021 8620 12099 19755 4845 4383 11749 633 12359 17055 4733 17969 3981 3270 18748 1933 10519 14604 18612 12632 16009 850 17555 1747
1687 2617 6115 17052 13982 12794 16440 12805 51 16964 10712 11536 972 19619 11993 4601 9268 9112 7484 2929 3356 17308 17485 412 7091 12212
4977 19194 16298 3529 11565 7234 16378 2503 18842 7856 14325 15840 13936 19433 3929 94 1349 11115 15970 14836 9993 1188 8183 328 11085 6059
6816 19366 5709 10927 14079 374 18736 19604 13683 11122 17671 18479 18160 4404 2268 14568 5493 14665 8490 17296 3691 10618 13336 15285 15980 10409
2916 7219 11726 2894 17201 16394 13576 13761 18959 6871 9055 4976 4824 16454 2536 7484 1262 11794 15969 5597 15592 9564 12530 10229 2907 3596
18432 13594 6254 17808 19704 9247 17130 2206 12135 6526 7087 12280 17736 15062 19365 5532 15511 5947 1023 1138 3893 6162 4148 2471 922 837
10919 7372 15440 12884 15961 1455 1274 6252 19079 6766 2363 13187 6314 12641 11451 9455 5908 14105 3138 430 18183 1844 246 8295 17058 11597
17851 5572 18108 2842 8141 565 5532 15934 16435 15498 16141 18293 11243 202 241 5284 834 11296 6341 19304 6888 9679 1239 1856 18376 2314
19434 18029 15782 11944 19189 18362 12714 16221 13392 3261 18535 15468 3326 19569 4945 5349 15456 12026 2487 2157 4528 15784 8530 9213 3621 10802
2946 13330 1873 9935 17682 14780 6785 19284 19991 19437 4318 15714 11275 9966 1738 628 6414 5623 14694 6187 6023 10017 2839 18097 17396 8150
16913 18318 11804 18028 12655 17750 3863 13795 10953 9057 11470 857 8414 13168 37 9558 2637 7402 6856 43 11201 9924 16823 4781 18243 4496
4299 15535 2344 10526 11126 9150 7065 1290 4237 5625 4295 15659 13647 14978 9100 12966 17547 7936 10518 747 8038 18467 5923 13438 4146 13665
11709 6456 6384 16259 13918 11727 12553 17834 10079 15483 17418 3085 8493 8142 8737 12642 9850 15850 11893 1318 4855 17408 914 814 3879 8808
1081 19100 3891 15480 11392 6358 2619 17432 841 17087 8565 759 9214 16657 7028 14322 13696 5147 15071 9736 19097 6986 11595 1000 16347 5310
7836 2869 15814 8216 11349 12679 3793 5373 3571 16433 7805 14036 583 8721 19407 15445 6430 12220 7649 4417 14405 2577 7855 18854 4749 6052
9992 17579 14218 8372 3723 7369 12217 13226 18130 18257 10330 5554 14832 8478 8173 871 12592 3730 10116 6499 14345 2728 15825 11522 8299 14117
6650 15828 5352 18175 12490 8365 10185 12827 17169 14731 7766 11847 12953 18526 1248 12400 1423 15879 5862 4268 510 13608 17524 8121 19052 12420
4629 13399 4695 16821 11412 10743 12707 17343 6495 18954 6963 10099 18114 859 18293 16751 14603 18062 19214 15596 1854 12201 588 17715 1264 566
12318 9090 11945 4028 19777 2153 2279 8005 2781 14529 5680 10809 2789 13572 1882 2194 15297 17262 10128 14627 4846 18706 14641 16488 5582 9499
12131 14220 4543 7454 8231 1355 17479 10614 4078 14393 14942 19313 5012 5195 8564 19927 12022 18442 5263 13778 7596 10537 6066 11061 17115 14699
17355 2627 5369 10501 3960 9722 12392 17751 618 2207 540 7258 15853 2356 17138 1861 16862 139 11665 810 5797 13632 16228 4654 4157 9698
12773 12606 14010 19828 14137 18582 13813 5670 8666 18347 4395 16334 10102 484 17116 17213 124 18804 1993 10841 14843 5779 5760 12400 8739 14120
12696 3093 19997 19456 19634 8881 7949 12368 15600 16504 11553 8406 12906 17063 7396 6387 13906 3316 1379 15987 7647 18205 2928 17898 17353 19446
7870 6252 5678 15065 1346 3328 10020 6614 13721 8885 12573 7422 6936 17094 18635 18680 9202 17496 18672 8288 10325 16352 15704 4244 16365 16783
16100 5945 9628 2999 15147 6061 15109 3117 872 5936 5818 9023 1438 18085 14442 18953 10612 15571 3485 5953 9497 2795 19884 9437 18927 4849
3395 9464 122 5086 14973 3173 10759 864 562 6387 1918 11028 11618 14209 2486 8234 10474 15359 13613 9094 13533 19557 3293 19881 18721 14857
4841 238 12600 17716 4417 6424 8650 4296 6424 6202 7077 16393 62 4537 11295 18763 6408 18510 9518 9018 16023 5052 2268 15932 13715 18380
427 5361 18417 16490 12023 14166 13452 11531 1180 8873 17884 3445 3376 7574 14870 1099 13045 13056 4995 19519 5365 3616 7773 11837 506 1322
12899 1627 19539 1556 10197 17200 16047 95 11422 11128 4242 15297 9126 5883 428 3037 17579 16438 2213 12827 18061 16269 13377 12510 11915 17246
5448 11375 18307 16360 5901 18621 17516 15294 1709 7814 9517 12084 16013 18474 9645 7292 19568 13420 7345 1364 18317 9737 8015 14137 2021 16108
14580 9346 7231 12049 163 1981 5248 19483 16347 13925 5544 6984 14132 13314 164 19000 5680 14062 759 19435 8585 6101 17102 9279 7846 9895
7494 2719 19573 1398 7008 12612 2264 12848 18048 5423 7985 4559 9805 2192 19492 13529 16103 17788 9835 6587 10540 8492 12307 10770 12064 4968
7391 15346 8344 1838 6631 3634 9466 5502 13426 568 17131 3229 14017 15137 18516 9407 12444 3256 9248 17874 2064 3814 4196 12433 11962 19875
13867 864 1729 19845 16791 358 13010 9146 8080 1395 19691 17170 11271 17910 3782 16039 8556 14249 16281 17516 15366 5994 13904 7636 16262 13591
3884 14805 14157 17881 12031 10977 5099 4013 19121 5435 17652 1282 13120 1470 4222 9070 8359 4224 222 19144 5059 12911 8057 15092 2898 5280
18475 17750 9507 18125 9331 5184 16069 19883 19533 589 7585 17335 19349 10506 15144 11026 18371 12644 12966 12764 3447 18267 19430 15878 12318 2298
4490 1767 3063 14016 12555 3916 12052 19106 10203 11455 16728 10067 2793 9725 17547 7732 4129 7730 11916 13728 16715 4906 16878 9867 12413 6193
12830 13847 16692 15701 17918 1264 17947 6032 6226 2 18020 12578 4598 1418 19019 2315 9217 8738 16571 13386 19334 17653 11126 14807 15383 7668
10450 11243 10360 9299 10991 12206 2897 2486 11112 6900 9651 16060 3789 6018 8790 7116 11389 12929 18495 15631 9325 11737 7306 18525 17520 18091
16963 10956 2506 15564 532 11946 18626 15850 9006 14184 19314 16246 9840 14250 12177 9800 1777 11804 15582 15782 15875 9501 17233 13781 8597 12179
4804 429 9901 14359 6539 19146 12588 19683 9328 6816 15781 14418 18516 13743 1747 4063 7584 14240 6397 1642 7818 10318 8930 18723 11810 12269
10381 18628 10468 1063 9381 14843 18502 2238 16057 12493 12959 1027 10051 15070 5015 7940 13191 1692 16556 9329 9951 17118 1224 4360 1079 7069
16493 11931 5944 8882 5627 5512 16965 8940 15439 16631 17795 6217 15355 6919 215 1978 8926 6496 11374 7202 3681 11641 17367 5568 15090 8745
6631 409 8500 14378 9856 17165 16198 5960 19338 2289 9608 1163 9069 12886 9135 19528 8303 5372 18071 6322 15736 12914 19765 8782 16696 11902
4535 14227 11390 12195 6518 591 27 18374 10597 5009 18155 14963 6310 11348 9554 13276 5242 19448 2256 6528 17865 5619 16122 14365 16038 15430
7453 15938 14714 8764 6955 7571 10629 14664 10735 5584 1460 17639 4315 7437 2796 19034 14787 17521 15758 15131 8485 9457 18801 2193 13238 1571
6968 10866 461 7044 4787 13693 5225 5387 528 12850 16160 19067 7211 10454 2561 11342 14815 5016 12092 160 13320 19696 4764 13836 11259 3713
9529 17298 2802 16912 16115 17837 9450 10769 380 9065 12229 18606 13499 6192 14562 18531 11472 4020 3246 7822 5762 1547 1043 15601 2184 4464
17277 8170 2242 9087 13031 13572 14255 6210 8612 6918 15561 12321 6405 16064 18715 3259 5973 89 6531 14339 8115 9949 14417 17515 11777 8375
8420 11420 638 10627 7706 5779 2342 5350 7903 3873 8567 7151 3849 2860 11287 2720 7227 1747 1996 15830 14655 16772 10924 11703 10177 8493
18531 8021 7786 18207 16862 4856 3426 9613 18832 16441 19383 2546 16689 3394 7218 14246 19912 19247 19826 18147 6082 2783 15131 19676 7574 6709
11743 11072 17202 7908 12718 1486 15529 5906 10889 14990 2470 211 18045 6191 798 15123 2016 19805 16949 19087 7660 5374 14724 4470 10878 680
11964 15428 16692 3078 4788 9244 15613 4446 8680 17003 17196 4030 7759 18240 7266 8348 7376 6125 9082 14378 10066 6886 9020 17909 16344 4574
7656 7257 2585 12171 7611 17344 15405 13257 1482 15098 2126 10125 12089 7547 14568 373 1384 3058 6107 9794 16211 2841 9978 2624 15777 9385
11164 7173 1135 12038 6820 17478 5443 6820 5568 9609 10554 7602 18254 2919 16698 15767 6247 9482 16304 2807 18131 2199 14079 12462 10318 9807
16772 15065 13439 3689 4008 2991 3145 19996 15406 12885 11797 6235 3165 19527 2254 19920 10402 19911 1336 10809 15797 15953 19640 3090 13698 6171
13786 9405 15542 7992 1435 6180 2600 17719 14387 8625 3882 12219 10944 8397 18295 11014 12865 2141 18671 17333 10920 4042 9805 10269 5975 4020
722 11983 15597 19849 8325 17430 15822 15160 7587 12275 16904 16388 9711 12282 15861 16008 3280 18788 3270 19886 13369 3059 16884 1123 16023 13088
5195 13753 5063 3525 1044 17668 11275 9486 8931 15317 12806 15295 17766 8341 12244 13521 10285 11133 13743 11537 13683 8125 19526 3648 17518 8992
11170 13140 12459 3388 15617 13425 14840 2804 934 1237 9954 13757 15087 11190 17098 14385 7898 13367 109 12194 1180 9822 1078 19247 17934 8439
18241 1966 12345 19252 16857 5030 18169 16227 1985 10571 7175 11317 19620 11346 9558 5240 8617 4349 5135 9012 19851 16421 17147 11628 1144 13079
16581 14453 15764 18509 7408 17898 6963 13123 1932 15654 17657 3701 4924 8535 1885 426 5181 17655 19335 9560 15134 12709 1445 12600 5502 16925
16178 6045 37 13993 13842 5220 16386 537 11625 17834 4709 10657 979 15403 383 18782 15321 15225 15254 16110 384 12456 12545 13847 5997 10165
18094 15351 4065 15555 7252 18873 19359 2749 18711 18471 16132 13676 2755 16900 16162 14597 16872 5309 7920 10499 17622 8289 7074 11622 3935 2546
18105 4007 7441 14051 17700 948 18029 8380 4842 14329 13886 9755 17538 458 15582 14022 14777 15864 13722 11106 11786 3056 16811 1683 18961 2818
9976 19238 14694 15503 9570 9488 19735 11871 10377 18787 15607 13482 11360 3715 13891 7213 8903 6786 19562 2822 4038 14126 8356 17948 5075 3738
4165 1390 1433 9550 5406 16787 2202 5018 15739 4479 18419 17382 14612 4390 12948 1374 17489 12411 12293 2684 12076 3650 19222 10729 2503 3517
17690 19332 6672 8965 5851 17320 140 1888 8434 6004 10445 18268 294 12370 1419 9090 14340 9873 11213 8100 13418 8957 19563 11314 7990 3010
7724 2033 8620 6751 13990 2935 7989 1803 12446 12452 3197 1678 12133 18772 10165 2521 16698 12303 6089 17493 16515 6535 13944 1268 5847 12994
11997 6887 9106 9740 4395 5930 6083 4485 19426 2276 16818 3267 10923 3522 5665 2027 10473 9068 5966 16818 3020 9622 11372 335 3439 15533
17789 1262 2665 9589 15908 14610 5792 13785 5123 5556 13930 14615 13112 9284 7967 2137 6635 14832 5938 18183 11125 1256 5348 19909 4899 5853
1701 18450 8742 6836 433 11715 10217 4487 16485 6234 19034 4787 9968 14907 10345 15539 2566 2352 15729 10733 14790 8611 105 6231 15046 12833
6320 16131 4572 17922 15603 2657 1258 15162 15036 11181 6234 15031 1809 11257 19068 12658 519 18815 9018 7106 15349 11651 254 9577 10224 13618
18872 237 415 5081 3548 16272 12722 3902 6115 16286 8534 4092 15267 2962 9598 13021 8970 3180 15045 16063 17255 3853 4450 1120 13054 15928
6925 1645 1058 1458 12512 15546 19026 19611 18472 1978 18998 5866 15561 13179 7217 8792 10862 13157 466 3607 16048 2860 8785 3579 10350 4530
8186 4887 5506 6136 17030 1329 7681 18083 14766 15578 1125 9923 19585 11084 16653 5995 16404 15648 19380 6222 19492 1751 6712 16163 2992 4139
19135 12941 6936 14215 19267 13580 15853 14742 7185 2390 16440 14887 5495 4802 2757 17175 11189 14850 7346 14568 6029 8451 13718 15329 6678 11056
9 13075 14997 17902 6930 704 3387 10092 19962 13943 5928 2042 13301 8736 9288 16148 14221 16551 18807 17808 17646 16108 3315 7513 1324 13740
14484 19133 17237 17866 5540 18837 13218 966 12791 10720 14765 19934 8169 8063 5300 17874 5984 7576 14641 7062 388 14872 9402 18479 17060 9738
14144 9251 1891 14938 3420 17276 9470 12750 1801 9489 13161 15210 18895 12210 7629 8686 1470 14553 2018 19095 14506 3323 7069 14173 7904 6193
14758 12716 7259 14693 5546 167 10233 5257 6413 18841 15062 4776 9736 7363 14268 17845 11907 19945 2558 16348 13890 9825 717 1259 9968 15899
1007 11246 9303 11040 11883 5166 5119 2136 16951 1346 17581 11195 6929 5572 13652 4081 6202 381 14680 10145 15967 15308 18198 747 10501 59
2740 4401 19564 6277 19355 12359 17461 19177 18664 4304 6746 3540 11113 18074 8926 15947 17856 6706 16825 15374 4647 11355 18218 19936 12217 5193
11267 7881 2890 9411 10120 16443 15970 3092 726 15789 3599 9169 5678 3370 18622 14420 17030 1043 19000 9276 14095 12025 15469 15185 14113 1431
14886 12154 19287 9117 16069 16580 4234 1302 11086 18462 10082 3878 11718 18082 8365 2042 4334 12916 4015 9790 14861 5030 11358 6368 7736 19683
7903 795 18950 504 12390 4606 1932 5313 17141 18351 1749 6098 3260 14264 4781 11599 13547 17269 2794 6788 4456 19430 7407 5361 1032 461
7539 1152 8078 12508 19760 17612 14508 151 2829 16777 1747 17494 213 19830 3698 13752 18658 56 12248 12868 9485 2675 17273 16020 11961 6975
7133 19604 5283 9692 6814 18654 12627 727 7451 17761 3781 13129 8328 3875 13844 15939 1788 3980 19697 16807 800 16696 4486 14626 16291 11572
141 8885 12137 6278 14430 19811 7210 10498 7216 7809 19504 499 13322 3123 15662 19336 3761 2494 4395 4237 8929 790 289 8994 8815 5588
11489 10158 3812 8909 5706 4143 3152 16547 4223 19675 10587 5762 13457 12121 19044 4194 17895 16580 8947 14937 10649 5796 7990 5426 16206 927
8035 7464 16270 9669 240 13473 11826 18094 14634 639 18865 11482 2587 10954 974 9742 13800 1134 6690 12954 13589 10262 11023 19619 14610 18032
13184 13764 4035 13765 7896 15244 12522 1715 7287 3100 8285 2147 10454 15325 7344 16144 14406 3982 3850 8543 12688 16466 19815 16722 3948 10265
13882 16650 13170 4325 4442 12467 4960 1036 4658 827 18787 16461 15402 12800 16351 149 10538 4129 2067 6442 11504 7384 1785 3084 817 8223
7371 10796 12694 3655 3643 3120 13414 4158 17848 5658 6922 14409 2934 10413 12934 19556 3413 16228 8856 9966 10532 2605 10410 3195 9799 5608
19822 3156 18163 10855 1710 8730 19484 15989 16146 18099 5507 13423 15313 6442 1112 15045 14650 16122 16784 13984 5797 18167 5546 2900 16353 18542
11058 12886 17732 11570 6449 3902 7330 11957 9852 4921 8116 11026 6185 15919 1007 13992 16577 10144 13611 16659 14829 989 13549 13331 19544 6014
12183 9814 12541 3501 17427 1359 6060 9720 16484 13819 8411 19666 10826 18912 9942 18470 2271 6969 19046 11264 19714 19726 11715 4713 2663 1983
11620 18471 19454 18692 2529 19895 6074 9305 3183 2980 13616 4594 446 14630 15238 5315 11908 10205 18228 11639 17058 10721 11451 16982 19830 431
1700 8731 15794 14897 2952 18315 7750 2824 1493 16138 16871 9926 478 2711 5531 8604 17813 4976 4824 12036 19516 6483 986 1642 19062 3054
8191 17629 13339 15067 5341 1726 10696 18977 4642 10508 1840 6702 5966 5004 2717 10313 8239 6506 17197 19948 3024 11716 9786 11510 4572 6774
8026 681 7515 7737 8226 17464 12874 10493 2062 1245 3191 1138 14076 3173 18350 15237 2577 549 2702 18335 12189 7992 14781 14416 8236 8280
16815 11412 333 7162 13450 13498 6344 3667 6683 11506 16571 15848 8602 19685 12143 10920 3787 13365 16442 11379 4824 15081 14886 19495 17955 1819
5658 15837 19882 103 1862 8209 14812 15125 6914 1540 16260 9920 13604 764 296 3172 3772 931 8554 15815 16922 3991 7483 10606 14416 11774
15854 3112 7681 8921 17258 17976 19742 18497 11341 11331 4435 8048 10758 7156 10552 16153 14763 4905 16295 18783 14372 17725 14603 10198 19539 14328
1326 7629 9316 1897 2105 3656 5021 2908 6847 15513 10227 4686 18712 16591 14709 19061 6952 878 8955 8002 1796 11616 13311 3063 13871 9089
15813 16980 15676 3339 8935 8051 802 8813 17101 10807 8879 6518 3942 6575 4736 16084 6287 12459 5718 11889 18575 2586 1754 2817 4238 5133
10504 1297 7363 8131 17352 5802 14795 5949 9447 9567 19930 14021 14765 7723 14389 18258 403 2717 4118 271 5379 1424 13319 3542 8699 13661
1287 17107 17683 234 14446 16788 19479 8128 1408 16578 4976 11364 1346 5251 12213 19536 16599 15346 5019 16719 8108 3554 6245 14486 13150 12614
3127 7732 987 7435 9474 10979 11526 15288 9459 18932 14728 17693 17327 5674 12792 19932 533 4382 6154 3512 14460 12427 12641 7487 16524 16963
1546 9179 14482 11401 13497 4069 2637 6102 15434 4283 17828 4162 5207 19614 2487 13682 16345 8179 11533 6831 305 19236 17026 11604 13751 8274
14069 3537 823 11706 12752 1055 2922 9411 8683 19221 3663 8103 4128 890 1226 8066 17527 9458 7379 18317 11724 9224 12018 18489 13456 11259
3876 2946 9430 11785 9636 11179 12048 15182 19814 7847 7818 11947 17301 3697 2823 17903 10492 8718 4507 19555 985 4103 4994 14436 8672 6457
16656 10007 1446 14650 3139 14442 4296 19552 1075 1050 2404 211 1264 789 12414 16754 18350 5900 11539 10047 10385 257 1044 1498 18512 8989
12331 11620 10473 10480 17917 11015 19129 14194 15055 13558 7257 18693 1040 16805 1277 14513 5362 19076 17929 17853 11418 12532 15047 19258 7103 14108
17406 17216 3747 13248 8763 1414 19476 5693 6472 6324 18436 2318 16837 810 18781 9165 19792 10179 7129 989 10440 9323 9174 7734 10216 9228
3560 13881 10188 11349 4610 5214 19407 14322 7445 4881 19263 6084 1371 2152 9106 1453 15795 15326 4568 6977 15327 15129 15616 19136 16028 11458
10385 16387 19689 8329 17926 6765 13347 14532 14849 9689 17712 5855 434 10248 9941 3888 19670 12871 9237 953 5225 10095 16180 1358 15880 16192
16565 5503 6814 10037 16509 18719 5004 9524 12416 15470 18725 4200 947 17796 11561 5372 2097 15194 12162 7921 13934 14861 10839 9355 19818 15827
15264 1481 8456 12832 13298 18304 11577 2979 9625 5944 19945 14653 7117 3767 3032 11128 7296 19423 6651 4806 240 3241 1354 3616 13448 17719
19332 19138 16596 2440 12483 14507 1597 1075 13492 15415 3938 17112 5713 6421 1329 15329 14182 6247 6232 10293 17370 1408 17706 14633 7601 6409
16229 1358 19333 11646 7935 6701 15181 12147 15369 7394 19753 13755 5088 7286 1524 2530 9077 3375 11745 10766 18599 7908 6730 14483 16918 5210
9846 18863 2192 10827 15119 7179 18576 15186 12506 6264 14854 10144 13329 18386 2737 8170 2157 19957 6558 17241 16925 1334 4076 12861 7994 10355
6424 534 11159 1040 15507 6982 17877 5692 15300 15481 19684 16472 12572 12282 15639 3151 10976 14973 10050 19268 13138 13536 5524 18480 4978 13642
843 19140 14407 14918 16389 10504 14614 18174 17811 1456 15933 13662 18834 17948 18879 12303 7310 12418 17158 8270 11361 663 1547 17879 13591 19818
4648 7984 7698 19119 18604 16082 18065 12178 649 8296 3302 1229 7754 13386 4248 5212 816 5760 3876 9808 13903 9949 19233 19228 11788 19388
9646 6831 11376 2332 16581 12209 8517 3671 12298 5504 265 3260 9078 5214 14777 2133 1420 11912 14277 14065 11245 6373 18260 18146 2796 15159
11428 18112 9209 9268 4921 14417 16574 7675 3277 13237 18895 6768 5437 6886 4310 3355 571 12954 17794 12622 653 7411 19993 18830 187 5611
19373 8144 7452 8828 1029 2525 6237 4350 10652 19516 17521 12884 2613 8415 6394 2023 18580 21 7737 18664 19288 12251 18774 4692 12653 17089
9752 7081 12592 1549 14010 12089 2790 18279 3264 2297 8195 15307 19336 5964 10256 17910 16845 8767 8424 4482 18816 1437 4812 976 13240 11168
16864 8268 10266 8519 14724 19349 1260 17829 13107 11203 12584 15459 14993 8296 6993 3804 5859 687 5931 2 3315 7718 19332 1711 5968 19107
15963 9716 3708 4252 15988 6111 454 5729 16140 2471 10968 3753 10894 2343 16414 10403 9546 8842 10521 19936 16405 10984 15604 3992 4356 14141
18915 7793 5779 706 5011 2014 12127 13860 17769 3922 15963 17020 8839 3053 4755 7585 11793 5868 12609 6949 8071 12083 8675 18995 2365 1086
2211 2766 4980 15771 11992 4362 14862 6342 775 11655 2592 11031 11229 18394 4866 1206 13082 15390 8142 14363 7884 7329 10109 4797 5192 5929
6338 5082 11927 18856 10785 6227 12434 7147 13435 10998 18457 18329 618 17530 7601 1437 1856 4423 19581 1415 2550 2191 7685 17140 18605 4178
11612 12917 14561 531 5466 13608 8347 19549 1396 10548 15254 14305 232 4595 15527 9424 15 12774 497 5805 18726 11099 15839 3223 16098 6039
18564 280 11860 12806 18981 2766 11963 4057 19908 5515 11590 13707 3554 10271 8869 788 8291 4842 85 460 19078 10960 12707 3294 9597 18423
16766 1253 19825 16673 12035 5048 3578 18666 3203 1939 8576 6997 745 15367 1348 5723 19036 6601 12919 644 18525 10723 14847 7448 2811 18084
18433 5600 8384 330 18226 7033 19788 4671 6700 15384 19452 3965 13609 11333 12996 1485 10053 15311 587 4721 7795 4844 3213 362 740 7555
1688 11372 6594 3542 6712 5331 17656 14638 338 17588 12283 7763 16118 3914 18848 10647 8951 2594 17789 8110 10426 557 561 3845 16308 14614
6266 7329 9152 10573 17225 1416 5445 16637 3383 3128 1749 7286 16275 18029 6950 18910 1049 19701 9299 17334 2067 15125 4250 14791 17473 9404
6878 962 4086 3806 7112 12248 769 1040 8890 15091 12643 9437 9123 2469 13593 5240 19873 19045 19893 7477 1209 8991 13772 19086 15949 14661
13120 5978 18434 6055 13908 1045 26 18493 6417 5542 18383 2072 15704 15872 12691 15809 17007 7400 14336 18310 14510 16859 8137 6654 11703 13855
4936 16782 1959 3131 17743 16213 17376 692 362 18435 4318 14701 16916 274 18742 10021 2257 7486 3261 13367 13573 8375 13633 10708 19734 11902
1576 15544 10950 4210 18530 15022 15127 7986 7393 19803 7175 14740 15509 5388 9303 5294 3194 3780 19483 14777 4049 7085 10112 16080 11883 14094
15111 5535 10572 19674 16386 2893 14041 19064 14412 12655 13057 8676 2312 15857 6741 19208 6577 4091 1433 19518 3191 13831 1126 18847 13973 11994
11920 4224 18563 12854 13303 13381 15675 2062 18880 8336 19418 7169 18165 1896 1063 1285 7980 2266 7674 9719 8650 13420 13707 17621 9385 17023
7697 14213 12012 9525 12800 9504 16529 15842 16286 17226 17866 7718 1976 15950 8772 10398 14012 5425 2131 1872 6050 16603 5209 14122 14416 9549
12317 487 7543 9287 1851 17371 2535 15003 2610 6804 6180 14659 8147 9314 10884 17307 14954 16349 1147 7353 8794 42 971 13802 1969 18647
3817 1325 2883 4372 5453 2418 19351 4264 15493 8851 8628 7460 15591 16268 8332 5433 10424 3152 7912 12333 9407 0 13159 4766 3891 7830
5074 11477 19537 3310 3798 14267 18000 17791 13847 12627 3786 19245 3771 4038 3915 7091 19206 17039 15689 14422 165 19713 13575 1516 8991 15310
17476 10080 15607 12362 14974 9295 16988 14981 11703 19188 12556 5951 5132 12282 11319 10736 6224 12139 10226 4414 11321 12116 15631 8340 14792 17778
3067 4950 15430 11045 3932 2684 9194 18314 6502 3413 5685 16092 16215 14798 6023 14357 1025 2681 1985 11100 6025 739 18714 18345 18147 17016
4551 686 1529 4043 7778 5365 13085 16896 17390 14102 14023 9876 3306 5616 15643 4155 12422 3306 11240 13404 14672 16056 9564 17342 7813 6786
16084 8482 9354 13877 12333 18910 19779 16396 16175 5177 12019 11018 15951 6355 15786 13447 7549 3318 16095 18488 10141 5736 18855 10717 3027 11449
13168 19881 11337 14995 5889 14724 12676 8856 6210 7859 1534 3613 18405 12554 12087 1696 15222 19515 10299 6645 10976 7648 3245 3450 3862 19927
4246 12408 4695 10073 4088 106 14629 9365 10589 12635 3771 15132 2739 17286 15177 6904 7004 6251 15710 1790 13961 9524 2785 6613 12929 16411
2529 3913 15034 12212 14230 8885 5979 334 10864 13730 12795 11417 3094 8030 11654 5287 8738 4794 574 7036 14714 7053 19972 2555 5305 11948
15782 16725 3734 18990 19521 6103 4601 3019 10229 15611 15614 5127 14019 4767 13785 2806 7314 18440 14579 10675 3122 463 18290 3718 6693 15388
13871 17072 10518 6205 18219 7333 5360 3821 9328 14926 18024 4270 17861 2245 10972 17196 16010 1876 10593 15845 2698 18116 2139 19428 9131 15216
2361 9607 12747 14439 731 14453 18409 14680 5655 2051 5929 1327 12232 4784 3587 17059 13160 2186 17018 18821 4600 6098 6378 19180 6614 2973
9392 10691 4744 16754 3205 3268 8589 32 17067 19362 17096 2487 15103 10544 7563 12436 4767 10981 3385 9297 11849 14830 9956 3274 4840 3249
13448 18493 8414 3258 4914 12574 8376 12840 5035 245 18620 14713 10201 6365 9325 250 17886 4657 16341 19834 9743 13529 10372 13600 6107 3624
7265 18882 8303 10730 19824 12863 13434 120 17061 2303 9353 1714 10018 3829 10991 17588 13360 5069 18127 9856 8736 15396 3550 9212 7129 2239
16241 10131 5399 12065 12598 18842 1899 6546 2256 7392 3930 16757 12177 15195 19134 1197 19254 14176 9929 17024 5318 754 5921 13819 2582 5353
9794 4169 7577 14676 4857 14762 2491 8283 18007 19269 1099 19899 16865 4540 17436 5267 17275 13643 15480 19884 13065 18580 13572 9767 1584 16489
15459 9422 8260 8202 18668 17349 19595 7278 12871 11312 13355 10235 1084 15230 1389 18753 6540 12613 8698 9940 8775 8608 6780 662 15904 8530
19433 17800 14716 12548 14488 2401 5041 9476 5496 4828 8632 17010 16551 9804 14008 996 295 5347 437 6193 10610 8443 6138 10021 12651 19481
2218 10808 18816 12357 8899 6518 1319 19113 4772 4488 15699 4456 11248 5895 8155 13413 6961 7529 10276 9383 1304 7749 7258 13852 14059 428
7936 2601 8294 14586 6382 2736 19750 16044 17 1956 7060 8119 15074 16532 8186 17378 17261 1111 18296 8985 16598 11051 1674 8608 4265 6196
3422 17178 178 6718 13357 2711 12334 17399 11340 8244 14271 5725 19129 10242 16449 2399 10315 13854 10424 6205 1348 14840 15637 3059 3454 7448
3508 19369 18270 16880 14729 6202 3849 12843 10341 17064 15422 19075 7394 3385 12947 4438 576 16033 11407 16646 5133 6037 17407 8905 1526 12544
18667 1117 6081 7397 518 15429 713 1186 8664 9951 6616 11536 11687 12659 15263 7179 12931 13920 16546 12638 4828 8468 12937 12121 702 5840
2880 5071 13753 14320 15368 18904 15386 1896 6159 11124 17981 9199 10466 19068 16484 19016 19298 18512 13361 6943 8576 9770 10746 7777 9779 8849
15555 3268 4416 12561 5134 6636 18306 18570 1131 6709 12375 693 8261 12198 7766 9255 4681 13521 5947 4030 14605 631 18587 3688 18697 12116
15173 19134 15528 10224 4725 13981 19394 17630 2731 2799 17449 1165 6233 7009 4263 5693 16614 535 17138 18906 9757 5155 19021 5839 3255 17899
15660 11155 16625 17956 17406 1409 4321 10216 784 9145 17537 5108 9115 12861 1888 13536 19043 17858 2524 17826 5457 8107 2985 13683 4223 17940
3862 18030 9004 17742 15781 14431 6581 4571 14729 16432 6212 10706 3878 13391 13831 19440 1522 16083 15639 2331 6022 4129 5923 3850 15276 9982
6391 17556 7539 17585 4042 13507 6818 9730 2329 13062 12303 19156 15096 12594 3268 979 3645 11283 13100 19634 19575 16455 10245 17595 16812 16117
18562 13342 13283 6655 8852 7463 6877 16390 7834 17130 534 703 16631 9627 13119 517 17078 9268 17204 18432 18136 6155 6081 4567 12604 9423
7046 7300 15472 11928 18211 1931 13475 18385 1386 5860 8315 9402 12649 4112 4852 17744 11374 9550 5401 14670 10538 18083 16497 7890 5004 13531
1699 4931 14911 3008 14198 17923 1296 663 11111 15099 10063 15053 2994 19493 9428 10220 2616 11014 6286 1746 17702 5996 12580 4958 12597 6578
1726 13725 4069 1132 4534 17976 19512 11355 16120 2009 19127 13762 10331 4034 10612 8160 6653 16173 6621 15031 10794 15283 9074 15244 8452 9255
1188 8852 5559 12995 13795 12437 18862 12203 11374 2233 3821 5593 15233 15267 14160 1635 14930 16673 10725 11783 13654 4346 4618 1892 13234 15854
1776 6358 6725 8740 18086 6861 16165 1684 9892 4876 15475 19231 12340 7650 8083 13209 1633 14141 4873 6490 17990 1167 5020 6376 18139 10264
18193 7769 10561 14036 12851 19585 7608 4306 11582 5470 14126 17045 18968 18369 13760 5250 6084 13111 6643 15491 5129 1862 11618 2467 5626 5089
1944 5271 2367 17370 7749 19413 12491 16577 17513 4378 19004 875 16280 12276 331 5255 2838 10050 7330 1928 2905 6694 12299 137 6170 10486
16702 4191 15303 12875 6855 9906 12099 9340 9952 8458 1953 12251 5015 19663 8658 4071 16378 15730 13263 7699 18717 868 6479 5062 7554 4094
6679 864 7495 9270 13704 6829 2390 13192 19538 10328 16988 19395 8539 14072 15660 4780 12403 10116 1203 13828 8457 2243 17394 19875 16389 10942
17522 15361 8685 6642 11289 10434 5600 10445 1116 7223 11250 9605 17925 15322 19678 1014 7040 8668 9894 1417 15272 10602 5451 19630 18326 12456
10523 9837 1690 5402 14774 568 19146 5327 9837 9138 19219 18522 3261 8837 14687 18921 8622 8689 11071 1852 8751 18015 18840 2109 2965 135
10014 19722 15374 15767 15194 6302 1578 12798 10337 16594 6685 562 14492 11621 12786 2410 2564 6801 19443 8256 7005 6147 2574 8649 9401 5385
3878 3424 1123 1739 17637 7824 15537 17011 19694 8180 3763 10284 2124 17756 18684 2420 270 15532 8733 9834 14103 1596 7686 17251 8312 6835
3036 9550 8311 12864 11151 5140 11503 11493 18433 7114 1891 10394 9314 17103 19853 4133 14011 3450 4782 5945 2596 17221 19302 6311 3327 12213
2163 1322 14344 11986 816 9979 8022 11818 2930 17659 12256 11212 14295 19283 11281 3684 8707 7790 6661 9175 3443 8721 105 7168 7626 18051
14792 16847 6190 16656 15158 212 16188 14573 19513 13099 9522 13588 375 10905 19086 205 17235 8010 11573 1408 12109 11090 6130 2997 7760 6400
1624 19877 14812 12875 15736 16514 5404 10339 2430 19046 11399 4816 7541 17113 3794 17063 18959 19781 18793 12265 11911 3920 3979 2843 13228 16634
15838 9567 862 1139 17486 3243 19505 17301 12351 13736 8204 6183 1498 12858 2235 8434 11301 3970 13478 17590 3640 6717 18452 5667 6378 586
15217 486 18589 7909 19680 9298 13432 12314 7747 17322 10503 17121 58 10922 15668 9275 6111 4149 19891 4835 10313 5898 13244 14029 15431 475
19939 1547 19515 3907 4764 18217 10475 4798 10780 4338 4815 11148 7938 10843 12374 16299 18247 16459 16192 15329 15046 5411 3652 14083 8801 2814
13819 12062 3118 18021 914 7027 1126 4532 8758 6593 1047 6317 12183 11182 19347 795 12150 17175 16694 327 3016 3293 11649 6324 4184 19169
12748 7280 7044 3889 3961 1871 363 3785 1793 3392 16798 6369 3762 9765 116 8105 3283 17466 12654 19701 11338 2344 7974 15378 602 5024
10605 11031 4827 10795 1940 17215 17695 16221 6543 19083 13123 8357 17246 5916 15838 15878 9582 833 11583 702 10207 12961 14670 1616 13409 14878
1989 6438 823 8345 6381 6530 1635 14781 15093 1577 7026 8338 6476 9856 4216 10501 11934 19720 11271 7805 10332 5861 18739 15684 4413 6909
16625 1654 19462 18599 1604 2816 9337 17482 17698 13220 11806 11796 8014 4733 10075 1960 4958 3795 11291 5659 13062 8438 5952 7023 7763 13030
1730 13101 13045 8222 12168 5533 12275 14869 5727 1598 12917 8896 19042 14591 18643 13494 9802 5579 8587 4364 8600 18485 13260 19429 15266 15325
5733 17911 1354 2196 120 946 19953 17372 3694 10241 18196 13084 7582 4114 5102 16440 10237 2848 19130 13226 11277 911 11017 8694 14328 15258
984 10904 10287 10743 1516 15291 6002 4412 1455 309 14357 13298 5325 455 611 9084 9441 13425 8841 2812 9288 6938 5796 4691 18999 4504
12580 6382 15749 6549 1813 15333 2559 19200 10417 18901 1275 18167 12082 15147 12178 4458 12551 3172 13539 2270 14104 14450 8072 9768 11826 5366
1586 17989 7322 17598 2954 19897 4634 4299 8306 1730 6217 11485 10583 4525 8726 11555 5354 3306 4672 3719 1311 1231 4668 14714 18153 11241
5446 18720 4044 1618 1668 10391 5959 10488 3151 3352 1525 12896 18904 14443 2805 19449 13526 14473 824 15202 3618 7205 13353 6161 19423 5026
5671 18378 4410 13301 15411 6615 5279 15535 7042 15247 18884 13805 17471 1026 14459 11096 6300 5538 13574 10728 8048 14154 1161 17375 213 18378
18747 7597 19517 8945 7145 16285 5271 19865 1052 13144 17690 947 19711 9610 7881 19951 12454 14500 10890 14358 3631 11105 12674 1033 4319 19163
13188 3846 13961 14809 14620 1770 5926 12312 1394 18030 2297 7389 1577 18888 1221 2646 11792 4820 16594 2433 13544 4731 1189 13657 12093 11855
16203 8674 3534 9512 15093 7122 7517 6760 3276 3572 3483 6821 14288 4734 4727 9219 5179 13546 16034 18763 3898 742 3695 4286 2918 7848
9727 3453 3432 12122 16299 13475 4264 14288 15899 6479 14171 17811 11357 11810 17666 10169 1793 15224 12302 14304 12772 7488 12564 13363 10923 11626
15398 7574 453 12677 14861 17800 12079 7504 3970 4762 10917 2768 9056 138 5402 13814 11716 18480 614 14712 4682 3702 9451 2383 16326 8618
5660 3679 3615 12741 14119 11164 4187 7877 5114 13707 14989 576 16343 7444 12240 10205 18155 15690 7238 8343 11727 9228 19712 9514 12160 13267
19159 13049 1202 17315 9716 412 5503 17533 11954 13658 17737 3082 12380 13022 18872 19432 17629 12887 14927 9965 15104 7330 3460 5955 17633 17814
17905 10850 14253 12247 5301 10422 7141 17987 18392 9607 17691 8885 3917 10073 14963 8649 18824 18405 4675 1392 8193 3320 696 4558 15480 10490
5991 13476 4404 13580 16929 6017 10147 3481 18638 8248 5266 7014 8615 10995 546 11960 3727 3740 11502 14263 7001 3695 19442 1331 9212 13021
12669 13259 11481 2796 16205 11742 7476 1334 15862 12402 9529 13952 1844 19793 13177 10126 9039 8149 6186 4455 19305 1442 9808 5431 99 19057
18172 2184 416 12463 1538 10150 11798 13576 19598 10752 7378 4409 18608 1736 4910 16828 13393 15804 5482 17639 6363 5644 4797 7706 15391 6832
17966 6806 8367 1731 4191 958 5920 16706 5661 764 1557 3928 15772 2265 1641 16090 5052 3591 9911 15732 15112 18616 11724 10604 15963 10294
9294 6732 12192 15703 14818 15758 19828 14483 264 10751 4277 15224 19992 5577 10703 1065 6219 18003 11968 450 308 11549 1057 11457 19497 3603
9238 2460 4699 6853 12110 19651 5245 9901 11842 3030 18281 1092 1236 10980 17871 19490 17285 16648 12403 6124 7303 17543 5957 8826 1404 18710
6948 17610 6489 2853 5555 6457 15489 10816 8492 17855 8856 11187 13091 17644 19761 402 850 17091 16247 3074 18207 5836 15400 8611 15982 2837
3776 7778 1542 12988 13343 6238 14898 19193 1839 17134 3975 5281 16939 15165 7738 2046 647 16993 17185 15321 12174 19266 1104 15167 11905 2859
8026 8304 5145 16102 18654 19753 430 12883 9563 2863 4329 18846 11990 12049 1261 13824 8877 9849 18994 5756 170 6847 7903 10486 19833 17905
10481 19550 7711 12202 10789 9452 7588 18639 7607 17137 4321 14963 91 11009 12329 4433 2357 6990 15500 2723 19081 18508 8261 10517 3026 10496
3522 10901 14078 19124 18451 15605 1584 13349 1121 7315 4314 1085 17744 17153 8424 2880 19007 18959 19481 12293 4504 15640 14847 10191 10866 9420
15314 1787 16781 6803 8466 3201 12730 14894 16260 437 14066 10314 5930 12741 4691 2522 4256 11898 18000 5610 16240 12683 15464 3422 14386 2550
16513 10302 18883 1342 10526 17363 1559 11573 15192 10945 14976 14570 7618 3848 2777 19886 4207 2464 16856 13565 4067 5557 6980 237 13326 17150
19876 18393 6560 14646 10728 18295 8509 3866 12183 7481 15725 16819 12294 8288 7473 3771 10416 11664 8552 135 3273 5348 10265 14134 7505 19731
1607 1363 2221 6431 6671 16396 8125 19464 19086 16505 122 12913 7992 6214 4160 14306 9457 9607 19196 14534 14685 15454 14719 918 10790 17457
14690 14737 4545 15929 9818 18712 16291 4273 1930 243 2815 10157 326 4479 8730 1174 8635 13628 10667 13938 19246 19390 87 3758 7819 1940
4508 7763 12196 16210 12302 15163 721 11835 7415 17973 12573 13913 11216 16874 15068 9469 12958 2704 11524 18625 15583 16868 6134 2588 17663 12043
1429 13800 15263 12171 4083 18066 115 6475 1637 13026 3167 7866 415 877 11897 8200 15704 16700 1493 5721 11672 9161 10896 15272 15289 13083
1348 5920 9394 7255 2404 2209 4672 17373 4020 8608 4653 6786 19467 3194 8929 8906 18963 15514 15089 3414 6518 7248 1702 6603 1206 1668
13197 5403 13829 17594 17064 12381 16591 5939 2939 16160 17600 14970 13153 5150 4010 11260 4037 7210 4616 19834 16448 13889 5695 5367 18571 13847
19987 12403 3632 10660 3469 13365 3493 13360 13509 2980 12871 11930 12877 3718 9662 12215 10289 13467 5605 3343 9208 17792 19846 3929 1406 11277
13623 7518 6288 3203 2207 1958 10765 10793 8895 16450 7328 4726 2818 7857 834 17476 12732 13050 10785 16409 18219 1227 14073 7999 1766 15933
1528 2618 1011 18899 12180 601 4411 19623 17514 18899 4511 2022 12028 11019 8734 19360 15462 8405 3172 7489 4991 14242 14186 6764 5983 6936
15722 16413 1283 4084 19519 8344 270 17945 3768 4153 1186 2633 7536 10584 10598 2135 4902 3644 851 11256 17952 17873 3415 6355 6070 375
16574 1208 7037 16982 17995 17128 8960 868 6192 15688 9078 14870 3992 13299 4629 8111 14102 8903 10842 776 418 18758 4232 10756 18285 19153
9626 13391 15110 17767 11618 9737 17933 7224 11089 8673 17529 13900 18470 10171 18157 6221 16380 11015 15147 16261 9939 15386 5660 18932 10172 4209
67 2392 777 14066 1324 6399 7561 10731 11505 12033 2575 17475 11550 7379 6596 12900 10440 10133 2140 4664 18316 5887 13228 17517 13693 14544
1017 8704 2037 3479 5257 4967 4228 1913 18305 9517 8236 478 9781 3106 2695 9063 13861 16448 5251 4057 13823 18052 18422 9647 10301 18125
9464 6741 14448 17984 9524 781 5006 19195 1641 11367 17333 14546 16365 422 16308 8329 6977 12700 19650 19843 9940 4588 16097 12258 10857 12393
8602 16646 4734 19662 10938 632 11083 6079 6506 17225 13719 8966 4483 14009 4774 19658 3526 2604 5139 19336 9941 15777 7230 1579 2512 9957
11135 9408 5362 10228 5792 16498 17769 9793 8200 1891 2872 9637 922 17211 10890 14235 13577 19427 201 2428 1652 17085 492 11627 12481 16403
15120 998 19646 2986 14723 18231 6699 9649 5756 414 6724 4152 11113 12093 212 1847 14477 16649 6361 8073 5779 11935 11827 1860 12523 4308
10141 8574 16817 2492 3916 17554 14534 3903 14279 7921 13828 14837 15915 9046 18071 9593 8892 5141 4441 10733 7686 7703 6293 4915 9445 2223
2625 4369 15127 18070 18791 15422 566 14697 188 3407 17841 6758 16576 18615 4570 6770 8253 9822 14236 19397 1247 10630 8409 3615 14712 4966
19089 18125 6336 2941 4403 10764 11384 2593 1073 14547 14150 13523 473 17876 742 10421 5903 10689 6438 5060 6533 9095 11189 17621 12129 16719
2577 16879 874 12331 19457 6672 13972 13971 14081 16048 12207 18088 15229 17704 2571 11642 1472 534 7959 6280 225 5383 7678 12478 12283 556
14259 12095 18929 18343 8158 6245 7614 10176 3143 12900 4881 3089 19990 19681 13590 16012 3980 14790 4061 11982 8523 5742 5664 17441 11617 12574
19499 14793 18890 8752 276 150 9813 10295 3058 319 18802 8004 17515 18709 1933 14795 18144 5531 14791 12781 1612 11497 14589 12000 10540 12929
18702 11723 3409 19222 19529 18431 5661 8282 12879 10014 8641 11743 18342 9271 3981 941 10618 9136 14243 2109 8738 14190 17237 18340 18038 15475
12506 12776 5942 13079 3053 11729 19822 17898 17478 19571 9095 2905 7845 14028 6577 2284 11339 9013 13375 12216 1870 7202 6107 10235 10451 7081
611 3719 11047 11713 15183 18075 5844 8140 13647 8375 1008 8282 8664 9191 8783 10020 5048 6601 10305 867 5891 15852 4204 9364 9746 4719
417 7299 17106 7726 3711 16616 18383 6094 4932 10784 19372 556 12 14884 4032 13029 5334 13856 19584 691 16974 16486 13411 3195 4325 7813
12018 7031 19752 10668 5125 14095 18331 19555 17221 10001 6674 9172 1511 14653 5994 18010 19644 554 17375 17017 615 17050 10 4180 16602 7653
2055 14769 8235 14143 18621 13915 13662 12889 1723 12399 11159 8418 15331 2903 16502 15943 16125 18724 6212 1508 19758 19738 468 15259 13075 15726
12392 12456 4499 750 6226 17885 3295 7271 3348 19897 19450 2761 16931 18432 855 7605 15053 5011 3055 1897 15025 14525 15762 9304 18025 10631
2248 10843 553 7202 8131 9068 19686 18608 7339 10928 4252 11685 9235 5571 564 14800 9126 19754 15409 19381 19033 9310 15122 18672 15859 18402
14261 13566 17210 18889 9638 13850 19135 12670 15458 10636 18281 223 17474 15723 15775 3086 5596 9488 12480 11291 5263 4634 17494 4828 17 3900
19675 2689 5243 2647 1500 4223 5730 2761 5329 11821 6028 18871 15191 7027 13172 18809 18143 13888 18545 15081 11370 8068 11531 14327 4733 12351
18130 1669 17251 6838 7819 10059 15546 5309 63 19192 18988 16654 15887 5215 11463 18858 18981 16027 1633 16344 16261 9212 1762 6697 7235 17902
16661 10968 10549 92 14146 2358 4916 19739 19446 18245 19565 9280 2469 14590 8715 13946 6502 16948 13322 11766 6462 7537 17972 9251 2633 10540
14580 8285 2136 18526 15421 3394 11007 5270 6008 18091 13386 1980 9955 13124 2701 12355 6791 5409 17266 19086 1246 14296 10869 12852 17134 2446
34 5814 19639 14939 18079 18594 13520 7361 19007 9369 7036 2281 17081 7836 7685 7992 9103 9726 7581 481 15550 15244 13295 17577 3311 14345
8921 5521 4966 5749 11288 18766 1167 1967 15863 6195 12317 6044 17295 3994 7837 8875 12591 410 10929 6525 3301 18600 822 3648 15352 7641
7905 5099 2025 4714 16515 7635 18654 15321 10292 17929 18389 2287 2391 12223 16446 16982 14189 12520 2692 13407 19130 11742 536 9801 19555 4160
8174 16717 12902 3533 5259 10678 141 18176 8556 4288 11882 12940 836 11419 12985 11902 244 4994 7338 11495 14260 9190 4913 18156 9047 7531
13336 6262 17123 4508 16229 11428 10755 9770 6143 8354 5900 16435 6724 12910 16836 18643 11971 1789 14618 5887 5445 1726 2550 2701 12649 1906
3078 5006 1170 6919 3425 2400 13854 15672 10682 10994 15585 16957 17824 11624 10794 16206 6485 14091 8096 8646 15969 6669 15539 16314 13680 14581
8066 9469 685 3734 2045 7694 12422 1756 11265 17972 17612 715 12215 13506 14772 6686 712 12192 4540 2519 13372 11764 9893 19866 16343 9713
5454 19038 15409 11314 10660 8677 2104 4863 8333 14866 1886 8696 939 18768 3326 2121 1187 9811 14622 16772 18455 2492 17951 19617 9748 3831
1337 6163 11422 6535 5176 11756 3398 9189 12471 14629 18906 15125 11570 7605 12752 7695 9259 19332 12944 5172 5783 8054 7410 3261 11783 10714
13792 11818 8027 3449 3635 8438 14723 225 19587 13902 12236 10125 19236 5867 535 7291 18311 6924 6471 10034 2 9334 19685 5987 4070 17661
18577 3067 10290 18919 5619 12803 8783 13092 4420 10406 317 17127 6925 8666 4939 8057 5876 15585 15620 14576 11459 16910 13396 3651 16117 1562
8289 16949 9328 12311 2380 9297 15514 15789 11771 8186 12648 19141 2845 7701 8513 9789 7031 7129 696 7915 3070 2547 5976 17751 9635 11245
901 4228 16613 9767 7950 4260 2807 182 5954 453 10135 15464 18941 5975 8373 19468 1964 8390 19287 17966 10283 16192 8231 3714 2450 4185
8947 12201 1986 13651 6852 16195 13501 15616 18748 178 16123 10864 14979 1050 16601 8224 6660 1945 5562 2514 7933 15826 12595 11043 16443 19996
18598 9113 11813 5795 19912 14301 12456 5504 4630 12737 8291 16197 4836 9858 9918 1717 3177 1137 2138 11108 1463 49 1907 552 10664 19002
7462 15350 11784 8936 14007 9188 12288 19808 6691 14835 6882 13546 14465 18528 11492 11408 3025 4506 3205 5698 1048 16693 16139 6982 9911 5156
19915 19917 18294 2834 19493 16631 5711 6560 15876 8323 2163 7462 12865 13708 15313 14013 11786 2597 2771 19203 5185 13198 18548 10926 8100 1355
19344 3176 18961 8468 16130 9077 7680 9567 11098 9711 19677 19918 8892 229 4097 1874 18965 17889 3555 16781 8649 14909 14668 13474 5697 16094
11013 17900 7967 3744 17915 11832 8213 13800 13421 6295 19306 18371 10813 2350 4097 4007 6315 17085 2617 7828 17221 4963 17045 1856 18845 10054
4006 3594 13047 14686 16567 17952 4724 3922 13823 1052 6059 12404 12183 7813 3948 5629 1115 11752 18045 15433 18170 12573 7571 6164 6017 9715
6759 6502 19551 3270 6472 9901 18976 18666 14121 19606 12811 9480 10976 6278 13945 18315 12955 1317 16225 11002 172 18880 18213 415 860 10080
4245 11332 17605 8705 7322 3144 3040 18478 1335 3710 4994 9593 19159 16160 12852 5824 14836 11749 8007 2795 7618 15737 13953 6556 2939 1393
1934 17972 15663 13580 9328 6489 17008 9090 4336 18216 9655 13183 4141 19643 9348 10018 194 14579 3517 5247 18999 4407 13502 11630 7991 9419
12675 13063 5661 3391 796 16776 5919 2939 6527 2638 2764 10211 1663 10686 5942 6715 11019 5503 11587 15577 832 9578 2981 9440 4138 19907
15507 18819 10223 6341 281 12058 1 9399 3900 9227 16062 8068 8359 15267 5198 15814 17501 11623 5258 12229 5746 13562 826 18602 19651 3226
4468 16939 3649 8629 9168 941 13965 18097 19327 17231 11637 15024 16709 15557 4567 2705 2997 12491 9619 15613 5878 11081 3902 508 15329 9077
13476 8448 18394 1937 210 11014 13554 16597 15338 8486 7706 7093 17094 19089 9581 11605 6757 5644 2658 12212 10432 5064 6428 10612 9320 9855
1140 11917 18410 1765 4981 12127 4125 17833 6025 8724 13773 13318 5699 15572 11430 13203 4993 2134 15789 5292 1667 9360 10295 6268 3915 14587
19272 16205 4358 6333 3578 14797 1895 7508 6809 9299 13173 2676 9727 12756 11958 18888 19784 15049 12348 12519 2845 12228 8234 18154 11384 6686
5013 11046 3436 17211 4236 1277 11125 7747 19895 9853 19684 16950 2164 47 10509 3614 1830 5062 17633 7177 1395 1643 1605 9640 19666 14173
19304 11812 8133 3871 10602 5746 14766 6962 17046 1397 11199 16860 8941 15890 5900 7911 317 15179 13384 3489 8840 7182 5652 12950 17564 11844
1061 12100 4543 13037 15587 13841 6375 4114 9096 5525 5453 19686 15151 10703 12534 13387 10154 8399 19050 3584 9353 7230 5568 9639 16276 5163
9839 10506 8905 14885 19360 4948 18588 13627 16161 3038 3946 18288 16456 13797 14160 120 17828 14213 16718 2446 4101 18379 3945 8459 5933 820
14174 19064 759 12330 9505 910 3787 6780 14855 5885 8779 9594 19729 9988 13739 17266 971 15338 15920 11341 14653 15314 4918 2251 7525 1447
3012 19303 6447 18072 4216 11560 10067 546 1230 3680 3191 11476 18008 5806 3873 13319 8116 10703 4371 9556 3171 19849 17249 11032 11337 5943
10823 16028 19796 4212 7585 15203 8894 1494 12515 13488 1739 19999 14561 2883 19702 3361 18483 10458 16834 866 19765 3735 18596 18663 12655 12817
10196 8663 10565 12417 1023 778 2128 1008 689 7618 15720 9457 14867 2295 19398 11919 10406 14514 7291 15272 14573 12387 6021 12930 16231 11159
12002 4592 6736 8487 10965 3781 7621 3956 1837 19951 4640 11670 2935 4090 6560 2572 18335 17032 1132 12040 10858 7963 2599 17059 5263 12726
3964 524 11728 17550 10752 1868 18378 18923 9018 8942 19648 19872 2907 4040 8036 14620 678 13505 8469 14467 12987 15097 18704 15930 1633 14509
11041 14739 2317 9748 11631 14382 18451 13946 14403 5522 5604 12410 7296 5126 5837 15787 16253 11836 4139 598 14665 6098 2620 2562 10414 15729
13145 1241 7546 13802 7298 385 15171 18104 15231 5353 10814 11880 4647 4960 15099 9553 152 11436 11696 1874 9134 2241 1474 19630 7474 11383
16239 18161 5597 14854 6159 16084 4202 9842 14205 8685 19468 3788 1055 474 12015 7738 11085 10463 10150 9478 9859 4276 11121 10546 683 11212
11965 7670 16085 1530 3485 8537 18810 15260 5776 2256 3471 15299 1236 6270 10858 839 2276 16754 8988 7504 18812 2322 13977 12323 2524 18759
14184 994 7522 16518 6722 4339 4903 6527 18124 16353 17570 19136 12993 1224 4310 7699 14490 8172 7062 355 11643 1583 13855 16415 18507 15071
1356 19272 17124 2534 2438 19522 19235 13645 19243 5047 11043 646 1 8586 219 2843 16296 624 4970 10892 10832 1436 866 10512 17160 18933
13706 18478 16370 5788 16601 7122 3020 11549 17180 6529 9779 17014 9898 5776 11543 8524 14386 19988 6643 17764 1665 1396 14377 17462 3577 17742
3619 9022 702 6124 15080 16969 14093 15061 14504 13616 13690 15590 15444 1324 17742 869 10540 898 10143 17823 13523 16334 19034 18219 11369 14575
12435 852 19556 11072 19157 1041 7162 7998 956 17621 13209 4105 5601 3213 9667 12987 13489 6929 6153 13619 12597 920 15079 2654 1591 12923
4180 9459 4163 177 16481 7014 4059 14938 19169 19080 2412 4976 12197 16142 4606 11116 17868 9718 2009 1540 17620 1984 13124 13813 9631 4782
18335 3787 1066 3214 360 19658 12911 15789 8145 14479 14398 13869 7787 7315 4381 2746 19948 11724 3228 7520 15587 19867 15820 11837 17038 9084
14191 2990 13440 11245 8489 17608 15206 2512 14175 3047 12492 9587 10503 5517 18578 16613 9364 11233 9675 16005 16216 10117 4405 14437 942 14905
3073 10834 3498 14821 6258 19711 19362 2785 7693 10773 10926 2591 11957 5920 15766 10293 18809 3374 19667 10156 16704 19478 2353 14170 15246 6138
7529 7927 8899 7032 8936 13576 2023 6344 19576 16746 3851 4739 11008 6608 10576 9379 1945 8652 17931 13255 9406 4985 15829 7737 1818 7751
2849 12914 8474 1017 5754 5260 3386 8560 16249 2502 8489 1366 7227 5315 12424 17550 6909 441 15399 8543 19503 18432 18520 10217 2956 5771
4007 4434 9389 16719 9912 16424 8796 13901 4061 7818 16752 7300 7381 13581 3968 873 17663 2077 4082 11383 14180 12052 10344 15651 11612 4982
6833 9502 14033 14230 7373 10033 18142 14089 13580 18798 17619 7913 1638 462 14708 19900 8721 19945 2667 19557 2402 448 6324 5664 9771 186
8241 17489 13995 4714 4419 11118 15546 14058 5006 13085 2508 8450 12357 19278 3182 15615 10650 19421 1206 4726 17948 10145 6788 7213 9389 8841
666 7677 5800 572 19626 1669 317 4097 6487 19287 5850 3896 3581 8330 17570 16169 8214 11421 14574 14516 3233 19946 19368 12910 15454 7426
15577 1440 10152 893 8103 15127 14215 7248 10768 16109 18507 18714 960 18925 18192 14810 17908 945 10133 10054 13999 18463 10109 15332 12350 2402
3627 8784 11455 209 17905 17389 13924 9069 267 19779 17706 19870 2633 14762 1897 14291 9324 19969 8271 2265 6184 7002 10944 395 3604 4689
16592 7529 6009 4610 10863 5236 7154 10963 8100 5557 3627 8668 19684 19729 2273 182 17737 3781 13620 17128 10199 14365 15848 12544 1514 17458
3698 12316 17462 15187 8768 9920 15190 17732 10585 15725 19848 15212 780 16288 8142 1333 2818 6584 10905 16752 11072 2880 17029 19608 16361 9306
8351 6810 5767 2123 12173 2918 9814 15644 10195 18993 15975 17262 6608 19479 2402 12867 7348 14444 12785 15891 5409 15138 11099 942 9674 9560
415 9136 17429 15088 12239 17560 10189 13517 15864 5941 9363 526 3886 16026 10305 16464 17731 2733 4906 14893 7208 9875 17605 1667 2162 3909
18291 7687 13890 4344 15782 16316 10842 19088 5082 14198 10453 3759 17862 2319 793 3671 11022 14141 5179 19654 8296 12649 6774 15534 19480 16081
393 9595 366 11222 6487 4535 8861 16065 9218 10684 9366 4980 9103 13709 18354 13903 7634 5259 3252 17770 4632 2176 17471 16140 13642 4343
1111 5753 19173 3470 12262 6647 10451 1819 6972 2493 13407 1161 1068 19550 11139 19651 18345 16345 18766 4761 17466 13592 7975 16794 1388 7370
