365
15 94 82 44 37 16 45 98 76 54 48 26 76 82 40 31 50 5 25 53 25 58 36 29 82 57
12975 4465 3615 11784 9211 14073 11953 13358 3924 2995 12628 3494 7907 15339 4486 813 4793 15324 2437 19114 2867 18873 78 13182 1931 4470
13114 17379 5273 6344 9383 18528 1996 7387 13499 11448 15937 19265 3730 18423 16409 11709 10274 11462 16807 12359 6091 7791 9919 17146 17752 1790
2331 14721 2414 13161 5638 11772 19928 16251 10117 18042 6546 19710 16688 15663 16721 14171 11779 17585 13279 10017 17472 15247 17787 3766 6913 17667
7082 15371 13698 4848 5577 16590 109 2793 6592 9419 12386 15809 18332 18617 10808 8528 15610 9221 9105 5222 11110 10955 6640 11002 8633 9081
1285 8839 3969 17229 4401 1944 18710 9110 3980 10663 17239 12279 17434 11832 3011 8679 14128 8894 10683 314 9412 14510 3637 962 9036 12470
6813 14059 969 6631 1662 11634 9674 17511 18445 334 5350 12425 14765 10293 4811 15703 14400 15339 18719 17359 1471 18293 4394 6973 14241 2458
1005 531 18984 8029 14927 12710 16862 17690 6176 5633 7691 14985 17111 1582 12564 2949 11646 654 18339 5947 46 2936 18205 5269 10762 2083
12215 3852 12099 9888 8932 14054 18443 6987 11812 1137 17145 19194 2064 19637 16851 11734 4279 3532 11950 17115 3737 14748 6334 5095 13100 12288
15345 11538 1382 13397 17537 4422 3142 1433 15084 15620 6133 19418 568 18077 13259 858 15092 1371 9294 10534 9749 13015 12051 3212 17142 9328
11163 19772 17929 10511 9379 929 4902 12625 11413 15578 14288 7346 7450 15645 825 10617 6517 18115 9909 8101 8318 9589 10559 12790 13018 6011
10465 3661 1514 3159 5811 18649 16633 5285 11140 17650 17414 8727 9682 17927 11113 3025 6261 14060 16341 3918 15854 8900 7576 13818 12768 8271
18595 13255 9925 537 15853 17326 7121 18362 11316 14045 554 7938 345 18760 13628 14013 8599 5210 12572 388 2091 10295 11057 9159 19837 6918
17905 4895 14459 14103 1899 15720 8583 17323 14064 15660 18202 15286 1013 9115 16387 19191 7488 13412 9139 3791 18141 970 5269 17668 14416 13230
16890 7869 14910 11014 6174 11772 17864 19842 18141 19935 15471 16134 8521 11242 7449 8569 5686 15619 4712 2793 17345 9418 6282 16633 19697 19698
11847 12981 16587 10655 15736 9262 15922 6995 4851 19968 9245 18967 7950 12266 15100 17256 12436 13685 19835 19863 13723 6178 1489 3158 3415 12986
2294 9095 8483 17558 16165 4894 1173 16602 13864 10404 2202 50 2048 12688 4799 13110 15965 7966 10463 3062 12802 19662 11777 19354 19657 16072
10807 3095 9620 2067 10999 15137 4337 1305 3625 11225 5502 2567 19116 13202 11927 17079 13323 17996 19960 5231 18836 13259 10661 10166 4352 3442
5199 19426 9220 11557 7059 19389 18414 16918 15650 15696 5545 7664 3559 16859 3472 19434 5762 6783 8255 16335 18589 15208 3065 480 7650 6886
19237 11775 15997 13224 6340 18609 11326 3879 7460 13197 13233 13892 9419 9610 17645 18856 7305 1532 18952 6203 19199 863 111 19874 12144 7443
2948 17355 13237 16102 4447 2685 12953 13323 15254 19152 3116 8561 2344 8588 12200 7510 8233 14355 2003 10623 5759 16123 18736 10383 7715 19562
12646 18396 10446 18542 18288 6275 14007 4297 6007 19670 11166 14285 4968 15666 4978 6055 19368 19109 17700 5970 13357 19078 8479 13873 7591 1352
13684 3885 17196 7641 5910 19727 7703 7874 1691 13604 7447 2102 3799 10623 6599 9747 4367 5425 16929 15231 318 7604 6801 5123 14472 5849
11330 18208 11094 8483 11908 15158 8622 2333 1546 17066 19119 6177 1235 13387 5802 6624 15357 15322 11419 4351 15467 6439 7976 15883 18033 18766
14394 4567 2161 1381 7569 9706 3146 16734 13156 10178 19569 16219 10114 7167 15568 15379 5719 12084 762 18325 17458 7359 13853 6245 1902 2592
9984 3594 14920 14005 8345 9679 12230 7222 15667 7440 7159 14950 13617 5784 12261 16996 4597 5965 13411 9309 2942 11436 4227 12272 16874 16628
15786 2744 619 13844 3683 5160 4408 4567 3371 4629 656 6611 14648 11232 11217 1001 18463 3985 2188 5742 5617 12515 7626 3142 18636 213
1862 5163 12496 4751 12764 1523 12941 8490 14172 786 478 11133 7426 16094 9007 18507 19494 4003 12016 12636 9693 19676 5007 11888 15704 19773
8077 15255 1093 3606 14450 14411 2823 9828 18370 18237 19596 8950 13691 6087 12795 19430 1236 17644 8198 12330 9940 8596 3086 2750 3635 13632
12151 6726 3363 6435 17688 15339 17415 16531 11266 17310 15662 17974 3466 3138 5970 1126 10206 18206 12363 19957 16586 518 11439 4230 9397 14429
12953 6143 15044 18832 16156 6056 11839 3380 479 13357 388 10641 13375 6004 15006 19183 4487 7480 616 16481 672 627 16379 18065 9497 5843
2679 15848 3610 1994 17551 4088 2397 5375 11063 19329 12256 13937 13066 7174 17071 19202 18484 6277 5890 188 16985 14834 1008 2400 16579 12868
789 2389 16228 11273 15905 4850 11912 5569 19780 6833 14110 1084 19090 18829 9870 8313 132 6514 1379 6480 13203 827 2623 4615 17096 3941
5152 2387 16241 15436 16481 5572 19808 5673 15410 17164 17365 9937 6847 11501 2237 19214 907 16059 14056 9369 5124 13781 17304 6653 16393 12997
17571 6946 15689 14063 3843 15228 19440 7979 11621 12373 1091 8013 19687 3763 557 5563 10375 1944 7385 3464 7978 15824 14209 3278 7925 10168
7841 12121 3483 345 5099 5923 14027 6939 15915 3705 2453 6775 1237 9392 17277 18650 6504 5654 6597 3523 2263 11525 16815 14101 1944 6886
19319 18473 4321 8218 6938 10490 13599 3981 14539 10286 9475 9359 2380 7187 977 2322 6 17072 12670 1385 8696 17369 10079 11372 6424 6577
479 5780 6830 11345 9238 18994 4143 15389 14833 4754 8645 11111 10548 11296 1596 8186 15232 5102 17435 761 2607 19785 13969 4737 17458 3547
13208 18282 2944 220 4438 17555 1834 7219 8682 17141 2850 19014 17407 10092 6906 8510 17273 7889 16055 11869 17970 16405 7381 17603 19150 16589
13119 6286 16095 7065 9833 852 8462 1414 4541 2570 10994 12655 18477 2153 78 8923 15887 10109 12501 4609 14778 19327 14971 11941 388 5211
14316 18685 19628 2826 147 11928 10874 4356 12340 12694 7371 10036 10824 13498 6895 8420 2981 5913 17809 11953 16573 12818 5746 12604 17250 6391
3031 6258 15549 13569 19176 3163 6526 6489 12353 6248 19786 3235 13461 6192 11285 7436 12804 13493 10902 2814 18969 1489 9628 16202 1398 6374
1712 19049 2265 13622 5531 12586 1534 8552 10703 2217 10784 3961 10271 14391 2585 8939 19571 12643 10794 13507 1845 16987 6306 14743 10762 10791
8023 14914 18440 16060 16997 16615 14098 11506 8815 15536 19246 16365 3123 10357 11610 10207 4153 6745 2197 983 15152 2008 5552 17386 1687 12503
7317 11500 13517 16114 7060 9437 2264 6957 14843 3232 3950 2393 17348 5303 11847 3501 11624 18176 1624 11303 15683 9694 11210 10984 7345 19482
8210 1482 15100 18870 9838 17508 11394 18107 17743 16194 17070 12466 5683 19086 15328 15684 15563 10046 8421 7044 9140 19946 4050 4493 4075 16996
3818 17535 3279 416 12640 10625 3446 3829 18686 17900 5673 13550 225 18197 17728 2678 5823 9266 6636 5593 11805 327 5553 3616 9072 13089
17721 17717 445 17439 18795 12696 17645 2132 11549 19971 14500 12082 15727 17676 15435 1090 8585 15046 10176 14176 15952 5999 7822 9136 16725 15098
1961 12090 14571 5781 17611 17619 13588 14319 17395 19674 13177 6283 19170 6073 19599 2092 18000 10803 14191 18519 13513 13074 199 4592 14983 15557
3417 3226 8762 7449 7583 10471 15051 17962 3803 7106 10263 6 9851 9149 8027 625 13770 8830 8190 19588 12074 6346 6407 11240 3642 12859
10128 15786 8795 11977 17012 11666 12507 7644 16175 6146 11315 17134 639 15471 3867 8560 4974 13223 6817 3410 18939 300 17723 16466 16652 4721
16047 7170 10871 12188 3694 14452 6551 11586 225 19278 10102 13263 1197 14160 18399 3792 3552 6362 17004 16419 6944 2604 18178 18286 19840 186
18232 10568 3303 729 15937 10352 17969 4537 15855 13262 14350 12526 13733 10126 13476 2717 3205 19049 5171 10867 17077 7197 5593 3358 10997 13825
15902 19799 1061 6018 11005 19792 5756 18012 5760 4962 4839 16121 8377 12020 19149 19629 10582 3658 8194 10792 19794 7629 15176 17174 2589 10427
7296 18891 4642 16665 16102 19566 15417 14830 2434 17876 16586 16085 14251 118 11850 14270 19452 17058 14191 4250 5342 16539 17086 18317 12881 12185
2954 16902 12463 4262 17282 15891 4409 238 4117 19735 14937 9173 17738 1649 8131 3631 8540 12915 170 16480 6954 17637 16677 11501 19099 8796
5696 9626 19258 5885 4375 14472 2802 8297 15729 5466 2603 5137 6290 15879 6112 1897 11942 5692 8515 12201 5166 140 19807 4371 8618 2162
8527 1035 2728 4383 16810 714 8418 6457 13627 5352 14774 2174 10997 18363 11581 2035 3015 3956 15687 17812 2235 16126 372 9018 6483 15879
6325 5134 4425 14668 9786 11028 16191 17492 1508 1594 9240 16893 19667 5468 8864 2696 17942 1135 14812 6098 11962 12489 7518 8288 19425 7397
14256 6937 9813 62 15096 1807 19266 15312 5165 904 9404 18080 15952 18778 8855 17198 4130 13795 5662 16883 18256 18618 11814 418 6858 19291
12237 18729 1059 2444 2360 1987 18891 8365 14895 14232 3550 729 3516 13978 3650 10621 1484 12444 16734 17359 148 12295 16746 13114 18394 12767
9002 145 731 8084 1115 2566 10047 9843 18061 12389 10616 12195 17331 17032 12660 35 7186 15913 6969 11055 10843 15080 7800 13769 15458 2781
299 15080 691 18694 10956 12155 13087 7279 18967 19358 3719 1727 76 18871 8533 11724 16876 1737 15269 4351 9336 18871 16329 10962 4060 6108
5482 17154 19614 11459 14485 10165 16175 2894 2821 16059 10058 13268 3383 5879 8613 3932 12850 6785 504 14340 15592 4298 12044 14573 480 112
8034 17046 3194 5905 1437 10524 19231 11363 1038 9280 11720 19411 11547 5931 10353 8260 6437 10364 5679 13669 18542 17911 12611 12009 13031 686
12882 12954 7451 9438 9480 15864 10054 677 3719 1292 4375 355 4992 8946 10710 18713 7040 19865 15295 9679 8183 2398 10902 6543 2538 4118
5408 10952 4926 16147 8491 19907 7499 5700 11952 9530 18267 9839 8747 1513 14576 19795 17924 11165 11576 7737 1171 14040 3526 16323 19789 13826
13676 2298 15122 12581 3594 12176 4168 12287 5366 5227 14893 15262 16706 4470 240 17864 342 488 13369 5119 13317 1003 9798 11903 14715 670
5214 17628 6821 2137 11656 5755 9797 378 17990 18676 6875 15535 1835 6963 12221 14928 15972 5310 7146 3325 6925 5928 7647 14241 6628 3527
14157 17777 18769 5877 16759 11270 18093 3370 1581 19581 1130 4346 16749 15649 11130 14084 788 19616 17791 92 17786 19217 1124 9690 16726 15694
8251 15206 17600 3804 14411 10338 10438 13406 359 11025 4885 15342 18375 6535 35 1627 15127 10776 9663 4387 5399 16953 5841 1576 18789 10143
4675 14315 13846 14321 14876 15864 6359 3310 8475 9449 17452 18643 19076 1595 5884 3998 5749 10393 15640 5027 47 18246 9797 18506 15821 6560
12242 12933 4101 19869 7815 5301 17743 16599 7502 13682 12643 7989 9093 15609 15137 5225 13266 8725 10282 6509 2574 19798 3942 217 5301 12272
5098 2433 8040 12108 11254 1201 14243 15527 17504 7207 12435 493 11715 18887 10696 19200 753 19423 4445 15315 13389 5010 16696 16388 19338 3560
12355 9052 5128 15646 12978 7312 18654 675 18508 3245 2721 15359 1232 18116 15534 18864 7529 5228 11411 19805 16927 1935 18364 14663 2817 5164
7679 12067 17476 16359 12617 14518 9950 1928 13126 2957 2940 6615 2665 17270 2114 7926 3745 8111 12003 9521 5703 1028 8986 4626 12656 16000
17855 19420 15868 16871 14135 19310 4322 9906 16886 17234 7331 13440 5822 19107 19614 9854 1366 11316 1202 917 5370 204 6535 7633 7488 11991
1231 14699 12568 10852 4765 5159 15681 19915 8747 7580 1251 17588 6699 709 73 16480 13725 15243 929 16475 3802 2477 19923 18825 4510 16113
17999 9980 12295 18597 18707 14016 19083 3677 8066 17011 4380 12873 13864 12636 14278 9594 6523 6368 14160 15351 19125 17637 12011 39 14695 13789
4788 18620 2300 12768 17407 8402 18356 13227 3954 17725 1703 19418 10264 584 6329 6085 10120 18875 8456 16235 11668 7007 9432 2921 9842 19997
14610 11777 6255 5486 8085 541 8775 6358 7395 3593 18697 4809 8347 5223 12397 15364 6169 8847 472 3527 8733 2667 8446 15502 2371 6022
2711 14797 14961 4059 19120 10995 6562 13597 19552 4406 522 10248 7739 16771 2415 19101 3586 16595 1171 14024 10819 12779 12328 3660 19159 947
15143 3492 10081 15303 3439 18900 14248 7120 5594 14642 12318 13873 11558 2566 17033 10119 8560 116 13121 18876 19170 5792 14215 19486 14660 17418
19688 3285 14168 5627 19788 11761 11066 11382 6760 1891 3261 11004 14758 4982 18424 5115 6263 14240 18261 19297 10005 10844 15485 14613 8536 9033
16571 13749 14655 1832 4190 19635 15071 11544 19337 1426 4986 2037 5980 6370 8707 10687 4095 12503 7693 10737 12984 15765 1016 13913 17240 11499
1824 8480 5196 11567 6621 13436 10156 4507 2321 5238 2293 14966 2788 6501 17874 220 4334 6916 1557 11200 16690 9834 10169 4499 11156 2821
17698 5654 8828 6694 19370 14751 18009 3918 14951 4312 6399 17867 6574 14941 15149 13534 3234 7544 8418 14192 17330 8899 1614 5317 6783 4890
15621 5558 11887 18350 3081 5680 11785 15314 17732 13931 15508 8165 13052 3505 15802 19169 1415 17289 11676 7918 4634 12698 10244 4366 10649 4620
2491 13273 103 14099 18521 18094 11042 13598 9413 12282 5423 7426 7456 19677 1324 5359 18846 5736 1918 13049 8370 16526 13833 3971 19720 19630
17128 15989 16313 13907 6814 10580 14745 9966 12833 16879 7186 9212 18834 15824 18427 10999 167 15335 4283 5150 6034 7970 5453 16390 5887 12698
13863 5272 7468 9730 15327 4458 2930 1702 14566 15906 6495 3242 4002 19550 12074 9369 10675 16992 5670 15509 10466 14405 16642 16156 5463 13049
4226 17552 8591 4365 2479 2562 6025 4536 7788 3388 14853 19328 19740 9912 9318 4443 11639 16575 12016 3209 2450 19510 14555 16009 11466 18597
14948 2240 19360 14692 10695 4805 19698 7918 18301 11325 14229 16112 5614 3618 1113 14657 16299 8589 6830 17147 9977 10256 19372 15775 2576 12343
18228 1246 7509 12505 9103 10959 7429 15413 4441 3802 9896 1717 2809 3921 4596 1342 5883 6643 8851 12187 19139 18185 8455 10553 718 15421
19953 16388 4053 17984 10684 5034 3720 9148 2679 8764 12412 7882 15062 3767 6783 18233 15743 2189 11306 10485 14853 10677 7318 19591 19327 7616
3503 16094 6456 7418 19652 18485 321 12073 8421 6612 18465 7298 17963 13817 9873 4073 16443 8266 5384 17086 9458 1143 16685 8894 8283 8677
11427 11171 10346 2744 13285 15994 1002 8870 12153 16490 17622 443 8741 10647 6087 12653 10568 114 6610 1187 11242 8331 17999 15131 9955 15452
4997 15286 3997 207 19119 9993 718 11527 7018 735 7830 19564 13264 10794 17921 12002 2228 13839 17946 4552 9105 12277 5074 5260 1866 3191
5374 14059 18634 6286 7399 4537 324 19983 15787 14169 19151 13149 19356 1637 15608 12025 14898 9095 18850 16520 13704 788 10859 13851 4461 9331
1352 6569 7776 9089 15568 10439 7487 13310 818 17499 16813 10994 13201 2537 5261 14229 18761 1559 14241 4261 5552 6879 6167 14255 2040 18200
9103 18214 17240 4301 13085 5820 16116 5921 8650 7673 6118 9418 16260 6156 2542 13083 5088 7064 2753 4981 10618 15890 1929 18983 17099 12334
6713 5120 8635 3570 14727 6742 8492 15349 7372 8771 8495 19469 10908 9858 3397 13819 14973 19765 8200 17462 15538 316 5699 1192 6988 6579
19103 15260 15101 18778 9117 9514 15191 10758 18767 8669 15844 16028 14908 1317 3431 7572 8974 1636 2878 14699 14025 14394 2025 12587 85 17860
10985 15887 11308 18639 5878 15189 825 5359 381 6104 11704 10264 9878 19960 13616 4462 18617 4257 18882 2485 1237 14820 15126 18973 15996 6179
1555 16446 2608 12704 19103 10034 15155 19057 14141 2686 10885 5352 8217 10414 4498 11324 17052 395 10074 18690 4893 486 17097 2142 5770 4603
18179 14673 3743 4537 8328 766 60 1481 18013 17035 2139 14853 3684 16060 17633 14512 11931 15690 4033 395 10601 18414 2542 6286 1398 1438
14545 13479 3569 17917 6137 14449 15812 18562 19779 4543 3246 6492 1485 1144 3794 2808 5390 3602 17772 13154 9793 14820 14798 13944 11992 19524
3568 8893 15009 16228 8232 15587 2157 8018 6950 18714 11044 10922 19184 17502 16445 9739 513 7368 460 9350 1514 6838 12848 10391 1445 1220
9462 17341 8664 13970 17355 15097 3601 7212 3206 2485 13032 766 14321 17423 18353 15505 16488 13577 4706 1532 5755 13891 18058 17404 8933 16878
13928 8777 2767 17570 15590 3868 10197 1537 3341 17515 4533 12136 16250 2463 9859 18455 19597 13549 8882 16865 11750 15055 16990 11447 8466 2136
16082 3410 3795 12331 14023 10604 9436 14114 11785 13799 291 14964 5924 3190 9473 17728 6415 18914 12969 8796 4625 7791 11229 4610 5082 8474
5020 14994 19404 13803 7231 8465 17095 5255 13650 10524 17879 5950 17688 2816 1726 11956 6238 7289 15059 16990 12778 19394 15670 555 742 16480
2987 18324 9675 17786 6916 13142 10397 12383 9127 16284 13281 2135 1276 1840 3839 2626 19109 12428 5160 9569 8530 14149 12346 7396 1650 14911
1754 6070 14351 17322 8374 10746 15619 3972 7035 19763 8785 11533 7738 8383 19140 9323 11879 9889 19831 5319 18936 14862 11386 14314 14372 13687
6313 15813 9525 16169 13934 2025 14610 1513 13584 10276 7045 12583 17306 9076 15119 4438 14820 2289 16920 6465 1899 14934 17824 9036 9235 9557
9390 10965 1739 12368 10882 931 13017 18612 19887 9892 16494 12398 4325 19540 9722 908 12060 6012 13020 8845 12153 9814 18941 19777 1965 17835
5767 18166 6289 17642 12806 13611 9767 9037 2045 12312 10029 13154 950 12879 16821 17895 2185 9969 412 18417 3628 6642 12527 16488 2581 3233
3210 17047 2005 10691 2910 5382 11237 19616 14162 9539 19371 14385 16643 7779 14629 2583 861 11449 15960 15038 10024 15304 3765 13526 3752 17070
6887 4859 17503 9556 19685 7851 7166 8078 12694 10774 14968 3192 5045 10748 11905 15752 8412 1127 10107 5620 11262 7925 16301 8636 3865 1707
11512 6695 14169 12360 19844 8745 10929 17399 19341 15422 8489 8386 12095 19495 19946 8952 17503 766 8093 19717 16574 10764 10778 13888 9209 7225
7504 8177 19491 3739 10355 7246 19844 9655 6503 3357 19059 8768 16566 7403 13734 19698 3223 6231 11718 1164 7670 4209 1257 2255 10074 16319
896 4002 6076 14359 9072 7125 5736 9362 18756 7949 9962 168 1240 4777 13044 339 11720 15965 6760 12411 5255 18626 15376 13451 8786 296
1268 12807 12632 12054 15773 7679 12407 835 7078 3900 5895 14912 14822 9997 5870 17219 17927 876 6932 8104 2654 3138 6458 2523 6441 19948
19540 16998 4547 1667 14897 1746 17361 17949 3339 9406 14965 12522 5072 10073 17451 15759 3667 3937 731 1266 10138 13134 1703 5888 5263 1490
10525 5226 5585 13510 4343 17149 4541 12699 18157 15600 18068 6554 15297 5663 11497 14047 15016 11490 4411 1288 5425 8048 6755 574 735 13519
19047 16189 12321 2342 17125 16864 2850 10849 14866 17701 3730 8649 2728 10538 9630 3289 2636 18315 16599 19254 612 380 11203 4181 9362 6968
5784 5513 12462 7579 1685 6165 1612 9781 8982 15884 3079 1368 153 18772 8969 17490 4647 16031 4441 4979 7362 8937 4553 15719 19030 12704
17405 6718 1118 3611 9167 2087 19833 17282 5218 17929 12389 6094 1948 15141 1181 4257 14033 10565 19476 10297 4769 12021 15450 11403 18744 14437
13128 823 5364 19592 702 10447 3279 19857 8773 17356 19014 680 8976 4520 1247 9239 828 12078 16820 5035 5364 8059 8481 2481 11216 1646
18665 7562 11175 17265 2877 3315 1795 14717 13380 17912 17093 18158 644 3472 7678 7449 10068 16885 4134 5143 12174 2984 8219 3413 17517 6432
14762 804 8358 3818 19065 13201 6921 1756 4226 7452 12130 1423 18768 14311 12120 19247 16307 19221 5205 19557 19295 14276 12068 8329 17985 1078
13362 5454 14528 8186 18534 5318 14411 13774 15533 13587 2561 14023 4577 1269 11075 11008 8549 4274 14884 10917 7785 2051 15168 17277 6942 12224
6350 9142 14032 9843 15403 19973 13845 11320 8440 5685 11081 12417 18290 512 5369 6414 16426 2529 19216 4700 7142 15859 10924 25 7670 5489
11872 9516 1162 2387 12753 9632 14190 1199 4247 14387 6777 1204 18257 15492 7719 7086 7284 8780 1036 260 2920 16152 13033 11514 17077 3779
12757 15360 17316 16216 18850 3341 5262 1133 19981 17073 12981 19059 15247 17182 8016 14597 183 1628 15402 3960 16730 2570 11568 8480 12918 7729
6064 1973 125 14505 8053 5688 18775 17381 10325 14652 402 8365 8203 6541 70 13448 5372 4089 7459 2033 12794 19036 16385 9899 5110 15292
6253 12670 10966 8324 623 6032 17846 12013 16068 14978 8113 487 7821 1247 2056 18927 19496 9501 13971 13950 16920 11626 17038 787 11448 18054
19006 1609 18444 14324 10249 8249 16887 4952 5406 5588 10807 6444 3523 2711 17277 3880 12494 13558 18543 6683 12119 3818 1228 15854 8013 4616
19523 8817 18802 16418 17283 12207 8822 5232 1032 2346 15350 14097 13139 12719 19318 7569 19375 3725 7589 936 10673 16982 13521 18251 11699 4374
18051 7011 16594 5671 10651 6373 3391 5404 7943 16674 8301 675 11744 2040 4958 873 12112 18209 7095 18190 8111 16467 12761 13569 489 8961
16188 11015 11560 5968 1060 3278 9176 9517 5075 13894 12575 5056 3134 7658 11149 10965 19609 2888 12158 83 17036 16850 12720 5379 2359 5193
9166 11171 18029 11303 17982 549 7084 4656 8204 3169 16188 6328 13231 10985 2921 19877 2381 14049 165 7306 9644 4952 13916 9279 3698 11408
15282 6071 18035 16150 16388 5430 14507 18396 9314 1137 8128 11281 17936 14539 9509 19744 18847 1951 10160 4426 17503 19482 618 2307 17053 5012
2597 10703 3289 12196 1664 5303 14381 91 19384 14819 4299 5375 3180 5462 4951 12992 8640 4328 11813 15087 4464 9073 8830 14560 14651 1399
8965 9930 19772 5948 9568 7666 769 14192 12101 2216 404 564 16870 8173 15899 19872 18177 19977 11922 3191 8038 9440 11765 8507 15250 3928
7276 4082 11040 8523 13663 11316 10448 855 6710 14776 3817 16888 6254 5675 6812 9334 3479 15078 624 4996 18343 12901 12271 17086 11819 11510
5599 2651 3792 13894 2848 2484 3913 18682 19556 15819 8494 12447 18756 6581 8426 15099 13715 11815 7714 4614 4967 14367 16270 19476 18138 14474
11387 721 16042 5725 3714 15675 896 10913 16798 11938 5503 18070 5922 6878 16377 12424 19714 5457 16442 4860 18476 19532 14581 1143 17766 502
10247 19708 12425 6376 7844 16991 17870 2017 17935 2563 11789 8529 16610 4121 16082 3149 18380 14968 12987 17814 6101 13579 6622 230 13472 1909
14406 7962 8794 10169 10799 3968 11660 13764 7113 8033 4716 11272 11092 4164 19973 11161 14144 13665 16344 8446 11289 12964 12621 11427 15743 8493
6922 13232 10152 13588 3176 14321 18244 19528 14533 16350 10693 19015 13881 14127 3228 16206 16323 14478 18665 2891 5537 17402 1044 5479 10926 18110
12774 17352 15383 8828 3510 16102 1929 5585 17268 6374 14826 13693 16000 9205 521 12846 17794 2432 6460 13972 17885 1299 2317 11566 3887 1330
16027 8103 15506 7026 14167 15915 13134 10745 18657 13831 15746 6254 15257 2067 313 1013 8645 17265 6123 12763 3381 19488 16962 12740 4934 18324
3168 2610 12155 9261 9246 9112 14195 857 1195 8893 3468 10321 12539 10882 5252 13344 18520 16640 5091 4288 8140 8757 11577 11674 17037 6359
2567 19180 11459 18478 3431 17666 17861 17626 15470 16966 15799 636 1413 7619 5310 14197 5248 11041 7769 1178 5716 3204 4889 9838 2083 7218
408 19304 16936 6941 1597 12918 2434 8996 2103 15972 15540 13436 1991 18726 16049 8727 16955 14708 14585 7069 15237 17331 283 10376 17165 610
19792 16253 7314 6819 5408 5029 1623 13731 6571 16650 11659 10239 4514 521 13076 3678 8365 4867 14938 11936 67 8406 10442 6747 5109 12808
19455 18648 9335 833 8169 381 16114 6693 16147 8491 19462 2554 6705 19479 9163 1985 6357 16571 17462 18433 13248 10534 9626 19025 15069 16035
11949 8515 7653 17088 8785 2299 4490 1580 3402 13808 17099 15248 15152 10734 3784 1920 3327 5416 16552 16672 6261 11008 2100 14305 9568 13495
4869 11948 19925 8293 19861 6012 4518 16677 2413 18619 17487 9876 9103 19882 12962 9616 4364 8827 18695 10248 835 4849 2317 14739 11080 3115
15532 10645 18880 8048 13129 19217 3194 7682 19547 3 11081 2320 15225 12518 18 5795 16913 6945 13473 18056 8098 14752 13056 19520 10455 13615
10850 14827 2900 9588 9092 8966 18984 17005 1559 2074 18650 14715 16436 4603 3516 19778 11835 78 17119 7273 9416 11420 7127 303 5775 18598
11823 18685 684 10009 2567 15508 9857 9241 1309 19875 5841 3695 9506 12013 17220 17068 136 17490 13912 5352 13 7210 4526 4984 17917 6686
1821 9921 15631 10820 14655 8513 5024 15206 8913 9284 19146 18358 2636 15616 9208 2980 8625 8611 13558 11411 14452 15104 14904 8875 14107 16305
4330 13756 5253 7891 9044 2570 8625 19959 5200 12864 1172 19787 16357 11072 5787 14528 11248 1378 18175 14596 11783 7307 11416 17351 6427 9666
9564 5412 15310 11496 15016 14119 4947 1857 15581 10683 16465 15525 7563 3935 4296 8952 9802 13283 5395 10965 2583 9805 14625 9440 264 8944
15298 1851 3117 6026 17568 4419 7017 10077 15593 6023 16694 3494 14221 8873 4213 2653 18544 1239 9779 15950 8294 17465 8851 18855 17507 16708
16413 1505 10665 112 4079 11842 16322 13310 16487 4219 4735 5827 3904 10518 1031 18578 3996 5418 7804 16131 11135 6590 6259 10957 17897 13323
10877 18499 16801 6283 15822 9286 9909 19198 19842 1874 11477 10796 16427 9336 14287 528 16325 7537 2171 6906 8300 10486 15376 11922 7452 15759
12197 11461 16193 7290 13368 3727 11463 12870 11349 2313 6586 11494 13865 14410 6314 10804 11137 9219 9729 16095 7492 2630 15187 4776 5961 17459
19832 15957 15127 2429 17935 18528 11611 1595 1902 6734 3840 12310 19284 17422 11986 10749 9840 15409 7121 14784 11868 16453 16769 16045 14448 14769
5979 10588 17447 7951 9478 12143 3092 12610 2303 13609 9016 12612 18664 3033 3637 2410 10448 8892 19677 18764 675 18970 2472 8008 14032 6848
7989 14762 11842 6213 5954 13417 10358 19624 6727 3988 12647 6847 3519 12504 8554 15175 5566 17080 12039 10887 2432 3368 9233 17478 4417 2310
7033 2218 13111 7559 19227 19173 14412 3409 8530 9474 14558 225 16994 14991 3502 15034 9027 2873 18799 18014 18870 19681 6194 10975 9347 9816
18017 13177 15525 4812 13539 14136 5950 12564 5609 422 12668 1789 14931 14671 18103 14241 11589 10252 13425 17540 3527 3436 4231 15252 17783 3153
8525 2944 10814 11649 17976 14870 5689 12887 13867 11944 19149 6931 5863 11576 3304 12574 2611 10032 3892 5615 2609 19268 3378 19870 7322 12627
789 3489 5068 17667 19471 15552 18870 1964 16245 2119 9739 15155 13918 13116 15289 8403 1639 7101 247 8605 19711 4072 4628 19194 12911 1569
834 6724 12641 7392 15379 7836 14001 11660 4984 19224 16571 1610 13695 1910 2023 9970 12697 15202 1726 7071 16677 11363 5198 15950 7762 19581
17742 8948 7762 18917 18720 10037 16904 915 12761 2609 6693 19565 7474 10748 5064 17560 5350 14291 11788 5664 1628 13143 13773 8231 17744 5860
14077 6269 4003 13700 8250 3228 8810 9100 19282 14239 16379 11959 8581 10230 6835 16926 3206 2642 3465 16203 19182 10731 12762 4949 12824 14792
4828 6166 4226 6869 16289 5707 11733 18947 9062 2014 9686 12312 2725 17202 69 9944 2280 11419 13731 3007 5029 3125 162 5351 1358 5116
509 15445 7774 8129 18909 16660 12509 14585 701 16956 2165 8725 9299 10140 12439 17490 18531 10280 14390 19904 2091 6431 13808 4549 2099 11736
6497 18406 10127 5752 4193 1744 3085 12076 16341 1217 14257 61 15809 16453 17172 16113 16517 15192 9680 5796 19238 10430 7143 19532 863 16172
9615 11166 2384 6642 9723 14606 10797 11550 18006 11812 1914 12174 2126 5063 8101 1876 11559 4946 5506 9208 6602 5397 8636 15091 12432 16315
11043 19879 11972 15690 5871 10881 14208 2953 770 17166 14796 13587 6990 10488 8495 10607 4802 6343 14168 4947 16072 2434 9209 4461 2935 17696
19322 11195 10992 6971 16780 15061 18603 3931 14105 10826 11950 17506 1516 12044 17290 7496 9537 10294 19545 17021 9693 12053 15737 18984 14191 10850
2490 11245 9442 6963 10616 2927 1922 4971 17429 6803 14215 18036 6421 15525 444 501 4000 4179 5511 9041 3157 5518 15963 14895 8115 19654
9676 9607 1221 10089 9045 13948 12561 14337 11769 16549 8525 10423 14012 7874 16089 15584 7282 17624 14662 10438 4191 553 18990 3690 8341 6483
13203 16185 9874 19875 13459 9544 16746 11363 9439 6839 4983 8025 828 7785 16612 8781 10872 809 16023 11380 19278 6349 3825 401 18153 15280
11533 12801 1092 11874 11265 10472 5397 12933 4229 8232 3405 13342 1840 3680 16367 13232 3727 16881 1697 13584 16527 19679 17251 12442 16403 5158
19216 9598 14850 10737 1199 16237 15347 5804 959 3321 7107 1709 19753 4950 7839 13248 16929 17272 11248 18965 13516 17816 1338 10965 2166 13460
13866 12584 5775 4505 18928 5496 5773 19488 2342 19408 17184 18156 8044 3694 8224 17693 4209 14107 3066 1389 13502 1136 11219 747 14241 13197
3007 4959 12638 4956 11954 19401 11923 3461 10159 14065 17158 12909 8488 3391 18330 6029 7106 3815 1606 10563 9904 8506 9323 11674 3457 12262
16101 16838 6931 3080 19759 2711 7662 14482 9001 385 5667 18644 18650 1516 538 16450 19903 8139 9998 17917 19288 14881 10809 14829 19992 7267
15577 6267 12289 6674 10138 7790 4469 19330 3061 12069 19114 9087 13487 344 13936 15207 5361 3007 783 19388 2865 17642 9723 3914 11448 1551
6544 12151 16417 19484 9462 7816 14684 5013 9953 5529 12613 15498 18206 15763 4829 8953 13108 18448 10698 11393 19530 11085 15258 9274 10658 15195
3537 5725 6919 19125 546 2780 6842 4883 16709 10475 1622 4771 10221 6897 18723 8152 14712 324 19150 9130 1705 13483 9098 13406 19211 2783
10628 8820 14134 15774 9307 11265 11108 9426 12907 9366 6681 4613 2933 12578 12047 14106 1391 2272 12058 1119 15157 8517 9486 15539 15764 6640
13478 12797 17452 18816 5892 31 11838 1383 1247 630 14530 19884 11155 19024 18116 6325 16339 5653 16489 13444 17335 7140 643 359 9057 15333
14632 14735 16038 17704 6145 13511 19331 15497 5610 15631 15069 5715 10763 16982 10400 16401 13375 3047 17733 4109 2839 15716 15760 686 4110 2131
18369 794 12713 13408 1440 14491 821 13433 16440 7397 13602 7558 6649 15283 1986 10200 19461 3331 258 172 1807 16851 7915 11419 4608 16547
7116 9417 2339 19579 15764 6356 19844 17879 13226 17436 6426 3828 225 9639 16550 10182 5641 19096 3377 2906 14186 3199 404 2561 19395 11558
3727 9421 6178 10129 12640 13975 18961 10536 6934 18640 5535 1842 8216 8632 7040 6007 8214 6602 15231 9077 12555 15266 13904 10211 3185 5158
12379 19365 13918 12371 2722 16002 10083 16576 9916 10749 18086 15774 17500 13249 10100 4241 119 2138 15526 6894 18011 15686 5567 9213 5966 8320
4258 14626 2013 7190 4777 1514 7326 18474 5866 4332 18046 16463 2241 8712 1143 15990 1782 17271 15238 15713 1252 5163 3997 6665 11204 11226
10339 9112 16483 8773 20000 1973 15379 18745 18990 11395 17192 10931 13177 16388 828 9170 4419 2971 19202 2111 5090 19329 14375 10261 11394 746
12096 9877 18868 8503 11902 19630 12738 13716 5478 3212 8552 12683 5472 14096 7317 13373 378 8961 15970 13398 4629 17292 14688 1867 18873 6321
5764 11941 19770 16167 11093 1703 15064 12990 14783 12409 17079 1563 16131 17108 1547 14071 13905 10281 8939 16429 8562 16419 19079 10867 3290 13440
4933 19527 8023 18319 4451 18021 9595 16119 10782 3844 18400 1126 6986 4612 6129 10279 12296 14702 19209 6438 15763 3893 19242 2959 12459 10146
17462 19307 16609 5106 10818 4643 16912 19592 2608 15229 4988 16066 9563 2723 7264 6023 17321 7270 19097 7730 10799 6618 13000 9195 14322 4240
8775 14550 135 15045 11305 14903 10694 950 14662 9563 11954 14352 7638 481 6111 18037 13348 741 14215 3912 5518 9813 4872 3040 5011 6430
13999 292 6901 10622 18270 17801 4063 11395 1042 1478 12107 3797 1452 5729 5877 2196 16700 11366 1467 15085 10148 13482 10742 16234 14606 14966
18103 210 1678 18750 10080 6030 18000 19409 5517 6698 17200 12693 15331 2271 602 15511 15553 6589 15448 4117 7667 10134 18519 11470 19820 16989
17705 15292 9588 17290 19626 12125 6183 7534 1710 12040 17141 5751 5468 3826 16629 10727 3344 17113 15767 3184 9186 11751 15051 10973 19527 4721
17165 46 4595 5708 19205 19337 3028 3017 8514 1290 11362 14807 15862 1229 4769 13514 2692 18522 5216 8895 13870 9661 7188 556 13709 952
3985 11022 12853 5744 3103 15012 19682 19016 9325 4335 2799 1807 488 2359 3131 9379 4548 19760 19209 10017 1180 15176 18041 13359 13815 19333
19565 11522 10268 17963 16561 12852 35 8016 1612 14076 8197 14834 12658 16754 6593 7917 9343 3366 8874 8270 11461 9175 17591 3683 9197 2096
5443 18390 935 829 12010 10725 5707 10093 19555 10667 8627 5196 8038 5079 12402 15160 14625 10155 17379 6646 3593 17319 14355 15844 1287 19736
15515 241 1793 13914 8463 11450 18051 1339 3290 8151 9567 10957 10467 5440 7582 6747 17866 16311 5152 14482 16376 10053 19667 19019 19669 17675
12006 16147 1373 19936 12433 9319 6695 11361 19018 16471 4469 14712 11980 18885 14463 16851 18225 15592 18558 11661 10861 7379 7105 6494 7093 10460
15641 18663 4753 9922 8344 795 6802 8933 12698 5511 6459 6063 7511 14433 11953 6747 11625 6306 16765 14937 14922 13666 13635 7217 8221 5772
14255 8261 16459 7670 19222 2486 907 4151 2978 10446 13560 15745 13418 3449 1030 4922 2094 11555 18003 10896 16151 12252 8569 18019 7760 121
4650 12209 19073 12190 11666 1374 17077 8862 5121 3837 7934 12074 7877 9327 9436 5116 9527 14062 4064 10747 5463 5967 14436 15353 8543 2924
5155 8380 8568 15043 12851 9463 15768 17012 3451 5322 5243 6719 10414 422 9181 5407 19243 2262 1494 11882 18439 16934 18504 6159 4704 19368
19801 9933 12254 5111 4389 7404 9793 8647 8387 5992 9799 10236 8828 10755 4609 705 17623 5614 14560 18397 8058 10320 9443 17085 15754 12205
12635 13546 5524 735 16188 3972 3657 19131 4482 8602 13827 14600 15640 4863 10527 12902 12149 16127 1410 2787 9476 3661 8215 12209 18474 3137
17557 15685 6752 17208 5947 4887 7112 18982 9416 8750 17149 12767 10683 17680 13139 10163 6763 12705 13330 7883 8634 19064 14854 2379 7517 10128
8762 10121 6530 15115 15083 14904 10798 5238 19622 13965 4163 4144 8605 9892 12487 164 6507 16108 12624 6066 17839 11787 18183 1517 5723 5844
5805 8788 1225 706 3484 6917 524 6516 14449 1175 19683 13965 19473 7868 3801 17788 8461 15991 8288 14915 17506 13957 1517 16198 11281 4129
10122 12951 16649 9301 16101 3208 12624 3034 8374 10742 13439 13279 12099 8571 8343 1743 13122 6527 1805 11736 13923 522 4526 15434 10571 19253
17159 6516 1398 9679 2762 15058 10673 312 5321 13185 913 3730 18776 5061 9970 14105 15598 12617 8440 19340 10873 7589 12739 6442 3602 9820
12197 12572 16080 12048 8117 6838 4709 3903 8767 4250 18522 10481 8452 8822 13437 15985 3897 10364 8219 14657 16229 7993 4511 19137 18629 6003
6372 13214 16509 18668 5599 14336 6257 4241 6374 5550 19730 5317 11926 18750 14989 19083 16632 6895 2711 2805 14512 11004 14348 2832 14214 19296
14245 16168 7154 6816 2578 15636 3126 6280 3524 7808 13945 14258 14501 8773 1280 1028 15976 6121 17924 8646 8759 16749 1669 3448 9236 9510
12735 12677 8828 6967 9219 18929 7570 9594 13880 10449 19041 12230 12161 16191 19029 7559 366 3791 5298 16006 18462 8201 8164 1074 3241 6807
18017 18759 17713 16617 7118 11649 8316 5601 11002 16782 10798 14867 5518 4614 3372 8688 1092 14897 12047 1354 6398 17507 19940 17097 17679 1557
18733 6742 17224 13363 8007 2050 19639 4853 675 10517 9989 1189 3332 9940 18225 3676 4305 3688 14868 4872 10368 5115 7892 15950 5618 18604
17889 6927 5546 1010 12803 19942 7242 4000 3810 11238 11390 17543 18807 19412 8773 17643 19975 13419 4769 9409 18607 2518 7599 11117 19727 2775
3764 2641 19159 13677 13718 5314 6251 9087 2630 9381 6911 7016 1228 877 772 14658 6721 1154 9099 3475 14698 4930 11043 16302 19513 5860
9154 17092 948 1433 2810 16544 19818 2645 12056 11506 7236 3305 9763 4492 1464 9810 11344 17964 10029 7236 11690 17368 1585 10954 8817 12782
9797 11525 11071 3512 16424 18988 6415 14330 12054 17121 2033 4683 17276 9727 7625 42 7108 6689 18191 6011 7958 4618 13554 6034 5973 3994
15330 1244 11421 16860 18470 8760 17466 10163 11615 587 11734 10055 5798 4141 1737 9498 10991 3173 8547 12719 14767 19834 9386 8948 3107 776
14085 17409 2064 10785 13915 9568 15901 15165 2713 3154 7669 10667 10677 7761 11953 15749 11402 17333 349 16876 16297 18302 7260 9320 3487 14973
1539 9885 1824 19351 7647 17627 2308 6095 10584 4737 5834 6116 6210 10761 18128 18943 14087 6483 5969 5481 305 15073 14460 6997 10148 870
10711 16287 14208 19876 2170 12921 2947 13484 1816 14960 15881 2785 8973 19234 13514 19495 13681 16994 6297 7537 329 13493 13256 13668 13932 14711
261 19289 17990 1956 19610 6230 1851 10994 9144 4354 2233 1772 10138 5599 9133 3847 10807 16803 18160 17669 414 2136 4369 14455 7996 85
8270 4892 4488 8082 15997 1257 18514 10026 6555 9145 16202 3571 11080 9239 19350 13873 4734 14878 5487 16837 14098 1138 3218 19641 752 1338
17531 9937 12645 4996 18305 606 8264 14054 15922 18173 5564 555 14177 9538 16466 6774 19634 4416 5964 17431 13018 6401 6025 787 9674 4406
9627 6287 7746 1194 6276 3859 16100 4237 14057 18471 14113 11853 7302 8565 11304 1942 13896 1545 15463 19965 11553 4140 4252 16269 6590 16552
3514 3355 2323 4077 312 999 12403 1554 19053 692 15761 7544 1929 9828 13706 7627 6460 4232 15396 4444 15434 7540 5241 6050 10891 5085
60 7256 18945 17248 3747 1053 19214 17666 15699 15765 8792 7112 11336 14825 7023 17678 17379 4618 1163 2967 4723 5010 17371 12506 15476 1751
2692 2616 18525 184 19058 13000 101 8015 7155 12068 13063 17866 10715 16529 7657 6728 3364 15094 12548 16078 19880 17478 19516 8055 19526 15833
1414 7441 737 14308 974 16122 1629 8363 19961 3337 7858 6698 18062 2048 2589 5596 16996 13239 4233 5546 1027 11879 579 18549 16426 5467
14059 18947 5907 916 5075 17683 4050 6335 18977 13395 7900 4283 15563 1763 13447 8750 6507 13404 3550 8251 6965 5964 16094 7588 19018 7071
6952 12391 5501 7702 19081 15682 844 2434 7304 1325 3859 1734 1869 19278 18722 1801 14759 5250 16306 13327 3622 5020 14128 14596 15628 15532
19685 17165 8844 19312 14754 7327 12213 6518 4860 18274 11024 9031 4147 15968 8169 17195 3697 13813 3424 9451 7357 1827 19657 8233 11355 19847
18460 13169 985 206 11870 8520 3130 4654 10852 15275 16328 3787 7612 937 4174 14129 15530 3110 7434 15606 1961 4624 8158 13267 11586 10748
19708 11750 19661 5078 15532 10358 19319 2947 9288 17171 15973 12722 8939 551 12082 17137 14194 5834 7184 17103 8124 10533 18168 12375 9747 14790
2457 6631 13419 13227 2373 8618 14453 18068 8162 18646 9306 12673 4595 11148 4336 249 16511 11320 13483 18162 11565 10841 8924 16047 7548 16639
4832 17935 15422 1001 3594 11288 1830 9276 11429 2167 5806 10213 9795 16072 381 9219 6951 16642 7575 15906 9787 15575 7468 1691 14787 11874
4597 9579 6729 12065 10892 15229 13791 17449 11201 12828 2933 8186 4673 5726 6461 3642 12063 17372 10761 5082 7407 17138 12573 10097 4097 16442
2024 11187 9032 1047 5797 6114 8273 10164 15699 14454 4427 14328 9595 4615 2815 727 17150 18285 12263 11512 14673 17981 18685 9689 18906 19334
12757 18776 4752 5973 4408 5388 11646 394 13444 10295 7825 1018 12805 12806 2246 18821 7582 4893 11999 5944 16231 9714 11127 19964 19495 16567
6756 18410 6719 19081 5198 18918 14889 19850 14113 2193 17867 150 8601 15470 12821 19644 8079 7294 11986 14054 13071 10562 5099 9266 11890 11921
349 11225 11822 15520 13407 941 8244 19062 830 11265 17115 1456 13487 7451 4433 5071 1399 12328 11370 16990 11082 3082 10109 11476 1315 9085
19314 18031 835 10261 11198 13578 6204 18723 4036 16771 2869 8311 14401 14656 1976 7801 17985 16053 15262 18963 1224 8462 13998 18704 12030 6158
5907 8969 15669 10586 19245 11701 323 13613 4412 2685 11660 18047 12237 2056 10632 7172 12029 2760 2331 533 9481 10534 19140 7177 15871 8843
892 7354 12594 6312 1675 6788 1871 14609 11380 3475 7756 14166 855 13315 3270 9308 13834 6540 13560 12174 7075 10799 16300 1631 19567 6090
11692 173 11031 6684 9453 10965 9356 9452 11007 17509 18458 6735 9647 19054 7652 13222 13416 17064 12612 6168 2932 2029 4829 19974 4381 3983
17957 3147 15870 14092 2831 7331 6999 10935 6233 11445 12196 12901 16276 2424 13679 5418 14546 10045 13863 9704 4554 14264 15554 2525 17062 5785
8346 5675 6673 2172 15523 15337 19564 7873 17868 8042 13775 12719 11668 11763 15898 18978 4187 7664 19986 3510 16572 176 14415 19034 10499 844
3612 6594 7 6719 13694 488 16397 16461 18409 19027 3973 16682 19106 18856 7402 685 14895 5532 7462 11789 2350 4321 6428 17951 3745 12588
17945 2659 10863 3043 7692 5413 17389 18157 3526 15317 19536 19171 7748 194 19845 230 13648 11800 9517 2572 881 9531 11321 1130 13964 3585
8419 12760 5815 1105 16695 4672 17012 19420 8740 12094 3458 9850 5400 7041 4941 15325 5016 1232 9335 10968 340 19436 3772 14934 16997 2411
16615 4141 16155 1226 2888 17573 18371 13449 1121 14990 14220 14661 15252 1055 7543 8088 8620 15263 6101 4386 3482 11372 14156 10116 14540 10501
13632 16995 18279 9862 12361 4848 896 1793 14878 15630 12988 6415 16788 7358 18304 9403 13607 17605 18726 5726 954 8858 19066 10602 1724 12584
4118 8454 13953 13164 13805 271 18199 16365 9811 8646 11575 14453 4457 18558 10283 15846 10286 13455 9864 17123 8715 1864 17627 18400 10713 9360
3475 16319 4156 9062 4384 14301 887 8694 17124 14422 3338 7694 7999 5282 2470 14584 3455 15312 6734 19465 16940 2600 11884 1759 14923 5214
749 11861 2055 6563 15175 11856 3395 13969 16821 9093 10726 2951 13153 7273 7374 11257 6962 7074 10288 3669 10338 6954 1316 816 13977 12101
2074 6225 8348 18686 2166 9535 13213 4242 18568 8929 5644 9222 5580 17746 13881 10276 3574 1519 10816 5333 17578 3461 8685 14616 10102 2490
10705 9536 12686 5515 14340 901 9260 9596 2899 18848 8025 4808 6485 2854 2279 15987 11980 15089 10553 1036 4332 1532 2040 1786 18771 10262
15989 4574 3184 1166 7304 114 6381 14098 8669 12041 18692 13122 337 4356 17397 2914 12530 19925 13899 14365 4122 58 11680 17706 15725 19729
9849 9031 13405 1690 6260 15689 2252 19252 19295 18762 2797 739 19246 7985 14017 8075 8195 9113 2226 15129 17791 864 7488 4942 10129 1039
16777 19712 15444 748 9015 1823 18215 894 858 6417 6374 18955 5713 2353 13301 465 6857 5103 7156 17912 16938 19172 1580 3529 16381 16389
3518 14573 1937 18999 18034 3633 15625 8992 6793 15632 18237 15047 7140 14265 3639 14791 7293 4027 10280 7799 9078 5401 13217 18599 1669 12018
5851 4582 4017 17771 731 4564 4717 7934 3817 14970 4664 16674 4728 11146 16290 1265 7848 2085 7137 5142 7539 16101 8598 15686 15678 10642
10469 4311 295 6223 17161 9295 5831 7707 806 7799 2974 17140 16173 7256 13632 14186 5672 6435 365 3230 13607 18898 4514 15592 3019 14568
19739 16912 11919 19822 1423 258 17067 17487 12958 3653 4116 12021 18236 11953 15777 12356 15246 6945 6290 3025 3904 14586 9619 16855 1390 18259
18191 11349 10685 14707 6205 2987 4583 2814 5967 9129 3469 15991 9201 3905 11592 19643 7854 14098 191 8804 16632 2084 11165 16725 12794 11524
12858 772 14601 6566 12531 10785 8032 12365 12330 7822 16105 16526 13723 3716 8717 12706 3325 6201 5675 1808 16270 8568 19009 12598 9978 2374
17757 96 19507 6141 16889 9033 10371 19423 3881 16574 17314 6089 155 15897 2733 18571 13097 862 13343 846 14449 13412 13440 11841 13524 5892
540 17780 17311 5487 19339 6813 12069 13932 1795 16081 3226 6006 12581 5081 6490 2465 16916 3020 4447 1511 8449 773 7988 18058 11626 5628
13736 15687 9412 17979 15534 3113 18640 18239 13838 13851 15774 395 16093 13857 6377 373 17185 9231 18210 9644 794 18794 12127 18928 8205 6096
5530 11654 4158 8271 17654 13215 8540 11620 18026 7225 6312 9018 4488 16321 14495 19348 16498 12262 9634 14170 14655 14069 11584 347 15330 2093
9923 15507 612 7104 18306 2200 2021 12508 2975 14318 10941 5630 6545 13161 18274 6291 12869 8882 12937 369 2919 3891 16821 11803 15719 489
2756 14939 3136 354 9060 3695 16409 19158 16568 8559 4852 3003 8300 8207 10295 3728 17709 6547 17684 12659 18625 15693 15765 8659 16574 17878
9057 14837 19692 6497 9144 9387 9651 11757 3329 11986 2374 2788 7345 5038 7680 18969 15087 15980 2673 18594 15543 5596 77 15776 18317 2869
667 19384 6333 622 362 18224 10540 2173 5473 16935 9349 10366 14311 18542 2477 4767 1142 19174 17993 3521 1979 8795 5861 160 7056 976
2511 5310 11915 19055 7426 3354 9739 16266 7626 17633 1433 12408 15398 6278 9533 12902 12613 11472 14630 9911 10822 13427 11304 5516 1383 14243
4417 5040 13904 6890 7769 1833 11387 11125 8808 13404 5838 14067 2148 16470 55 7161 7034 4797 5158 9945 3674 19373 9783 1425 13107 19443
8850 9106 19033 8361 1388 7565 943 15898 3146 19920 19118 5464 16457 10156 12171 12400 1485 5466 8309 18503 7990 8091 1448 7013 10081 11259
3166 13854 9453 18945 1283 8337 16567 7962 19312 2358 18544 10377 16287 3042 6236 6449 18389 7141 1401 7803 19082 3963 12454 16990 16902 16911
11464 13323 7975 8826 5246 9235 8000 10413 1287 7180 12929 1393 13207 3431 3524 903 6282 7510 9010 1639 19776 16510 2556 14136 17555 3080
4237 16684 5740 16426 14443 6527 10981 7142 18616 14298 10333 14997 16492 5000 9258 12476 4801 2037 8023 12432 5896 14715 2770 4145 7419 6343
17124 16812 10116 18293 14814 8643 13476 9928 13011 17524 6355 15945 6779 4088 12495 9639 6349 17194 3358 12068 1549 12076 9856 427 6887 15287
10969 19075 17098 14518 4529 6805 16055 8599 17071 10327 14567 11237 3433 15313 16082 13725 13109 11647 14243 10185 12227 7299 15055 2690 1952 11976
5743 7404 13838 10581 7998 12925 5802 13261 13860 15575 14 15950 516 17451 4051 3332 7539 15399 12188 2996 575 11293 13604 1732 18996 1155
10342 10662 18954 2045 1111 1181 1669 6837 6836 18196 11306 16191 5525 4572 18047 12581 5893 11691 1428 4116 2048 2235 18684 11962 9919 19789
10553 4083 3770 7847 4570 14519 16659 1515 17890 19399 19160 15233 13759 4687 19245 17877 3078 10221 16731 10618 6508 17549 1897 3622 11439 545
3187 17509 1104 12455 19760 17806 4342 10469 4411 7567 2571 14451 16038 10346 10785 10290 13624 8920 13426 9934 12208 2467 5130 4511 2198 11220
17003 18649 10944 16333 5720 6433 2132 3519 15785 13859 8021 11196 12602 1888 8256 17392 18136 3606 660 14055 16457 10560 6781 10372 14341 3775
18009 2368 12885 18747 837 7265 10460 5311 974 15734 13186 18676 13369 14032 4569 15639 16184 4840 10997 17753 4010 16168 4858 7194 305 16616
3499 4716 4786 16635 13493 2324 16611 2624 2508 19315 3881 9872 9485 16114 10307 12635 14276 6040 3534 16904 14298 7162 16095 1994 16005 9607
8452 9957 13277 15887 13658 1423 18331 13618 3280 1396 17319 14511 17220 837 18452 10005 6642 7069 9214 47 11104 6679 6525 13365 8933 19247
15864 19568 13273 8687 3414 15602 15202 4993 1769 12903 7421 18124 7358 18596 16025 16108 6598 4012 10912 4683 4425 1097 16069 8264 5686 2129
12278 13281 11893 19184 14908 4388 16943 12999 19795 4472 7676 16491 15887 16485 1502 19504 15756 15471 6076 11618 6812 14427 9446 3271 1130 80
5733 4097 2121 5905 1335 10841 367 3204 2307 15565 18828 13485 15862 16809 9587 14409 15959 6969 9076 8576 2602 9290 12408 1965 9974 12019
15339 13351 19109 10877 17852 17044 16576 10439 5540 16754 14838 1392 3208 7270 13497 10629 13334 236 19416 3560 12662 17366 8780 9091 3940 16932
15844 1710 14080 1101 12947 11943 15453 18392 14676 6030 16745 19241 15675 3060 16655 14819 2781 8858 10756 15031 819 11811 14442 16806 15603 5959
3038 17256 200 19490 6265 8107 6247 8457 8252 9164 4057 5331 8048 17232 12513 10122 11640 14230 1633 16826 11507 15387 12367 11626 19370 1515
1581 4486 1587 9593 8431 5796 14012 19210 4084 11295 2369 11257 11827 10138 17728 2616 4906 8420 6504 8400 2718 19825 4823 10551 14958 17474
17715 12615 1158 17915 17902 15911 10548 18579 1402 17700 8811 10138 9698 18766 19728 12166 10452 16401 15650 17715 2981 15452 17219 3079 4595 860
7748 18946 11535 2407 6091 8751 11538 3011 9578 10254 10010 12732 9686 14566 15536 4455 14257 5266 2366 1395 9474 2431 7889 10991 60 2999
16724 17070 18031 1378 10987 413 3923 13068 1719 12881 3889 13140 13796 13015 3041 9542 8599 13351 448 5755 9690 8394 4107 9289 4867 1360
2954 8744 15097 9461 3616 14086 18877 3211 10667 8595 12845 14872 8562 10343 13999 16619 16362 19519 3038 19082 10949 14084 1968 95 3872 4583
8907 6340 3025 17912 4469 17999 11983 16642 14821 2606 10784 4594 12009 19156 16022 14033 18904 10440 4843 11532 15901 15314 9588 1627 2038 16289
4986 14030 9882 16186 1718 7827 7906 4535 3164 19093 1296 906 14871 14429 10693 816 7010 15948 12653 15902 18431 4154 1204 16449 17594 9053
12427 14301 19733 6078 10832 4528 4524 14585 10788 6520 5364 3781 8057 13984 3404 11560 16553 816 4828 677 14411 18522 14626 7850 9401 8014
16666 5678 8377 3492 5823 18692 19615 6682 8455 633 7550 6279 7501 11459 19690 13813 670 8345 11119 18398 4318 18884 638 19434 6295 10745
15375 14533 3496 4039 9026 9119 7795 2533 1185 7976 14416 6377 17692 8171 2112 11348 6260 4516 9511 11642 3413 11900 16666 2696 11100 6483
1063 1771 10940 18702 6526 433 1656 6816 4679 2715 12460 19711 18092 17265 17625 7373 16475 15499 14066 1488 17583 4107 3862 5651 7625 18436
8325 15959 13217 1844 3136 18263 1428 661 10815 2108 17598 17859 14753 14028 5517 17078 6343 12370 15462 18474 17767 16708 4166 16368 4981 16014
18856 8873 4357 16474 8946 12165 67 1966 6287 1174 1650 9355 14526 17213 15060 19019 8626 10924 7383 4274 15327 4662 5102 15453 6056 2298
3534 7062 9935 5175 13186 12598 257 4846 10100 10949 9389 15701 9844 14957 7438 165 14005 5562 11900 3702 4206 11942 10900 3823 8572 12583
4828 7465 2727 9365 7689 18237 1648 19732 19403 3784 5173 19128 6324 9791 11254 7197 6745 15696 18567 6731 12293 2323 624 14955 16353 14249
779 17646 6598 10494 6390 3916 13257 3077 5469 14982 4596 8262 19460 16300 19638 3494 14876 4012 12629 4957 3161 6689 5282 5448 16279 9807
12082 9956 5938 12028 2753 8158 3255 7391 14366 14387 17175 11603 11202 5896 11821 19993 10651 16578 9363 14701 16488 8774 14572 3346 9403 13608
4349 13587 4929 7667 1538 3881 8968 6922 5012 12623 8489 11074 18527 6167 8518 18342 2695 387 7146 11619 346 16903 10403 4796 8553 13125
15801 11707 16910 10502 10948 19152 8397 5679 6731 11447 9251 4390 14670 5905 19674 18339 11508 13833 5460 19413 17581 8119 19519 2424 9420 11240
8729 1619 18115 2032 16979 5134 5512 682 18829 12774 1465 11249 14139 12930 2349 8220 12204 11821 9959 14900 5353 19522 11050 627 12740 2526
4800 7064 10015 18121 15378 11084 2731 8152 9794 5083 3728 17959 17581 1252 16369 16823 711 8174 19105 12428 18527 18634 6078 18759 13959 10599
19996 12854 19534 15086 8254 11184 5155 19033 19840 11783 15455 1465 13306 5756 19844 3347 14427 17649 12098 4624 16001 13781 5812 18024 16311 6653
14219 13477 6053 940 8584 3215 9834 6706 16184 16363 11972 13240 6913 8543 8165 7958 1096 13810 15794 4569 3250 5978 19576 7481 9755 417
11215 9141 15539 3813 19765 10309 3276 7261 10271 18209 12051 3982 6053 12765 2399 16668 15115 8449 17809 12059 3196 13500 16032 15398 245 18804
14050 18572 11476 7091 3921 5734 15003 12285 6283 19778 4222 9155 255 8676 14557 15230 6811 6643 2767 14753 3054 4239 14470 5582 19310 425
13047 8723 8538 1116 7530 4259 15187 14473 9999 16016 12648 5879 12646 17008 15192 5782 17403 16322 6417 4171 896 14003 5132 13299 13103 11791
18800 4758 14365 17591 14301 8058 9473 3059 9683 11586 8974 10587 4578 39 16031 11234 11425 6383 18964 14112 13035 8822 12219 15265 2453 9773
912 8847 15421 11021 6423 817 3234 5021 14624 248 6565 19133 4624 4240 15374 15185 14847 17567 4994 6721 2321 6663 10612 8322 2422 3400
8323 19887 2147 7167 17357 2838 13240 15398 9830 3707 7078 7927 5225 12740 1350 8698 1522 12779 9315 18034 3898 1797 12087 6920 9270 10457
7925 2970 7524 11438 4064 11901 17157 14257 10722 12665 15991 504 18164 18660 15417 8585 3391 10665 4253 16558 14317 14195 13984 14756 982 10868
5824 14580 11818 18519 13893 9286 11958 11799 14704 10106 15022 10413 19117 14519 14785 16953 17609 14326 84 19996 12943 15660 18664 5363 15173 19841
3290 2442 14182 751 1539 3451 16815 7713 17825 10630 15480 1036 9402 10556 15988 9025 8776 4072 7149 1438 14758 9137 18938 4464 17173 1956
5910 5685 15767 17679 10077 18994 17074 11173 18838 12389 9538 12514 6706 7507 4316 4560 1462 11929 16382 18840 9254 4470 999 4019 8599 9179
5388 11777 5764 2748 4266 946 917 15484 2918 4101 9270 3802 2457 7921 17766 5426 13761 8652 1877 1010 18258 15526 4994 453 2671 1505
13913 5678 10072 118 5818 11330 8867 18756 14423 3572 4129 9549 3551 1289 19496 2430 18096 15808 14218 1471 2580 14664 4021 12419 16151 12686
6921 8060 17165 15527 10250 1672 12491 3365 14607 8520 17666 14253 10002 250 12980 5860 1850 18927 5659 14133 750 10974 5725 8506 14230 18424
15752 16703 17577 12299 15860 5425 7733 13929 293 16778 7672 17988 18210 14429 16207 13514 19168 325 5297 18244 6913 13371 15044 10591 9573 14115
649 18585 2437 1725 348 8926 9551 19404 9289 11444 18762 3570 17179 16449 1577 13748 17989 14680 3744 19339 17607 469 997 2907 9281 517
16307 12047 14894 12265 11023 19936 18845 12610 37 9408 9664 10381 5148 4419 15136 17164 9909 14706 11229 11774 18531 960 17561 17391 2900 4718
1868 1654 19127 13964 15592 1824 5700 10321 13440 19737 13898 14657 18541 992 4470 1981 15305 18742 6756 6205 5336 10912 11922 3433 15962 9400
5277 19491 8594 753 6871 7131 17464 8261 11156 2576 2702 9731 3109 11363 17915 1968 4912 8720 10077 13530 1752 13638 17802 13633 4282 18447
15261 3848 2206 1146 15207 9894 17676 12731 13682 13566 5676 14623 586 7 11253 16254 17230 17164 589 863 5850 6134 12530 17396 3346 14431
4263 6857 6586 1979 9394 15485 6332 19403 11327 4506 1371 3096 8498 6023 1891 1655 14576 5244 143 10561 18558 7411 13143 19178 5117 567
3362 13216 10386 2066 540 3182 7185 3582 12152 13702 19468 17584 17737 5323 5785 4238 9775 890 11881 17394 11235 1496 4297 1899 60 18030
9910 8738 3460 1849 15816 12589 15584 7970 9599 847 4600 7513 11164 724 8748 10833 16434 17587 12729 9028 14276 6977 11917 3832 19165 13601
13142 16665 5080 5071 3214 13179 12546 19217 11425 2704 9843 6023 8617 3501 2399 8711 9124 3102 18809 13637 10550 17876 19302 1664 2609 18600
