365
10 63 6 0 70 69 41 70 16 86 27 42 30 52 60 15 26 3 9 70 76 40 19 65 48 78
3322 11219 7681 11261 10813 12235 13156 13274 13241 11714 15743 9547 6344 8116 2004 18778 16504 16098 14867 14547 8945 13583 13954 19795 18776 7531
5961 2938 11862 16889 1946 9298 6871 2737 1623 14222 4313 16812 13682 6663 8461 17675 8019 8342 5318 17487 14974 4317 1302 14402 4179 15441
18922 5635 4970 15794 14318 11904 7954 15661 12648 1636 17359 5816 9407 15792 12990 10085 17830 671 9468 14780 17947 18194 6824 7635 8788 7204
16022 15794 2738 9858 18682 4150 2190 4508 13744 2501 260 18122 2160 12996 5917 15018 8898 12067 4356 9068 8039 2675 15302 11429 7664 11900
2189 14314 19660 5949 12171 15482 1188 7820 12284 4143 4765 11847 8148 3781 17271 14182 2865 15548 5031 8865 1284 660 7738 4702 11920 9296
19234 18011 12099 9832 10287 10305 5592 7887 1841 14336 15306 13077 14457 8281 1054 9331 14148 11404 9547 15227 4601 12381 7098 14213 16581 12282
12174 13798 14794 9724 14034 8003 3754 10777 19936 7270 7167 18008 6696 6252 15485 16607 38 15503 1192 13600 3879 2932 16622 4703 5741 3302
8712 3032 1756 2184 13543 540 2095 2419 916 9179 877 15189 10434 14547 9588 11552 2902 13871 8241 5117 1676 16862 573 11187 13843 3671
4523 1157 8568 8567 10147 2609 10709 19074 14535 11642 19758 16344 19622 2390 8090 15654 14544 15539 2746 13494 9678 12924 8055 10142 996 11927
4414 13773 3630 17239 12853 18803 16464 6001 5760 2022 705 18849 3909 327 16829 5072 13392 6854 1801 15715 8069 9626 8986 19164 13578 338
1988 7469 9184 17154 11982 13146 14693 11235 13577 1783 9536 6534 8260 10173 100 11525 9907 15418 6799 9456 12640 678 15037 18918 5402 6051
1576 2508 18589 17655 10491 19741 16217 16020 3254 16873 16650 2147 19821 10673 16662 12992 11162 9319 16647 13649 13313 3476 16632 14171 13309 11890
8394 3937 9123 10790 1277 3683 6203 11286 14222 9294 6109 11621 6599 13936 951 7600 4707 16822 1528 8755 4285 17974 17621 3327 3325 414
16724 18117 572 6446 7210 1141 10404 15436 7105 3310 18000 3450 4699 11623 11856 9226 814 16735 74 3786 1903 7825 10379 4926 2037 15143
13723 13114 3855 3264 18198 6199 18438 1530 19488 8913 15551 5149 14248 8277 11824 12916 11920 10160 3056 4028 10117 1959 803 9857 4206 3592
929 2252 17070 4285 10198 11983 15046 18895 2889 5541 5828 9412 4121 15419 2397 18600 17353 17841 8169 14805 530 9343 5587 9431 12765 18026
4452 6232 10359 17627 5173 8774 10629 3757 4815 7401 12940 89 3563 4939 2042 8962 4115 2047 6955 1803 18556 5914 18526 1845 6384 17912
18138 179 17630 12232 8259 16246 13968 9843 1691 3575 10308 190 17779 18594 16091 6053 5565 12903 17841 10481 11445 13224 1625 4411 4496 10995
16969 9189 3601 2058 6317 12248 18148 9582 9800 12561 2504 17562 12711 3665 8210 13623 18839 18542 9028 1923 8456 12881 10669 14345 15013 7876
72 19520 13624 15270 17797 7495 2531 15823 2467 7178 15874 256 15694 10161 2389 3111 13528 15425 9410 7597 11581 14375 9551 6352 2077 5533
6162 14174 5122 8165 4997 3096 14126 3203 7761 3876 3080 17905 2945 204 15033 12865 16648 16925 7128 4583 3397 13616 470 10417 2964 372
12934 13861 12179 4084 2149 17588 16878 3948 16468 15230 14136 62 6972 11138 8148 2791 1058 9814 9059 2390 10735 894 12594 7421 19561 6042
4000 13282 11920 10706 10181 17964 5987 17419 9642 6410 19613 8675 4155 4823 19581 9071 16902 7588 499 3718 14877 8575 12887 5176 9470 10418
10290 18824 529 7618 466 5295 5737 16957 1219 7979 8939 785 3742 6204 13452 5940 18059 12087 2216 12063 15244 11062 10326 16623 1093 12241
19260 9390 10537 13655 11506 13779 18081 8018 12677 12198 4638 18899 11879 1191 2644 80 10092 4528 6916 14026 6467 12016 15764 3742 12010 9724
11234 424 1615 7069 14600 10414 5302 13899 10022 16332 16195 7499 7907 8939 9389 8849 10245 3682 662 10445 10533 9574 18904 3831 14062 12453
2947 7396 15894 15573 3956 14101 11468 7362 11321 15189 235 16075 13334 16439 7681 16576 5247 7856 19929 17004 2733 10954 3570 19771 13976 15374
7330 7071 9203 7401 6649 3158 163 16878 19058 8288 2996 6304 914 9256 11577 12507 9239 9422 1732 16257 173 9257 75 18741 11209 13143
8697 19582 8509 6873 12416 10231 15755 6372 17968 16145 8373 10633 15297 10558 10731 10999 18976 1694 9271 650 10568 7988 9879 11942 19511 543
2059 10108 6133 1711 18877 6676 5665 11371 4154 2659 14466 7319 10753 12742 98 18807 3720 2668 5908 4623 19522 9374 11624 8168 8575 7200
2349 10231 14615 2461 19363 18334 14549 18385 10953 10209 15994 2603 2401 12795 5872 739 19212 2823 13580 1879 13874 5624 1664 15435 13249 17488
16541 11477 5412 14656 3949 16969 3509 18312 19327 16100 4560 7503 2983 2453 11134 11048 7459 13758 13377 3141 13557 2538 6240 13090 13365 619
18956 1549 19504 15781 1229 5771 3554 3307 13350 13040 6673 2176 16909 3742 5262 12645 2911 19733 14924 19184 7619 19944 6649 8757 14025 9942
16163 11498 14462 15540 6721 14260 4227 7080 5602 13711 4670 5012 6607 6054 17201 14220 3139 7711 9424 18328 13146 8784 1013 2837 15469 3201
10796 12781 12301 1903 6429 9761 1638 19095 4037 9322 13939 6932 3165 11840 14990 12868 9769 17158 7532 10119 1094 18157 18153 14217 2191 4552
18704 4065 12086 10699 3676 16044 5047 9424 12579 541 11591 3517 972 6535 13750 18210 1423 18944 19384 12054 11708 14168 15839 1690 16528 15585
3269 4608 1455 16947 17410 9375 8126 7679 7181 8854 15742 4031 4706 14195 10972 8518 18457 14883 15602 1792 15534 17205 1059 13343 2382 1962
11199 4601 14642 10486 2618 1543 18881 5109 5995 12502 6900 4492 10582 5289 3723 3539 9998 8844 4443 9481 18750 14465 18707 19619 11130 16715
5512 5452 18526 11812 16818 9166 952 15695 13903 3929 18175 7833 17559 15123 4420 1163 5900 9775 15601 9107 17557 10038 2386 3234 9321 3016
9131 1446 7381 932 19121 16096 10688 2866 17892 19743 17339 4647 19310 12755 13998 7739 19859 12954 10928 16559 8773 1729 5984 9374 4004 4191
12568 18942 13683 4578 3768 2801 17100 5443 7044 5228 15337 15106 5847 10605 19606 7120 107 5244 11901 838 881 19955 13501 3085 16767 12069
19836 9012 435 19510 4647 18403 18227 4761 12078 3328 6653 10296 19128 10448 14754 3515 857 1958 10738 3675 9382 15099 16956 14661 1599 9767
3672 6135 2089 4306 14273 5463 18627 10860 13145 14788 8696 8220 130 18391 15959 19156 3401 4045 9230 8952 174 2880 9095 6303 16202 162
12643 12094 7161 2317 6725 949 14500 6658 10461 1701 19588 13172 15364 10829 11973 14679 16152 8218 12800 14495 19967 6509 877 6769 10600 10099
15597 5962 11156 14424 6464 875 13997 18026 2131 11086 8043 19449 5311 13800 2181 16854 10003 18785 5964 6017 778 4074 5976 17178 8594 354
4789 13179 13269 14811 10524 17190 5835 6537 4083 10100 12279 7000 13442 4355 19319 14531 8777 2320 1108 2066 11889 19925 5111 18955 12077 187
16406 17089 8348 15545 2979 14355 2820 4425 12541 17459 2737 19134 13725 18791 4107 16478 4954 4847 14441 10564 12705 12798 12724 9757 14673 10613
4183 1572 723 7033 15622 2396 17471 3480 19373 1730 8882 16077 6164 9816 8004 17765 19704 7400 555 9565 14680 3879 17339 10007 9256 14819
7650 17437 18923 2938 16350 18686 14578 15203 16056 3774 7235 8620 7772 15185 19070 10641 18173 1183 14483 10054 9050 9551 13492 15133 13070 3370
17277 8287 15704 10484 2157 6405 9242 1309 15917 8992 12888 2520 8625 2905 6925 14049 3241 5717 8539 9558 10298 17423 15683 11738 7533 3819
1675 14984 18908 6405 5142 13151 26 15024 3780 1800 17086 4398 8698 9675 9404 13226 19940 19795 15783 19434 18756 13580 16772 6131 8981 16715
4738 17237 19861 16177 3134 289 19665 6818 11811 6405 14509 6704 4329 9513 12877 2248 14561 6018 11539 19238 3945 1374 11359 19037 13682 17896
4144 9275 11383 15696 6257 8760 18209 9145 8410 2922 16067 17553 19418 5970 15458 1769 15184 1348 14307 8216 3332 10525 13208 717 18897 10424
5733 18152 19850 17684 9621 13857 7431 17881 14065 18684 538 14070 5741 19420 19477 15016 7507 6122 10273 14410 659 10422 15062 10990 18287 15445
13642 18085 1144 16663 10816 3542 3947 14484 3056 19404 9397 10307 18453 8581 4438 14271 11267 395 2713 2291 14104 1425 18308 10774 2062 8662
10987 18828 7393 9149 11313 16772 14588 14880 16273 10649 14067 11555 6628 8932 14125 7810 19798 11897 14402 15775 10625 5736 1361 2620 14505 11378
18062 10858 6326 1360 7140 7293 2294 10024 13803 18840 14073 12146 12507 9354 10794 19944 670 13427 5521 17993 759 16654 12230 4149 11551 6763
19208 11959 17268 13179 4020 7733 6684 19294 4955 6813 6303 9477 10450 11906 9575 10189 14278 10522 2974 9696 12405 10736 14583 14071 17283 187
11895 8013 6143 3892 8759 19143 9186 6861 14345 3781 19488 18074 15289 6475 4078 11580 18125 11843 11895 10234 5835 17463 6058 14999 10993 3347
8799 8773 1498 12081 8629 1522 16130 16252 4224 8082 3706 12783 12112 12809 9776 7286 7832 9467 12488 14327 3202 1680 18811 6765 6980 19470
885 6613 16102 15863 17092 18901 19246 8263 17414 2218 2961 1538 8077 4452 18572 281 14123 3071 3372 16775 1188 3345 9390 12305 9458 12017
13578 584 6480 4825 11203 7438 12788 13457 17492 11771 4570 1392 18326 5569 7112 7938 18852 8018 7489 3570 6797 1440 8561 3685 13177 7261
10769 12827 4410 1090 8974 4608 1376 719 19644 15926 12120 11006 984 19173 12648 15212 9757 5281 5994 10408 2053 11736 542 3424 11359 5050
16977 16548 12963 16825 9070 14896 15818 9263 4438 8070 13091 670 7864 4991 14361 11385 7910 1346 10245 14836 13422 18743 6733 16066 8956 18516
7471 3862 750 3284 1022 11817 8223 1938 19366 14156 14855 3238 15673 18496 16306 3234 17247 11377 8517 2727 19986 6298 1527 9436 12052 385
12793 5100 16752 10181 9751 9211 11255 12068 16967 2383 12408 8683 733 2659 4568 17286 461 17848 6205 17495 6126 16107 16405 10623 169 12788
16577 8159 3080 2559 12774 2492 6602 15495 9871 17623 5722 8250 5580 5557 9172 15845 10662 3321 7216 18428 18276 17244 7777 19967 16457 1461
2378 8436 9999 4019 18316 5909 2320 18188 1624 8748 113 17671 12138 6246 16913 1243 7460 5201 14285 12735 13684 944 19615 15017 9132 6617
4096 17620 13121 11014 18865 15320 14546 1101 11529 4175 13110 12550 16961 18984 12949 7677 1586 8262 9704 5712 10820 889 4950 5607 16748 2295
12236 5291 15622 11774 12380 11035 18600 955 11316 9547 10743 3474 6972 4798 5775 5894 12046 7593 15492 17453 16903 5035 702 1699 17165 19371
9735 7595 228 3179 1308 10631 19489 668 4447 14258 2128 19310 16961 1132 16809 17606 4428 7897 7055 11709 10354 4228 6448 19851 12993 17533
10125 12831 13014 7529 16398 7990 6111 16751 8844 19138 7102 15576 3365 13133 11538 10011 17842 19668 4147 5172 5028 19762 6778 2267 7254 13756
278 150 8222 12503 12446 16974 16123 8483 17297 11848 9573 16481 13247 16781 7952 15305 11003 1389 11572 13237 2136 6549 7780 15379 4956 8215
15658 12334 1924 11847 12382 2774 7716 14008 587 682 15277 14828 675 17215 3646 3485 11313 5217 11422 6317 15571 2925 7533 12678 13143 14923
15638 4736 15824 2316 7567 14896 13946 2760 8230 14147 7462 13973 8391 7303 5749 18262 10983 4059 19328 14427 15052 19481 13195 14652 15379 4187
17913 19367 7755 14292 19328 3651 19763 4470 8417 7226 7887 8777 9973 18504 16729 617 1236 13562 3159 4430 5252 11176 12858 2260 15631 14462
2883 16287 3532 8534 8006 17654 14750 667 13620 12966 7629 5194 10035 2151 592 5200 5966 2217 1702 3243 7847 11074 16487 6734 12497 5498
15929 8032 206 11055 12172 2053 3085 16049 1079 5468 596 11948 13985 17871 8610 11848 16988 5351 19331 14879 14313 7862 5323 6199 9216 2074
8711 11051 13074 16171 7527 17645 13372 15437 10613 582 3771 2885 3209 11648 4249 14298 5577 813 1101 8940 2968 4906 13420 41 12441 17002
10700 15955 3260 14107 18759 15365 8143 320 17359 3075 4578 12638 1575 14372 16163 1197 13763 19872 5550 3089 6612 5934 2311 1041 17640 15312
5890 7202 16840 1472 17330 5557 9504 13152 1221 3002 13031 3178 3356 3974 17513 11600 2107 12533 7431 18306 1295 17494 14806 9399 9116 1057
9614 1842 13057 15183 19824 9180 6697 19125 14487 3893 4334 13706 923 7508 2136 18639 15792 1053 17001 16668 17590 2812 12058 16054 12660 4420
7729 9099 18728 5474 1598 15521 12293 10294 11115 10630 16047 6704 17016 19116 11402 19098 978 3970 520 8829 3404 344 17840 7691 15920 11143
14694 3292 9735 15002 1426 8050 411 14276 6691 19616 18183 8063 18234 780 921 6336 2491 4473 19596 3383 8219 5586 2662 17527 17414 18644
18140 15632 12073 12686 15728 11648 3987 7424 16577 17403 6451 12738 10289 9126 6213 14672 2122 5588 16266 14363 568 9229 9452 11996 2382 9951
7215 15689 2787 11966 14640 17233 17498 2666 9935 6157 9472 6415 8703 7036 8568 635 17612 7221 15989 15467 18019 1218 6066 6727 13645 3106
9906 6242 514 4710 1422 17001 19732 4643 12243 17597 787 164 2126 18569 15802 14542 12601 7864 13081 14790 10911 4279 18880 18199 5037 10887
16958 17372 2764 3019 17615 8295 5483 619 13816 495 10709 2313 16169 13852 6027 18260 4868 3149 19179 12269 2698 294 88 8649 10542 6783
9383 19594 18228 11332 8993 3089 8049 19742 1682 8942 1920 9225 302 19859 7421 5954 5424 18697 5401 6587 18581 9847 6947 5265 9622 714
6927 17465 18192 19053 15842 8188 19123 12455 5923 16084 5694 8390 3484 19905 15405 9493 9244 2703 15827 11441 19521 17992 12248 11166 18238 7649
15927 4577 228 4483 11443 1397 18004 19083 1432 11908 17649 9220 18046 7445 10824 607 2757 6235 18840 4428 8218 1819 12750 2346 1548 13842
16437 3483 754 8557 18135 942 646 19001 9774 4041 15761 11120 10206 12578 781 9661 7718 11316 12879 6943 1044 17792 17991 7809 2888 11713
8741 19388 7430 16785 12080 7696 9671 6719 10021 15884 5313 9464 16780 17468 4558 13076 3484 18351 5939 1494 19726 8809 11849 1645 1517 13166
11000 14690 14534 7498 708 11598 8961 18574 12613 19584 8131 1953 12474 9742 9120 12413 19350 6990 1604 14136 9252 2169 9564 10346 12170 10373
4116 2901 9755 18214 3068 2394 8857 5152 4999 7065 6153 4904 19146 2511 17122 12588 12191 19895 2115 5305 19320 16069 4570 14491 10264 15354
11718 5657 19684 4589 17255 16971 7621 3103 8678 16021 13526 14532 2143 4853 7679 19002 2055 12190 1525 19235 3553 1093 7380 16019 13986 19255
3076 7088 7586 7938 6869 11374 13194 1181 19463 7420 6213 11275 15996 10246 8140 5279 9829 4811 15124 14592 9139 12761 13990 717 6331 17613
12823 4460 15160 8756 13075 6006 17682 17969 12757 7505 11789 12811 2587 17070 226 13152 14424 732 17260 2209 14963 12240 18083 6046 15584 4996
15 18028 8909 8259 7910 15685 19210 11506 12938 8992 10798 5274 11004 9594 7646 15780 10070 13345 3666 9436 4873 1125 17153 2104 14794 15848
6441 3288 9832 3301 8324 16678 6680 16206 14962 19790 8796 7946 11051 4421 16962 13777 1627 12908 4461 7924 9616 19600 9268 3719 18986 10162
10472 13777 6744 3136 14916 698 14940 13282 404 18568 8521 5989 2716 7186 3138 19175 4929 15135 18192 6987 13825 3653 18906 480 14282 19936
14206 8965 5437 8213 2145 9456 6077 2415 5771 4136 3636 12395 10924 825 10005 3274 8523 19111 7764 3101 12267 2676 19416 225 19804 18442
8090 18962 19448 4744 5705 5791 17400 3161 17694 4188 19271 11584 1681 17803 17648 13420 18439 15859 10809 5759 14417 9886 608 19379 15298 19041
14179 14845 4297 819 9463 17969 3808 19329 694 18517 8568 16627 18778 5845 12627 9346 16938 396 7188 3927 15655 14750 5545 15668 2064 12345
6243 1974 19819 11209 10779 9905 5343 13808 11682 3070 6412 15614 2475 14867 15704 17312 14357 11060 13638 6225 15270 11774 1669 6439 4077 9097
9795 6823 17970 9999 6688 17884 9866 3700 1845 6613 14825 12887 7872 2550 6909 9048 8911 15385 13463 14643 18582 12738 4573 15784 4221 18461
14423 7765 1295 7317 1905 5185 9933 8298 11082 4773 4503 5921 5003 17358 1955 17504 14206 839 1281 18056 14584 16360 9682 14721 8700 7197
14193 9080 13164 16627 7939 18074 704 6176 5670 3163 7939 17166 14050 11173 18628 14871 10251 2512 7277 3849 910 8730 4881 18318 11848 109
17016 14330 2467 4592 492 10945 2075 7217 8686 7211 15686 7576 5932 3632 871 15819 12364 12570 7045 18053 10651 14463 5290 17111 2173 7936
10420 6916 4687 1436 15763 11164 3967 8158 17228 7627 18600 12671 412 14253 8936 16154 4007 7552 1114 18410 520 7654 16939 9999 15229 13188
2853 12276 10841 5600 1497 12159 19896 11358 3490 10088 10717 3922 5381 18701 5806 12685 8963 5788 5703 17850 15554 2964 1656 10980 16908 6035
5970 13492 16463 8783 6201 11769 361 6258 12134 6974 7653 8203 17597 18149 9150 1535 18665 19298 19717 13256 13862 17524 16059 3110 1453 17846
1550 3888 1139 219 4320 12675 13431 7533 5501 10098 4607 18056 8824 17802 12833 19883 19761 19191 5734 8161 14484 11499 12641 2531 7919 8275
12265 12676 7630 9844 13773 4829 6151 10383 11677 2588 19429 18573 7050 2315 12745 13534 16697 17441 14885 10175 7481 9215 4768 15959 10367 12554
1009 7489 13269 16886 2911 17978 13815 1508 17157 9444 3677 16565 493 852 3625 785 7384 4789 6899 15877 16483 15907 13788 19595 14447 16258
14479 8181 11342 6883 5666 18080 19423 16160 10136 17245 17372 12793 12333 4012 16019 898 9666 3965 705 19508 15269 3416 3054 1755 12150 1662
15351 13164 1394 19521 10589 16219 14132 17359 19710 12226 5704 13750 18043 16827 839 535 16114 1995 4990 12134 19953 13151 16052 19599 5440 10488
10290 5440 17660 15362 497 1830 1114 3721 19053 959 11902 13117 13136 3566 12005 17265 8796 3461 19077 10664 16897 8205 4194 1823 1413 11743
10236 339 9011 18929 15168 12885 4041 10729 7798 8575 5743 3126 12110 6135 16967 1213 18215 190 1493 11787 10302 8360 913 19174 4558 2267
71 14523 1423 12339 2714 11910 4232 15363 19077 6273 11992 15026 10339 10092 9444 1920 5381 13661 11938 18611 11405 11780 6858 14814 10020 16519
18326 2813 2385 2148 8812 16004 10146 3059 3318 14687 16763 12481 13964 7145 9008 12146 16531 18375 9516 5520 12451 14040 11271 13581 1912 14875
17673 12030 18185 7838 4862 19171 5255 5121 469 15237 2702 11364 12891 8138 162 3011 18489 4542 19789 12780 7702 4328 7148 11465 12008 1446
15895 1851 8256 5948 13148 17447 10979 6516 1362 11481 3301 18178 19212 16598 3230 19652 671 7206 12679 19457 1901 8622 9297 8349 17064 19318
9794 19653 18668 14098 3876 1483 3036 15318 12585 10908 19734 9370 3403 8306 11986 12557 14708 18543 4418 2993 3492 13488 18073 5786 18224 7425
3860 574 11937 296 873 11874 7481 18382 12966 11618 15896 10644 1017 5944 1807 3696 3282 3203 18446 1251 15752 11621 12845 9538 10695 11172
19846 19553 7158 3124 15980 3800 2149 1121 17028 9346 14100 8859 4005 12579 5830 18893 6135 12091 16111 980 10826 18183 653 12143 9572 2782
18163 5457 10436 14640 2116 18348 18922 15218 16482 9310 5621 12759 8807 16996 1082 8475 16991 17012 16379 17708 9465 5161 19508 14067 16721 1798
954 64 9224 18753 2655 3118 6441 19379 4629 2403 11089 15301 12004 12187 9833 3899 8770 7112 12773 16803 19722 2299 19968 5111 5763 17460
12626 13708 8693 17642 12822 15903 10521 9052 7902 12504 5570 5270 993 3138 11769 16483 10741 12203 2032 7006 9418 13692 13054 12807 13019 502
689 10802 6361 1027 13265 6778 15765 7588 12670 10628 19839 15686 17526 6293 15157 9901 4238 3511 11046 19290 2672 880 9354 16520 7789 11230
13871 8958 14092 11570 385 3891 6647 17782 16272 5529 16126 12582 8397 13765 11097 10908 16317 9437 12806 17440 5509 5547 5745 10970 19869 9753
3700 1575 119 11933 9435 4310 8314 14255 420 4871 3 121 12771 14673 15311 7325 724 14904 6034 15205 15347 765 2385 8445 18496 3070
9500 11485 19707 5613 14854 15324 233 2423 874 5241 4544 7926 19540 15064 11983 6619 18571 1562 16504 11158 5884 7807 5146 7618 18185 18695
15819 14540 7043 19791 9150 18520 7431 13097 184 16847 14608 11493 1492 17975 2419 7570 19078 6262 10630 19192 12311 4851 17365 15202 5076 15299
16971 7733 10737 373 1037 596 10741 13146 18109 14036 4531 16064 702 13312 10301 16789 2176 246 16211 14315 3658 18659 3218 9053 4895 3266
1389 6869 666 8305 6858 11170 18788 9242 5839 18521 9293 11199 16241 7709 1437 7762 13412 5535 17657 1943 3814 14995 1278 1890 2936 5432
13135 8769 14802 5107 736 19188 6850 590 11662 15968 19519 5803 9639 17563 11668 7026 3068 7841 15124 17968 11907 5422 6505 16927 1701 18452
17734 17620 13929 13789 16224 4087 19470 5725 5395 5862 12204 7259 19960 15975 19721 10792 19980 17057 10270 5862 18666 15187 19065 16564 4518 10749
3200 17694 5179 9485 4589 17427 3312 12988 38 13217 15964 7285 8124 11730 4486 286 309 10812 17582 2678 15447 788 10553 1220 1360 19819
14218 15856 7283 12278 2611 9408 5630 12749 15303 6500 4506 12907 13228 19515 15355 2599 9779 15527 8221 19900 1856 7474 10208 6543 5479 4273
16647 3865 1840 1299 13513 1448 18338 17617 9941 17222 9602 16777 7625 19300 2620 3154 13697 5956 7155 2524 12866 11444 7751 14652 436 1786
18661 6050 2300 13688 9833 4860 2855 4815 19263 739 18670 5857 17996 5828 9 17192 8391 10998 16474 9816 10208 6153 7469 12070 8064 10125
10701 4895 3022 13625 3623 1289 16186 17796 5090 6212 6953 9820 15203 11605 14033 9142 12232 4897 8635 885 15584 17650 13874 9902 16998 12698
4187 5225 6233 6062 8504 6974 3427 17961 1719 3591 5274 11174 4544 8768 14980 13925 8307 19392 4635 13028 1995 4523 13033 2065 14593 10871
5338 9136 8846 12523 1491 8305 18605 16298 17938 9643 12312 14791 14902 1325 9932 5015 1428 3730 14708 11915 10573 18039 8323 10123 13353 10881
6765 16804 9173 16673 10323 7129 1013 19125 19535 18036 10596 4746 8375 13268 17237 5543 13414 6638 8343 14544 4088 14650 2710 15590 611 8851
1769 7705 7767 606 4751 2412 16359 18759 12380 10720 10743 2417 9975 14966 13644 6558 19211 11805 6595 15073 852 9891 10506 18988 15684 19462
17078 2511 18734 14431 6325 19364 5986 3566 4431 11812 2513 15354 14510 19202 19608 19811 4622 8648 1254 17602 9841 10702 9812 3747 10054 776
13177 13830 2622 3591 3266 10469 8957 10918 13579 19404 19296 891 19907 10049 3099 17064 18307 9271 6389 11775 6729 17227 4082 4653 15450 3862
8897 12065 17521 5152 10512 13759 9457 13908 7715 12362 15792 17116 6840 15636 4988 11047 2422 1811 1268 3583 9004 8147 19190 15784 13520 4624
12843 487 18564 10643 14974 8000 9907 11781 15888 11416 18180 17535 8205 4682 18039 17747 7312 14784 296 7693 820 4112 9426 9283 1395 3588
17839 11623 4137 1536 12490 12741 432 8239 6103 9994 19320 10939 10143 3617 13081 16510 11807 13636 2092 14911 1342 18136 2310 11172 4710 17346
7855 8713 4632 18914 7254 7554 8290 8610 6228 14331 11042 11154 10545 2890 15273 1565 10955 9991 3653 8437 2518 7965 14033 15614 10759 15801
10258 6176 7862 8403 7365 12854 16716 17754 8896 162 3878 9420 19816 19523 10672 3263 1978 18055 18526 9217 14409 10927 19453 8507 6939 5360
2288 18857 1172 13069 16099 15880 745 3640 6595 19109 12153 13623 16903 3043 964 6507 8255 6839 16456 140 3570 18573 15180 17454 7366 17461
11477 11444 2804 9293 14041 2178 19336 14084 15879 11474 4455 1678 12876 14091 3291 18848 5370 15550 2105 18094 18551 4821 5748 9963 11580 528
5253 11465 8567 2924 15778 2510 18352 6217 7555 17888 4751 17524 9228 5926 10941 8677 11475 8220 18480 17374 10479 16697 19484 3840 13342 12399
7401 10076 336 18582 7813 6600 6240 6272 9073 5005 15902 56 1551 4222 11597 18066 8732 18426 158 10188 16415 11928 15789 15614 16871 4266
14119 14481 4644 4062 1963 11554 15078 15957 12611 8097 19689 10694 10666 5479 7699 17806 15737 9337 734 9322 16062 6702 13850 17270 17954 3230
11120 6217 15813 1025 8274 10794 6801 579 9233 9475 15773 16115 19155 16853 901 16163 6339 8951 9619 3103 17560 16700 9226 6031 12826 18892
17648 19123 3687 7328 4102 1240 11897 12522 5030 16245 17325 13649 3286 6474 17531 7937 1690 9711 15608 15366 5377 4407 13151 9053 4992 17091
9882 9141 626 1274 2855 1095 10930 15675 9589 194 16389 11207 696 5161 1355 18389 10005 24 15168 15336 9753 15228 3787 8926 5812 13510
12719 17590 1340 17793 18342 4090 7707 10285 13274 7059 13583 1379 9309 2108 1317 17243 16240 2503 4228 15249 17262 10813 18393 9311 6795 13262
11106 5813 10056 18281 779 513 16692 13767 19241 3725 17341 15021 4703 2052 6660 7950 4157 8959 13253 8513 3034 12544 4989 2502 3118 9633
9282 3945 5395 6279 12553 11295 10032 1 16041 14940 2212 8754 13701 19767 18497 12436 17727 11584 8217 8670 4108 362 12429 1942 8632 5300
7088 5662 9925 3864 17609 12095 14664 8570 19763 1467 10685 8726 16297 2020 350 6114 9832 16404 12892 11047 7753 15777 6159 19788 7065 7055
13656 19811 16921 2133 15444 18755 5573 134 15665 18209 11712 598 4075 18247 1771 15252 2888 18825 9233 5754 14974 18192 6687 11012 1442 3136
17050 3785 19863 10236 1244 14668 1438 2666 3060 9969 15669 51 4816 4437 14248 7573 18787 19196 5662 3649 1005 19075 1460 19937 10998 2400
3630 9091 5594 13298 11316 2225 895 4147 17259 1268 9329 9015 17013 10400 7641 19464 15421 14654 19384 7457 5779 19991 5564 12436 2902 1275
9768 2572 15640 591 11337 18097 357 5428 8487 857 10857 9791 18496 6730 1769 15635 17158 13635 4154 15896 12424 13847 6019 19811 10205 6219
7861 18378 16193 2691 11839 17923 19255 9658 3387 19632 13977 1219 13272 10896 9358 8793 3974 18038 16242 7372 10766 19761 16796 11658 12391 2766
13938 13583 14882 15502 12617 38 16693 6661 13547 88 867 7212 8502 12812 2240 16421 16589 5569 16962 6539 3903 2279 7741 18397 6050 19733
16544 10050 7926 5350 16124 17636 16375 1414 15369 1498 15988 633 1356 14161 10842 10444 10473 14623 8598 12421 15867 6982 15426 6021 13975 13399
182 15732 14791 10645 10066 10313 19323 15096 18767 19834 11948 13707 4332 12762 18595 1418 16596 19292 12293 1820 14509 15765 10355 12104 3823 9026
11548 19879 10657 17844 5150 17904 15665 7005 17241 15046 19386 11821 9068 10125 12470 11060 12630 1702 1832 9305 18873 9607 10583 8097 1046 9246
720 5931 15992 16770 15085 8550 5757 8501 17599 6615 7169 10113 15935 10263 19544 14820 8327 13680 10949 11333 16917 19200 8741 3200 5061 9163
15089 17948 3262 10348 11055 4749 17280 6063 13517 2176 4049 3065 18455 614 1707 19851 14980 14124 13922 2285 1091 18980 12194 10252 4236 7469
18936 6475 6321 19013 1726 155 7830 804 1975 15493 3348 15458 12531 8311 17052 2105 1596 10296 11055 9408 6895 4756 18673 11590 2116 1004
6391 3568 10840 16981 13213 5249 723 1609 5822 11461 15186 16634 10217 12277 13073 8268 7404 95 6221 19077 19992 12160 2285 9321 2051 3610
10457 782 9116 6504 17347 10182 5553 9399 6870 13221 12666 13876 8502 6287 3431 18752 5689 13233 16946 5831 14493 18820 8060 3245 13417 14855
12438 12080 17534 10913 17106 12627 2120 18545 841 4389 18489 3676 14151 16130 3356 13373 11418 14741 9301 7959 2929 12665 13917 2706 8663 19666
17900 1280 10297 1638 3144 16184 11575 12750 17335 8998 849 9756 15605 186 328 2985 10923 8729 8923 30 10201 5511 3185 10302 2010 14328
12097 8443 5035 2927 16623 11464 486 15559 16032 1538 2019 13099 4720 3130 2330 2358 9833 7287 4996 4536 4524 19172 19243 2040 14726 4810
3226 13392 11169 8408 3296 17990 18019 19175 248 16109 11212 4762 19058 997 10416 19455 9245 917 6808 5437 16237 1798 9210 16233 16265 9843
751 1742 10526 8114 1636 15536 17825 8296 9538 19746 1595 3627 6538 17630 19966 13269 2008 8046 17033 8356 7943 4123 16922 6616 4340 11843
8302 10699 4465 5895 19255 2367 16933 6484 17904 8006 13605 3116 6479 10998 14703 2672 18004 18684 10711 9693 4324 19926 6136 11782 4435 5057
7762 11019 18857 5645 2141 10010 9935 2680 11907 1584 10295 7744 1990 9451 9690 13962 11715 9204 2611 7609 16339 7020 5123 9752 10060 6615
15512 2431 2944 4497 15605 11338 15036 1958 6361 11760 2468 12301 17892 19316 14752 5250 18849 11309 14450 14204 6760 4899 185 14748 14048 1901
13189 5362 3790 8452 19385 7480 6058 281 10736 16077 4220 3489 8399 4420 376 5794 9127 2971 19701 11476 17419 13144 2606 11876 1013 14326
15505 19444 925 13519 17493 14444 2594 2115 10248 15014 15031 9782 13864 1861 1253 14368 17688 13105 5573 17166 2783 11374 6341 4159 6989 6010
5029 12107 9914 6192 3292 8901 1827 613 5538 12199 9250 1503 18727 6165 3932 3787 3263 16299 17302 15294 9405 13442 6179 18939 12499 1944
4458 5524 10932 5578 5672 5645 17774 10637 2554 16048 1851 16561 2592 18743 6721 4257 15324 4266 11533 1549 2442 3486 16174 4348 15940 14878
5298 14188 13031 16273 15558 3535 3543 14903 4364 18265 7983 11140 2429 7170 13908 16658 12591 14649 4930 16737 7521 17619 8286 433 8047 14116
18496 10356 1791 12682 17564 3312 11336 14069 14416 2735 1363 12942 3885 2878 12562 16371 8460 4423 10316 4605 10256 1259 17596 292 6801 3750
8086 15797 4735 2580 2729 12180 1160 12983 4994 8693 15964 8379 5316 2452 8780 9596 19976 954 3632 10066 1845 4179 18125 3578 17398 5513
14047 9654 15056 18568 19006 949 4280 5107 10814 2859 9201 1321 16525 6772 14340 2011 17521 15715 10827 19798 941 17378 16689 18491 15852 19689
8652 8067 13370 8208 17329 13225 13123 5343 16681 10490 14898 246 3736 2924 3090 7297 2885 7591 13677 10675 1456 11417 18411 5204 17319 5080
13020 2799 15072 12464 9586 13833 4141 13592 11722 17642 11293 8132 15364 5958 19087 5315 13852 1002 8477 9449 12642 6193 15661 8993 3040 16101
3001 453 7310 19409 15040 6022 981 7520 196 15879 15028 2258 3149 7314 16111 10804 3474 8673 214 19298 3538 12084 7003 7843 7050 18892
13680 19344 7448 1007 719 6234 1689 4160 15757 2740 8298 2638 6303 2004 3487 19376 4502 19151 17692 91 13300 10795 378 226 2615 10902
2805 8328 2004 1756 9805 10006 10106 13374 12180 7674 9462 1221 7479 12207 9446 7486 17268 18822 12927 5905 16652 18976 14545 4797 14673 6018
212 2361 16754 18315 143 15581 17492 7420 3083 15274 9261 1027 9873 10689 6141 8714 1040 12554 6675 11298 707 225 10627 1032 1768 5857
9452 12605 2430 2163 8486 14908 8586 4088 8953 5339 10119 3792 11824 3713 18412 3355 9633 11200 8833 14874 1759 4324 2224 9062 17929 12466
18973 9104 14601 1655 6702 16163 18061 6261 11288 8773 18050 6407 6489 6463 382 5694 8632 11001 15477 12808 11676 19842 15252 8994 11579 18962
5990 9482 4858 15368 19673 10405 11610 5282 14653 11214 6413 9500 1025 14573 15457 19509 16225 11822 13312 436 16657 3562 17075 10661 19472 1587
1787 15903 16987 12431 425 18692 12877 15202 4541 19643 12096 6580 13715 11163 12595 3637 12719 6329 16296 18390 10453 11712 12416 13047 14713 7736
9371 3632 11206 16261 14489 10027 6835 2374 13392 19024 16689 6720 15634 6366 6387 8462 1605 12556 14857 8421 4333 11739 2115 8328 11922 6626
14542 5435 80 17334 16744 5212 592 14476 1916 6048 1488 284 16888 19315 3810 19578 13872 5803 9681 8542 17268 14042 2620 3096 3751 15283
14291 3188 743 2692 327 12501 6179 2146 1823 3090 14055 19214 15364 430 17879 916 6702 4920 5360 17002 16827 18661 5229 8345 7180 10051
9669 4173 15975 18652 18074 8991 9270 578 17969 8608 5806 17768 1322 8684 9759 13087 4776 8232 5999 11672 15053 18227 15174 15444 9871 979
19877 10133 14833 6632 2204 11306 5068 17109 16182 10465 18509 17755 15144 15382 10808 851 17001 13986 5535 9750 3055 15506 10105 16292 12168 1166
5526 6885 10191 1318 1394 12615 19154 13620 18801 851 13222 11460 4151 16099 4254 16624 12071 5660 4339 12500 7372 17119 5260 19181 9595 11999
2982 9493 2606 16252 19003 1390 2507 3800 7802 10210 11092 5724 11218 10142 7568 11632 1097 18462 13933 14532 17551 18678 1804 6087 19817 18500
7241 15640 14572 17238 17018 6538 4650 19546 8223 15949 4427 15287 11963 19634 8545 6891 16852 9880 11562 13265 3480 19016 4576 5717 15222 10257
960 6223 5735 3041 19913 7424 19606 1975 2400 5715 11812 479 8987 16885 16475 12608 19414 14570 1298 16765 12446 12350 17030 346 5886 2414
5479 12778 2059 10396 9499 14241 19654 3751 9003 9324 7570 7962 14544 9817 6221 10506 14506 1867 3669 17610 12820 1197 14666 14763 11851 13151
9253 17721 13971 8798 6913 14154 1241 18609 9640 14115 6658 13546 10743 18597 14815 16771 16633 7926 6580 19930 11917 1357 3868 17032 4399 7665
3838 7495 18109 13893 18795 7801 832 12387 6496 18474 6176 17078 6409 12248 386 9820 6556 8078 2420 15372 13481 18707 14484 11956 15616 3924
5894 6995 9885 2317 17759 13374 19770 11241 2255 11162 11320 10002 7592 15564 4969 14873 18349 9903 2595 829 17556 8708 10363 7521 12075 18686
16295 7653 15896 14534 15515 14974 15180 9526 13390 3297 10417 2570 16915 18500 1907 4760 11988 2318 10190 19961 5861 11092 1856 8457 16844 19466
18879 19563 19890 18116 19446 2623 5450 259 14942 15205 19752 8028 2360 13321 8321 13215 3140 8584 19110 19072 11753 19448 1436 4990 16669 9954
2389 15021 15675 2834 13845 11711 19109 5413 1946 5590 1518 18631 3930 9150 13496 18538 6645 10645 9228 7630 8834 8351 19958 13415 3186 4203
6132 8187 16805 10804 4616 16370 13982 8654 12425 18020 2411 10446 15512 11877 17029 2168 19456 12112 1503 3805 8399 13962 16999 18828 15403 13623
4837 11642 5247 19478 15175 18408 16034 16093 8215 1729 9889 6300 14268 19625 15012 19276 15355 17034 16889 3141 12689 12801 6024 8429 16892 14363
15695 16273 2545 10835 17679 16682 2424 12428 15309 7290 387 10251 16269 7269 2181 13779 10013 16999 16980 3385 17661 10672 8267 17157 17057 6885
11077 8473 7230 17438 9567 18462 18976 771 484 17386 10173 4520 2346 6006 4193 10415 16940 4390 13719 16609 4569 9292 8526 18885 13229 14914
6762 16408 10395 6900 12847 6915 15503 14936 9423 12951 15676 4503 1667 1753 5867 5897 19152 12713 15583 12172 7560 16836 18559 6570 9146 19089
19002 7243 8044 2503 19250 13068 876 13319 898 6389 17993 6184 19569 6674 10317 5674 11690 350 14766 2734 14146 8089 19425 16474 19863 19039
4016 15256 12406 373 5604 10316 7008 14264 9941 6471 9527 1749 19227 3544 11051 4776 18004 8628 8152 3764 16283 4979 15109 12713 5395 5992
11140 9108 8227 5116 19477 9236 7978 11184 6486 10694 13586 17860 4204 4625 13142 19422 16365 11288 11383 2550 12048 1218 9139 5557 18304 4901
7047 260 16096 5202 6737 16568 1331 3396 12660 10792 11393 7159 4887 14097 8901 3377 17094 7153 17578 12203 11233 9787 18596 1524 12920 7219
8781 2218 626 3483 5581 18115 11611 4630 14917 3433 17470 257 678 8532 8879 14133 11362 2751 983 12633 4323 5905 12464 13113 12692 14539
14235 12034 4713 13744 446 15922 15786 7162 19503 18517 10479 10842 17161 7511 9298 11938 12157 5124 16077 2459 18987 10358 18690 11968 16355 16134
19311 14078 19482 2369 13728 6739 6960 319 12573 10865 19433 18523 10803 8485 9863 3977 3444 12108 7843 18679 5313 9091 9789 7084 15189 3817
14396 1370 17255 18903 11629 14090 5529 13057 477 19464 10394 12158 4680 4671 2514 5783 19279 6179 2661 4977 2530 12492 14084 5779 16895 5384
94 13135 5073 17747 19790 18850 11903 7235 14917 1622 18310 1842 3849 9892 17633 5363 2581 10496 13253 2631 3215 287 16232 15959 13406 11850
16181 13607 14637 6303 19364 6955 10763 3686 4819 2232 5938 18066 11707 16733 12693 14770 7064 12083 575 9493 14691 16574 19356 6596 11475 18346
1098 15540 11321 6925 4038 19618 9156 7802 2325 2031 2723 9394 17315 5764 13257 12993 269 1589 16929 691 4661 6920 13764 12649 9759 11574
5379 8477 11137 547 2863 4541 15026 446 2100 13317 15684 17751 11667 12501 8171 6578 4633 18243 1062 1770 16102 1761 2475 19533 15922 80
16247 18797 2057 1212 9284 12433 14302 10056 10027 9220 2906 17656 13826 9839 13118 18341 14508 9858 19455 10656 2207 14087 14629 2892 13008 1175
3316 7583 17391 3022 15380 7371 7151 17779 11191 7931 5400 13821 10023 16400 5791 1759 15529 13160 19563 8911 1953 7970 10968 3866 6716 8199
4321 16222 2906 884 19329 9824 3734 13126 3978 11057 6181 8105 17753 16863 11913 10906 348 10168 1500 9631 12891 4618 19469 2353 6298 605
10408 11724 2570 19924 14430 17727 17925 9029 5310 4551 19390 3735 1970 14218 13556 11829 10727 5544 1160 16046 16802 18092 7760 1483 11528 15627
18156 17872 1866 1388 10611 17743 14096 1146 16845 6047 17620 810 13775 11988 2045 2857 10604 6399 17482 16676 7299 8773 12136 9361 7891 16883
5655 6382 547 7686 18108 5399 237 1492 529 10403 5706 16479 7002 18064 19950 16551 2688 16675 17289 1664 1211 4093 13478 5964 19800 307
15186 16925 7009 7345 13878 1366 18949 398 17792 4347 9883 420 344 7583 3542 5266 7720 18999 13538 12850 13645 7003 12622 10635 5751 12222
801 10588 3177 16312 17108 10859 12224 11368 17230 16848 7079 8715 13537 16730 6250 2293 11208 15282 6387 10092 13821 305 15624 4205 3341 3808
11757 13855 420 15293 9341 16979 4414 3600 3349 6177 13070 19414 18276 8675 7904 15590 16770 18727 3027 5683 4090 3577 17904 11772 8864 7280
16224 7645 17998 9143 16099 15495 17262 11768 12864 8489 15735 5987 12010 15973 1899 18222 9391 9496 14881 8195 19737 8852 4688 2367 13442 4103
7305 17891 14076 8314 19434 10654 16298 4453 3615 16943 16113 4086 6487 6874 8705 14804 7687 12168 6533 13466 719 4432 1732 9293 15611 7940
16243 14046 8091 15323 6485 5437 9373 10397 3123 2041 886 1048 16251 4627 1196 6963 13695 5879 8500 11081 15384 11822 14321 12856 7441 13601
17826 15282 3627 17289 1509 17644 8175 3730 1929 17579 5751 7153 13814 18770 8624 3277 18096 19661 8689 9978 12033 6506 6726 14936 4351 4235
2776 15825 14382 8918 6156 7437 16868 8310 15571 11225 4408 18404 8845 14080 9102 19547 1577 17979 6969 3930 4265 13836 4727 11897 15931 13225
19786 6518 14138 3666 7278 17605 18376 5044 19789 2080 516 4137 11509 12699 17507 3987 2058 18956 11700 13738 7378 7367 2649 3168 16732 17084
1904 2949 10634 4451 5147 3592 4502 1428 4899 13444 16241 13408 17701 17621 1033 11483 4855 15555 16172 14927 16861 13636 3841 14773 16727 4361
7382 6505 3705 15950 8709 14034 6362 14110 17858 12208 9109 12848 3560 13800 18197 6924 13799 10128 13403 8868 9257 14527 5410 4861 5625 11882
11581 2771 16516 1976 10859 16364 7389 16457 15577 6427 282 3509 12259 17434 12417 6817 11107 12103 5657 16665 16553 5667 0 2255 18690 19058
18465 12919 16527 5748 11568 19138 1906 12924 270 16339 16081 8749 2594 15999 2592 4030 11813 6932 12764 17473 18702 2083 11164 6037 9463 3261
2461 2983 3348 18547 16756 4138 17210 9947 18140 13297 9240 14742 9838 9673 15258 7959 12284 18027 18133 13243 12980 19367 1925 19690 15784 12520
18926 12218 10133 11444 15555 3584 17843 6635 15660 10280 16481 7227 11311 16349 3003 17965 3773 10050 12607 19042 5321 6049 15013 14681 10173 8843
8073 10021 7623 7667 19531 19201 15156 3638 7748 8188 11200 18160 18489 13161 5576 1985 1455 2159 19274 10131 3978 15848 5765 19262 12889 3105
15235 11013 16728 18853 3690 3967 97 13740 1222 7395 5155 13176 8745 12200 15405 2227 6525 16311 4821 13514 18150 10955 419 19429 1777 8691
426 9918 10946 672 19277 2653 8834 18199 6432 9946 12248 15167 19037 6725 3890 2757 18629 10597 7497 16834 1382 3450 5230 8253 7929 4587
19470 8001 8659 9134 19707 1172 19979 17919 802 15809 16710 14794 15468 12910 68 2247 10989 2425 16063 6473 3039 9257 3314 1649 16373 10255
16185 10168 1127 13034 15504 17481 8484 19403 4170 3736 5306 111 8260 10446 13543 15840 19418 164 13420 7944 10926 12693 545 8997 2771 11006
4765 17615 10599 15218 15300 15376 11574 13016 8334 8111 6453 14727 7257 19419 2902 12601 6191 8915 14816 3288 9937 1483 9719 15731 3592 16629
12267 6327 5878 16412 14832 9596 9315 10525 11030 10487 187 18401 7421 16192 13883 17683 11610 15828 5236 5573 4917 3681 1835 12942 18146 6477
6041 11902 7521 7969 1971 9795 8398 2922 5297 16419 16709 9016 3700 17096 14645 11549 7001 6677 16427 18320 9922 10368 6436 9962 19102 17827
18978 354 10102 6577 358 19854 17647 10138 9713 11729 3855 10825 12019 5076 2375 13662 5602 11894 17359 2815 5075 19637 13059 18973 11377 11634
14656 4416 5674 1255 6685 5511 4366 17907 956 6231 10984 15342 18524 1508 505 10027 4633 11701 10690 538 17188 1991 13969 19865 19870 6382
2744 1875 3296 5071 3417 78 8640 17839 17407 14294 14639 15973 14374 9965 2334 11391 1967 8432 3928 7296 7847 301 5635 7973 8680 15644
18512 12467 5107 13128 6470 1983 11487 17366 13102 19138 15691 8827 10869 11070 575 7387 6806 17498 19397 14777 19913 8416 11994 5164 9945 7400
11611 13184 960 5050 8041 15410 19209 3489 10111 14278 13139 658 15344 8502 10607 10386 15688 8789 11654 7023 3444 19302 11464 5771 1492 1708
2056 18210 12336 12940 4500 9801 6018 6841 10401 13627 14415 15430 15371 104 1589 16474 2935 17016 3379 9625 18507 7611 509 5977 4357 2580
7607 11023 18382 4006 16978 10807 16814 10659 3932 1367 15006 17914 15388 18205 3357 5431 17771 16408 17213 16436 3561 16546 11854 5557 12239 18283
1028 5344 18483 497 17474 15516 13661 15814 5645 3710 3565 10475 11053 8201 12547 15197 11347 14590 1417 7842 9400 16013 7995 12256 3559 16722
8699 14836 17190 7973 6359 17475 10345 16319 17077 11017 11399 3985 12798 6753 15331 14827 5984 13912 901 16915 11554 5655 19564 1240 3993 11015
13856 18112 10712 19775 4983 9344 9491 11809 13695 13259 10298 3413 8076 12583 18877 14601 19198 6983 11738 7384 6561 2507 10312 19487 6757 11464
18117 17104 18587 4202 15943 3062 18668 15776 8778 8888 7762 1627 1156 7048 15000 17976 12478 8779 18751 10575 6986 17161 12223 17710 16218 10387
3808 11622 9547 11418 4849 2857 18989 3955 4593 17795 5142 1291 15689 425 19844 9501 8144 6864 14455 11794 1323 19381 12708 13751 2319 7515
9156 17223 6799 2522 3481 4222 13169 15348 16551 3474 13701 16610 18462 6661 7578 8291 4385 5671 7780 406 18493 1236 5833 10040 5689 6477
16784 15393 15047 15988 378 230 7773 8433 640 11260 1545 6843 1534 13321 5568 15116 5047 16086 7893 14758 8481 672 1411 12932 1029 8969
17121 5759 16244 3763 13046 14602 17945 5458 2347 11778 8660 18294 226 6783 3258 634 19625 13751 14190 70 6737 1547 11223 16912 1456 13008
15914 17168 176 18187 17815 10997 1059 14234 639 14298 499 17214 13026 4190 7885 1659 5149 3422 19898 1018 7373 12133 9233 9264 4255 2332
3915 5093 8342 11820 18419 18054 3416 8800 8860 880 9504 19103 8818 14265 3404 5774 8495 4836 17831 752 11928 18989 19826 17939 2977 62
13694 9525 9689 1513 10684 701 8658 15680 14249 18678 10471 16186 16299 58 649 13036 3774 14968 5370 7724 6651 15347 873 5258 9003 10712
3823 11526 17301 4698 10218 6472 432 5062 7869 13606 8161 12602 1723 11485 1334 17705 1585 3966 14536 11792 18830 17135 1311 3522 14217 15950
756 8993 13341 16478 4948 2963 753 17421 6401 11009 16666 4538 19231 9784 6612 14002 442 15759 10531 17475 15332 5680 18614 10966 6794 7822
14348 12557 13438 11082 5660 5316 1294 14389 10275 12430 12903 10765 18016 16036 16342 17777 16778 2499 12025 18138 1214 17625 17443 660 16043 9745
844 4709 16090 9821 16439 18850 5301 16925 16053 11005 13520 4593 5931 9082 19764 1137 18714 14524 11499 8735 17754 14126 17598 1858 5013 1596
18927 15199 10863 9963 10514 9062 895 9280 3073 16314 17076 18006 10447 2837 1781 3492 9985 1227 1272 412 19107 7997 6564 8484 19778 18454
9734 6908 18402 11300 2376 19651 12499 7965 1792 11529 7943 952 11044 5714 8400 3034 10897 2104 6542 9827 922 11811 99 16012 1064 17557
13200 195 117 9563 691 15041 17829 7167 15047 8333 9536 5292 17835 18097 221 17527 16182 8306 16929 4136 10289 13487 15674 6768 13643 2659
8173 19484 16874 18658 18431 1074 11205 5464 17904 14503 18779 4277 16118 2012 19879 10775 7393 4268 7196 13225 13177 12776 7100 12953 16788 8864
8554 19522 1767 7073 192 8815 13896 15600 11170 5231 13746 1160 9512 12918 8654 16046 16327 10274 6975 10722 3413 10344 15033 14228 19619 11555
15811 17088 8077 15893 11310 6840 3517 5677 15546 18050 4112 19712 18993 1143 1592 1121 16782 9182 1925 13302 14143 16638 1258 13289 10569 7195
2075 9340 5805 5818 15899 4980 12527 16960 10095 8512 12577 15672 10854 5189 11366 1589 15750 16083 16821 18635 1698 1872 16497 12995 16809 3083
17171 4079 11762 7482 13874 4576 201 11045 1752 15282 3460 2796 3809 19477 16092 19083 4326 9227 9952 6182 14736 5894 17239 2246 10377 7672
8076 8628 7769 9073 7984 12906 13683 1806 5711 10085 15932 4857 13532 9820 5595 18317 9320 17207 843 19981 17933 11043 7126 7303 9376 9662
14488 15976 16645 9670 16096 15531 7527 10674 19823 706 10929 4365 8952 512 4887 9789 3065 2590 2356 10972 6944 13806 670 9599 16698 4851
12940 6301 14752 17089 18703 7604 17858 19769 8762 4907 19002 924 6798 18076 17272 11749 5140 7877 7958 9553 14550 17089 14285 15461 662 1191
13030 5033 3907 17352 13012 655 6935 1137 12447 13287 1141 5340 7929 8750 10530 3016 7912 17225 7190 3161 8566 16511 7930 19298 9273 10333
18741 8426 48 13436 18652 9758 17580 2158 19902 3482 17695 18564 6718 5310 2366 613 12915 17297 9023 11845 19619 12444 8226 1623 14084 7956
1865 4931 6029 19908 9823 796 6828 14824 22 12998 10285 8978 15301 19505 17869 19692 9758 2816 6922 4354 4038 16854 9548 9103 19588 9025
6819 10164 14632 2076 4408 13504 12803 15321 5052 5841 13911 11320 17321 3950 10197 11028 9109 1240 12079 8719 15821 14057 12148 8752 2482 7602
649 11955 18837 4005 2725 12222 17062 10514 19402 375 9463 19504 15683 19507 15517 13953 5930 14345 8423 16941 18533 16383 10482 4216 1647 9682
2794 12101 1362 9081 12294 12294 12754 1998 17702 5410 10245 7124 523 2266 14396 14701 16400 10884 18729 9692 3486 14845 3578 19748 4275 13422
10215 5060 7756 19404 14087 11966 17079 3574 8943 16995 14963 10001 16804 16853 9908 7859 3208 16366 3093 1351 7799 14422 8274 15991 14509 11027
17338 6525 17586 372 5489 19029 5573 14190 4005 10088 5097 16958 7160 12769 2542 17773 12432 11107 7965 12093 19742 15894 12454 18774 7304 16207
9713 7961 15540 15588 19601 14638 19204 9532 2727 1815 15531 9629 18407 13908 17031 17901 10118 9779 15096 2948 12641 12302 18277 5779 2156 4940
8636 16521 15099 14683 1943 401 15228 10457 17650 14145 1336 8420 8431 19429 3105 6424 4288 15247 7953 15910 8036 16243 383 1802 5078 7546
9716 17483 3437 12675 6174 13288 4725 16234 19281 4123 15619 19036 11884 16603 3467 13260 14990 2330 10646 3579 14381 19558 8193 16445 4855 5342
11005 13282 11203 15988 9384 18814 17072 7758 15599 13742 13969 19598 5122 5028 19592 8974 911 16631 14456 381 12484 13406 7432 8702 5995 12171
18384 1513 6558 11214 15826 4046 3260 14123 2804 4180 10594 9896 15128 18549 8203 18182 3179 9757 12220 14747 4646 10521 111 15228 12139 18399
11091 9258 8725 17764 4596 16053 11758 8395 3139 1643 17022 11690 18303 15792 18757 2253 4733 2514 905 15937 738 14202 7792 13967 5714 7548
13491 7296 11354 1380 4761 16420 5707 18973 12261 13889 4421 16341 6690 7146 16349 14606 3932 5322 6909 1519 15234 15413 11871 9635 10488 2408
8634 18691 4480 11082 17187 10829 17621 15086 10913 19259 18250 18985 9891 2648 1043 17814 2664 7824 2992 6995 16093 12409 1139 2098 16389 14523
7086 12888 12259 11826 8776 5632 12001 5121 5736 3496 12644 8146 3500 19260 10978 9736 4879 19205 762 11776 733 7244 17815 15027 18140 10453
8064 39 5064 584 18657 17277 12240 3412 3357 1572 3748 1667 7746 1933 2255 19221 371 11241 8674 18991 18353 12629 12740 15203 1566 19988
13287 19448 10102 1828 12949 14985 2737 8132 15077 1537 19840 4640 1759 8663 13143 17075 15801 14235 10306 18062 6241 18648 14039 582 12673 8374
6425 10765 18171 4885 9127 11180 18030 14187 11018 8201 18708 18562 1952 4092 13964 12011 18433 9861 14479 14553 3195 3802 19040 8854 14243 3393
17816 2691 19152 18183 14947 15471 12718 6090 5376 13240 2114 17168 12036 16952 17973 18511 19638 5060 2337 18904 10300 11751 9703 4325 5430 16475
9964 19455 16978 18819 2695 8671 3342 2556 5910 2397 16081 5446 1728 11329 3613 3116 4378 14555 6686 19797 10060 8091 2279 4697 14588 18880
5363 6347 633 17231 15435 14795 1527 15298 19696 3673 10437 5082 5540 12768 5960 3727 9295 16636 15715 19107 10108 15879 3077 12277 605 12850
5430 16999 12845 5002 11267 8886 15573 1283 16218 12017 4269 5418 15833 18691 15737 16503 2101 1627 13549 16344 14922 15713 16787 9561 14792 15580
1688 1015 18312 1946 14159 12926 14934 14120 19750 13778 16825 16764 5454 8958 6648 483 3103 14312 10986 2095 1297 13990 13729 15517 14235 8186
11087 11056 15066 13542 17539 14938 16485 13862 13380 14275 6841 10890 15973 15395 17444 8342 9972 5634 12694 12206 3443 4350 8572 18689 7604 6682
18683 17279 2408 9784 15744 2016 6679 10321 18133 7754 7206 531 5703 11663 5740 13159 3284 3313 19103 10163 5714 3120 3394 1723 10925 11547
9841 18337 14417 4794 5819 1182 14714 16786 2891 1527 5121 4921 10665 2174 2726 16392 13745 6337 4346 15848 18304 5583 7986 10233 15895 8042
7985 6892 10101 1669 14431 3317 18263 2779 15229 2226 1809 7503 14707 6380 16359 12805 16027 2243 13930 3665 12543 2466 18602 13676 6057 15930
13478 14825 8911 7160 12541 13006 2654 881 8441 7020 16896 3365 5115 12982 7773 15659 18639 15115 8562 1897 8669 2043 13991 11862 7685 3976
12356 7074 8088 8177 3029 698 6444 3809 843 19177 7583 1071 15940 19618 12822 15246 7101 8169 11701 2533 1972 8731 16003 7757 13705 17225
15457 19676 2166 9104 5820 7154 2514 11020 10357 12924 1399 15466 8616 17457 5052 18133 7169 12934 18331 1406 13148 9176 10319 5437 2674 19865
3436 13802 4442 12884 19520 18080 16430 1384 15194 18144 12295 6435 15942 16182 19329 4933 19021 15341 16265 6099 15311 5645 8846 14707 11028 4431
7402 998 13532 16248 4500 19323 1121 4463 4310 18989 12995 18656 12102 347 5332 9581 10529 1660 2022 10202 11519 6052 19065 8416 3132 1348
19541 7954 17267 2676 10078 10911 1440 9363 3025 16608 10964 879 8718 1996 3349 10199 6973 16297 13331 7831 15401 14614 9726 3816 13473 14682
448 19603 3146 17088 11551 16095 5354 14613 17703 10601 15720 18694 10005 2056 4994 15551 2529 18355 11657 12299 18433 12750 14835 12218 18293 15687
1075 6879 18460 5105 17807 15284 603 4966 13147 13739 10829 16212 10610 16719 13073 14644 2266 11445 17425 18743 1399 11252 4085 6111 17542 2748
2664 10883 12336 16971 13615 8867 6335 15752 7734 17958 11356 19088 5902 6102 8938 6498 4573 12195 17147 17981 3318 9540 18027 1751 7228 15278
14822 16411 10067 17145 15746 19194 16904 14597 8241 2598 8847 11493 19842 3627 3493 1524 13646 19001 17992 18 1996 4928 11735 11928 17228 13444
17784 14888 17984 7336 12078 10919 13614 17255 4979 14719 6762 4727 7035 4650 8576 2308 9416 7777 12497 6540 5895 1241 18525 12984 9384 42
15934 10977 10929 17246 9606 6901 11221 6278 8124 11188 17927 2622 5714 8059 14961 9492 6782 6045 6918 312 13392 17668 6931 7117 3726 13631
4773 17396 12960 18228 17649 3078 18478 13878 5980 9519 10892 8218 5242 14712 2311 19399 17292 8129 8063 15719 18398 12049 13731 10716 18951 14100
12537 1604 7490 12129 6206 6298 18331 11601 6726 3074 13104 5252 4651 1063 9262 16562 11934 16723 13296 12819 17799 2777 7923 12817 15770 859
18195 3049 17019 11337 5222 462 3267 16578 17934 15029 5584 9517 623 4177 3994 2395 2266 7776 7874 18794 3008 16509 1190 10070 17144 10050
4440 7910 1473 2458 6694 16767 2380 3560 16739 735 1555 18101 8732 14108 1983 4513 5312 10501 4090 19842 9805 4181 9450 10401 2061 12734
9778 3824 14117 15586 14646 4303 18158 3467 5661 9946 15050 6124 6986 15168 15173 6618 8894 1334 6559 17176 12239 2625 6677 6140 978 10945
10777 9879 19915 19832 5567 8889 14301 18401 19359 10444 2930 16382 16798 7044 2388 19915 12400 14996 9608 18544 6986 19129 8134 4974 2255 953
3664 2481 10383 2229 16751 17294 809 5246 5029 17037 3503 19050 8163 8754 5662 19640 8034 3363 4511 7340 19887 19998 2373 1134 13165 11883
11883 16511 18750 7234 13049 1599 14427 17342 18155 11476 9792 9825 18041 10661 11283 4637 9813 10190 561 15509 5821 7004 6158 15389 3237 13081
4862 7718 15782 18781 9797 18588 4756 4705 8637 580 12746 17941 10059 11982 4309 8143 4039 2371 3829 6589 2279 16286 15627 19020 585 18632
2804 15146 6486 5090 16063 7554 17477 17231 6217 19662 11908 15656 2538 15126 2682 10045 19876 7557 19467 5083 15100 1832 5993 4997 12275 13922
4905 18969 15078 5268 10270 5503 205 9225 1881 9926 2836 15945 17307 9714 18690 4478 4000 8618 14195 1721 5004 15595 10856 372 18042 102
4986 18710 19882 3240 2311 17557 857 9151 695 14885 17367 13744 347 34 5140 2337 434 19167 8220 5183 17773 13129 16107 16513 19779 15995
4113 14375 2190 10022 6877 3372 132 6690 8190 14787 565 9666 4295 3470 13031 6372 8803 830 16413 9894 13764 9325 4217 9960 5782 7817
15653 7187 2437 12786 88 3436 17577 14724 14150 16578 10366 15408 11227 4173 19602 13938 11976 16514 3360 15690 7180 9163 379 7301 10414 3260
19120 14031 4050 9416 16863 4984 10064 651 9835 2148 10253 18005 13111 1608 9294 2292 14729 18935 944 6630 18615 7370 6542 8293 16020 6865
19016 4632 16994 2798 282 12281 4013 3449 12304 13040 764 14796 1983 19263 18164 14987 7304 10673 7816 15747 4378 14852 13097 10633 9880 8327
10346 702 6435 3246 2088 796 4329 12584 15215 1847 17426 135 3562 3609 4597 10999 11580 10565 1010 12344 12231 11569 18062 15497 8318 4654
2526 18008 13707 15987 6474 3162 10004 7846 18550 11823 10057 10182 16340 9327 15730 5413 2290 16002 16030 16217 16891 10385 1046 9663 11783 14688
15584 4414 13122 11402 13899 14522 773 7236 10166 6113 8035 1049 9465 11214 13824 6605 8070 4877 10626 19942 17806 7916 9951 15559 14583 14883
630 15107 9599 3915 17541 19694 5579 11558 6995 11357 17063 14336 4516 1943 19355 19033 15796 16859 5080 17640 8417 14732 12678 10321 13861 1112
8120 4715 11902 17170 8171 3749 17789 14473 682 9479 7847 5793 1918 403 14832 3019 19523 14767 7307 6605 4513 17424 8575 3642 10171 8521
11296 10894 1914 7797 15694 7581 11754 14107 14568 5945 18735 16747 5009 6506 13211 12111 19044 17903 5810 2286 14438 14672 13699 2796 11308 14187
18647 1346 2050 16794 1018 15234 7056 18798 6390 18483 11637 11509 12940 13500 17867 15510 11692 3469 7416 7939 6128 13586 3146 4630 2617 15388
