365
38 15 79 36 74 68 81 62 20 20 36 36 85 31 90 59 81 86 78 1 10 85 47 14 47 63
6806 13639 15032 18325 8856 7683 2529 15521 897 12969 6045 17959 8658 15924 6177 9815 7470 19012 536 17809 18891 14453 3072 9731 9636 8161
19004 6448 15860 19204 3815 6046 7754 16676 1846 9278 18127 4162 19468 18213 14316 14540 18838 2897 13748 3549 15221 1092 18194 7893 16361 17379
11617 15572 3682 9776 19891 8376 1161 5756 240 17973 1652 3692 1723 4484 14908 3104 12706 3303 9199 18971 13949 14036 10585 9157 3917 18221
19253 15798 18461 8874 18861 2686 12390 11464 9914 13470 6389 3848 17028 18385 13517 17415 9134 12894 1380 5329 8233 12225 7954 19706 18999 18834
14625 18712 14093 1906 12454 9931 16146 4587 11817 3891 5017 7823 10313 9583 8376 8451 5805 16899 12519 17587 13852 17538 4328 13141 11209 15874
12917 19780 7145 11410 6223 939 1682 7433 2888 13355 6535 7542 11578 13390 2880 15610 7825 16152 8544 10371 15232 848 4541 5028 9595 9988
5029 18776 792 19673 10325 7056 10126 11090 6201 2931 11467 19351 16133 11456 14421 1838 16049 17174 11789 2393 10961 4625 5292 8921 15479 19189
8227 13767 7746 7996 18520 12557 17302 19548 330 14407 8571 6272 5226 11367 18554 9115 8660 19292 15046 17778 5149 10858 13440 5604 2979 19643
17567 2420 8451 1936 366 6083 1807 19639 4682 11909 730 16454 8318 7593 12874 1034 11335 15909 3657 6395 4711 19949 16656 9915 6635 14294
3716 4178 12480 14138 19180 19991 11078 10220 17886 14084 15172 14225 2565 9537 17453 87 243 4747 10458 1174 12638 16793 17298 4231 17217 2188
16225 19388 10580 3334 5209 589 14490 16885 15100 3865 1237 2869 16146 4277 4005 17257 7346 16705 6620 17121 6238 12842 405 16519 5877 9685
12646 2868 9037 14020 8941 6794 17212 7987 14600 11152 9887 15996 9175 7488 2815 3690 9816 12314 6840 9085 6967 3067 5326 19019 14670 3103
19136 3959 1392 7584 17273 7265 3271 51 8597 13635 13659 15013 8173 3575 3185 16302 18642 8668 17510 9120 8998 8313 15010 2973 11707 10192
17339 19407 19976 6742 1634 12293 4859 12399 11665 18883 6937 2804 7201 3240 17193 10640 8822 16489 16538 3783 6674 15225 9004 17082 8298 4851
18777 8826 14954 3158 3312 10506 11315 8439 6345 16029 7603 10068 2699 19080 9999 11615 4471 7397 18874 8076 7392 6276 16172 14314 13001 3970
18391 16833 6899 5931 2849 17642 18061 10250 13993 1873 18874 2459 13654 2195 2360 8660 5692 8041 9263 5350 5000 18325 17262 15740 7680 2221
2819 893 16882 2955 1013 8851 16644 3058 18026 3919 8785 3121 13046 12606 6700 19956 6666 11494 12332 8952 3809 8620 8194 3016 2727 7524
8767 18519 415 11852 3386 18761 16056 10929 15246 10711 8789 12242 6247 9898 11391 5153 934 12130 11193 2838 8827 11743 10729 1228 3584 2802
15323 5073 1104 13113 9217 7427 19701 10449 1295 12436 11957 304 11251 9380 9768 6758 15829 17383 17368 16780 4976 16791 13938 11495 5318 5796
1 13666 5998 6481 10579 12196 18367 1133 2517 1921 6726 17945 7637 15659 7693 6163 18252 13134 7690 185 13207 7725 8282 15583 2478 9138
797 10604 1247 1135 15826 11435 13957 12458 606 13371 4768 13683 6655 4264 13712 6383 1314 173 3872 3399 3456 11230 12143 10283 1360 7484
6788 15863 11091 7107 840 6999 19820 8338 11438 18149 7444 11774 2885 8030 8967 6952 6688 19081 6675 19403 13684 16167 250 16262 5031 6663
15668 2699 13956 9036 10338 4809 12598 2961 1512 10904 226 154 4515 8182 13057 5750 9122 1313 4269 6379 6724 12195 10686 3331 7856 17581
1655 2665 2840 8958 4013 16065 9170 2059 14912 7129 10364 4175 9345 9770 4794 5306 7300 11846 1552 18967 18560 4417 10409 18166 3512 8912
15200 1448 11097 15474 618 19039 1986 17857 8309 3897 10331 6298 3253 893 11158 820 17435 7276 16365 6047 4890 14557 17968 8882 7805 9789
13258 6448 6719 9277 11352 10405 10078 15456 12777 11732 7474 19541 5339 1590 11974 16143 9569 15871 16319 14247 111 10329 15413 14083 12204 14808
10231 19968 17025 15973 14060 10754 10410 7108 17993 15536 5505 2463 10141 7477 11876 7035 17814 592 3924 6918 4422 16662 18607 19504 10946 10499
16731 4934 248 19004 12954 5066 14038 9039 9035 18031 19045 16639 9369 17705 18480 667 9724 3277 18655 17159 15620 9397 16694 8040 17370 14207
12890 11688 8762 5855 8504 15938 2504 15496 17613 5254 5822 14249 184 13901 16165 19501 758 15250 10843 17862 19999 15002 6150 8541 10397 11112
8869 1284 9352 11370 18854 3680 13822 10801 3587 5864 4755 2272 1814 15234 11084 19741 11825 18088 12622 18954 8634 3011 16738 14348 14706 3592
833 15321 7069 9945 9607 12369 12005 4053 3451 2335 8872 7030 15601 13449 16201 4445 4829 10277 14995 2160 14381 19946 2237 3480 18464 15773
8932 5293 19487 18825 11022 11840 9891 9717 10536 1637 7365 4669 9692 17882 9818 18810 13160 12842 12897 11848 16750 4764 9054 8382 6905 16413
8850 2560 11039 2302 5733 1093 16194 10764 726 9583 18846 12935 685 5748 18276 13757 13811 69 18169 18102 2303 2006 9851 9241 1878 540
1483 5753 12507 11386 2362 7789 1738 11159 17077 14730 1660 9901 17683 12015 18098 16171 13973 6830 11855 17684 15384 10084 1536 4782 18428 16419
15155 17858 19843 12328 5323 14411 4391 18194 10502 7921 16587 16491 19495 4577 19217 15143 5786 9922 13602 9743 6783 15904 1433 12990 18722 4517
977 11738 12327 18861 8503 5929 10665 5300 16466 17793 19806 10370 8888 13880 19865 19494 13568 11012 5956 3153 18858 19008 5595 1961 2462 2393
1030 3750 8029 6300 11787 17211 15189 19302 16204 53 51 1111 6471 4061 7362 1178 12463 15297 18365 17022 11829 18884 16644 9188 15814 15604
13349 1235 19664 12678 17087 6225 13401 18092 15933 674 14301 15937 11055 12286 10562 8102 4127 16876 18001 10264 5718 5530 10562 4147 2735 19371
15524 15484 15550 7835 4602 2750 8500 8789 2141 8690 8906 6775 11040 12393 9330 5952 235 10155 7676 9566 11940 8964 19051 3869 19666 6726
2014 13521 3163 4399 3691 12726 7087 10567 17425 14738 18044 10781 1239 16566 11603 7105 16376 6160 17507 3724 5576 1629 134 10947 7308 1130
424 12844 3002 18645 13130 15133 9205 14340 13813 1171 5194 7293 19245 5661 5314 18931 19143 12802 6607 2052 8234 2365 8972 16871 12074 10809
18103 1139 5329 10267 9484 14250 9894 19230 13463 16863 11281 8024 1749 8707 18248 8323 13193 16593 3961 1573 11657 11972 13082 10207 13644 10562
13212 911 7306 4152 19366 12982 5768 17411 19473 2277 18934 3687 7345 9029 8467 13428 4810 18578 10206 7574 8627 460 9905 8831 16714 16709
6902 8045 6517 8757 8793 12254 4776 10485 13465 7842 12331 19650 17764 7065 7617 5228 8944 2310 4052 10402 8999 13403 700 14171 2627 18957
10021 15961 15397 4140 19360 2131 3646 16073 18462 9498 13998 5127 12043 2972 19115 9963 11244 16939 18308 3137 2142 7475 4620 219 7091 839
11452 8517 7214 13853 18566 1121 16096 1139 3909 2077 18261 16566 17619 12473 5922 2102 6351 10862 17203 11923 17642 11510 2013 5637 1688 17858
19464 2262 4559 15023 19758 9023 8467 5695 16417 15202 14145 19908 15360 11775 742 12286 17754 16342 11154 12121 4441 10105 3866 5277 2003 18455
1619 8225 16888 4691 13923 8224 2181 14319 4310 17588 10832 8135 13335 19785 3987 16949 18714 6434 3424 10619 18001 17998 4421 3099 3324 18683
19386 19604 17712 5674 9491 15338 15427 5065 2798 19619 6740 5459 6649 16314 12149 12825 12206 9753 619 12717 18998 14651 15309 15351 6057 18926
7091 6307 3210 19435 13924 17868 8582 16854 528 6940 1500 8253 6898 5903 11971 11525 13877 4034 15641 1175 17550 1113 19185 17374 17012 5581
14977 8851 5438 12055 13404 17082 11028 17391 8446 17263 2636 4327 11025 8236 13771 16812 5596 10157 585 9311 1385 12853 6244 15365 17656 15487
11827 11720 12308 5964 13710 8366 11509 16141 3881 5412 3637 6175 19105 3803 2874 3198 12348 10814 13685 16407 13175 4588 18630 14767 234 4580
8754 2056 13096 14170 5837 117 2315 118 18451 9657 18060 6348 17358 3795 10848 12719 19502 5933 14721 3165 3764 14403 14621 13571 6711 12824
11654 1677 8555 8114 12552 13590 16257 8674 10246 17462 13192 18715 10639 15520 3470 5593 9095 16127 3154 12907 3716 15903 7173 18194 1415 2944
325 7343 6734 3964 15835 7536 15620 13338 4787 3822 2099 8954 12175 4590 2699 2184 2620 10947 6203 1162 2687 16912 4081 289 4205 14351
537 15836 10502 5474 10101 301 18391 19948 5510 19830 5356 18651 8476 13406 7588 18220 18041 13720 988 17826 12846 1977 19263 4067 3610 9051
7169 16688 16325 9705 15796 1419 10369 17306 19188 11842 17880 14109 10026 11976 3426 18871 19442 803 13120 13983 18835 17015 19055 19544 18522 7411
198 8775 16691 10906 6340 4211 2874 12436 18438 3485 3763 7845 6172 4036 12394 18328 4244 1153 6520 8484 10475 17990 19764 6632 19263 19893
13304 6120 12015 7742 4516 9188 5885 12420 3940 909 3507 3599 13155 11045 18598 14127 4552 2364 5701 6302 1488 1247 1102 19375 17299 14653
10889 13898 5301 7697 8858 9121 18829 14924 16321 251 3146 10934 1318 7910 17228 13947 3329 14269 691 19147 5811 7541 9026 10845 2722 13754
18464 5800 7646 14527 2876 13776 13646 4914 4316 17256 6318 15084 4684 19461 7777 17553 17108 5344 9415 8778 6026 12301 8063 3535 1513 9913
9885 14400 12330 4292 12710 18936 7740 4100 2993 3778 18170 2944 5591 4400 1047 6158 14677 9407 12584 3175 521 18329 11594 11462 11762 2711
17002 1232 11230 5396 19059 700 18485 13997 7865 7862 17351 10092 4113 1531 7231 14365 8339 12065 10496 12742 2905 4090 15181 1299 15030 5382
12915 5277 2235 15897 18981 12124 6733 4157 19083 18895 10461 3513 11106 16852 8503 1082 17911 15083 18793 11712 14680 1640 511 10483 12892 13489
1425 3355 12574 8175 1967 4396 4296 10533 812 8140 13652 19771 15784 6526 17918 13655 17976 11246 7892 17948 5509 19770 17011 16499 8174 10455
7017 18667 11357 3122 11642 10538 1839 19425 11052 6835 3071 7750 718 17637 7260 13630 8402 2591 15277 12937 1621 929 375 16685 19414 7790
8451 9906 13133 10877 19493 2946 7355 12570 13233 5715 7693 17090 11781 2204 8062 18847 4317 13424 622 12581 8409 15641 5939 14392 14751 14190
4610 19101 6940 1868 2546 10871 7010 10840 15955 17410 4493 15147 10034 1952 12948 12221 5428 14612 14929 1328 5341 10785 12332 5859 18884 13906
7014 5068 4692 15196 3473 16323 13315 875 17529 13269 6389 16985 2937 9681 3655 4884 1790 14943 18453 193 5095 19096 6680 12652 11342 6882
18947 427 12824 13318 8256 3963 14924 3626 6966 12926 18299 7340 13260 49 9946 1364 14313 4532 8081 15440 636 13897 19297 9171 13163 16303
13462 17729 8136 9858 2078 11443 3057 15460 14366 16369 5044 7285 14791 11977 12984 10230 15394 15554 12191 10521 19077 18157 10605 14951 2885 3001
4357 18992 16961 18266 1234 10564 5084 6505 19318 11647 18184 18383 16877 15887 3594 2457 2387 10761 6585 663 14280 18042 14410 12846 11082 16861
10254 9728 2254 15797 13435 9827 12254 14896 12101 1335 9669 7289 9430 6851 15699 11834 7362 18086 5492 16562 9236 12400 9322 17745 3771 11794
11721 9014 9494 4603 14808 7244 16917 1453 5653 748 16236 6197 16649 19427 2323 18549 18093 18128 8561 11384 8436 17140 1886 16320 7720 16819
12165 17911 18608 19836 3936 12755 17988 11333 4818 18718 17264 7854 18337 17174 16097 19887 16921 12032 18817 6236 19202 8269 7469 11661 8157 3805
9801 281 4970 19664 9144 17353 7552 19175 16012 6262 17394 12553 2769 5005 17114 14498 5887 11923 1924 15098 4083 750 7028 13103 11685 6862
18941 12064 1341 14375 11045 15994 17246 9083 18232 17457 17208 4685 7798 11931 12294 9195 19443 12395 8559 2893 4378 10629 19738 7235 14671 9843
13378 2148 2534 4934 5151 19856 4604 10080 6536 6144 6500 11422 18156 9735 16570 10532 8258 10611 13096 4410 3502 13601 8299 18438 7468 8943
5090 11368 7709 4007 17435 16381 11500 13551 6417 9005 13113 8249 5674 19600 11040 9209 6372 14965 16275 2261 11712 9093 13846 1456 1397 17268
8888 7925 5855 1721 12879 4813 10107 4781 19428 452 173 11896 7274 536 14017 5560 11578 1023 8421 18070 7404 3160 6606 15224 6925 8600
419 13422 8622 3471 3939 2733 8361 11627 13322 18001 6353 2685 16168 9813 113 10109 7993 633 1885 5205 16939 15582 14208 18354 3469 12647
143 11338 9088 15138 7954 16198 1518 7270 1083 2979 450 8347 3769 19787 12895 1530 18152 8447 8728 2408 4812 14290 10294 4859 9260 3107
5464 11038 15566 4880 6782 2652 19641 14252 9803 1373 1229 9521 6407 15959 11657 10645 12238 14182 17415 14046 6503 12665 8984 9432 12152 16288
12039 12726 9872 8753 8300 6931 3792 16892 7604 12834 3728 7014 4608 12900 12152 2164 3819 12097 14839 19092 9589 7604 16473 15597 4756 16057
1766 14846 15050 11591 5712 14581 18246 2969 1470 9979 15009 13687 4134 14316 9196 18924 539 16512 10386 5998 9824 13358 4227 10826 13472 729
4054 9241 16285 2707 10766 3562 2746 9445 12765 6003 12361 16903 12046 15951 16430 17323 959 1121 1348 1850 16150 17993 8566 12308 15608 13604
10765 14781 11749 634 11135 9494 17171 7959 8428 15314 7454 5568 13458 3710 10654 16307 2723 8763 4886 480 6105 13590 17067 13967 2677 2310
4165 10152 5031 11001 3922 16836 14044 18287 10018 11262 6224 4570 14720 7595 52 8155 12425 19458 6497 3294 12564 5712 13068 479 18327 7584
18075 645 14881 10958 15522 3153 284 9787 4058 392 2012 13686 12862 1285 9490 11735 11906 15970 7712 4049 1500 8258 3274 14790 13909 3418
15987 12901 18020 19910 15445 9533 15580 17894 7960 17991 12390 1708 9263 13295 15359 1134 13669 1996 10780 8528 8833 8535 7056 8205 12278 2435
1804 13563 9113 17309 1108 15181 8661 8088 1563 19217 10074 2919 15256 4071 16482 1126 3377 1233 13962 9115 1168 6153 10341 7324 15353 12960
11644 10933 1050 14602 17000 700 17791 18751 16716 12205 11017 13660 7088 11328 15464 7413 7524 5188 12851 15621 5942 13478 11032 15051 217 9139
15529 19500 19243 3820 16468 3601 2617 14769 10589 4299 15377 37 19590 865 5044 19936 16919 7371 18530 5225 6899 7808 3426 14432 14854 19138
12132 19484 13298 10410 18459 16594 14196 13707 1016 804 13941 1354 17507 3533 6128 13577 15150 4458 1709 7497 9038 14057 11949 4394 16264 4534
12839 12175 5382 10411 5428 17381 12671 16077 7432 14898 13178 7154 9415 10724 3801 18207 2280 5002 13330 36 11938 2700 2388 5056 7589 13401
366 1227 3953 0 12284 108 19359 13937 6374 15673 13467 3549 19394 2339 17332 19893 17886 4958 9204 1435 11551 7208 14301 7612 11871 10984
13378 4794 9904 8828 16063 7511 10728 5496 7421 17813 11492 1925 2383 16299 19864 16756 7409 6475 4461 16173 19553 16883 9245 6804 9491 10256
8260 3744 8120 16885 1093 17656 1752 8164 1192 441 11805 745 8209 15294 3333 19459 14360 17725 7096 8056 18333 10246 11273 14993 16601 2607
9106 14950 18616 18371 16364 12508 6927 12289 10948 8631 9405 6340 13487 14323 5743 12603 229 7534 19384 11019 4172 7217 4360 5681 9777 10677
17991 13013 11791 11295 3772 14425 16586 2323 14328 7238 2614 620 101 8633 1719 6265 3944 3717 4528 16910 9796 14586 18996 1415 6683 5512
2877 3680 10209 15386 4094 12288 19808 15266 13003 16806 9857 5715 15048 8497 3795 15159 7480 3665 7387 145 17488 11002 1180 12755 7790 12784
10146 15673 3050 10988 8370 3271 9984 18046 10998 1348 13047 7552 16581 12160 8718 8005 19256 3883 11541 17227 987 3736 9634 8052 4089 7172
4863 14322 5854 12402 12951 4779 17377 6317 16538 9266 428 19230 9245 19053 1472 7496 16022 15685 207 12118 18335 6885 8603 19380 7421 8118
13694 16107 16708 9468 6071 4152 7121 17256 17789 168 6482 15145 14629 11577 3634 6915 9385 19318 3012 2273 10437 12704 3858 11042 16124 17945
4752 11733 8715 17279 11084 2161 3508 9296 7941 15906 1429 3005 5383 17909 7026 18416 6244 6472 4108 1767 11261 6399 11263 7762 13452 12369
17028 8686 4740 9897 14395 15837 7194 4583 10882 5590 16080 369 18489 7681 4139 15623 5858 16462 4656 18813 7983 328 16478 6376 17352 9556
7329 14513 9965 5708 13026 17455 2001 16363 2999 4978 17902 2207 15103 5485 18629 12563 1252 14494 10051 6574 10322 6539 12388 8077 4333 6397
6053 1743 8300 3701 14543 16126 6018 19275 701 12417 9952 2128 5253 9891 5967 5308 10233 18607 13180 7641 4073 15834 1067 13050 9392 18692
17852 11890 17305 16619 476 16456 10758 12715 189 15172 9123 13419 17105 774 31 11662 18190 7457 11500 3544 15222 7566 16873 1499 5004 13383
9779 1919 7489 15919 5119 12265 15541 5145 12855 15147 2986 18705 17215 18208 13193 5077 6001 14761 13670 15398 5829 597 7700 15068 16873 10445
6945 16505 15406 19828 11354 228 12649 5269 3954 11256 18749 6789 1627 17662 6634 19797 11045 7785 8508 1601 13220 1145 5989 18617 1929 15912
18669 19581 1642 9886 19537 1857 6009 3902 14545 16457 18794 8797 15967 5200 16420 19421 17982 17847 10217 9750 5018 3785 17574 4036 129 12993
14453 18060 17636 13067 150 10024 9177 15022 3361 16823 1189 12010 6730 11100 15911 9793 4663 7798 16245 4130 10103 5371 4437 7 13492 4564
9757 11221 9720 16588 13548 16500 12869 11157 4381 10138 1679 9025 18647 15467 4689 7258 11847 12317 920 7415 14899 12982 19814 10896 9377 17263
6203 3855 18515 6647 7450 4456 2011 3937 8166 19632 12398 842 6291 19389 8614 16369 14410 1174 2656 632 16605 3246 7377 13668 2992 7528
169 6362 14359 16318 4736 15378 19083 4745 16606 8667 16866 1193 5416 5384 15371 7488 18152 18910 10329 18798 19778 4680 1003 8119 12949 6286
4616 18664 5241 16823 14566 14235 13007 16239 4252 2294 14476 19487 2770 9780 4343 11163 12065 2411 12286 19432 19652 6767 16102 3630 2111 7541
3979 13463 16319 15840 11651 15282 11138 17846 13543 11348 14224 10260 18517 4533 13759 6768 10810 14502 6544 17574 5868 18854 810 14227 6020 17525
17067 1468 3474 1812 19071 5922 17985 19052 3296 18986 9396 3646 11228 16851 13638 5286 5031 1259 7448 8039 854 11927 2589 1656 9170 15154
13935 4377 19239 11384 10069 10183 5602 8815 1439 7168 12214 2542 7399 17575 8604 5431 7904 3790 2938 12970 18582 16317 6847 13705 13470 19971
9710 2321 13075 13497 15189 16783 7214 16330 8867 13810 584 14362 954 126 11217 13764 17823 3680 11617 9403 19161 12861 5378 19531 3854 17060
18754 15715 12916 9987 2248 17122 3854 1555 15960 13115 5737 10628 16995 16597 7203 13195 8193 14765 16408 7101 11792 14444 5106 17806 8825 1373
14296 19736 16151 17826 3800 18305 8103 10844 1431 17849 12651 1432 5254 4333 4782 17604 17982 9543 16529 5007 14086 7211 17886 8929 9664 13990
5087 9572 12047 13873 6055 8563 19473 2587 372 7810 6974 12106 2940 1904 12528 17817 11569 10563 10785 13145 7830 5270 8190 5045 13599 11869
14077 7199 2989 10649 19931 9806 11418 1670 13057 19131 19896 7514 13786 16286 5350 18453 16234 12427 8436 19150 4415 5428 18119 12401 18139 2065
6502 16062 18643 6915 18824 8634 2306 9767 18447 15706 969 8993 12461 13936 4486 8703 15985 5156 3393 13857 7143 19259 19368 19025 519 9141
14819 11210 12841 5892 3742 3392 17118 3073 13640 9639 18411 14704 4596 15705 14966 1649 8772 17596 13303 15625 559 9672 17175 12390 16464 7155
485 16479 10115 7928 16839 911 10705 703 11549 17591 7247 11106 942 5990 5442 18979 1511 4231 18870 3674 10154 2423 3809 16201 13096 4333
16493 13156 10769 6248 879 5117 13421 1917 11760 1585 18014 5171 9986 12972 6972 12014 14485 2765 12549 1843 6695 10509 11090 16732 17356 11361
14659 3338 1649 4157 16173 11526 12167 7211 1661 17938 2441 2217 5531 3760 15382 10538 16642 2335 11754 5374 4919 7864 14597 8265 8720 1103
10119 10569 11436 9807 7324 17471 7330 8038 16180 6070 16046 15955 7744 17205 5210 1221 451 3996 7192 3601 17093 19811 13071 13299 13364 10708
4052 11810 14474 1386 6617 12683 11611 6039 1442 11934 1045 14887 8608 956 12232 9433 8969 13298 2814 9679 7844 5932 15535 9534 9093 129
12516 7898 13521 830 6336 13567 6607 3599 6050 3476 11510 12469 17395 18095 19245 6168 2625 17638 5264 5074 9187 15187 18424 18353 6095 953
18973 10041 13764 11871 11046 14727 243 4164 3639 16464 18093 13948 4099 18163 2564 10420 10991 14887 4662 19872 5740 16819 17 5064 1642 641
568 1797 12920 2943 5290 10184 10113 1248 16121 14576 4267 5526 8856 11623 17448 5053 5548 15023 1048 15989 11381 7923 12149 18805 7411 2417
10388 12537 18046 7138 4529 8890 15804 17039 18178 16196 10682 5962 9150 15427 14016 14506 4970 17374 6794 1990 5532 8981 334 16622 11242 13685
19029 15333 6885 3005 6045 2354 15255 8941 18103 18020 6183 5159 842 13028 19392 16431 7373 13470 16871 19221 12721 7560 16965 13793 13833 6093
6152 7214 3510 9332 1033 19218 10108 5052 7219 10077 13352 10909 713 11771 18586 18634 10948 13822 10935 19964 8842 6751 15286 11529 752 9067
12881 2087 12090 8512 516 6837 3207 5264 14258 18768 6783 6439 10797 11607 5505 14981 19626 14723 12486 14689 16212 11155 6123 18010 19444 16114
17598 8805 18951 3949 9165 17318 5184 17991 1934 19659 9208 13024 13938 8145 627 13567 14729 3825 18984 15875 7485 9759 18802 11148 1084 4403
10562 5392 19136 8553 13405 13837 16490 7685 14705 19488 3924 3339 14061 9219 7639 15722 8867 18161 14677 4652 17565 1530 17169 4691 3558 4742
10059 8721 5758 13895 5120 19085 13236 11625 16145 7577 9021 2519 17272 16288 4477 6327 6368 19175 7758 7609 4526 5682 610 17984 19464 799
5300 1607 9340 17901 17937 16409 10633 7432 16885 12514 0 15932 6087 6819 12020 13633 10834 12870 10533 10521 4499 13197 12425 10230 19128 11194
11949 2125 15733 1301 14012 10516 936 12444 17830 1886 12292 17866 12537 1209 5358 17438 18196 5404 12831 4955 5065 4021 15476 3638 18715 17082
14861 8699 19647 13455 11065 15486 11944 14610 13003 12357 4510 7233 15681 7483 13271 13895 608 11607 15568 15191 18262 885 6150 10744 7912 3093
17731 19334 13956 13213 9640 18650 14282 7308 2162 4012 19051 196 11319 13564 17564 1973 8133 5885 9401 7380 12835 1910 7533 4002 3815 9439
17451 6926 17613 6986 16391 18228 8873 2282 13442 17075 15852 18296 15152 11142 6759 19574 17008 12115 19457 10599 3413 13316 2338 4726 1464 116
19621 5207 10386 1970 19189 13202 9882 3287 4506 8714 11089 4540 4148 15619 2496 4236 11036 12208 9947 18769 289 12530 1756 2930 14191 17045
4838 78 3803 18617 11463 17243 14816 8645 18186 5228 9636 12422 13382 14214 17020 2628 4505 8016 18143 18331 1455 17271 7251 750 14920 5508
14565 3354 17024 10281 6622 4342 1166 414 10830 16963 17376 13379 19037 16022 18831 1216 8648 13701 12046 708 15636 6862 3880 8791 250 2153
2549 19621 14457 12449 14872 13534 4340 18517 10788 6059 2503 9191 6550 3704 3122 1412 8632 11255 11052 5168 4348 14699 3553 7777 6332 7908
9041 3832 2963 4546 19661 13966 19795 8648 13897 18949 12457 6008 1104 17414 9725 8482 1466 14633 8025 9901 11594 5137 3359 11024 2197 10232
3061 12528 7663 18248 19682 511 14978 8880 16499 11916 16207 11368 2367 13314 5119 17535 13339 18099 16944 17547 12472 15339 10679 3946 2887 18533
12563 7052 4873 5859 3254 630 5328 4977 3256 8437 13717 18052 17505 4484 13725 14305 2014 11352 17717 3463 6940 10025 12279 2068 68 12376
10516 9795 12571 9717 1483 3096 108 13700 8781 18001 207 9433 2495 18296 4852 9476 1379 3977 17679 12278 8824 2036 15827 3273 7741 12453
9679 861 13768 18109 595 18097 5863 5115 15050 5875 8996 6722 13853 1026 10347 12997 8245 5380 18866 2091 11863 1140 8508 5960 8635 12539
13047 13085 11272 3494 1535 17381 10772 4569 5266 11671 16014 4520 1316 19059 14061 16293 15350 11865 2457 16460 473 11494 618 3519 16472 9735
17117 13463 14683 1806 18114 6098 13480 2246 10952 13895 3011 6355 1584 6789 8030 3133 18032 13202 4455 17018 8638 15759 4067 19494 5623 19462
19140 16748 10100 17589 5168 4307 17513 2968 102 19444 11199 863 2312 16648 4413 16967 19757 12118 12099 834 6154 9992 19786 4382 10743 14592
13043 14632 17575 2174 16012 12487 9274 18879 13511 14154 14915 11868 2971 10334 19581 9869 11924 5911 15122 6968 1925 1861 1873 15701 3312 16329
13994 11507 6108 7814 15636 4299 19863 8266 19581 17564 3239 14935 12355 183 4425 8223 12332 3030 16760 3132 18326 4860 14166 3289 3438 1940
16403 7354 8330 4115 12527 18985 748 12162 17113 8653 12148 12523 3084 9926 16572 1642 5213 10537 13502 18481 17873 9705 7907 18730 3345 19584
3104 18413 2393 11573 10814 4039 3870 4943 2250 4067 6223 485 10592 1830 8452 1995 19726 6606 18597 3941 16841 3990 20 16217 18362 7324
19524 15311 7069 10164 4251 3861 4285 12325 7266 13689 6996 5948 913 15744 4608 2560 7787 11008 7583 12331 9252 9827 4195 6028 15526 5987
10647 3350 9849 14347 4253 16165 12197 7324 10815 17221 5673 9880 5239 4228 16350 651 18277 2443 13482 7656 10908 12776 784 9244 8196 4725
3686 5341 7623 11162 14695 9298 6767 9774 15396 5751 12274 15260 6437 10088 8300 12697 14449 19418 18096 19579 11840 18018 18386 6969 3651 5260
16511 1758 18397 17377 5001 1176 11972 15392 14588 7077 12089 15583 16835 16696 19612 8251 5535 8934 13250 18954 12542 457 5937 19076 58 5794
10008 5580 11670 10948 2849 15221 9544 13833 8376 15175 9247 15927 19005 10792 10187 2340 6805 19463 14264 6524 16318 13516 7451 14747 913 13124
6476 11948 8942 10518 9384 10459 8410 14331 10860 5547 714 15486 1620 16536 6925 11102 15355 12277 18263 1200 3375 16786 19461 5643 11486 4359
1458 16456 8330 2973 8947 15388 19267 392 15568 3166 11 7934 15297 13108 6175 11735 13175 10018 3582 17277 17306 14063 10895 5369 19122 14039
11980 5065 6471 19006 19546 15650 1668 16279 1308 16581 4252 3943 7493 17082 16757 17472 8189 6464 67 5631 11249 6805 8307 13743 16295 8363
9510 8254 6087 10746 8696 15044 10528 8823 10626 6877 7785 5592 6733 8541 12607 13584 5086 16419 4796 17693 9969 11158 7010 11864 5046 3182
12836 17692 17442 10777 11195 4645 7 312 8972 6466 2746 13203 17758 5853 11798 9653 9721 15820 5747 5859 19338 16652 14301 6987 10670 13246
19533 16312 5859 3228 514 7878 3309 11282 19499 4988 18477 77 16668 3521 18397 5289 12206 15802 17214 7998 9467 990 12005 10955 10849 3161
15682 13621 17134 19661 17100 10663 12617 19290 3082 5075 1841 8748 3865 4303 14654 4881 4199 16434 18276 18611 402 10152 10937 7940 14048 5756
7307 766 1678 14416 7502 18186 13898 14229 12537 8726 10544 9694 11562 8603 2885 10819 7965 11682 359 15448 11039 925 13008 14687 13790 1629
2124 14487 1764 14099 10728 14635 5999 12744 9347 19495 17852 5434 18491 812 16842 17058 8094 18447 9133 1049 9034 8456 14686 8357 17659 9231
10991 15907 16892 3193 17197 5159 18455 15423 15996 7352 6113 12129 9903 3578 4762 5778 13230 11845 14187 10347 1695 16899 15768 12735 16371 14986
5152 19092 18332 4978 15927 19530 6011 2952 5632 280 4136 3351 10713 5674 11566 14113 18797 19829 12373 16162 4088 6708 13836 13077 1649 4394
6818 1895 19399 19407 11690 2439 2163 8657 5845 6842 10420 3395 6053 16210 2495 19507 721 5822 16614 16675 3005 17963 8098 13441 10865 13719
16390 17121 17173 944 3419 2675 7611 11873 6979 1780 7024 994 16449 7898 19730 7685 13001 7131 12582 8126 14664 12029 6458 9118 7103 6121
17745 11979 14767 3365 10920 8315 19249 764 11041 8941 16345 13270 9981 10289 4479 9365 14650 17093 18885 7694 14185 11399 1257 15366 14816 4758
2360 18809 12347 15435 13297 17798 11787 7612 18271 16269 12820 10864 5726 13094 17073 16205 137 8878 16100 8600 7642 2814 15183 15791 6685 14286
16253 19493 5044 1727 19269 8089 14680 5615 14596 18317 19705 4434 17608 1191 8511 11641 2272 18524 14991 18747 1224 5081 4092 480 18549 8231
3253 11346 8208 12875 12407 18967 16671 13990 13835 6631 18411 7629 18458 2054 12811 14904 9351 7712 16888 4457 6913 9096 19252 16910 14528 13313
17194 16978 15266 13071 12933 10160 17987 14138 1595 8976 10554 11020 7786 9771 10017 9563 4228 13908 4100 7557 2881 13500 14121 8685 14505 7772
15441 3296 11460 7983 9431 14820 15458 5187 4036 12101 7833 9679 16991 14434 16763 2595 19071 14067 6582 12909 13003 10043 7558 5531 12873 4471
7449 11030 14107 5288 464 15740 12601 1214 17805 7126 5054 4284 9264 12193 19326 1134 6112 13429 18277 15136 18206 7554 18272 10490 11524 12198
8534 10178 8038 7946 5817 18884 15107 11161 18239 11680 13579 13944 6088 3851 4063 9924 2631 7453 13982 5732 12247 4480 12591 12947 6940 16569
690 4625 6214 19811 11913 9055 18742 6726 8208 16426 18486 18584 13015 18143 17770 3122 15384 16443 11681 4216 13029 5734 7081 4133 1781 19224
9202 176 5142 9937 6399 9155 17026 1147 10462 2459 14862 26 16483 5268 1849 18715 5133 14840 7244 15281 10151 17728 11522 7900 16582 8934
2376 8655 5793 4328 14557 2468 18019 13706 7365 16672 4641 780 4969 2374 11304 3323 18315 15788 3581 11031 2752 79 153 8033 4257 2577
959 18436 7656 15837 13262 11565 16153 17677 4549 11306 18775 12786 8709 5819 6847 8614 8298 6769 936 9112 6851 16540 18878 14790 5684 15083
18142 12538 13064 3020 7682 7162 17691 3497 12245 8160 11360 385 2896 17156 3516 12986 4483 11423 12502 18415 6491 7697 5764 18466 14067 8795
8908 5637 7889 16606 14206 3663 18934 6788 14503 19154 19019 13487 17468 19724 16675 11128 763 9022 2428 8454 13925 5046 4179 3345 7863 3189
1150 3621 5604 17303 1798 6098 16483 10060 1711 13941 12932 4411 11905 16128 4280 1504 411 8866 3047 17014 10165 16191 4733 11344 18251 6824
14746 19499 9217 8759 3280 4798 5975 19212 6723 9121 5735 15768 363 18259 4213 252 14672 13000 9097 6020 15889 3084 6721 15833 2726 11846
4003 5424 3105 15889 12071 13699 18265 7441 8257 12268 8508 19559 12448 18990 14850 16757 5895 13938 3862 9705 15153 8563 13041 10070 17470 17828
11722 682 16743 19238 13754 17593 14903 10703 4945 1234 18959 12167 19622 16335 13438 7381 12734 8411 6245 12792 14482 12966 15013 4998 14425 2717
12701 1155 8362 19366 5988 13357 14126 19222 19793 5928 9990 16273 4385 4080 10393 15554 14089 10816 3361 18888 11775 16870 15077 483 17283 3573
13093 12803 6874 6979 18269 518 5043 18902 8859 1965 15860 3209 19624 5307 10358 15982 6388 10481 7763 2681 15552 1986 8668 6978 15023 17360
2785 11456 10106 10780 18023 14099 12850 2857 5237 16094 13980 10694 6509 8027 18736 9527 12706 5460 14911 16934 3533 1543 7077 3937 6561 2227
6769 8324 5143 3241 17850 6392 5712 4576 6997 18271 6534 19080 14705 12219 15780 6345 13396 2540 6239 13352 18496 11740 14025 3698 6890 16103
10454 12641 1048 17675 2099 4899 18598 13653 5291 5831 19730 5258 3565 8682 6401 6714 12465 7159 4930 6715 4333 16209 873 11589 14178 1351
8539 7323 10003 15898 11193 8384 7778 8750 9865 14415 18608 7606 12572 15954 8256 16313 12985 15250 18603 1431 2053 8082 12029 18563 12183 15921
5853 13012 8678 9874 15844 9780 6878 16202 7216 12580 15459 14787 16798 14893 4104 13243 5973 11008 10407 10259 11192 19311 870 7432 11961 6386
3452 4604 17621 1568 19371 9340 17591 10578 9436 14576 1527 5619 8349 13761 3919 10848 11744 5986 15984 8596 1054 3951 6235 1213 5031 12802
4560 19757 11614 5717 13001 645 1229 17682 10821 19265 10392 1795 13663 19023 8004 19398 17282 18600 14266 8925 15158 1531 13597 9113 10086 10116
19856 8581 9708 10369 2556 9640 5179 12226 9689 19230 5664 5020 2589 6478 10558 3010 10967 16282 19026 14372 19935 2581 10839 15991 13756 18586
17656 14881 15640 12415 15474 19121 18921 1331 13064 19616 13443 5248 16513 19967 4669 2565 17814 5859 16487 13624 10749 38 12222 14925 13505 16340
19060 9792 12049 631 6505 11676 5355 444 17510 3794 14211 11594 11310 5486 4782 14744 9637 7178 568 5152 12053 8384 4433 14172 8917 6508
5383 8112 3393 19442 13594 13563 17162 10057 3595 15261 12363 13014 12731 6776 13296 13493 17624 3587 432 13792 3305 18470 13711 3139 15687 3484
12870 8518 2081 4541 13391 3671 1329 9201 7456 13126 14580 7392 10736 19043 10748 17104 14153 8947 3952 9033 4683 9131 16448 16363 5205 19595
11805 14764 5506 17740 10645 7360 15186 5791 2598 3959 1197 8071 5992 2842 14615 10992 16361 2997 11738 7311 348 1045 11548 8168 19943 9410
14375 124 9766 15035 15442 266 15926 9571 9630 16625 14704 9833 17194 4474 5427 11320 12750 1043 4948 16363 12962 11119 19938 9998 2360 11027
1242 16657 4397 15996 2025 7174 5765 2431 11667 11350 10641 8563 7700 11869 16012 2360 1998 5090 5644 18233 10817 2004 2922 17573 3612 12420
1297 530 3866 14089 10105 1827 19172 1148 4468 9510 12092 6717 6226 8043 16335 3049 15563 12561 888 2313 15456 18694 1570 6327 8538 15420
10331 17948 12123 19152 1674 62 6367 10393 5696 1922 4478 7247 11977 3583 7281 14575 6795 2606 15170 67 13965 2485 8995 11790 1374 3900
13674 7142 10565 3038 7438 1803 6723 14940 13289 2006 12777 11012 13223 13380 9821 15896 16594 13239 8452 7020 3091 2550 13272 13527 13780 5916
717 1318 15680 4437 2558 1307 16046 2134 1111 14759 2074 1215 10999 19817 1124 12431 18773 14520 167 15028 10630 10901 18091 807 14174 6577
18253 12988 2138 19152 7757 12535 6544 12415 4022 8728 19591 4044 18792 16963 17361 13704 14849 15317 16303 18500 1078 18418 8027 6615 2492 18373
272 7451 6975 862 15856 18571 19554 9543 13204 12207 7289 3502 14630 19174 12831 11866 1278 7281 11369 16951 15480 427 665 7096 6510 3431
7782 19284 7408 14907 4053 11647 10760 19938 17706 7164 17733 19099 9173 7133 9230 7787 4551 7476 2279 5869 4368 10383 16236 1152 10359 3058
14497 2790 9686 19085 5040 974 17989 7980 15898 19811 2093 16516 15144 8014 3909 13125 18387 16359 3642 9260 10748 9091 10281 3232 10330 3297
14464 15259 6259 14443 16229 19130 12988 5514 15346 2587 19963 16065 11631 17300 19157 18682 11858 9354 328 6810 1392 15655 1561 1767 8727 17043
12781 17567 1353 10679 9183 7508 10211 9971 5884 11904 2372 12269 9170 3453 15140 9950 13174 17259 6958 18410 6528 3407 6721 10661 5916 9150
11543 16566 18461 5366 18357 9775 14931 9876 13161 1191 9806 13779 16922 19921 18562 9 14029 17050 7338 17550 12685 11350 15074 19534 1886 7785
13232 2452 11932 16832 8522 7600 6051 6292 5504 14333 12774 493 17816 9442 11784 11598 14985 5656 19486 6422 18155 4366 1062 3965 15698 19590
1422 18745 11875 18696 16799 10848 5180 3744 12188 16142 14260 16681 3144 16655 11209 16077 3963 15419 4852 2405 14725 17543 2752 4590 12419 2935
5108 7005 544 14726 645 3808 19555 19522 15921 17590 17915 10432 322 12848 5764 19312 12110 17644 7901 10963 16203 6089 7633 2668 11065 14671
3156 5918 11220 14810 10986 8783 7752 1967 8339 3473 9362 11923 14053 16328 14703 4698 527 8019 238 8432 15416 14850 18159 18063 8908 11421
19137 17664 2502 19849 4028 1720 3996 7409 13678 10932 14877 17161 9644 15015 14581 10487 18750 12055 17499 5888 19185 2225 11590 4023 18611 3792
19005 8953 5919 15896 14844 5608 14241 5630 1701 3767 10145 13711 5736 19594 4618 11723 5348 6674 6313 2809 12224 4087 3270 13904 9850 12945
13141 8592 18526 14458 1807 5997 1349 11766 9964 16301 8467 15611 12582 1545 6624 10195 8966 1420 6050 6748 17965 3923 18406 2895 2910 11482
1188 13380 18353 17551 3393 10277 7980 2080 9642 2978 212 11302 19723 11822 7100 19347 11417 8488 716 16207 17394 9127 5543 4311 2217 2882
11242 17704 10416 5285 13776 8158 10972 1974 3694 5781 4238 10497 5751 7158 11671 14690 17312 363 11203 14388 1581 15311 4597 11165 15243 5729
2082 11462 2578 19990 2123 14614 16184 211 14003 6950 8993 14481 10977 5537 17670 1783 1153 10518 19867 377 5936 2979 15175 15071 5528 17250
3472 8705 13981 15748 15126 16050 5544 7437 16960 12973 14918 319 10159 17848 2952 13850 17071 8921 11725 11709 13832 15611 1376 2338 10163 14236
11317 2451 18927 8141 1459 1939 4101 6437 2128 18619 9882 12483 15852 5489 6358 14905 16754 14133 7715 7120 2002 14978 8918 2427 18838 7484
12461 18279 17413 2002 5993 15640 2635 9234 7831 12640 14698 16895 10276 8525 17596 13255 15126 11117 17850 17525 4553 4198 6534 3677 18552 3682
15438 6829 4204 8777 18004 270 2376 7158 6711 6267 14972 18694 4128 19539 5844 6745 14822 16445 14891 101 16442 18023 12906 17351 8790 19701
12593 17428 4223 3716 15701 11644 6663 11981 5383 15479 9880 11961 12205 458 14802 15330 16274 17404 1498 6717 5122 13129 18102 3345 16555 9858
2998 3452 1704 9932 17081 5300 14830 10441 19075 5336 883 14825 7049 10896 19156 1134 1538 10961 14578 6875 17248 7530 14888 9255 5156 10949
15262 5419 16575 5748 5843 426 15869 11412 16983 1178 3453 10673 13378 17523 15075 7111 9135 8654 4739 849 14287 14140 14703 7930 10860 4983
4819 13845 10059 16970 1784 18650 3776 1523 13891 7815 14633 18816 10870 19717 1417 9462 2147 13242 2283 9288 5481 7395 19936 11963 9313 6200
18868 7407 19689 18157 19583 19295 19237 14217 15168 15369 16344 6633 4781 6770 1020 5609 6470 1880 17320 17264 13000 1794 11559 17199 16706 757
19207 17584 10849 15167 9055 16076 9132 1061 859 8697 9075 18871 948 3128 15584 4649 5342 13923 5740 4280 1894 4664 8328 9752 13457 14950
6373 7520 14958 2989 15433 13806 16793 15508 3054 561 15638 1921 4706 1578 1806 1476 13942 5620 12261 458 9921 12629 13995 8443 10939 1300
10 12971 19058 8765 4897 8988 9340 10880 19754 4531 11455 2554 4215 5736 16023 6759 11789 1583 10424 5225 13663 7550 14404 6595 1743 16644
16727 15525 14279 11359 4558 19910 10641 16856 107 2064 935 18050 4913 14988 4627 16376 5626 3491 2988 5424 6308 16883 12254 15644 10641 16856
9232 8587 11224 17991 977 18089 1990 1152 8736 11387 11115 9079 8425 4794 11507 3155 4220 4816 18799 17958 15943 722 10927 15657 12822 2214
18365 3862 16214 18915 7992 3295 7924 10687 1541 9636 2460 14016 10565 7499 16876 2421 15777 7171 18994 10701 4984 2112 7305 18869 19128 5745
15394 3829 11550 13100 2153 3793 25 16887 8054 9042 13000 13594 7917 10170 2967 7548 9151 12439 1089 16126 8801 3634 16407 3456 14765 8924
19923 15825 13894 1700 12208 15855 4412 18706 1814 9807 5843 3548 5533 18741 16561 16786 6950 19839 15592 13344 3166 10986 9227 11669 7428 17349
18357 2738 18153 17547 3490 12497 12128 3796 1761 1321 16677 17278 16584 9612 17498 12532 11233 2513 12343 5339 16422 4626 5139 995 17255 14958
1134 8939 14273 2520 4023 14135 2497 4222 15687 8759 17801 534 2988 7607 6703 8588 11356 372 6877 13672 1884 1927 12014 7657 15423 5799
1725 10957 18739 188 1740 18868 2267 7895 3773 2741 5647 5002 8956 4837 16471 2165 2569 832 18915 15984 15675 16565 1811 12448 6190 4618
15626 6720 6879 18760 18333 4943 5767 10466 1044 14176 7791 935 268 11578 14397 2259 19594 6800 17880 9433 12329 17349 1689 12661 10190 167
6552 5354 7682 12388 15153 1830 18335 2832 18147 14699 3630 599 8495 19257 18217 12914 4419 16797 19862 1891 9195 3916 5513 11030 8844 4784
14266 16190 13384 5036 7540 10539 2771 8438 2569 10002 8035 19538 4388 1110 17057 16152 9160 15644 15039 17808 3247 19487 2509 1189 4661 8003
5665 1130 15829 14923 18086 16118 1685 11546 8272 6673 2512 19204 1483 5820 14645 3619 8171 14935 18960 7488 2642 19514 19264 19509 11418 17589
1161 9614 8964 2063 14967 183 3857 12125 1536 15153 1613 15341 11996 8953 14347 9395 17238 531 5619 2840 10427 1424 5295 10263 14707 2823
18536 11728 11398 7129 12804 7969 3501 1928 11761 3520 8337 12681 5343 12967 17813 14374 5028 12505 2743 17896 1315 369 3527 6808 10098 6217
8280 6942 2156 4311 17280 15241 19479 8672 10712 13542 17386 17763 14797 8861 8869 13558 10872 13882 16356 19478 2682 7095 11166 8431 9736 19493
16033 10195 14433 884 18386 16477 4372 6661 2901 16938 17846 9629 19120 15698 8755 5942 1457 11332 3736 8051 14306 3302 2498 10712 19438 16894
9230 2619 10690 18794 17464 5507 6792 2862 19443 19161 9905 5642 2830 11703 10681 19236 16699 16626 18059 744 4710 10597 11335 10399 7416 1606
12309 14871 10446 2250 13933 6873 8391 15389 16964 4893 7770 736 12556 19493 432 8524 9585 12589 16880 9668 7589 4699 16961 5170 10167 19211
7347 16305 9091 10953 567 6275 5184 1877 15101 19744 14284 18596 11919 8955 6677 1101 3203 19674 11981 5834 13359 10838 17595 6064 14437 12959
15409 19801 3287 6202 3593 6739 6063 15110 8656 18627 7020 11021 18121 223 5039 13665 12676 5906 9547 8824 2841 10224 10258 18354 9106 4150
148 6272 15721 10542 8630 1093 530 1407 10952 1002 3267 15564 14500 3704 1053 8846 4134 11719 13025 3407 7920 7771 3108 17939 15000 11237
19745 10299 14107 8464 12191 6108 15989 15474 10056 9328 692 10260 9537 12528 15960 7472 13719 8175 8675 4496 12062 15806 12076 7254 17793 1542
1052 17829 18878 11640 5086 12332 4583 3920 9364 7325 4737 557 8141 4377 10717 6389 1756 16232 4202 1953 3551 10422 14230 15718 16408 17295
302 14601 5695 16040 14906 603 7942 2030 1178 8740 8205 4767 1181 13786 9404 6224 3955 14796 13328 11183 1809 14478 1472 330 15793 190
18459 10950 6069 12562 184 3225 7409 9197 17195 19185 11625 4180 18574 5441 3598 11254 8876 17487 766 19377 18946 4784 14031 7136 17735 12273
10895 17454 18519 14491 9798 15049 4930 19289 6043 10706 18564 7002 10920 17745 16369 6388 9861 12028 19930 13357 14197 13541 10615 9253 16102 13764
13713 3340 9635 10957 1801 1113 9705 16105 13679 6560 14633 18754 14091 791 5067 6950 10131 13074 15533 11842 8067 11138 5389 15117 74 17653
5689 335 34 16113 971 1221 9183 15829 16414 5850 19043 11762 17494 16031 5551 8024 10580 9733 9423 7473 7760 11200 5944 2533 4828 9768
2451 10849 1275 13709 5721 10496 13352 11323 2326 14409 4311 9034 11491 192 6151 5730 5384 2587 16091 19093 166 5594 18252 256 6475 12544
7881 3034 4405 3654 13010 14131 15945 4216 493 9747 75 423 9562 1568 17041 5342 4226 15264 507 5632 1877 3246 13173 2130 6192 6733
15191 3004 10119 11819 16919 5097 14181 12250 13236 3945 2809 4016 11785 10928 18424 9389 9931 13082 3123 13248 14332 16790 170 716 3668 10695
12341 16208 8787 19551 11679 15888 466 13426 15101 9384 43 5528 4477 17827 17402 1100 11483 14329 7958 19472 325 19260 8491 9576 16586 7361
7008 614 11476 2663 3306 2385 10378 7980 11586 4681 739 11284 15534 8633 19803 6211 3699 14115 16930 16587 12727 3133 4936 14086 952 10029
16485 11262 15061 7996 1734 13519 10905 11936 11811 12967 8317 14573 85 1593 9048 2064 7135 5577 4169 17723 10012 17125 10819 4700 12647 4836
14477 11780 4893 5097 13585 5886 13868 19052 6703 9912 10572 18765 3572 3942 16007 6207 15672 8200 7333 10309 15390 2524 8333 18970 9155 17864
15323 12104 6475 6286 17105 17060 10981 18906 6706 14408 8346 5342 14264 14627 8651 17260 17123 18904 4368 9712 18141 12662 2615 3651 14009 16165
6954 13915 11876 18644 15667 762 9141 1105 8275 18728 19870 509 9777 15380 9270 15223 19519 12547 3987 10476 12775 3735 1743 5407 2440 9912
12260 16394 4602 18250 10966 14759 4464 726 16800 3468 10462 7752 1194 12109 5699 13309 10273 950 1255 11290 12543 5035 8887 14196 1022 4499
19234 19963 149 13956 18272 15561 3491 7544 17991 18640 15509 16301 18545 975 7900 14480 12883 15211 9477 12724 19537 88 16052 10680 11524 19468
14154 406 175 6998 15054 3237 8599 6268 1532 19855 17453 8302 5774 17648 19607 5697 10638 7002 3998 8112 2236 16925 13586 8282 14318 8923
15548 10096 7692 13374 19742 9444 13076 4183 4008 6035 514 18718 16238 3925 12137 974 18486 8445 19174 11363 18751 4485 2640 13719 14804 15475
8701 17138 5441 12456 2970 13957 6474 17508 13720 7474 18978 8796 19090 19849 4613 6846 12806 3910 17443 5289 3800 6992 12772 18052 2641 12534
1838 18897 7476 10388 5040 19371 10805 9334 18608 4197 7690 12625 8402 14537 13799 13922 18065 11448 7414 5081 13677 7063 5041 10552 13142 71
4649 18829 14088 9142 18467 14225 10569 15418 7385 5225 9663 4436 689 9381 19783 18515 1605 649 15122 15570 861 6196 18277 8301 1774 1744
2444 11348 5949 14807 7206 5219 8540 4038 6375 4953 8083 11895 6581 17407 18541 8332 4747 2063 5869 3058 9207 566 8987 4491 14590 9654
19116 11657 6952 18231 8049 17085 6770 8452 10290 17779 1129 16805 4001 14954 8677 8555 5481 11496 18271 3010 14101 2480 8313 9758 6520 5151
16924 12003 16945 10018 8292 14660 6359 16143 1667 5465 8771 2626 8641 807 16203 7339 3484 6800 4880 11625 14445 1422 4362 7559 17278 12710
11687 17683 8530 7470 17536 7906 7969 12656 14913 2842 15100 8765 5509 2134 11899 4945 19121 5485 2881 18015 9377 11618 17685 15685 1842 12375
5788 9447 2598 5910 14834 11420 14524 3262 14540 6614 8383 10539 19417 5422 5274 6562 13322 15932 8891 13016 6231 8016 11029 5632 19664 5398
7012 7859 4464 396 4032 3796 3811 2980 8295 3309 19276 10908 7311 12433 13488 11639 18523 127 13588 13179 9153 7740 6473 15772 2327 12257
3443 12867 10892 7504 10386 6704 9311 3344 1093 17586 2230 3485 6784 5756 5958 5844 14433 13362 17000 3264 14180 15592 17858 18856 17709 3706
6415 5335 4982 1385 12636 2075 1710 14313 7874 9035 6368 9266 10504 15405 4088 16881 15018 3277 6228 7436 16511 3856 4465 9342 1245 15452
14481 5100 13080 1091 15157 12756 7984 18549 12247 2005 18495 12985 4042 15864 97 10996 7301 576 404 4368 12939 617 12016 3870 9306 8232
12526 739 1923 19658 18443 12805 16799 8533 9267 2545 6587 19901 4214 4279 5088 17944 660 16434 4861 11245 1149 2477 9677 11236 69 12866
8305 2163 16155 11564 13501 8283 4467 19598 6997 4648 3183 2901 13946 10053 8055 19974 3881 11204 6034 9262 4982 6423 1977 18504 7993 18018
17151 4301 3733 13533 5344 15274 10554 3254 7377 7859 16542 4433 17480 16681 7649 6663 6531 13309 6698 19739 4318 17368 9468 12584 3965 7233
18099 6790 19405 17674 948 9167 2379 16858 6706 13680 10320 9053 12406 731 6903 5488 3666 7616 10415 16621 10741 1490 8599 12046 5362 9969
560 18582 1535 13241 780 7164 298 9611 11663 14965 4247 12873 7656 8227 15415 805 1824 7260 16397 12085 1148 19987 2602 11978 14670 4050
13633 8863 5517 14313 8706 4103 19511 937 17949 13647 11024 11395 17086 3094 15151 9770 18281 6346 3160 16460 14546 13544 5001 279 16778 17260
4506 375 12498 11071 2085 3518 19164 11297 6141 15644 2937 9570 4406 9718 16981 19416 10900 15833 12478 12848 337 17905 1993 17334 14756 3746
2189 5467 1589 17747 2388 1404 9218 17481 422 5775 6546 11508 10930 5693 6687 18457 7610 2174 2144 14018 6840 12667 13756 12297 7295 5860
9107 2768 19036 10101 1455 3839 6103 4809 6190 18436 990 11599 3091 16469 18537 19009 9427 9098 10961 14586 19836 18772 16010 12478 14907 13900
13987 13246 56 4662 4820 11911 14901 8453 12905 1680 2974 1226 13403 19686 15531 13283 11146 8541 6743 2378 14499 17168 13835 6500 18752 17021
19460 8208 4086 9708 17625 11881 16750 11905 15139 12998 7575 7105 3116 15364 14035 13637 2979 12960 6565 3148 13908 14750 16880 12190 17971 15656
15039 7300 9843 400 2911 2755 1853 7262 14969 13803 18194 9466 8909 17778 7389 10206 14740 4393 13819 19563 19800 17368 10483 8918 17448 1967
7293 19111 10566 11105 10151 8579 10655 8228 4672 10605 19399 12219 17274 14633 5743 3582 4820 3975 18223 8020 13412 11413 19748 19979 15626 2097
137 2909 9465 1987 14077 18774 12009 6100 8734 6264 11179 12780 11156 12749 6525 19212 14710 808 9964 16516 14663 16105 9634 16511 10592 8385
14381 3277 18281 2341 18910 11994 4263 14404 9110 10037 2427 2485 7880 10822 11021 15589 3128 7020 12806 14886 16510 10232 14903 5123 6030 3174
16597 11850 7211 3090 5818 13347 10891 3630 4080 16506 9399 2001 12832 9616 13044 3837 14501 15565 3231 6535 16336 15681 7982 2081 11898 3192
7114 4472 1510 18209 1499 6041 2657 17271 8178 8678 2501 13442 7177 10711 1172 16547 1650 15082 6503 14486 6846 6128 9043 4078 19830 11932
8022 1444 2169 19223 5732 11113 6998 951 3395 14716 2539 19469 10852 192 11227 3436 14011 1559 7352 16146 16149 11825 9833 16806 1856 4730
13267 16895 12230 6381 11037 7897 6461 5118 15376 10668 10866 3204 8366 11443 15967 1773 9617 8979 13584 19156 17520 13322 9371 13263 18274 5183
428 1345 18891 9230 17434 1394 4778 13305 19268 9067 14496 2901 14112 16613 2050 7216 4875 4759 10675 3047 6764 2070 12604 2945 7772 13342
552 189 18675 939 2536 15189 6788 5996 2816 16972 1035 19828 12693 12394 3892 11855 7392 2316 9025 3128 5456 1542 458 9088 8551 10586
15964 8865 11463 17140 11001 6286 17389 611 10306 7437 13976 1069 19559 3359 3275 10038 17431 9643 7275 5075 14370 5311 2585 16908 7316 7699
16117 18765 4484 1433 2476 1454 3930 7939 6894 19306 8472 7462 12604 4796 8027 1865 5703 10875 6764 1098 8030 9904 16568 17784 91 4312
12417 9400 5281 8353 15297 15699 7932 6223 19844 3031 8422 15544 18518 11089 10158 12073 3378 10631 10860 19332 13248 329 1788 2036 3350 3663
15720 19180 12050 18912 11297 18876 13657 18533 16923 6915 10179 19770 2484 13169 19189 16688 2089 18372 7128 19169 10659 2868 11954 227 9910 6892
10233 10261 5525 3248 16828 6782 6664 14599 2984 2811 13884 18798 6239 11772 9818 15854 13443 7639 17205 6325 11465 1193 14682 14721 6025 19768
13867 17297 14471 19252 4205 17101 3311 16159 4376 13128 3752 17796 8339 13141 3737 17028 7113 3294 8639 17074 17833 6033 15288 3906 9728 5311
3995 1824 3002 10685 11427 14152 19499 16010 3035 10660 8411 11624 10493 19651 16586 2718 12077 11159 19850 11532 18555 14364 14364 6860 13716 3318
3482 992 6934 18668 19137 4639 8667 1469 4107 17436 11900 17732 5450 6140 9868 11195 4850 17998 19202 5432 19046 16081 11537 172 17381 15717
15216 16924 9897 1913 3783 6864 10016 18978 3019 18482 15700 19428 7833 3877 12116 6199 9500 12758 1203 17790 14283 5797 13673 16298 18010 961
15719 17478 9044 19673 11945 11795 7446 10107 156 14869 9285 8917 13688 18250 15538 14486 3180 7113 4484 13340 9058 17426 5472 12838 19511 17697
3227 7980 11783 9257 16947 3291 2292 14066 19707 4565 14601 8322 232 2712 13159 7860 7971 18373 3168 3826 16426 15151 14657 2739 14792 12595
4083 7327 12170 703 4609 486 17931 2496 7425 16428 422 423 7670 5477 6011 6487 13581 1509 8273 11485 5307 7432 67 9507 7598 13025
14883 302 1557 826 11441 12480 11924 17579 15930 3537 1254 10418 8499 11046 11619 456 17195 8251 19418 18699 2937 1751 4000 2155 10435 6203
3055 15828 14308 17960 12426 2499 16220 10013 10348 1899 10548 15493 13232 10065 12545 9123 13861 4922 15182 17548 14170 5843 15279 9700 7667 17836
12357 11080 19081 18548 11193 9228 18512 7764 1076 11789 4696 4245 16039 3939 15014 8747 5842 18514 11357 209 11959 14674 11095 7812 6530 1076
16724 17152 11272 13300 13207 18855 8120 14472 393 1376 3764 2843 15280 2768 6019 1421 12840 6677 891 2942 13924 17938 18274 11687 17863 18082
19172 8182 11828 12923 19784 16072 11374 7274 4526 12252 18240 4752 6119 14213 12822 8389 17981 808 8481 15280 12869 17965 16089 5276 5622 12937
658 11621 15223 18497 9159 15095 10859 6205 3370 17555 10620 17783 8223 17818 9190 9923 4620 12517 16691 13922 18564 12689 3877 223 11684 7128
16823 448 9099 19419 17897 4824 1227 19656 1337 19588 18007 10047 352 6149 6733 9061 17732 15316 7013 16348 2164 19289 14987 7542 3788 11866
7870 18234 10543 14408 4021 10521 7704 19460 8913 9409 8128 14623 5482 450 7077 3442 2432 7482 2198 12750 18558 5490 6749 17026 19028 6603
13609 19409 7320 18500 5474 15966 13670 730 17326 7436 13325 15607 11800 14287 11514 1993 14204 18456 17662 9457 9929 19708 16862 829 14372 8406
12146 19195 9148 4798 1427 13964 8021 13284 13971 6150 15127 7860 18600 13729 281 7755 143 17883 18073 4106 6644 169 19548 16816 9817 9624
17642 5301 16685 14812 9547 427 5231 9414 8571 8575 8992 19725 7561 10302 9715 10656 4159 3478 909 6799 12986 12907 416 17228 904 6552
13890 10264 10992 18774 1243 3762 19591 7476 9422 5913 7112 6461 15553 890 4371 17110 7437 19550 15166 14656 3328 18197 10129 18483 19569 4736
16974 8688 5860 11918 4458 3035 19596 13715 12859 13206 14288 4850 7038 17037 17672 4945 18687 9592 14676 14222 11140 3151 2411 14638 17521 1723
97 405 9739 15046 10826 19985 9511 8352 4304 4496 17407 10809 15590 19027 18135 18195 19477 1639 3363 14330 8350 2597 6358 7486 9731 18256
14845 14554 4992 18827 12101 16005 588 13715 13849 7950 18997 14106 18897 15486 10611 2267 2836 15419 149 11570 7068 11920 7781 13049 7345 13361
9325 12205 7921 13573 15641 6628 18101 18850 10376 16550 19705 8070 11656 1314 7555 8154 18588 14716 10355 3141 10043 18825 4536 5261 8953 16250
18682 7692 10147 18929 4597 18835 555 11074 14666 9227 7482 5755 13487 11572 3582 6553 10116 7352 17280 3986 3163 12078 6839 19674 10014 2481
12353 10928 17255 7414 10909 14350 5152 16606 5122 8245 11062 19785 10788 3755 14570 6498 11447 9932 17459 8443 7476 10048 7012 15934 17897 559
4089 11347 17718 4717 3148 3626 8066 16709 8372 12022 5706 6812 880 8138 8044 11409 16748 17257 6200 10267 14167 453 16139 11382 577 8988
12438 16232 14290 12999 1394 3448 7814 2413 17236 7354 8200 19289 13966 13139 6741 13602 16242 19498 14249 3627 12254 7385 1923 13887 3692 5847
6376 12780 16457 17981 15897 6612 9298 6488 358 18251 10845 4837 5840 14524 12523 2822 2051 3109 19621 15649 16871 13051 9823 5574 14943 17077
13488 14546 16170 12905 5273 10788 10357 12745 3399 4838 4669 19910 3355 11945 1763 6243 8250 12330 18018 17564 700 5962 6784 2543 8191 8914
5022 7208 4744 597 14126 14056 12044 80 12706 4054 6828 347 952 14222 17842 650 2217 12676 452 19126 12889 475 9906 223 14376 4084
15821 313 5569 6226 19017 9151 2682 1696 11460 16404 2109 14770 15351 19125 5631 11820 14724 8926 1659 11750 4603 8247 17846 19841 19943 15133
3786 6398 16109 17097 10348 7667 15139 17673 4168 340 13524 7957 2513 3060 10836 15807 11477 14304 12095 11276 16997 8080 9544 2621 7812 8096
17741 4646 12395 18185 5098 17753 9270 11506 19857 3817 7736 3238 13312 16478 13938 2107 1775 1815 14495 3310 16412 634 8509 3930 11748 17180
10012 14232 15294 3381 19643 9812 6339 2817 6276 9762 10461 3077 14616 3710 485 9928 12841 13615 7642 17433 10266 14907 7272 6765 11307 4489
14669 326 17720 880 19361 11057 12541 5945 3355 10449 5655 18851 3569 15145 6863 8786 5219 5441 4712 9886 3459 7717 386 8688 16808 8795
4428 8005 9865 10469 780 15498 14329 12013 12711 4322 19301 12492 11485 1880 19944 19390 3754 18074 16952 10063 1399 3979 18242 12711 9014 7761
10085 7850 547 13910 1575 19127 8388 2466 2037 14936 13524 2955 4821 12323 4192 11924 0 8985 17819 15432 710 17809 11506 1698 19712 18969
