365
39 100 68 43 66 12 0 45 40 41 33 37 20 37 35 17 17 40 15 70 40 38 84 96 57 51
16504 11788 6351 16201 14567 3208 5556 4724 3644 13190 16254 1398 16995 8279 14002 16101 6428 12395 12511 19192 6680 16377 5369 13722 8714 16260
6559 5313 7924 11065 3017 12584 17609 1407 9921 4450 15205 15138 18481 2035 810 13755 6609 13940 10534 5267 18294 814 2120 1707 4934 18014
14727 6569 18031 14363 1609 14042 11264 15873 19147 19973 8245 10838 43 3460 4935 10646 3040 122 10539 10914 5733 10198 13143 7882 3218 15342
4021 9242 16505 16571 368 1938 549 15738 4023 3367 11808 14405 12958 6775 5824 10040 11626 4954 6084 1204 16052 14903 12297 462 19415 19873
2910 14606 15100 2553 9345 11521 13540 597 7402 13817 5051 4648 18708 18848 8082 17614 17583 5880 2303 14052 4261 15466 12246 12435 17301 17094
2552 5703 1163 19634 1408 10529 3689 11563 11549 5832 2489 14593 14047 12800 7647 11319 2237 16063 13585 4475 11340 19311 7528 5965 9039 5717
6916 7253 15502 3664 16805 11211 16799 3581 11447 19388 4983 17580 18662 19772 9425 17396 17077 13966 2791 6659 13716 501 18644 3406 18760 4885
19472 9008 18326 15072 3928 12414 423 5171 3434 19124 17705 5592 4723 6067 13497 3951 4126 8500 17396 6882 12780 16978 11130 558 9135 13473
18711 8965 12610 9507 19770 13337 10918 17291 18523 278 18085 8768 10223 1983 18080 16569 1195 9936 19714 14071 14796 18441 16053 12732 18884 9013
6360 3843 424 17449 16535 16506 12321 2400 4445 14518 14837 16082 7052 5737 10516 16824 6681 8197 16109 5538 16803 10996 5548 3980 2904 4343
9804 19065 6891 13419 10734 9991 17821 5719 8663 19309 1298 9685 15885 4716 2429 7926 8288 7411 10470 18461 5937 10858 10848 12518 11466 19632
7602 16295 3666 13805 3167 16867 17976 6339 12506 774 7213 15201 15367 8924 14702 16446 1017 600 10422 12403 19941 18503 19976 1417 19656 8698
16348 5619 16590 18628 13458 410 12268 10532 19079 13208 17308 11344 2470 10166 13098 11833 2806 4065 14273 3182 19708 11457 13660 8729 8099 2746
17465 1986 17530 12135 4021 16105 13406 9560 19900 3835 11103 6713 17825 10193 1734 3033 11648 18383 10584 1767 15326 18748 8680 11702 7687 10910
15527 5808 15580 3245 13265 8949 18856 6466 16723 19389 7053 11131 17005 7965 19874 9952 15635 5261 9070 17350 17162 17750 4091 14921 10964 7268
16958 17373 10719 415 869 19963 4775 19244 16000 10563 17891 13542 5535 1581 446 3985 14785 12886 11798 18741 11795 12261 16002 8055 15398 9047
10049 18513 18473 1510 1517 2672 7762 10718 3998 563 6963 11846 9872 8585 19282 6806 3275 5124 11503 3842 9250 16454 6224 14666 12731 6084
15450 18537 17946 7839 9324 18897 19423 9974 17362 179 926 9088 7477 160 4517 3307 2692 5929 18997 5989 19904 740 18909 7021 11677 2788
10658 9923 14572 7060 17772 9655 15829 6988 18582 4763 12038 4066 469 9806 19706 7644 9882 4722 3789 12691 10477 7104 18038 13643 10261 10488
11587 2276 1862 3754 6302 1508 602 4173 6664 3617 16448 18678 5484 17010 11036 3607 15227 17111 17641 18070 13088 6439 8412 6140 5776 12459
18236 11791 18592 6991 17098 11243 2586 16569 12415 11762 5169 16991 8798 841 17548 13436 16730 15061 10386 1559 11270 14528 1208 14103 17671 11115
3185 13809 17450 19526 15973 14631 10234 18956 14796 3981 13551 6763 5024 4471 6195 15484 9003 18928 8180 9367 3615 12700 16190 13699 16269 15939
13754 2267 16185 13485 19876 13045 16455 19925 3535 18675 7943 8268 17858 12013 8176 1724 11603 2009 16872 1432 19714 9757 11421 7209 3576 9140
18371 2932 12669 8246 2812 13805 5703 1761 10993 9381 8569 11136 8570 18471 12005 12130 16976 15645 6066 1127 3412 1775 3678 3037 8199 15378
13636 7443 14207 4172 5704 17612 8699 6337 17331 1385 14470 4395 13074 1634 4090 6046 16614 2742 4250 4339 1283 10001 15013 12311 17989 13945
15443 3618 15796 11878 13065 8917 18201 9702 3682 16991 5317 3542 6330 15832 13674 10806 17156 16759 17988 8807 9515 1867 541 4090 13678 9626
19989 4146 6197 7617 12176 19679 18322 4505 13479 4521 10657 1374 8253 11348 7513 1600 18814 6237 15466 12731 1531 4567 282 3698 1059 15332
5931 6692 4608 6613 18960 10836 4116 8082 17123 6917 16561 4783 14004 9411 2006 19083 8430 11067 2828 12553 3545 18037 7549 7714 12 6854
18335 3715 13038 7399 10090 8041 9996 17873 18215 9619 12279 17503 73 19229 14891 12214 5133 12731 803 3263 5818 11989 17540 14035 7329 10774
5869 14259 3632 198 15299 618 8964 10349 6795 19115 11680 10944 9220 12034 3822 2556 10826 2946 8852 2779 4646 5890 6558 1904 16780 15181
16200 10748 19531 5854 1042 5225 17777 6085 2694 2651 7620 15737 8035 12700 15835 13819 10483 14629 4792 19382 9545 7262 12247 19483 8311 13887
7941 7216 8860 15906 6178 13215 17125 9230 10046 6909 10288 17934 4989 7876 6607 16399 17689 18053 18922 9385 3752 18011 1721 3655 11174 9884
1692 3060 10456 16430 13741 15388 19247 976 13612 16370 15174 4288 4470 19759 16120 15654 10227 4722 8910 1722 17281 14002 19454 14485 996 9577
10870 2875 19471 12472 1084 17687 18377 2212 63 3160 8488 10440 800 8167 3107 10029 2722 3388 9798 10093 15063 14329 16332 18444 13976 7209
3301 18675 14647 16612 15465 759 7522 14043 13107 6130 4546 17906 13941 3276 388 19563 1392 11585 13178 14381 7262 13478 6252 13871 786 2721
2488 16720 18230 8516 1509 13275 629 15408 2132 2549 18311 11545 8689 16200 7376 13727 1390 2056 2746 14186 14498 9796 10141 17015 16257 18954
4175 19521 14311 12022 6411 15745 3114 19737 14785 10790 4823 6451 15047 3357 13587 16815 17081 2022 13181 13351 5203 689 9113 17355 7943 13020
326 14164 10435 12914 5982 12313 12862 11814 15708 18538 17452 7251 902 17351 11188 2634 5932 2078 1963 16841 16611 9321 19895 1875 3988 17640
15545 1941 4394 439 10254 1245 1948 16894 10894 4865 4334 13491 11295 16675 771 16368 1660 9724 3819 14794 11333 4041 15354 5053 18972 6779
18064 10678 18042 19988 18962 17344 14663 12183 8337 14296 7157 17752 18880 12649 12576 19015 17083 9837 4985 9265 9127 3333 19498 14895 10161 6757
10149 16196 16396 8738 17202 11485 18298 16985 9850 12153 18698 18874 13977 18756 13412 1196 4846 8491 906 6520 15219 14772 10885 11660 11069 9441
831 10003 7691 555 3349 7724 12086 7718 7848 5140 17703 5966 18444 13574 1326 7628 4630 4247 12151 13405 12281 3380 1325 5981 13127 4063
3697 3721 9899 12459 16558 5117 947 10061 14523 17144 3741 18695 13724 3227 12089 11584 17994 13210 13828 14227 16500 8569 11733 4224 393 7479
764 2169 4432 14477 217 549 3839 8259 7347 5978 16637 18925 18340 1973 4900 10540 1714 9010 13291 6437 15888 837 10776 1630 9508 5946
294 16944 7371 18894 1798 2955 3115 2793 2175 4553 10255 5674 9737 3409 9048 19308 18848 9081 10704 3994 11014 4787 4621 11981 15405 19235
11215 4421 15042 6090 3712 19228 17733 1537 4679 13880 5355 15505 627 4419 8365 6429 18770 18019 15665 7106 3560 13674 8830 5893 16897 8847
14984 15938 2094 10504 4449 9147 4392 415 14461 8825 13479 4445 10667 17362 7436 1404 19330 6758 6432 19631 15383 16504 11738 6102 10954 14114
1152 8921 9411 7053 1770 15788 15999 7080 18820 16881 568 15875 8153 10729 2655 19600 6870 5131 7525 12068 10121 5299 11911 4194 16237 11518
17036 17218 3825 16852 15752 14506 4464 19179 3690 9225 10630 13861 371 2577 19262 15231 8034 17972 17062 893 10780 6472 10596 18039 292 17369
3534 12777 4509 8439 7997 19475 17944 6909 4053 5966 7406 13207 16859 18187 15718 11366 18158 4857 4863 15376 18666 15909 5334 8386 18800 2913
6674 19332 1091 17997 18523 7793 5837 18458 9364 10776 13748 7025 4898 1287 2555 15727 14833 7489 14050 18524 16645 16904 11308 19545 3715 16346
16141 15880 13648 12026 3843 4435 13076 18924 10584 7809 4676 6667 9662 2278 7754 3694 1313 18654 10390 10630 4552 2438 12537 14670 3622 2906
9047 1529 3680 11282 7564 17953 1076 19791 16211 664 18858 1879 19975 15103 13829 5138 18331 665 9957 616 17982 3911 16219 4189 3196 15474
3665 2794 16660 720 11097 19916 6463 6243 16565 18796 16783 17558 546 4130 7355 11127 12941 14532 5586 18471 12527 12961 17769 311 12572 15583
11056 12173 12629 10450 7693 726 2367 14068 3938 8783 8781 13673 18542 18057 3029 19854 9705 2354 17249 2250 19577 11467 2228 6084 2235 5170
5674 13629 19005 780 8022 5351 4553 18910 9326 4265 11639 17544 7620 11229 6372 14761 4805 16598 2334 14031 10497 13522 7882 3728 13407 4969
6513 12411 7356 566 17564 2045 16520 12302 19823 105 18361 7082 2057 12361 12069 5947 10051 5781 291 13580 6088 11177 876 1660 13930 19900
3878 7827 15936 10277 8979 17793 12525 2345 19800 18650 5097 9279 9105 19046 5603 18660 18409 13139 19724 3929 2601 4071 12824 17085 17229 8165
2994 10720 17596 9513 10356 18363 12954 16679 12042 8739 12907 9172 18276 16430 5051 2592 12745 7204 4788 13357 13682 8718 8540 19606 13415 8879
489 6895 14910 14968 12110 13514 8088 19084 1800 6508 11161 2834 4952 17932 78 10166 16696 15573 9027 1958 7566 10578 19807 11486 15628 17489
980 3669 15993 8274 1001 1625 13726 8552 14448 2739 11650 14861 17253 2220 1063 17395 9398 15358 11038 9770 3400 16114 12406 9757 19257 19950
2272 9342 16394 6075 17427 3773 7718 5991 14602 7749 18129 16306 19417 1595 15038 10798 16081 13522 6119 13328 15382 5730 1234 19064 3610 4469
8257 12166 12128 17808 4492 9367 6885 201 12980 13273 3188 17817 6679 8528 5535 13867 4418 7786 15094 14025 12812 4401 19380 14070 18457 1103
232 19099 13465 10665 6027 15358 11403 5993 9980 16443 6233 18888 9353 15435 6818 10952 16433 3974 19518 5528 2803 2762 13199 14090 7049 1694
12882 379 17186 9427 12769 10076 9167 2402 1510 11884 2805 5739 19991 4017 9202 6746 16638 3932 17823 6756 8491 13056 1441 9400 18276 10253
15875 5266 14358 10262 10872 624 1435 1257 6574 1955 5495 9435 1127 2129 5799 11779 14853 19935 13588 11698 4158 9044 3101 16793 16791 18445
18667 53 19633 16521 13811 15284 17577 4483 7250 8140 18853 12472 63 12070 13672 6816 15074 15562 10913 6601 13078 19800 14088 14718 9880 6370
2819 9191 10576 3332 7584 18945 16349 4199 18336 17722 16260 5216 11611 16579 310 7047 14824 7827 1653 17946 15520 12866 13634 1792 8952 13473
11401 10911 3097 16895 7676 16155 8004 4609 5179 9698 19200 2618 13805 8871 15279 6623 17744 11461 4671 10935 16165 14269 7620 16152 6914 12849
12849 19511 1291 12264 5875 2394 8859 2112 1829 5747 18578 18773 6286 13995 2945 12408 15456 7259 12805 16236 8797 8575 7181 12934 19552 15648
4236 15832 13906 17732 12788 11432 8560 17562 15341 12315 10469 9401 19416 4571 17599 5401 7300 9924 12464 341 725 17841 18343 17365 10079 11193
17937 15157 5175 18534 15541 10580 7575 489 11045 10700 3024 7257 19520 5753 1375 16895 14580 7632 16304 10024 9018 5005 15639 9930 19230 11080
3006 5027 11529 12005 18914 13659 19942 13339 8564 16482 16610 10897 1453 15141 3688 6128 1688 3907 10926 862 18923 16159 13552 187 14368 18317
1113 12217 19218 89 8331 18981 15033 7864 5382 17780 6495 1145 15416 6617 14223 19962 1849 7065 16550 6619 15779 1495 18079 8450 8543 18371
7901 6662 15488 17497 8466 17911 3164 15142 8311 15030 16490 11317 543 9449 19201 6058 13506 10762 12383 1104 16609 8607 12301 12755 6951 4111
3097 3488 14855 4348 2220 2510 7288 5210 4549 8505 5404 18872 14975 6024 7713 803 681 5141 3039 14129 1217 18577 14192 7040 9520 7197
18025 17067 538 2486 490 19072 18002 6049 19430 7733 7684 14005 7984 7886 7900 15853 16247 12794 14424 8038 1975 11318 18399 5189 5806 14306
2392 1129 15203 2655 14492 13367 816 14906 3988 14198 1273 2993 1461 11383 12678 3985 4468 16476 16879 9542 15863 2310 15172 4783 2070 8303
15639 834 10063 5524 1678 4283 15239 6328 10905 8442 13046 3072 11442 14289 10521 4460 7870 16487 15469 13005 7233 6414 19843 14185 14835 2854
9796 4389 3820 4169 18118 5935 6149 6318 14880 3014 16113 8302 2307 17211 10204 1164 10932 16671 11215 5911 6668 16128 81 410 11191 1096
6628 5898 18206 17397 7260 9908 9122 15876 1469 2456 7367 7558 10508 19284 13848 3452 8079 8510 19789 5395 1057 10472 16235 13417 6267 10361
3116 12765 16934 14572 16818 10505 9740 18135 13320 1765 2167 13428 17765 17132 7189 2626 4910 742 17582 11961 2760 6216 13796 8367 19386 4652
13103 12397 18609 5666 7868 736 19213 7535 1155 16031 7092 16294 4584 11684 10342 11976 15617 11516 5770 2473 2037 19947 296 7813 10097 19754
11528 5786 16534 13179 16858 7597 7411 2398 17328 8035 660 12546 2078 14253 2356 18403 11811 8503 3371 5717 8514 12532 2814 10834 18955 18202
3322 12729 11392 1530 3642 19398 13012 7875 10313 18174 6111 3707 17323 1082 1393 4373 19176 6466 5966 6349 6441 1687 18427 17514 12120 5037
7510 18930 6852 7104 7320 19924 3455 4121 4961 9572 1898 492 3288 11491 2968 2320 17986 10315 11956 12842 8912 1457 7340 4753 19455 14212
1391 3636 6104 10741 15831 2242 5897 9430 11460 17524 18415 14292 936 4294 12042 16351 3042 13574 14102 3278 4288 3958 589 2877 6845 18239
18888 6388 856 13395 8753 13394 13898 19691 12620 15384 13413 19774 17011 2552 15037 14842 11522 1413 5032 15660 5446 19037 8911 10734 16524 15850
5350 19019 13565 16184 4460 7775 13336 1863 13511 8886 11358 11925 7997 8578 17844 17202 6072 1608 10680 18070 17687 18372 14123 217 2666 14750
4606 16255 588 8610 2804 19168 12982 14144 5405 7583 19011 13413 3034 9718 18441 19281 7901 1133 756 17617 10747 12177 17801 15433 19854 16388
11004 6366 12093 5851 15743 13815 2344 13361 15336 5498 17673 2752 10035 4771 2524 14630 14314 9371 10445 2689 10464 18133 8210 7963 4449 17907
2530 8587 1710 7929 18792 9198 10304 5580 1025 6486 7545 17271 2240 7287 8730 19845 5407 1498 8192 19870 13303 4383 3149 14023 16538 2955
1935 10730 5807 4836 6726 13059 16935 647 12451 10572 7470 13189 14583 3558 5883 19368 9144 239 18943 4294 10512 10801 3338 14029 15817 19512
13671 4273 3802 5348 9252 17259 11769 9173 5670 8946 10333 5728 16676 2702 15031 16200 1247 366 15548 53 3982 12524 14631 19204 19789 8851
16393 6728 19421 4276 8681 14241 2021 304 14493 16471 7678 2105 13865 16306 9266 14553 18674 16328 8866 4556 16791 4747 11899 8774 19162 12432
15006 3905 18933 13794 16510 3619 5814 11566 2664 13528 11039 429 9603 11419 8256 1735 9789 8503 16556 1611 19782 10498 18907 14978 9235 4345
12856 10062 8566 2270 14605 9074 8452 6315 497 4690 9658 10477 8828 2036 5537 5052 13427 18904 16812 1935 7412 2645 389 16134 3012 14566
974 11787 7196 4330 10805 9394 10055 11961 48 3421 5932 17922 13967 15489 12741 14844 8524 15013 19372 1375 18859 14656 13493 4919 17509 1211
15233 1185 5181 10482 11003 11160 3091 17628 3807 10858 13005 2634 3947 18441 6420 2976 14219 7804 16204 6596 6866 19650 10494 17205 5485 15457
1295 10939 2647 7469 3630 16964 8208 2363 18676 10785 10594 8614 14848 17882 18967 14201 13635 3084 7863 7480 2043 8890 13870 10773 2342 12836
11625 4609 10654 13718 17867 1869 16940 3578 6080 18369 12120 7091 7032 10987 3262 11601 6830 4252 12681 9213 13051 5239 6206 18000 9875 4850
17137 4624 3338 6215 1334 13427 9448 4862 7628 13374 122 14828 1291 19716 9002 2099 10295 9718 18603 17087 16586 6159 2759 13784 7392 2599
14641 12097 10912 15078 3724 18154 8347 1265 17568 14520 5914 4709 2000 2845 18023 15892 11886 7539 17088 4292 10041 5787 6970 16075 3542 6824
10514 8583 13269 19284 5775 5832 16146 13807 6825 13089 10913 19270 3074 13024 18500 8050 15418 283 71 10025 1541 8513 9515 17642 1878 4166
2048 10105 11588 2074 15202 1252 12562 916 402 16788 13455 14257 3885 12495 7600 7509 9655 1323 8777 19404 6189 12832 8724 8406 18643 18113
19671 2029 4754 7946 16760 13950 19670 9863 3212 12675 8514 7779 18373 3695 7900 19650 15059 3038 13279 14330 1984 7491 13154 4308 6294 3213
1932 4559 17862 19337 7551 19994 5102 16782 14579 5414 13419 8189 1548 3296 19104 16089 7541 1631 10776 10352 16815 17180 19776 12636 6953 17483
14210 2898 1668 17927 18614 10348 7924 11026 15361 992 17075 12330 9511 9998 10839 8876 16966 16965 5195 6686 3054 14889 7498 12259 11838 10967
4625 14989 31 18070 17425 19462 9 13060 6900 12613 7634 964 16379 6300 17110 18058 5017 6998 17408 1686 16934 15741 14799 4056 8643 4611
13155 10981 5631 19961 10801 7483 17563 19490 8944 61 331 12515 15796 15060 271 3983 958 3544 16832 2745 17267 19613 8434 15576 5590 7077
2182 9083 3095 200 12566 3372 17772 1225 13472 6661 16173 6476 12037 7456 14411 10583 2343 7582 11421 11139 14452 7650 16583 16686 10003 17705
9970 3455 16201 16862 1579 15722 17114 10143 16338 3853 3401 15664 743 897 11063 1078 1449 4303 8958 16467 9571 12929 1652 7949 17125 13236
17578 13556 10191 2507 14581 6209 14121 9547 15538 5410 6568 17860 77 3224 6295 3812 13659 16333 8552 2168 19952 11117 214 9394 3280 13246
12136 9345 3129 2865 12636 8699 11274 917 13807 19838 19558 3095 16487 137 8239 1160 14084 16679 14654 6656 19867 4261 8564 6785 15836 3441
1608 897 9351 2430 4687 14094 15756 8499 9557 14527 5960 3 7950 18622 3016 3820 18433 9392 263 8408 5208 9540 16867 13467 9251 16443
16235 11435 1263 7867 11814 12842 8420 18301 12890 706 12190 11183 6205 14344 6816 19627 2424 15872 1947 9248 17196 1288 18239 19741 17049 15369
4380 6052 18759 920 8453 7411 15225 13122 10178 11847 15517 13906 5961 8322 17454 13162 13487 18501 11933 382 1503 17511 8178 12408 5227 6731
5328 8643 1785 12477 10698 14556 8993 19209 12264 15341 18595 1278 12112 16585 16041 568 7567 3316 2185 14566 6713 5718 4822 5600 3188 987
14309 919 7797 18182 12705 6344 5859 10997 4476 1526 7525 16976 16870 17361 8910 16284 4476 14389 11453 2830 6594 11865 17305 985 9391 14152
14325 16103 11204 4263 10485 8523 17708 4892 18473 11176 6995 5150 4081 10312 9941 17825 15636 10161 4220 1902 14715 17883 13699 2728 14830 7033
12258 6448 14238 15893 17011 11273 12533 18013 1866 15595 2847 18798 14368 6179 19492 14185 12301 12992 14470 3807 8557 16112 1954 6313 3109 17744
8753 3594 13838 17094 2459 4990 1915 16827 898 18942 4355 14648 13367 10924 16002 1054 15376 982 7900 1321 55 16898 7736 14962 2396 9077
5294 4607 8436 12901 3820 11870 2978 3334 15521 5737 12589 384 10184 3911 487 9426 13464 12810 2866 6913 8682 18338 9771 9329 18304 6371
13597 2071 12051 13572 18651 14058 11175 6686 14733 14237 5236 16054 2962 16980 6231 4031 9694 13158 13074 6732 1107 19786 2775 11987 9933 13035
2540 6119 3945 9716 5652 18891 13991 9453 19885 3898 8305 19229 3865 18545 14603 13632 9005 13645 1916 4408 1895 6298 265 10196 14325 4773
5227 11991 2860 7115 14350 11791 12303 9929 1080 514 12142 8008 5104 13361 10397 6230 378 6853 14918 13037 13731 11509 15722 8340 9353 19451
667 14068 18948 19715 14550 14387 11627 11948 17060 16641 3446 3444 7750 11386 16849 2475 19659 17384 5019 17754 12386 12937 7004 3525 7162 8919
13283 979 10597 15050 15302 12053 91 3341 9786 2745 1756 5470 17950 971 1731 14676 2121 18311 17762 1403 19029 19769 6989 5496 7707 11055
5417 2829 6643 5697 9186 15654 7537 5246 5254 12823 282 17367 485 18225 3252 16284 7784 17974 18269 11028 1327 3402 16649 5633 7328 1524
9994 15197 7257 16859 14803 7510 5070 1242 14980 17579 15147 4541 7402 7579 6528 10839 8706 18242 1296 15971 756 4280 6099 13554 11842 14977
2417 11836 6514 19554 7717 13763 4186 2434 17912 17694 9516 7783 1799 17414 6977 18192 9751 8936 14303 13301 2853 5437 14578 11051 1141 10890
15516 10087 12871 14143 4463 8125 11701 7508 17707 3829 8706 17097 14665 11334 14291 15862 13804 15729 4991 5972 3861 15427 13770 3348 10234 7095
19309 19847 6766 14861 7213 4648 9426 19527 2104 4050 16582 6790 333 15341 15749 16331 4343 18375 6383 6680 12289 6469 19638 5557 3466 7050
6525 10890 14866 7435 9413 17863 19519 11575 90 7434 16026 13118 13307 2910 6219 1115 7620 691 5803 7997 17857 16944 15996 15756 1736 7896
17070 9524 10031 6067 88 4203 18470 15021 3624 14559 14476 4520 6921 2743 1118 9101 415 9610 8046 5959 7408 15480 1687 17905 3030 6408
17005 2939 9136 13748 6009 19312 6873 8588 6071 5299 11215 3982 5576 17538 18368 1407 1509 3949 13975 11004 8110 4709 10616 9364 13175 18765
2292 931 8383 17797 15157 10677 545 18375 14981 14978 2977 215 5486 15052 10510 11444 16643 5347 5116 7602 2800 13537 1023 10024 2039 17412
5245 8680 5915 8021 14604 14569 6265 7792 19266 14019 10264 7007 6484 12502 8024 19097 7552 4069 15630 17299 13753 5400 6239 4495 11212 3279
3881 12407 8625 4828 9103 11889 9081 4020 7108 16060 655 5845 19997 12854 12729 2389 6127 7535 9238 19367 3913 10475 668 16611 14308 11459
6757 5620 9922 19910 14107 11891 6249 12169 14427 11339 1251 9707 13096 16003 11317 13098 13381 16195 378 16653 4318 14413 3415 1686 10340 7443
18371 9886 14508 9387 17056 17397 3674 19654 10424 5241 1061 19219 16491 14461 6787 19346 18535 3342 18971 3404 18927 17955 3814 10371 14089 8156
13365 1842 18343 12626 19099 2698 10607 16043 2391 18147 2815 9794 18257 16950 16632 4362 1380 15200 18805 7935 7754 2506 12863 8474 13869 10013
7864 14676 19915 17910 8229 15240 3344 6808 17318 3546 852 12643 8545 7737 15365 3929 2573 827 17498 15355 5749 9197 10774 7800 2617 7280
7639 658 11572 6818 10024 10663 9620 7944 12840 12457 14829 13898 11672 19601 13733 5462 19082 11683 11485 14610 10270 2755 15782 8157 10190 1422
3067 11877 13057 9949 13292 19024 19191 16420 13247 6272 7141 19025 2849 6579 14091 8959 12584 6860 4332 8852 9645 19861 3809 14169 5187 11297
8765 2249 7862 17611 8820 7567 15537 6245 13834 8217 15619 3738 14342 3018 796 16198 2596 5632 8265 13291 9629 316 13945 14559 1164 10561
9237 13242 9562 8659 17278 1203 19713 19277 13282 13184 4931 17924 10464 14462 5195 7911 11593 5948 5218 15784 1563 7529 11812 7983 13793 16060
8058 252 6828 19863 14013 4656 14906 16500 6610 4218 7391 8151 2224 19274 18590 9676 5678 16303 17373 8945 6349 134 4919 18023 4913 6275
2619 17713 16817 19896 9310 9036 2713 16692 3832 12177 8773 7859 13232 16240 1431 9263 6176 9031 3035 17663 248 14277 14488 10255 4773 11094
14148 12826 6819 12409 5695 16354 1792 19935 7795 2539 7828 10035 4540 16550 23 18182 2001 8190 7237 19063 3080 222 11845 9527 17508 11885
17337 18355 14905 10308 16166 14363 12612 19368 19619 12547 3186 2635 346 17716 8908 3744 4932 8176 5348 658 11084 14360 6198 8767 6238 7659
15371 5899 14180 11090 10016 754 13067 4170 5095 12508 18818 16567 15814 13970 1218 3809 9990 1400 234 16171 17914 13863 18792 2445 9372 17808
17386 3916 11603 12134 17904 18996 16611 584 5007 530 15488 13867 731 10112 15765 12304 11792 8429 5248 14769 4874 12287 14712 3728 1506 7232
16571 8170 9702 5642 297 17305 210 3251 8476 18671 4045 15790 9588 12849 19845 6952 15535 7005 19854 14295 969 7744 10975 11917 13017 17049
2128 17199 13258 19054 8024 10968 5326 5453 14549 3591 4701 9930 1366 2112 18996 5133 9911 15856 17238 17737 1245 1951 7236 17948 16632 9407
12817 5550 1438 14074 4855 2739 2970 17145 13087 14759 3242 6997 16318 7830 14590 16601 10139 6578 2405 12816 18969 18931 12798 14350 8769 4721
6352 10262 6768 9698 1453 11153 11869 18643 11868 6808 18739 5168 16851 8565 18502 17908 869 1662 7588 19696 18329 14983 3612 7487 17987 18489
5142 18675 15796 15147 18106 7537 2111 12566 17612 14052 1026 19513 7758 9337 7141 14927 18973 8927 15674 16028 16074 9573 17410 18753 13700 2923
8834 5063 15965 17262 10982 5932 3183 18305 7451 12444 18028 19804 17362 14398 12354 5820 12983 7521 19556 20 9068 4754 8255 3904 14950 16418
8923 16241 10372 7498 5717 9245 19856 9384 1452 14204 7552 16032 19792 15772 16177 11117 8199 6029 12745 17837 18130 4995 13324 17510 10415 11805
759 6191 3999 19004 15931 18576 10882 12054 5881 11875 5988 2483 5551 1046 17663 10907 9532 8969 19725 6041 19230 11708 5770 7076 19149 1470
15356 15234 2029 8760 3397 10342 3645 252 1814 16467 1480 9273 613 14728 12910 14495 12093 13337 189 14617 14303 195 2437 12079 17225 3780
1488 2588 8719 18732 15725 1933 10007 17040 16172 12696 17741 9922 18496 14580 10761 9589 3308 19686 4162 15950 14051 16476 3723 1777 3362 15661
14835 17898 10615 12840 1398 4505 17751 12007 403 2507 12504 18959 2570 2392 16553 3891 2121 14843 18111 17279 16171 4355 15094 2017 18352 16262
2853 1191 17618 4863 2123 4699 12317 3836 16165 463 10069 562 11206 16448 14230 14381 11633 3405 17713 1087 16235 11742 8827 7698 8669 9728
5329 320 5035 15132 10321 6989 6314 2471 19599 6337 4401 13945 8145 9292 4815 7914 15453 285 1258 19511 14216 1597 9978 17886 2168 17945
19977 8612 7903 12988 18374 600 4129 570 8989 1830 5800 3254 19200 5671 2795 6553 8718 19426 8758 12166 3772 17236 8076 13325 15526 7172
11810 13759 14127 19743 7712 9242 9463 2388 4591 8794 2850 10283 5712 6170 12862 7020 872 16786 17785 5395 18894 14745 2878 340 7845 19889
13472 16166 18184 15060 19412 11560 15911 12405 9033 5901 14670 18945 9591 5363 9053 10819 17486 19599 2203 10743 8893 14259 7265 14233 6101 6881
11911 14072 14633 12693 8097 3631 11297 2648 8825 5537 14063 12085 2161 8669 1884 6095 6983 17524 14770 9320 10554 3382 4074 502 8119 319
19433 8063 18044 3732 16152 5758 2338 18119 4265 8383 10326 765 14644 17231 9649 14523 6900 5441 7059 2419 19529 15365 6095 6996 6384 7369
9539 17708 8181 1616 17074 10905 4675 3691 12603 6409 13767 11054 19975 18078 192 2473 12188 11271 11303 488 16662 12241 2311 1 7815 6932
17591 9541 13347 3287 12130 4510 2462 9042 226 4638 1530 12257 5616 4681 9860 11719 19191 11259 14811 12734 5899 1116 148 15800 8378 11335
7153 6841 4650 9674 6677 2336 816 10914 7143 10928 3626 19736 10398 8107 14530 2875 7788 14275 1351 10986 14387 19558 2624 8099 796 4639
19668 3729 14331 6351 18953 14176 8374 10215 9725 5053 8387 9921 1172 19163 16205 13714 11857 19048 16549 14588 11503 11360 3077 15813 455 15114
13203 10072 6190 13566 11660 3716 10168 9753 16128 9285 18400 2744 4722 2133 10130 10872 3118 9954 13284 10180 12446 1057 12029 10404 15006 7240
17828 12979 12150 2506 13586 8662 13902 13331 10400 3859 3730 1456 18229 11434 1945 10360 13340 1697 9587 15236 17592 11035 10778 19084 12801 12628
16920 7548 18850 19478 18105 12804 5356 8389 5324 17445 17918 8755 13358 18046 8907 7777 4284 12740 6431 12292 4629 19280 3361 16973 13621 8767
13692 16935 6455 3921 4265 2567 4914 11902 17903 18887 14598 16614 2417 9858 10184 8625 4401 15325 11980 8149 14089 17237 478 4885 11364 9222
14701 4117 11482 3615 12079 3431 9008 7411 18408 17132 12187 3427 5855 9033 16689 917 951 19685 1309 7630 17926 17535 4726 8084 17456 3577
14393 13699 17935 5376 2721 187 10736 3738 17555 17236 4583 13074 19855 11956 19597 600 15883 16218 15414 8886 11565 7597 2831 9609 9053 8663
18846 18248 18600 2293 9170 10972 7455 1448 8422 16476 12572 273 7074 1280 14759 7368 5401 3593 6684 4521 642 16520 11276 5365 1628 7333
19464 6755 7984 4254 7494 19428 9652 18050 1789 319 13610 8514 5319 18505 3340 9343 6688 13785 11676 5913 11361 11432 13353 15363 17300 4916
8715 18029 5808 14423 15298 947 18349 17329 7429 10108 16441 17420 18961 5454 3086 1818 13358 8372 3018 6012 5791 6251 3490 7026 13425 7675
3689 2381 3385 3327 16551 150 16642 17959 9463 9430 11097 96 1703 8376 16011 16553 3532 9518 3805 11631 5751 19213 6384 16183 2847 13654
6342 6485 5098 18164 16267 2490 15396 8692 9379 13445 9529 15462 1105 4047 3724 9509 14410 18825 498 19812 15563 14213 8823 13327 13454 18618
8539 18863 12095 3171 5669 9080 17786 15642 5148 8384 8776 7824 2621 340 5894 19967 9224 11370 15295 17346 9298 19053 12533 18326 6574 19980
4690 2856 11658 19670 4702 12662 690 7134 7232 13251 18310 3990 14298 3151 19086 15461 8592 658 6021 7493 13546 8564 2106 15642 19822 13070
13575 11548 8901 10466 3646 9032 405 7205 5889 18203 10090 14748 19142 15539 870 10365 15748 2651 1036 4420 12328 13669 3948 1639 2806 18325
17708 10618 8803 1907 13895 13458 5210 8874 19384 18056 17193 8179 1349 19094 633 19621 7927 13485 13459 7553 15725 5018 16731 6153 18440 8914
17665 12783 19314 1999 13768 10436 2816 14570 17833 4435 7603 6444 14445 13367 15849 12911 12341 15700 1835 4887 5952 2056 15409 14100 5095 4306
7986 18732 13501 15839 10344 14071 4795 6830 8535 13449 5079 16046 9648 15642 16214 6172 6069 13153 17100 14605 18202 11870 7435 10343 5459 1920
19999 1322 6110 4136 7668 7862 12359 19031 18629 15529 17997 19980 8624 5842 298 9456 15332 10242 18253 3298 11251 1446 2277 13047 17057 14465
16342 9300 9641 5982 16777 8240 16146 3899 8113 8761 8679 19142 12993 14436 6407 8063 1420 19586 5314 7508 18905 6939 8090 7869 12441 8221
13190 3197 2914 6680 4327 19506 3892 14397 16857 10560 6980 13662 9114 2665 3556 2034 910 2639 4436 6284 2335 7212 12567 13988 9950 8634
1262 5550 13300 17573 11455 11855 6302 13335 10574 14316 4543 14162 12621 14239 10057 7983 3104 15577 15454 7855 7768 166 11744 425 2745 13566
19022 9753 3144 8065 14720 1351 14902 9698 785 18406 3288 2255 14704 6904 14583 9505 15004 8177 15025 11074 822 10215 7123 7097 9305 12576
15834 13544 7085 10574 13992 12870 18899 14293 1129 7028 10191 186 1673 12877 8071 14108 16493 2855 18773 15812 19290 8801 133 7467 1548 10465
17032 15703 2628 14354 5462 12844 1640 169 4760 13542 10430 3134 17041 1314 9462 15692 12298 14189 12789 12555 8911 3682 6839 8027 2638 3001
585 2079 6593 9501 2491 3253 4588 14093 5698 9146 17849 11176 15274 4602 779 16849 10878 15075 13020 12345 14591 16301 2183 10573 12946 1386
18443 120 712 4259 2358 18122 5821 11316 11355 6885 17667 18296 4265 18411 17128 10896 9328 3623 3370 10828 9345 4551 13064 3629 12822 13267
13077 4996 489 11602 13701 2344 18534 15047 14541 4950 390 14035 965 14563 5322 4024 4631 2553 12351 11424 4453 17823 16972 13592 14483 18261
14532 13964 759 12323 12493 13817 15828 11013 111 18018 15134 9046 14503 3493 14766 13154 38 7916 14305 5384 11754 4026 1273 16392 16429 16752
18448 19494 15675 13816 6148 15866 15246 12593 3342 1237 580 13771 16782 4701 19565 4602 1213 11971 5191 7608 18974 17316 3365 13386 12311 19004
1251 4968 9054 19337 13424 13061 12062 17409 2955 14298 6227 433 2221 12152 14754 9608 9297 19776 11225 2176 16968 7447 11105 2745 14793 16371
2222 9312 805 223 12462 12614 11662 14240 14194 8083 1767 5410 8941 2607 1992 9896 3467 3945 2743 928 12907 3068 12622 17001 1388 2370
16525 14361 16848 15559 2922 13840 8249 5823 5432 2578 4116 12222 10635 16426 12023 1805 104 3420 9743 3098 18738 6345 12396 16950 3675 10329
5918 7821 7116 11761 18652 5479 10478 12561 11202 3337 16643 10991 5709 16633 17561 18428 3905 11794 3696 9757 17026 8278 6403 5397 11846 16172
13226 2885 2088 17217 4745 3851 8477 19217 3494 9134 17468 2882 19101 8709 3532 2434 10483 8205 14433 2754 7352 1108 8612 12350 751 19691
3522 17630 11955 16630 19189 10370 8711 886 11455 5836 19252 1441 13033 9759 8058 16826 3210 2432 4350 14173 3865 11587 4144 9652 9470 505
17718 14518 17407 11704 16834 6404 1953 6057 11879 13716 17964 416 2124 536 18122 1262 12816 2811 11535 19805 10875 15747 18622 2962 5185 9291
4253 11075 7592 7173 7018 5616 17815 7908 5709 18573 16911 15821 19007 4280 8570 11394 17802 15580 3248 14615 11093 12977 82 977 19459 4875
10762 2538 8005 9094 7125 15671 17113 10313 14534 8223 16241 13461 14715 3884 14307 5471 682 4786 10555 4922 2323 6952 7736 3694 9834 8655
6990 3111 13470 8100 4969 17434 5880 4965 4632 820 3209 16516 6283 11864 2252 12346 253 3531 19360 2874 7128 11993 8032 317 17371 16796
19469 5349 16950 10697 11600 8680 8842 3436 15480 19990 17114 16684 10593 4191 11181 17482 1829 4985 5166 13839 4203 497 17874 4957 19101 2082
7865 1939 5865 13807 382 1203 13258 15833 14469 10690 6021 12550 8322 8947 14039 1394 12174 9922 13577 17775 12179 11056 16848 3230 9947 16707
11428 19964 3784 17580 1701 5902 11966 14243 19322 14695 5877 12941 8429 16164 7553 15068 2578 5050 5618 15153 17448 245 9019 4909 17748 10190
17250 16759 529 14318 2701 5427 13460 9817 8617 9173 17886 9285 2355 19363 442 8380 14943 12193 7507 13900 19359 15981 19387 6497 19961 4587
2465 19721 17460 4465 17014 9248 18754 10296 14278 18763 9216 7412 15872 19865 5859 13937 1101 9575 7291 616 14017 11442 15992 7016 5940 4093
18121 13542 11778 12257 3098 17108 7148 3857 13732 11081 6037 9596 18277 1335 18775 18274 9870 2932 17203 1948 17972 10333 19941 15415 17309 5252
11731 18256 11325 8860 6961 2609 18649 19781 2906 17420 11104 6435 16998 14647 10530 14167 14337 1330 5185 14863 5636 16377 2595 9438 13350 10639
4005 3591 11871 13917 1317 15402 6011 6598 16333 17716 1887 4149 16522 3829 14783 5002 13560 10349 14282 12483 3789 17127 2517 7942 3328 16793
17747 10246 19071 5567 11716 9310 17352 2644 19885 5023 13837 8625 19243 17198 10288 5879 8317 14063 12082 14607 2722 7143 10965 14863 17735 14395
18755 7103 19696 19306 12106 12182 18761 17994 13014 8992 13232 13443 1656 18809 2255 7640 6664 14459 8882 12963 831 5989 3759 18016 14708 5288
4156 19401 9347 17059 9985 16633 8769 9564 12891 6443 17636 1796 13964 16416 13392 3354 1989 15651 10507 10883 7599 18239 8804 11337 11226 16409
10973 11535 10821 19543 7428 12415 10072 8307 9199 12132 18350 7129 18069 10551 6195 11962 4404 8937 7831 12091 12543 1931 15797 3241 1994 18031
9226 5851 5092 764 12358 10515 16763 3914 7412 7077 3904 13210 1885 10505 16720 10907 14576 5594 8983 17825 6594 5046 7580 9244 12685 13370
1126 4135 11934 13920 8252 16142 15892 8057 1681 19181 17516 4355 6087 9309 1129 12025 13875 8721 5936 3136 2809 2200 4810 11142 4522 12106
1437 17692 17470 13865 13126 18280 8480 14724 7353 12129 18696 7881 4698 2817 17099 14808 3001 5787 12138 16829 16444 14651 8526 3014 18776 13394
16695 17136 1621 11863 7509 2773 14697 4109 13773 5052 7120 7633 11320 8161 15843 7810 6348 16582 6781 8394 313 16909 3090 13184 13513 15542
9548 15237 5327 6883 11143 1807 18066 9494 6892 3017 10004 244 860 15602 18445 19622 18125 13923 8729 17534 9269 5607 8162 10561 106 4689
16678 144 8265 4304 8331 4355 15897 11813 8349 7468 14521 755 19026 19130 4318 19863 13843 96 12928 8639 538 5669 10105 115 8776 15987
15024 14689 11717 9115 19342 18226 3986 15669 18954 16202 1639 9804 12777 9129 9388 14625 4571 5343 9722 18416 2445 7613 7315 4449 19818 13785
16643 10204 16855 6030 7093 19415 2827 320 9227 18229 13013 11897 1303 1345 4317 17102 6397 12061 9343 5142 15404 857 4366 5587 17520 16561
5757 5092 8056 444 1023 9525 5189 1768 6196 6852 9549 9569 6208 19212 13554 16145 19001 16729 1922 5890 5299 18991 2071 843 5415 6546
15145 12149 9531 9974 16546 5112 5526 15237 510 5463 11695 1636 8060 16118 13676 9979 7501 8430 13306 3144 6094 3079 7115 4484 17515 4455
19342 6398 3372 8243 6798 11539 8089 5240 19918 14025 19133 11573 5976 13888 11185 18078 7536 12608 2603 6682 10895 15583 7652 4714 13035 5789
15761 5744 6205 15225 18153 7350 868 17299 10490 15350 18166 9255 12726 1898 14398 2112 10415 2515 17045 19202 15799 15712 13993 17863 3485 3048
8722 13301 10151 5542 7232 19734 10513 9498 18031 9416 17433 7985 10153 5906 1382 12579 13908 463 7299 2116 8393 6604 14443 16631 2262 6925
3051 2337 14163 6205 14050 16325 9604 1256 14251 18582 6990 1980 12693 13637 11325 14867 16123 15437 7469 19252 14035 15184 15075 5750 2613 16865
16128 3344 11390 13758 1498 9754 10425 4383 9255 9668 5905 18702 19831 6450 18494 1336 15128 3436 15121 6207 15272 12695 3579 16559 6419 10379
13565 7171 11076 8019 5438 15110 9834 4443 18398 13004 3341 19993 10171 10705 8730 2438 14270 5477 3896 6918 2200 5388 3024 4272 13028 19421
5793 14585 7337 14918 11121 7317 10576 1073 14974 11815 15711 17499 11341 9100 13171 12900 12375 5274 1954 10290 19661 9247 15957 1934 2623 9425
7523 11301 18839 17507 18645 15148 4884 1124 6280 16927 13753 2238 5000 12594 2542 10460 4789 7175 2252 10430 18175 2522 8376 18317 5969 17565
9972 11839 5133 2819 10609 13304 4740 1979 10838 8084 11595 7214 3946 1629 13814 3246 5525 19219 10287 11100 18523 12497 13383 2639 1257 15955
1299 3202 10182 10907 9676 9572 16085 12733 8575 14897 3972 14652 3419 3231 18729 17643 4326 2042 19535 18805 19976 5903 12353 19308 17984 19237
291 2035 2559 13281 19912 3971 10955 3105 13563 15978 14388 19691 14368 6271 13066 631 5467 7766 1035 3213 7173 5972 14427 18166 4348 2771
13382 8564 10617 12221 19020 10771 7572 12101 9720 9968 18370 8363 18802 18033 13169 11085 6953 16446 8396 6998 7917 12287 4922 6791 4027 14291
17244 1863 19323 14260 15776 296 12978 5588 11366 14755 19773 3576 4985 19510 826 16336 12928 3531 9072 5917 7695 12816 18210 10569 9684 8936
3591 9003 6593 7509 16569 6454 3813 7550 18615 9785 18465 12076 9418 8007 7521 12663 10453 6019 14453 12129 9170 16323 14803 4215 15306 158
5585 9906 19503 6703 13256 3011 10965 18189 9105 10324 15474 1391 15580 17813 13732 7670 5490 8101 6894 16664 14176 440 2418 12630 9402 7326
4199 19347 13297 8549 19609 7156 14014 6172 17187 1593 14545 6162 11900 1547 4221 7460 15986 19721 8041 1962 6018 10016 6461 15446 19829 7318
5197 12200 1239 9075 12616 14168 16826 8533 12872 8909 7154 11277 9070 7782 2908 11250 9037 13517 3431 17586 4108 114 689 5514 11164 13401
19993 13973 16384 6629 16788 4720 16609 4303 12383 13003 14910 5048 18651 9870 19622 2310 19834 9003 19746 2173 7767 12423 5356 17253 9991 11782
9493 15942 12130 10478 12896 17902 3356 15921 15489 8177 16207 18381 4040 19214 5596 12661 7867 12483 16678 8330 1939 14027 7100 14885 2785 14933
7119 737 4426 9826 7193 6639 6427 11943 8203 11062 18544 7729 1492 19244 15973 14410 3833 15484 9588 419 1714 18860 11277 18013 14447 5909
9166 9000 9185 11131 18657 13141 3618 7186 5253 13916 15753 4646 4588 12240 16180 17723 12322 13260 12867 14494 19607 1923 13393 6069 3039 18450
9775 18081 2037 18836 6557 806 19531 11517 1922 929 17061 19817 12248 11936 9904 2819 16045 4496 16242 8488 8759 13984 16921 323 8673 10996
7558 1614 7232 13466 4453 16417 12408 18188 12209 6187 14836 8466 12990 15824 9291 8512 520 1255 15329 5967 2445 5057 9613 8789 3780 14704
16541 5814 2883 4697 6879 2702 16462 15699 3369 16240 5797 12092 7145 10216 2935 17650 8527 12322 13994 7728 6747 12087 19952 4594 7008 3256
4187 7441 10607 9528 8671 3321 2653 3099 15847 15996 18639 1204 10079 4231 5446 16380 17399 13133 2093 9641 51 5847 14612 8963 18579 19433
17940 5510 11073 13969 15167 3023 8251 3442 13377 1776 5175 13284 15405 19880 11380 19643 18794 4580 14353 10542 7325 7269 15633 8226 4906 4477
287 17962 3619 568 19928 4589 14853 3942 2498 19886 7790 3816 5561 7759 17016 6363 5289 11542 9904 10560 17644 4626 15621 11143 13010 19612
10151 10660 3634 7339 1649 9187 911 8869 2869 3536 3723 7616 5552 16234 12570 17285 10113 6353 13178 14152 15117 18667 13296 5498 17452 1660
2693 8815 15341 6227 18021 17740 9634 7413 10188 19858 1397 19614 15372 9330 8359 7610 6196 6697 5045 15576 14563 1824 18678 18103 710 11347
3192 19272 5266 19538 3016 18560 5813 10490 16517 2299 18227 2828 5743 15496 8990 4093 12431 16417 8727 12485 13675 9603 6325 4584 2536 15781
8667 7963 16676 9983 12111 6890 9000 1125 741 7007 16408 5111 14388 17398 9366 17200 11887 5041 4486 9675 13288 5803 19974 9422 3127 17733
17977 3072 2594 7128 17992 66 3442 5860 15219 12411 17047 8641 8454 14804 17705 2200 9453 10987 17188 17722 291 19166 18084 9763 4375 9220
6154 4301 9076 11027 13286 3911 11586 10679 10929 18270 3822 8266 8624 3205 903 10333 19604 14442 5452 971 8846 8538 19818 16811 8507 7152
3302 19875 7643 19142 14477 8653 15586 12441 1372 5749 13760 4903 17338 5616 19373 16915 2165 13354 1740 1535 1833 7273 8530 3435 13403 15461
17042 3460 13060 12450 16441 3370 4543 10023 8554 596 624 5385 6007 16754 17661 11348 10755 14235 15369 12612 9497 7446 6032 12832 2590 7385
14071 7465 14171 3355 16634 15114 12674 9943 8384 7860 4597 17151 6837 3656 15764 12803 1084 5410 14848 5170 8217 4541 16710 3820 18050 5237
8554 17770 5595 9243 665 13561 6903 9362 5186 17419 6935 17329 2165 16876 8068 2078 11564 6315 2567 991 15449 4008 1503 19661 10561 15942
7528 18130 14885 16956 12626 3543 18628 8939 4379 13847 2004 14463 4542 6260 3196 1655 6149 13373 4431 7096 13400 18228 1101 17067 838 17628
12516 7149 12088 6553 3414 2025 9922 156 3941 6316 47 13487 13401 19384 5803 8548 7017 365 2043 7885 4223 2107 729 14888 3583 3074
9225 11379 4427 18320 5365 2584 15789 8144 3230 17560 9596 12713 1442 15645 8469 16203 663 2174 12433 2294 16558 14994 1506 15901 16153 3870
3865 12426 3817 4126 7815 17545 2977 12406 9389 15585 14636 9388 6835 19646 19353 17827 19417 2703 16819 4377 10395 7116 7440 12325 5074 14513
19438 1664 18649 18758 18517 1067 5016 4668 9445 18504 18493 7170 14345 17182 19598 11762 15356 13996 1599 17807 11738 7200 5696 7725 18212 11303
4497 7248 15167 7526 4130 5109 13647 17858 14288 2735 11408 820 843 7932 15581 13216 10480 18581 789 497 712 9140 4901 10903 4481 7842
17433 8797 6764 6351 17791 17987 8465 7573 14657 8054 11248 1432 7883 15908 1672 4464 721 6737 1031 14610 2828 30 3502 9153 2567 138
10774 6433 16709 14878 7031 12788 5772 5872 8033 2872 13760 15656 3753 11910 1324 8215 4422 4966 8038 14940 16293 3934 5834 14686 19611 9046
19818 16391 17004 18530 1455 17546 13185 2560 13711 10312 8608 9604 15849 13837 10501 7190 11500 9431 11812 9497 19563 15534 269 7101 291 2388
9197 17316 13399 18744 7323 6746 19435 16047 8211 16882 8918 1317 2999 15274 4885 6450 836 5674 19353 6807 818 9436 7018 19915 9165 1085
619 14780 1943 12081 14594 8023 19450 8134 10756 13272 926 17291 9940 15339 2833 1214 18119 9734 13005 2145 6718 19273 9924 19767 1071 11849
15109 16225 16152 2283 8692 17207 10675 10337 4477 8861 14595 13500 11186 9139 11590 13876 7728 4499 10053 19310 13391 13572 10772 6285 9662 10351
13651 13736 3720 12040 8406 4933 6983 9343 6455 19133 15694 16813 143 9522 7644 153 4326 11535 8464 16284 2692 18193 3362 3404 5513 5149
8435 2073 9015 12770 15822 14872 15382 14165 14728 12539 1896 3100 9311 16964 19489 7869 8286 7216 18996 11462 461 15401 7388 5376 4580 16450
1488 12607 16596 2856 18229 16280 12833 17843 19980 1431 8535 5839 10481 4461 4341 16980 599 1371 8121 19227 4562 1572 14250 7029 1766 14070
7942 8118 16383 18154 6021 7883 14914 19866 18926 19818 10360 11254 5921 17910 15174 368 3693 8904 14753 5694 8271 9546 15709 18218 17203 8262
11508 12463 3173 7843 16401 2553 10566 11779 18389 8567 19131 12612 13364 412 9707 10697 11426 9964 2546 8431 17305 11350 10173 405 1876 12746
5379 10456 9245 9154 15883 9525 5855 7489 615 13026 19985 13573 12411 17858 12274 9708 11949 5103 14051 5896 4077 15853 7597 6441 9825 14226
17033 16284 10843 11691 19419 6160 7595 14552 17400 3840 4074 15634 14888 16610 18773 3955 17891 13412 14456 511 12352 2183 7039 6476 3824 10155
7515 3186 233 4088 6837 15159 19463 5639 1019 18362 6560 12056 16289 5262 13245 1475 4491 9419 6084 16218 16252 7706 89 1123 8865 10237
19786 2809 13372 12036 18155 3047 19435 14511 13309 2309 269 9527 10459 243 6642 4498 1459 17934 11413 19123 11764 11982 4903 17461 3732 17081
548 11649 10673 18049 10897 10902 13487 13012 14475 13690 13571 2934 4268 7817 7303 17169 4049 6239 19502 17731 1449 17597 55 13384 1626 4685
2427 8998 18487 1528 11980 14702 9304 10917 18459 12245 13449 11581 15981 93 9940 14777 16199 3251 10550 2030 7204 15371 5045 17533 3929 17213
4941 8934 5689 15875 7247 868 11150 5702 16313 6871 12872 12584 6771 18025 16541 13142 12396 12080 17197 12220 4883 17094 2346 15218 11525 17288
13386 12120 2519 2563 8708 4320 5775 5751 8429 2733 6336 10267 3480 8356 8264 10936 9659 16074 9473 5524 14683 8459 4958 15241 16449 19200
5694 3859 2235 14942 19099 10978 3414 8417 11966 13851 10877 7422 19584 19678 6866 8925 12455 11613 7248 3629 16994 8549 7362 1413 15178 8654
12555 10120 8600 3818 12975 13647 10199 4147 1826 16717 11246 8080 9428 1413 15026 9331 12974 10888 8133 5362 14032 13248 16422 4760 13507 16565
17326 1880 3153 3968 13980 10381 19381 15935 2996 11567 13864 8184 3661 8824 10355 13872 6209 929 5475 5366 6045 11329 9148 14136 6228 10569
17959 15809 9305 315 15773 15003 16577 16014 18585 1748 13716 13561 19488 3899 1789 11264 14727 9263 8560 10260 11193 1843 11014 7482 13299 9371
19579 14938 19798 3781 8213 3313 5211 12415 19226 340 14168 9949 9245 12253 17591 11242 5287 19399 9618 15111 15841 8631 6181 8858 4979 2761
9111 5504 1097 19042 16408 19911 10340 4976 6959 3495 14034 19042 10730 7560 10144 2836 8817 12627 5870 10286 403 7925 1458 6996 14533 14822
3313 17261 13214 2508 10021 16934 1549 1727 4671 5466 14786 1661 18468 18001 397 14325 220 3034 14772 538 16871 8536 6002 15667 17598 17299
16076 17568 18678 13747 19943 12582 13621 1086 9254 17178 2235 4089 9005 14553 4198 7928 3686 15335 10389 11420 6029 15126 6162 10703 19949 15077
7671 10505 18478 18600 18425 5977 19890 15518 16141 3763 10255 10781 17983 17569 10164 15843 12594 6836 572 14339 5123 260 18980 12937 5868 12867
12082 8537 19281 16275 497 9805 15980 52 13432 16389 10919 7019 14063 7818 10983 6601 1567 19671 285 4132 7356 570 19001 9280 8709 14187
12884 4711 10358 11580 16114 13631 19576 19386 2384 19209 17901 7906 7733 3686 9892 7901 12800 12971 15460 11429 16796 605 7359 1586 3925 1021
16340 8423 880 9571 17181 813 13582 15516 7656 13496 2219 3612 15949 18281 15084 2872 3693 9973 16872 869 9518 866 957 3483 17712 15346
11270 3841 4457 17408 3550 14487 7318 414 10213 9980 18359 3035 11270 15669 8294 11761 14871 17021 14419 2234 19348 13480 10170 15549 8152 3321
7805 5832 9986 3260 5927 9907 3046 9648 12349 13748 10940 6418 13600 12763 14700 15504 18594 17570 7163 6285 6374 15078 15012 2103 7767 4003
10783 2771 13185 5082 8078 1003 12655 13969 14843 17436 15021 3952 2323 9475 9905 749 11805 13398 3310 8417 10264 14555 9162 14916 10376 13098
2073 2007 15354 19568 1576 6681 10999 10405 12773 9573 1893 7725 9285 2611 2823 18049 16760 2440 10854 6956 6782 7542 7985 13424 7023 7242
15712 14692 18995 2228 14727 7964 3049 16220 17147 3476 1491 19331 10333 2585 17106 6808 13274 2763 4035 4215 6079 11139 19340 16107 5261 679
12669 16134 1500 1054 19694 19475 859 12641 18768 12242 9876 11869 8425 1722 7495 16415 13262 19897 14263 13208 686 6836 16574 15343 10270 6826
635 14501 14919 13888 86 10960 14236 3694 4241 8265 10752 987 4599 5231 7635 19001 9368 11288 5526 175 257 15443 8855 5638 3721 14869
9468 3624 9017 24 6204 3227 17344 10565 3856 18258 2995 4786 16716 9941 16836 15379 11964 14454 4872 17296 6409 138 7659 13041 1730 16052
6812 9176 15394 5050 615 18961 5247 13754 16347 372 3030 16059 3593 6941 9443 5811 17706 7195 18498 3891 12887 2369 14434 6958 8369 12403
1673 7240 4275 11702 19234 12348 17764 11367 19728 5813 6596 19373 3259 17973 19706 14417 4321 16169 15659 4250 12991 17430 17767 17285 1784 13476
375 8864 17208 17178 19178 8331 14850 10283 9848 6413 19199 9665 14406 15932 477 8315 751 9432 17278 7755 12404 7076 9290 4210 547 9245
8963 807 8398 13643 2023 13181 17636 9187 18222 715 5540 19318 6573 9828 5743 2472 16880 8226 2645 14470 4327 19909 4084 13230 7084 549
19084 15072 6992 6729 2334 1819 1268 18604 14319 1993 5074 13065 14225 14702 399 17720 6413 16482 794 5781 11001 11761 2123 5697 2871 7680
13993 6226 5701 14267 982 813 6396 9910 19045 19452 16715 19488 12934 681 17264 3159 836 16205 18296 16810 10306 11588 3036 4738 15271 12492
8514 10274 13022 15340 18689 11766 18292 4040 1320 7750 17419 11052 4890 15579 7101 7567 15605 4777 5316 1341 860 12629 18108 14564 12026 3480
18109 13387 9184 12926 12434 725 13353 12713 5050 8667 4671 4301 8811 2770 2383 13496 18780 18504 6026 9224 646 6429 6673 14272 14369 13879
10217 6786 8466 11943 4467 12538 1772 1669 2265 19965 16577 14722 12704 19329 4995 9304 11943 17565 11637 13186 15416 2260 3541 10008 5587 6709
18650 13879 4925 10039 18089 5184 18062 18778 14678 17359 4081 17154 16084 3651 6812 4638 12986 6006 5432 19777 8756 493 14274 6229 10542 19024
2301 4789 4677 6581 8198 12948 10433 19453 18183 10051 10332 13400 17253 11086 8289 6387 11663 12210 4549 7681 12362 14972 12471 14874 11602 8863
9818 14508 16247 14229 9593 6158 8699 848 11541 283 14280 927 115 12209 15781 261 3603 2999 9766 9271 12549 133 13208 7600 18245 17992
13679 1172 14075 18361 412 954 9339 15786 143 17608 12001 18725 4491 13109 15145 6948 13770 4553 3995 17891 7408 10903 3097 10405 4386 17692
14788 14184 19881 4371 18487 17238 17114 13680 98 15234 2382 16635 13929 721 5964 7900 16587 17474 64 7021 16624 792 4121 4578 12012 6737
18608 14185 17247 2123 1756 472 8061 10297 17704 771 18398 8227 13732 4129 11828 10647 6933 9923 10799 7893 7084 1018 13288 3783 5471 14367
11096 731 14723 17201 12051 10802 10843 841 5814 10248 13594 9125 19610 7355 1601 7816 15993 7984 7311 15369 16141 1925 9807 1075 6305 16729
5318 7983 502 6668 9342 17031 15747 1101 10415 11774 18439 2305 14058 1215 14119 1129 14954 15702 19316 13071 8573 18586 9814 89 9726 8913
16329 8492 7881 6977 11257 4962 16503 17396 1694 3124 19495 15629 9852 2980 6381 18077 16189 2610 15005 608 17867 16845 8116 12051 5143 13083
14114 16494 18681 8764 16523 14150 2099 2415 19108 3024 12161 18450 18513 12346 14111 16668 10505 8294 1193 8875 3428 6370 17442 15858 12091 11475
923 17229 12219 10974 11145 8265 17805 18312 7091 19363 3980 17909 6215 4620 18983 16327 15677 9324 5790 5528 7736 11735 6532 19585 10520 4903
14384 6673 19855 19645 1555 19537 14005 17376 2467 5698 5833 17838 12891 3436 10279 16998 12040 2070 12545 17227 9537 17346 13866 11755 15880 797
12800 17181 18387 2723 19567 15521 18924 461 10502 13728 8471 5987 17350 17148 9974 6185 5619 19416 3880 5658 18511 16767 9210 15470 18152 11121
15999 8105 14404 10080 9479 12250 14878 2461 14232 19684 14967 9966 14839 12850 516 19655 5859 10403 7997 12793 3758 16322 17103 2426 19283 13206
5194 18534 3052 7247 7833 8261 7352 1226 580 12732 1866 6718 15437 9730 6790 16673 17889 10625 18116 12426 5897 7503 438 16567 17794 11298
19154 6013 2091 7697 19766 9991 10310 10220 504 4104 2688 1386 15379 13578 18801 8456 19741 4058 14556 4943 726 4781 18958 19527 891 18370
7321 11564 12462 8935 14614 5838 17542 1983 9554 727 13209 4724 6162 8934 8121 18711 14461 15749 5900 10744 10397 9336 8869 13169 6575 9544
18932 19226 3472 11796 4330 6037 16119 15899 18031 4420 19805 10412 1942 8589 11825 5909 3278 13112 17671 10544 2615 2000 2229 4655 19049 19072
1415 19497 2889 6465 14364 15064 2109 1255 19465 17225 13036 17267 7837 582 11702 19769 2776 3928 15925 9270 2699 15668 1347 9039 18659 12212
8435 13406 8305 8132 12317 11375 18537 4836 14378 4941 12934 2239 6746 18142 13715 14895 1314 4805 10531 5264 6962 7678 19843 8805 1574 534
1412 7328 15709 11740 17744 776 18338 17115 7271 14962 12454 7073 6495 2063 3200 3686 15722 7958 5395 2045 3014 12308 12262 14650 4500 243
8266 12585 16615 17017 12093 16649 10566 11759 11031 4217 17668 17151 13594 8631 18530 461 18819 17657 8790 14982 1957 356 17127 3523 11190 9389
7914 14377 7047 14100 19461 3331 4613 17601 2523 1781 12378 18918 17712 5257 6244 5510 4636 9747 16770 18677 11086 15253 16650 7742 12401 15177
8951 17266 3857 6339 16363 5149 18640 14573 5648 4464 1297 2333 2555 18299 18324 16156 9728 1028 17224 19162 12137 15478 3575 8589 8081 13320
4422 9714 16593 4098 9082 7257 31 15861 6405 6950 2668 7574 919 15847 7523 2358 636 16276 3921 15582 7218 13654 13348 4317 13502 9910
12787 5923 17398 1776 14730 16615 1425 7591 15176 18397 620 6245 12065 7128 15606 3343 18720 8074 8143 6439 2240 10333 3888 3578 8369 18082
8977 6588 1536 9918 2579 11465 9224 13605 14942 7920 16402 1622 13721 9337 17281 5629 16088 10322 7562 6648 17356 17652 953 9336 4046 5119
9217 7500 3371 10644 4930 13027 6312 16497 7759 8814 11870 6438 1853 14267 5877 11752 13755 7520 2581 17660 6405 19545 4648 15822 17438 7254
14990 1230 169 11140 9375 17175 3886 12455 738 8815 4712 19499 18506 17908 14238 5426 1446 4426 274 17024 4802 15903 3728 3020 10188 13201
2646 7701 13861 12442 7556 17663 3214 3456 18089 19497 8788 13243 0 17249 304 2810 7084 13444 13181 13499 10293 17976 9954 6649 6352 12473
13207 15187 4848 4431 11653 12099 18026 5331 17189 15352 6832 2589 720 8711 18631 13565 17665 6017 9855 18883 11226 16737 6069 19776 3166 16439
4233 2978 6223 8461 14202 10980 10764 16533 16772 18030 14136 11345 9469 8388 7354 292 7392 4402 3806 9927 181 5115 19734 13845 17830 12889
1953 6551 12593 3683 17698 9066 3276 11015 17669 5684 7942 12424 8638 765 14852 16739 13349 9545 13820 2092 16320 16345 9328 6527 19668 5992
3059 18772 4747 15421 6823 619 6486 16407 3314 5933 18794 9246 855 947 17282 14099 14926 12932 14058 16258 6368 4688 6637 10141 12889 18537
12882 9795 967 11072 2024 13527 12374 17776 9879 11112 12490 12535 14340 13167 181 15254 11869 2639 11933 18291 13913 9004 9337 727 17903 2853
7615 11011 16348 14549 2206 2924 10696 4928 16466 13872 1706 18597 8992 10077 6080 5988 9162 6895 17933 7489 3362 2201 17708 310 16937 5991
17109 19275 12775 16175 13830 8674 7370 11158 13055 15103 3734 2886 1665 6464 12582 697 107 12941 15631 365 6898 7375 17209 16524 4744 11271
8165 15840 11091 4344 7446 5331 12061 14133 4572 18535 11353 3931 15779 6949 6474 1393 15349 9674 17392 13123 6763 2616 14301 7494 13328 8972
