365
97 46 9 41 84 20 5 68 85 85 6 60 52 58 34 89 84 2 100 92 5 33 23 75 37 3
2247 14515 13180 14909 7431 2868 2668 13641 391 6656 1398 15133 16071 12214 4713 4603 13884 8582 2639 518 2375 17033 10383 3368 10391 11521
13686 16114 8581 7226 10062 18939 10596 14894 6182 17983 16691 19404 5367 9616 13001 8762 3564 4975 9134 3070 8531 17664 16970 2763 15541 11388
2473 14770 2668 13938 3102 11873 12698 7383 4219 12872 1873 3730 15001 578 7784 1248 99 4812 5613 10703 77 18775 19701 17271 15499 1343
1761 2405 9111 4987 18888 6257 6060 5772 4855 14986 16757 16749 19307 15084 10045 18082 16627 14291 7860 2511 6195 18018 14572 11434 9483 4238
7976 6342 19191 8400 4964 8595 7420 1281 11766 1749 1888 17168 1160 3240 3531 15855 12313 13505 7237 949 15539 5916 16947 9342 8355 18824
13661 12488 18340 2910 11448 2556 9619 5285 15745 10586 5987 1311 15439 17868 1111 7023 15351 18712 4827 13659 5439 1490 11361 2899 18724 8362
17363 15332 4397 13879 9707 13002 14567 18573 7347 4279 10498 17081 16997 18882 18169 816 10539 19841 2165 12928 5742 15594 6529 16711 9106 16979
6359 3308 9659 16882 2965 12666 12940 9187 18887 1544 5568 5208 18532 7632 9989 12636 8441 18620 13867 6299 16035 8407 11434 18041 4450 10942
5026 2565 11550 19030 13787 19585 9542 18798 18183 10953 14008 7460 13288 18818 15240 11120 2187 16852 19123 6439 6065 17263 1266 631 16509 6582
8096 504 3657 18846 10964 11009 4788 6855 10708 14688 10968 19106 7960 5203 13912 7802 585 2335 18754 13325 19401 13584 11061 1030 19857 13535
7410 18027 15633 7884 8489 7443 8300 18759 19161 11380 16908 6898 19141 11748 15473 11245 8060 9284 16768 6053 5462 16779 14586 18431 15417 3019
5581 15671 3225 9255 11910 12755 2311 19841 647 15116 2005 12133 13568 8287 17682 5957 13502 3786 7571 10739 8720 14463 8479 894 6132 17958
1257 16784 9762 16434 1435 150 897 6788 10679 10851 18230 5405 10539 19759 116 16836 17316 15203 10925 16564 7896 12122 8483 4793 11034 19473
9500 3047 4658 13967 6537 842 6577 10874 16186 4897 9903 10773 6616 14080 2335 1304 15354 10354 16474 19226 18495 3461 3451 14572 17142 2595
8343 19995 11039 19931 3645 19933 2607 13061 16380 9449 7831 12040 4627 10272 7462 15254 1217 16330 15085 15279 17428 15824 8282 14341 16295 6854
15770 9500 15820 95 1166 11917 13727 9286 14733 10487 11209 17628 6116 12037 8725 16092 15851 1728 2326 18265 9401 10920 10764 2753 9998 1149
12846 3677 3053 6514 17834 11140 11084 1667 5066 11681 6205 1479 11324 11019 18668 12911 10961 19356 4827 11010 9173 4270 19617 17664 9110 19630
6042 18106 15908 13259 6190 103 17797 17436 16933 5262 6165 1237 5805 12942 510 12034 2585 3536 16704 9330 11427 13658 16162 13562 9314 12497
9950 630 18150 16216 12639 650 4961 12878 13559 4975 12377 2917 15377 1832 13508 16115 18816 6644 11975 9674 13962 19152 103 11123 8057 9443
10449 7129 15383 444 15413 19145 16723 6541 5351 13909 7123 11283 3938 5560 16289 17080 14040 7114 1692 13703 7394 6834 11866 19028 8476 18708
13789 12877 18016 13488 17913 7109 11738 310 16702 18009 7576 6691 1920 13601 8189 11498 11976 11933 2068 128 16116 19162 4269 8791 8025 4870
5800 10148 10424 1720 6191 6188 9206 6820 8538 7750 17116 18381 14313 8651 19628 16018 17976 2115 2950 19515 11206 193 2482 9498 375 587
14180 16559 14696 0 8421 16845 18767 13698 8724 7246 14193 1384 19125 14779 6677 7748 19084 14070 9768 7579 7672 8744 5859 7374 802 11659
9521 19804 7637 212 10105 10597 426 11803 13768 8827 1326 14823 14502 15521 6741 8454 1073 16651 4965 5496 5395 15280 17013 7216 1816 14582
9904 8968 18629 9231 7359 13722 15534 10715 8553 7196 15695 14496 8485 12307 18146 14688 1112 2338 3000 16935 12917 18867 18682 8087 19820 1779
9514 941 7933 16150 4507 5206 15887 7994 12204 10160 1208 5048 15117 4311 5857 893 5486 15252 17196 2042 19439 9005 13105 10786 19186 12098
12546 15167 8760 11797 16567 14405 14337 8496 9227 7606 2055 14304 8918 350 13802 11337 587 2807 9710 14815 9911 15280 8789 1078 7942 8623
15198 16611 5364 10534 14341 6140 16532 1714 300 2991 1404 18129 11754 8102 53 4088 3696 18749 6293 5759 9411 4665 1524 15564 11258 6388
19270 7921 2049 12514 3206 10989 12581 14811 5118 833 6582 16741 12686 660 2707 7770 5381 3945 8470 1097 7802 14129 7319 4188 12732 15592
4865 16745 16157 13280 1417 8117 16530 18918 9518 3241 12820 5040 17970 6140 18779 10611 16477 2276 13413 11818 17722 17599 7733 7080 5086 19621
14389 6098 19148 5513 212 5699 11855 2479 6949 19016 15042 6162 1436 8729 1613 19403 17022 2323 10535 8854 16080 6360 11381 5831 12590 17234
13403 4568 5268 5437 1695 16134 19457 8526 6949 8694 18073 8894 1351 16503 7338 9132 1228 8728 13134 19479 6409 82 3876 5179 17380 19694
3172 19005 4390 12813 13435 13472 8555 15171 6772 15324 9531 18973 12573 18309 7125 15758 16418 945 4341 13748 12373 4747 5236 9791 1442 18226
13191 14820 10558 15802 14778 1041 6724 13591 16411 9901 18026 12943 10834 19782 14838 18860 19417 9385 1523 14137 13758 7524 5776 15306 10810 15274
9916 14237 10400 3287 8798 4629 5509 14916 4422 15866 3490 17828 18970 4819 16944 11869 10966 16367 7082 14645 12722 11078 7757 4819 10265 9741
4293 13282 11855 3954 1243 12298 16284 10025 3367 10597 2880 7971 16689 7479 17729 13909 10827 9809 16204 9360 14773 8840 19507 1616 15341 10145
6616 12133 1863 12878 5150 13091 987 10217 8020 4527 15366 5220 11491 11968 10787 1932 14373 12381 16261 11874 6147 7255 4663 3742 5398 4685
7229 1316 2792 13012 5061 17467 11041 11735 6063 4667 16991 603 15780 964 15860 7949 14028 15326 14544 8265 9789 7528 11583 19510 19275 19833
626 7140 6296 15185 3032 11016 17384 2448 17217 19723 519 19564 16750 4717 8159 17675 5712 6846 3770 8700 13398 10155 1855 9280 8526 14925
12789 9451 13070 10402 3278 15300 6581 6684 2383 12012 5168 1980 4240 2834 17918 18845 10932 8564 7716 13562 18854 8027 1410 2962 17483 14083
482 19174 7320 18790 2727 3980 18983 6416 18207 17285 7106 18473 6787 932 3673 8450 12489 390 5614 475 17295 18419 2423 12448 7180 2381
5050 5483 16965 16354 5138 265 7433 11852 16063 11066 9625 6268 3102 6690 16087 11431 264 1770 14074 16292 9292 2472 9754 18845 15494 5252
10411 5589 10754 17549 1486 5360 9995 1090 17992 13071 9330 7520 10769 10374 5994 13320 15454 420 1843 13477 3125 4529 9974 441 7156 8407
13891 8687 3787 5204 6089 3813 17918 9959 8522 16624 2251 150 14557 2362 10879 15035 5172 319 12249 7467 4726 2393 15104 9581 15461 7753
4151 913 9883 8611 2606 19927 2037 8570 10157 19283 5008 12630 1005 5381 6594 19766 5433 12191 1250 10749 6784 4529 3831 5583 8194 17172
6107 11496 851 9159 1532 11007 6057 3507 17578 9036 15350 12413 5933 15498 4421 2180 15599 1700 19708 18498 4373 7099 12459 10790 4255 11825
17093 15587 3023 10266 12943 16072 11158 14614 8737 13281 10481 12293 10160 10140 5998 17207 18028 15162 5545 11816 11783 9780 11843 1592 19224 1684
6535 17176 19260 9842 14059 14434 9649 9666 2052 14801 15715 4538 8439 6893 10418 12664 16255 8808 11020 2060 18634 18861 19257 14146 16636 14870
774 19205 12996 2363 14677 18038 6149 19578 11624 12528 19728 8614 17151 14235 18940 1781 15155 12314 11663 15735 6372 7941 11503 11137 12019 3690
10951 2354 12947 1862 14799 13161 14553 16216 17021 9522 17449 7581 6002 10596 4230 15635 13253 3664 12054 3102 5770 11394 10513 5045 18567 4580
8538 3918 8941 11083 639 1833 7881 15290 5185 9855 3296 8232 7102 4044 7904 18362 5312 10593 13366 10145 15678 13491 18689 19739 19746 5405
8311 15005 17931 18624 15073 16886 2543 3275 1303 19771 3363 8336 6426 8299 15768 7675 17714 11192 14505 19872 7740 8690 5148 1680 8392 18731
17543 17756 16975 3420 4147 1744 17382 14057 15972 1964 9260 6582 1054 4746 10335 6366 11938 3823 12520 15611 6359 15291 16006 3131 8782 10360
8591 9636 7259 916 14323 13112 12719 16706 14347 916 14745 17836 17536 2885 11806 540 13706 6240 16486 11061 1236 5746 16152 785 4047 13759
12286 918 14956 12835 4748 10272 18845 74 5992 14388 16272 13833 12749 12912 6196 13438 13955 38 18368 3809 16029 5520 19134 17772 17392 16581
6531 4193 12832 16587 16575 2446 8634 11288 19870 18535 1544 5692 17966 9256 6908 18771 10258 18890 16860 8187 369 10961 2033 8412 7488 10188
15460 2145 4015 14407 2939 11379 7088 16162 7617 17394 9464 2224 18697 305 1997 9221 12103 17584 11720 4056 16422 1426 2208 4989 10913 15421
6629 8706 14904 9060 17157 5776 15272 19357 5531 6178 19378 2783 15663 14293 18936 14758 5671 17080 6562 2420 4027 15416 17247 11599 15889 8729
3875 2787 7963 17287 11413 5298 18994 8160 8243 5053 18067 9893 5395 6452 7479 7006 2607 12448 2888 9923 13570 6990 2470 1567 15190 10140
18871 19650 14875 11471 7321 5311 9710 17403 15850 17086 16494 9861 12742 15340 9118 19267 8891 14665 18114 15482 15419 6272 14229 18450 10478 12288
13192 12602 16270 1175 17480 2041 9761 7086 14556 9559 6238 18237 13747 13160 2124 16358 14531 17531 3060 10227 6190 19508 11317 14007 11183 2919
61 14180 17957 6167 17424 2890 12192 3504 18531 3067 13554 5930 18869 13771 8502 13773 18021 55 11711 3924 17119 18272 413 5509 17485 16000
2247 9619 16934 18491 19495 4410 14044 15368 19944 16171 2402 15817 4374 10804 18700 11362 14221 8050 9005 2419 12644 9465 15399 4429 6118 2741
262 3886 17831 9916 12911 14270 10663 11102 13640 906 2470 10728 9612 13821 11660 10346 986 17897 12945 10365 3206 1323 5725 16536 15334 4114
19108 12080 12133 3154 12036 12716 9565 17083 2934 3756 15241 18335 15944 11510 15083 4668 16770 2865 1823 12652 18195 6653 7586 16683 518 13562
7508 4798 19522 10824 7805 15921 6458 1756 18810 12674 2550 7620 11967 19823 13715 3509 9099 5483 232 4560 19187 13039 8880 19641 6105 18371
9310 16737 406 13127 13481 13686 16803 7422 6939 8340 14098 3364 333 8374 18413 4875 8779 5745 11938 7671 8618 1132 17887 13941 15282 8404
11895 9620 429 4454 19164 17625 5980 16132 1649 7869 3123 15866 16498 749 10014 9790 18586 14502 6745 14011 14816 743 10332 6536 854 8400
15369 19765 4780 11852 14271 15986 14877 17886 19968 17803 10200 12944 2117 2512 2427 17221 1353 10009 3214 18899 15152 16952 19585 5950 8068 18267
14465 14814 16465 13571 15039 5229 19179 13935 4619 14917 3683 2717 4333 13002 14955 11793 220 12386 4176 14371 14777 12744 14299 2789 18725 17531
17121 6808 15885 5164 2899 13497 6327 3560 19969 19585 4504 10799 10124 1775 12781 10127 6282 15019 9260 4829 6593 549 17457 9700 601 15485
14266 18990 11832 2103 15108 12935 7236 7774 3402 10888 8583 15235 8819 17575 8775 19136 11210 6498 1732 16265 16173 1023 14430 7436 7022 158
14936 13855 13729 13233 3865 1996 13978 9908 15816 19152 19190 7189 9939 8526 4514 7134 2350 15732 4572 12226 16894 4305 8702 4697 11627 17854
6607 10589 16822 1468 2096 8896 13249 13331 19204 12208 8017 10347 444 10884 4083 15712 17215 4879 2516 16685 7783 17162 3331 12133 12969 18883
556 2509 17990 4608 592 16354 11323 1907 5980 14976 6191 18845 3997 8386 1201 16646 18776 682 2788 1720 17612 18000 19637 3294 7967 3742
19850 15275 13394 616 14111 5960 18879 19493 17088 8062 15177 10435 5286 14216 7315 2756 7997 11352 16211 815 12638 8048 11201 3917 13539 4084
11258 3692 18457 2842 14248 12331 2662 5178 10770 7009 9216 12731 17107 10715 15010 13286 12555 8130 3823 3731 7015 12462 11963 16224 4492 11247
5223 15169 19162 8430 11894 12457 9721 840 16792 17085 9931 19991 1688 1367 14686 5643 16189 4359 6574 12298 11182 5336 10323 4628 8290 17178
6811 9033 14578 10236 12631 6817 2870 18219 8889 14501 10409 7309 1397 15010 14256 5671 2842 11229 19109 9019 10554 16939 12906 11877 11091 19238
16762 15938 15068 13934 3008 5714 8482 6321 17619 13934 18121 11134 16920 9893 10508 63 12971 9507 2367 2748 270 3031 5022 2980 4385 10740
18288 15306 17483 18288 7551 19235 11755 17660 5222 331 13600 3216 13609 948 7252 3565 6515 14247 18221 9706 18912 600 2485 11853 11304 4702
5972 3103 19699 8820 18670 1053 12353 3908 17863 16443 19601 6151 19214 2210 15969 14593 9950 13845 16186 12035 10812 10846 16725 8749 87 7825
11284 17326 15183 631 931 6418 9218 16225 19227 2358 9024 7378 5795 2302 489 5608 10963 17789 1341 14868 4120 19075 5061 5903 13937 10451
5807 1322 10686 1050 17844 30 7096 17979 4476 2076 9316 17552 16974 16815 2232 12534 5697 12633 5787 8625 9630 273 13001 7240 13232 17110
11762 9124 3996 18218 9178 6978 639 19425 934 7256 6938 4009 19839 16691 4763 13459 5080 5385 2272 17688 19074 8332 11152 17500 7701 10339
9295 1892 1891 9773 8124 17723 1952 17379 2661 17591 3967 9601 14947 1747 14363 2993 16964 6034 14217 3654 15520 18456 2844 8207 11324 14016
10266 6595 16036 4863 18123 4997 16318 10967 1691 7859 5025 628 15724 10268 15781 17492 18401 12764 3047 14929 11616 5649 5762 967 239 18028
7976 19285 10531 1125 7505 3202 12110 4195 2063 11214 4285 5521 816 3232 10063 4946 17465 15571 15493 2335 3164 17610 19104 14361 520 2807
14826 11692 4069 14120 1935 17634 3748 1549 5397 1582 5316 2445 5058 9889 12564 18777 9047 621 16902 1336 13014 2914 11926 13536 624 7827
6345 17379 13313 17128 10674 799 12513 7652 14772 10225 10443 3082 10369 15893 3214 11078 3435 17044 16389 16990 11020 10876 11884 19513 9030 13516
9909 14587 3295 6494 5375 4464 7603 193 8842 17257 3524 13461 9455 15123 15666 4300 735 2679 10678 15940 18901 16716 18174 13643 4172 5182
15177 7989 18590 16218 12042 5276 1790 7130 3941 8404 9413 3489 6000 13717 6673 5841 566 17744 15586 2281 710 16731 18997 18507 17643 15367
8581 9344 1018 215 10321 16089 18999 120 7588 4384 12847 17562 8497 13592 18001 11673 14058 12793 12724 16340 19568 17596 5277 800 4503 19361
17021 5717 7387 9763 7804 14791 13355 19760 12987 4414 2839 11121 3510 15391 688 6865 17572 9613 863 3332 18266 7726 4552 2502 8816 5975
11427 18837 11754 9728 3414 16293 8091 9017 3004 19994 11080 8097 2372 8824 633 2878 12651 998 16239 6973 12404 18571 11147 8509 17162 14508
13313 4236 5334 10884 9129 13273 9526 10251 17792 15962 8615 4721 18486 12679 18164 7300 14957 11680 7858 9455 19788 10105 11329 19845 337 19419
18500 2522 7025 4069 4516 11263 16111 6101 15261 801 15478 8288 10368 16503 4375 11141 8560 2667 13920 13212 5419 16180 12698 17564 8915 6341
8503 10577 17307 12896 771 7492 2060 13134 4454 3721 816 11409 19820 12032 2606 12416 669 17980 1130 18247 1178 16347 3114 6891 10149 5373
15615 13866 10180 13624 17788 8560 16828 2820 613 1802 11581 8934 10639 12578 8350 6979 4665 18374 12587 17968 11718 4543 17101 10337 1449 13820
18448 5131 5822 6686 6202 15213 7099 7560 3646 11076 12360 12512 5999 10438 7096 10224 17927 5198 13049 11074 4854 13522 12088 17903 903 15298
3841 12861 532 10504 9247 15103 17770 12666 13687 7644 16440 5051 11595 14278 16980 16882 6334 7522 15114 2271 5296 5608 18886 11059 14320 8424
1736 9164 19238 14756 9261 6977 11756 4391 15955 17694 12471 11700 17799 1687 7509 2013 6130 18583 15374 17394 15967 3207 14040 14180 17494 8375
5387 15860 13385 12365 10154 1374 17255 4988 2439 8812 6626 531 17392 3323 5152 6945 19001 8816 3530 11880 15486 11050 167 17303 11759 14381
8852 15106 19217 15733 6370 5880 7665 16338 4222 13269 19995 7306 9492 7413 12257 2832 18901 13747 4633 8676 13302 2818 981 9891 9503 13937
5918 17521 2295 14144 18644 14261 14208 4986 8518 13014 9173 8869 6182 15698 3515 2848 16595 17495 19660 17887 17873 11424 14196 6917 8369 12472
10715 17942 17411 11181 13916 8219 674 7732 1772 18297 19887 19626 6497 19537 4997 10625 8085 5646 19692 5473 4953 19631 8050 13281 6918 16520
14195 12302 7185 13068 13913 19062 8909 15138 12329 16269 17247 17239 16146 18410 11324 6018 10894 11882 18654 14013 7750 12870 10684 8881 9679 15932
14216 13626 15128 4303 10958 6786 8911 4115 15941 12922 11475 11978 3903 12444 10031 18099 16149 7665 3306 15830 7363 9089 6975 2238 7109 5050
15815 14282 2013 7801 9481 9058 13467 11549 2749 15507 937 16022 15044 7654 15277 10437 4061 14986 12986 14521 7548 8917 19633 14652 355 17530
12143 1095 8561 3555 1827 13122 13701 17310 12118 8371 6776 18859 15758 19602 2985 5104 19691 1005 8316 12811 13668 664 19498 14820 2006 9512
4316 19211 15892 6079 6580 15886 2472 13200 6027 16292 19655 19761 7659 9737 5836 18738 5043 7813 5305 8472 10711 17869 10825 12299 18360 9232
15821 14769 16542 103 3959 14755 11834 19597 7662 6339 11198 13508 17111 19998 16866 19062 16771 3963 6145 15743 11270 17721 9628 2386 19821 7470
6309 19011 536 5787 3423 3489 15359 781 2320 3498 15881 13809 42 16021 1500 8220 10305 4335 9012 1589 5471 15556 19883 19300 9266 15872
8476 12156 9108 11980 17750 6459 12347 13577 12857 8455 3298 11118 10057 11239 10955 9057 16726 15159 13418 1160 13031 14717 4552 17220 10199 16743
9377 6989 4131 7668 12214 8485 7543 12060 4216 8602 9874 15428 9660 16158 484 7495 3889 16979 19702 5813 8665 1460 6671 5067 14923 1555
2642 14644 6461 1332 14167 3978 2079 4711 3653 16535 17142 18961 10940 1109 17329 8247 5348 10343 8616 19018 5855 10890 14982 18975 2521 16348
1650 9345 17971 917 5384 363 2487 2408 7439 12930 9981 15496 3762 1102 1902 6434 6603 8155 6588 14436 12591 6737 4039 13013 10459 11772
944 18818 11798 4861 13038 16608 12996 1054 220 10848 10467 12363 3819 11702 2146 2082 15274 19032 8420 6916 10618 9404 9225 15995 9734 6637
19892 3772 14337 2468 13581 16019 12176 15463 1576 11539 16619 15932 6469 16553 6820 896 4102 5227 5382 2901 146 18811 12487 12645 2578 16678
18489 4062 4090 10317 15153 3270 3786 3152 9990 6607 4767 943 7254 16228 268 17411 8085 8942 18418 10555 11630 18672 18181 2975 16725 4803
7303 11094 16508 18237 1059 9360 17132 18236 16765 9541 11494 19573 2661 5828 10707 14057 4277 15904 2082 7781 13358 1956 18539 19981 12416 10130
5819 11191 6901 7828 4916 12127 10317 4383 982 8409 851 12566 7994 7396 15661 15687 4104 14351 4651 2959 8506 2579 8599 9670 18384 2043
13812 4617 9623 18208 17773 6371 3669 8564 7670 1950 15037 7031 18650 8364 4679 9418 6315 9653 5710 17791 19459 15732 17880 17460 607 6242
6095 5581 9978 1121 7253 1146 541 5425 3511 18520 13062 9362 9674 13284 14633 10438 1352 3881 18442 10728 5031 4821 3642 19283 11901 14083
11515 12603 632 12791 14911 4837 3323 10319 13506 1405 7022 16635 15479 1207 2165 7290 2470 16165 17111 2622 18012 1695 8609 15731 2440 7028
11936 15226 6763 3428 12028 19506 16186 11474 17743 7342 2563 4105 2966 16519 11053 4462 8656 12588 615 10349 10561 9952 6866 10964 8588 12694
15605 10964 13092 16378 15847 11906 18509 15253 17223 19158 10598 15559 12039 2005 9025 11307 3514 14951 18244 8935 13446 1311 3181 12574 1696 8170
16596 18545 2807 6684 14315 11948 4450 11275 592 2268 16179 9695 19955 810 1357 1769 7341 6090 6097 3863 4736 15110 11195 8471 15038 390
17394 846 19758 10001 14420 10630 18324 870 3626 7797 15464 3587 5386 4131 5130 3318 4749 17715 16866 11659 5895 1050 17150 13568 18831 14989
14117 13417 757 4350 4702 8713 6915 12785 5687 12524 3214 19447 2974 19431 2557 19905 10678 9159 5764 16417 3375 9911 19240 53 4094 6706
15121 9143 5124 11212 5501 4108 7644 12288 2196 17107 16995 4985 14263 18127 1671 17633 9618 2309 13281 7019 13998 12234 13011 17855 3298 15339
8598 16895 5411 4940 19031 1492 13603 16533 11592 19465 952 18411 710 4211 14786 19319 14792 14491 5418 7085 10647 17843 6312 9998 19321 11039
7462 7197 5863 16673 3491 17716 5067 19677 16952 11311 3870 18048 10330 15579 16232 14278 19017 12607 14100 8673 9800 3951 9927 9806 17866 13436
13364 13325 9448 19721 8886 17570 15938 17144 1731 19972 18129 19859 11153 2924 8451 6697 6438 14585 3647 15537 4767 3516 7528 2845 1059 11483
13151 18470 14691 16301 8452 6154 7353 9711 17409 19499 6519 11790 3601 5850 15616 13824 8173 17192 11544 1537 12479 2499 15978 18635 17941 8419
15264 66 8307 10126 14555 2048 13671 1817 19590 4599 929 11948 11093 4533 2266 5779 5006 4826 7329 1092 12032 11896 1462 19687 9865 3503
5096 10475 4275 15960 12014 5572 19188 10460 18041 6000 2867 14114 4855 19784 846 17415 318 17070 19512 10340 4441 1568 703 17780 6127 4373
2966 12397 6996 7717 8480 5539 13520 12935 17182 10761 7643 3041 17686 3786 11513 7384 17692 19178 1903 14326 3827 18768 2289 18690 10198 12393
11716 18984 7522 17421 13371 19962 6578 4497 11119 2714 3374 12738 6175 7488 6749 14257 7346 7542 3140 4622 1700 5672 15018 12904 7856 8745
6794 16963 3309 5059 7151 2009 15146 9366 4345 13515 5048 10009 19253 239 12485 3624 2317 2079 13582 18613 2518 14175 11052 19301 5333 18953
8640 19935 15198 8982 13923 2976 5502 16249 3558 12302 13157 10733 6536 18700 8217 15311 11513 6692 1349 5858 19250 1953 9306 2961 10203 10719
9983 19206 14779 8867 17381 2651 10814 8400 17465 9809 7074 2032 12959 7934 233 6043 15771 17052 18401 5094 3250 14472 3355 9118 16355 13589
11066 7893 19772 15878 4715 12351 6590 1009 8857 7240 9654 6621 14189 3192 5235 18748 2622 19499 18094 8150 3774 7602 19851 5570 5401 8557
11624 18424 14393 18392 18573 13780 19476 12785 13406 656 14387 19141 12205 19437 8851 9020 15640 14798 14741 5978 3579 14411 13335 4814 6958 19057
14310 7115 19193 12530 18752 15090 9179 13969 5326 16043 6912 9342 9596 9152 6849 19416 1805 9732 18776 3109 7571 9539 10507 14235 88 7782
729 9773 17866 1997 5587 18318 13038 15532 8156 4342 14791 17897 5638 18766 15270 7923 503 7158 8892 11211 14159 19800 4693 9946 7320 2797
19218 3456 10612 17475 11646 15926 5642 14734 8273 8431 9120 1352 4220 14451 1761 7286 4529 8840 5803 4505 19893 11276 3072 11126 130 7077
9067 8415 9504 15843 16616 587 7965 3804 1183 13935 17459 12201 16491 14999 4559 13300 5361 1745 11733 15468 4234 7291 12586 19163 13647 5904
1937 13238 3749 7847 1736 4142 13155 3313 2119 19118 16547 17158 13400 4526 9248 12065 9688 18813 10691 16712 16537 10869 7990 1713 18892 8188
6395 213 18293 4758 7280 17055 12441 8079 10094 6710 15060 19420 7243 8763 8749 17603 16893 9523 15652 18641 14205 9429 12237 12722 12976 2900
6099 2354 5282 1261 1453 4934 16265 13507 5542 9112 18147 12277 8587 12564 39 8130 10384 13686 4829 9021 8519 896 9451 17650 6342 18631
18955 3252 16247 16874 4804 988 3364 4687 3933 19911 17643 16294 2279 10323 10740 13002 6947 13309 1438 6292 8532 10574 9498 10289 11296 8222
2795 10606 17403 5758 2131 11940 12169 11122 11637 15449 6991 11338 335 15151 17536 688 18822 4299 9398 10213 15187 8005 2393 18974 15051 3243
11976 18106 16088 10568 19869 19386 4900 4060 19385 10769 11077 2355 14113 18701 2962 16032 5887 16925 16596 736 10288 19636 17277 16268 10610 9602
14267 2978 13589 16257 3005 3406 19615 6322 384 17128 13380 5530 13572 12329 19243 11253 11435 19138 9318 15378 2917 2633 4839 19575 3276 6187
5054 4589 17857 14815 17202 15796 11829 8209 18728 19157 19435 3702 12245 718 9203 3453 8180 15236 8211 12227 17350 15397 2273 1056 19180 14365
16407 17652 15603 16754 11448 19418 9767 17407 18184 3778 8044 12884 12763 6743 10593 195 10258 17578 2061 19713 7072 14072 19395 18284 13202 18025
15834 14311 3337 15463 5794 8100 13001 7260 2787 17982 6972 4038 383 18616 1435 5189 13202 15093 722 13444 10991 16477 13207 8808 4087 5301
19574 9637 14045 5155 2250 8852 6472 10741 11564 10201 8818 18180 19166 1459 14231 9921 18054 18674 1121 7330 5874 11939 9885 5831 5603 3186
11233 12071 18687 11916 1629 15435 8651 9000 11263 17152 2209 5034 9331 6719 3955 7376 12293 6210 19514 6866 15046 5051 1516 14341 14074 1015
2441 5228 2149 2442 4471 6391 3176 6435 5220 14472 4842 14805 13954 14699 3744 3682 10570 1191 5693 13420 6387 15383 4565 9098 1513 1481
3898 14716 16287 1220 14846 1601 18095 7512 15274 17254 17345 4820 5624 13550 14001 19618 11563 1751 10249 2624 16567 899 10304 2166 12849 15805
1024 8888 14823 15682 12080 3885 13777 17461 10564 5291 13494 17746 5951 4543 684 12834 11880 2117 13693 14596 17145 19665 13063 10534 16393 12716
14957 18175 17088 13643 7342 7816 15255 12204 13933 3385 17398 8918 2268 19332 9246 16060 12363 1706 2734 12752 6931 14959 13670 9105 6270 6520
13426 7213 9092 8190 8862 16483 1334 12739 15692 8078 4529 4361 8660 12947 1045 11958 13886 6338 4550 1750 8550 19645 8839 4779 7657 7686
13207 14807 2483 11255 5962 6732 13380 8089 3577 14277 6822 16839 2030 19778 2032 13919 1531 15064 14513 17047 12681 16303 2113 3100 16068 3705
18210 1701 14223 4140 13778 78 11368 16338 8450 284 8624 16729 5498 8152 12776 17037 16534 9717 4866 9670 17206 17635 3448 16230 9245 7782
4924 19565 13958 12914 6784 6288 595 14100 14873 14177 14985 19156 8950 14013 13033 8797 163 11648 11744 15255 14944 13402 9203 79 496 7666
885 10565 1757 9545 11408 15300 16882 8716 19168 5736 19712 1477 17212 18157 6927 11204 7446 5569 7449 11403 13294 3592 3378 6849 2955 658
13443 17077 7303 9908 6025 20 4349 14064 3238 3850 12779 3236 4326 6825 19613 1896 5809 13039 13892 12148 2816 8493 18657 19564 5611 13235
2666 418 2178 9727 15352 18996 12415 5535 2507 5803 152 6449 19884 1251 10705 10974 529 10069 6294 11505 16872 13482 19706 6753 1108 13840
11746 15726 4926 11968 12225 19114 17399 6398 1600 13400 10328 2086 12654 7681 14947 16605 5957 8339 19194 19168 10458 3785 11331 3008 7567 8531
8528 19307 4260 12628 13624 13423 7064 4138 4035 12031 1466 19036 8645 10746 12669 1213 4858 11055 19631 6085 18864 10273 734 1821 14453 10940
1920 8904 9291 15180 2174 493 9876 17762 13833 12574 2316 5029 13339 14844 10612 19259 3137 16765 5049 11883 18301 8862 17938 8650 11943 8126
19523 11297 182 17693 16585 11688 2406 19187 14653 16774 14557 2344 6024 14332 12656 11170 18078 17996 379 14996 10433 8544 7445 7047 4732 8962
3923 12850 17783 9314 17847 14990 6216 589 12772 990 13494 9302 14850 5035 8170 9773 2255 6468 14560 10414 19603 12282 12503 12555 6066 2241
6394 14096 1969 19395 3357 5787 5771 1097 5476 8233 13272 7186 17872 10825 19753 2634 3803 2313 1752 4317 1514 8651 3876 12410 458 12244
14023 17613 2925 11759 5343 4167 4183 13557 308 5032 6678 4307 10674 17204 1724 4249 9845 8319 1519 16893 14073 7995 2166 4364 19393 14673
12324 11845 15057 11122 6624 10533 11707 16827 11987 16332 15407 2460 3057 147 4813 4172 1275 4892 18200 17939 7334 3812 14705 12522 15952 19917
15208 3674 16453 374 16749 7234 13193 6399 7262 16313 18977 11877 1722 14680 5847 9634 543 11417 18774 8472 12773 1704 12507 19004 8462 11409
6010 12454 17079 5288 3775 18292 12621 16785 19311 1039 19899 17262 18803 5695 16496 10349 17981 615 1158 10960 3016 14187 11850 6388 3935 18615
5181 4692 17786 17773 13499 19654 19504 18566 11407 1828 2858 16806 12848 19972 9910 645 3219 6836 19538 13266 10304 13638 12266 132 10131 18167
4352 3655 623 3244 3454 11607 2920 1422 13713 12558 16500 14754 868 7625 10404 9281 5636 15782 15100 12191 19108 2394 6657 17763 18972 11010
5890 8283 17514 9682 11847 8474 8005 9676 18434 17464 16032 18252 5200 3556 19068 1453 13258 16852 6818 11895 9646 14098 18090 12913 5280 7815
14796 9447 19165 13779 413 14329 9725 18959 17082 7857 19663 969 11824 14608 7125 13730 11426 4672 11368 120 10205 16542 7972 11663 2864 3137
17108 151 19031 14674 4638 18151 11076 11655 12315 13877 15101 1419 2718 5590 17646 18417 11778 14491 6562 15270 18116 5043 17402 6444 8043 3141
16313 2000 17912 7419 8780 1714 4133 16965 18354 12671 19891 19761 15899 808 12681 5181 2723 17893 7437 17437 14214 3739 5455 447 13153 4513
7391 2100 15682 8629 595 2800 16778 14662 9717 12292 7904 11132 4130 9687 12878 1971 8300 5374 12427 19138 16043 15307 4982 15889 11784 6445
753 2327 13604 6905 14250 4986 12671 10440 746 4137 2164 12545 15730 13962 6310 15551 629 6276 1028 17339 11415 17156 18612 17427 8300 457
19196 8643 16298 791 10130 4461 3930 1179 19616 9536 13959 6118 8375 724 4977 2938 8139 3232 3074 18450 15354 13897 9179 4074 7506 4722
18771 11560 10933 13936 19985 5426 4412 14977 16585 16355 1666 9986 2079 19374 6385 15650 307 15902 16060 15244 6715 12376 5571 19174 13330 4316
3058 16483 18075 9811 13875 6738 2997 15982 13409 9416 14349 17549 8388 9764 9418 7241 7332 10507 1592 2302 6148 18614 16215 3924 10920 12740
15164 4504 12453 14319 12038 2954 2114 7400 3411 654 3714 9287 12704 6718 5717 18362 9814 7550 17145 5257 7355 19333 312 19831 17205 13444
7957 13932 7316 15951 1257 15283 18280 13341 14452 17555 9405 10812 19219 11256 9402 7626 12186 12884 18405 12356 7978 18385 18205 2033 15387 15927
16299 10901 9605 8891 15337 18271 9972 9960 6582 14812 9259 10097 10504 2411 14314 2838 5233 2823 11624 13635 13793 18960 1668 9899 17077 12061
8147 13280 17777 2003 11137 8719 81 6040 1627 4877 16482 8753 68 981 16605 11186 1391 19757 3945 834 14759 3193 17867 15197 13726 15156
2011 9175 10363 2902 16713 16489 7931 13076 207 1246 16018 18327 591 13207 19833 12437 2903 17269 14115 18852 11388 2623 8618 1051 7793 18339
19068 7014 16832 2525 5682 9128 12143 11174 83 18097 10263 4496 7292 1280 7275 14476 4334 15924 4209 2811 18566 14186 15994 19434 9795 13634
9533 1985 11953 3516 7866 17746 10249 2490 6834 18792 15867 16034 1486 17587 13719 15782 2755 9738 13919 3723 15014 9993 4470 17360 602 13031
13270 17255 10005 3556 7114 1952 3195 1154 3582 6696 8849 15181 11029 9815 13872 12683 15026 12276 12170 4367 12666 9214 10076 10934 18653 15068
1144 17761 2541 15998 794 2548 6329 3383 11549 19408 11497 9478 9942 1002 14637 12347 12441 15989 1026 12067 2448 19991 3245 15032 13234 16837
2496 10693 15039 17407 14646 8754 10515 10861 11574 10202 4859 10866 8992 8375 359 19479 15666 8483 19831 8529 1922 15967 2696 5922 5494 6032
5941 10399 7693 9987 7131 12362 6330 16884 13123 12308 3792 12338 997 17720 9342 11339 5956 19059 12706 18580 145 4850 3339 5568 11620 9299
16882 4917 12365 17357 12822 8434 9545 254 18896 4975 9177 5275 18763 16060 7282 15569 3607 16844 1133 1364 9010 13894 12570 3505 11357 18947
6905 19963 7433 19913 3897 18304 16670 11676 18772 5524 1098 13137 8537 15022 19825 12196 6005 19879 6995 204 6692 11559 15493 9207 16827 16006
4071 4648 18268 7452 10421 6705 2732 9025 4243 13274 1826 4743 16062 1672 6159 17708 661 19774 6884 15309 2241 3631 18806 10552 15714 1104
12488 13377 19261 11207 721 19773 1848 13182 7386 4506 5029 13412 4189 7412 9788 10252 14589 13398 15759 11667 13365 16569 13398 8407 16345 6501
7455 5593 10897 3252 14169 13667 9143 3427 7849 8908 426 15426 19011 3128 14045 6656 1880 12352 2055 4617 18897 13357 14117 5801 3160 16711
16002 4240 11869 85 11493 7016 8159 16539 15252 4919 19859 16755 10445 14055 1654 9056 8074 15686 4170 14539 13687 15310 9864 17709 8119 14705
18391 11743 3009 15236 14506 13479 5049 1462 13993 4724 16727 12615 9138 6807 13304 15083 16414 15071 14467 7355 2478 7733 11931 14433 1553 11517
9724 948 13860 19224 15467 15055 15897 16405 17408 10 17835 7079 2657 9029 15295 18595 9020 13274 2803 1039 4027 17255 2555 5440 10516 4558
11071 13839 6304 18550 10106 12804 6075 2034 11266 11540 2974 8885 14065 5693 19880 8577 13165 13712 8010 6009 14563 14196 17572 2846 15963 10622
17799 8149 8981 9079 1225 18095 2951 479 10269 12145 4915 10034 12996 12505 8479 487 12457 11330 17067 15024 4781 11413 15523 8254 4638 9271
19319 4836 9713 5254 8759 7924 9261 9508 19783 44 13900 9186 8258 7353 18343 4436 12183 9668 3097 12534 6030 10311 18270 2253 16503 14221
2732 4264 7963 7330 9633 9719 17289 4825 17682 13668 19826 8737 7963 16803 9988 15676 12555 14417 5531 16023 12374 15008 10924 18009 10500 11928
11558 11182 10883 7235 8678 17804 373 1447 6412 10980 7246 10401 6637 10989 3208 991 19225 10624 4751 12679 17351 9711 18116 5703 12423 6283
5184 5479 10635 18544 15041 8585 1535 3839 7204 2825 13819 11025 12783 9539 10645 2909 662 10583 12998 12590 17558 9709 15227 8199 8525 12133
1253 1438 8071 6225 15150 14281 5418 16574 14869 13450 14718 10918 6193 8632 13509 8688 11430 10128 19345 19072 2299 11690 12312 14367 10351 4555
17000 5545 4942 14003 8503 3128 441 13503 6798 2679 15062 16567 8890 9602 13622 15891 413 908 3325 424 9464 7170 14576 6120 14739 9390
18050 5635 8335 1889 8754 4214 12452 11567 8795 17699 6071 2178 4787 9510 18379 4040 19289 18585 9254 741 6771 10530 8483 17178 2393 6796
4950 18917 3359 18511 10468 4961 19421 4139 7689 8909 2178 18263 17482 14389 9262 4723 13741 12927 3930 12201 4699 1784 18542 15304 15642 15993
6204 15505 19027 13706 10976 9866 2837 6974 15643 10176 7600 15819 15011 3484 12690 1111 2599 17583 11267 11567 8867 5697 7312 543 9536 15175
16294 15519 12730 10655 2531 10404 1487 2407 7718 15307 3322 350 6241 11688 12726 6637 14013 12633 16732 18773 15561 9662 12583 986 1117 928
10845 14799 17054 10514 18521 3231 933 15351 12088 18310 11526 15266 2976 5725 3650 18087 710 701 10378 12295 9060 14989 2130 926 17830 13825
1872 2746 18906 14137 19496 16706 6281 4837 13752 19556 7383 1114 15070 1380 14184 19112 1260 15214 1596 13447 5258 7736 7013 311 15808 4522
12394 15029 6738 11209 16895 9259 15289 7627 7258 9043 18757 1986 17355 4816 9757 10878 18405 813 4383 2322 13829 955 1945 15766 1822 3353
8069 5049 330 13367 12128 14784 8171 17923 16880 14596 2426 2143 19425 10735 5012 10398 2860 19911 8659 633 9017 15973 2709 3083 17984 5863
17871 3117 28 1746 15637 8795 17452 6133 16906 19650 10807 9359 19188 11171 10126 16011 7655 7408 598 4890 1344 1431 5640 529 6806 5076
6594 12585 5760 18900 14789 9389 17457 17566 19051 5686 7561 19453 12738 6847 15882 8604 18319 15294 8681 7587 12783 15761 14326 17959 14555 4685
12126 685 10489 18310 6270 7691 17474 1262 9297 1298 13750 19004 5422 2113 11492 3451 12549 19436 15722 16702 3751 9389 8560 11442 10578 9616
7124 11538 5896 18098 2401 9729 84 12853 15460 266 8572 15222 19621 2170 3537 997 1374 7336 8285 19449 14309 10321 831 9464 12488 18217
12037 17110 16735 18792 12423 1111 11992 13950 13739 11815 19768 13649 7017 1254 16116 10740 7916 9440 11603 12162 4371 19030 5426 10528 7551 9694
6384 10825 7885 13901 2453 19705 3037 7259 11622 5754 16062 7092 15067 18301 140 17798 8661 3642 17938 1371 6854 19293 10408 5592 5099 7593
1664 1851 14516 4378 19584 13986 14388 7688 14914 6571 8140 19351 1776 3668 1565 12548 9091 3148 7515 722 5095 13636 8858 19758 892 14891
5054 4278 14702 14759 11259 18689 8758 13738 1882 10590 15068 15850 18476 18901 4882 19775 17297 4395 14430 8534 14752 5527 10832 2196 12335 8651
16301 6655 7877 17215 7131 3696 17377 4089 16872 9307 6009 5001 1868 7558 19838 3399 12196 6521 16224 18435 11278 19973 9307 2117 18201 340
1008 15126 8269 18249 5415 1467 12132 17358 741 2422 19641 8724 11837 12344 12127 11548 8 18549 8582 7402 6621 10986 13179 13830 2785 4019
11861 13452 1313 18876 1913 18717 13428 14640 5386 15115 11873 369 6560 1698 1599 14120 19322 3158 18468 12252 5319 742 9909 12011 13492 13213
214 1793 18351 8561 12904 13829 9787 1653 8431 3327 4169 11253 11915 11077 15678 10015 17230 18281 18997 18866 14983 5856 17680 2167 13538 891
4131 17519 6461 4708 13850 15677 6873 11015 13733 12766 19198 1695 19873 15915 17817 18298 18454 10395 16185 1553 2073 10434 14385 11642 1246 17664
18369 7096 13553 11054 18209 12922 4290 8122 14750 6364 16872 19081 18811 18092 2220 1748 10164 12280 3759 3924 12642 9988 11681 9970 7091 5074
6870 585 12427 13990 16661 5096 10904 8831 16132 4675 11682 5083 5889 7572 15863 830 19798 12515 5624 9581 19542 12174 7331 7041 7692 17701
16315 1549 13328 9910 8328 6114 14657 7987 17155 11048 5836 16641 17867 10025 5079 1476 2295 11186 17858 10718 16599 1794 2826 4109 14964 9096
17086 4954 9591 13773 16369 16766 19915 12136 2426 10540 11516 11697 13301 3818 15192 11889 961 19047 10863 14187 5168 2356 8216 6018 13238 14745
3832 6185 17105 11714 593 5554 19321 12538 17295 2604 19117 6213 9711 6570 885 15299 2275 11891 1081 5012 5173 96 11936 7085 17026 2447
11489 11398 12522 16269 2757 16266 5348 17799 8513 5049 19991 17253 9051 5740 10008 17730 5600 19960 3078 18797 2003 16415 14151 51 4318 17338
12560 3155 598 17845 2409 13457 7335 18848 18187 12344 7115 2837 18684 1738 14357 8689 5372 5743 8245 19864 6089 18120 15740 1489 8087 15106
1985 10749 6873 9998 15287 501 1511 507 14522 8278 5486 6422 16903 13166 11835 18538 5725 4764 7163 9 13518 761 9938 7090 7272 5452
19060 19113 10451 3428 13469 16564 3366 2928 5946 14562 8207 2466 10529 2648 12263 8944 2814 11037 4079 19813 13023 8349 13432 16673 1629 17766
5908 79 7687 7805 14235 5811 13935 14880 3392 19488 4331 18247 4356 13538 4873 9995 3515 12337 5709 15295 2383 13035 7324 18092 941 1829
13794 16822 19450 14906 6547 3251 12874 8094 18949 7986 10868 15878 14522 4897 17339 4080 19536 15021 16772 6533 13388 2062 13335 17158 11580 16741
9857 7507 8338 856 11922 5446 9584 14844 15862 7565 2167 9957 6293 11830 16829 1430 10397 2915 8132 15706 4810 9950 12557 242 5987 3633
19962 19406 8794 3938 2139 12819 17572 17732 7872 14424 15062 15968 3112 1558 6167 16566 8453 16374 11166 11685 15355 17047 5407 11978 2417 18627
2408 2344 391 11931 10495 3041 18383 6231 851 9160 4462 2290 3037 736 11558 14638 3513 16572 8579 15477 15474 19831 15552 6955 9027 13760
3116 5291 99 16892 9338 892 11683 2663 15409 10296 13144 5472 6365 8292 17183 7572 5992 12503 9823 6620 16989 9337 10124 11193 791 4230
1011 3725 13693 18182 4978 19517 8930 14945 10183 10989 9707 12129 6452 14858 15146 10854 7768 2527 3706 10614 12438 18992 8531 3086 11239 5061
17437 5856 9857 3191 12027 1422 474 15593 10129 41 13343 15978 12193 16411 13192 18661 5669 461 10994 18115 14176 14099 17106 13599 9707 6077
3544 5512 17881 10193 8483 7193 13782 16673 13827 7825 19148 2616 15215 10009 7879 9275 4319 4329 4787 5531 6247 6167 8988 12911 12734 7483
11129 4672 19195 18488 10457 7278 19049 5659 18120 14173 12833 10075 10599 11096 14056 16458 5863 10478 1676 17281 19414 18872 15548 4248 15501 12420
15197 18550 556 3599 19892 12093 7462 1468 6160 2764 3084 13643 18141 1135 19535 8283 252 8926 5210 16744 7186 12725 430 19255 10167 15528
2747 19630 7009 18983 15131 15100 3962 6260 12304 12885 17387 12264 3554 6678 18089 9880 17584 47 3227 2848 1954 5030 18061 11525 7808 17815
8341 5072 1758 16312 16214 15010 12922 9751 10795 11966 9000 8375 17357 1199 3144 10350 12244 10301 1313 17207 14359 10271 5247 963 10196 15364
18498 128 1673 3629 603 196 13552 4399 8429 7093 9142 18011 12146 9245 5192 12922 15302 9865 1889 14632 722 3142 5350 13749 6303 2752
9972 2727 6276 16539 12340 12051 11216 11527 7769 7557 7524 978 15093 1774 18142 13813 15812 8508 5063 4222 4824 18961 12890 16171 2517 3526
15347 2921 17682 15397 15881 17956 9100 9386 8483 13065 10916 35 8168 2637 13229 5980 1350 11913 3466 7673 16501 10003 17951 5940 12 11169
10493 1575 4032 17631 110 3482 5451 5150 1096 9841 6770 7089 18979 16269 12711 8110 17899 1137 9694 18421 5056 12454 5535 121 16564 12198
17096 18171 11689 1514 1087 12123 14931 19753 5023 12129 5883 7814 374 9206 6009 7296 19986 8624 9334 10032 17694 10245 15116 13988 3825 13410
3627 10648 15238 13379 18107 15778 10658 17871 13633 11232 18769 6491 12005 9090 3249 15553 7733 13956 11599 4345 7439 4852 9045 5440 5255 7538
11421 16522 17198 10805 18628 5269 688 7610 8733 6776 6317 12791 10478 1260 17122 17479 16478 4841 17863 17380 1820 341 4020 4260 793 17139
12845 14108 19409 12701 312 8763 14134 19198 15365 7508 11089 18966 9141 10374 15909 3058 13304 5359 629 14961 6746 15844 1188 10210 19183 2174
9361 14777 1217 14628 2898 11453 8003 15167 7385 10157 18137 9762 8578 6091 12521 5690 9278 8789 958 5471 5715 8854 13621 886 13160 8657
11351 5184 18423 12362 10140 3603 6536 5963 307 10257 1374 9796 19408 9692 1684 5587 15757 16429 12184 5719 11682 17405 14362 5853 1070 8574
10079 16184 2659 16577 6922 7614 14236 1310 17392 12651 7101 620 19518 13032 18234 17995 16951 7338 4484 605 10875 15964 2186 16618 11283 4224
839 9477 11093 15402 16009 10915 7417 17173 18908 7580 2845 396 5800 15611 7605 8994 11017 4021 6124 11163 5283 8063 15267 18207 13837 15376
13646 4954 5711 11133 18799 5193 17213 16188 19071 5502 4283 10030 2635 6572 14083 9078 11422 5862 9147 8768 9431 6374 4565 3194 17700 9436
6184 17938 17386 12216 6149 18133 7674 18641 10582 5792 13724 6472 17529 4974 3733 18896 7287 14952 4390 3035 14289 7458 4075 3497 13661 10105
9940 9043 6588 6805 16320 13328 9677 2306 15759 8103 5154 4226 10 19274 240 18050 19952 12073 7241 15634 9069 8691 10285 2581 10160 4581
1334 15013 15181 19362 11005 17543 17792 11597 2787 4485 10767 14569 14744 14450 1214 12261 10315 881 10466 4079 4079 16379 5416 8495 18450 13680
8503 8397 485 2075 19899 9334 8442 14415 8974 1003 19851 11055 13509 2022 6043 6528 14510 8493 4245 10046 15392 9879 12616 5494 769 7307
5096 10675 3657 11904 7876 12838 937 2839 7266 2196 535 17960 12928 12976 15798 11964 12989 1375 12448 4566 1606 8247 9271 18935 117 6417
5724 3160 6587 8404 9831 1369 8192 19079 2647 7343 3592 15636 17565 12312 17671 17220 4923 2473 8518 3704 12482 13954 9084 12731 5092 17259
3701 64 4037 19767 3127 17342 18127 15767 15164 9141 19239 3924 1591 5165 2314 16709 14742 4454 4853 9391 15252 796 7722 8846 501 12872
1949 3076 16472 1907 3952 786 18107 545 3143 5788 3925 8195 5386 3344 13343 5566 11058 11405 1341 1577 4191 10360 4617 9346 7882 16383
15198 10588 8576 1245 16317 1110 19976 6292 12537 779 18302 1423 8644 19692 11669 10379 15214 7798 18996 5358 14044 18290 3664 17409 7530 6800
18806 11570 77 10717 1288 14291 11649 10393 206 3399 8597 13763 15507 15315 4361 18086 8846 18532 2345 11307 8923 19813 6170 627 18081 15418
6273 6017 10201 12046 8301 16715 1030 1820 8162 17622 13921 12406 19679 10958 5937 5584 4378 7746 19156 9304 13867 5176 346 15133 7997 5147
12837 14802 1408 6555 14571 1488 17574 4000 1607 19732 18890 14110 19745 17695 12197 15019 11398 1222 10825 4603 13363 11081 8799 6920 15565 14272
1409 16652 19385 6148 11704 12905 17805 16647 19735 13629 18037 1279 1457 3798 19549 1209 6345 10489 17453 5262 9644 17172 12144 18144 19173 17774
18684 9647 3317 2010 1295 3283 14896 4140 3536 712 3866 7111 2041 18533 10769 13889 14887 6258 15157 13501 17074 2599 10850 15760 9136 12510
5104 3653 10283 4553 16844 1443 908 19025 15937 3953 7729 1899 9687 4714 10985 8493 16915 17635 9019 15654 1679 9094 10520 18623 6877 12720
11347 3852 9038 12863 18832 7776 8808 3885 13364 14170 1235 4830 16166 1057 4031 1305 15278 7114 14721 3552 11992 11989 16468 17295 14905 1342
19658 16162 18340 935 14560 3124 2585 13665 13338 13517 16446 10976 1079 4412 18660 16287 10730 11617 6716 7395 12192 11346 5556 9438 3025 10523
10470 13312 17225 8121 16432 12245 10030 1850 9839 430 19073 1088 15198 15136 9185 9008 9057 17776 13167 8805 1260 18919 14731 2021 12469 6080
15538 3840 6663 16274 18470 1450 13920 11679 17059 15599 10846 6270 3491 1120 17804 6197 12235 1616 9776 11471 18824 9969 806 10836 4077 6558
8409 4959 19907 1389 17951 3311 5444 5967 10793 7394 53 1771 15643 12665 4327 14274 13268 14107 9404 974 18564 3067 19748 10505 18683 4916
14643 17737 643 17878 6214 14252 5487 5533 8490 6051 12856 3345 5912 1668 1284 10813 14929 2060 2592 18229 11333 13008 2098 10458 1740 11832
14879 3654 18772 17459 9719 14326 18777 12222 10690 523 7678 14961 12054 7750 286 12446 8750 1499 11574 5603 15362 19558 5316 11181 13087 3867
1256 710 13954 8915 17489 383 14042 12571 7057 12323 11673 10864 7007 5970 16722 8979 9605 1263 5509 3705 13079 19796 13511 14065 12553 15028
16282 2723 1998 8130 11966 14350 6407 1974 428 19461 13001 17939 15617 2022 2697 11955 13102 8695 11761 3483 5037 5086 10574 5844 2848 10675
18752 17854 9568 9294 19849 11393 12573 14110 16108 9830 12982 9394 8089 6699 17154 17639 3629 7776 19095 12278 14129 18551 15494 15227 19602 1512
2107 10014 8727 13749 2749 7813 14646 3246 19764 6609 14547 16676 12592 7741 18616 16143 6951 10893 8975 9598 8086 17071 7861 17682 311 6630
12405 18244 7325 3937 4007 17342 2622 14291 13352 5690 13548 14979 7709 15459 7337 15570 8517 7039 2879 18318 17645 15031 15769 14399 10853 8650
9815 8870 17805 17120 14137 13817 11393 12764 13108 861 16572 10041 12804 1283 18377 6082 2336 8304 8743 2400 13834 13589 10369 16574 1757 18401
4961 17837 5109 17297 15873 11889 16428 9085 141 16971 1234 3003 12174 11192 4364 9766 8574 1827 10312 19195 11873 10940 12937 284 18240 14585
1439 3694 13445 10187 13313 16162 7244 18923 18728 691 15691 10488 6653 17695 4056 16605 14976 14224 15493 5049 14395 10287 10369 19752 308 16387
13081 12531 14687 8651 6921 5277 1319 6563 17183 19068 4618 14587 17600 4560 3397 15729 17612 7701 5110 5060 18889 8902 11934 4201 5742 5100
9158 708 9390 609 13203 939 3546 10169 6761 12736 17427 2995 4742 1605 9335 19559 10345 3792 11394 7706 19644 2066 9524 11808 17937 19587
17852 752 16543 15530 5342 14598 19296 14794 14698 18082 10931 15194 2953 13132 4818 2853 3789 12864 10411 13837 17873 15174 14777 2248 2174 7389
12688 10160 2435 12669 4378 15947 15592 6606 12236 18319 13532 787 11476 17544 4859 12694 17924 15992 12272 5081 14160 16227 8597 7657 17576 2910
13306 12683 12012 19525 11732 9987 16616 7358 16333 18073 733 3694 9319 19471 6229 13672 18213 16666 11551 19417 4830 9077 8406 17201 2848 9249
4028 18461 16604 8198 3203 6901 13766 1552 3546 5003 15890 11304 16430 2795 12139 19611 443 6197 17890 12447 15838 9597 15721 15514 10702 1601
11323 866 8837 18031 11057 8528 16563 16134 18962 7533 14802 16931 9696 10246 11013 4695 15993 17852 6563 19537 13507 17830 1107 2044 4525 12812
16629 6669 4525 7972 4951 18776 16896 15592 11886 11152 5307 9040 10672 8527 14137 907 2872 15492 17523 10513 14892 9606 15434 11523 6775 18220
5276 6756 16114 2438 19124 6650 18018 4721 14259 3991 12256 224 1573 12547 18673 11433 1964 19185 16035 8281 8726 13266 7972 11228 11287 15623
6615 134 6203 10401 13933 7201 14800 19516 16314 17899 820 2655 295 9126 12582 15675 3174 2360 6201 7433 300 14842 6745 17684 6993 13550
6392 11679 16135 9161 17509 18397 7681 8895 9944 3229 17057 1446 13941 13749 3599 13067 19708 18802 4998 7787 10076 7298 15691 16517 17828 3531
14042 12980 15652 8951 1899 12312 6546 3018 4222 2516 3139 4336 9885 18496 16496 6235 70 17921 8486 17569 739 7048 19421 16800 9801 11548
16871 13403 8498 16492 7435 10025 9508 1206 1360 15711 15076 9844 16368 8406 6535 17446 10775 14548 3370 3095 16103 8813 18018 15472 15427 4468
5981 6271 5742 3793 19772 17265 15613 13972 6160 6693 10227 229 35 11589 2687 15393 5789 14587 18717 9476 11023 11592 8304 13839 8915 12001
6988 929 9473 14725 18474 633 8279 14380 440 8637 3161 3115 6643 2993 14103 18743 4037 17720 5194 4624 19297 19470 14613 14494 4797 9075
10859 133 17260 1546 8960 11185 6698 8432 9815 18202 2798 8009 11777 3733 14428 1466 19078 6941 14755 14638 13252 19905 14605 6235 18452 1790
12501 13030 11808 14313 14905 15271 15942 6306 1143 7448 13368 3431 7374 3216 11325 5969 17970 9784 755 494 6502 14633 7141 2935 19130 10607
12152 7529 16330 1955 18048 3840 3008 3886 18489 1553 16119 7979 5286 3912 9530 3378 4472 13934 5068 19995 1053 5171 6746 6340 368 12094
5142 2161 1870 9744 18412 3193 13406 11159 13881 14390 2932 10818 10295 12373 10300 2313 19448 18850 12834 6558 1379 11650 15069 17449 15055 16109
4850 12746 8551 6129 19525 13925 14120 5409 18030 5963 4349 2785 14261 2954 18695 19214 15273 18036 8462 12276 4602 15976 15928 6592 15121 19078
926 2838 1198 11665 12895 5298 16961 9917 4 6264 8153 7053 12938 836 6502 15479 18922 9537 4462 9585 14683 15017 18728 1529 18497 7064
18942 19326 5763 9857 18565 16506 457 12911 18941 14576 13015 465 4656 8860 12698 14619 12392 3372 18197 6107 10787 3532 4947 328 7939 1147
18638 7342 18463 2058 14523 5036 17196 7592 11137 16324 6953 12044 10767 7957 6341 15620 15780 551 1423 10628 14323 9535 1838 6810 2317 16071
4301 7515 4152 13990 10315 1899 5247 16941 3622 2411 11524 9235 926 2234 13064 14908 6285 2363 4858 16344 6930 4542 8561 7943 3461 1224
9923 5612 16083 10448 350 4842 19251 6716 14983 1221 19943 19816 10210 11941 4725 11651 3663 3003 3002 7560 7025 16213 6101 1661 13123 15345
12439 5095 9955 10172 7761 14071 12661 18578 17003 11243 12177 3396 12687 6762 12076 1849 11727 7792 14210 12518 6688 4406 1782 17126 19026 10512
1194 7023 12215 8865 9779 15515 4365 10812 17921 12480 2133 13815 17178 7724 8037 15239 2157 7427 5136 11239 16516 17063 10550 7257 5904 8730
18125 10310 13913 5713 15577 5376 14590 2966 13590 6193 4083 1405 4756 6002 18672 6788 9837 2761 8189 1068 10836 8270 12996 15853 17461 17548
5301 12056 17237 11870 12686 13456 10522 1814 1789 17779 2733 5272 10547 14265 3686 10730 7296 12634 72 2703 9579 5815 15099 3352 18045 13451
1786 276 11850 3892 14294 4631 9395 3143 2376 6484 19005 4481 10050 17049 7769 12997 10595 6245 14796 5711 7227 18607 16854 6168 19977 11172
2047 5675 3569 14503 17348 5638 2292 1027 19289 12951 15502 13078 8759 9597 2307 17652 7976 8801 2659 2012 11935 6371 10140 14371 3798 11719
4033 17474 14347 19416 14580 15512 12774 5055 16642 6783 7274 9634 9960 8180 11923 19703 9563 10291 802 3992 7843 13307 1600 15421 17262 6808
19398 1481 17560 19359 1703 18930 15967 9230 19846 13582 18584 11003 9050 6273 6778 15378 15040 18743 1139 18383 14428 4277 13969 10997 2724 6129
17172 15163 8435 13994 3863 7386 3942 2579 17272 19653 19393 16639 2500 7988 13387 4094 17508 1385 3239 456 780 14360 9726 11904 15032 8165
7988 2251 423 4859 3415 14986 7119 15660 17011 16452 17620 18740 9582 14416 3795 14207 2322 1149 14362 2186 16047 13062 10988 2050 6928 17060
17093 5985 4791 13582 8924 2056 1976 18708 1636 3081 12780 797 13735 5429 1167 4611 14330 7573 5656 1149 17963 13632 4246 3752 6244 11017
3360 413 893 18345 8700 11518 19654 18968 11404 13856 17135 14433 236 15604 10392 5840 15668 3285 5745 13193 6939 10732 15873 5291 4733 2134
18852 7502 9073 10414 17416 16874 6094 6323 9279 13062 14330 18888 11167 3618 14174 1808 10049 19671 9198 15500 12664 16215 8656 11448 8049 10266
17014 16211 2117 19057 9739 9389 13320 12858 252 4351 3711 13291 10109 14683 5308 10352 13224 18341 12250 16296 62 1411 11548 17869 5832 12322
18868 9333 8765 12268 5137 19260 17179 16436 9984 15904 10902 5658 14798 11942 7202 14818 14724 16463 424 19443 989 15900 10537 2823 15610 19166
13612 19537 18200 9580 9499 3660 19454 4860 11718 11822 991 16726 2614 5318 11153 3141 11250 11839 3052 19004 3997 7446 1564 12915 2218 16649
13566 1150 11545 15696 1241 8338 499 10949 5286 18589 6563 504 1332 3064 2509 6987 615 5836 12015 15902 19511 3737 11545 16609 5420 13387
11750 1220 13884 2803 11065 19384 16765 275 9051 8734 13343 10326 14595 12849 9555 16676 17305 5312 4875 4512 15857 1775 15028 18207 9481 14647
10786 16223 12420 1524 7258 12304 4572 5046 5740 2329 5138 18270 10247 1588 14996 500 12750 1038 14167 16780 1150 17941 2872 390 19995 4566
5810 7443 9277 5033 16807 14440 12926 18016 2308 17717 16795 9434 13395 18301 8089 3364 16479 19263 6411 3323 11203 18171 9933 12835 11243 11011
2279 10259 6143 2881 3499 10132 11838 12805 3083 12696 19 8700 1913 10629 12693 1148 12899 6890 9540 19909 6769 4100 9706 3048 3147 11817
6309 2308 10107 18602 12695 5569 16546 17651 2884 18937 15426 4318 6682 8416 10780 9438 6868 1445 3848 9592 16143 18380 18843 9536 1362 1909
15142 1665 12588 9821 1139 5830 1989 17854 4774 7629 8149 13434 14643 7969 8264 213 6218 14189 16679 9132 1279 19692 3107 5414 4330 4738
15796 11658 16523 2249 13045 13663 19759 6392 18444 5822 10665 3373 15583 1092 11045 12899 2311 13873 15721 3604 5677 18998 15175 7951 12670 18012
6343 3256 12315 16102 19050 2068 13929 19986 19774 15621 15094 18624 15510 9807 12505 3481 17966 3855 14762 16673 5203 14984 12890 8932 14344 9823
430 3312 4923 17826 2259 7481 14449 18773 11540 13398 11909 18565 2730 279 19762 16452 2867 934 656 4291 18003 983 150 10209 5732 7480
2582 9652 1413 5253 10287 8465 14578 14450 10445 13433 6896 4241 1752 9407 3115 954 5385 19614 6852 17719 19417 8130 16847 1409 19056 11913
18062 13341 10887 12322 6040 17331 9090 7870 148 13498 19483 19697 15243 10138 10328 14602 19499 18928 18911 6527 18286 1047 4040 18197 12555 13755
15599 8943 2836 841 5265 13430 11795 17813 13895 19498 17316 4465 19022 11692 10978 4190 9744 113 4105 17725 9943 276 18504 13474 4900 8855
5796 14500 73 13828 8881 16331 3017 5704 1164 10076 12368 10245 18224 15411 1898 11678 9206 11619 14169 3248 14350 5371 16858 6101 13675 10328
461 19278 5046 3610 11421 8005 14576 1682 2786 4278 17228 3542 4351 19912 17842 19650 16166 735 14353 9160 635 17507 728 15951 11108 5718
15911 6578 14472 18619 12320 1814 19656 3209 3252 15048 16094 3722 18037 9580 16392 18235 2405 7595 17307 13998 17309 14522 19533 12005 9574 14855
14262 6849 7995 10573 9499 19301 19347 2844 9277 19496 15694 18322 16179 16677 15310 5496 11945 11660 14352 12164 8594 1383 12346 19980 2430 3096
3514 9920 10135 4431 7017 15057 8239 4474 1398 16586 15252 19655 5022 13382 17656 14075 2475 18618 5951 7781 1475 10620 5750 9434 744 17028
18204 15389 10622 469 12117 15884 9517 4726 10672 8957 1147 18809 16804 12036 15667 9874 8483 1126 9227 19567 16824 1772 17937 4992 14099 4383
