365
1 21 78 80 13 68 44 0 69 65 20 89 8 26 72 55 3 73 77 31 7 87 77 75 22 60
16151 18627 8206 2376 8303 15068 16462 8782 14076 10202 12033 10971 3161 4768 7878 14902 15232 18644 17178 15153 7109 1331 17154 11217 12535 7667
14870 9113 5622 6814 12952 8433 7987 11023 5366 17953 18454 9936 13975 1428 5671 8792 8008 19090 9244 8934 7957 3473 19410 15716 4825 4739
15532 10633 14275 8708 12775 8655 11720 4139 9905 7719 496 19186 2160 14893 18225 7764 19411 638 5570 3553 4179 6121 2853 11403 16795 13528
18912 12151 408 17402 3233 12750 4197 7359 12211 8842 10913 825 4778 1602 6795 11846 18332 9200 14760 4124 1265 252 2522 1046 6038 17854
16312 12848 7673 17261 5030 9877 1906 17963 14304 11794 12998 13695 14829 7764 15403 13628 15698 4588 19865 15481 538 12396 5119 8524 5623 8473
3926 11548 7208 13906 3283 10817 11824 15523 16779 15811 12724 14051 5854 3898 13762 13224 10124 9965 18329 10872 7320 13527 15493 13513 12068 13456
11341 12043 3191 16107 17148 18350 5860 15996 14848 16086 12507 4555 16170 19430 13659 19522 17452 7820 15407 3348 4660 2803 13936 5271 3634 16164
12461 1133 4851 9793 7183 8377 6073 7357 15408 17226 19775 14043 8790 17565 14204 14776 15133 2800 13060 4590 9077 17903 2071 13838 4480 13441
16115 6786 7539 9717 3160 10700 14731 3282 8770 3602 4506 1702 11360 1080 7035 12933 10493 8694 8073 706 16321 18524 2469 18423 7583 8309
2976 6101 10326 19470 8320 19622 4996 6185 6284 12598 7828 13378 13483 18672 2680 18050 12767 6770 5744 4191 702 8048 11000 14764 3103 1661
11769 8652 10162 14099 11769 1355 8450 8290 9951 9300 8684 11658 1484 10207 2925 12759 4094 9895 6065 18882 3420 7001 7178 10594 6996 9406
12675 9037 9517 6385 7633 10492 5452 13218 17718 4452 13991 9828 16221 5603 13077 888 11614 18951 338 4187 2179 1662 2345 2736 7152 10022
18196 14257 6771 13651 11219 1010 6074 16024 18411 19936 17632 5872 19475 18529 1809 6182 5187 4708 986 5115 4002 10598 8714 13790 12800 439
14533 16511 651 1755 15390 8216 7682 14716 11050 2922 13882 94 16083 11406 8217 6685 1892 6820 4592 5437 17075 11614 19099 9591 13349 6474
9550 10054 17698 10374 15412 1298 4500 12633 4255 15767 8374 17941 12276 6623 11855 15722 5468 16164 327 748 16151 8906 8491 10231 3773 3009
15562 17152 4082 3795 3823 19996 10085 16075 723 3883 1632 3218 12853 15903 4292 14953 10715 8407 14529 15320 18729 12637 10950 3144 5178 2132
16310 18903 19419 13571 2821 4896 6571 13740 11351 8703 1895 17923 14662 4165 11173 8925 13656 6883 14549 13169 18942 6951 15014 3547 3230 1146
15518 6945 11425 19285 758 13926 16123 2090 15688 5983 7732 12745 13315 8316 3616 3838 5665 3338 15749 19819 12356 16160 8409 8817 18211 11263
14103 1118 8898 4592 7918 11932 931 9475 17997 14704 5887 18343 8207 9674 337 6427 6070 11704 12108 17916 8396 13907 4262 1027 5029 2707
7058 15104 15853 1948 8957 16509 1111 17878 19786 13936 4054 19825 5412 1263 17528 10697 7163 6029 654 16421 7975 14157 11636 10951 6868 9922
16408 269 11879 8737 15387 5111 8333 1973 14091 5601 4797 15625 17302 1988 7298 1873 13562 14442 14184 13008 15680 19197 11376 11232 17835 18377
19914 19496 2238 3436 3802 7646 14814 10307 14633 4030 1083 3474 15990 17978 12216 18457 16084 8390 4321 7554 2245 16542 6991 13351 12342 568
166 6690 3556 1867 11276 2486 3149 739 16847 17421 5816 4972 4270 6665 13584 10736 11545 2379 6253 11064 2790 8657 9834 18828 17518 12316
3622 19614 1928 4733 14406 3629 10462 4739 4533 3577 166 17789 7337 10576 7678 17467 13428 2237 1156 14711 7860 15652 19315 3548 6272 5968
5182 545 19668 11252 1500 18785 11788 1406 18895 14307 7572 10397 3114 9778 18198 4031 14915 13259 12324 13904 16157 15136 12826 11631 14595 11159
3361 23 11297 4986 898 17818 5062 3761 4953 5604 1590 5907 13243 19122 10909 9216 10577 4965 3906 1118 6780 4567 10002 17464 4440 2899
16957 19443 17711 11639 14938 1041 5210 16364 7857 9655 3618 3152 15978 12311 17696 9395 6115 9339 18472 3097 13277 3879 6890 15606 6274 2092
3985 3062 6675 16514 16740 5010 19059 8055 18460 8809 7249 19883 1269 6224 16830 6617 2718 1683 835 591 19878 14672 790 14800 15918 16807
13769 5215 4557 16450 15185 6349 15466 8707 5587 11676 8894 4060 9981 18752 6778 16253 15348 12823 3599 5655 13226 8385 17797 11123 14146 3660
12796 18712 9763 17484 2979 4688 16972 13573 16191 1523 1895 12842 12569 16515 3476 4353 2556 1400 1106 8780 5286 1157 9990 18896 11519 10382
15038 16340 19952 9921 18646 16620 5633 6496 920 14536 3154 13330 6756 17042 865 17976 6403 12304 2554 19227 15159 115 7575 6022 15519 12715
9509 18333 11310 2818 14365 5524 3715 5814 5619 18656 7075 5635 18157 4254 3991 19682 4597 2089 11544 3041 10765 13656 2382 17708 14311 1306
10625 9677 15368 8912 9193 9131 15252 2717 12372 1100 17956 17952 427 4464 15954 19684 2584 15617 5693 12341 1362 19516 17065 11015 11305 13941
19594 19383 6926 323 19297 5772 6691 6417 18647 18109 19034 7502 16382 11995 13475 16701 6843 10104 12651 17356 11652 12240 8422 2559 16568 7962
13865 16908 3618 4463 6793 11950 133 5142 17517 7053 4185 15195 1054 7025 16730 19507 4528 5972 17009 4075 16620 17342 17789 14294 19625 18766
19305 7419 11009 10541 17370 15153 5320 12169 19187 7613 16896 13665 10695 14848 15149 10732 3113 3076 18733 4803 5334 17606 4028 6129 3668 18875
17313 16793 4879 5369 13026 3164 2342 18161 881 16962 4539 8712 5555 18053 6826 12003 13802 19051 17726 4145 9633 12009 15463 18845 14389 3946
2906 15193 2071 3342 19466 882 15994 16380 17029 16334 17761 4384 11317 15903 7621 15483 2367 7031 514 7877 6499 3202 19437 11860 1133 13792
14077 1066 15808 8535 19324 824 2633 1300 18873 3551 10322 14776 16307 7202 7893 18888 2483 10897 4285 15747 5883 2987 15955 19934 77 16245
12661 12025 17399 19892 9138 3445 19609 6252 17138 19491 7002 14999 815 8488 12391 5540 14967 11742 15058 2251 8708 19968 13834 18741 2760 18942
13741 13700 17285 13939 16521 8041 8923 16555 18763 15543 16223 16734 74 12752 16917 1505 15337 12896 2966 10034 15706 18116 6274 6705 13678 793
11910 4240 9513 11070 17738 15942 4666 5552 15606 18485 6050 16341 12192 7924 18650 5039 8701 12336 19192 11145 15948 8668 16065 1799 17635 10925
1396 10627 19855 760 3636 5496 5936 15176 10640 10996 15242 9141 40 12960 243 17499 914 2843 3242 1206 14087 408 10903 14793 12840 19304
16990 666 4576 8063 14751 10304 8396 8995 16412 182 18619 18251 1795 4072 3342 12341 621 4331 6884 90 7232 4389 3258 15242 7373 2603
5848 5207 8644 5535 17106 6847 12831 4419 17789 2056 4439 19713 3683 11875 18848 11086 16989 15753 6564 13812 9253 11759 1422 1887 12622 13237
14086 8159 1034 11817 12023 10015 4115 12229 2991 6852 11626 9771 4990 11553 8105 15600 11676 12025 1556 13521 18148 3626 7945 2566 14478 11328
4551 1007 12281 4040 1503 3982 7615 19118 7553 7137 4951 14859 3767 16319 8365 10961 9607 8028 7693 15378 5941 2636 10071 2352 19453 11135
11950 14165 6042 897 5012 4470 3429 9969 7411 13694 11688 12451 17464 19301 351 14122 10771 9835 12074 4266 13327 1042 13835 19249 10209 7502
8804 13079 10068 16653 3190 1174 13906 5880 12314 15294 5986 16746 1716 18539 12551 265 17191 5476 7061 18503 1065 14674 7052 9506 4730 3092
19399 2708 19954 7139 2622 17315 9764 17833 5283 12033 13818 19015 19701 13623 12057 15078 14699 15668 8250 7325 15217 2074 17959 9897 17516 619
10326 16912 16247 13660 1188 7903 5030 9996 3769 10004 16467 916 13829 10364 7150 1037 6394 210 18521 6980 3322 13585 7941 7335 15860 1180
4903 14139 15657 4318 12395 9231 14065 19698 16061 12122 13939 10145 15248 3240 10411 17522 16992 8129 16298 8131 3280 4901 19372 17454 5702 11383
4035 11251 10835 11957 7460 2211 19817 11826 16323 7024 11720 2003 4247 141 5025 17999 2646 14622 9567 6012 18495 11798 8478 11235 16251 10497
9464 15374 12416 18821 3452 10796 6927 16042 18549 9801 15436 2323 11412 9572 15594 10950 19264 19336 13152 1332 10423 4816 12594 6866 3767 1219
4821 10311 13124 12008 1504 4216 13526 1684 13002 19634 1838 9007 3368 18762 1294 15580 15073 1329 12327 8906 1941 16450 15895 15060 8591 1320
5613 7652 16180 18055 2176 11677 13292 743 18639 1674 18088 11795 2265 8005 952 17425 1434 9093 139 17662 5777 12505 3639 8629 3714 8955
7138 19303 3194 9544 19586 6400 12299 16422 15220 19233 10625 13346 362 17806 10035 12796 2979 9658 4282 10595 11584 10677 1058 560 8772 11392
595 8626 12976 7769 12513 2547 14029 19791 8072 7403 7265 12501 15692 7225 8234 12116 12768 9785 13209 18789 18588 1582 6787 370 116 3781
14840 7632 16737 3821 13180 7186 7992 1175 18190 9919 14442 11089 5181 7965 3802 1795 11605 426 7149 3381 11016 5407 10463 2841 16620 5029
3467 11940 9212 5184 4839 18909 4795 4065 6876 11267 4160 6138 3358 19488 2019 16450 4400 12103 8626 16011 600 12991 11311 11031 3767 7114
15192 2680 10602 17095 11519 18623 2873 15294 19087 10823 6625 15751 853 5889 4624 11587 7373 5645 15834 11446 1800 19284 9286 3137 17747 11626
1316 16036 18731 495 1060 10876 16550 19046 10187 684 4724 17580 16725 12832 19614 7372 14194 4117 14126 4215 17535 17912 3293 2889 13802 14084
15311 846 93 15345 15363 2397 10491 8651 18170 16785 306 13567 9351 17076 7240 1397 10020 3511 14912 18675 15784 16297 14446 2813 13319 1873
424 15326 3776 42 10654 8269 8227 13708 18144 17483 9557 18745 13778 13162 19795 14161 2634 6205 4111 9660 2551 9994 19731 6771 7487 7330
314 7933 15038 5414 9352 16488 16271 13872 4055 11843 11483 4763 5225 7456 12780 16409 17551 2671 1620 4179 2594 1498 18525 19475 2946 7908
314 7787 10283 2909 12051 18016 15021 789 8722 4536 19282 6899 3401 9566 18680 12031 854 2492 3749 15510 13531 6907 464 9889 12959 12958
1104 14476 5873 7235 2267 13658 15287 4442 11290 7012 16974 12622 4843 1833 19894 5348 18311 2783 13030 8615 10835 6370 13728 17764 5554 17633
14174 17863 18473 12131 5875 18061 8301 3768 18537 5243 19325 11686 7415 17355 1200 9906 13466 11666 16697 9680 23 11249 14408 8152 2719 17612
10236 176 15143 8799 11387 4005 12234 14567 5787 7926 12263 16467 365 6235 14495 4142 4941 6485 9141 3000 5736 10643 14720 11054 2451 1315
10601 19005 17619 18681 5560 13115 14293 391 19847 7035 17474 12603 15129 11238 11310 18069 9568 5050 5796 12625 4628 1031 12216 2490 7450 12743
13194 18768 4039 4644 12868 12920 12174 19574 17912 13368 18073 10417 6074 16672 11165 17565 16361 11317 18574 8848 6303 8368 9361 11183 2091 3682
9242 15723 18790 19879 14800 15705 2774 15649 15520 19197 9992 7066 9268 17978 10930 6367 12882 4879 10871 8354 15715 17615 14689 1802 17639 647
12508 16140 17486 12837 11805 162 18242 12615 19117 17660 9 15836 12173 7230 4022 1501 5174 11517 8604 4043 19432 9422 12443 4857 14103 5284
13480 6612 5499 3796 15605 3764 9153 12733 3670 19308 1507 19893 3742 11943 4863 5572 14924 8644 5307 6751 14846 10299 833 4268 10488 13928
9587 1265 9778 12300 18745 9599 2425 10147 2562 2511 4803 12422 1959 1073 14008 18333 7272 6447 11921 8375 12659 3996 18948 3827 455 18999
1682 3476 10348 19745 2379 14761 11818 16071 12539 6831 2382 9679 3133 4909 4141 6644 5490 17375 4879 1781 19861 4368 11648 4382 12782 18634
14373 12642 19099 7799 10749 17149 17915 8518 371 10083 11748 18012 18316 13698 12928 2401 4385 1802 5503 4541 5789 7053 10252 13787 765 12182
13094 15126 3574 12079 14153 4982 3509 7339 12282 16259 9573 17149 5525 15722 8970 12825 16948 14116 5032 1104 11389 6022 17050 9611 7903 16758
14961 17038 18445 9862 17625 1726 5638 2092 7157 331 18344 16416 1392 3690 3916 3594 6859 14942 5469 999 12824 10170 19878 4040 14768 2574
525 13702 5816 19588 7410 18189 3408 14419 7810 11972 2722 5998 19682 6081 1960 18781 843 12825 6459 5443 4655 11856 15709 11366 963 7160
11713 6122 17100 16612 5209 18662 6970 12809 18987 12102 8439 11775 17466 2329 19199 13891 12106 10910 18809 13749 17543 2324 19099 553 1558 341
17730 19122 4018 9484 1688 10586 18376 14232 3077 337 16825 4996 4207 7963 18509 14938 12343 7577 17442 9931 1119 12658 12001 15898 3395 7505
9154 2494 4606 14864 19171 7011 5290 6748 13240 7086 8859 1806 254 12763 13476 10914 1219 16523 12089 5206 15889 9507 10854 6301 11775 1712
6410 14292 658 8378 19309 4210 17151 12651 18504 9605 18330 6396 4870 4408 7864 11677 1286 16788 2780 6921 12230 16539 19617 19755 1972 18197
2148 3377 9700 2851 14938 16097 10511 4805 18556 1945 5229 8013 4338 15624 11812 10284 3051 8113 11471 19091 4589 8511 15053 5177 1606 2631
12978 10103 9757 12302 19968 10176 8500 18165 5631 10505 9928 13136 7996 15667 1056 14186 19292 19159 7844 2521 13510 15022 10213 19402 7524 9394
4890 2152 17763 5091 14843 12278 17271 17872 19568 10404 1222 9642 11574 10015 6191 11615 3305 112 10938 12136 17183 2874 5674 12592 10159 10894
157 4217 10321 7299 19189 12775 1607 5339 18161 7150 8195 11593 8985 13195 1500 12196 5633 14249 6499 18106 2767 8342 3293 12426 2736 4839
17541 9059 3107 4857 14943 6869 18110 5287 7695 14591 6569 15638 7140 9020 8848 15687 9378 3838 991 18860 12475 15200 13784 6595 11688 12951
9783 10540 8621 3106 13251 7133 10168 15017 16206 6022 5980 8023 4600 13116 17997 12127 7609 6246 13663 6457 381 16054 3972 213 9722 9194
8825 12978 18398 10530 13908 19758 18968 14743 8168 3925 18861 1372 1936 14353 15690 1195 12225 17392 13714 17183 11143 8992 1643 17587 2224 16149
6096 4192 7049 12235 5195 7891 12375 10459 10337 10189 5037 14509 8520 1738 2396 16147 18787 16441 8060 1300 7501 1086 167 10209 6838 16869
4695 14525 19212 16613 7710 12721 8153 15413 18226 290 11017 1189 331 13914 12661 2158 19979 9556 17581 620 18787 11417 5301 18342 11424 9631
15764 9141 1971 5015 19332 6604 2185 10895 7047 5331 11511 3650 10473 5383 5925 126 3691 7147 12336 16293 9187 1458 10768 6561 11220 12377
9088 8177 9105 10980 604 16639 16811 1726 13205 10015 222 15838 6852 9437 9558 6426 8509 19422 10053 12001 7283 17792 14104 17029 14255 10567
12898 7075 17955 1825 15116 4372 3503 4337 14161 14361 6618 15926 830 8833 3024 7696 10377 16122 18930 19910 2470 17464 5475 12730 11333 539
11670 12907 7707 15093 14847 9504 14318 9959 2244 7971 6750 9741 5866 8101 18431 4243 6379 14006 9848 14887 3556 295 13698 1768 3805 5946
11764 16442 11943 6893 1477 8896 446 5199 554 1240 15109 11429 19615 17437 8581 5915 9843 4462 10381 2384 17538 18052 7163 14544 2568 6678
13822 18441 12094 8569 9116 9490 7505 16235 10602 7727 9406 13362 18154 10505 7493 9715 8882 9958 4275 10633 10035 6088 4239 13283 6426 18087
9083 8595 19389 12494 13983 7094 17193 14682 16593 18189 10286 14457 3253 18497 3847 373 7533 11591 7473 11748 12451 4068 3939 10202 18197 3764
5166 19161 6549 19459 16572 1676 5349 10193 5845 17056 13300 8632 18098 15283 4440 8012 2747 17870 420 17975 14063 411 1570 11622 3127 12226
10876 8917 4500 15202 13642 3703 10022 248 11971 1528 19773 7136 15802 4912 15431 17408 15469 16358 9189 17751 1428 3545 12096 11262 6107 13519
11431 13171 4837 9004 14931 3462 2224 17059 4112 18139 107 1549 3092 18981 6634 18018 17063 3460 7950 12645 18489 2209 13911 10092 5162 368
12680 5189 10511 3172 4020 11763 8332 7070 9396 7141 5124 8007 4990 2647 14746 9492 17875 10795 8882 12849 6808 12999 12334 5901 4896 5860
13717 9115 637 7583 7079 15034 11560 14561 7867 18742 6420 7277 2349 4224 19944 2308 13000 7545 11637 1853 7647 3953 1671 9101 5343 1064
12218 17166 7723 8754 12763 19464 18750 18646 5711 9751 19428 10968 12785 12563 12078 11368 9499 11861 15859 14357 6850 6784 1801 6483 13767 16177
3174 19247 1479 10195 6172 13448 2265 2593 9703 5819 7552 8601 7767 6152 1819 14276 2014 10401 15418 18297 5931 15962 9066 16230 1633 1362
7381 16518 18496 7729 12323 3071 16734 11513 1276 6677 17580 19492 5396 13630 15954 1752 12780 14701 13832 16812 16548 17005 13759 1518 641 5118
6506 1611 8224 2047 10269 19624 7893 1548 13722 2269 13991 16397 7786 2255 15892 16857 7460 6826 952 6683 7364 19500 15962 19398 897 6407
17960 11525 3310 10948 3687 11324 13066 5127 6420 2461 13194 8640 364 9096 17841 2526 6083 1382 8664 1171 18436 44 1268 325 6645 3913
19939 18459 14943 11218 3656 9249 8637 16041 19002 8528 19564 12628 6554 12772 16883 9845 8602 12325 18169 9436 16289 2881 18412 6420 19534 6160
14514 4971 19176 18350 8318 3557 15552 17678 4200 3338 1054 723 11693 10516 5052 16481 7468 4759 18872 5131 6536 12343 3137 10041 11001 2258
3837 6825 15646 9066 6353 1637 19626 17854 9782 8739 18983 280 18743 12233 6576 11403 19572 14496 7910 5502 18593 15138 16972 14916 46 461
15884 7873 1329 2336 17825 333 19158 10281 16846 9618 11720 13090 4345 3556 19204 11378 1651 14584 1565 2956 17550 12064 14828 3916 5624 4654
4911 14404 12676 13447 12539 14099 11001 16628 9108 1655 18575 4207 5671 19813 7770 18810 7561 10735 740 17118 4932 10080 13335 18093 15492 5064
19229 10325 3675 4628 2058 732 18687 5559 10176 634 2625 9611 4529 19891 14198 10847 984 10375 7202 3712 8855 5531 17854 17920 6295 17255
16117 11663 86 8564 16788 17183 16422 9206 8318 10047 7541 5150 12227 12665 5782 12625 10659 7021 9509 12253 8398 19213 3802 5462 19136 7648
1762 17609 19923 10258 18169 2547 19339 15561 5638 10543 14958 13442 6617 4399 19557 13190 2148 15554 7591 18252 12194 10765 1079 6599 13815 15302
10002 10929 2058 9221 8745 15645 19677 6439 14937 5992 5063 650 4021 1427 15133 9031 6730 3335 13087 5211 11356 6922 7245 15150 726 1300
9227 13534 17244 11825 10734 13669 6161 13242 128 1242 8218 17955 4776 7355 12378 5965 9469 17170 2145 496 19177 15243 5787 13660 4822 8474
11669 8822 1819 5331 3170 7764 8757 3504 2053 9320 19774 16983 12186 13722 9710 15437 11142 7046 13341 15091 4216 6503 244 9809 19556 17666
620 4195 14570 18789 5544 9326 12147 14874 6517 10537 8665 2325 19861 2803 623 1352 5274 8508 8427 15994 5578 3967 18649 13697 18085 2149
1589 10204 15350 2883 831 16306 4368 1407 883 18539 5832 2780 8741 1655 4498 59 19470 18703 4690 19258 16467 14353 5745 13123 3116 3296
8013 17691 16497 16129 5297 15202 9560 10720 13264 17830 14782 5261 19944 11375 546 2562 13420 4711 9252 19354 18910 13075 6555 5091 15506 13735
2039 7975 18799 11542 2764 8891 5866 7687 11371 18409 98 146 4723 10003 4150 17786 2254 2510 3313 9767 12726 2855 8072 11355 6956 15419
6622 9269 4165 13235 7272 17324 9422 6224 16173 18713 18365 18319 2108 4864 18027 12358 17450 13885 11797 19236 10785 19973 10542 16125 17874 7080
9100 17425 5140 9561 12615 4559 14413 3752 10909 8982 8218 10169 12324 4133 16442 4603 6579 18187 2652 1503 10991 13553 8639 2816 15379 19022
18348 9588 12780 3887 6485 8572 5299 16167 15097 13956 3063 18591 4874 14869 5964 10731 7791 17677 10416 3521 15202 5819 8272 9272 17636 9292
18890 11271 1549 933 16040 4355 14271 5461 13873 16691 21 16125 19142 11936 6102 13317 4176 2334 12667 7100 8812 12413 16762 4585 3247 4035
10144 10614 18984 5160 3906 848 12408 19862 1852 10135 9202 6322 14112 5170 1477 12881 1575 471 7014 9146 5927 18656 16099 3114 2235 103
6397 5814 18257 2449 2911 15172 3128 17388 16802 2408 7352 10611 13049 18842 5117 3234 12212 16150 1140 7332 4970 12293 2440 16187 4947 18457
9207 18314 974 8720 14499 16392 10208 249 12758 8563 17745 4796 5402 15345 18822 6470 4811 11705 7692 19565 13256 19948 13276 3509 18222 13953
17098 11869 5969 5138 8994 6834 223 8373 3206 5339 18407 17914 17241 2919 13534 13508 65 11319 8906 9262 18910 16146 14729 3229 2133 9751
1531 10934 16731 5852 7951 254 10456 4684 10687 18852 17017 8136 19654 1722 19819 3747 13288 12503 15294 13241 5276 6389 2248 6632 12459 19154
14154 6172 2807 16319 19219 11730 4092 18387 13649 8753 15558 18482 14439 14614 14158 13495 1830 18891 10651 19265 6379 13630 15394 14134 16913 13073
9647 16631 11261 5594 9540 19664 2403 4686 11387 9777 11769 2447 13019 18323 3054 18118 6111 5246 18475 19822 19948 11667 15369 6731 8409 111
14699 4571 4491 2213 15205 9923 3896 3066 13982 7206 14733 2915 17813 8330 4658 8175 5569 9007 10050 1150 5573 5417 3484 7854 10636 6047
2476 19538 2364 13986 3401 12065 13610 5383 9828 3950 13081 1111 7038 10210 8095 6205 2456 8464 9005 17454 879 10792 8564 17280 350 6905
14488 2152 10963 2789 6473 19060 9103 157 11155 14398 15452 1728 2830 13554 9878 5002 3903 3822 13567 3321 18636 18348 8417 2695 6082 19169
2740 10608 16977 429 19973 18603 9315 10699 12326 2457 11000 13109 12771 5906 8826 166 6861 16411 19509 30 5210 6568 6312 2615 9909 17377
5480 18436 19481 6411 2009 2992 6331 18028 8347 10314 17877 3981 6282 19562 12590 15668 9552 16893 12308 18818 9972 17741 8035 5634 9803 8944
19086 10829 17417 19015 10496 9307 16194 2552 7163 15015 16618 1166 6550 12512 5517 16885 16594 11786 15569 14232 2427 18957 9228 2528 3773 8868
1054 9523 1428 103 8259 5478 3255 13458 19152 6319 237 8893 4853 9563 11182 9877 8653 9234 242 12925 1720 19060 18100 7571 16759 15741
7015 3424 4934 8945 18669 9104 17669 2263 14086 2858 13933 18696 11464 16499 10853 10857 2946 8049 14752 5963 15353 8878 15788 12269 3725 9218
12468 17412 18270 3016 9690 12964 15873 5651 17099 2643 18705 9367 9180 4473 952 13518 8466 13638 9198 15381 1815 11714 17170 3323 18185 17553
6570 14035 1443 3880 2097 3029 13867 18135 11327 19447 4244 12359 11550 4980 9419 7726 19925 16147 19628 12713 11669 4869 7499 11987 15094 1726
8020 934 15922 13443 8137 16504 8367 18641 4414 11569 8119 12193 5754 1412 16749 15545 17853 11072 6815 14215 13720 2246 14605 18528 9943 14348
3790 17466 12450 12580 12142 10259 19793 7445 16009 6969 1894 9851 13537 19157 15163 1864 11582 7907 2367 7485 14324 1910 13394 12962 2865 5151
511 13137 12184 6968 9604 2899 14115 16413 14205 6323 1750 13366 15193 19798 604 7874 7833 11234 8669 1540 2018 11322 14888 827 4079 7830
8894 2625 315 18396 12918 4430 10493 17087 18841 5806 5719 14082 3397 2167 15142 12179 7643 10218 12519 13588 2465 10661 4541 4433 5001 9037
2596 5778 7657 13326 16691 17838 7782 11313 19236 4000 10094 11143 5792 17907 17211 17951 2383 13016 13635 1116 10662 7398 4360 14441 16065 3455
7415 742 9640 13806 9531 19039 19056 8350 16355 17886 14238 3549 18078 3920 13762 580 6510 19044 18065 120 15277 5938 692 11084 10183 6489
16313 4195 9520 12037 18670 19976 4311 10592 2306 6250 7706 14422 10037 6076 18369 18800 13494 1224 11499 7996 19899 19794 18560 2382 8765 8905
17105 16663 11561 8515 4059 17699 17576 11772 9657 18992 12887 3403 3588 19491 10670 14125 2111 16218 4194 881 3042 13063 16622 9733 618 16831
9688 8358 13301 2495 6626 1684 18052 9843 18456 17664 9985 11807 1128 2326 8891 10225 8528 8570 13608 13013 3576 3631 3850 19955 19439 17065
5161 4118 18727 3259 2553 17852 531 14308 7369 6971 9858 6934 4551 3956 15616 9713 11038 17254 9214 18140 18590 8709 5051 2621 5238 11516
6005 541 14750 5987 11223 9485 9444 15986 18900 11596 10266 3175 13330 9159 6671 19587 11353 14174 2126 19952 8744 13521 4532 12700 2187 7053
13397 3808 15342 3477 2098 15119 4301 18740 49 5004 17568 15327 7908 14158 16791 1498 6716 16939 18133 3254 14203 5325 4811 5154 13100 8195
15461 14009 3298 1029 5097 697 1580 17697 5535 17048 12961 18574 15192 13621 17469 13681 9461 15839 16789 15573 15473 2530 377 11327 544 18368
11497 4549 16404 16575 12537 10263 11957 5471 4687 9739 3433 1065 18166 3125 15336 1472 13588 8939 15282 3067 4876 11024 18718 18280 11251 1842
6428 15193 1648 5824 11041 3678 10408 2973 17896 11417 17949 19653 16824 12500 13970 12746 11854 6019 5084 11119 629 17069 18858 10511 10804 1282
11869 15444 10846 9493 5735 2007 16811 3299 3149 3424 14930 164 13933 19844 7512 1206 15326 7553 3275 8144 4073 11465 13610 642 5808 14565
12806 16660 18023 17515 17389 5602 15125 3441 9102 10310 4990 15598 7330 14029 18924 6043 18776 13283 18211 13171 17073 16010 15869 17940 15525 4347
10320 17782 1586 1229 5318 5860 18578 13051 10240 2512 19407 4561 918 14668 15773 14627 8438 15943 13868 13073 7403 15115 9415 11262 6712 11503
15636 15064 384 16625 12032 8363 15111 4456 11081 16273 17066 15334 8125 19519 8701 7019 2530 18069 13064 1344 16614 14937 2624 17215 12876 353
11053 19413 17243 18915 13131 14295 1366 13964 12375 11916 13226 19920 15496 16025 5634 19374 2345 19768 4191 18081 9320 6302 5683 1847 6089 6926
659 18146 2284 7959 17977 10104 678 7884 15802 11245 480 17847 15140 7862 16001 3217 3297 673 2981 5439 1451 8587 9274 10935 9240 5721
16226 8624 8093 10143 15195 5632 10920 10539 12309 14287 17711 9820 11752 2302 19049 15214 3730 7383 2881 918 14847 19378 10385 1618 4057 7368
14766 14804 15880 10520 1076 13295 19052 3375 6933 12381 17365 9492 5853 14559 18965 11901 17895 10209 11232 18120 17468 17197 12817 7953 15095 12187
15446 11908 15502 18971 5129 3687 2559 859 4653 14543 18574 18948 103 9478 8656 6268 18007 4454 13698 10602 6825 17626 3956 916 19215 4893
12833 16801 2877 15912 7710 19035 3515 1474 12108 9393 9044 5658 15206 19734 19008 7544 6423 5334 7016 16071 6431 775 6866 9725 19271 2127
19449 3031 18849 290 18444 6267 12329 1723 12120 15990 18572 825 12075 11430 10474 17433 5614 7560 6289 15687 2308 2727 7010 16947 8364 8727
1002 19320 7428 14902 10471 19018 69 5830 16988 9662 10306 5590 4464 12941 2920 16556 9093 12070 17404 766 15109 10639 16149 1169 17339 16136
1763 9202 14422 17311 10235 16187 5940 5295 6869 1536 19013 11021 6060 1867 9375 16497 473 5274 18832 15214 1909 3405 14589 18913 12507 15638
13222 4437 7625 2294 16985 9670 14202 10380 9318 4792 481 647 15822 15605 1363 19672 14369 1422 8728 8751 19847 5789 13595 9539 19317 6710
5024 12201 250 17865 18197 16392 3177 12290 2149 863 1285 14172 15834 16831 6610 12674 1225 16862 12707 19235 18152 16974 3584 5073 1103 5558
17977 4669 2494 13706 15820 3969 13172 3812 6781 1301 3243 5613 4937 14772 11124 5939 13508 19164 11965 11119 19469 6765 755 15643 19827 5285
6106 1970 6495 14601 4770 8803 5921 14755 8968 15398 11736 1876 17571 4878 5817 16028 2366 1858 6558 17754 11347 19267 8884 2413 13103 11512
19034 9214 11503 13155 15752 11322 3306 11320 776 5290 502 7805 17299 19020 16535 17265 16786 16869 2497 16113 17109 3372 13129 10796 4182 2915
3849 6355 14101 9170 11335 5505 8416 13250 14997 6709 6875 19863 11324 3900 5106 11784 16357 11292 4083 5854 1988 19647 19567 19994 4563 4641
4311 19894 1828 18647 17222 16622 10686 13155 19477 7959 16273 18265 14196 14845 3992 16995 3343 19463 4077 13513 17560 16036 6638 1407 19609 16634
17843 1674 10453 10164 9340 9729 5998 3290 19172 13535 18560 19748 4963 6360 4209 12005 16421 1364 12702 19139 7136 9918 13655 18306 19176 8571
18720 9602 9565 18176 2699 16360 10870 17606 4381 13120 12201 9444 1274 4186 4258 2137 1377 16298 19794 2136 3684 12766 19390 3997 7520 16405
13694 2120 12985 9692 30 11870 1185 2023 6237 16002 6227 4734 19427 18693 15294 9287 10331 8305 19 15964 7948 10089 12236 9397 16296 11705
17075 121 9584 19955 16206 15750 16492 17193 17298 11342 10591 6372 17642 17458 7365 16375 6424 18730 6734 3730 13163 8638 11202 14142 2162 2323
8366 1254 6506 7594 15240 6171 16222 16521 18823 163 12028 15340 14587 7679 11721 13622 10251 11951 13167 6583 4233 1582 19692 14037 19984 15791
2481 2606 9879 2184 12528 2631 2153 9563 4520 13860 1200 7079 14353 18012 4253 11510 19626 1675 9902 7458 470 18202 4012 430 9029 18090
14487 15328 3737 11333 11668 1114 13447 1532 5008 3736 14961 18231 19134 15617 9078 4568 9732 10160 19476 7700 8207 1180 4934 8223 8789 2986
16691 9775 17066 19106 13555 19627 2161 5039 10916 54 2616 6914 9560 12290 10685 4005 15911 12113 3400 18499 8483 18682 164 11206 2433 9503
15036 12987 19269 14238 8813 10661 874 3733 2033 11571 3670 6195 15617 5803 1096 8528 455 2460 13810 4690 239 18540 10300 4144 3509 15479
5217 7261 11427 1018 5424 17156 1919 4676 1392 15252 17034 13056 13011 7718 16391 7426 11930 18376 5883 3146 2453 9663 18641 19668 19482 14704
16991 15449 14658 16349 310 12677 19701 3632 851 6532 1200 16524 16330 11827 6902 1218 6906 11767 326 9930 4403 14784 5450 15288 6051 14135
17998 3902 15690 4896 13721 4304 17993 16268 4006 19215 13132 24 235 15261 7802 11131 5426 16365 16511 11232 13385 6295 18996 17885 12853 3722
12093 6312 18506 2726 248 19605 8149 16545 11471 11214 9380 5418 11686 17172 14881 7049 958 9332 5639 19099 9593 14754 11099 345 4731 16673
16678 10888 4336 4665 17425 11647 5406 2842 6359 3250 18878 3686 2058 10385 15868 16948 4634 7787 19967 13759 17916 3872 702 15249 444 10068
8536 1914 17034 12918 11407 10624 16648 15393 9761 19212 10445 16386 12460 11327 8591 18216 9850 6028 6179 17408 13661 19607 4245 14870 15533 17739
8507 4384 656 14717 16854 15295 18863 12122 18204 19057 14918 1641 9390 5954 12108 432 8403 14211 6292 284 18732 11726 13414 8487 16933 5576
15110 17137 8678 14296 18811 13240 3957 14515 7389 1902 3697 18360 9934 1303 11642 18261 15992 17756 5192 17152 14062 277 767 964 5051 3574
10862 18882 2981 11825 11762 6381 19008 18055 11855 9760 10202 3883 6583 13564 10447 7456 18117 1160 3927 16623 13096 3147 9234 6276 2631 17785
14493 2276 12743 936 15489 5925 18442 9642 3063 15049 18157 9382 12584 13187 12021 2037 1622 16042 17056 140 11574 4861 12928 10613 6711 11581
789 12856 12731 10605 8398 6523 13042 14558 12422 14817 16288 15457 5689 15270 13600 17067 2626 10148 14410 4286 18675 6728 14688 6868 642 11484
7965 2223 10297 19196 9939 16937 14663 16342 3028 15526 10669 6763 17161 14458 9383 3603 10768 8998 15062 18573 10125 2795 11054 4651 14381 12769
5227 12824 81 5095 15637 12845 11015 10539 12602 16463 7933 3224 3746 8624 1978 10887 7098 4455 19221 15448 11768 12977 10059 13945 13247 8252
7786 5050 15717 18056 2652 9397 6287 8874 8660 15416 18223 12242 11803 18220 2841 3028 18394 14423 9052 4735 5095 12952 11179 3792 16605 18936
16936 8390 14139 16067 6472 4590 10474 957 8131 7540 11603 2079 16323 14635 5656 16566 1516 2282 14012 10597 4674 7721 6503 5119 1907 10555
17913 636 14586 16067 18184 6625 11249 344 13151 15950 4591 19115 11819 10431 16842 2160 17022 4392 6262 9855 14733 2938 3407 16557 11290 2642
13363 16618 1663 3131 16375 8888 5707 14835 5736 795 3477 9596 6301 12054 17206 19597 7472 6391 14507 430 16946 14277 1587 14942 4425 19567
3998 14490 13929 17508 3154 7403 9895 2265 14384 10901 15097 4097 15106 9516 13124 8829 18015 9013 10210 10297 16576 12248 15783 9449 4876 9059
13711 2556 2674 18137 227 5406 6572 16515 13009 19130 17341 9705 195 19932 2203 4391 16163 9613 8786 190 16348 11845 15450 4972 2311 8278
17171 11404 2662 3358 9461 15445 15152 16431 18136 6527 3606 12011 6980 9687 18116 10092 6283 16932 1808 8682 14047 2996 8614 19279 17741 5995
4995 1784 18270 446 910 18152 10988 5209 15384 9673 10664 10983 11391 5485 2243 9009 3060 1892 13772 16699 1593 15906 10354 16472 2101 12354
2303 12047 18675 5831 6557 3630 11867 522 9330 75 7473 482 15404 16370 5227 9269 8827 3351 1851 5017 10663 4472 761 11928 8594 11100
9253 2110 9114 10809 8859 1214 10431 4423 1166 5979 0 19172 13390 1524 17286 3310 1774 8002 8386 6500 19076 5463 14671 12372 5359 14509
15695 10932 16741 13669 6140 15289 2006 10994 18967 17617 2221 10038 16368 2640 9896 9036 3800 15920 13589 9855 263 15858 16685 17603 17049 4453
14091 3141 16784 18566 16655 10377 15451 4845 19283 2187 18032 13934 12186 3868 2454 4202 12244 10601 19933 18602 4472 19125 4908 15900 18391 16458
2872 2244 4043 8516 2444 11762 16392 7704 15622 14700 19217 7924 10220 17389 16030 2127 13604 17609 16537 3330 13029 11865 16998 9136 18490 16245
9757 13015 12461 1892 4950 14025 655 12207 16074 10459 5299 48 19538 15213 6089 9633 12140 8418 7667 7726 1567 15094 10160 6760 13909 1381
503 4479 18944 13252 16957 10959 8928 2069 17771 6905 2676 487 8536 12835 19210 18490 4076 13360 8091 16225 6420 13688 2664 16846 18983 9633
13755 18176 6841 15766 18475 8730 5779 2082 1855 5725 17129 11159 12026 16908 1959 18754 19451 10638 16580 399 17266 6033 16182 16989 14274 10393
18532 2822 17445 7712 15832 18769 9895 10649 3621 7777 5354 18631 2526 6120 16614 4628 12249 3692 4613 591 11035 4733 18796 11748 17389 5094
18500 15768 17679 10860 18996 18151 15460 13261 11930 19954 1116 5931 6840 9522 18077 9338 11131 17011 5479 11728 14747 8662 5047 5704 13125 7010
6576 19342 7108 2549 4720 5439 17164 8531 8586 5706 18601 2780 8302 5349 13476 16824 9366 9132 15912 19030 15293 15975 4766 1124 11018 17932
6597 9537 18321 2612 12631 2004 16908 18506 12231 7351 18950 2483 19963 4596 9159 15075 1759 4837 8627 18692 5292 19831 12700 17753 8269 11797
8263 6725 16485 18663 5980 5751 954 15424 16498 19281 16039 16356 18965 7190 16587 11217 6868 15003 5662 13810 11890 630 16896 12894 14168 7516
18295 5270 4529 8451 17524 11298 707 2105 17872 2930 2876 3770 10835 6680 9356 14729 7265 16134 18037 4917 4063 12659 10895 12393 7523 16358
12824 14553 15551 16604 11692 10196 2550 2419 11226 3495 2694 104 15043 16780 8519 1455 15321 3933 15987 16665 19960 5310 12636 1886 19602 19305
15488 726 15999 10917 19305 9440 107 8587 7454 15396 11519 8979 12625 9947 15906 14374 7922 3779 10444 17019 10046 68 1560 17514 14030 10297
16995 13847 4198 3988 16428 16295 7745 4996 3194 10321 1964 4410 598 14317 15839 11243 19925 12688 13286 8721 8225 15310 14174 17866 6151 15268
7853 10211 12952 8615 12886 13968 5495 5831 10783 6454 12702 19215 5107 6397 5305 2372 17195 1564 14980 10688 17206 8534 2610 19202 15191 7165
15673 1212 19546 9001 4069 2411 5639 11879 5579 15704 19955 19258 11142 6557 2626 1416 4375 3622 7777 19097 12860 2646 10935 9470 14764 15593
4885 7121 17900 7653 8534 8733 16033 19692 15956 17056 16818 1071 4517 9584 13227 4438 15148 16652 10889 988 13588 3849 18693 1899 2767 4410
16728 16540 13403 18031 4328 8207 18188 16647 18718 8005 13327 15073 9386 6256 15455 4250 11659 12742 18678 4935 8455 4549 9515 17751 495 9892
11609 159 7807 13132 18618 17743 5679 8353 10285 1922 4923 3480 12330 193 12622 17376 6327 17899 18030 6144 6806 1746 17284 16715 14714 15986
13334 1245 375 4318 8803 12464 8249 15748 14422 18273 8157 5883 733 7298 6288 13034 16162 9321 3126 15872 3426 5550 2813 6928 8508 5057
17508 12567 663 278 19736 10466 15242 2873 7196 5578 13734 3169 7480 17229 10367 19751 3779 14199 3213 2609 8687 1591 2829 10210 12958 16124
8013 18576 12666 8706 4340 11609 15941 3162 12198 16211 4124 12261 11149 19691 19144 17787 14848 4560 4467 9964 9359 581 18224 16885 16272 13134
16318 3268 5798 1734 6029 1426 8348 11044 18920 17216 8664 4153 19158 3061 9438 10612 17725 15152 12008 8372 4114 1972 17680 5503 9141 16439
6134 17785 16340 15513 18604 12764 5204 10419 4963 11040 7546 9539 9263 19820 7424 10492 8716 4154 6305 11316 5541 13260 19708 856 16095 8693
18621 18069 14528 19517 5181 15628 18235 10041 16806 15644 5407 16898 2680 15686 19957 18626 9000 17049 2472 19985 12932 1604 2064 18087 83 19969
6987 15841 18271 14180 16237 11063 13784 11140 9333 9122 17510 15965 16142 7894 14630 12653 91 16069 6529 7319 10146 3899 13579 8735 5920 11604
6265 18022 14687 14402 15705 10942 11575 7714 81 7995 3607 5650 6572 19033 10009 5085 2447 11391 2701 3164 17122 11098 10614 15557 16962 10441
7085 6398 11537 12752 6806 16798 7763 14049 2335 12239 15817 7415 13770 8182 11825 2200 9560 7147 871 19939 16809 18994 11407 2106 9666 8027
14457 15146 19750 19579 598 8581 3771 19903 17042 7869 3461 12977 4559 18603 8742 12608 17789 8391 15672 12077 7170 2230 7725 2359 13373 16051
122 11072 2597 14818 8762 12891 18515 17968 18326 4477 616 1467 12589 6757 11965 17057 18677 3148 8001 18213 14691 16403 9043 2197 5849 6886
8694 8933 16196 18923 17860 16148 11876 14462 16094 16608 14250 16444 1399 2094 2748 4793 8465 7267 16921 11800 18182 1805 8417 5828 13948 14732
2719 15779 10496 5163 16088 14692 6740 12970 17866 240 3506 6274 19509 11770 13155 16838 12716 15524 18490 11355 10225 18106 17582 17838 7100 8993
13204 7208 12441 7777 2027 18502 8565 19794 5228 17731 14506 15038 16476 3012 4766 7870 1226 14349 13449 7563 4050 7607 9180 13437 8566 12894
14930 3411 18459 16224 12253 1008 13434 12622 6387 265 16439 5783 3630 412 3684 7347 4415 5748 5492 1837 5733 17423 3347 2816 9642 1748
1207 19320 3228 3793 570 3728 5658 3122 8328 16440 10949 736 1704 9871 5632 3046 4813 18385 3526 19846 3395 16453 5056 15243 17386 14198
12746 1786 13210 6742 7792 18369 12279 1242 10585 7633 12258 10903 284 473 11572 1394 10079 1777 11480 14004 17349 10966 15218 359 16326 6770
3472 10892 11169 6470 4043 1817 11752 18977 15724 12280 19189 18865 19648 12677 10111 8826 7959 15752 12974 10967 3186 11314 10409 1116 7884 5300
19568 6203 12883 12292 8275 7448 12586 10317 2986 1479 17643 1967 15535 585 10671 8886 983 1113 16950 11455 4227 267 17561 7759 7301 17098
3112 3074 10753 4653 17052 4989 19441 6713 12864 14827 5937 17932 1741 3223 5873 1404 17983 17126 14570 14780 14625 16677 19477 18224 1698 2135
2911 14817 15537 9624 8392 522 17998 16277 1116 11690 10175 5279 17189 15481 1126 9893 1264 5742 8276 19967 4766 2048 14694 12876 3934 18984
4578 642 15171 3496 13877 13813 13971 19455 18959 12324 6225 1800 4812 1749 6772 14422 12591 18090 4692 18171 601 5040 14731 19545 809 19654
11850 2331 17279 10714 309 469 19067 14943 11964 12259 14411 12325 14661 18373 1260 5159 15285 6490 6511 288 11597 6875 4794 2752 14723 14957
10362 5805 1918 7791 8890 4473 10382 13349 11104 6590 2204 11990 15638 16340 12468 8495 12985 4934 15062 19853 2723 3591 697 5052 19523 398
7287 9501 17624 15431 18530 8685 13173 9879 12070 6171 14747 14565 462 19805 18662 4393 6216 11433 18638 12289 15434 2877 16915 13077 17873 2230
2409 8326 1003 15970 2273 3985 10612 6194 15848 4186 15186 206 9158 14623 16559 18517 2109 48 18403 6086 16222 18527 1855 19972 19031 17077
12990 14828 3620 7715 9586 157 11233 3787 13337 19571 4205 600 15826 15313 15670 12809 17591 1442 6344 3387 7897 12852 6345 11485 5580 12370
19132 10343 8678 16501 404 1724 12077 9933 9777 7721 17232 1966 12340 9212 15942 17595 3258 17150 5431 18944 12879 5135 13025 3690 8842 3001
6048 13767 3898 18548 14420 12617 11084 8306 16230 14610 12293 4663 14061 10064 16756 2277 10863 19977 1957 6663 15386 8982 15569 431 5046 3081
12280 366 18617 16302 8566 11617 10710 16408 18581 16856 16867 12590 3536 1220 3219 14850 2882 13860 4582 11446 1026 15825 5434 2127 8938 18748
15863 2329 13974 4071 6856 11607 2665 5893 12407 3778 14610 4104 4769 19845 16036 10957 12386 7415 4113 18731 5775 12777 7991 17390 15255 6877
5541 242 2156 13092 8837 6864 8842 14064 8520 7917 14224 12202 18421 10845 17996 13404 1504 16378 2173 8164 14230 8915 11666 5296 3655 18417
6299 8696 16601 10157 1062 17778 4443 4102 6944 16095 15345 2450 1079 8767 14241 18719 2442 1279 5159 820 2562 17912 8793 14340 5589 6651
13232 2297 10707 359 15036 9599 29 179 6716 7028 1912 17296 18889 401 1619 7869 16032 7781 7657 16595 18716 15590 18572 17954 9428 5345
4034 10410 1055 2224 16744 4894 5677 669 4675 19611 7341 11561 309 1549 313 18644 19744 1327 14777 16891 4402 9542 18651 13868 12497 17988
8012 18334 14524 19643 1927 9530 11909 3619 9341 354 10946 14251 10292 9102 14518 5139 19941 8584 7653 5544 17812 19054 19780 16575 9494 17020
13342 19005 15096 4590 5940 8416 16304 12478 7907 10313 6261 7236 8229 4196 13894 6102 18744 10052 1605 17215 841 7366 675 19989 3322 13911
16063 14321 10746 3227 18438 6636 2223 17000 16332 2209 13501 10198 6956 6404 1931 12194 12845 4027 1613 7992 16380 2425 18959 13086 17170 9211
4213 13227 17602 9255 10463 10824 15252 12108 3156 7823 19240 13049 1628 16368 15638 19095 2584 6588 2886 6019 10371 11195 8451 10330 18921 9318
18498 4267 9135 18628 2301 9134 1256 18061 16150 9832 17956 11818 3561 14463 13773 2048 16407 18627 2323 14165 478 14721 7109 5597 11565 1671
11453 3670 13250 13680 1942 18415 15373 14978 18902 1441 19762 5490 1273 7382 5910 14798 7605 6009 1743 8835 6938 18212 1804 4516 11690 16370
6346 13275 17039 3602 17885 7705 14428 14580 14149 4643 12094 17383 7533 14459 4909 4791 10173 10854 2951 6834 5422 13637 14400 8505 15451 18447
4076 4859 11416 13036 7291 13999 19263 12966 13697 4900 11161 18820 16278 14869 15165 15447 17520 2682 7979 14628 9860 12509 7688 9733 2638 12326
13935 8116 37 9804 4871 11299 403 7976 5129 9269 19203 4865 15776 4617 2150 5432 14969 9655 13849 821 8426 776 17623 19887 19469 7936
16619 11054 9493 7496 10956 17484 2991 16926 6841 4907 5404 172 14092 2567 12386 16352 13024 9617 8221 3076 7465 52 13793 17053 17717 18461
11581 10985 8020 7168 32 19691 19187 14940 1830 13354 14743 18425 14279 8834 16151 16716 16290 10458 7506 859 10664 10608 3903 5304 5799 1608
6503 639 15566 15848 1641 2985 6495 10702 16654 5671 16745 17613 10610 3435 13119 15839 3794 14805 10077 6761 13991 5088 10827 16642 3851 12307
12959 11999 5779 9857 8288 16774 2745 12056 10951 3937 11923 15487 14992 217 5483 11998 4739 16318 16215 19736 10837 18917 12389 100 7943 16937
13892 4490 3535 2944 14808 8444 3207 12305 17276 1044 13105 16305 863 531 5838 3225 8638 2513 10658 687 3267 1085 454 12387 2139 8112
12304 9923 10045 5307 3925 5876 17568 9201 2570 14645 7079 934 12165 6442 11399 18284 2129 4944 988 9145 11348 11722 12684 7420 14825 4481
17168 16625 10371 12086 8919 5159 371 7079 6347 14211 15195 8564 1724 500 685 19167 4513 440 11 9009 17489 3943 17465 7723 10905 2637
8608 5199 8187 7270 1968 7923 13458 10937 4718 19120 16657 11708 15456 3504 16178 5870 13787 12500 3281 6591 14140 1556 6212 6003 10181 13092
3241 227 14433 6402 19886 1237 1542 7463 6588 854 6331 16593 12993 4303 12738 12919 10207 732 3810 16665 13459 14131 16590 3953 11101 4226
4442 6057 12444 17969 15429 3591 17849 16702 12774 18379 6811 15644 5844 3582 12420 5001 2436 17005 7307 10361 4017 9473 5256 3075 11044 1785
10086 8350 7680 11558 13104 4755 9456 1637 18 1927 14617 17619 7000 7597 17759 10535 885 9245 2498 6530 10170 1267 4029 2443 16172 15826
7439 13481 8086 16389 8975 13626 9472 14008 3622 9110 11843 7156 4343 86 16451 16879 327 15550 755 14034 2997 6606 19752 11968 17402 64
7978 18748 9557 16225 816 9163 7233 18792 8940 4449 11457 16013 16018 10816 12880 11346 18727 14921 9669 11209 10457 9660 9342 14284 16099 7118
9760 11663 3008 8006 19061 2373 8142 930 18953 5246 19361 10773 539 11198 10774 6748 5212 2650 15439 11098 14505 14793 16769 16824 4040 7609
14680 17466 894 11681 8065 4493 12124 11529 19355 322 18385 14735 8724 16743 17047 17588 16013 5258 8889 5660 10107 304 12782 4902 639 13793
11919 17148 5209 8725 5056 11413 9912 10863 3856 19290 8215 12788 18762 1121 801 5912 5830 17041 9133 428 17712 15165 2785 10851 2958 9268
12459 11293 14837 15913 2922 9776 6580 16090 3819 14567 12126 9908 803 377 5162 11225 9393 3318 9462 4962 11320 14368 6318 2698 12173 12678
17842 2438 2071 1466 14318 1678 10010 3604 1386 15215 5270 1260 16892 1409 1873 14739 9043 6916 6756 8814 16002 14336 13012 9771 6849 16834
74 7901 17176 4847 15629 6441 18939 3885 3603 13234 11443 18916 12138 845 74 7351 14861 4273 16813 18751 754 18013 16951 6321 3341 5088
5419 19255 4758 18905 15945 16247 18649 12421 15339 8292 7351 2460 14110 5348 5509 19021 15817 18167 16075 1187 17719 17149 14043 14474 19619 965
10627 15209 4433 15824 14972 13802 2341 1559 1537 17732 14645 16982 16842 7911 10407 14493 6453 8769 10330 16665 12873 1348 17536 19960 11315 13363
2238 12840 11394 12997 1727 9037 15575 1077 4528 1691 8116 14537 9873 11478 18128 14632 8144 13488 18675 12950 7089 19163 9442 9511 9675 1502
14379 6622 6654 401 9210 10579 12556 3270 15270 11680 16775 4100 18653 6009 5743 3321 11122 6385 12823 91 12999 18497 18011 5771 7316 15458
9972 9642 787 17712 13966 18759 9839 19479 7469 19531 75 8103 13632 9046 1199 19976 8534 1548 19150 17747 13262 5324 5564 6602 10233 4382
13196 8476 17253 18732 11302 15182 171 16259 16238 4379 7390 14070 3046 2052 14473 8263 240 6020 14660 15047 7253 1037 12030 4132 18959 8247
30 5785 18530 17144 2946 10471 880 12862 9852 10397 8442 14525 4793 11343 4653 3529 2445 15566 2754 13476 15314 19790 4805 1026 15092 8224
1102 7007 14292 11443 7113 17071 1207 4609 9387 15829 3690 7300 9608 16672 784 2138 10276 19521 7140 2238 11252 15336 17463 7731 15874 184
1080 4442 11646 3189 11748 11534 16167 14837 6718 15243 3218 16467 856 1960 12627 16256 10094 1436 8331 6658 15696 18703 1790 16712 1478 12
11483 11751 12541 18872 19297 14206 10241 14769 15257 8208 11749 11018 3250 1876 1537 18215 2203 13790 4143 868 14525 16985 9162 9104 7998 7985
19069 8996 12983 10697 2791 14644 16340 2831 18401 585 14360 8080 6174 15772 14524 2910 18920 10186 63 15484 13728 13593 1932 17881 3506 5999
11633 8279 12953 15620 188 8223 524 19067 19484 11648 15970 4264 13123 14408 3624 11696 1522 5672 12974 19002 1149 5524 19872 14167 8666 18108
18138 12959 8982 15690 3775 9327 19572 19815 10727 2139 10644 7268 17230 11734 12475 9821 10676 7295 627 16253 6389 58 4112 2177 10828 19439
15571 13244 5148 1082 6932 14173 4491 2021 19568 19504 4077 15430 18675 17499 7486 3535 5171 19290 9277 16964 1156 5002 19755 3260 4890 185
6444 18832 11152 17173 5103 2819 2324 1886 11575 7219 6414 10468 5623 10928 18277 7970 470 617 4500 9702 3434 3853 17241 2696 15111 11713
19463 14609 10526 11071 4272 9310 7890 2292 9360 15453 16894 8355 14382 16098 17975 15810 7464 11063 8635 6099 154 18092 1951 10031 3136 13548
1065 16341 15964 5616 18157 9268 1359 16530 17894 19734 18968 10407 11823 16885 6505 19077 15233 790 7275 11935 9033 7519 7749 2418 18171 11802
14290 14755 11419 19814 424 3949 9187 15183 17501 6857 12825 13375 13856 11385 6580 10211 19775 16018 11612 5130 14028 17989 18927 1994 489 18988
3619 9947 6734 14317 749 6631 5658 9551 15863 8860 17609 8275 3157 12810 19290 8859 7161 507 15565 16215 3657 2645 875 18237 4274 187
5581 13781 15426 17568 6882 13186 11652 10450 2736 7867 7362 15334 4556 5564 12563 18836 11067 19332 8165 13946 55 15714 18937 8515 19595 7766
526 5375 11372 13947 11585 19949 278 19679 2317 1730 11254 12468 6883 17627 11676 10101 2622 10195 4283 452 14543 4155 15173 6376 16927 364
2338 13152 3424 4746 19065 19628 16453 18591 446 15459 14637 2067 4130 17387 7535 8062 19481 5862 2735 12159 11867 836 2058 10161 8642 16356
6772 2804 9552 17374 18173 3715 3977 13647 9671 9368 6355 18899 17734 3493 18415 2443 3174 15248 14140 18034 15235 3275 8135 19982 2996 3911
12767 4092 11743 17595 1399 13261 13630 15002 10099 8836 2786 15068 19924 19996 11618 2858 19697 15478 16357 19686 16463 10455 842 14954 3159 297
9864 5526 19188 3845 15216 9724 13846 15983 8094 11647 13343 8305 11972 2118 19424 13733 18122 9038 16795 3781 18684 127 19009 2421 4454 15815
2410 2154 18531 7478 16023 1843 19533 16001 2219 1195 2960 2592 17980 19637 5514 103 3998 5198 2535 1409 17878 12624 9700 19806 7060 17894
7693 4758 8137 16367 12920 2654 16821 5948 5343 7079 19644 5088 8469 11347 15780 8682 7938 14233 9267 12029 7366 5142 3596 3060 6564 14151
15921 14949 16616 14934 14856 12472 14929 1301 1936 5095 10052 13430 18179 4700 14002 131 2276 14059 19249 12796 11758 6144 11105 2322 3058 4554
13581 17931 12810 1233 16037 16147 6008 14413 14396 4027 19410 8447 11860 1021 13910 7234 16404 13909 18693 15292 16795 1640 14172 6934 16744 15144
3294 10808 4830 7733 8702 18516 3310 3755 6877 15818 6123 5642 545 18505 13035 14308 12282 6577 1325 4301 3211 16867 2159 3287 7612 9958
10835 2794 8111 7511 7613 7045 11999 8804 10708 17554 12998 4685 9549 12462 11400 19897 1293 15142 15615 19821 4144 4097 9074 13384 18520 17456
12610 7234 4143 18277 13528 15821 7430 13528 18731 13255 10524 6659 4349 11666 16844 19170 3650 5881 12641 18136 3311 2528 1149 8151 7032 10898
15726 18721 6834 3615 17889 15304 15245 18006 9249 14936 14198 17298 2463 13277 19866 1485 9181 11869 8859 19944 17715 17829 10931 3227 11499 2602
15493 12833 5656 8474 6968 3772 9247 15106 19766 6651 10923 19418 15890 17006 507 13226 19783 10088 18106 19651 10564 12557 14814 9065 7637 17725
19793 19377 9555 9518 17816 17586 13447 19430 2400 15433 18993 8825 2983 17719 17575 12913 19877 12227 16365 16506 12585 15542 1345 17972 19250 13097
11939 1424 1301 299 10424 2952 11688 19491 12580 10020 13899 1664 10639 2019 8806 3325 6730 16964 9069 10054 13130 9590 18057 9173 7568 4437
14792 13904 14556 11081 11452 3317 11672 9999 1383 5334 1996 3823 8622 9427 11168 16039 15944 5584 6281 12531 2725 17720 19796 2015 18102 19750
13766 6797 12845 6108 10216 17274 3679 11116 2749 18951 9728 14272 9848 12122 12768 12904 4218 4571 2607 12158 3803 5413 15693 5904 8322 13975
8799 13028 11885 16497 19018 6215 6754 15967 9843 13048 16959 12262 9581 4922 12256 2174 19423 12044 12407 11115 13321 6033 19931 15170 4565 13117
2016 18519 14080 7168 8208 1813 2261 11229 11702 5494 9474 18305 15658 7988 2137 5061 8116 15370 11239 10196 5288 109 17754 13133 13923 10100
688 16427 1242 9708 18907 1369 11054 1862 5672 7058 4412 7784 8929 14286 17665 498 16362 13185 11066 19866 17908 18608 5263 6099 6658 12356
10237 18010 10416 14251 17351 19774 16204 3387 9510 7723 18220 2359 12161 13471 9610 6333 6497 5380 12433 14607 13025 9064 6466 12899 6230 9627
4789 5351 9513 13600 7837 5043 6135 7527 18409 2395 8781 18185 307 14506 11899 8511 16978 7455 7359 10880 2655 12282 19789 10143 12745 2500
891 18761 12277 17641 1041 12315 9066 7371 3161 5088 1589 4943 9108 17328 2633 15709 6920 10487 10636 9881 1185 10773 16359 5037 10587 1292
18448 4305 17221 2848 2862 17120 6448 140 13290 18920 19573 13230 256 9781 19950 17705 13174 4114 18785 9114 19470 8171 17184 16888 3253 17561
5701 13573 2754 9329 3362 19943 7412 7733 9767 19462 9574 13728 3341 10953 7199 11555 2701 19919 257 1817 5643 15758 11999 11411 6471 14282
9151 15776 6029 14662 6115 16140 2355 6601 5619 4232 13382 7831 4107 3119 5101 12446 9274 12116 682 3153 16105 17194 11953 9964 5292 5121
8921 3744 2522 6160 4835 13922 14504 14794 10023 1401 1929 7049 3483 10896 716 15679 8522 15027 7227 14336 16841 17386 10269 14023 17118 16830
6558 13024 9820 2974 12411 9160 11218 1829 904 6412 9836 7421 6544 10551 10732 2223 113 12716 9720 2578 6050 7825 14163 9178 9838 10531
8668 16759 939 19017 7333 880 18664 13059 2077 16607 3602 252 4131 14055 4333 3075 4207 3466 14253 45 10632 3875 19254 8758 7855 19447
17116 380 12333 8683 6109 17667 13999 18016 12033 5703 15483 835 6477 13947 5185 19853 4766 12024 14140 2696 16243 11114 5916 3422 4954 478
2158 6154 6881 1145 1672 13980 13273 11940 7018 14551 11895 3960 17094 19245 1672 19929 7896 9683 1174 8265 9619 12717 8670 16776 5164 992
13538 5922 14784 18732 6650 15748 9185 12688 8905 6728 13167 822 19697 11251 18630 10334 4632 2970 16990 9006 12526 12312 12260 655 18859 8862
15395 19203 15226 114 19137 4763 5445 18651 1097 15823 12910 9863 4817 2444 15106 13583 14123 6511 450 2641 5105 12592 15609 19419 9030 13
5478 11904 7934 13150 17111 7800 5004 15917 13455 18817 15010 19813 8459 13253 17075 12403 19437 7472 14745 1887 6941 15776 12096 16260 10312 12515
16692 6611 6842 16407 3970 6403 9832 18619 274 19840 7138 18598 6334 16974 15251 17334 6845 8379 14987 15920 10585 12729 5004 15127 16046 5134
7222 6187 6104 4912 6115 19625 6271 15581 9890 17745 14063 17334 13036 10255 10622 4611 19670 15544 16443 400 13170 18546 5589 1057 15958 10451
5020 19432 1866 15517 3063 583 15988 16510 1529 13052 6281 18011 15362 18958 10228 16651 1320 14169 13899 15716 8148 3638 18227 10429 2983 18920
5584 12931 13225 10657 19479 1077 7185 18584 17402 3248 566 9715 2052 3923 402 7577 4263 17858 12264 7285 12545 17570 8142 19191 17838 236
7046 2502 5374 18368 9369 8326 12957 4543 13031 11419 15489 576 9244 5011 17164 13406 5246 901 14449 9170 4015 12864 14714 3081 12391 164
10576 4804 978 7310 11777 6155 17650 12100 17065 8256 9183 18722 19701 11157 8615 11973 9117 12019 13867 13899 12803 5824 4753 11927 6281 16739
17606 13200 1692 666 12789 16127 12773 3206 17479 2366 14462 1700 17364 4477 18486 17615 4015 10930 10672 8451 19497 7408 6015 929 18036 1814
7161 10389 5540 13008 5509 3619 6604 18959 18094 9087 10650 10095 11003 6348 117 1554 9826 10746 411 4001 12226 9256 685 4207 3747 7740
7754 798 4948 387 7970 17254 5278 3451 19684 2096 13914 9715 7982 6835 17133 291 11528 10185 5931 13895 13170 1459 16804 94 6222 4940
2586 15444 14412 13335 12133 10099 8122 9952 18063 16654 7388 12781 2507 13339 5591 14076 13453 11087 17926 16752 18215 150 13426 2181 12078 18247
15527 10200 19668 3456 19360 1994 14799 16305 17078 4850 8402 18303 9599 7283 15443 9706 19374 19813 5264 3895 11055 6564 7266 9868 4901 14701
17619 1278 4530 2419 11734 8408 663 1833 9481 661 9157 6265 17075 14994 18615 12950 17706 7491 9691 2255 12956 3023 16304 6721 18559 14205
2369 3323 16336 19409 12420 1303 5060 18866 4000 19845 13385 11734 4281 14506 5110 17586 14533 6592 4905 5758 15352 16352 6487 18092 18112 9762
10001 2666 12788 5709 13351 13096 711 2755 9672 5840 19826 16701 18478 17908 15790 4057 12386 1464 16778 7134 12054 7390 16977 15458 16650 18391
