365
5 44 16 97 46 84 27 52 80 38 61 79 0 21 43 83 69 79 15 11 84 29 75 50 5 71
7389 14485 6465 12549 17577 964 5024 3088 10222 11056 17065 7308 6093 11011 5396 8053 16775 3947 3173 1988 18015 9049 1915 19442 2448 9326
11937 2145 13393 9461 12175 13866 14497 11362 12895 12911 7219 3867 8265 19153 14193 14979 9359 19650 18721 9751 6273 15245 17421 9280 1725 6520
7891 14397 11544 16260 6241 2520 3585 19053 6101 7684 11690 15257 7759 4326 13174 15897 17691 16328 19681 2431 12652 14233 9066 4991 3025 6581
18406 6595 17231 19432 9801 16161 18635 6305 14890 9319 6091 6331 14116 12278 15290 9908 1160 11716 3150 14855 1571 10479 4193 13473 4989 10118
4527 13524 5038 6660 18551 13295 18268 4152 3709 15624 19435 2207 678 8461 12749 913 13618 301 14541 2350 15736 38 11983 9493 19274 19632
2806 11209 18422 6169 6107 19410 1941 8130 12335 11631 12860 6509 19990 17267 16188 6006 4252 10368 7348 18305 1010 3021 11356 4616 1969 1291
19258 18241 1219 10705 17070 2608 3476 13438 19383 11302 9429 3562 1293 14911 7534 2184 8071 168 13503 12592 7336 11365 17643 15485 14806 17857
19414 15310 13667 13054 10479 6503 6513 13709 16345 1357 17562 19494 18986 2628 19636 16209 17171 3660 8239 9577 8138 9807 5447 806 14022 18384
19617 3027 12980 6493 9003 3854 6619 84 5451 209 6589 6928 17544 7583 7213 6809 9506 17273 19667 13119 2146 4433 136 18998 7675 12355
5283 5283 5624 4317 15248 16102 4020 15204 223 1596 14684 11421 12222 970 17969 9308 9363 8999 12118 1188 1651 12150 12134 18486 1723 14617
7535 19716 1027 11278 13297 18286 13319 14542 5311 18401 3167 12790 1248 506 15113 3000 17963 5721 16695 3833 8794 12344 19105 4994 6033 8900
13037 12801 4856 2244 13785 6103 14064 6070 17012 14862 4596 2842 19687 10140 16623 10763 4396 5253 12294 13070 14598 10031 7662 8367 7599 10616
9050 18571 6417 13269 3118 9470 15894 18713 8285 19221 11117 5845 18448 13841 4987 4173 16744 18905 14524 7624 19497 303 3837 3866 17342 3891
14249 17514 16564 8640 19477 7630 14166 7094 18403 15868 607 12322 4782 2834 9301 1838 9685 12326 12961 7215 17926 10626 9021 4126 16817 11513
5458 7049 13235 5538 2417 9816 9037 8800 724 1651 2273 3407 18171 3636 7626 6491 645 10598 7700 8394 7188 7876 5305 8893 19267 19029
4510 1783 4938 10545 11400 19308 1472 16338 2221 14343 14628 7336 12235 9062 11299 9173 14912 6104 11226 11962 10928 13753 997 13761 2347 12514
11367 4308 165 16777 1120 10781 19655 5586 4704 10354 2432 11409 15474 171 15814 16362 6858 8604 819 18539 10332 14770 14838 3409 5231 1831
19581 4057 11312 3152 974 18963 387 16115 11299 13918 1275 1567 5390 16705 13806 15165 6807 11584 9880 3534 4462 5021 9014 14042 17123 2226
13591 3158 9232 1441 18317 10428 5462 4072 13520 9292 586 11554 9996 8614 9365 18766 585 128 7190 5365 4041 18819 13790 19319 16808 2559
17888 15923 16907 6471 7916 7923 13741 11939 18134 18403 10035 15109 13954 18202 13313 9843 19497 17308 11522 18316 18696 10172 17634 18767 13760 17176
1800 7221 10138 15751 16744 8771 4868 15072 18756 9399 8994 2554 3310 19782 5818 17509 12840 19737 297 18974 9212 17670 4346 905 2127 13920
1847 5025 11444 7725 13908 10305 6263 10812 619 19840 3725 18979 18168 5665 18714 3696 14726 12755 4886 2360 9151 4727 2272 19123 7741 1174
8700 6905 6453 19756 6405 3401 13408 7454 15094 10833 14903 18441 3056 6436 16356 19143 15387 4699 16130 4916 8283 8173 14044 12878 6734 18462
3558 8072 18378 17662 6195 5144 3909 16727 16127 9844 17416 8223 12669 19344 11218 6364 15831 18999 16906 640 6498 16093 13114 14956 18739 5646
4556 9549 217 2869 4668 1193 10220 18101 14182 15592 3926 9295 13059 19023 9342 18645 14866 5341 10701 10643 12666 3507 18250 7676 776 4280
15889 17538 17769 4203 14465 859 14227 2106 7402 17547 16612 10546 6753 10165 12767 13860 16850 8017 3600 4332 9690 17667 15854 18950 8401 18430
17380 14657 12132 16571 15281 14244 17978 12802 14491 1064 463 2072 10153 3658 18250 5275 1812 2603 15093 14473 2118 4106 12062 3915 14193 1605
14584 2307 10970 3538 11569 6610 264 14621 17280 12883 8720 15114 15280 19042 15597 5047 880 7586 18296 7898 11920 11807 4223 3344 17842 14400
2168 1366 17171 5283 1349 6023 9288 14915 6679 5893 8013 1986 15503 8190 13780 3914 10692 15407 8597 16905 2956 368 6200 165 13701 18867
1594 10153 153 584 3379 12168 12141 7682 17006 3031 10110 15520 3650 1091 9364 11496 17018 17100 3905 16763 1564 18922 19704 7471 4914 8177
14901 3809 2206 3291 6305 9439 12970 4054 2907 12102 8823 9982 1316 5320 3601 19377 14881 17677 15136 7722 3330 18685 12781 19556 14240 2615
13274 10636 11871 19074 19038 15454 2242 8836 3527 18576 13391 17886 13424 6555 18454 16416 7134 19509 9303 9763 13434 13264 5287 13759 16339 7241
4909 10994 5062 3181 512 5990 11236 5114 1603 3145 8828 8816 19442 12570 17121 12810 18007 16830 13164 629 19831 1800 5297 2459 7765 9224
7519 5501 206 4631 14332 5004 13850 7030 15678 15661 15439 6290 19057 14425 12310 12257 726 17241 3132 6920 6508 9726 7821 16214 19229 906
4571 5105 11282 15373 4015 1888 12716 9968 19470 17640 5957 12223 13371 19732 8419 12343 10274 2756 11810 13830 4408 15938 7399 12029 17384 10424
11622 9000 16208 14300 14041 6487 5847 6537 11415 15483 8121 9572 7303 16981 7849 10796 12685 376 800 18487 7396 4974 9727 4451 16957 10407
17068 914 5799 18968 7792 4214 18134 14193 717 14324 13275 12571 16432 13577 5234 14867 19193 14004 17436 8094 12607 8517 16313 11058 9641 820
7566 8208 6840 12673 17653 19267 11219 19477 5035 3550 11886 4960 17613 6938 4987 1922 5384 13726 3365 9867 18417 17163 825 1519 265 16123
6099 15475 13097 311 11366 1811 2865 18860 5688 17467 12444 15090 19192 4113 5922 7706 7524 12918 12841 16721 9420 10046 12068 4091 12556 13434
1827 10409 13144 16733 10938 56 8806 15528 17689 1264 15906 15020 8447 9709 390 7898 11362 854 18460 13283 13286 4487 17056 5575 2978 16387
10022 18567 10630 7980 11944 5655 11269 2599 2050 19627 8984 5472 4685 18560 15420 16754 11093 16850 4163 1321 19022 12907 8458 15136 6130 16797
3040 6097 18196 9275 13772 1268 8615 19157 5238 12511 218 14552 12057 15302 813 13456 5822 14125 5507 5635 8693 8884 11021 9691 16250 17561
9604 18130 14533 18803 14121 19410 14106 18453 7271 493 6003 9780 393 14756 18784 3316 16857 3229 2828 8155 17741 14582 11173 12710 18731 7053
11119 7474 11231 417 2614 4581 19056 13874 4819 5518 9740 6431 14131 6121 11769 11810 14401 11581 12836 12528 8750 2914 2568 10217 17066 6626
11799 3452 400 5806 4603 10007 8897 13275 2718 18605 19576 2083 5538 5888 10594 17217 2620 11219 8199 614 12445 9837 10643 8623 9516 12027
18714 11956 14561 2919 18533 13288 18685 7840 5552 694 10850 6906 10243 11412 8106 11848 18989 8611 15332 5867 1234 6563 19562 19972 8083 73
13866 18487 10783 9373 10640 3555 11702 17041 3151 9192 17782 75 218 10095 16090 4363 14432 13693 15866 16391 8959 6527 9750 15530 18740 10145
1785 14609 4649 2048 1358 13594 14769 12182 16300 8481 17772 5832 12356 785 15204 1699 5343 1403 12325 17856 11045 19016 8372 17199 10770 18170
10984 3730 3935 17836 7130 4940 15965 1065 4433 17533 17777 7146 17347 12578 14188 9542 12611 12432 11564 16511 5017 19795 7645 830 1659 16011
18493 17979 9459 12650 3048 10120 525 16487 1016 2831 708 9932 15402 3590 3019 3944 15449 12988 14329 18605 12892 4470 5792 15848 19823 1061
10613 14933 17293 8150 17215 12559 10736 3145 933 11394 5801 8788 14214 14382 9796 5049 11397 10154 10219 3579 3605 3592 5170 12243 17351 4389
19403 19674 16457 13673 16373 812 15230 4493 17229 19245 11562 6463 14830 6624 7305 19664 9203 15515 16878 5244 14545 4507 17758 10826 15317 14259
4055 4191 754 7143 2034 18943 5507 17846 4241 3231 937 10348 16401 17459 5119 18210 10769 16311 15832 16987 16275 16944 13336 2260 18189 2683
16500 16356 15133 3256 5229 622 798 10854 3536 16587 6755 19549 3353 367 8273 1421 17584 5916 13195 15133 8400 11876 13563 3686 4859 14569
14717 10032 3407 13167 17888 7146 4318 1345 13352 15099 9422 11489 13655 3519 12786 15016 2499 4078 18666 4416 995 8158 17244 13875 17489 12781
13178 4079 19357 5510 11399 10465 10039 6913 17271 12979 459 2000 19248 12091 4853 3348 4222 1919 18933 19074 14569 12325 2558 4887 4621 7869
12073 18635 7407 15334 598 4466 6027 7310 18237 6252 10384 17430 676 7265 8333 8356 8230 11811 19933 15494 16862 862 6829 10973 4446 14952
13914 11617 9206 15950 706 15759 2957 15801 16304 16307 10157 6475 1466 18049 1530 10913 16461 16530 19460 6699 1065 5162 14978 622 2238 18710
19964 3261 18233 686 1787 8409 14150 18789 10947 14792 4353 12977 673 9935 1223 4337 10723 7901 5491 11146 9730 1898 17821 13300 6919 13584
5448 7152 2776 12382 12174 17643 7038 4928 7840 19482 6741 7387 1281 7255 17354 4470 6179 2548 16586 7244 7702 3166 3279 8548 18366 15010
18077 15624 9662 8216 1110 12339 13043 2890 15381 3062 19001 16093 10149 2113 10436 3518 1915 18755 10685 326 1095 11689 16862 3809 4147 9180
6360 12574 5621 4602 6159 19712 7462 14617 18028 3478 17925 14279 15010 18598 2921 6108 4977 3880 12017 4604 14159 17294 15710 18713 2255 3093
18443 3807 15699 15931 7866 17830 10321 4449 11306 19979 12963 1733 10711 5457 4457 2356 8384 6903 6691 5020 17334 5410 17257 9002 11034 9997
14194 6878 18495 12313 3482 14036 6899 2591 18516 5763 18983 6202 17382 11360 12419 6203 760 2167 5367 8600 15042 3238 1571 6851 8559 12098
4878 949 19656 13340 12651 1402 2326 14787 10904 18335 13162 6806 43 3938 7539 6733 13479 1052 19064 6581 6427 6505 3780 7782 5333 746
11683 5741 9352 15096 16364 8637 2570 2313 4350 2897 15266 10940 15491 8777 13115 19626 1434 1153 13298 16059 13239 3240 12606 11316 6920 4543
16312 12530 3841 6146 12648 10347 1715 5834 11969 14563 4149 8668 2757 10360 7884 2257 12569 9030 15275 7940 18905 12452 4354 4712 4007 19953
19568 15760 12229 14305 5095 5943 15812 1941 1304 1575 10081 11655 2255 8760 12578 12141 8938 5444 15178 17799 1136 11284 17354 18063 16246 19773
8881 4111 619 6776 18403 10899 9518 18248 9022 15175 4618 9084 16795 1767 5513 9746 19850 10853 19865 7455 19366 634 5232 16399 6318 8868
12716 12205 15714 6844 17207 3365 11168 13842 7819 10153 2863 4505 9518 16389 4644 8343 15010 12355 17387 12456 5213 19584 9865 961 15633 11815
10169 6119 17473 5109 16015 7171 3170 13476 13822 14542 10596 1829 5800 2789 7887 9324 11533 440 553 8287 19971 10278 9891 17568 19949 7273
8051 12173 15819 5368 13941 19904 1140 9280 3323 16977 6257 12120 18510 18317 6943 3062 6091 5870 8897 5811 1549 4130 7325 8981 7470 19780
10074 3507 5061 15290 12816 10108 10343 1827 10262 17177 17057 6586 15079 2038 26 15305 13047 8858 7523 16843 14844 7423 10722 1466 9431 12388
597 19484 19164 10491 16766 12152 16683 10885 8172 13397 17984 19591 2852 7752 19410 3956 7234 1268 70 2032 17232 19324 3410 13774 19647 3353
15074 13868 5778 11464 16982 9135 9976 18158 2559 7148 2375 1688 371 9515 17340 16115 19751 7671 2501 3456 3724 19818 5433 9701 641 4950
2023 15817 5857 15851 19010 12368 18436 11527 11766 10768 5630 18538 16313 11538 13891 19139 16778 8620 6178 195 16833 5669 14111 2467 5869 9858
77 7272 5610 14382 12134 18028 17173 16748 466 961 5657 8785 5439 320 19496 1586 3344 3972 5892 13747 14184 8264 11186 17976 19217 8411
7164 12605 15626 14579 9302 18008 18736 19457 9970 18873 14911 10 7067 14967 4372 53 4085 8444 11268 18583 10478 60 18870 8417 5825 12148
1320 18297 13176 11420 17789 16524 14794 4153 12545 16446 11823 4793 7246 12305 15091 2916 12081 17712 15218 8493 358 2366 18277 15901 5352 15408
8303 11693 3502 17688 7125 7419 7846 4100 9309 9674 3471 10910 553 1744 13545 19806 11643 12425 15817 1653 7350 15600 811 15631 670 11960
10206 8503 3192 3430 3418 6299 13083 3452 18071 16790 791 11867 19172 2685 4199 11745 14986 19660 3529 6761 15352 29 17776 2996 5145 13772
11021 7585 7721 15082 19437 16609 12229 6578 5389 9319 14490 6135 13107 12083 2706 11579 6626 17532 4765 6047 4527 9264 12902 4026 10205 4823
13261 7091 15843 127 9747 13410 15551 11764 9874 4711 17982 15548 11639 12584 11715 3579 9509 9106 4208 1456 16158 922 7842 15018 853 10156
12225 3271 7255 7404 2807 12909 16415 5102 11849 1377 8119 4700 12975 12960 11087 249 13013 1045 14274 8551 1060 10179 12285 3940 16458 1408
10908 17399 11835 11722 15853 12820 4527 18397 13723 19521 1188 14031 7573 6826 9092 4500 15117 1068 14789 18236 19940 3366 16549 15364 1202 13187
2430 1616 5407 17925 1256 7483 7895 4701 3056 18249 8967 4180 7741 9336 16773 10961 15260 6780 13030 14024 15004 2492 3220 3325 13133 12717
6214 17362 14751 6377 7906 19875 4697 5178 6688 1087 16352 1648 11156 8531 486 4220 4521 3341 19008 17564 15590 11305 10878 12299 4054 4177
14204 13333 8650 5570 7298 15217 15607 18450 8038 11576 17447 260 18223 10898 183 4566 1180 15763 6618 9806 1218 5565 14935 14130 19779 5934
2733 10426 1961 16971 17221 14295 13228 2858 211 17442 4179 5926 8711 4303 5050 18716 2091 4918 19873 16967 7546 16361 4455 3256 968 10779
2245 16319 13040 1510 10674 6614 5151 16315 6480 12314 6249 17092 15777 10839 11129 17952 7038 2211 19638 8640 15993 1086 7709 15542 2497 4376
13820 3641 3124 6648 12685 3195 1069 18734 2279 11525 5290 13828 1061 12514 11982 6022 15064 6494 2187 11382 16352 16388 16661 5776 3664 12722
8194 17304 12287 11345 15399 16883 12812 4712 14720 18853 17172 4944 15852 6586 1495 14999 4637 15340 917 7688 16001 17847 4929 18684 12925 14931
4159 6213 15636 12030 2229 13249 2232 14035 13446 1274 7857 19518 14908 4533 6092 2751 10867 1716 6876 1699 4944 9701 19583 918 3593 13492
18930 5646 13463 19723 5439 9624 14976 18031 14777 19417 15814 15705 16999 13300 16669 11586 8308 3937 9409 7729 3226 17117 11167 3186 8504 16214
2553 11296 4347 10799 9801 12604 11921 9774 6351 14151 11644 1069 1939 366 7277 11310 10273 993 2563 16935 12298 6239 6509 14533 15552 12248
16672 168 2107 19883 14604 16229 1916 14895 10789 2988 16575 17517 19805 15269 4053 649 2852 11898 279 1111 10265 15573 13426 13866 16120 6093
17453 16313 848 3009 11223 18568 17322 9765 11330 2600 4743 1350 15360 15707 6296 18088 3419 17311 19303 1716 15937 8286 3541 11042 17516 11494
13610 16530 13179 10922 19783 2548 1950 10896 4117 15512 19448 13413 11212 1229 13962 6162 6719 7420 10638 10541 3433 8849 6839 17482 13367 13286
6739 16338 17371 19369 1334 1218 13549 4510 5436 12480 4272 11418 8239 18870 6185 13316 19304 1881 834 9582 11883 8300 17090 5608 6084 17510
15039 260 10022 16067 3053 3884 11608 9990 14145 16628 9065 2424 13221 7051 15187 4839 3229 10191 7426 17310 4508 15242 13303 4876 12235 13371
13054 292 15545 17509 1087 19931 12822 3727 6302 402 3827 14311 13921 1107 9871 8270 12187 6151 6225 18721 300 13022 12791 1948 4371 9299
7249 4074 1467 9 6787 9027 7383 19071 11890 13231 8470 1726 9844 15353 13386 9844 866 5727 10598 10239 16701 17622 14256 7834 14791 3933
14006 7825 19998 253 1795 12572 6658 11738 2051 7999 6488 11237 10789 9700 6217 16629 6465 9751 12191 14927 13152 3446 1087 2856 15167 11485
1344 11511 9763 6203 15026 16788 18494 518 11799 19633 13472 1613 1879 4626 4854 6013 8332 3171 19227 6073 18382 11479 10733 11189 14181 12010
10474 17805 14873 6386 18848 9141 308 5931 13431 5472 8868 12913 5967 12686 14864 10457 5050 15726 8916 1993 5033 14582 11604 15409 8500 12076
243 17737 6789 12566 1327 8692 2518 11942 11845 16074 11920 6073 11127 3412 646 10434 2354 3120 2017 3867 501 17536 12220 8522 7412 3561
9382 16350 17689 19387 3291 15189 14324 11537 6331 16030 8668 14157 7145 11406 1010 13930 16275 18650 13970 12798 6373 1151 19220 10995 5409 15001
4313 11463 17728 10141 2540 9946 1467 17280 13702 13089 8697 7285 8613 9913 19837 17872 16336 15622 9847 17269 17964 545 5509 10721 1018 9010
19000 11404 8508 13444 4186 10217 1077 16153 14315 6426 3990 17911 1319 5541 12341 8798 16462 8545 12124 3675 9890 3036 6650 17991 1730 9254
15789 7772 7779 11429 16814 12604 17657 8468 8422 16825 17671 18516 9484 5161 10775 12121 6875 9457 11781 2460 10732 10360 6802 7055 3663 10966
8556 10164 11732 15092 17682 684 7412 11646 17705 1774 1897 17623 12375 10301 19701 9532 16705 14101 9744 2348 14487 10154 15831 4819 12316 12763
10760 17531 2186 16970 13758 5512 4713 3113 9726 7125 4424 7630 10645 10352 17394 19263 8412 14673 4143 16690 18963 6963 441 19303 19173 13939
15674 5505 19058 8571 14104 16656 2048 14691 13447 18265 14969 6660 1323 2527 4519 770 8153 14244 14797 15126 2921 10109 15238 2574 16621 18241
15193 3982 766 15153 8307 18635 11953 1456 6328 166 4133 11784 10609 14932 17674 9922 4425 14723 4097 18928 6464 7799 18152 730 16348 19730
7800 13690 6562 16973 7301 7323 2839 19858 18122 16123 8965 10901 13797 18938 6159 8807 6783 11540 1242 556 9080 4360 13709 19963 1677 4314
16404 4368 11940 6098 1817 3209 16577 14879 6564 11562 4311 17520 10709 5353 1309 7987 6707 16438 18254 726 1138 5065 11915 7309 10302 3250
206 5728 9859 3073 12186 11908 5754 5009 9072 4514 18175 5921 11882 15481 4563 17236 17143 2248 7459 9558 12484 5710 4782 17459 2198 15594
5168 8999 8640 15272 7807 19222 5546 15157 3317 17381 4127 5028 17656 730 15373 9872 14972 15240 7878 14595 5684 5920 3436 12879 12446 2294
16072 19075 8782 17913 18297 3050 7472 13043 7448 13874 4574 10121 15105 15811 10645 7368 8121 14811 751 3926 13047 16401 15419 11103 17468 6674
9501 10947 10767 580 5834 2897 2605 3502 11670 4162 5354 6546 18305 10358 3805 12680 3698 9826 11373 1042 6794 5696 12841 7106 10138 7473
5337 16834 485 4023 13107 12265 6083 15735 12871 6581 5508 2447 8163 2121 6288 9811 18796 9191 1715 9800 5291 17841 5380 7810 3601 16014
14181 18086 8675 10909 15203 19425 15775 15874 15750 15594 17406 1596 92 2358 9085 6384 1670 4396 15215 228 14498 16711 2441 12376 1590 8211
6189 4862 7021 17825 3306 3762 19168 5648 5172 1275 17851 1257 18429 9815 13775 2932 208 18528 11546 19134 13639 18834 18405 1136 12091 10746
15036 8352 6910 19329 11558 14234 19914 18939 190 12549 2575 15040 8436 5908 1467 5832 16325 10884 18442 8749 19248 5932 11895 6324 123 19057
10743 19472 16139 2823 7326 18535 16482 6120 11907 19377 15207 15372 16214 5475 14883 3809 18936 11451 4160 3045 1211 5954 16331 12199 15973 952
15155 18364 18788 7548 13607 7576 18983 5384 2241 8386 10830 12475 16371 13113 7754 8757 2754 15546 19609 13037 5734 11185 6692 12614 15697 2313
9740 11942 13640 6800 17971 1482 4057 13702 4600 3095 15363 11787 3123 14787 14642 13541 11496 14081 8831 9004 1676 2187 3154 19209 9530 1789
9444 6763 10601 9457 3341 9007 12358 7980 17060 19033 16783 18069 5481 541 17447 2513 13138 15548 10761 11200 12763 6261 7294 5835 12056 19786
14886 5792 13414 10673 17698 9990 14466 19234 2615 6786 13641 12379 5214 6897 12104 17226 4266 15487 6319 16148 15994 3502 17630 4226 18745 16875
10014 12088 11848 10603 14181 11350 817 11747 10107 2602 3280 6735 10332 12880 19929 7476 10855 13759 6386 8169 2595 702 12426 20000 11616 17670
11485 18063 14891 18236 9064 9972 19027 18255 14166 13703 6162 1806 2097 5286 5105 12486 9512 17088 1155 1626 6871 6115 17861 19084 464 2565
12607 1052 1397 11443 16439 2087 4406 5011 6279 9376 16071 17748 19997 10470 9895 3885 3147 7384 12101 19410 12604 7743 57 4544 17974 13793
11194 15236 12102 1034 5914 3741 710 13610 19922 18717 10661 706 13337 4630 3122 1850 6891 9822 11389 209 18183 3390 19915 2596 699 19228
3846 6055 5996 4959 3962 17318 2631 9967 19127 10843 12639 4332 6680 1119 14325 85 14872 179 3832 12340 3873 5642 6716 11467 17192 7819
19012 13207 19175 10790 9895 12618 2062 4898 8849 1943 10228 6865 17996 5829 10087 3058 11788 422 3004 16117 3440 17099 9258 6736 12711 18416
15290 9791 19300 18499 9214 10778 15112 13732 10275 2932 9038 13573 18004 741 1787 11739 8942 18478 18600 592 16431 13543 13892 19438 18370 14262
15461 1966 11988 8899 6496 4119 13147 3068 9496 2942 16610 19042 10955 8678 18597 17972 3388 1187 13024 6384 2156 3164 10 15977 13559 13979
8152 2241 9015 128 7146 2886 10004 9272 2011 11018 13908 4939 9316 7560 9601 1492 5646 3918 5551 11509 7751 3314 8674 9307 13028 18492
5644 14890 8589 6094 10749 8960 10622 3350 4617 2300 18675 7895 4597 19083 14766 6113 14723 10458 1873 14090 12855 1918 18539 12739 9964 1697
15833 17892 1853 14107 8778 12586 19014 8512 3021 16451 10824 17189 5633 1635 16305 3477 13793 16368 17637 4653 2242 18492 6755 16072 1203 16201
13741 9067 10078 3222 19964 14022 7197 3744 7017 11620 1800 8500 17138 4201 10190 14157 11790 7628 3944 1227 12755 12658 8909 6004 15781 9317
14501 7987 4396 2924 13241 10781 16598 6979 10872 6925 1833 17506 10795 16736 10077 10633 17553 19022 15942 12089 14122 13913 17532 19208 13653 18344
3450 4824 7317 14520 9841 2225 13170 6810 16900 9726 5126 7958 707 7126 4411 8800 1247 14638 72 14001 14101 13465 1194 1746 11535 3532
15108 12058 11631 1886 8104 9749 13739 117 19834 19889 11212 16967 17670 6635 18818 6420 14002 5556 686 7064 18525 18699 10620 15561 5653 3669
9455 16406 19355 11555 6986 16542 8369 11819 3557 2994 4795 10810 15781 12857 13269 4829 4312 11814 15990 10598 7937 9107 14645 9196 19733 16918
10914 13970 12751 8468 11629 10618 17784 5490 17109 16511 1330 6284 6262 16091 18666 1029 12314 8968 7492 13317 3034 8582 14723 8091 11698 3867
15095 11239 4646 18816 4386 2866 17291 8644 16431 8459 562 19968 762 15225 9972 9754 7950 19195 15268 15722 6576 16575 9932 1285 16623 18484
1067 18404 15949 12051 5606 3177 18923 18113 10397 9988 3403 14075 4595 3698 10268 15350 17750 11630 8363 15531 19270 16406 12419 11360 550 17996
17411 17209 7791 13219 5964 11834 7103 19847 2235 626 11957 4025 15530 3769 13495 5847 18162 8959 6599 9651 19408 14790 18743 8189 2211 13202
16172 19939 8505 12362 2037 5568 3456 13150 6543 18003 8152 17103 430 9130 1409 9492 10189 1230 12782 4341 10618 11209 14977 16672 5555 469
15392 17647 13247 6829 15228 11661 17754 16472 601 6025 7348 18130 19088 15759 9795 13597 6404 16554 2573 7507 3252 9158 4153 12477 11864 13313
1199 17027 9241 11839 14110 1294 19822 9084 16321 16854 5988 14945 2395 18614 6924 18308 13007 7499 12009 18786 15845 17877 3765 6683 8846 1657
8767 10398 5685 14370 13335 12331 17912 14192 10725 6762 19546 7071 86 18440 12433 8512 13439 5680 2799 14807 8984 15485 14870 10015 797 12137
6213 16187 11856 16791 6829 6285 16395 18387 2980 10498 11827 8343 3610 10397 7999 6950 9707 6187 7189 1958 15660 3670 7333 8997 19893 10071
518 7707 3863 1293 19879 16081 17430 14368 12439 550 3902 15426 2029 9663 4865 16550 6868 4503 9435 6138 8332 14373 14020 4825 1046 7760
9605 18665 1596 18702 13387 7512 9718 8729 16434 11009 129 15759 14750 18958 17224 18634 1304 363 12308 12233 5496 16630 14194 9162 19167 5267
15576 11354 15308 3347 125 9372 1992 18429 5887 998 7649 3268 14231 13321 7698 17566 2332 16732 13898 16397 12139 2376 15969 7669 10690 5981
18609 8723 19742 19244 12661 656 509 7939 4260 9542 16306 2498 7663 16145 8612 3270 15574 15000 14242 16623 6605 19756 10170 15744 1823 10739
9240 13519 17435 19249 4711 3290 12779 15946 16032 10827 12974 8376 10336 14688 14776 18020 6037 976 186 8788 17436 13792 6988 18626 15709 5480
16366 12577 19927 2860 7974 16527 7196 8232 9056 13712 3812 378 15084 2515 6319 14319 17963 8634 14279 17066 1673 18843 5236 321 10325 1635
1432 14495 7737 13422 13621 12818 4206 949 17744 16859 5435 15323 10121 14820 16517 19616 19029 19757 19740 14655 4774 4400 17777 19420 17661 2089
6060 15180 2303 1797 2443 19037 18799 16927 3361 7154 18763 19660 8648 18376 456 14057 3648 3607 19302 1011 12668 5843 14008 1240 9009 19468
10965 19324 5653 9228 2558 10391 9428 3997 15247 8302 3976 16638 6027 3303 10435 5742 4199 11278 16253 14671 15788 19668 13117 18028 15211 15232
6663 9069 6919 11925 5950 9517 13850 10026 15445 7235 12341 17095 375 8100 4607 18661 1190 17299 7853 9517 10444 2118 17714 7838 14652 8778
13074 19938 45 3464 13678 16581 8835 10955 2014 5995 2029 9683 8134 13209 9390 1956 19399 18004 1536 1243 15234 19360 9044 13269 10587 7732
10103 3815 6984 18347 4263 17401 16438 11069 6054 14441 19140 15596 10650 17701 15511 1741 9295 7675 8367 8614 16127 15286 15232 18656 4744 442
18808 6964 15074 12029 17749 2244 18224 919 6172 11806 14853 2360 4093 7728 3805 8064 9501 248 14108 13276 19788 2390 1222 4629 4989 1834
3287 9275 16078 17515 14762 12977 19404 1392 11491 10170 14096 17765 15627 151 4158 12591 2654 14004 18588 959 9344 18278 14084 2945 13949 19932
15455 9709 18248 18344 14085 12760 19616 8537 16079 10813 16211 13251 5168 15242 17825 13586 13316 4789 4444 15561 9857 13992 14798 12229 3655 790
4549 15465 14217 565 1152 12384 1023 6361 1581 17235 15382 11974 4167 6155 14422 14029 16736 11579 19253 2733 13442 18775 762 9031 8012 11727
4106 10301 2948 4551 12340 11769 13238 4675 7809 1537 17545 18945 10080 8077 422 8521 1878 17626 5474 7268 17562 12505 17357 10220 2900 9400
12988 10517 3853 7418 14761 118 12856 2623 2225 8937 5115 1064 15684 9809 17404 68 15231 48 14315 13528 680 5185 8010 12227 6142 181
9044 13640 15385 5332 4702 9970 16049 3010 12338 18786 6310 6945 2686 15802 6722 9717 5940 1273 464 15366 15963 18523 6368 10000 12999 5603
1790 18989 2655 7430 198 14033 7931 14123 1789 4646 18416 9382 338 16017 12092 18589 11883 3960 16826 17024 19412 3435 13670 4471 3751 8403
4793 3719 17471 10551 15586 7028 18941 19484 2572 8295 11306 487 16518 16714 13895 9678 6776 12591 3518 9900 18711 3669 5013 10027 16830 4068
10203 3528 18886 12923 2703 6614 2740 7344 1519 11662 5633 12605 3122 14008 5379 15590 18645 5384 8290 16684 19912 3823 11339 15521 914 1726
3435 19349 3226 15212 17644 2864 9765 328 8996 2160 16515 10218 13837 4827 3937 15380 4715 7061 7278 12334 1448 16154 9106 11609 14920 13893
12756 8926 1851 17596 17646 10074 16616 3664 14451 7120 1072 18293 2612 19542 4139 10587 10524 18827 7205 17815 18199 1371 2115 1823 18682 2310
5125 19900 764 3912 9003 6231 11326 6212 17444 8018 19423 6158 10801 6338 3924 14050 15163 17673 1708 1568 12612 18857 15926 296 1218 9215
15715 19342 5121 15346 14226 10087 13369 11861 2314 14291 8898 7514 9692 2331 12482 11974 93 2238 12438 17108 8365 3329 17074 18284 7549 1734
15063 5051 15624 11175 17507 11741 10525 16666 8395 13717 3011 4087 14912 15291 18046 157 14922 14091 2855 18913 14882 15093 19195 9415 8733 3959
1074 14311 19890 17237 13717 13630 5710 3063 11514 1263 12266 17853 11551 14495 9907 1729 16603 11561 1331 14150 697 10096 847 2670 19672 4645
14702 256 13938 12214 10819 10847 9028 6355 2240 5289 13730 2621 11109 11281 4067 10451 8585 18683 11590 1116 17827 16656 18638 13795 3320 6985
589 6335 9003 17608 13996 19688 15022 17089 11926 14107 18906 11038 4613 13030 549 5336 19129 13832 2806 17610 18103 10136 17489 15150 14608 17534
4124 13507 12787 12410 3818 12903 14066 2170 13493 2581 17768 4148 3580 1218 5467 14668 18405 9177 16498 18104 4556 3866 14561 18133 13795 16283
11903 19199 998 1302 19032 4315 890 6842 17670 3936 289 2071 17634 7216 1244 7029 6115 18213 1145 18840 14987 1074 18618 8978 11289 12342
4849 8432 14910 16048 19181 5616 15794 17935 1996 16294 17207 5201 19393 14844 3587 13083 14303 15422 5802 12358 8857 16932 11547 5756 7233 1801
8391 13138 3448 19907 3514 12319 18791 3677 5165 9014 13106 9412 9632 18631 8555 3558 10987 8029 9170 3881 5026 9274 4723 4922 9964 16495
5823 6821 8473 5209 4873 2386 562 12243 15735 7028 12686 11465 2645 9739 15009 384 8785 15104 15671 1230 2346 10730 4449 5203 12301 13737
13679 19239 16699 8476 3424 12042 3736 13225 18148 2022 9619 13590 17741 13688 2822 6363 16282 5547 9788 18378 10686 10861 8484 11843 16321 8223
15196 13341 12059 11634 13787 14080 17586 18086 16627 8277 16278 14672 16604 11238 12700 4313 6874 11281 11310 662 525 14739 16987 9655 13352 12339
9445 1350 15916 19878 9186 18058 2894 17625 8063 14477 16440 7386 1304 13756 13184 18880 5049 8584 4626 1201 2983 10748 10160 12386 6463 16371
273 12035 2402 19191 1936 7254 7426 19964 5890 17013 14888 18757 10716 19443 15903 18365 18988 19888 3204 176 16800 2971 174 13124 8271 3582
11802 10056 7021 4729 16944 19411 12676 1853 4613 3529 12000 10998 16682 1897 18926 8013 4533 15724 6807 1062 11258 12719 3020 12915 13063 17113
11631 11909 15243 7578 10176 19773 8768 10258 12786 11670 8848 16179 14064 2535 2973 3969 18938 5464 7089 2351 2057 16852 13863 15453 6400 13624
10879 7494 17910 17772 1576 9625 7678 5143 4274 4240 19107 14773 18853 2772 18321 12007 18793 13600 11973 17245 1793 4794 15132 12338 6990 11202
17776 18969 2339 12039 7600 13699 3730 9320 7975 3316 247 8069 4535 12052 498 12256 8662 15979 2078 15742 12383 7368 17419 19916 7557 9240
5270 15344 14413 7262 8384 3563 7071 12868 6049 9089 8358 10530 15438 8273 19392 955 6128 10599 10803 9195 11836 15020 18947 978 8404 19584
17256 9118 4646 14797 19059 506 14697 18666 13953 7985 14414 3373 4026 10578 1841 13938 708 7371 13418 3431 9960 177 7206 15402 3461 6117
1327 9921 290 13682 3943 14738 10666 3391 4475 16148 17628 12714 11947 9499 4969 8835 3613 5471 14461 6122 6686 293 4229 16031 757 13327
9978 9695 5626 19471 7248 5632 18879 3632 10820 11497 2243 13930 14458 15095 5701 8802 3905 162 3507 7368 17069 8330 19060 19793 6309 17078
2605 10461 1117 11258 4210 7156 17013 12723 4317 5089 16409 7102 5537 4440 15009 14343 1639 3821 13714 16305 10248 692 17264 6813 6954 8684
14264 3974 7716 16645 19272 1170 941 8438 7504 10453 38 11244 926 17008 3087 6262 7152 19930 6953 7363 2153 2503 3521 12267 16728 10963
8167 15159 6128 12414 12432 1730 2979 10086 16920 11209 18251 19851 14031 7290 11841 11156 4474 9913 5769 19263 7780 16400 13518 6973 10755 8646
16410 2628 12330 19720 18278 8090 6527 19627 14797 10209 14069 12608 13987 3490 1899 2880 17186 3826 11897 15917 17364 364 4346 3852 11105 15379
2879 8637 12311 10974 11809 18737 6580 16915 10589 19838 6417 8995 11341 14258 14205 14272 6613 7793 7845 4386 10219 4018 2339 14466 5321 7958
19052 1679 3853 13480 17106 10882 6220 15871 19026 16047 19118 14742 13922 2935 4007 7894 15972 6424 9638 9039 18955 4423 518 1304 11017 11864
658 6668 2692 18358 3027 16494 8304 1910 19528 6647 7068 8475 7435 13631 15637 2200 18584 10344 10709 2669 16746 13409 6156 3740 19007 17951
18229 12722 16218 6780 4095 17626 9172 5525 10278 11825 19573 5978 16725 6114 1825 985 5668 10086 13541 12172 3466 588 1400 4176 16302 3176
5812 991 2343 10381 786 11331 6777 12403 261 13846 19628 6629 15646 6142 7938 9163 19654 17640 14539 14680 12589 10552 133 17303 14054 19587
4795 15444 1454 17528 8822 3653 16781 2772 14260 19590 3029 11423 16120 11217 11983 16755 4303 1464 11101 3465 13735 17387 989 3530 19490 3486
16556 14537 5380 11648 7090 7898 13151 6731 14135 4347 9226 5702 15937 7266 13727 9646 19390 12454 15000 14722 2972 12875 905 7809 1597 7105
10889 18730 3089 13190 13180 8995 5387 10807 2404 6516 321 4199 13415 9750 17655 10359 4844 12086 4755 18126 4395 16705 4665 14350 15695 17899
5448 7427 11009 17012 19451 17553 6922 11691 1165 8812 5521 12648 8545 11324 206 13890 11266 6856 13998 5453 12781 4341 15487 6232 15037 14413
13671 7922 10108 13658 7491 19940 9059 13352 18060 9245 2331 14825 10838 10800 9628 814 3439 18888 4709 11037 6176 19160 8517 10014 14787 14195
18712 10285 5274 8967 15704 6327 9979 1246 4779 7253 1433 15750 13601 15279 411 1523 15577 14961 11392 17170 13070 3142 3665 8841 6366 15961
7919 3908 5339 3516 17394 3912 13345 1075 1336 3602 13118 10997 4287 18135 18181 17389 3086 10517 15012 17176 8094 15147 19567 17254 13189 5134
4757 5535 4282 2802 18912 2409 16900 15522 8699 6919 2608 16206 7667 15536 603 13022 1927 11418 17357 11719 6209 3224 7033 7288 4282 3755
7096 6446 12419 9332 10698 3915 1213 732 11358 11126 13633 17350 18483 9515 576 2608 19963 13772 14117 16014 3815 5167 13126 9010 14469 2205
17448 11971 19557 282 2680 17506 14584 8158 4253 2079 10803 15629 818 18978 2903 9078 6162 10295 15757 9708 4870 8687 9557 13997 1199 4101
14744 674 14993 832 10387 10698 8919 4469 145 13803 471 7812 4536 11967 1003 17127 3000 16335 7449 13295 16788 10811 6353 13335 3503 14216
6963 7178 7368 4134 6470 19961 17685 11114 1957 7652 19555 10644 13503 10318 11272 4281 12216 15650 16524 16715 3921 11310 15813 6961 4946 16832
1369 19786 9542 14716 10803 8712 7391 1943 2793 3926 14305 7808 5926 1522 16967 7632 5888 1550 2615 9874 3842 16358 10467 6827 3152 19461
6081 4161 19185 525 16504 4496 12857 18992 7114 2845 2693 18156 15291 1659 10905 3206 4905 18028 16837 14163 17362 6039 10562 16106 2441 7647
15602 15489 15854 11166 14234 8204 13622 17488 3439 6354 19077 17576 13910 13347 19795 4488 19021 16451 12900 9745 15662 12715 15364 14067 18456 16226
11113 4725 18074 10850 4419 8929 9833 13737 6124 15762 8041 3480 16080 104 506 19257 12682 16155 5180 3843 4205 2516 15755 3417 12364 3297
7142 14267 933 9403 10087 3266 16285 12046 14445 6272 17219 2307 18563 10424 15447 13030 15786 474 12834 11449 19756 15825 11362 3414 5866 1071
17588 17652 15702 19975 7608 2740 6650 13716 9208 4677 15690 15527 12757 1967 7180 4975 8627 11101 15093 14472 16215 965 5793 7967 190 18596
6572 929 2788 7273 15883 15268 9130 10562 17070 14735 15646 17539 17952 14841 14199 6121 3247 9553 6358 7288 4990 5007 9607 17368 17797 15651
9027 9105 3399 9769 14622 17491 4882 3652 16644 17530 1791 19838 7023 3133 13312 1577 13654 9163 13080 4951 11109 4134 4168 12192 31 9790
11376 9395 16586 16131 1621 6366 12340 15910 10570 5104 5846 9507 17970 11371 12126 15498 14175 13155 583 12025 17631 17788 16214 12531 1728 10542
2686 13747 1447 14422 2013 14897 14599 13014 16372 9624 4510 17861 3998 9323 9862 1773 18148 15879 5740 4054 2569 15410 19707 19540 19734 16858
8202 5247 7103 965 13232 18018 2698 9066 1567 11481 17621 10683 15268 8864 7260 8364 17706 15111 16996 13797 6923 1435 7308 14131 2435 2187
12794 13332 15279 6536 15737 3781 18023 2697 9158 4471 11070 13310 13646 19228 4188 4111 18341 2845 574 13910 7482 5868 15191 19980 5612 14829
10820 18539 13513 14722 15189 16232 6824 6809 3388 2876 18541 5909 11497 4732 16948 12840 17709 17749 5141 9038 6278 19362 14279 10522 19428 14276
18551 865 432 612 8535 10031 14133 13555 2551 8588 1587 8040 15499 15270 2548 18324 8433 10859 18560 7217 3004 10930 19334 15082 11419 15169
8909 16994 12760 7674 1986 9658 12582 483 7562 4609 6395 13061 14329 16713 11905 17857 7637 17946 18655 14892 5801 14676 4470 8948 13817 10198
9850 11931 933 11129 17947 9453 18680 7051 7124 11131 13230 9799 14174 12154 13998 6755 7143 7496 13673 15827 2537 12430 19966 4409 13793 3280
2632 2881 9079 19352 5229 16544 9108 18155 13287 15226 15049 19298 9075 7466 10773 1792 7441 2756 18594 15196 1056 5472 9381 13172 19258 11485
9774 17086 14241 12956 19381 5511 13749 3140 6090 13904 12200 17714 8495 10472 9817 698 14363 7307 4156 12087 9423 8314 8383 5398 10271 654
2895 7880 324 10919 4242 684 8754 1331 2639 2754 8628 16940 981 12825 15357 202 6927 863 5289 7597 5715 4925 18361 12233 9333 12768
17697 9720 4115 7580 1392 6 3442 14000 565 14763 10931 13108 6838 2242 5215 12043 11376 16688 9911 17377 10359 5077 12758 17790 1217 5667
3355 11525 1826 2433 8162 11095 14371 4897 10526 18996 15631 4461 15239 3942 2936 1507 6597 5196 517 16774 17923 7764 9965 9286 10600 17275
13836 11932 6947 8314 11979 3813 1912 18486 8292 17397 7097 4718 1779 2086 15766 2751 9564 14881 10407 1208 10592 5739 10201 17432 1035 10504
15461 18754 12484 10043 10557 2941 8159 1064 13418 11100 657 6069 3030 2004 14556 11815 4783 2924 10786 2122 3721 14857 4855 10836 9571 15294
10378 19749 15937 5871 10396 16813 7269 14871 15274 9034 10940 15959 6731 17834 1737 190 4855 7913 19255 4753 19690 17457 16000 16141 17627 16891
547 16060 3444 222 5255 19498 16695 4933 8842 14560 19376 11116 12554 5719 3264 10495 12954 17183 19747 17793 16624 2735 9168 5555 12606 9388
735 8697 11815 13541 17122 12820 2061 5592 13649 12234 4672 23 19344 16813 14195 8806 17414 14005 1631 10572 630 3074 13739 4353 18705 7429
3233 12889 13761 17891 14989 8206 7456 9437 7917 16711 3454 8066 17723 9130 12945 338 13498 2185 9342 16110 13487 4748 1483 15596 12671 18916
6851 6101 9626 18416 15615 5713 8576 15295 13587 19947 7256 13584 19345 12860 1001 16993 3731 16829 363 16448 18819 4074 16870 3480 2648 10456
15651 16867 2116 929 14481 19239 1502 17104 17126 3722 16502 19645 1950 17169 11392 19032 8989 7246 5782 6088 9951 19277 5634 6492 4591 10246
18813 1963 13107 5171 17414 2722 4429 3314 13100 15504 5118 4478 2911 15709 4887 10124 2655 17737 3171 9997 10060 1688 15466 14539 8454 4142
8925 4950 9911 18723 16242 19670 4046 17473 634 17041 16219 15165 1164 7919 9316 13936 11762 11988 7039 3278 393 5393 2682 13616 4024 12862
19087 1238 9124 3634 1727 10487 13347 6153 9207 4547 13785 9639 385 16804 8451 3032 19281 15819 8757 18375 1515 10586 17010 3138 2413 17343
18806 18311 7069 5523 17243 17321 6582 19490 13247 7578 6252 3392 4977 2717 17349 19888 15189 11071 5251 6368 12798 15527 11324 1777 18209 8486
10970 10534 6325 4586 5767 7246 17173 4057 18584 561 16744 7001 5695 6145 7673 19336 19144 4041 4407 6706 15460 16293 9888 15404 8062 6681
13128 11858 2831 13397 15220 1376 19659 2554 9211 10097 7234 3275 11498 10126 4611 7563 4890 11323 10040 10377 3177 5148 6169 6357 7786 27
19757 10185 3017 4407 2459 10389 4691 14366 8095 6561 6878 13320 8575 9873 4865 1595 5016 9692 10504 11397 7662 6525 13805 17312 12304 4815
8831 16335 17707 4882 12793 2846 4093 622 7847 5687 497 15445 12600 10771 3786 17617 5942 16433 15553 10085 19380 17484 1142 7576 12610 13834
4236 5876 6731 9726 19539 7873 12896 9867 14474 11468 3941 1556 18397 4901 18442 8913 13748 6821 3041 5034 5192 18398 3314 8380 7406 10461
8546 7735 1578 4378 2259 4775 4197 7380 5956 1396 4019 9901 8096 15490 3134 1053 9270 8694 6924 12237 8212 10594 319 5267 8918 17714
12288 18703 18691 9475 16416 19092 8821 19624 206 18375 13725 7545 14530 14395 15460 12709 10540 3335 8565 8278 13879 12228 475 1476 15046 14693
19122 16022 12998 13926 12491 16713 7813 5293 15852 13287 17112 4119 2464 16310 13331 19345 18524 12610 6701 10421 13944 13225 12127 5432 16007 4826
11228 18244 14109 9712 9324 7834 5483 7825 5947 4922 3623 868 5502 5480 15474 11348 8641 7968 1658 10758 12163 17043 17620 5307 17674 18981
9485 13350 13411 9693 923 7713 5240 8929 12070 19513 4408 9198 14612 8384 7383 1697 4973 8494 11999 5875 2623 18393 12457 12680 1470 11209
7371 2277 14712 19936 6126 3734 10985 19409 7205 7443 4681 14906 14286 15179 13941 6961 2958 16549 1982 8071 2364 12897 16696 9571 19341 18099
8934 1156 7170 10044 15520 11414 9943 5558 16304 310 8407 8117 11875 6538 18650 17461 406 13260 8471 17941 12422 5702 15423 9037 16589 3829
10811 18881 16176 6171 6593 6157 17007 8272 6906 2143 9641 5221 7784 4382 5815 11793 6430 15259 4787 10536 16573 1717 16980 9652 16197 16547
14109 16300 9421 10957 17179 11667 3712 12726 13944 4445 4756 15766 13041 13289 15431 18155 4021 1588 12810 12125 8247 8893 653 14365 19421 16764
629 1633 7938 9979 8776 11472 2095 7059 2885 19544 10250 2008 2771 10228 512 1719 1100 16778 16422 12744 7531 8759 1057 9358 3755 3554
13882 193 13081 17486 10553 9746 5169 13043 8049 12951 10819 15943 5426 17932 17201 14053 12693 5357 18391 4452 13566 797 10885 17205 17344 7286
16635 18627 11718 19301 6124 3304 13424 8632 9412 764 16244 18583 8172 12955 16892 12814 14620 11436 16614 18827 5848 11937 6559 7362 5698 9402
14119 13611 2121 18594 382 17250 1677 1234 17469 5024 1818 6300 186 3633 19572 1963 14523 18235 14745 596 4860 506 1317 11526 18070 1482
14860 18958 7458 13075 11201 221 17078 13465 19944 3839 19303 16337 18776 18551 19384 5249 4590 9844 17772 6284 10877 6824 5395 7382 15105 6176
13069 14085 12963 18419 15641 3020 7051 7833 2532 9735 1859 7405 11970 4377 6349 6181 7403 15074 4226 2392 17432 2583 2017 8104 6474 8916
7671 14741 11583 7298 10225 17854 8134 18738 5681 17640 9351 96 9490 11939 2888 3390 16444 15086 14073 17205 1749 14957 12035 4798 15846 13719
5788 1330 8034 17241 12271 12294 17741 14511 13521 17803 17243 14074 5385 11881 11192 19000 10368 14052 5355 17317 18396 10297 8494 4636 14228 2695
16706 2242 17498 2235 10177 5049 10071 14976 19988 16914 10127 1191 17810 4506 19929 15480 337 17152 12396 11836 6097 10064 11516 14947 11467 4949
19383 18134 5202 12773 14748 4082 18142 15718 18046 17391 19972 15070 7865 4642 5326 16584 653 4472 10303 10014 7802 12553 11755 11004 195 6646
3310 5567 14276 11179 6590 10957 17134 8272 14438 3152 11113 8690 994 14044 19241 788 569 8968 10692 19255 2216 19954 19555 487 7619 30
10135 15872 4362 1663 5095 17258 18010 14781 3122 11660 10511 12138 10053 8341 9648 12984 8929 12838 5513 10484 19304 15945 8136 16537 5563 7059
5951 13370 9648 19755 19939 17219 4204 13309 2186 12694 3754 5320 4670 12103 9248 1199 15454 8157 19337 14506 13960 4677 5346 1864 9761 3173
9108 12637 4660 2769 9181 10617 6647 7079 3286 11741 16336 7877 19004 1008 19560 5716 6177 14961 11613 4801 10758 15484 2297 16034 4571 3142
1733 5110 7872 10487 5566 2975 4124 7660 11676 4991 905 11285 10754 8815 18791 6150 4963 15162 14232 10565 15702 18003 13345 9751 4469 5180
17164 4892 1837 19943 12206 19455 6542 6471 10331 2661 9279 13714 18943 4045 1772 9723 7771 7698 10981 6368 693 8442 8753 14797 17018 5859
12547 12162 18298 17346 7902 9933 8140 7586 2436 14072 5439 5483 4394 15114 848 11139 14374 12288 18638 1756 1391 14088 6284 9140 2395 11204
17505 478 3390 18698 5236 1496 14423 10452 1275 15721 9744 7324 16902 7188 1384 7653 7352 4760 2058 13892 17216 5329 4054 10285 15756 5455
19767 4541 19914 1882 5656 18737 6724 9749 13742 15192 15424 19438 10139 12236 4947 6112 6680 19384 3761 5042 3477 6926 10078 2223 5286 18432
9855 14068 3087 18250 19655 1192 12726 7987 15775 1264 13224 15678 890 18512 14100 18470 9214 694 14372 13050 13693 15390 15378 5987 18281 19865
9739 18016 4512 12507 6279 17184 13044 7042 1938 11283 12561 11922 16201 2874 3555 9281 11556 13637 18882 15449 18226 18310 3782 13671 13539 13818
3855 17832 11271 8276 12829 8928 14222 14718 18771 10537 2629 18891 14093 11017 11508 10598 8584 4721 1000 5424 15415 14941 14048 18748 7833 12000
8250 11312 3294 1814 12808 3717 1111 19752 13378 19509 6122 2718 10883 13666 17358 16880 14672 8311 10169 15377 4793 11330 15500 9036 18805 5869
4605 1228 5160 19389 16878 34 15145 12839 10717 5229 11498 18714 3187 2566 9966 139 112 11686 16724 19839 15713 7279 19180 12356 6886 11324
11820 15583 7191 12891 9552 18777 7306 4848 7382 8809 15128 19289 16913 303 11433 18985 19342 4168 16287 5701 10985 8938 10271 13340 4381 19616
7153 12680 7005 6550 553 17913 9492 7648 3760 172 225 4725 9964 1282 14555 16267 8606 19090 5 18100 11645 6411 7968 11376 4862 1747
7610 19445 12685 3909 7009 17040 19420 123 14535 16327 6454 1308 9136 17695 16358 331 15108 14931 7474 19824 11964 6566 7140 9985 11747 2091
19102 7674 5835 2234 16797 11270 19048 4332 13204 6079 18811 3934 19348 1429 18628 9216 14493 19130 18739 15123 13841 15450 17433 13515 11094 14679
9440 2369 4313 17923 2547 19899 415 16378 18413 203 17289 8691 4435 12458 9483 7571 17819 14493 723 11659 3874 3366 4896 14014 11331 3073
10600 4229 4280 8424 6849 6395 18318 2097 19444 15761 18675 12176 14213 1308 1493 4920 16524 10578 8832 6092 5999 3662 3251 7718 15114 16719
19958 410 1174 18653 7205 18689 7918 11766 268 13731 18186 7680 1045 4725 14696 17201 12798 10901 5476 19862 16376 9575 16033 14453 5981 4797
13212 4699 1346 6208 11260 12908 5512 5960 2425 19447 3540 13248 15826 16442 17614 16622 12795 1183 12496 16657 19685 4174 5921 14701 17380 4687
4927 418 9965 6463 1485 1604 6676 57 5062 2014 12144 19876 4785 8658 2974 8367 4481 1129 13794 17117 2280 12350 5646 13252 8129 19645
18468 12889 18926 18501 3424 2357 4741 5970 5059 2347 35 8166 3671 15405 6772 7958 15804 3147 12630 568 13620 16204 4338 15203 1816 7663
3543 5252 17704 12846 7088 6526 845 2794 8820 11880 9969 19702 1631 4046 5319 1504 17528 12636 17408 11960 1744 17528 6457 14875 15291 1693
4808 7405 2512 19804 1791 9776 5949 13053 322 5869 12239 12156 11774 606 14344 10028 3785 12647 2768 2205 6715 15944 9563 4871 8093 12807
11161 6584 10226 14204 10824 12160 18591 16051 10591 7316 5423 9851 8705 932 4344 15529 16415 14224 18140 19926 16537 9614 1860 6919 5458 7553
10542 14721 10997 10031 1908 13384 15807 11526 3359 724 15230 18791 106 15590 2165 14331 1278 13379 9579 13872 18444 19099 17945 13198 5123 17730
12205 16010 16695 5731 4234 5972 9435 13877 19802 6796 8713 9246 16977 19285 398 19474 15729 12319 9085 14864 7553 3467 4230 2687 17934 2216
18596 19158 4506 9155 12075 10527 11172 9072 72 14166 13728 17573 11128 652 6401 386 3007 3987 13706 6354 6994 18346 13491 1798 2042 11351
10500 16926 4150 18632 11384 6845 12924 3586 4323 3968 7918 13929 13153 917 3123 4063 12167 14063 5216 6299 13062 4997 10327 11202 13952 17759
17237 7049 14490 12959 5348 15326 2720 17478 439 5563 4963 12139 2200 18070 16262 19292 11711 7336 17330 8438 9175 8103 14924 14722 6911 12359
12396 1793 5471 16471 3939 15840 12352 8322 11631 11296 15367 16053 15304 8696 11715 11907 6561 5196 14203 16836 1362 69 19477 11706 5286 11349
3342 2826 7575 19566 2837 19595 14881 412 17300 8478 12333 18316 4743 13339 5901 9486 19079 6968 18179 10789 16824 10586 13393 3681 3182 19841
13574 13391 14300 7377 1277 5462 6065 3257 16733 10075 13578 336 9378 10229 18366 13814 10339 18757 12701 4988 1020 11113 18176 12786 15393 9098
19087 19478 16893 1233 16213 9132 4881 7044 7456 9144 5553 2293 3398 12220 9739 10664 19844 18213 19525 8998 2784 10006 4348 17951 9734 7199
46 19253 12711 16777 10136 10143 5280 19183 9759 2099 7023 13211 7873 19216 1319 3760 12475 16099 6526 19671 9257 17939 2337 279 17619 15813
14017 8608 11479 2884 17673 6634 17104 13082 9283 11187 15157 5493 13425 18036 10865 4316 4206 3111 13922 4656 16449 6529 7445 9957 14382 5528
19481 1372 14020 7158 11950 2385 16763 15134 13746 17877 9389 14467 11933 10207 7795 10370 9802 1777 178 4427 10916 8551 2921 5872 13710 1446
4048 516 3591 2508 16671 5100 14520 10270 2121 3413 4520 7063 10452 9869 11822 1661 19406 3669 4847 8235 11433 10583 9126 2302 19952 16357
7634 10117 717 13340 6798 18925 11713 17210 17249 10477 17056 10198 7827 2168 16514 11673 17681 12923 5757 13693 8131 5336 17752 6985 13851 19927
17525 6458 5942 2859 4973 12046 14558 17669 695 15818 499 2534 7602 17157 8722 8568 9666 14941 14455 5123 11569 13158 17965 9124 10208 12296
9029 19214 14747 5288 19792 5400 14050 19376 825 3860 14441 17310 4604 13138 923 18535 2125 4161 6340 8374 11824 2642 7286 16980 19198 9574
18948 13992 7714 15102 13102 19441 10903 6869 7748 335 7666 18332 5473 4396 1008 12900 5966 8902 6993 9998 13498 12300 9770 6839 3850 10156
7791 18466 19570 11204 7277 7695 19160 8732 8325 14017 18721 15789 3044 10942 9897 7529 11586 15848 14262 3870 6682 14837 8484 6952 14424 11826
8176 5631 16718 18178 19741 5624 1385 9903 14251 6423 6251 12588 8671 1181 17765 9593 17245 5760 16227 577 17954 3650 945 16899 5904 6983
9361 10892 18833 14978 12780 12139 13977 16093 1233 3308 13038 2076 12495 1707 15818 15647 3935 17771 6887 17780 9063 2646 4983 8511 4796 16037
10257 18747 5207 17085 5785 50 1206 18245 18421 9324 4608 14832 69 13669 1544 13259 562 15972 8842 19699 19052 6627 18846 17548 12292 686
11460 9014 9015 13340 14664 9468 12557 18934 17945 11391 3436 11842 1410 1240 15165 16704 7365 16351 13515 5498 5431 18497 817 17260 1629 17325
5378 1227 19395 17775 10263 14835 10488 3430 16626 15372 7368 10774 3457 19771 9237 3471 16249 11505 4142 1016 5155 646 18522 1667 15846 19644
1699 1247 15200 10799 4318 17222 15785 16964 525 12397 8519 18084 12222 5974 10392 15959 5366 3564 9801 8306 14091 17902 13658 516 14903 4945
6781 14620 3714 14019 17766 16924 16839 6593 9448 5780 16277 5496 72 18821 3847 8100 4222 14056 6357 4029 1602 14171 4570 10219 16207 11500
17068 5130 17962 5419 12223 19157 19276 19504 4251 9456 10170 7511 19509 11755 19007 13629 14808 12020 12441 6223 532 12191 2580 12713 6583 17196
19259 3162 19652 16375 10365 14811 5054 11402 17830 16429 1417 534 11244 16079 19702 5285 1974 7182 4334 11969 12472 15801 3657 6889 14679 9706
19975 2331 7171 1762 10286 697 10280 14299 9153 12063 17715 13783 8247 15616 15811 15200 17946 12433 13818 9504 2803 3944 7687 4384 12928 347
7240 10885 6800 5892 19421 18074 13519 5555 14616 4697 19854 1661 10148 6591 17813 13714 18283 3127 6146 19334 2235 19187 3954 18914 3938 12673
11389 5035 14321 788 10794 14374 12374 9592 5607 7698 14288 8575 12817 14572 10394 6996 5220 2932 10314 7573 18333 15942 11328 1999 7904 11603
16297 6798 9086 14147 10299 2840 3078 17348 7246 11594 6942 6440 2041 9596 8288 4611 14916 11697 2503 6605 19237 12850 1185 18759 1809 13553
13533 13211 484 5847 13304 8963 9535 19021 7400 7470 6825 10523 14161 1604 1180 550 16608 7691 16332 2848 2040 14797 1210 13615 15410 5581
8856 14742 442 11191 19143 10931 8182 15373 16114 2084 1938 16618 4546 3993 14680 15050 11919 9475 967 2348 16910 17633 15479 5390 6395 17543
15093 8018 1418 9755 2517 4857 8489 14357 6210 2141 14345 3786 6612 7170 13586 13674 2911 8202 2942 15744 5949 17661 6408 10886 19955 16245
13625 13102 8927 10024 13359 7000 17978 19809 11702 4626 2732 17260 13675 14245 18806 2689 10106 8900 9244 16487 2067 9124 19731 10021 9165 13009
17884 15707 15345 7053 13012 14477 18612 13697 17217 13951 12318 2359 10946 13754 3216 8009 12371 13345 18208 1653 1620 1451 3246 14127 11055 4521
15407 14599 13639 16039 2847 10588 4254 13510 14046 3351 5477 8085 13447 2682 13956 5051 9548 4265 11914 19895 3299 12262 5693 11275 11408 8735
276 8478 2875 12912 3056 2289 19262 1138 5727 2357 4365 7958 7283 11653 4850 1143 6716 438 8779 7619 15871 18639 14243 10428 3493 240
15257 6906 13325 18953 7077 12715 13113 14122 18294 8141 4227 12704 8819 14537 2384 11500 8123 5356 387 15209 14168 13300 12542 4140 18390 2170
14229 4138 18528 18326 1252 19622 12941 8441 954 16495 15563 14947 15042 17475 14615 13598 7952 1636 11294 3249 8391 1554 18445 10134 2339 11645
9080 7190 10235 11650 17856 15040 8586 4584 3353 6434 3989 4234 20000 9120 2492 15566 703 17672 11142 13891 17768 8146 19641 12432 6652 16532
9204 16646 10515 4737 14383 8053 2647 12042 3020 15835 2593 7530 11302 5141 9110 12717 10489 52 17956 3462 13275 8176 12111 9964 17796 3442
14643 15137 13128 5160 19801 15717 4983 15114 9447 18628 5940 5428 2377 7020 8736 967 18344 5217 1136 14468 1926 16963 14325 17905 7655 7008
17330 10066 15113 4652 19516 1578 222 11580 4790 15250 8067 18144 3709 8355 10506 15241 2941 18083 230 4726 8565 14398 1980 496 10633 4976
4484 3587 9887 4851 10355 6803 6795 19464 1682 5211 406 9999 2915 12230 12477 1207 11536 14249 1624 18074 259 9769 3101 11480 13776 13971
1755 4516 2230 19090 17364 3951 2894 15679 11021 8874 16065 1494 12955 12229 10987 18856 557 7815 4733 17656 9427 9634 8137 4128 6962 14577
19108 3364 1281 12281 193 7659 2976 4312 5023 14318 4054 3434 19015 17107 9729 5020 19488 5481 2156 3705 19028 14917 9810 9306 14560 15401
15089 9050 18861 6958 4360 8897 4794 18960 5196 13588 9712 1462 5039 1829 6686 14860 649 14048 10337 1509 15051 13950 2231 8573 11617 13826
5274 479 9481 7239 12336 9508 2717 4009 1244 8387 8686 3279 10289 6097 14537 7867 3026 18692 4495 5653 11329 14285 1340 15812 14251 18516
14282 3751 6227 19290 14203 19261 2517 12787 7001 2213 15880 9751 16885 14845 6814 2964 16432 19560 789 12689 7668 19429 19990 11034 13138 5363
7819 17251 16894 13290 12607 8676 2332 11617 5536 3209 1676 13 8744 3488 8494 5490 8195 9697 16644 13820 15431 15158 16810 7941 18028 14583
8247 14974 14357 7669 143 640 3996 1032 9585 15122 13451 12340 12551 6961 17801 865 19907 17796 743 13947 12301 6152 2720 1478 9263 9862
17102 16528 4867 13061 18577 8652 9020 17544 10507 2279 14470 11692 5039 16424 16008 17395 12744 4497 9043 6491 4020 14282 8490 15995 14984 12878
11804 5509 4746 16240 12792 4937 4372 5586 4701 9166 16346 7823 12898 19569 1157 12082 14052 16049 19995 19464 2854 18798 13533 3778 1419 6293
12120 6628 83 14279 17906 2512 19175 11023 16390 1428 3792 1146 17856 916 16055 15914 18100 8917 2957 14540 8565 16118 3425 4875 11741 6063
11481 8862 1261 292 16430 18300 18657 5833 9291 17973 6084 16266 16610 14575 18127 9420 11562 14860 19705 5743 1757 11048 5013 16319 6311 11471
19534 19745 15970 16453 16178 17495 18325 4695 12553 379 2485 17252 17726 14850 237 17312 4423 18350 16761 3896 15041 15252 16669 16983 6802 17962
4583 6191 16091 19316 16809 15376 2892 9442 14200 5066 8306 16158 14044 765 3264 15816 11752 4390 11815 16363 7171 12792 15409 12720 16506 6937
14653 8391 12787 3123 3501 5378 17519 5595 9851 19370 16226 8902 5739 12247 3886 8274 2060 19413 7647 11489 16331 18741 12349 1446 12242 5616
