365
55 77 4 39 31 39 83 37 42 61 60 47 54 42 16 3 31 11 75 43 51 90 48 21 85 84
12300 18102 13637 14522 10258 4272 15689 9348 2905 16618 10812 4310 417 6170 15776 16017 11889 16486 7315 12465 2066 14297 13677 17838 5511 9912
7685 16469 14337 5355 13640 6177 8408 17144 9610 16303 10974 1449 7455 14707 7746 1277 713 414 7734 18870 16679 18051 11439 11222 8180 7624
1224 11121 15554 6177 17434 12636 10726 13524 281 16888 5548 6495 4441 12760 3521 13134 1231 434 17641 16926 9183 16514 13836 1432 2815 5111
11207 10047 13833 11452 16047 2162 11531 6796 9935 7113 195 2973 12140 19949 262 19642 1066 343 4224 1304 17178 7892 2460 11918 10470 18093
216 3635 12312 8936 3345 4355 3043 15845 12858 16178 4993 1331 17468 7970 6590 9574 19448 19595 9300 9271 15697 11844 9905 8763 14530 7044
6695 1401 18463 19323 1350 5905 276 4368 15913 2479 3158 3631 17347 18850 2428 4864 19898 12050 6809 19675 7759 129 1439 13168 13067 8750
17792 8507 9535 18679 19628 1246 17937 12418 7890 11388 8904 8436 9522 15265 8735 4627 11843 17389 7608 494 15564 6274 8725 14004 2758 15387
17965 18913 8641 5750 19141 8483 3653 13985 1971 1065 1469 4039 15375 9865 2023 7793 15899 4417 17661 7819 6185 441 4329 12759 315 3429
571 14950 7262 7589 7963 14328 2307 10022 19817 4521 13174 4412 1574 1958 9292 3306 19217 4622 11905 7082 7649 13704 4498 16909 3042 5220
12417 9092 18801 14332 11330 17105 4089 14596 3365 14937 13834 18172 1568 3174 7469 15153 19774 8543 10697 11502 19898 17278 15502 19738 4093 15958
6376 14313 17257 9641 12042 16034 13541 967 19307 6484 3691 16033 11217 2168 12924 16715 8732 4659 4133 12419 19136 13949 5727 6338 10357 19629
11202 6336 13506 966 17073 759 1456 14658 19519 390 16734 11488 963 9184 22 13109 6866 7346 11274 7412 9244 773 8054 11404 3426 4631
16081 2884 5226 17976 13414 7468 19545 17433 8159 1324 3665 17296 6325 2115 1367 1695 10815 6759 8330 1826 19122 8690 16168 16380 6391 18356
869 3179 2097 3840 12602 11236 5593 10828 13330 14976 863 6928 1804 831 2677 17539 16700 4919 10157 4929 2194 10375 1361 9655 2074 170
10325 13623 19373 854 12184 4201 11497 12437 18474 2330 6292 4630 9039 10834 10110 869 8684 5069 8332 7131 1640 14987 7630 17811 18219 10595
17084 14605 13319 4822 19988 1690 16704 9230 18053 1607 1947 3284 10867 7122 16237 8117 16834 7319 6186 16366 17535 17500 1631 18235 19233 1005
379 8645 7385 8548 13413 2850 19450 11646 18815 3028 12807 7885 16535 11120 2420 10360 10087 5990 3092 19717 7532 4852 13432 12554 2887 7702
2559 2074 7524 1053 15252 15351 10381 9691 6241 8027 5814 12685 19694 13629 10893 2859 8038 4556 2516 10108 3457 7116 17649 14219 17386 8091
16455 9418 9638 7523 5482 16176 5501 7176 5878 8230 5757 13661 11361 19301 15380 109 15842 18798 5556 11397 19559 3448 18347 2798 1484 16660
18739 9293 13578 16947 6173 5941 8315 6540 18580 11410 12110 12566 6858 15048 3692 18833 3367 8865 11023 2301 11395 2432 13548 5220 13962 17995
7061 8477 4034 8536 15011 10278 19732 15942 6337 15273 18322 14365 14821 17623 3533 6542 19313 6607 8892 6272 3129 9871 13033 17145 286 12719
3784 19915 15934 19040 4307 4425 15168 12893 12057 12843 10295 8033 4242 19932 215 15636 2645 8879 15839 8900 10314 7865 14355 15538 7215 5321
14620 7444 8458 2603 992 14843 7014 6493 18359 13114 18613 18464 3723 16231 9597 3134 2074 17240 9500 1277 8255 8407 14559 18799 3710 15380
16549 19738 628 19616 3870 18559 3957 2743 12028 16796 4429 17475 3569 5912 2731 3729 4233 1316 14050 11589 17859 13894 9122 16521 2553 13818
5663 4462 18822 6208 6935 5094 2187 11567 5748 2543 14287 4387 9110 13975 17560 2660 15271 11081 647 12101 2033 4463 9652 3848 16813 3301
6306 16820 5405 11916 13885 3942 2091 10153 3108 19208 15198 1057 7535 18201 18852 8322 8692 18980 10052 7836 10892 4189 4545 14577 12422 13476
5845 8787 7310 13209 6232 8915 1365 7246 16375 5400 4347 16061 12179 5463 17377 445 2148 7294 7404 12931 6576 1608 15153 16637 15068 3686
17216 13998 13683 15061 18931 92 4413 4416 7629 16654 6474 1857 16723 14880 3567 11658 16252 13878 11656 14982 4465 9875 4795 5682 2463 19068
1862 19243 11618 3731 5278 4937 2818 11782 10267 19057 6244 17636 52 16001 16020 5723 1744 1494 10518 8003 16269 18308 18187 19677 14401 10027
8793 18828 11904 2364 1189 10959 11284 6861 6034 17956 3987 9001 7161 1226 13712 5229 814 14725 1431 116 7899 14495 8760 10983 18492 17293
10129 19831 11590 18680 7794 12110 12741 5201 8602 10545 10190 12078 2244 4493 16979 17377 17034 17855 17023 5522 7814 11370 187 6911 15536 11561
3008 6092 155 11880 8093 2054 3318 13132 8922 12475 12777 16003 8904 11085 16794 3376 13391 11346 14748 5504 19512 5459 2420 18378 11616 3732
9944 7431 4839 407 19712 15515 11171 5285 1586 13556 15911 3127 9396 16626 9867 15972 10730 13999 13671 15738 2059 9124 10023 17225 14689 3519
12601 14903 17231 6676 7455 8833 18690 12119 2232 12147 219 17361 18728 5236 4588 13692 16915 16587 16695 4710 4772 5190 11445 16852 15046 1185
19675 4890 18294 15110 214 17305 17033 16386 6225 5310 5226 9122 4486 816 11632 13091 16783 14927 6905 11408 5994 16330 19984 14919 763 5044
14491 19909 18535 7221 7207 289 4338 2059 5648 16028 4737 14585 7797 17278 17025 3567 7964 5635 9409 206 19720 3325 18172 4752 2398 2056
7729 4991 5287 5296 2953 19990 16289 14951 4183 16201 6649 2724 17044 2129 2535 7787 11949 7931 428 3510 1766 7558 10005 12158 6585 6423
374 11179 4795 9952 7829 334 6911 4183 12330 11871 16473 9408 3424 14436 4770 6731 18418 495 4814 10894 7205 4797 16089 7006 5846 16924
4380 13932 6362 4216 9617 462 17411 11632 9463 9296 18963 9598 14946 6225 6137 4330 340 11641 18918 6041 10809 5860 241 19730 17834 11893
3323 2644 12094 2739 12506 8541 16600 12852 3662 6896 9240 4481 19829 6928 9792 16802 2117 19081 14873 5203 13783 12700 5842 10277 18993 2164
9974 18999 5677 1763 19415 211 2310 3638 1266 552 10207 18645 1542 4537 7208 8321 15315 4123 13445 5224 369 6088 10401 5446 15810 14482
5067 3097 5678 9008 1491 17242 13975 12951 13783 12567 10950 7725 6203 7411 15100 11300 16065 1598 18613 17075 17591 9997 18503 14248 17350 2125
13628 947 12023 6290 8997 17567 16383 19336 2996 9012 13607 11329 14733 10903 11293 17686 9382 14588 17294 11426 2509 699 4136 7348 4525 10550
5908 13709 221 17404 19761 1322 13142 17387 18710 7101 14619 13748 17522 764 11388 10718 17736 1955 1280 10496 10590 6704 11954 15053 12662 610
13639 13351 12794 6427 7388 6592 724 15121 2476 6529 16339 479 16223 5383 14768 2613 18764 11496 3917 16478 8735 13942 5577 2176 12862 15939
9423 10204 4942 15816 10157 12709 15327 5082 17712 16758 2914 13465 5531 5205 11585 4413 18355 8167 11668 5861 9460 10051 5415 481 16705 5814
2171 9469 16977 3333 19734 2761 11312 10665 17623 19696 5590 1510 8182 10513 13019 10839 17140 2266 4742 17654 13922 6723 4508 11333 17797 1459
9169 4083 7675 9718 13849 15684 497 301 11644 7194 18268 17401 14162 9033 6203 14311 7321 571 13207 15957 10096 13311 12796 15049 13466 19674
3302 7183 14348 10576 1170 3022 2659 7026 1757 6588 6934 5662 3411 2505 639 2238 2184 14325 12037 6863 14615 12230 8835 2956 7024 16531
12116 10336 6524 1636 15706 14397 18 9811 2115 11306 13968 1686 12636 17772 13587 11899 15788 13002 15402 4584 11735 12871 16912 11604 14100 18007
14657 7413 7781 8132 4884 6577 6354 13442 15909 14331 10704 15126 8713 2329 8569 12160 18404 13510 16404 9671 10003 8435 19249 8728 2 14170
18048 803 15229 14792 13500 17631 5396 15604 2361 7343 12348 18108 19606 1840 14507 4348 3367 6926 7098 13634 13233 9009 13942 15788 15244 17193
4431 15639 3067 5617 11102 4514 14544 8462 10617 9200 12303 11419 17499 19651 17256 16784 3380 4423 12342 8310 4055 6044 8337 15194 7421 8054
9732 4474 13045 6753 8216 321 16127 18712 1745 7549 8673 17820 8454 20000 19694 19558 17388 1229 4918 11341 5746 3993 9544 11558 6931 957
18962 7034 13182 1085 2994 18754 17556 18071 3180 4930 16798 3839 8683 1794 7853 7008 18990 13741 11253 5858 13445 4230 16365 13196 18390 913
15149 10277 19405 17198 5471 2112 19330 4148 17378 6941 10825 10640 14661 1511 11583 14889 15600 15705 18717 4127 9803 18606 11915 9586 16420 450
5756 16188 1155 10356 746 14722 17707 3011 17110 16730 18085 3426 8737 6572 4938 4858 10128 3368 10042 8514 2387 6608 18408 13642 16163 15913
5983 4510 3892 10909 11321 822 9848 7840 15271 13596 19895 13387 11873 8897 7990 18930 17764 14963 4603 2152 14920 11130 3590 18607 3238 1362
18098 18245 12022 19589 18457 2818 392 18708 14861 19630 2051 226 5405 5564 18919 11872 18242 4677 1867 16552 19247 13585 2993 4674 6200 185
16559 3984 18690 12219 13143 16421 4291 13940 8243 16230 6094 10263 4558 16057 7995 19146 17911 6740 9115 18558 4079 18684 4746 16173 223 6945
3679 4938 9106 19830 17826 19558 3969 5395 6779 12397 7766 8303 3255 18685 1875 5200 15944 12791 18229 11136 19021 18338 19948 10278 8682 14573
276 14086 12739 11999 19903 19883 588 5030 12331 4998 11102 14522 16802 1254 6490 6438 256 3049 9580 15633 2686 7450 1858 11170 14752 7131
2442 14197 8685 10222 16876 18267 3739 469 2250 10041 15200 15297 7633 1887 3713 10283 12745 6270 2344 3917 5710 1388 11651 14371 10503 6017
7506 13172 8224 5611 691 774 3753 10185 3446 10196 19612 3576 1616 2824 4883 1319 8179 12654 10433 16240 2008 16571 9383 19041 6302 13940
7803 16214 5154 15671 9969 1217 1586 19394 4542 2613 18540 1163 107 500 16582 12326 16794 18257 3890 3893 1888 2208 12219 19055 14570 8145
971 12366 11200 10792 7405 11828 8597 8276 17809 7034 10152 3633 428 6520 724 11621 12136 19719 8496 19968 1903 8002 1213 17032 8286 17310
10447 19271 7195 19048 12011 1585 10865 5184 9949 12049 16297 3631 2507 18669 4408 38 8939 5028 3394 4149 17511 6376 9550 3355 19876 6980
16490 1871 808 5861 9360 15213 17356 12484 16930 8837 19323 2155 17690 11637 18486 13359 12496 2574 10305 3454 3172 10395 13606 15911 922 8308
3176 2192 9745 4275 18747 4429 11837 16126 6410 954 4397 4889 6285 9046 6245 10387 19313 11497 6096 4284 9596 9030 17896 3180 14388 7256
19187 16343 19296 19183 5813 15981 19855 9736 17833 315 1600 11219 8048 2989 17408 160 14010 1350 10279 4005 5908 931 16255 10299 7572 2092
4990 19907 18699 16492 19736 13333 7909 15018 16051 14746 1749 4493 14135 11249 19658 8071 18111 8773 1347 18980 1533 4550 11775 8514 16697 19311
18910 14506 14805 9967 17309 12966 4926 18236 14562 19158 14591 10506 6047 6166 10661 2049 10205 10835 6264 6413 5631 14050 1978 6912 9436 1706
15911 6370 344 11721 19950 13097 8946 8469 3670 8913 12669 6155 12676 15117 18609 19323 9959 2155 8169 18372 442 1650 16386 9094 9332 7746
18198 19220 11606 10221 12798 13717 1401 13000 8649 6984 4813 18850 7403 10210 2133 11033 1111 18828 3450 715 4510 13558 3281 13468 3764 18154
901 4982 13063 7650 3610 13483 13876 8703 13211 12055 8963 12501 7997 1109 7646 16295 9115 17606 7861 949 10909 16807 13879 3575 17085 4997
2591 3344 14785 15267 6445 15091 19358 7625 12593 6939 12854 14421 5306 2446 5723 10811 6190 2815 354 18289 15352 15817 4593 9404 12046 13113
9372 3924 19816 257 17605 15489 19985 18942 16928 7660 4282 14598 9045 5417 17956 18456 16764 13882 3360 19059 1964 19344 15091 15006 19063 8459
13838 3648 17896 5033 10418 18744 2081 16867 14611 6467 4328 30 18049 13131 14278 2448 6138 19932 4849 19651 4871 6512 4039 2004 5542 5112
12612 5371 9853 18501 12849 3789 18606 11486 8236 8840 6817 14374 14098 19982 853 17872 11929 9875 18087 6467 15572 15795 12295 13847 9293 5812
5146 3420 4135 1861 11560 7241 2860 6961 15398 15361 9772 2683 1056 16756 14299 15092 18335 8931 14653 17474 5054 9131 18026 737 1370 4224
16099 19326 8342 13174 19440 16909 549 10018 613 12847 15298 9765 14171 11886 16235 4100 12013 6632 11536 15997 1204 5154 6194 18458 2765 19246
1512 3790 49 16087 1772 14947 7671 3366 3011 17662 5871 10270 13079 7502 1229 1115 13686 19874 15265 2040 17324 6952 6629 10418 14173 1294
7519 19423 8944 7254 1538 192 8537 428 14352 14803 18243 18751 5955 4365 8506 10856 17297 19726 5604 18431 11073 19706 9423 992 19317 6947
7706 2940 10144 3234 5047 13090 2621 12585 19827 14477 8526 13001 14677 3714 11090 18970 354 9660 6720 9309 9749 4101 19018 2843 9235 17507
6047 18290 10732 3802 10825 2735 7193 6977 9837 6057 1977 8451 8865 9485 10744 3512 10497 14475 12133 9236 7793 4625 1247 15682 18870 12537
5844 8482 8452 16409 12180 6079 9237 894 66 5289 1091 9390 19703 960 17403 3757 9292 4022 11600 19509 4177 2175 16475 10360 9897 9275
10331 8324 4730 5514 7378 5901 5521 1276 18352 4520 9335 3651 425 1328 2668 7511 15935 3617 7751 11363 12891 18663 1653 18740 19410 18378
3755 5530 15901 17985 10096 10384 19959 4114 6050 16658 17052 5806 7572 18109 19688 15256 14457 14603 7773 1930 19743 6027 16816 11307 12999 16544
18217 9477 10549 9774 15071 2208 8514 13247 7265 19794 15012 15894 3448 6908 4740 2028 6141 18138 2012 902 15508 9922 6775 4972 11674 1351
11780 10179 14911 9184 16374 11163 8060 7955 14085 716 10462 13384 13411 4178 17978 6205 1553 18773 16914 1767 3856 6609 19872 18548 14573 9546
8646 12869 9968 9922 1911 11683 5342 10911 19931 6083 8452 9841 9122 17683 12723 2035 15813 11062 8230 4000 8999 19760 11604 10546 1351 14792
4733 9086 19434 11052 4079 13284 7875 12110 4722 12915 10748 9767 19320 1008 17530 1643 14581 11515 3508 16924 1472 4506 16904 14749 4524 1187
19374 3554 11411 18604 19355 3959 5339 9230 4339 12822 1744 9325 15498 11068 1502 4406 10920 16070 19615 19354 10084 13656 4752 4393 12900 17904
15826 9664 1485 12872 15965 4927 0 15192 5 18424 4020 17327 4258 4806 5038 10457 7594 18575 12761 9649 1772 210 6522 6560 15730 17123
1266 2505 13296 2516 16530 19161 711 17133 17788 15722 9710 13833 7803 14172 13950 17536 15629 170 11736 19456 88 13880 10400 7518 17751 17951
2761 1465 8479 1627 13630 19350 13603 17690 11071 18534 12488 3424 10369 14622 349 16210 19886 16274 918 17548 3406 10288 1175 2795 9255 1859
14415 6107 5241 14007 1100 2426 1902 6668 16694 13432 8326 17974 9162 5320 2714 2068 6818 9115 16102 9087 10867 11929 10710 17664 1603 12001
7198 2115 11034 6439 838 19556 1619 369 11536 15244 26 18479 5495 16780 2868 18153 3870 17296 7192 12923 19347 4082 3393 12186 7405 8044
3113 6483 3720 975 18001 4940 10392 13399 7652 6214 3257 213 15258 15870 17712 17124 2398 14844 7451 6496 9359 19401 7420 16332 17199 1514
7732 8726 5303 14621 17174 13554 2722 3214 13728 19501 4928 17649 13926 2623 14815 4780 2001 2651 16789 13148 5948 15768 19489 3300 10086 6070
15516 2839 1162 13435 324 10592 6968 3526 17244 15758 18792 12562 17461 12177 12527 3610 12964 1732 4205 10571 9086 8620 18381 11402 10882 5794
4564 754 15147 5297 11822 17548 12808 7860 14279 3471 15407 4356 16403 9274 5710 15688 14388 6534 8462 8031 9965 13153 11136 14100 14517 13082
8463 8627 14786 19567 4280 14548 17282 5018 7131 3885 11577 6025 5038 17455 3128 13860 6992 13680 18477 2385 12412 17288 15343 10485 441 3672
18096 2247 17697 13683 16915 18966 4609 14058 14228 1404 5481 9119 11914 7368 11511 8503 2865 16920 10710 512 3309 2007 17836 16445 3305 16838
1882 16140 13777 10170 8290 17917 3344 19884 9887 3113 8657 9106 2645 306 2966 14412 7603 11874 6744 19534 17691 7691 9741 703 11956 18229
11158 8471 2278 10976 15151 15369 301 3538 16204 9414 10807 5055 12310 18600 9957 6912 6049 18086 11415 4464 8964 10863 8439 11184 2913 10960
4760 14879 8010 1253 7114 11566 135 18585 4683 18191 19930 19751 4733 3420 9379 3115 16727 10223 16887 19281 9160 17597 8627 17079 11320 7086
14877 5618 4812 8717 3112 17168 2190 11384 18928 19863 6301 17405 17349 9882 18614 6968 2957 17018 1411 19093 8971 8928 10380 3355 5148 2261
19646 11812 9063 7507 2781 12666 12349 6509 8619 15894 913 12655 15460 19431 5834 19550 18906 5605 15167 19815 5914 4104 16529 4496 11080 6555
13692 2531 4475 12215 5060 19122 17556 5386 1068 11018 7116 4026 5154 18639 7970 2938 5863 16212 4696 2957 2900 3294 1007 17952 2190 9808
6014 5399 6754 15936 19548 3135 13266 19466 16988 14436 7112 7303 8668 16737 6713 16957 17726 9353 12767 5856 5073 3004 2478 9671 14894 5600
9989 8347 5065 19629 12651 7234 7491 16661 17749 17597 15151 6959 2420 11022 11716 18707 3520 5993 15890 8420 13563 18386 1026 19453 2833 11080
19264 14744 1521 15859 18386 783 2327 7000 16653 6866 16106 13947 6532 1360 11683 16635 1604 12235 19539 19591 8317 9 8697 1778 4687 13401
15711 4598 5106 14792 8933 17831 19819 17431 10038 11570 13019 5115 11963 1138 19895 17108 19104 18744 86 1597 222 12750 3108 2007 6580 14709
11678 19843 16476 5097 3557 8909 9166 15961 19733 733 610 172 4542 1798 15597 6467 13507 13711 2824 6054 2245 7907 14591 6595 153 2125
10751 2212 1645 5360 6446 14826 6998 5120 13146 5705 15110 3795 2467 13759 718 10856 6058 5116 9147 10136 13069 9510 18872 11556 10993 6919
12527 1297 10805 6271 808 13528 4550 8061 4488 11964 7348 13092 9705 15970 16906 18985 12457 10803 18551 2871 4691 6743 11263 11669 15635 3493
8629 14592 17952 12153 1708 19479 2146 11507 15091 4765 15060 16496 7591 11010 4253 17265 18911 17745 4169 4218 4739 4425 14872 13171 19750 18328
19164 5741 1401 604 16822 17327 12045 658 16892 4395 7878 924 12385 230 3025 4974 1911 12074 16396 16394 19624 11678 12637 4268 8107 19115
7718 12012 10213 14097 18187 9505 8249 16507 10867 13959 19494 16223 19708 4933 11607 5272 10660 5154 4873 766 4195 8908 4590 19933 13975 3201
3456 6383 19341 7049 2338 14956 11890 5415 10137 3829 19247 12964 10705 12610 5070 1289 17464 6034 15034 18379 7122 9500 4926 14847 4301 10218
10985 14512 2675 1044 10521 959 3890 10160 19548 7465 1572 5485 9682 14252 13520 4988 19408 8076 7909 13964 16803 13484 10984 1394 15052 12423
18744 8454 9413 16140 2309 10535 11442 4880 1633 7858 10460 6196 17693 15859 2191 9184 6025 17632 13618 703 8726 2634 7056 15850 11090 16744
7448 11863 4553 14056 17616 17237 9832 9155 3138 5312 9283 15886 8621 12556 17817 17650 15567 14464 18325 4354 9246 11361 12772 5817 11021 16931
1154 16064 8156 15334 18911 8690 10392 12814 3855 19064 13447 11650 15585 9035 7279 16688 11286 9888 6384 1131 6757 151 18919 11988 14629 4244
18436 11783 13801 4994 15325 1194 5700 13314 18851 11283 5281 6819 4191 11835 15426 2128 18011 13247 9444 14563 13254 7375 11178 17976 7740 15413
18898 13068 9879 5324 12125 1685 4327 8598 12351 12472 4092 15254 613 14059 5244 1075 17506 10857 14935 14160 8365 3975 4848 13561 9957 8528
15792 6617 4456 10422 18329 8167 171 11550 16708 11717 1483 16653 11920 6110 19042 6478 9577 18079 18903 19948 292 5664 4989 9478 10835 1852
15758 529 6380 10113 1282 11802 14280 3290 12790 16649 18920 11198 2526 1145 16554 1661 1435 10339 11293 19614 9670 12986 912 19296 11434 10789
4201 8291 9027 5370 4021 3839 17215 1240 16872 15180 19912 5579 16375 14970 8886 17733 4233 17002 9708 15612 262 18625 10596 2060 13840 8643
108 18764 1004 8969 16945 5524 13876 19069 16534 19079 16771 13902 12298 8139 16988 1537 13016 13014 70 6249 5549 5091 12464 15824 12504 15255
6001 4695 17597 11081 14113 15312 7827 18698 11325 18578 687 16681 2143 4038 18388 19155 5278 17012 3498 8985 12532 18012 16455 14034 11371 4515
13843 17396 5039 6691 12309 10867 5579 12167 15892 7932 8106 3321 15027 4927 9227 13385 16117 14643 7235 15168 4445 7580 10808 15693 721 5091
9331 5740 13294 17939 12365 5506 10389 13167 5388 3400 15766 10229 3575 7382 13179 12398 3629 15778 1716 19355 2471 15154 6517 5520 9384 17998
860 19265 7996 964 15292 1658 11580 16340 9314 886 8870 13818 18662 1252 2685 1586 1721 11192 752 10987 4810 9823 18797 10365 14510 5933
14935 3564 3245 12679 5094 12016 8332 6535 17544 9977 11273 10079 5568 11014 12676 6204 17343 11087 4651 2085 10725 16990 1548 17260 9513 18004
15637 12837 5231 2692 16897 16461 2509 15138 9951 1969 14660 15153 16800 16488 1760 13109 6273 18700 7704 15721 16689 6843 13211 3007 2676 8892
7497 4261 8065 788 10027 11793 8301 10254 19565 18090 10465 6609 16070 3082 3892 3768 3004 16001 1281 3976 14079 2533 15038 10536 9048 15998
14995 15622 3094 12472 13500 1134 12312 16990 12156 17105 18781 16059 11992 15350 18289 15376 18482 3593 17138 5266 5195 17994 6449 11688 3939 2136
9030 2487 6640 12658 5272 4122 3886 10151 4439 10427 999 2911 12380 12765 17134 11554 269 13409 15089 3806 4388 18221 6721 8511 12318 8812
15405 3684 8647 4322 7974 11636 8950 3208 4833 5773 7231 7150 1627 19601 11539 13255 8971 10930 5039 17735 8222 899 10233 13035 9520 1414
19433 6301 16312 6092 9641 13264 1394 845 13436 12342 11598 12414 9708 3944 6279 3553 6511 13295 5671 15942 2177 17690 5718 5638 9438 14782
19552 14143 19675 17813 19115 19198 10753 5300 15986 2970 14995 1413 18443 18635 16360 9442 14380 3278 6214 4022 8438 12887 15621 7436 334 3811
12175 6731 7714 9581 18374 5260 16189 13280 2178 1036 11801 2677 13393 18286 11636 16134 7569 705 8133 11367 9421 18012 10302 4390 10322 12252
10389 880 18655 7159 17623 14573 10271 10651 8360 16252 13128 6574 18381 2918 3458 15 13722 10804 15040 18618 7776 3363 19830 4691 389 18039
4174 301 14560 2210 2144 10397 4894 13347 12868 4940 6192 16030 9507 7272 8961 8302 14233 4261 11346 16330 19601 6831 15894 4722 18449 11633
10888 19006 19157 8766 7406 15531 14059 2864 10995 16141 6611 6851 9967 4418 11235 4484 10693 3344 5309 19933 8632 14293 9906 1604 19123 11621
19358 10002 2457 19547 278 13518 14023 12862 13262 12082 6370 6523 12873 11307 7756 14956 7461 10537 5407 314 8415 6215 11706 10963 17940 561
2853 3490 1318 6223 15635 2198 71 16554 13542 12782 19328 12191 4665 12144 13818 12290 8455 11352 7032 15478 2452 18082 9057 18997 11253 19782
12184 5389 3947 627 11731 9256 474 8233 12964 14798 1415 14782 5473 19645 13416 6899 8054 13729 242 19418 18105 6638 6685 348 14588 15713
1757 18054 17578 15336 787 19561 12660 13715 15350 4206 13788 6455 2885 10495 15576 18705 10297 1001 3133 6494 4896 19626 13158 15244 16033 2444
10790 18568 10393 1850 3152 514 16778 7233 12529 10955 17914 15626 2425 6724 14414 6512 16890 6756 13510 18356 10858 9836 19949 15455 6693 18737
9238 19719 17323 17953 11892 5158 819 18459 12703 17064 19833 18725 7860 3447 13228 6096 216 15734 14081 11606 1311 464 1783 5078 14945 15051
16490 17269 17601 8399 18412 7418 11958 12937 178 8062 8000 2930 14341 5886 5138 9314 6367 1646 18659 8422 11687 14090 4451 5294 14808 15101
14620 17769 10012 3799 2707 7728 13220 16266 9966 162 4331 14637 14188 12916 7160 18410 19749 12222 3732 15220 4583 2631 3354 4253 6731 9767
5224 9770 6025 2573 11030 9673 10189 8735 11779 1041 9864 11541 15618 2311 15024 14508 1315 12762 159 4347 630 10514 6909 11217 18700 12565
15843 16030 13819 8825 5480 9920 4141 2265 5454 13420 18957 8699 17824 13131 17734 16600 17381 17373 19033 1597 9175 13921 17290 4577 19457 8128
16551 533 14516 6314 13627 15065 2426 13101 15042 12712 17217 16841 1245 9637 2143 10393 2371 589 7634 12646 18838 10864 17371 901 12492 6007
12071 2602 1027 7517 3678 19495 16621 2931 13726 8563 6737 2949 13634 15904 14510 3722 1242 8544 13301 5605 549 10178 3924 1129 12262 16976
18895 4887 17033 5796 4168 9051 5323 17994 17360 8278 9655 7139 6116 6602 15000 13278 9416 8316 5989 10361 5877 3583 3869 11972 11117 7263
6486 18056 11147 4139 8933 7269 11214 8665 7367 17211 9272 17575 6447 19493 9300 19114 16691 5415 13196 19675 5894 11036 2603 16435 11494 5139
6847 2551 4822 11842 9572 232 3547 7621 11213 2848 13802 16333 18707 12354 16455 11551 9548 14298 1498 6943 8680 12638 10745 14752 8442 7926
12041 13135 12965 6713 11738 15018 18067 13044 13216 14900 9512 17886 16955 5375 13257 10737 5329 14580 9281 8101 493 14352 14733 612 11903 968
6114 18191 12102 15547 7739 2865 14196 9573 12332 16812 3907 9627 17364 13879 4731 9141 1430 11294 13810 18681 10845 6896 14824 2040 7889 10085
9223 470 2252 3270 10520 9025 19532 9101 12367 3582 165 8550 15261 2674 6160 5339 2263 10325 15755 13425 7217 17544 1602 62 4920 7149
1634 4744 9473 7868 6665 15061 10354 17734 16494 3860 9163 8973 14131 13981 10265 5528 4204 13388 6285 2747 10750 8325 17789 11347 12386 11693
1218 7892 15740 17612 19887 558 8692 3060 10876 5287 6700 13766 12117 7870 2125 9640 15179 18341 19010 8246 9325 13322 8336 15497 16744 1304
15483 18079 16999 10692 10058 4924 12586 17859 15541 1530 10135 8000 5242 6944 8056 14552 15899 6184 9095 354 11771 14505 3482 19987 9007 301
2710 11684 10885 16033 14516 262 3998 13364 11195 8647 14071 12545 4284 13312 16122 17112 19674 17831 2061 3191 3298 2647 12927 8154 5279 4669
1902 8882 18891 6409 4187 16742 3317 8708 517 11051 9062 5367 4269 17160 15149 13474 16191 4471 15314 2196 5963 8883 5632 13853 8641 311
9896 5929 10601 19563 1911 954 4456 984 1165 16430 14717 9977 2363 13754 17771 12207 11130 15041 18192 16025 3089 615 7063 17196 13789 5675
1249 14681 3130 3045 12861 16296 11819 4724 2805 7480 7923 15452 2840 16959 9107 16713 2537 5598 2022 6217 17029 12241 14111 18797 13620 12534
19866 7693 2455 14652 16576 15750 17342 1027 618 10984 9538 8304 17389 11212 15979 4600 9790 3821 4055 11378 10366 8404 6373 9250 11196 9837
2069 9690 2677 15939 2219 18123 10057 2061 12019 16439 14184 7620 1673 354 16855 10689 176 708 2602 2387 6185 3145 11472 4279 7252 10201
12123 9601 5170 11033 5371 19509 17848 16224 1794 17991 13045 9921 16081 12157 15820 6643 13669 3560 15733 6301 13245 6658 16161 16229 15416 13133
15708 3437 16607 11683 19816 15048 16159 4330 3243 15819 12212 9736 7158 19821 19638 16076 19182 12276 10192 4663 19778 6305 14714 8270 16925 14184
397 2584 3552 18943 10267 7024 4564 6209 4366 439 3798 5417 15473 4398 7189 16144 6053 8955 10633 18611 15074 19208 13635 4811 6764 4467
4349 7687 6833 2400 10653 16059 5717 6633 13781 4696 5093 1053 6904 5429 6952 4267 12938 12440 7857 14993 2680 13877 2205 9042 7278 6706
12823 11976 13694 6997 12607 11232 8256 14757 3432 10075 662 10952 1962 15172 1845 7536 18561 988 10725 19747 14845 3436 12745 11048 19909 19176
12242 15716 14377 8874 4244 677 17418 14382 5558 16461 13842 19896 19562 15827 17686 8937 7826 18718 7724 4565 806 7208 12887 13364 6028 9924
255 4770 2980 12807 6865 17366 19191 1423 11002 3667 17527 10562 3528 19007 17739 7477 16461 4105 1769 13876 3025 233 16904 10171 4296 718
8651 15537 2593 3967 3769 7084 11459 11405 17787 10197 7733 9066 11816 13417 336 2825 17404 13417 17056 17033 8969 7339 18641 16836 1594 10323
16636 7205 2812 19699 2808 13926 5065 10182 19787 17025 127 4521 5094 6898 6667 14008 9652 13302 13656 10958 2303 7860 11870 15170 14750 127
6134 8076 3186 10884 18787 17699 11472 14530 8506 8802 12049 4910 11099 3593 1412 8240 7274 6014 12662 12429 13167 19910 1539 5491 11919 8598
8967 9038 3896 16447 15658 2322 1062 12172 3934 13868 5977 9082 10063 11356 14754 15141 15572 17310 11139 6737 2413 16642 16327 5986 10675 15476
10519 3340 85 15896 14445 15653 1581 17386 5132 18724 3981 3467 15464 11892 6825 1299 14946 10853 8185 15346 19378 19677 13836 13083 11522 12549
8074 18081 465 5926 10355 13301 588 17004 17476 13854 9742 3461 14039 2464 13790 2454 3063 2005 13005 12198 3823 12324 2330 9421 7355 8210
14727 15798 583 14006 12212 10305 13911 12199 2292 7409 16082 18528 9164 12500 7610 3059 19870 5990 4554 17986 5228 13986 11152 6570 15734 13130
3685 9824 11358 6940 18682 11556 16849 9062 108 12947 10523 1475 17059 10611 16690 19343 2729 5156 1779 15502 13226 19278 4957 18437 3306 4705
17878 16943 8525 4371 9313 1826 13992 17399 9715 8512 5724 13284 3174 17981 3913 9556 10271 10221 10225 5473 2763 4364 19746 9062 6518 19618
8482 7081 14778 3881 7561 9964 13074 13589 14337 5237 19800 11565 17919 13549 4405 8727 1040 18771 18632 11146 8115 8187 12207 17959 900 12641
1037 2081 16700 17450 5340 10812 11982 16063 18681 19174 19686 1258 18942 14481 12696 19707 2088 16789 7804 9411 4250 2315 1455 12677 18245 4627
17448 6615 19430 16039 15894 4743 11749 2618 3459 8436 8455 6863 3204 7093 6196 3556 881 1623 18120 3470 13166 10676 517 5847 18450 100
10138 6587 1713 18248 1707 1578 17982 14646 7604 12610 12939 17817 9663 9898 5928 2239 11281 904 12362 1420 17767 14597 2270 19707 19789 16140
15219 388 7930 13301 12848 14857 19390 7456 2765 13532 7630 8212 8503 13927 1903 7786 7933 1096 7251 3466 16034 16200 4835 6140 7419 10267
6385 17402 17480 15269 9785 18929 17363 14048 12808 12793 9936 5197 9264 12699 8193 18865 14769 7834 14066 13298 5611 7267 128 17312 18252 13468
4646 13382 10365 2427 6729 1431 17040 391 16218 3535 18855 11017 4581 15164 14580 15174 10064 5829 10193 19680 9115 12416 7159 14246 4130 1156
12373 13701 16378 745 4047 15085 9544 17732 2375 11196 16126 510 18430 12274 8821 10921 11370 12922 17691 12158 2659 3525 14490 7223 5701 18761
1476 8418 17042 15652 19002 18615 14120 9533 8822 5048 12275 7225 7377 4071 11572 1253 16349 6025 462 4374 13907 13997 11187 3008 10668 11523
7840 11106 10489 19668 16022 2793 4720 15737 15187 18690 8327 15931 3438 8475 4638 1694 17040 4885 8899 19629 18291 11378 12838 8347 15028 11193
7310 2679 8055 7910 6159 19424 18247 18962 15852 6825 16687 7986 13760 8893 2980 13912 5123 14620 5866 14529 18812 8872 19018 18427 12046 7350
18819 16342 18764 16586 1350 1279 17851 8857 10287 10028 11244 12974 6200 10792 19291 734 18922 18674 16207 8901 2928 11591 7301 3312 11623 19710
16135 5574 18532 8084 5116 10765 13540 14436 1251 8930 16965 16793 3620 11829 15903 19210 19221 4382 15167 2476 6102 13949 19028 12030 10911 3708
7037 3122 16864 14055 17457 3963 903 5042 16590 3290 95 2511 13293 15216 18494 12214 17847 11455 11605 6190 12991 15295 12951 4875 3957 16378
11742 2094 10840 11919 19357 7759 12357 7022 12059 13928 4631 5254 6096 4509 19180 1351 16514 15210 13823 15530 18817 6093 9513 10517 9703 6387
19626 2003 7040 9241 1352 13126 5035 6193 1543 2297 7665 13149 12069 457 19970 12934 17476 4742 14975 4023 10654 8072 1610 10011 8052 17354
13020 9134 15435 19381 17425 8228 5523 1255 17124 19575 15480 13342 11007 15918 3900 16257 13403 11565 2265 10547 4041 598 19229 8221 4561 16817
7866 4756 13985 11975 875 14861 13374 8194 15683 11337 3561 11377 6940 3015 8208 16228 5267 6811 18485 14144 16532 14153 13962 11993 1131 14122
14863 15047 7593 9319 8537 3921 10125 7985 7907 14267 5319 14661 7600 7077 4932 9652 2394 3811 19301 5244 16692 17357 14781 19964 18015 588
9409 1850 4630 18587 1723 2430 10510 4424 10801 7585 12574 7676 2443 8023 16804 17569 18265 3625 7749 9557 8654 12014 643 15530 16313 64
1841 529 12500 5569 1810 14461 18884 14712 12311 1991 3137 19906 15260 19743 7509 10763 12392 4242 17410 3171 6835 1326 12282 624 7191 11605
1804 19950 12100 18473 2172 3318 4427 15771 4993 13265 2093 9251 6560 15099 7639 17810 13294 4636 17723 5089 1750 15667 11414 13029 4397 11456
16696 16503 14527 7735 15611 14227 10422 5117 18253 7694 6334 15900 11965 7364 16431 18577 10585 6521 8752 8221 6830 17714 18620 10136 16152 12104
969 19583 17586 18724 9708 19324 4279 19380 5450 6138 10857 14925 14736 10391 11471 14138 5245 9745 2795 11164 6911 144 16338 9490 19265 11670
14686 17310 4189 11065 4358 4897 18181 7747 13164 7433 9722 13489 2634 3776 671 2931 26 10712 18633 8755 19764 11208 4315 3992 6824 5090
156 6141 10950 1097 12779 18700 19573 12940 16535 428 10811 1661 4591 16745 3226 14268 13868 11621 8603 3136 13015 945 18980 8531 10540 17568
3002 8439 18595 7247 4049 18263 12921 7483 13704 6891 18897 12734 17305 10253 9765 14463 12033 17379 1398 16890 12687 11813 16782 12388 13318 9778
12360 22 19893 5708 15176 1068 16693 2611 14900 11658 10168 432 17069 7742 19427 4933 10160 11993 1712 245 18628 16064 12666 7895 3836 10567
3556 13405 18081 13065 14898 19898 13944 12436 15161 1291 3771 3864 7603 371 11289 7000 17587 1388 4116 18222 12255 14925 2531 941 16605 12097
9056 19931 16767 6201 8549 11641 16750 5793 18332 12213 18767 12494 15484 10088 15978 15269 12104 5208 18107 6288 10585 4588 6836 2623 13030 8977
251 15018 16882 15049 11278 7362 16709 12073 2548 4673 379 7438 14370 12757 3885 13228 3645 13670 5325 11730 13374 7737 270 11108 9169 10900
12425 18288 18454 5701 17506 7694 7546 6712 5217 12739 1979 5333 14573 16451 19042 7131 8740 18639 19716 15005 5573 14775 463 3197 15019 5752
14468 16835 18738 5504 13040 12706 5248 17904 15826 884 3104 4294 2106 14000 10826 7474 13652 17522 11891 6042 14154 1457 12708 14189 8275 775
19562 4551 18723 7494 7931 18705 3310 19902 4927 3016 5204 13509 9699 3758 725 1707 10606 14487 18251 15718 17671 7823 18180 3700 12245 17195
6721 18168 7871 18371 10106 14449 16125 4424 5188 11714 7678 3696 8527 14926 15309 15072 5721 2905 17910 5458 18024 2664 11419 19425 9468 16760
12942 17815 18972 18833 19712 15676 16974 7368 9821 13213 17352 3503 14892 12342 9688 12374 18962 14757 11374 4806 225 11392 7100 3963 5024 589
826 7475 11620 11253 3079 632 17764 19014 19555 18358 16229 11141 13513 8475 18788 2629 18715 613 19039 16703 8627 6822 2886 2260 17713 5301
12682 760 12572 788 18225 19174 9603 5780 9294 17083 3601 3362 12504 11168 15734 17267 15735 12017 19378 7943 17790 13922 15346 2687 16720 14940
16573 11803 12859 18084 5504 3329 7311 12147 12427 14520 226 3313 16986 1207 2496 627 5790 3114 17216 7675 10755 12733 18255 8322 1378 8737
9331 12357 7513 3060 10032 14083 18831 19431 19338 13376 11443 10767 16416 12596 15248 5269 5153 7533 8772 6413 16413 15500 1607 11932 4788 2227
15669 4312 16256 8067 17983 6716 3298 6711 7785 7505 18220 19872 1173 11568 9935 12258 18701 4266 18667 16718 8904 13382 16287 12165 12237 10549
18093 5996 7102 9063 15942 16744 16188 13766 16027 5415 6104 9521 13160 7859 18554 7642 615 8225 14942 2617 15595 5593 16703 19464 17962 8298
16404 14188 17879 1909 7347 12395 6272 10831 18932 5517 17619 3088 7274 11654 16891 6730 19379 19203 18205 8844 9365 19946 18968 18338 3687 15962
5210 13631 4288 3805 9702 13329 19768 18346 5478 18219 6052 14859 15011 5281 10148 12799 7166 12597 19414 8262 13554 1093 9320 17571 16720 18144
1358 18815 15812 14835 5191 6871 11672 7899 19562 12005 5934 934 11360 17355 784 16445 11585 13517 2466 19034 4335 14222 5045 16006 10589 13096
16400 9537 5554 820 11126 13635 1172 1008 2415 884 13533 17233 1100 14421 2767 15243 17038 266 10460 12326 10742 8543 11965 3397 14258 6170
16320 3628 9619 16334 5826 19047 5954 14003 5895 15181 8077 8494 13322 19813 6695 13120 6198 16666 13093 15533 18151 13972 11173 10751 9891 18719
5287 10126 1643 8041 8794 1939 4506 3125 16571 12914 8417 11263 15148 17634 6148 14018 16263 4977 8455 944 2197 2678 7159 14746 14115 6545
3546 3662 10069 18954 18456 717 19576 7783 4243 5770 12969 11154 6167 18504 11205 8214 15666 5817 8680 19624 4254 19524 17042 1940 8802 7032
19319 19866 2890 18974 7508 10301 9635 17679 12033 3616 11754 10222 5820 16681 17839 18035 6756 16204 12789 11721 11670 1758 17659 14707 1704 12141
19332 16492 11581 7201 14581 15010 12953 10846 12020 18914 1415 1907 17259 13479 19603 5450 4511 15478 19253 19856 11374 19504 15286 19062 3469 9343
1346 9753 16926 7744 15903 16872 476 16167 12039 8771 1864 12909 2744 11036 4071 5840 19734 18838 16331 19903 2871 1749 1747 7028 5425 1977
19875 10487 10061 9473 5187 7932 10399 18635 19657 11893 17897 15387 19339 11273 19853 19599 4449 9824 9448 10049 15162 19138 19578 16399 3947 14099
7990 2142 3384 7128 7012 19492 2949 19547 18453 2874 123 13720 18463 4984 18181 11709 9769 16589 3701 14922 3711 16768 4788 14766 742 14519
14251 15712 14841 10094 13866 18706 3271 4511 15038 1375 11901 6363 18577 7989 13881 9314 12972 3730 10740 13490 17135 14358 1254 16982 17947 12225
13808 6553 6273 3662 5835 7094 12549 16665 4368 8268 18912 2185 19263 3001 18499 15877 3527 13093 12138 8584 5548 6432 74 16205 3797 1939
861 10434 417 5481 18113 1576 16900 13098 22 14965 12699 2603 14795 4640 11770 7534 15920 3592 19187 5277 10151 2104 13715 3935 19718 19941
12673 7948 7339 1645 6120 667 4343 13179 3134 2790 1453 12012 19671 9282 9503 1008 9400 3130 7388 16932 12922 12122 16283 12428 379 6000
1213 10458 13912 7211 14590 14032 2001 10101 17725 17893 4401 8782 19341 6371 17401 13564 14738 18667 11356 15555 7849 17132 7260 17369 3358 12433
6848 14623 3949 1011 2553 8543 363 14480 7783 9210 8620 2306 17660 378 17674 2686 8305 381 8450 3092 5542 3372 18190 12015 897 19008
12752 6883 4631 13185 17802 16900 2292 3083 9148 11261 6432 16722 7098 4327 15658 15490 9089 13006 1867 13711 19240 17676 6758 126 15471 19450
6212 15692 17120 9398 4907 15995 12903 19588 4597 19291 8855 18349 7761 10801 12671 10592 3916 15889 16732 9061 18842 6346 10086 14578 9032 18103
6190 15350 8647 11928 13182 15229 6790 12225 351 18411 14497 4554 7775 6263 18689 18103 6460 6213 15426 18006 12956 310 19424 8955 12122 727
14407 2308 10896 2816 12650 12870 3113 6043 13293 5621 2722 14352 1354 5049 5439 3847 633 6271 15645 11238 3506 5122 8218 14020 8058 17030
1405 6903 12482 18383 15771 7162 8098 16155 5403 11422 9907 18218 3618 13989 11149 9892 11872 7481 571 2049 9765 16072 4041 3929 14266 18774
11331 19812 18065 7142 2247 5591 10122 3407 19581 1860 6494 6552 7257 1348 13407 9960 18555 3515 5086 4598 2308 10440 17447 1148 9586 16721
11451 8813 2702 13169 16988 10932 16979 10888 16264 13747 10613 9958 5350 14482 3069 5159 9242 8436 18117 3853 17229 10088 18959 752 14086 19529
11294 12192 5627 19939 12914 7609 13707 11880 12110 17716 6759 208 15917 13017 5649 13426 5667 13372 10635 9494 8309 1734 3170 11390 13065 18216
8097 17479 10597 12601 4667 3788 13124 17096 15159 7099 15338 2031 9625 5817 12258 15324 14860 5299 390 3777 17599 810 7876 4775 77 13918
99 14594 4506 18527 17449 6090 17847 19904 13957 1289 1583 815 4874 17631 5550 2301 16966 2747 11202 1827 10116 12093 13683 11955 899 4411
6654 18059 1418 2106 4112 19685 8655 13592 15392 7784 12788 18705 691 14092 2738 14686 16037 15904 5639 13848 11119 2917 11532 14250 14121 10794
19246 14198 9586 19435 19443 11730 884 8408 9611 615 1715 658 887 14417 18541 8946 8392 13778 9405 9666 11584 19254 8280 6842 2222 11095
7822 7017 3165 16305 19410 19908 17393 13883 19708 9764 16485 14739 14744 14876 14791 7653 6674 3152 20 796 7601 3985 8591 9305 7889 17518
14092 19716 11774 10826 14072 6395 741 12434 8688 2166 9581 15788 12893 7782 11092 4606 326 4067 13377 13928 10424 5002 291 11689 18242 9407
6209 19842 14626 3664 18734 8995 7936 6585 2314 12266 14892 4267 15284 6311 10633 9561 17566 8624 12326 2696 12760 6826 2806 19431 11501 6983
8672 15698 9121 16206 16435 100 3560 5648 906 9802 2792 4457 15244 19324 8343 2946 14277 7194 1467 17052 2734 9793 5817 5612 4668 8303
7206 16006 6876 7578 10223 19396 7014 17909 1145 3514 2783 16673 9812 10246 4871 9034 8461 10774 7287 15620 100 17217 5324 8710 5629 7641
7820 10923 9745 6899 9334 3608 9633 5344 1361 887 1277 11086 3344 4689 19800 15454 15413 13368 6918 16278 4703 720 3599 3280 13463 19646
11704 14427 11095 18629 14726 7827 19158 14953 5700 813 7680 11211 16748 14676 16390 4632 18717 18328 3076 8091 12081 6655 6248 17243 11591 9113
6657 3528 9465 5385 19286 18335 17705 640 3748 10550 8102 10440 5263 17868 3969 19876 5854 13242 14708 7652 16437 19555 2768 5426 17205 7851
5418 10365 13121 18284 3185 1408 17307 2526 5729 16580 1105 5168 13000 9961 15189 8255 17246 3199 17359 18760 7449 3652 15649 289 7439 13733
4915 7794 14369 3734 19146 12840 4579 897 4604 5325 14352 11528 13175 5267 9165 7455 989 13931 6880 17915 7773 11626 15796 12438 5002 13775
17676 6327 11637 17674 2090 11963 1221 13239 15120 3430 214 11217 15629 444 8890 15709 15389 4756 4727 1415 10374 3420 17366 14238 4080 19029
4193 19156 17431 14753 16316 17050 13511 7775 4576 1121 10094 13375 16475 14682 18957 16906 16108 8172 6198 2558 4824 14616 10512 19853 15521 3845
18356 5651 12644 2620 4158 15874 10545 10989 13858 4666 12129 379 16143 13810 14652 4594 9762 16398 10303 5030 13406 5148 19358 15786 12903 15240
14953 10796 7371 11347 10600 14729 10956 5131 8729 15211 2636 17467 18682 17646 11002 17040 17150 19356 12727 9919 10325 9671 14135 6995 57 13265
11966 5809 8462 1085 8852 16969 16039 12681 5973 15012 8020 19127 3676 6370 14642 11223 13378 12504 9258 14725 11419 1857 14824 17489 14684 5070
7577 18927 3119 3995 7281 13438 1856 5287 14240 164 4706 9850 3354 17900 5184 19557 10938 3629 18917 18798 2502 10256 165 7985 9975 6473
2187 14872 9526 5533 1514 11829 13723 8710 15499 17668 1539 17467 12849 16279 1488 87 19258 11111 10461 18804 13800 1664 19203 10620 9876 12610
13295 13644 7362 5597 15200 2248 18089 16337 4111 10370 11219 19440 19013 16122 3753 13276 11430 6535 5460 1074 18378 18453 12147 10045 15344 8789
19951 6009 7848 8675 1543 17784 15773 16779 4200 799 5340 6734 6588 6075 19203 1554 1614 5670 15156 8884 745 11401 3354 4243 15041 8372
1107 7131 6679 14156 16470 11842 5273 15672 13129 106 1542 1240 9408 18882 3759 7351 7961 4221 9356 15166 19371 16822 2991 14447 8894 1457
1048 536 2228 15556 10528 18179 10341 16968 5483 14085 18598 2496 16588 6786 8159 17512 18792 17854 1392 495 3160 5815 8371 8013 16618 2967
10413 2742 5401 1601 15086 1436 7055 8750 2421 1022 3596 13853 11995 10077 14907 11254 3979 11879 11158 9396 10542 4701 3261 5937 4656 13470
12683 9848 12250 15362 15726 14312 14894 12771 1853 9743 19867 11414 4220 3649 8069 1395 1585 6019 6756 19819 19909 18326 18197 2507 42 9450
17401 11068 16382 10817 1779 79 8262 9746 108 2494 18312 7295 15631 5895 16417 17517 7429 8940 14503 7461 12170 3682 13220 8664 9427 11701
11359 6544 11198 10997 17780 2560 1866 4082 2395 13890 5582 13343 2971 15431 1958 12885 5982 5591 15186 3457 3238 14358 7230 2836 10998 11905
2347 16370 18291 1704 11653 2615 655 1083 461 12838 10003 603 13148 8828 5760 9785 10311 15529 13243 8407 17715 1154 9737 7599 8377 19170
13102 5923 18918 14343 19620 15247 12581 19185 13940 7392 19621 9953 1567 12875 15403 14781 6016 9188 15462 19365 10642 5029 11957 9571 4443 7861
2944 1213 6620 14753 5823 5928 4517 12832 12158 11172 18998 3585 5118 13961 8916 9137 18412 12962 12649 18678 4123 3639 14940 13366 8257 15821
14845 9555 1297 13608 16226 15525 12062 15617 11764 6080 14156 4836 2549 8497 2377 3766 19743 3025 15811 16839 18367 14367 11433 1277 4817 18688
16992 10574 4144 11634 12787 8650 18866 19064 9503 9348 14266 18472 10098 698 14309 13956 6508 13582 15390 19778 4341 11056 19978 668 16425 8700
11329 12874 6026 6287 10969 1200 1646 788 15313 8430 1903 14201 9756 1052 18602 677 5227 550 19973 10661 14854 8945 19628 10450 2284 7046
13523 17452 7897 16705 5392 3608 19389 4347 2477 10812 1339 15538 9427 2894 1807 17522 13127 16721 14070 494 16819 5787 5514 9158 17831 12831
6491 11144 5486 10142 7287 14536 13524 1285 17608 16431 4610 6481 13300 1399 14821 16908 16169 16914 92 192 864 1790 18638 7641 221 4627
7220 13591 6267 4041 1771 5322 18396 5737 18201 6365 19432 18750 10087 2324 16946 1729 19758 6849 17999 17768 1734 10044 3996 16754 1615 6255
1625 18627 1512 2842 1536 10741 6294 9436 18762 8172 16212 13641 12805 2294 18904 16987 9498 18189 18320 6443 7344 7371 12071 1083 19844 10415
1067 17142 19007 15409 18223 18476 9234 16424 13036 3657 9368 13478 5779 15422 9715 6905 12546 5090 2568 16672 5137 10223 18 16570 3161 5962
15920 14991 6994 4762 15639 16954 6670 11030 10383 12492 12497 5119 490 3374 13976 2363 15346 18900 4903 1230 3739 4952 3118 476 2759 12226
9756 13625 10081 19672 11153 1918 12037 3729 6945 11560 13625 14293 16278 17004 2604 16783 1793 11764 2321 731 12236 9777 2161 1435 19439 8637
16075 10945 4458 2619 14829 19889 9065 3794 3323 6717 18341 6211 16955 6583 16622 4951 13068 5581 1760 11150 9938 10796 10058 17873 17871 22
15880 783 2910 6473 9121 891 19293 1007 19119 6056 12056 13210 12086 18441 590 7456 19964 13805 9851 11788 4645 8373 13810 11803 5606 13774
1294 7692 11668 12829 14070 14959 19007 4990 5358 13835 12344 1748 7523 18052 2234 6709 4824 13917 4435 6164 10738 8339 16290 14084 15772 19887
5157 14375 1057 560 15227 10252 4316 17000 14161 75 2285 2030 14484 880 9748 7325 3208 7706 19405 1695 3707 15803 7101 9176 10592 2687
1878 8309 468 9130 12379 9115 1542 7418 11150 4365 6927 12301 862 14877 9615 2911 4811 5346 13164 2725 652 14281 5684 16113 3030 16765
4267 14256 18692 3198 4812 203 10198 15757 16593 19363 19563 12993 15798 9000 5508 11778 250 5795 7576 10827 19764 10451 528 273 8051 19259
13505 17455 6873 381 7733 13716 2188 3516 14779 3377 7436 8251 13041 597 14094 14362 6722 12157 1026 4126 7849 8291 17556 6186 16839 12841
6284 11382 5218 9266 15128 15915 539 11691 17073 13747 2816 15812 16222 12785 18037 15548 11071 13486 17101 15984 10551 8687 19005 15514 13 5655
10449 2883 10207 15582 11977 6287 3452 4545 2284 19659 16442 18848 7129 12907 4529 4235 1110 8984 17522 10025 16929 5001 11049 15638 17005 12650
12365 15825 7456 9005 1405 13497 7738 2823 19715 14024 15527 16203 2253 18438 342 17301 18591 16985 956 14949 5757 6197 13612 10781 8304 13915
15135 15029 19487 1939 12292 13931 1086 927 4069 16775 11407 10373 1530 17439 8235 4490 19268 7977 15738 10967 8839 550 9092 6310 363 16421
8674 9283 10831 10146 8483 5068 13572 7686 1892 8495 8802 11342 2093 10232 16719 5960 12754 17669 3869 902 10944 11994 9205 7645 17546 12019
7012 5103 2426 1293 125 9469 12871 11406 11035 1445 2681 14385 3792 16239 14160 8456 2076 12490 3801 17482 14533 9448 8590 7935 3443 5915
13259 16975 17604 2485 18536 812 5230 18368 14524 19778 4247 7759 5620 6950 11196 378 6577 5731 1462 3510 7021 301 5380 14582 5858 15394
14134 7984 1437 8642 18674 19163 16666 848 3516 14967 9906 3616 12950 13677 11669 2531 1823 11243 9158 4821 415 15708 12081 6180 17550 10641
19719 11399 19710 17626 288 14919 18351 7871 7240 15502 7385 18085 16723 14745 1124 18365 10091 9650 4342 1217 18767 16976 2635 13075 17062 7548
2680 19522 2838 11739 1387 6522 10341 10343 15494 16808 4305 198 37 4688 13917 16889 4402 9186 209 9396 19861 11708 12913 13290 2665 2727
5366 3570 5351 16833 7061 11095 13017 12347 4077 7827 6528 6488 19974 15292 5804 1755 13614 10014 13604 12950 11960 9472 1826 19445 5978 3801
12994 12344 8050 396 1384 7170 11802 3801 15712 8254 7780 2879 9989 10201 13888 13840 8449 14379 3508 11922 18727 2117 8210 5296 8766 9191
1578 9906 1680 13816 15617 6351 4177 13378 12917 18983 9886 1994 17353 12498 2469 8206 18438 11627 15584 678 9034 7222 19481 8453 7529 6177
19568 15138 15747 5591 15082 4508 2220 12780 15198 6856 15550 6267 12957 157 15131 5380 3943 4849 12966 7974 14985 8124 13444 12096 2548 18344
5505 8994 6839 11410 7344 10987 2907 9845 2587 4329 19356 19335 2855 9108 7770 15527 18782 16397 15188 8708 7294 15546 13399 744 4504 18771
2552 355 19805 4664 10870 7467 17901 8078 2544 11013 6380 9529 16065 18683 573 13481 18764 12897 686 17347 18473 5858 16298 19716 17964 958
15063 11396 18949 17221 2021 18494 1081 19070 3512 19453 1857 14000 13587 18726 11158 18412 4365 9895 9154 9170 13921 6745 10781 16113 9998 7798
5036 9627 7440 16385 4475 8831 14295 15928 8282 3229 10772 13764 9996 11041 14205 3618 14552 2035 1219 12339 18912 4724 18592 13152 5235 6929
18267 10105 2609 16876 12411 8016 17057 1475 14102 2095 16803 5038 15978 12304 15677 16910 11097 4740 9522 9840 1475 9716 3068 3418 12104 7137
12060 9568 10776 16936 10084 7121 618 14572 8 12874 11554 16080 15614 14682 1866 10407 4637 10400 172 18288 6471 15233 14790 16478 3564 17088
3429 6720 1793 2309 19503 12569 16409 15303 4720 19431 11983 1439 19031 2208 19778 14141 14509 1110 15640 7074 19559 13875 19884 13340 6902 17764
7465 9207 9037 4463 13040 10146 17389 16792 7736 13623 599 10107 14641 13117 1962 15434 14671 12492 14863 7815 13431 17460 7504 6371 14184 7364
18811 2644 6285 10329 13067 4637 6280 8833 15062 18378 17880 18218 1646 17019 13762 638 11187 11079 8678 460 11659 12924 7006 4818 14123 16141
16138 19907 2492 8036 17741 15223 4851 19118 11152 13864 9417 9073 3253 10227 15865 8652 5805 6826 12832 4783 17058 3995 1551 7520 16358 18447
12264 14313 12374 4223 14212 17202 9080 14203 389 10717 2578 2601 701 8839 9298 15620 19924 263 12352 11258 3733 8618 8554 16002 13797 139
4663 18309 4295 10341 18201 5998 8574 19239 13437 16778 13588 18039 8836 4980 15575 7371 5454 17411 9005 15412 8498 6713 846 8205 16874 10714
3245 386 14674 16872 12094 6968 3082 17351 16231 1360 8051 14173 13971 6756 11601 2195 14676 15138 1624 17306 11260 15094 10721 5820 1203 18876
6658 6626 6248 12550 8881 9980 6929 12518 18466 19414 8515 15178 9935 9688 4490 17628 2020 8683 6118 17390 15686 1299 15180 17126 18172 17216
8822 4481 6284 14904 9814 3737 14370 6374 15529 18601 10199 18595 15214 15718 13902 17986 4053 285 13402 12850 8610 2236 2815 10342 8020 6188
2887 16167 6444 11551 10005 6143 2672 17764 10548 6153 1503 19920 7084 14839 14811 3075 12648 18224 13337 3683 17610 17158 5715 2059 10557 10163
9944 1308 5524 17966 9709 8800 4825 8096 14486 15899 5773 7953 5705 19554 2327 15447 5698 11416 502 9335 7536 11329 10933 629 16491 15876
16739 5866 1394 17888 13690 3920 6806 15621 1705 5067 18420 3774 9640 782 8905 17160 8460 5600 7556 9401 18577 7296 18289 18794 1662 6738
1589 12051 3539 12076 13647 8583 16152 2854 19397 18714 18740 2408 14461 14588 12529 8108 1194 8622 18342 10653 1341 9655 2142 16624 8348 19160
11851 15311 1741 13948 6057 17558 5659 19982 37 1570 15969 4808 5860 11201 16402 9560 19693 2873 2134 8637 15232 8260 17356 19709 4079 15
18782 95 17410 10512 18462 14709 18659 6271 3921 14618 19610 4123 503 3216 914 17759 12833 7884 14255 12436 12150 10732 1764 3227 3481 6832
16024 17591 5016 18434 17627 2551 18913 13679 8230 1506 3913 7863 14772 16732 436 15470 8804 10562 542 7304 7194 12560 6670 5220 13789 19879
1142 7067 6078 3982 13430 4035 2434 11329 9872 11883 17022 13845 19101 3751 6429 17935 9833 9308 6096 7470 901 13105 2059 11028 12772 17481
3470 7092 19060 11662 4154 7821 2341 4414 5963 11569 5683 16682 370 2904 11730 5312 3749 2424 15249 13651 6703 1172 4309 15488 11668 3235
18285 10278 13433 9609 12487 18391 4616 502 563 4006 11163 9138 5085 15841 19030 6917 19220 7647 19935 4542 19320 10930 18287 17167 7418 1693
11353 8827 13440 8231 10682 14454 5489 15940 85 9551 11312 9476 1565 18955 12607 14839 13647 10798 3267 17513 869 9809 16365 17124 10442 3779
2538 5928 18989 15284 2674 10593 8657 3720 2725 5804 18548 2125 5534 12141 450 10999 4350 10029 13300 6438 18052 5885 13424 4967 9628 14902
17432 5965 7704 7459 1691 10139 9556 11722 16583 15837 9760 16673 19771 4660 12857 5443 9701 10622 4771 6444 14328 5986 19341 7217 5097 13880
6412 19896 4016 9054 6395 19397 19083 19806 11104 602 12058 9572 15509 18948 18111 14486 6828 2284 9418 7433 19323 16952 8839 905 994 9890
6878 3316 9850 12451 19928 15839 17477 14487 9207 5081 1037 5659 17457 15334 11753 3298 9930 7768 3263 17444 15006 17235 1058 708 10588 3552
1940 16508 19334 13932 19014 16393 19029 9227 6485 16532 2060 19855 10008 5741 12767 17112 15261 1093 5465 19646 598 19599 6360 10640 17460 15524
18138 15668 19234 1618 16379 11786 18339 11173 4663 11293 10229 12444 834 6065 14218 11276 1992 10625 10126 17609 14034 7186 18530 3302 16475 15832
3434 407 17769 11923 2849 10339 9177 6319 6746 13186 12821 9771 8759 18196 15460 17611 5111 13852 5098 2165 6868 19864 15941 14284 19275 944
5794 1507 5637 2912 12489 5742 2767 17963 1597 19425 757 3360 1693 1097 1140 1751 7251 11588 2586 18969 1137 14494 5160 12575 721 5511
7186 12473 3371 9369 18054 4769 7340 6408 8838 11575 10359 2708 590 12897 11231 16588 5442 15068 2250 1639 1730 19894 13479 18717 10863 18728
10230 10493 9107 13620 12681 4259 11812 8737 11985 9712 10095 7485 14435 2894 8009 11999 6351 11429 18763 7780 1172 14297 2606 14270 17139 591
2619 8175 13670 18592 1324 752 19356 9999 10205 17133 13917 862 17911 8299 2602 2609 15862 14248 7101 14609 3948 12661 3027 7257 8476 10298
10779 18976 6059 2235 6850 12370 16314 3280 6977 271 9754 18925 9496 12046 11980 16482 3375 666 4295 7019 3298 14060 9729 18943 7330 1268
15053 10576 9225 5494 1302 8763 6205 413 12981 10745 10599 3189 15182 5198 16005 18273 2313 17946 5139 15980 3757 15351 7629 15876 1777 15577
4333 11548 11823 3373 5004 5095 12693 7678 3049 3356 19414 5696 3749 7361 12107 655 5098 10347 19300 6767 19868 7202 10127 2387 15162 14591
3133 13577 18158 2042 9830 1572 19659 9339 16371 10188 9941 18246 18580 16791 2131 13815 449 11015 4233 8408 17410 11659 2847 2918 431 5267
9875 17213 13728 17648 9598 1573 15773 14713 10806 17523 53 13243 3636 13919 1116 16352 3237 18985 5992 8102 16699 3356 16676 13011 11453 16439
19788 14520 1576 12878 15122 11362 386 15108 6799 7928 15601 13363 7308 5142 1330 740 12518 8215 2584 5538 697 3017 6370 9968 8722 19512
12601 4749 8902 9270 10599 10875 6065 12282 15131 12149 15758 14327 1353 9823 12628 15660 16676 18748 12085 5309 1204 6252 16257 1767 19122 1596
