365
47 6 91 35 83 27 20 74 93 82 11 13 41 14 87 70 21 17 73 16 39 68 2 86 38 68
13134 11924 5666 4101 418 15647 19054 7005 15368 7317 14946 6852 546 17455 10448 19312 4196 6798 16640 13565 11640 18296 3713 12566 10105 13921
4243 17123 10188 4614 19897 3901 15713 637 17492 16705 913 10131 12422 17500 8149 4268 10000 6444 4722 11663 274 16099 17886 4398 7807 18714
6654 6373 13273 3814 15302 13261 11653 17077 2075 8759 13319 13791 11168 3987 4894 11282 6514 10568 6430 17354 11802 11147 7248 6551 6636 11856
15008 6302 8906 12482 5536 4478 17177 17125 12345 1186 1433 841 8825 4029 4262 15777 16138 16781 11081 7752 18487 82 19775 1981 12434 8430
6014 12221 16671 15198 1521 13788 3008 2841 18535 17007 9706 7646 8162 14163 14508 12670 10136 13191 4608 7864 3726 12994 18262 11447 5755 3224
8079 9372 17068 8667 13262 1069 8974 7816 2409 374 19749 16171 9865 11488 13425 6832 19510 19460 145 14614 3407 15487 13277 6803 386 8042
14799 9543 1385 3169 9971 18784 11174 15044 10771 6722 9551 15468 4535 18809 1936 13749 14951 7099 3921 19573 12585 17581 17116 18320 2922 15057
13956 13192 8229 2130 1908 1222 10873 14595 6965 5897 5024 15098 261 18987 664 12606 8010 15016 2100 13542 600 5296 13215 2529 9635 6298
11544 15528 10153 1082 5476 498 1666 4177 1452 12508 10700 15320 7601 12998 7920 3074 13720 11875 19267 2721 1788 16551 5281 13771 10158 1409
6228 3875 17182 4976 8984 501 19496 15978 17767 1987 4841 1721 269 17071 12579 10647 19990 12777 18483 11218 14218 15886 14855 10200 6750 19965
11511 18875 18274 12530 9601 10065 14107 6851 2649 948 12725 2438 4561 15332 4614 16314 5648 8625 270 2129 720 16293 15033 17339 17121 7870
14616 6398 8585 6976 1907 13315 335 2275 15279 17113 345 18938 12039 258 7113 19419 6598 17362 7742 13738 9985 15323 8188 5161 19138 17260
9838 9400 13172 19091 13545 920 16652 7976 5231 12520 792 16266 1656 12625 19918 5386 11206 14338 19525 13487 2336 76 2746 147 8098 13275
9646 11247 14767 10367 14044 2288 3302 7077 11559 12925 2223 7032 879 16545 7493 17081 1877 13144 2324 18063 19931 15222 15822 9993 16780 7836
8913 12173 19174 14730 10027 9467 6689 1891 9707 19640 7925 9175 15051 208 1982 10355 9451 7272 19355 4300 2412 456 5228 17738 9180 7561
4888 16949 2007 1512 3769 8864 15243 9339 6218 9610 1603 7938 6934 699 8123 18216 6480 19053 17226 12327 15574 10004 8391 17848 17330 1587
2730 17233 5777 14669 18377 7666 15634 16137 10259 10683 9532 1449 17743 15653 11025 14111 970 8169 15800 9842 4447 16427 14376 8481 17410 2288
9236 5562 5445 1797 15513 18373 6084 14589 18894 18359 16416 19208 2946 17498 11422 5717 1249 2267 16551 9927 15792 445 15474 7206 10861 2097
15784 15306 10133 6486 10794 16545 5213 10191 7865 14671 1125 18829 2423 18197 11392 13340 6944 1222 4199 13771 17506 5309 946 6454 18258 7790
8353 4794 16945 4487 12761 1816 4610 18505 9435 2864 4704 7498 12545 7359 15520 17421 18937 6401 2101 4937 2829 12985 18609 6652 16848 11495
342 14371 19477 19615 5177 17800 13051 2267 13224 9666 9420 12702 8864 14838 7940 9338 11247 17598 9561 771 1785 13454 16598 2004 10622 3085
16369 8635 14790 12854 9339 13017 18781 16526 15653 12757 15627 8655 10430 10429 739 5827 14259 18460 124 18442 13779 614 13240 4836 6792 7620
6691 4445 3148 2631 5486 14586 14664 5026 12991 19299 6924 14589 1037 1592 4521 8532 7977 10374 4027 5345 871 10312 12639 17809 12391 12021
7518 16758 8835 17838 12798 5328 497 16991 6590 2414 6908 13539 14729 15104 18067 3584 14532 16536 17877 12558 15280 16689 18325 16409 5787 3261
16261 2830 5953 1722 4978 4332 4812 3797 11098 15619 8273 16363 5889 7100 6324 11195 15986 8146 3509 10629 12743 9497 11433 16795 12153 1710
5925 4262 8329 1242 4385 6057 17727 6028 18621 18843 10729 12609 473 9261 953 16343 18793 11145 12119 4890 14313 18663 3987 7133 15805 8301
4441 9501 8576 547 19975 3009 18449 595 9017 8300 17843 5293 462 10552 8592 18053 15680 12033 16755 17941 8935 4141 992 11436 5590 17609
17089 19755 11804 16542 12597 3200 7119 19129 16224 513 9855 11478 4434 6034 7671 18925 16830 14444 5623 2156 8314 19868 12913 4050 6723 10974
13758 2007 14726 7694 14963 3000 13049 5241 762 17979 19769 11536 17469 496 8 11635 13288 7184 9738 11152 11435 11115 8636 6073 3961 17672
2812 4676 10726 8553 677 6630 15306 13740 18420 7699 16806 1469 17733 17518 15101 3884 1923 9953 15051 12190 11621 19578 10817 11865 564 4897
19111 4187 17597 15369 11162 4229 13414 2962 16456 14116 11020 14233 9927 1753 12037 9214 1629 401 18970 5379 5354 16389 15650 12800 2698 9681
7935 10512 548 12712 5135 7065 7031 13001 7001 17109 776 7898 13249 14432 19669 19950 12029 4945 6932 17296 19909 17770 5073 13475 16090 2440
8003 5288 3315 9942 12836 4209 13584 14121 18692 15624 18414 18626 15273 2412 4757 18715 8892 11043 6379 16529 13800 15469 13038 14235 7981 12102
10004 14772 14538 9959 9016 19585 12296 14941 5149 2964 403 18844 8463 14124 8832 16033 18817 7612 9768 11376 9205 1509 13687 13711 14937 13492
7376 6261 17341 4332 821 8312 7018 4970 18096 17578 12244 11689 16943 8195 1456 13365 412 13745 11373 10313 1535 19300 12380 16558 9822 14141
5902 2705 1442 435 2993 12415 2415 5152 15816 16401 10655 6094 590 15023 17418 7204 15483 10934 17334 5757 4262 6249 10779 2388 6282 16773
5815 19949 13577 12363 4579 18728 12583 12741 11330 2523 15045 8320 13011 10393 13463 3820 13941 18203 10707 8492 19675 18196 13506 7648 8993 8264
7159 7394 16830 13523 11728 3686 18329 1426 19613 3433 7067 12032 12695 16166 7678 17785 6450 12914 238 4689 18031 18695 16063 8332 11230 15960
11350 13182 5046 14045 11148 16005 6236 18678 15427 16868 11472 16890 6978 8228 9118 862 763 3012 2532 1505 3013 17809 4440 7098 4691 1106
12963 10439 19253 948 7758 4910 11012 8269 14956 1922 3058 13327 7607 19376 1572 4011 10126 10486 2735 11384 2815 14065 8429 2723 11610 15700
4622 15758 8427 2939 11999 9404 15044 18009 2613 17878 254 7833 17142 19366 15901 5045 1367 6126 15079 15212 10849 2820 15907 9051 3686 15991
12046 14288 1731 9107 14281 18976 16614 10423 9770 6511 18608 399 16333 11754 2727 7625 6676 6367 2546 16771 17170 259 5860 18198 16871 2409
10635 237 2320 16249 12651 4989 1435 18417 9381 10620 1125 1801 12265 10161 17224 2735 9843 516 14291 951 19849 5532 12406 17613 230 17520
9876 11592 4364 18467 8579 10776 19288 19861 1200 3579 4324 11391 10800 19119 6342 20 11220 9878 19677 11462 15662 9881 395 18606 12026 6199
11731 18795 4033 3183 17397 9716 7544 12274 8681 2402 2121 9695 3864 19271 16182 17679 16254 17166 1008 8395 5202 10010 6794 3516 13711 19803
3848 17868 18611 19311 6555 8509 3081 11570 19658 15446 12253 3064 6478 10403 2716 1192 14841 5441 17116 6853 17830 19640 5896 13680 12348 1983
13168 12588 13300 7572 11462 11103 10529 3264 13482 4764 15616 10798 4872 5204 5305 19205 16229 2818 15569 2763 14867 11979 17613 15178 17532 18916
2084 18399 19646 15798 13850 19295 19638 19159 7914 2918 9968 17964 11063 15448 605 10748 10595 12053 6134 12412 3963 12909 12661 9971 9 10490
8339 12537 4908 3236 19770 13425 19260 11357 19716 6970 12179 7218 2741 8910 18251 10549 9908 2946 2983 8797 770 4075 15902 4116 19386 2397
18181 18477 1337 9627 1062 14938 6109 13507 9711 15589 854 17694 4820 8240 5094 15170 19137 8884 2123 5151 1948 8990 11574 7497 11917 12445
691 9570 17838 2341 15769 6125 4117 2715 1371 567 11450 171 13360 18632 12268 4861 8738 16820 2536 10346 4360 6696 15982 5023 14914 1174
7752 15529 15050 9069 7068 3621 2493 8481 11550 9469 381 4343 19258 16696 8214 7097 2179 1778 11128 2957 4475 9624 12928 8494 10338 11026
3737 14444 8946 5845 3321 14073 19157 1730 7656 4737 15281 4616 5012 19695 10514 14687 11687 3682 18416 4383 5710 12675 15399 14248 7334 7254
10520 2505 1315 5395 3324 8264 325 691 12727 4253 17743 8123 384 14372 18695 12108 2157 9072 14260 3706 4851 16950 18496 1251 6282 10370
5401 7956 12701 18547 11827 12162 11780 8277 16256 16298 8936 19352 12496 14230 14115 9962 624 6897 19046 19140 15445 13224 4023 6649 11150 15067
10949 8280 7735 4953 12877 389 5680 7867 448 1910 6733 12301 6012 16949 6659 13964 15238 1725 1219 1479 10822 18610 19303 16427 6407 690
922 11372 12722 16317 4982 17667 19815 4403 9464 14920 11431 19559 16579 6514 8474 13607 13123 17855 2042 305 15711 5794 2456 10097 6234 10126
19373 432 11905 11455 12739 14680 16935 7421 16016 17924 4330 11418 9315 7928 18202 16107 13368 19071 9261 12263 8298 14375 8606 9652 18945 15090
19805 12132 6115 4775 2520 10251 16675 8664 19473 7399 5651 19085 10166 344 17731 16006 4798 19488 15332 13012 10758 3783 6406 18297 12393 2217
5829 2396 5487 7041 3934 1674 19416 1740 5005 11006 4723 10930 8435 9077 16440 18324 19880 19141 7393 9206 5617 10595 10288 9634 13910 188
4696 17142 6333 1313 11564 15441 7226 6143 71 6334 10159 4990 2917 9041 17364 13652 13335 1745 10958 4138 6281 17512 4733 7724 12234 882
5374 17856 3255 4721 15030 14990 13668 15522 4804 17314 4272 5867 11680 18354 14934 17838 6110 4796 1352 9540 8747 11494 16882 4062 7407 14816
3602 19197 4829 19872 2908 18723 19490 286 12283 19982 14979 4563 11585 17675 2609 9706 14958 12548 6142 16390 16884 15107 16096 15320 15132 19393
5616 3632 14952 9194 12001 6085 5219 16058 18415 16870 6894 19650 3106 1938 11046 16732 7 4785 4706 17387 1460 11442 11418 11351 11479 12794
3476 16949 17367 12507 8985 14883 3944 9327 12132 12296 19245 1629 19767 2759 3148 17447 14013 14295 17300 11756 12833 7305 10830 12720 939 4855
3266 17001 14347 18479 6144 17797 7144 8947 7362 4578 13505 1107 19936 7402 8453 10277 9751 9663 17789 19032 12033 3581 17283 6782 17949 8313
9441 3984 7196 13377 1642 4496 9050 3117 18561 16347 17519 11814 10440 9049 2504 13910 2095 15642 5367 9888 8427 19708 5943 16898 10830 16370
10660 4679 11898 16390 3846 16757 18106 12154 18839 14977 3311 8298 13341 13165 18145 15076 18168 19391 7351 18740 19487 7121 17106 15494 5286 19191
10650 1731 5292 15520 8672 4562 15503 9875 1188 3480 19081 11715 10875 16722 19515 13626 712 3557 14983 15891 8938 6768 8587 12974 5693 4308
5744 6222 12509 14791 12947 19828 5142 2391 13220 19940 808 17056 12312 1025 7336 267 7727 14943 18771 2629 3430 6900 12610 19625 19332 5259
13893 14554 5799 17933 6904 9453 16406 13101 13583 13516 6432 4153 10724 14913 14766 308 16046 916 16833 10075 7787 5042 12347 16978 13998 295
11159 14344 1212 18330 3195 9577 13681 16551 15303 8738 8103 7888 4087 4686 9553 5700 7926 3959 17652 9572 2128 12401 8966 12298 4564 219
16296 9858 19697 6532 16444 9907 4782 6300 20 15339 19576 17823 18584 12612 4563 12884 7228 18490 5426 8585 6953 18921 13184 14246 3649 18410
12676 3593 6574 4162 7417 17227 1229 2755 1459 8834 1558 12563 14851 16877 11675 17640 3368 5232 3462 10177 17078 8389 3678 5545 5304 17864
16895 2379 14788 6010 18575 15606 17220 749 11461 13401 18207 1137 19085 9749 11796 14375 14435 19302 7727 7668 13517 9228 9097 6944 9144 17832
15913 17667 17028 9766 11033 3740 8805 7435 14169 12348 14146 8322 17385 1885 15312 19434 645 12282 8667 16971 7859 15377 11223 2962 641 18356
6928 8780 15730 6956 10330 8949 9122 5727 6474 2293 17950 11788 9102 16354 17492 14473 11200 12626 12965 9295 11601 8929 19911 10325 10971 10102
13493 7797 10236 5293 19108 3198 17688 19441 10535 27 18853 19538 7759 10691 11891 2535 10692 5332 7337 19779 6667 5755 10922 4648 12651 17927
10743 14404 15830 4377 13885 17340 6184 3794 14950 12161 15341 16894 425 10444 19922 1750 5993 14050 15574 13453 4066 1052 6508 17112 7488 16218
13173 7799 1341 19647 17310 2133 7496 9238 16527 2193 1774 11194 2824 16217 5409 12093 19772 14576 2384 5079 4875 8298 2003 10423 18018 18694
16625 12942 18873 14987 19824 12212 15572 3134 8234 10852 14117 18812 8249 6475 2417 6507 12501 6896 19039 11873 3954 2797 8178 6470 7444 725
13400 6138 18911 1012 9629 3048 14445 15587 8285 7416 2634 8979 8540 3971 11713 14249 9969 9748 9196 5787 2456 16499 1850 17929 13174 3554
10784 13601 2644 10061 14245 14205 19767 8737 5521 10260 19770 6090 16465 18469 8339 757 2989 5431 187 3805 13484 15904 2467 13688 6339 12307
10118 11996 19676 6240 6855 60 2263 9037 9429 3544 8837 7552 6680 16221 10540 6453 5068 10693 17564 8674 10015 9966 17230 11197 4588 1471
12363 5735 16091 3946 671 17967 10958 5902 11983 18023 13219 2245 5940 12887 889 5362 10278 3683 16580 4724 16997 6765 13680 1755 16866 6348
2146 18701 12912 6529 6367 4987 18049 1985 1381 13890 4054 1252 1281 13616 2825 7605 13 15141 15842 8489 1968 6100 17450 16441 16589 16161
2743 13945 17012 16546 7904 16730 19421 2079 5755 19603 11942 3875 7353 15487 7456 12074 11104 13984 6655 3830 11906 7499 4090 1678 2421 19511
9899 11392 12528 12885 5883 4825 3088 16555 15164 16046 3735 3745 13519 4172 6568 6908 11899 8567 17743 15153 12603 12705 19413 14066 3855 14175
598 6359 8172 12702 19203 13402 14901 5524 8367 18455 1823 14834 871 9771 302 6783 7703 4605 11320 12202 14634 19548 6652 15742 8296 2590
9316 9267 2707 5054 4162 4937 7292 19086 15400 8078 8122 3357 1157 12160 6904 4682 7666 1804 16093 12852 180 2788 5451 8059 12130 5624
9447 17697 6700 4992 8580 318 13067 8373 10394 8518 15102 16881 17124 17617 2268 10998 9414 9419 15616 19693 13729 17201 9824 2581 15218 4784
5291 3750 10417 14499 10481 19972 26 6924 19291 9711 15525 13919 16072 6460 17407 7110 11839 17929 18306 13985 19328 5310 3437 19265 1495 6177
9687 12290 15541 1433 12513 11729 17921 4777 5086 9598 5619 16169 16164 11129 3962 4892 11597 1212 17279 13546 542 10209 13769 7489 4803 1906
9126 12366 5229 4310 12800 19207 7519 2521 7949 3216 5112 4740 13437 11969 17661 8645 7810 3628 11275 18844 7927 1796 2316 9013 8216 5427
1490 975 12306 5491 17000 6323 18671 2081 9387 7222 12190 807 4528 8225 6366 1410 5379 11883 9891 18814 15273 17689 172 6957 17782 6445
7678 8465 7699 6187 5407 16469 17010 8844 5317 6344 8357 9736 1846 11306 11138 674 2616 1840 5099 3503 2947 5200 18646 8572 13829 5680
1229 8830 3757 15585 7279 9677 10560 11819 17550 12321 10311 15212 1487 4355 695 10247 8931 4665 12045 277 10049 7430 7416 19547 8600 13912
4816 13461 7108 8361 5001 13460 19575 19584 13316 12631 14890 10931 19969 16002 3943 345 10165 8634 9485 15394 6056 18485 4141 19641 1038 14971
12784 16414 8048 14580 13033 12840 16091 19311 6663 5757 7911 8514 11099 18774 37 14982 1005 4975 6677 118 7923 3279 5453 3365 8145 714
52 10564 2215 15845 10786 6011 16549 19295 12679 18043 12511 3930 19890 11128 8910 12660 17939 7984 3567 5214 9640 6189 12357 18333 11739 7256
10024 17900 8406 10657 6903 5356 10017 16734 5657 8890 18506 16038 16164 4032 15927 4148 2664 9936 17587 6138 3233 12586 14936 5136 15005 7272
18578 15562 9511 1866 15677 11907 6369 19797 3474 1958 1546 13520 10023 9580 19256 4469 19254 15498 4583 13938 11585 9678 9255 3907 14818 6969
578 333 12329 5859 5255 16127 16259 4078 4749 2918 15676 6025 16032 8651 4862 7657 18429 17534 9690 12409 15513 18659 870 2422 5802 18070
1673 17925 7707 1563 19742 13740 15534 11698 726 11989 5288 4568 8978 2130 1373 8700 4477 11036 18636 13625 14586 13122 5441 17952 17546 9966
1156 4527 3839 14527 7829 16795 2525 2331 12617 9790 19703 10218 16075 16005 8850 9815 5331 8838 19413 8889 14724 16880 11965 2856 11015 14605
1805 16749 7014 9802 19258 2532 6737 6987 12004 12294 4455 8775 10269 978 17036 10606 8482 18501 10814 8779 8099 4419 17421 12244 1085 3342
18823 8264 11118 8549 16237 2928 16553 6189 5481 2019 3817 4729 16827 6054 11740 5658 6014 3245 8850 7911 17056 7576 10822 14016 16603 8100
3749 8230 5221 8347 7043 5806 1809 19628 4862 5170 14572 15351 6859 2286 18193 6890 19490 4513 778 13910 6104 11675 900 7796 8067 14077
7976 15929 140 9410 6166 7473 7801 9260 4835 6573 7774 1886 15484 0 9203 8095 983 7505 9717 3930 10381 18254 6861 3364 8565 12544
15702 4643 14043 6014 6284 755 17033 9289 16811 11093 7545 19616 19298 19864 16357 2805 3060 12844 1665 17189 9970 3793 10088 14462 14653 8704
16276 9263 9233 12256 14165 4096 2858 9501 856 8992 15032 8443 26 7560 5621 12149 17859 5590 17226 13549 734 2895 1008 6112 19693 6448
5622 9930 19174 13623 4842 19965 10398 14341 17164 15059 18950 3839 9555 11909 17744 9046 16328 10307 15399 3534 17820 5255 19657 16042 146 17621
4014 11075 4817 14637 16739 9913 15327 12824 12617 14309 18797 12460 12671 16723 8457 17939 16310 4312 3862 14671 15583 18311 4173 6957 6465 13330
2710 15964 6329 2924 3888 10515 1567 17341 16412 4995 2726 3440 18538 6854 13913 18262 14466 281 279 5332 3353 6702 13674 18634 17539 13942
3031 9525 11033 10753 5363 10209 17177 14335 4086 5805 8338 10324 15198 8905 9879 7741 4479 14711 13194 1479 18348 13572 7472 19762 16779 211
7517 1982 7950 2205 8247 13125 2861 14076 5734 1529 13838 18840 17073 14215 13721 18308 14033 5980 14282 3176 13468 6584 255 3603 5524 5669
1833 19916 8634 16895 5516 13425 12364 9011 12541 7616 9656 19979 4813 9540 12038 13511 14378 19322 4056 16570 3470 2193 11100 13203 14004 7848
18206 4406 6910 12483 465 15616 5845 7172 8241 2027 5537 9685 12142 10883 15177 10514 794 4183 9341 8360 7838 18665 6059 6174 5705 5710
3475 15451 14216 904 3943 9591 16771 4133 9163 5738 8451 17107 11498 13373 14693 4620 16150 19114 1763 12351 945 13339 15080 11791 9576 8012
17169 9526 8894 1302 13234 11460 4938 16589 9936 14605 17652 10542 13159 18173 2014 10751 14120 4607 803 3878 5676 18779 18203 4211 7215 5656
2603 17580 15410 8713 8174 13278 10946 13764 10599 19223 11913 2327 10276 10096 14299 9135 8529 3308 19209 9043 17434 10760 12434 16137 10303 8874
19877 18665 2269 13668 3074 17645 4033 11179 19912 18746 197 5652 8060 8257 19975 15866 5578 5646 142 11398 18676 792 5978 16974 18751 11461
8119 650 18475 9336 12371 10085 8326 14677 10682 7322 17096 16498 16191 7234 14305 13380 16699 4421 15909 1361 16518 5854 16116 8010 17581 2842
3564 8249 12131 8077 4940 1605 3527 18319 17585 4487 3498 1857 881 7281 11937 19979 17988 1809 14223 8677 13703 17826 19532 18896 15923 9567
18659 3020 6880 10695 13228 14709 17868 3189 9210 17128 4481 11617 8831 5608 7817 7776 13243 11587 12196 12929 2015 4101 15461 13154 1405 12039
5519 13525 10831 18695 11963 2052 17994 2720 1287 7300 17355 750 4014 10146 12692 3740 19866 5379 8360 4451 5113 4787 15272 17979 11624 2650
5222 12734 7528 16655 10667 17401 6101 5311 15708 19086 19782 3260 6133 466 262 0 19362 19856 3864 13098 19433 1199 18875 7727 15310 5939
4207 12446 2863 6262 7846 19172 10328 1003 13305 11342 12145 9416 12694 4439 10240 10 10438 3414 3008 13313 8032 14842 19970 2552 5076 10691
19307 6702 19934 6301 18295 8671 6002 7682 3515 4019 15871 7683 13287 842 15625 7476 3176 19000 5143 131 7792 12418 4211 10106 2299 14775
7959 19297 17331 17329 3265 8580 13348 9168 14297 9122 11928 625 1043 15356 18078 1300 4096 6983 7413 15451 3651 14002 11264 1078 14153 19109
9563 9132 2809 14382 14586 13499 12267 18347 4488 4401 1364 2259 10325 10594 4127 5505 8770 19784 16263 8742 6206 4704 7109 12060 12327 6816
6357 4531 18989 3926 11690 2890 7003 5822 18363 10900 4866 4402 2057 17982 16529 12623 17350 9436 19655 17217 75 17444 8010 19569 19621 15818
2271 7860 6463 13595 923 14138 5693 17241 2584 7230 18723 19018 17118 10484 6577 14163 13076 5148 2862 9754 10604 17636 19620 9573 7951 8351
353 2754 5134 4787 15104 4378 1035 498 8286 6958 11606 9874 2041 12167 8394 14837 17020 5532 18325 10354 17650 8461 14773 9822 19271 12687
669 10674 18481 11588 8934 13748 3813 4509 16684 13165 10462 10285 2018 3235 8949 12048 9143 8379 42 15055 9697 10071 6859 5851 12376 14221
8816 12911 13746 6121 3880 4751 16222 4520 18786 10851 12660 8149 3004 13812 17536 19846 1136 7076 15509 14089 16623 3995 13781 18586 9953 6749
4761 10504 19300 5933 6225 15933 5857 12024 11372 5439 13682 7523 740 9696 7906 9985 14405 13196 16423 12816 8567 9320 15519 560 13851 2475
11220 866 18650 5832 12734 9608 18742 2142 12363 1223 2291 3000 248 12365 11246 5592 7778 16211 14278 9705 3461 14686 1317 3096 10233 5211
9769 18551 10102 9623 15941 3610 19713 608 18952 9833 1701 9608 10998 19564 5993 6985 16687 10680 2061 8431 14395 5838 8178 7979 5539 4065
2926 18971 18642 2690 1182 16689 6481 10941 15831 7524 9947 7758 10817 15067 9592 14272 8946 1847 12642 548 3096 4477 15292 2075 16394 8490
3883 12341 12016 6549 4251 13940 9391 9058 16167 5369 10096 12514 3057 9031 5548 3367 14867 6744 3486 10037 12279 17151 9606 16943 8641 19180
18664 13836 847 14878 14137 5196 13511 2800 10251 5164 8404 10268 15362 255 339 1183 12266 8660 5873 9619 19488 12607 19934 3665 4222 19930
9433 19641 2006 4494 5652 10382 15861 9307 16481 11173 17703 13717 13731 820 8402 17163 9159 17235 19631 545 4264 7714 378 687 16899 1511
1808 7994 992 10612 6679 12606 1592 10985 14689 16739 809 6850 15492 4043 5505 2551 13964 3239 11024 17626 2560 5335 18588 14903 16753 11985
14403 2703 6507 1028 14205 15546 5344 3232 10849 1091 16134 12266 5716 17670 15568 15411 4941 2550 8370 3775 3981 11646 15654 16572 16670 10663
1679 17304 19050 2336 18534 2497 778 8012 4253 3518 11355 18650 18496 10902 10342 12520 10048 2125 12014 3446 13754 14939 17887 3092 7225 14868
8624 19628 901 2448 19761 10844 10085 18679 17322 4550 2217 3408 3281 6277 2000 16299 5265 5279 16188 18792 18781 8074 323 18867 862 7306
10400 7554 3377 7538 17126 2397 18699 17259 18126 13538 7372 1671 2613 5482 1940 351 14845 10329 9634 10314 6643 5470 18630 6038 7414 446
5139 1190 9947 19653 8326 5907 7550 15085 18065 13145 16118 8774 2816 15094 903 1022 10706 9336 19214 3501 10702 2507 10307 16029 7203 10339
18296 17436 9590 4254 4788 7231 6938 13251 10472 11294 19690 1335 3346 15474 9169 13314 3117 19743 132 2195 2251 13494 15963 15381 2583 7959
1954 4798 3631 8868 18431 10907 14440 2222 19701 6005 15437 3809 13758 14373 6300 463 12929 8674 15510 4942 250 19194 8265 15469 15835 7797
4827 10321 5041 626 3632 18432 1449 8323 6107 12216 2196 2875 18739 8033 19828 3122 8340 101 8377 11931 9084 17874 2551 9673 11783 17202
6123 16331 9797 18703 14821 17779 10925 18590 15558 9318 4054 1386 11938 4007 16287 5916 11918 18032 19795 4219 4784 15862 5249 5341 5392 2278
2177 3042 7906 13077 7362 16908 3652 7837 5348 7883 3265 2458 2182 5607 10250 1078 5413 9612 12254 11502 13873 1963 2113 12676 3092 19230
10463 13923 8431 5039 9787 2196 9648 19922 248 17130 15426 19368 19311 5996 12307 17458 15019 1084 12938 17562 9147 5421 4339 1760 12010 4842
3396 11933 14949 18732 12450 19247 9806 12197 6778 15146 284 17836 11083 9326 13444 8219 9964 13510 8006 1828 11900 5392 16065 6377 2268 1555
4805 12711 6838 17059 6916 17275 16276 8922 6556 10512 7643 6575 6931 277 9264 6665 453 15735 7011 3885 718 18972 5350 9849 10367 10198
1317 8884 8425 4943 18552 10581 7563 2688 14830 7879 11440 3625 3172 12273 5525 2171 9325 3612 17440 9663 4000 1888 6065 16746 10392 14117
16025 16424 9405 11853 7230 17352 5700 6385 729 4195 4803 7495 301 16383 3305 18415 9815 14316 2975 2626 19615 14291 19582 9462 11160 15005
3437 3469 6070 8268 1485 2856 15879 10073 16610 8519 1037 19993 8605 5288 13861 2087 10677 14170 12682 12328 4001 462 13460 13718 11148 8231
12659 2089 12253 15359 15472 5360 6287 15066 1525 6511 7934 16734 5842 1337 11090 18062 13915 13036 10754 1107 7886 17632 14070 17876 2471 14751
8756 19430 4227 1904 14736 12292 18455 14336 4047 1735 13667 17579 8996 3529 18841 9061 2756 12724 19111 716 3779 6286 6160 12195 7165 17967
18314 16522 17057 10994 18477 2814 5375 18866 4811 13459 346 9489 13137 6281 7974 3732 2769 19957 5408 2768 12755 13760 4574 13470 9505 13978
4017 3412 8215 10740 19750 1745 9317 9797 9038 8420 10479 4007 2262 12875 11176 15675 19351 18286 563 10826 511 9195 1282 19650 532 1849
3587 19758 16818 16730 7343 4933 11283 17603 14741 4946 8799 4214 3884 18872 525 13276 8486 12014 16392 5767 18887 476 1874 13760 5273 1927
18825 4308 17019 13412 1211 9933 14192 5556 16797 3685 15930 13414 15553 2922 18909 9121 6391 15037 12173 3026 8682 866 7625 2429 6152 12738
12161 7781 18310 18875 19 5389 2354 16823 16188 5484 6312 2981 10907 8950 11668 6340 4938 7646 3995 5806 8309 15876 12752 10467 18303 14880
9035 14566 19242 910 17355 2150 6208 11281 7664 15324 11364 4814 1113 17899 1090 1291 1887 16234 7657 7766 14157 15510 15588 2352 2520 15385
12683 12495 5569 13265 2820 14898 3757 4826 5646 8550 4074 2537 777 15536 11734 1565 12206 834 12177 1484 16175 16378 11383 5911 12491 13046
16456 12233 4008 1857 17369 17307 13257 10576 862 8957 9581 16412 16746 4904 8096 10595 14063 16407 13100 13037 18790 17302 19940 7192 3081 7941
5061 6140 11766 5008 16833 8139 16815 18235 8237 11201 11026 16783 7503 9718 18159 1264 5942 3886 6282 13933 8653 6925 8310 13373 4451 14301
11108 12448 16090 12721 1070 7433 54 1169 7876 9537 18525 13682 3898 6552 6798 19413 12981 1493 12300 5291 1975 15617 16219 14091 8569 19442
3330 10195 10386 15949 12321 16999 13052 4068 3519 3508 5745 3126 8787 12898 16097 6498 4364 18833 5974 17900 1651 10863 2354 10721 12847 17300
17399 10007 5454 19702 1591 13388 7631 1573 12847 3854 2039 8609 3737 18948 17484 5348 17312 1978 15262 15274 11952 822 18981 737 606 5909
16241 5320 5834 11455 3216 553 417 9901 7150 1826 7236 14237 636 10239 4081 10801 3525 14253 9264 16116 9319 5086 18492 11774 6502 7163
1416 18376 7599 6608 5563 13217 11459 8562 1357 14828 3283 16273 12706 2605 16031 11287 13159 9119 18788 16624 10695 10284 11328 7558 10189 7812
14133 18284 10973 11304 4042 8228 16721 15013 13459 9409 4636 455 2048 14369 19571 13211 827 10259 7831 8147 16898 5432 1352 2212 3327 332
16775 16431 10301 14160 897 8001 13130 2926 4139 19001 9686 7334 3528 10089 6040 10533 13035 17037 12778 1770 18165 4100 17641 878 5163 9198
4744 19311 8958 13811 9377 13471 5680 13348 1848 6955 2848 17538 16108 5104 8271 9122 9356 5310 1897 14071 15194 8846 17335 5395 406 17545
6721 12244 17071 5651 8688 5467 11880 17453 8560 17549 18999 487 17276 1294 2287 11755 2605 8561 11847 6079 19461 8464 7198 549 8766 14429
5598 10520 10909 12624 15918 1111 12401 4937 18839 13111 15810 5258 11455 9822 1480 12532 16650 3792 3905 13612 19135 8338 3953 4777 14497 12816
1132 9070 1053 5967 19900 16074 19317 4346 11956 17083 12043 19672 18695 1849 16835 274 10704 4040 18654 17299 1779 8533 9827 15107 13357 14249
3918 16070 12702 993 10693 14250 19951 12621 722 15481 5286 10979 15250 18815 6906 1267 13158 12185 5395 3191 11952 16883 14605 19203 15638 10118
19099 7621 16468 13561 15912 14799 9282 19290 7644 19031 19467 10307 619 2355 10717 14289 89 6250 5158 5012 4168 16964 14055 15927 18531 16759
4066 11287 16161 3729 18000 9231 15212 10434 16341 19732 11510 16399 14461 7938 14327 13195 19899 779 8350 16647 13835 197 7080 18519 7938 8689
2282 4338 3827 14801 13264 15062 5104 18590 9525 8380 17411 6533 17340 7691 7354 35 10279 16589 18330 9951 4629 16374 11964 2183 10914 6046
6619 16260 220 10309 15362 14385 13546 17274 2051 17542 8196 9757 17358 10113 15175 10150 1889 10369 1945 17662 9669 15241 14773 14991 17302 17107
1889 14732 17307 10623 9046 13068 15981 19149 9560 5817 476 15004 6636 2412 3158 10873 2894 8048 15815 8373 19059 7243 4357 3405 6808 8741
9947 4011 9182 13267 14123 1527 7177 17564 4304 10035 17844 3281 6337 10286 6297 8292 16687 19042 18656 7902 5293 5140 7925 9222 1822 8155
10808 4533 4628 2799 4093 19666 19001 5398 13685 9915 2105 7485 13028 17879 4779 608 2456 13361 2187 15424 12139 8270 4898 17313 12356 10373
13603 8607 1196 5607 9055 16987 13987 6509 12625 9166 1454 6795 16580 14649 14816 15686 3850 8217 8163 10088 10387 1665 9286 16492 18197 9547
2695 15911 1675 8342 7591 7134 19532 13655 2970 12845 14906 17972 2571 1274 2151 12117 13550 11996 17035 16250 11513 14176 2147 16962 6578 6872
16267 19000 15208 9751 6335 17593 15903 6709 8215 19761 12789 17964 7840 10423 10737 4647 5144 12210 11429 18898 3069 17792 10771 17586 1913 8673
13919 19676 16027 15409 14930 6889 8138 14581 2578 15800 9747 15427 6046 6175 17808 13315 6629 11982 821 9173 3504 14636 11846 9717 13151 9745
7829 16236 14462 10877 18192 14470 9717 15440 10428 8595 7788 16256 2381 16312 6048 11858 15740 7083 9161 16756 14762 1511 18419 7957 8741 3148
18226 8763 2849 12244 10612 19818 14578 8678 9487 19601 11434 16751 13390 2636 7679 10506 19529 811 12188 11228 8568 8777 12435 1574 2163 7420
13525 13619 10619 16039 10928 7935 18344 19488 1471 410 783 2156 7136 14808 14167 4550 5332 9913 10372 6057 19836 11712 360 12481 8082 13315
4377 12768 19739 9007 11035 8208 11350 6863 18338 2738 3970 14432 14118 3327 6938 9764 9860 19732 18278 15178 15725 11856 3188 308 15645 11987
18112 2890 15160 16261 2315 7403 13315 17428 12645 16441 1365 5459 450 13187 6693 14931 1811 6774 6920 17266 3818 14461 18051 7258 10873 6143
16152 18074 14450 18434 8253 1784 15122 12518 14875 18451 15592 9775 16926 1635 12969 10828 9599 1256 8007 12713 10428 13342 12109 670 19591 15240
3474 18289 13675 12823 7104 2975 4430 12970 6770 6006 4830 8655 3322 15852 8852 13050 18882 7690 18169 17931 10244 18945 15618 10402 5970 19946
7087 5694 13958 3883 18042 453 7611 13810 4261 13318 2021 7493 5385 16182 2838 18188 1725 19914 417 5709 6145 2029 18814 18001 2725 14650
16967 14769 4462 7411 2812 19919 19095 14895 11922 18570 18859 9896 10298 2520 8904 3752 4211 9009 13219 16857 1258 3241 11381 15252 5362 17843
15410 19503 3366 7424 6624 16417 14063 19127 16012 9709 748 7718 9766 13179 12854 11313 16533 13681 2043 12281 4798 17617 7824 7813 11570 5917
1746 17471 11176 9875 19564 11730 8050 12021 3237 7392 7133 8755 13060 1756 12585 10483 13471 19997 18804 16214 1538 16753 18246 11096 19606 1844
17829 11699 235 6464 17820 12127 15808 17854 17923 7263 12672 81 1294 4525 6439 7822 17071 3111 16544 16129 3271 11963 13208 18761 13619 7535
8153 4036 7463 18159 3249 10554 3148 19186 7621 19694 10993 16014 7603 13266 2330 4253 18207 784 15980 1806 10793 12612 7161 18161 19221 6395
14695 5829 13210 5461 7189 10200 4541 9055 8442 8180 9462 16161 6663 5285 18582 16074 14999 336 7118 16290 1705 18748 17792 3895 6383 18304
1195 3908 9359 14872 1975 15253 2428 2012 4839 9848 12708 1311 14507 12505 16302 11033 7085 17272 10318 17449 17556 3602 15925 4409 4796 7056
15377 5184 17142 3917 14020 8023 2943 8360 5777 10563 11622 17034 5321 15966 404 11388 1713 18587 9185 7907 14430 18382 4377 4179 787 7257
7370 10801 5105 4885 3896 18088 11536 17217 13053 13573 15391 11982 8239 13732 9798 7365 17135 19205 19811 6403 150 2164 8938 18414 14157 18446
7193 10745 10020 9004 18927 14477 10357 13290 14994 5626 6474 13840 10395 15469 11586 18029 8373 13902 18484 12681 17629 6920 6675 17036 8085 10958
8298 12758 11984 16690 12379 13713 16986 11883 12929 235 17016 1279 4295 14741 396 14024 2957 10969 8646 9915 5522 14603 224 18783 3656 5778
3005 13280 16176 1633 3363 19732 7385 10871 16397 16846 15892 7669 15060 12435 8707 10245 10843 2000 10074 1440 11440 10887 16882 2690 11253 13915
6087 19724 279 6305 7295 15180 5580 14439 1197 5985 17956 2785 10076 2797 12801 12048 8701 2248 4817 4453 10276 1206 18171 6483 19732 12597
2405 17677 6930 18145 18898 5162 3968 4671 6156 7615 13179 12044 8277 8708 6617 3180 18530 4370 1697 11471 795 16672 11798 682 17404 11428
14138 11150 2683 18935 15512 13577 16495 9232 1853 12254 7292 3477 16428 3116 4844 1713 13927 9184 12642 6390 18658 11126 2868 13297 8241 3011
2814 17158 15490 9428 13012 18591 18215 17452 4748 7860 6029 769 14957 16404 12657 10320 1155 2720 3979 9568 12595 4830 3821 10413 2694 1176
5497 450 17056 19058 1722 14940 13304 6788 1781 19924 6723 14716 2156 667 12014 18808 9210 19712 2058 1774 12002 8344 12700 2431 12489 18661
1074 4855 18262 10203 2837 18509 5875 13279 11489 15267 4802 9720 13731 18672 4811 18769 18697 14379 668 13282 8060 7971 11775 2941 8927 107
9477 14762 1793 7770 19896 8836 19418 16010 5516 14951 19869 10628 12055 10725 4746 1986 3871 16405 952 11055 19931 17934 7995 11503 16725 9431
15536 12204 9177 10956 17355 8614 3049 1216 2165 4716 10275 5199 9653 13993 8100 1109 11047 15786 14107 1310 875 14754 7807 3437 4507 11721
11067 8614 15883 16752 10496 371 13721 18570 1245 1309 140 3205 9338 6101 18253 9139 2349 16116 12767 11448 15496 4999 10560 4254 10904 8827
11005 12290 9396 13210 3005 19662 9632 18537 4445 4559 13972 821 19313 12030 3369 19454 16811 7112 6069 15500 15417 5196 7078 1940 952 5117
10867 5729 9724 13681 1288 9802 11482 15889 11025 16608 2220 16027 6341 1397 16650 7303 1578 18852 15563 19540 18615 9410 9088 9398 1030 10515
7967 3411 12922 7981 13371 762 13530 14852 9258 593 4580 9984 12929 15494 2947 6941 1341 3325 12135 6016 8809 736 18870 228 3484 19196
12824 16935 16937 16922 4153 19134 13334 7872 4878 1003 867 1662 4389 154 10233 6018 10594 11945 8553 18813 19260 14736 1690 6194 4956 4824
4024 4009 16311 14541 11122 16613 12140 4565 19870 17902 17350 14634 16298 17715 6205 2545 8023 9663 1111 1436 12552 12210 306 8415 1624 3882
18498 3746 12822 8213 11074 4408 8547 5119 12059 11192 866 13949 19688 11253 3706 4022 9637 15669 14669 3910 14934 10087 18549 7490 17801 5417
17081 10705 2394 17945 19095 4274 15870 1575 1845 13951 14284 7395 5181 667 2840 11011 13576 1744 365 7658 19552 5394 7015 15948 18845 18347
13456 17008 16903 1901 10719 1065 5189 10154 10242 14360 4746 3762 2227 12162 2896 7040 5786 12404 12671 16071 3926 13776 16280 336 3317 574
3586 11034 8306 1131 13562 14231 1408 4645 7364 17262 2238 15467 14528 19717 16170 14469 16730 6245 395 8944 19278 2543 16814 16677 13844 6012
5654 3693 5250 19003 7756 3477 17345 13756 15880 6929 3241 8295 12259 14680 3681 19884 2928 9032 10451 4532 1845 14658 3326 18559 10314 1672
7025 15269 1571 15563 12401 4839 12599 5942 4457 16073 5828 10877 4628 7085 7893 7765 8241 3125 3546 10702 17103 19842 66 16355 6956 10298
9680 1913 11333 19451 15727 5669 2481 19311 18666 2646 5293 4431 16165 7803 4792 7976 12513 11291 10956 11387 8747 17267 10357 12191 13891 1273
5297 381 7335 12083 7980 3511 5741 1289 19703 16299 1122 4736 14926 14654 4351 1636 8314 5525 7232 9809 1176 7084 12373 14219 17229 1846
16609 18770 8418 12369 7839 2807 2100 4285 13393 9778 12932 17066 2630 14245 3321 12919 17491 3589 10936 7421 2747 9656 3703 15983 5111 9759
15962 12482 8632 3256 3197 16890 12676 11298 9253 9391 5247 6905 9282 15039 3258 19911 4188 19801 11848 16168 1522 14398 4722 7589 15834 13459
1960 2145 4041 17280 13963 16298 4747 4313 9746 14015 19653 11759 14107 5960 8862 4917 4504 14689 8256 2645 459 15613 19638 18765 18508 2165
16084 11080 7452 14780 9542 9762 2803 2015 17467 18133 8128 18797 18803 5684 16913 13509 5949 18268 14868 19315 8438 9683 10417 6151 17834 19905
17624 9787 12429 6887 6776 11683 19295 14643 3815 7783 9455 9341 7614 7762 4703 16357 7162 6881 18490 1079 5559 18235 4101 11024 13097 3909
14805 1653 13259 9707 6620 10429 18379 6601 13730 13118 7158 6539 8902 7351 9307 6166 15533 14309 9946 18461 13891 13481 2538 3526 19281 13532
19224 19210 6823 2826 1655 3682 10567 4021 19385 16762 2077 17906 10299 1287 10773 15927 3119 15919 8656 7028 15492 1562 5545 15282 10624 19749
10784 12489 15557 16710 4388 14481 8653 9359 7406 18591 13064 1942 428 2300 845 8615 19906 12158 8048 819 15207 17134 3776 12254 2717 17637
17603 18066 4896 2616 19567 17904 9993 18196 12996 12594 10461 5315 10563 279 14834 4209 1238 15805 4143 16896 16471 14764 3429 1537 10845 528
6737 16597 10845 4235 3174 3765 17630 4753 18759 13046 13576 14792 14974 1976 4142 18126 2687 396 19697 14025 13738 11304 10867 11500 6235 5061
2127 13984 13317 5652 13724 15187 19503 1169 8656 0 8443 11790 8078 12461 4910 16424 14484 17957 1434 14947 19258 14595 19603 4672 307 1306
7507 11936 15188 7072 4356 11917 15297 9278 7374 12760 4567 11857 6124 16496 12050 9152 13997 16971 4326 42 17173 13567 10217 12599 117 11429
3775 3615 6998 16293 9430 4392 11471 9381 16159 1889 1672 14716 4048 14806 14468 17135 14486 4652 2567 14626 17134 8145 4600 17719 4902 17646
19489 11416 11686 7489 2904 10884 16975 12838 18006 12258 14466 10769 8882 4982 2510 2069 2648 11931 9312 14072 14365 15569 10266 18069 13810 7274
3282 6328 9296 12072 3853 1473 12736 8792 8845 8791 6530 4709 961 17350 7573 6953 9858 1879 8045 18289 6448 19549 7708 6398 11308 4435
12589 16125 4790 10000 17774 8888 7450 19462 1863 11217 9058 4663 19778 2452 19571 10574 8246 6377 12152 16688 10405 4823 15377 7108 1501 7735
8453 12089 12549 5762 17983 5052 19254 16103 2542 11055 15815 13665 6234 13194 6619 9899 11951 17090 267 2911 1851 4061 3209 7475 6916 15540
5518 12600 12928 18328 6030 9429 8825 19770 3812 12225 19392 9513 14648 12181 10559 4351 3958 13751 16308 19163 17270 19164 5928 7806 3808 15232
832 14357 10927 8300 7 19532 9979 14012 16980 713 8683 12941 16756 2292 7565 12844 4803 2686 10392 18157 13784 2214 8002 19960 13619 14111
17779 747 18493 12997 3911 516 9974 13567 15172 13394 11800 8896 4963 2539 11674 19419 3782 19530 13207 6344 10387 19496 71 1593 18339 12885
2548 10734 8503 10214 13915 14188 4781 15838 1758 3002 8110 15632 3215 1210 4370 4053 16845 12159 14510 1941 4431 12631 15949 14571 12654 577
19133 12162 8035 13607 129 4264 4957 8715 99 13903 497 4557 9922 12951 17918 19699 6250 11906 10779 15187 13307 9805 19070 18822 19242 13901
3272 16726 7749 14046 13476 1845 18177 5481 11353 13731 13950 14724 14034 5147 4642 16749 9769 11493 16653 18444 14083 5206 14805 18110 17000 3568
3539 15169 10306 5218 11378 12747 15066 19145 13879 1016 19486 3768 19445 2890 19193 8009 18362 11708 19687 2618 15436 5055 4124 14588 3627 5113
4519 2821 19724 15054 4057 15692 16227 10414 3576 13184 5969 15726 4262 4977 3452 13794 1480 9085 15057 6062 7838 14916 2371 2296 5103 13236
13747 2049 11484 15088 3780 8768 8623 2 7765 3873 12232 16265 7849 11560 12586 5678 17790 169 6290 7539 13420 18737 11443 4476 6662 8233
8339 8815 10577 4344 7226 17184 14055 13828 12528 13155 11574 14186 18349 17115 3264 15897 10868 386 13651 3895 18133 6790 11577 4654 18424 12069
2545 18912 4251 765 15900 7515 19642 1956 9446 12917 12357 7626 19200 15404 18688 16112 16199 14244 19108 16894 5382 13882 12173 10123 11741 11848
1245 15740 12750 4921 15982 19378 11167 17025 9874 14764 16171 5376 7079 8976 16803 13274 2422 5616 612 7771 4978 12003 14678 3953 14047 9713
15835 14635 14234 10030 4589 7479 4344 8519 12824 5493 4911 13010 15451 6116 1525 14228 11979 13662 18731 1325 18304 8815 11857 7836 16988 4290
8803 13183 9934 18712 4715 2180 2816 4593 3638 6379 13663 9239 2368 8316 13398 17759 3254 16553 5242 1933 13468 11375 5599 17266 19320 8601
16392 19674 3843 1359 7640 13443 16577 10958 4377 17186 7316 3316 2680 12921 9973 2184 40 17689 6869 16482 14738 18219 19092 8084 12897 745
1757 11988 13943 17369 5113 6808 10580 11102 8798 15724 4901 15241 13968 1006 3464 4786 10931 2872 5934 19213 8516 14951 33 6163 11852 11474
17518 13659 16434 2891 5165 10432 17355 11532 1185 3247 6818 382 3766 12914 6074 10470 13342 19193 11482 2360 17887 2086 9166 5036 18938 19650
11616 14967 8701 8063 14772 17288 10999 16729 7302 11338 9713 6881 15391 13453 835 10738 1694 14723 5189 8032 15083 4455 5472 2067 11522 9298
12062 17081 16345 16857 11700 7222 2171 4045 15489 8936 12061 8159 13494 14839 13139 17791 19065 2699 1005 10797 11381 10692 18010 19093 5781 15744
14090 1802 12747 10899 14847 5378 8631 2371 15787 6248 1130 7332 4650 15983 4114 1349 6232 18999 12189 5245 1141 5017 5557 2717 5724 19306
5740 6954 19175 9120 2205 3386 17752 402 8323 13817 3770 19456 18308 9618 17278 11683 19893 19722 11708 15238 17181 6038 17529 10060 16324 17244
602 677 4004 17173 15715 13545 3147 1431 11673 13674 6664 16622 10547 4972 17670 18191 16339 13688 5759 5098 10251 4388 18933 15758 3673 6779
9775 7673 6304 19410 3768 6353 2280 17783 19549 11440 3252 7417 3034 1805 10787 7078 15762 11059 1068 342 14193 8240 10708 9877 7824 7823
7902 1713 15630 112 12171 8906 15513 1854 429 13086 19051 11309 5014 7723 1738 19645 9358 1945 10337 396 9039 14991 11047 5354 10360 6899
189 5827 12222 5627 9985 649 14182 19765 10279 14491 7265 4305 10567 1307 1367 9708 11366 13868 13194 8869 10979 17736 6386 18738 17261 17689
329 3521 19237 4766 424 6025 10938 5078 15732 17853 6897 815 19086 6124 12398 11670 680 12026 3886 13828 15664 8380 13729 14807 10164 18466
14678 11597 14364 5653 3686 2570 2717 8654 4389 18381 18877 18595 45 15700 18889 7849 1125 7217 15513 19209 5920 7404 14747 14779 17079 12198
11588 8075 14378 1499 9108 545 4900 10046 12373 7577 7997 6529 17201 10980 12706 6484 4479 7536 4624 16263 17548 16891 136 15518 18441 16009
4467 14809 3014 17382 600 3522 7021 18029 13318 15407 10109 1761 3570 10511 9412 5238 11701 5871 14137 16177 1791 11638 6587 6699 4461 12908
5213 1456 2867 17830 15711 7389 1313 16962 10738 1784 8354 12168 2173 15383 921 8474 5223 16296 14490 3552 12835 18621 4618 2594 7961 9875
17490 1271 7217 12208 6816 1288 5237 19526 19377 18624 13996 12764 14905 129 19064 1693 9526 3482 1925 10328 11067 17478 13060 14838 14657 14980
16687 3868 1435 15337 16354 2169 437 3407 2150 4235 9175 5467 464 5059 11342 795 1419 18190 4441 7771 2505 2665 15516 10493 5728 17247
5265 3638 5729 19531 9065 9542 6828 1941 10996 15132 3518 11922 14496 9325 4735 2533 9480 6295 8703 9989 8229 19511 19684 6807 18548 17753
12312 17932 4161 13292 15446 2452 2469 19194 3873 10812 16007 9101 17828 18691 8056 8271 13159 15673 153 5032 4083 19339 383 8944 11856 6447
3638 12085 5663 8185 13871 16634 14813 5100 18603 16456 17743 4886 6553 1468 4793 9969 4208 6778 13795 5911 10335 6272 2175 2519 15561 692
13607 3723 13894 11272 9857 6901 6922 12339 6137 11993 307 235 5536 13089 13887 17580 16225 4173 9515 18588 8443 16131 79 2868 9738 19955
10524 11839 13738 16755 2742 11465 12109 11139 19329 14775 8021 19553 9648 15778 16933 16954 5612 3719 15075 10895 12865 10728 15684 1927 18774 16169
6261 5464 10563 4768 9788 7670 8956 659 1851 12245 2094 12005 8306 19229 15578 4406 12933 12667 18533 13730 11194 4087 7603 5781 11271 1872
15033 18236 9923 15039 7685 6191 17625 4621 1694 19334 6778 15310 8779 215 16790 4372 18832 15211 18605 12655 10226 12376 13653 6539 18448 2275
18763 10493 2376 18465 11637 12837 8150 332 1939 19024 9936 5291 13979 1311 889 18711 18393 6183 8638 1894 12923 4924 8929 3892 2275 15932
5785 14750 1130 1627 10455 12371 15180 7973 18468 4354 11234 2412 11727 12394 3694 15026 14851 4405 15259 3970 18959 540 13827 1785 8567 14413
1404 19933 10041 10133 8563 14708 1638 2349 6217 7100 6100 1578 4215 7567 13864 2891 15493 14365 19654 14445 10328 4966 18861 15649 2566 7318
16867 8880 14264 7572 18744 16850 5693 16255 6414 11707 10052 19188 672 8793 3156 15641 19768 12812 16860 5506 15424 15692 18353 11580 19698 16269
15889 3136 13509 4727 10591 6956 19931 19184 10917 1161 880 14377 9554 14058 5342 18543 8038 3834 9690 1820 17035 7239 11650 13069 2835 251
15137 10125 2720 5539 7367 4459 11238 12413 9363 2006 8924 14668 1271 3742 2733 17384 9756 8759 15680 16936 18431 5648 11458 16572 6512 19980
8569 6145 16424 1930 1629 17741 9227 17571 10869 14856 4897 8166 12218 5513 15511 16483 2997 13047 15605 18860 19666 3145 13273 6001 10622 287
7475 15650 7850 13710 15800 1764 15410 19023 10388 19205 13350 7292 7382 19075 10316 561 3180 14187 17149 10954 16262 15578 6754 13761 14928 7211
4106 16326 2897 5213 4306 157 925 7780 1561 17791 9289 18715 2758 16088 4619 4684 15412 15114 2124 16119 11505 12250 9015 19652 4016 8727
4081 6490 1641 3032 8297 3313 7291 18050 1232 18391 19718 5401 6951 1682 8619 7331 5359 10765 11933 9220 7271 13773 14498 3609 4433 16700
11275 18346 17279 2914 817 18911 18848 7563 13049 17031 6563 8231 7037 18021 9099 2672 6666 5815 11380 10595 19297 9875 1132 12826 1385 18885
6402 9710 11133 19305 6283 10613 3206 1982 8981 4023 3117 11755 15979 19223 6753 11965 15853 10062 13174 11931 17132 14549 429 16277 15306 4891
5053 1243 3193 9551 14675 8437 6730 17853 1512 18026 14732 6490 2615 16193 5166 1764 18349 19873 19851 13118 16287 7939 17524 1207 7605 3287
19255 8432 3125 293 16081 4840 17405 17394 12154 9603 1976 19052 3717 2076 16563 14034 18189 10522 15764 15086 456 19082 4231 2563 7662 18918
3863 8768 16286 8277 3141 9423 7956 9354 6523 942 2105 6869 19067 14246 7024 19415 5866 13487 13380 17529 9946 10254 5650 18345 6031 8366
2378 4217 5594 10087 5245 6998 4353 13100 10870 5388 9171 18283 10478 2628 17794 1004 19971 7938 5977 5988 10710 11830 6455 10156 13186 5132
6746 18874 78 8427 18258 9282 8246 14033 18547 16745 9791 8183 15621 11264 10043 6416 12398 11976 6050 11030 18997 11265 5142 7806 17215 3286
8919 6893 5350 4017 13317 587 5143 5319 13314 4438 3491 7782 14728 889 5877 14210 5853 4790 5416 8775 15378 4757 224 16111 12058 12409
10900 17659 6102 15015 6258 4010 4889 17918 8497 16380 2704 6387 4619 16741 17420 2331 4942 17044 10657 13859 6822 13815 15152 17163 8503 17381
8550 14028 11197 12186 2503 10656 3075 14306 14263 17201 17243 1214 7132 13150 19286 18072 3333 18879 18386 19349 12440 17850 6008 9451 19746 2865
2703 13072 8505 5550 19547 8044 8847 464 10097 460 8690 808 5254 2836 884 1353 16244 3692 12243 2102 19320 16666 13360 3697 9546 8617
7816 6633 11182 14809 2499 3180 4926 9770 2813 19629 14343 19814 6391 6817 6943 15773 10974 4453 4992 19810 16859 9108 6128 12558 6877 5539
4812 12069 14830 15875 8854 5058 10045 15717 8701 17379 15843 18996 19776 12030 14027 3327 19044 17160 12237 15972 10835 6781 12984 13184 4083 1620
1715 17831 12102 7964 7792 19997 16435 4122 2932 13605 9395 8805 9350 5866 16105 8186 9301 18170 3932 9639 12554 14169 7377 18534 16307 15910
7519 17781 16586 11383 6378 13284 17939 6025 2199 10388 11616 19037 4298 18488 18633 11306 11811 11140 4721 7583 19446 14958 8002 370 8859 9328
6163 18463 8033 14840 1010 13073 6310 13220 4714 4493 8866 11380 12592 5268 13496 9520 5346 2243 16904 608 1419 15733 18033 18310 9761 12351
18363 15877 7495 5201 390 7686 6609 9554 5536 17978 8319 9418 18861 12728 3258 2804 12374 6715 7576 10874 16977 8319 14280 7384 19033 9355
13456 18202 16556 16422 16909 11877 1310 7743 7810 683 5046 14329 6523 2501 9721 12831 11129 227 18725 8892 7193 12442 14940 10007 3478 19396
460 6161 817 16026 17093 1750 5404 2873 19377 6962 10576 2794 5235 11109 16657 15202 9474 11429 9511 14488 17555 16231 4248 13709 6610 19744
2660 1526 747 2372 5256 3995 7540 6465 2073 3322 2662 14395 11498 12182 10571 17443 17614 5472 18877 18368 9156 19982 3084 3209 7216 147
2561 6554 891 14592 4293 4303 15573 10306 4797 11177 11163 18495 17470 16417 5050 16888 13894 12492 10731 19343 17723 6919 8331 9976 13578 16431
6709 15931 6012 12003 9427 2362 15385 13228 18662 5729 19000 13990 1168 16617 19290 16114 515 13457 15846 1293 9627 18320 11631 11100 17418 8723
2120 5349 1640 3611 14816 3731 19185 11988 8866 17442 3101 14244 3550 11086 6426 15069 19584 19398 11765 11230 16424 19245 19061 3060 19720 2933
19619 14290 10119 14311 16719 19157 7768 1773 4292 1620 13793 4533 12515 10085 13894 15349 8596 12045 12031 17088 17397 15353 15614 7002 19246 2061
2507 9673 8587 10916 3716 15014 7169 9052 17066 8847 12237 8759 14141 16265 1276 5381 1358 12402 3391 8132 405 3681 7000 2054 18096 19821
1653 12170 1878 19736 4258 8773 6630 10259 10474 4403 6186 9154 14692 17990 19447 19928 11122 9085 7383 6010 3879 17676 2203 17765 18692 4983
10016 17437 5770 13480 8530 10307 15849 6013 4655 13379 13472 7701 7249 16052 16378 8835 8937 10639 19562 5453 16491 5688 17329 10419 7946 11608
3345 7855 13410 970 5581 4652 5374 13454 10019 879 14004 11102 11704 6527 13241 2734 19309 3578 11662 16941 16833 4132 118 470 11778 7472
2179 15308 6070 18770 11974 13334 19250 14828 13393 1485 2365 3341 16249 7705 13184 335 6948 11772 11186 1866 19910 12851 14991 4196 5469 11942
12825 7295 19405 18423 13759 16994 5332 9636 17554 6963 11858 12310 3982 2603 10305 18696 330 8089 3407 6865 2160 3801 17772 10213 13652 12072
16495 15794 10542 1546 12863 835 15559 7201 5737 3521 10274 2640 14154 16702 7433 15445 16414 6505 18352 18980 5012 9421 5670 12763 2128 5990
5813 8760 1573 18981 18647 14659 9234 8962 5375 3957 5978 8849 19819 4703 8187 18121 11793 12869 124 13123 16356 15935 1399 10029 8664 12452
173 16594 4944 2534 17178 3846 4564 17857 3715 572 19216 8664 6304 8996 2436 17225 8646 6586 19431 4706 12537 11745 2116 15072 14287 13902
8911 4749 8802 17851 16029 5365 18698 16882 5764 18365 16285 14919 15349 360 2747 11166 5729 17575 1041 7270 14317 18127 11735 6698 18498 5974
11295 5869 7575 1301 7184 15165 15749 9993 11927 5177 11683 19893 18006 1429 9874 8748 8144 8525 19582 5482 12523 9078 94 12844 9800 19187
11379 17768 13725 17812 14607 5362 16458 15250 10766 1098 7672 4120 19584 12620 1250 11954 565 9501 9774 5580 11978 0 17026 1566 2843 19713
15408 5395 4948 1653 10972 3337 1697 6878 7475 17547 16532 2090 16295 3905 16166 8003 12268 9311 5942 3268 5665 17300 5501 10511 822 15296
6258 6303 14351 17847 17617 18164 12081 6144 15642 4290 3064 6151 3394 18953 10413 12389 11930 6036 5034 18801 14532 18331 14097 1200 9653 6134
6586 19519 2714 3634 14634 18833 9839 17175 8816 2282 1715 19769 2449 15728 11900 11218 4317 18598 14302 4247 16376 2356 17906 17095 6945 12579
5936 7328 6698 17503 6873 2050 15696 15487 6397 18735 10583 3216 5708 11445 10070 1731 9500 8508 18922 14359 11151 3780 13878 1585 19042 2290
11311 5669 19726 10298 5241 17624 2220 18164 1441 15908 19299 14708 18793 16545 2687 2562 1993 1773 11486 2320 4230 17433 5798 7935 9192 17766
13656 9304 13468 14344 9226 7910 2121 14126 14190 1165 17960 13788 19734 14791 19655 13137 5347 12282 8767 18139 7193 8123 8168 5432 5652 10452
9904 15583 11717 8750 11259 7138 10072 13411 17328 17416 9480 2294 8087 8678 10207 17427 12188 13830 17769 4453 8422 1343 6339 12062 16570 10013
9245 18898 15410 13857 18221 10264 5205 17420 6534 3990 10431 17345 17309 18625 19179 16089 11170 18944 5239 8627 11854 9705 17368 2869 8002 14465
15656 9002 137 16559 17486 4110 9821 6833 17576 7205 265 2060 18579 15061 13969 11778 7552 9168 9097 18193 14494 17280 17999 633 9693 2426
19501 7942 19008 18372 14669 8027 17742 9120 391 12606 19136 6442 845 3099 2567 1730 1043 19997 10186 3401 13002 3547 14307 9840 16791 3077
11005 14662 5200 1214 14824 14299 4103 2787 1140 13247 17000 7858 2671 17898 6081 12703 10927 5557 15335 9336 9634 8518 2052 9834 469 16611
14776 778 3382 15672 11437 5082 19478 17853 18069 11567 19766 2465 10842 12224 13023 15998 13562 17653 4126 18947 5943 5859 2996 5872 18428 7595
3595 16071 16285 16617 9993 13541 9290 14738 3499 16665 10462 1122 12613 4247 8845 6640 18571 1766 4060 1168 16417 17697 12190 15634 6133 14272
4214 3987 16347 12853 14315 16215 7438 13652 6038 2954 2508 6449 3419 4590 8351 15615 12480 3609 8558 7832 6066 10282 2907 17309 10604 6236
17096 12197 4462 1825 7120 2218 12010 4351 13536 7795 2085 2850 6304 16140 10964 10518 95 5302 4415 15654 13933 5887 13532 11243 14495 1417
8997 7556 1261 10270 1621 8161 11952 8488 11186 15987 8886 13228 2374 7134 4570 1523 14101 1870 11813 2132 2561 5150 10657 18990 12720 3886
17126 7396 7316 4552 14979 9383 5674 16040 12666 3591 16252 10363 7408 14863 3746 16842 15028 2227 4969 12053 10932 19035 101 8532 10265 10810
6530 14033 5130 15505 2766 5671 4195 4016 9438 8529 7075 7584 262 11768 7787 1949 6963 9293 2968 12665 18222 18549 9055 12475 18859 6046
3667 16458 16128 9992 11444 9926 12596 1034 10021 4843 11402 4725 6063 3049 1149 11116 9810 12461 4406 9354 4498 10056 8111 7995 7604 7060
6402 17884 15369 2555 17990 5990 627 15164 12114 1011 9124 8396 12647 17343 11827 10839 4758 3630 19850 17602 14569 2998 12884 9965 13742 16249
1183 2476 3976 3737 7352 14952 8241 9563 12855 7726 14010 13595 8574 4694 15478 11367 16351 695 14634 17517 3891 7688 2193 6831 16822 2424
4368 16394 2200 5305 6081 3461 8436 6349 15971 19341 1022 3186 6054 14782 12475 18241 1245 16034 10412 15948 4077 12082 19790 15381 15912 10
8305 4468 3150 11680 18566 16278 18683 16066 4964 10069 11281 5453 13443 19308 7726 19620 8445 3122 15007 5332 7450 15851 19065 14330 2545 4683
4506 332 4201 16382 12803 10391 10798 884 4159 14720 18081 2798 6208 8989 9109 6210 172 635 13471 8453 5335 10202 17088 15734 9640 1035
10592 4875 3247 12349 4377 8050 218 5136 72 12585 13402 4274 9457 5500 16790 10201 7966 5105 2885 3099 7932 10056 18067 2741 4931 15322
3069 15516 9852 6040 1378 7018 2373 3381 7736 9754 12759 4904 8254 10701 2010 5006 16939 9566 5759 10146 19877 2622 2123 19620 16966 19103
19918 4360 15675 15816 1346 5266 5904 4736 4028 11959 6709 12914 821 5673 18288 14520 12366 5107 13827 2717 15120 17098 8124 14371 12293 13161
