365
75 61 1 45 23 83 89 17 67 25 80 20 40 81 80 31 50 29 55 96 72 97 8 29 3 75
1497 11699 17320 1770 18699 12252 13927 17847 5484 13112 19904 8224 14475 15664 2956 2231 8277 14899 9544 5177 9600 4500 16934 3734 12940 6345
17159 4929 1945 6294 13287 4574 633 18244 2744 3266 3954 12616 16573 5627 13887 12887 8629 15402 4573 8136 19519 17254 2703 10483 18813 10136
4478 5488 16683 3074 11427 18390 10175 13550 5270 19729 4645 3601 18694 7265 6294 2081 18478 5858 13822 16761 1591 15094 7977 17131 8355 13243
10827 15592 1555 19635 19877 4009 16697 5244 14650 8833 2296 6685 13507 6310 11309 16453 16300 13005 14118 18439 16127 4656 2889 14500 9084 12570
15607 19684 15453 8999 1650 14730 18723 5202 2213 14738 16771 16368 18358 18162 387 8253 16829 19319 19251 15665 6715 2060 9681 5936 3214 4469
8081 16093 8903 4201 4669 6315 13759 16678 186 3693 434 17763 8472 5289 482 7160 13661 774 5633 16940 10276 7760 16009 11717 9283 11096
4304 16850 1466 1499 5322 1574 13508 18955 11212 17510 3216 17311 13634 9195 4345 16997 11978 10803 3583 10213 6666 3746 11700 11355 12472 14475
474 10030 2379 12822 9568 13368 10658 12313 5513 14967 15797 7151 19657 8360 16057 9219 1296 9257 1988 3126 14930 15626 4023 17484 19316 7314
13903 6167 18857 3096 18015 5571 1565 6612 7353 5307 12894 3556 4240 19678 19104 13566 13017 7862 8474 15249 18081 9668 10923 12629 18645 19472
18913 11145 9998 3395 6164 17392 12746 18762 11571 8835 11172 155 17389 4131 15977 10521 5708 8268 7959 1582 8282 2335 13225 13397 2267 15989
15837 12211 19726 11715 10861 14545 14197 7969 8658 2433 11064 11248 77 19488 8553 12735 4190 8178 16775 9027 16243 2867 9860 6857 88 4029
7559 18506 5215 14750 9106 6063 17298 1107 14133 735 18149 5705 18962 12904 15969 12406 8130 17869 18961 10200 1895 3953 5257 10369 6668 8286
13539 9434 16729 4957 9050 13649 5151 5644 4975 7646 8119 12681 10176 8384 1536 17471 17337 5948 12282 9606 5028 7445 3449 17426 10910 12502
9889 18450 17439 2442 9539 12468 11778 16323 5810 649 2544 1893 16786 19143 17379 992 16195 18623 5170 17875 5326 5435 15143 6773 14208 11318
4457 5380 13920 16773 2207 13735 9385 2383 1553 14703 15251 2024 1824 1528 16544 430 12459 6514 18864 8772 8445 5632 7206 1865 13166 13533
7747 9721 1146 16733 11059 13458 18548 1050 18140 197 5179 19528 10404 12652 8513 860 12866 13714 17268 10831 8895 3306 15028 17058 18360 7993
19601 11871 4601 13623 815 12602 16616 13688 4448 19714 19636 691 1385 9962 19530 4497 14360 19253 8613 6712 11847 16577 837 10597 19531 7254
18888 17652 10030 19697 6418 1873 14505 7504 17689 1286 2179 19059 13723 18404 8632 6652 1411 17170 17561 849 1420 4736 18000 12817 6163 19310
10150 17478 6984 4895 7661 1357 13846 13358 3212 575 13783 7793 5463 13916 7389 9583 19154 4124 6850 10473 5448 19215 7407 18173 14238 4042
455 10964 15274 3086 16129 337 18159 19230 7149 1302 9814 12702 5124 16718 15521 7051 5122 8511 2229 5191 9059 16207 8912 5390 7363 13228
13675 4965 206 657 16145 13271 2402 8490 14375 16147 18702 228 15927 13938 12557 4784 15069 18347 8795 1995 15002 15642 4296 14357 10632 3401
15838 372 1409 16356 19311 5635 8397 15070 1698 11750 1315 11570 14048 8310 9849 19068 19781 18994 17152 258 2132 7221 9475 5827 19642 16489
15922 18252 12400 17949 11052 17667 4837 7381 5154 14103 4571 7525 3989 17754 13721 16427 18129 14809 16138 63 15595 548 11859 19944 6086 1303
2727 11792 14295 15969 12214 4597 15733 6354 8394 2144 3370 4989 18034 13110 17615 10668 9957 12628 6106 17608 7697 921 11675 10352 7831 13997
3993 1474 16014 14350 4561 4228 2318 4574 13343 640 18513 4373 11985 6490 15073 17447 11382 13691 5562 8778 86 2874 10989 11408 16510 9706
13811 13369 10913 15231 18032 1040 3067 5140 12585 2850 844 18169 1851 4551 10178 19344 2149 13743 1247 5733 3401 630 4238 13910 12954 14272
3926 1757 8947 6369 17666 5163 676 1360 3838 8353 2049 14244 13084 993 14639 19959 878 3828 10091 18443 6426 18704 2941 7109 4948 13551
12105 15083 8849 8245 1810 2273 6246 19961 16814 14603 7193 15268 8538 7492 16287 10692 13464 9334 862 19059 2597 9780 9156 6080 1432 3995
11136 12025 4459 6705 4095 14372 11967 9556 8272 1729 2894 9107 2408 8675 13949 12865 18653 52 2366 13401 2989 10986 14327 14408 15461 1963
8922 16697 10228 16087 14523 3656 4828 18368 13977 13672 9709 18316 9706 2164 17108 7467 16113 17925 3808 11503 8954 9509 17670 10842 5838 15125
15614 1756 12096 1749 19503 13232 19767 5562 9264 2701 13127 14565 18202 2100 6148 7544 9874 9845 17563 19709 5694 8448 8331 2459 8303 11549
8668 12532 8760 18750 7297 18152 18579 16688 19308 10612 4370 18131 4111 15912 11682 10390 15902 4743 19789 17772 10342 19577 2326 17329 9427 2724
11803 10597 8060 12343 11695 6670 9055 1282 6261 17306 8864 14686 15584 1528 11287 16425 16147 11289 13854 14964 1978 15077 8797 11101 4123 19608
6725 1355 5902 10573 15333 8672 7359 16066 17004 19957 2379 19816 1096 11602 17754 7557 272 6058 14481 14084 16055 13089 3429 9628 17880 8065
19208 2647 8065 286 5699 3924 11334 23 1578 9836 10792 16803 15900 19605 11625 16885 8636 1973 18157 11331 10416 17862 19738 12237 4262 18539
8387 2597 14897 18336 9771 1247 16017 15772 10465 2771 4570 2668 1422 7197 14704 5256 13199 17494 17067 11754 19341 10638 9990 14609 5474 7421
14492 1342 5966 2509 15514 18357 1895 14446 886 19911 266 787 10542 11792 7233 2470 13130 12474 10759 12702 15230 16359 14923 15605 3994 13142
7634 10685 342 861 5188 8705 16786 12727 9809 15091 7820 13251 1907 8190 15601 13450 18455 8343 13008 8068 15597 8930 12368 14225 3046 12134
4793 4962 17312 13761 1534 10415 6538 18122 9153 3205 5111 2601 10861 9979 5736 4336 5486 11795 18769 7078 16017 3020 4189 5869 3886 5988
14996 15519 6494 6672 12038 9545 3906 19001 7236 17527 10949 15366 3558 2361 6639 11988 6292 69 7836 15649 12464 19551 15014 4494 4017 18167
1794 11485 16174 8380 15712 6585 9907 786 4214 19046 14420 5182 16342 604 12377 16642 2396 7441 262 10320 13513 9000 5476 6008 8288 15855
5756 1596 14422 10493 12516 15600 3010 11270 1611 7331 7077 17385 16091 14063 7237 13891 19559 8936 1785 8622 7007 15436 16273 1715 12346 11345
3407 16690 16659 1499 17398 17074 16131 4284 11717 15457 17772 11953 12814 10894 14891 13936 18914 774 3497 1046 3750 19857 7488 10381 18399 16571
1719 9817 2805 4833 12660 6334 928 5621 11378 14724 13291 10373 19347 18704 4012 3257 12206 16827 13001 3311 7995 17592 17716 3289 12048 9233
10862 15398 10216 12854 17486 1759 12847 17688 10233 15768 8808 11912 12922 2918 19112 2288 14730 2016 18823 10510 18364 12108 9314 1359 10561 13258
2412 2854 2656 96 16206 13123 101 4819 18385 15763 18636 2284 13108 10136 14562 1256 12258 9142 13643 18688 5749 4564 8431 4577 3273 18435
13160 10365 4124 1637 10694 16800 18639 16542 17488 7839 15088 13855 7704 7314 13605 7261 867 14334 2070 9610 1693 786 10322 11482 11186 19415
4182 7487 19120 14202 3946 13486 9926 7984 16284 10062 163 12479 16787 517 1549 5997 11373 7817 16699 15554 12223 8375 3113 18534 9393 11371
6330 19476 19947 13248 5257 18612 1174 2776 2965 12188 15217 8999 10813 4775 11367 13814 7916 15771 8559 17389 13213 13639 5774 3799 18553 5027
16764 12976 102 15739 3079 2662 8868 4244 19330 7365 17004 11525 4441 9116 14104 4874 11365 5347 18624 10550 13810 14888 14320 19914 18126 3997
7225 17417 15616 9138 14743 4157 3101 13580 2697 18841 17832 9917 12394 18495 544 10698 13622 2816 16404 14868 14524 6048 13987 6059 10792 4662
5713 9915 9998 3829 13117 9948 15822 4302 11924 8535 1733 3203 6272 12386 1197 1979 13795 12797 15080 14831 4121 9688 19854 15900 8162 16042
10602 395 11617 10618 12252 11368 4409 16738 15960 5356 11884 6222 11264 2551 15468 10687 5110 5579 9186 1255 17393 13841 10046 19178 18859 13020
12337 13625 11681 324 4533 14292 8132 17950 18057 2132 2551 15924 8882 13747 16478 5173 2331 9330 2292 6761 16739 3580 11560 17418 9754 18342
18136 18850 10050 8374 9279 6022 2036 11944 18104 15335 2545 12170 11188 304 18546 17033 7609 19225 13858 8005 13485 3719 11901 8287 18236 10448
14667 18701 6844 14574 18510 9317 3080 158 5480 3856 2742 17085 5534 9192 2959 5903 16158 5854 19370 1821 4500 16338 17576 13543 7299 6856
2164 7630 169 4426 18971 1198 12904 508 7336 6629 18708 16891 17030 16990 12714 2996 226 9760 17005 872 11986 2304 19696 10271 6254 5866
12826 9581 13760 7957 4333 14748 5829 5551 15988 629 5304 428 11488 2654 7694 13099 6463 15165 15747 14373 5259 61 1778 129 18281 1834
19129 10780 2566 6474 19845 19082 14392 3780 13859 16602 19770 9224 12577 806 12416 10748 14916 1207 12749 17360 1175 3640 9150 17180 919 8779
15742 6298 7378 2841 19930 15175 1318 5374 1704 1638 10330 5880 13601 12639 3499 2285 8664 4511 9605 38 2968 6950 89 3840 13667 17176
7360 12229 19509 8679 1780 16848 2686 8395 12559 7595 19214 6415 12795 14539 5665 4433 15751 18896 9498 19352 19017 1786 10845 1314 7628 544
12168 3256 5725 3340 17630 781 1976 11943 1506 4923 10665 8752 15789 1847 14820 13780 10863 17773 5084 10648 15448 9015 13006 2413 19726 12928
10211 17750 15755 4132 5110 14451 12049 4579 8073 10082 4843 13369 19560 3554 11497 15862 14730 16870 15509 734 11208 8517 5595 8719 14478 10994
6524 10212 1767 4967 14149 1129 9577 17963 6349 10631 3532 4670 11360 2203 7109 5700 14186 18437 7195 7966 18320 14307 3679 7840 13971 1930
3023 6152 19616 6738 906 7800 14889 2850 2689 9298 3134 10142 10898 7988 17636 18569 6882 18265 13648 16242 979 12169 14138 10329 8514 3269
9368 2390 8847 13008 5536 13539 13191 12829 1392 14005 15069 376 5871 19800 12476 18697 780 6955 12152 10477 5500 5337 19896 18992 11688 10784
19280 5517 12973 4607 747 8074 7664 6833 16150 5305 9493 757 14173 16127 13899 14034 19508 6047 19863 15270 1425 11173 19182 19246 12576 3738
17584 9668 10388 11950 15642 4623 8416 16888 17061 10484 11407 8514 10454 9241 18208 17697 13789 11725 10054 14736 19954 14139 10263 4421 1511 1657
14437 17224 6349 7209 2420 18029 4251 2188 10583 11397 14049 9821 19032 10548 3804 13985 7282 8013 2634 11382 12802 8475 6072 13733 19479 10934
8960 12867 11666 5680 345 17873 4349 2273 14508 13143 17471 12342 14597 10433 15290 3825 10891 4491 18988 6855 19400 17725 15803 10210 16392 7035
4530 11919 11967 18075 1807 5896 2849 15599 9992 16347 14791 17873 15755 228 9074 7416 12949 3508 19220 18211 1718 3427 32 16051 12733 11235
14698 4457 16651 3031 4550 13829 12717 6178 14093 11137 6579 9077 1119 5914 2737 8126 6792 19781 5946 4200 13283 10420 6986 4598 12851 19014
8131 6298 15842 8713 1450 14336 104 11455 6370 3811 8992 6453 1022 3066 6447 5541 8455 8536 6774 9948 4371 17561 18238 13786 7760 11333
9427 12677 14941 11837 10077 4478 18066 7445 13069 11277 14246 811 1206 10730 16927 17442 6404 7785 2226 51 19359 7212 2196 5398 9847 10738
15393 11692 11806 14480 7666 14372 4199 9584 9709 11162 7604 7748 8005 6208 4571 15383 7652 7903 2118 9347 9480 8211 10178 13086 1895 15451
17714 19319 9900 550 728 8806 8488 910 3797 18611 16002 19828 15592 13244 11006 6599 5729 2483 15542 5805 6705 12682 5829 6398 11262 17087
9918 4941 4889 4349 10041 7994 4911 18973 10991 5560 11557 6722 2322 3427 17073 4771 6237 15077 15392 15398 14141 9857 17460 8323 6042 13496
17066 18616 18494 15472 3452 11675 15145 2968 19468 8030 6378 3651 1997 9246 9860 1957 9995 6778 19906 2385 1944 18089 10700 8909 1551 5365
5815 14933 2655 13253 16361 9621 446 11801 11359 4206 511 4865 1756 14201 10341 4578 4524 5755 22 2372 928 5516 2782 7327 19087 3227
10882 12499 689 791 11926 4372 12510 14687 3137 7629 17843 2505 12809 3009 15227 14808 16454 3456 10024 7300 18307 882 14426 17252 14871 10331
17627 9333 12146 7466 9069 9269 1259 2891 19209 19965 3172 5324 4548 6801 6629 19557 5521 6016 17379 19818 14610 7480 18823 11779 6230 9515
8176 6870 342 15762 6251 14681 991 10941 11963 15480 18931 17390 3237 18772 7117 12460 514 517 14995 728 12529 10612 9855 1887 10926 6523
13880 19096 2713 18302 17849 12386 11133 8121 10499 932 6135 10140 6987 6938 16890 9825 7545 2177 4028 5605 11033 10004 4771 6849 15667 14500
3979 8113 1026 9982 672 410 19753 9669 12174 1598 6055 3449 13261 6921 9010 13404 10872 2587 15142 9253 6462 1590 19744 5528 13268 2535
12392 17436 18606 10918 2668 9123 14944 14711 1031 15385 13988 7809 10305 2451 9640 18550 16197 9264 18421 19381 3329 1354 2130 13038 10317 19954
11298 3674 11442 13924 17118 16922 1584 3864 3992 19270 7723 6292 5668 3604 13474 14808 17430 6138 10874 1258 7082 9475 15536 2105 15775 1406
19044 13925 3478 6261 6727 10606 19660 12043 556 18670 16323 6430 12618 9387 16269 6453 4678 13961 12700 19262 10585 946 17446 2142 18151 6256
3706 260 5850 12699 10818 6323 12558 11616 3230 15759 8698 14678 14121 15888 15316 7459 5501 3465 2717 18670 17994 14190 3023 1940 16331 14961
1305 141 6704 14905 16577 12716 2270 15739 9171 8225 5067 5907 5251 15168 3592 2492 6339 12698 14590 12803 13888 13066 4641 15599 4798 14904
5271 8071 12840 9316 384 16559 13440 3378 14614 17736 15270 2780 14255 1737 5911 4763 2996 14652 11977 17499 14808 16649 3475 186 4656 14662
12535 7348 9214 168 14550 16649 2152 9995 12472 12836 11618 2939 3237 6704 4918 17718 4455 4452 15461 17541 16621 19710 13656 9142 12058 2556
3662 17055 10329 12690 12572 14106 1331 11859 1171 17563 19147 4943 8373 11356 5771 8317 14981 2117 7072 6070 5766 2290 18658 9727 18632 7554
8918 6991 4781 9113 17994 3980 2775 1317 14806 441 17575 7755 9538 5958 11694 7929 1305 15488 7483 17977 14345 9352 11138 17088 11109 17872
19557 1349 10606 3975 9325 8459 18358 10540 19274 3812 17162 13642 15313 15782 4566 8714 3202 19633 5732 8645 2043 2505 1623 13660 1187 14551
10758 13462 6728 16529 2890 11676 10802 18792 5757 5447 19365 11629 10911 18272 6437 14468 19384 7073 10350 12996 17823 9392 14190 19459 11388 14526
16739 13805 11588 16293 1268 6443 11359 18424 8143 11083 18189 16294 1885 897 6461 8950 19368 13613 7978 5711 3775 15110 15632 11594 10458 1118
16482 17919 6031 18563 4981 2130 7641 3129 8666 8670 19860 5428 16584 13432 7217 17341 834 3807 10682 11744 17706 7020 13213 15656 18994 2688
7818 7014 16015 9887 7385 5582 18751 16642 1587 8110 14090 5193 452 11512 3850 818 17485 15809 6612 15496 19807 4804 2873 241 13465 11515
15775 8202 15429 10321 12953 15656 13717 5229 5409 17059 19590 10308 18801 6068 13487 11872 6630 9219 2266 16328 1328 9856 17981 11431 10801 9833
5342 16330 8820 717 5973 454 5804 7803 4784 4102 18464 16983 18875 13064 14560 7830 11366 5297 8901 13226 2893 5399 63 14206 15966 210
7544 19772 5778 7992 19826 11687 13498 4934 15713 9193 12186 6724 3749 6162 9360 17390 12117 9378 15161 1659 1846 6716 96 6212 7231 14840
16101 12289 19644 1456 8692 11710 2587 18049 5180 782 3319 19786 17100 16396 10198 13353 9102 18165 15762 11547 19806 5640 358 13064 647 5184
10718 18776 18924 12618 13616 15689 10267 19407 6767 7313 18706 10218 14062 3113 10854 17650 11902 4004 11926 4543 17597 18603 17429 13236 19888 14336
13782 14637 6688 5466 8688 10915 17513 3938 148 7153 2492 14681 13146 3823 8321 2007 9198 3553 1469 9786 5425 15645 18610 8888 3192 8841
15129 12064 10946 12288 10258 19921 1021 8837 17674 5165 7225 8698 8651 8322 9508 5117 11020 16502 1420 7225 13995 9537 11246 7504 12555 7647
6654 11259 2844 13666 881 13798 12863 14652 17777 18074 65 1075 8216 4941 11930 2029 3913 10246 14271 9524 13560 1012 7648 10811 1943 5044
1454 14090 3057 18871 4617 18850 15761 18561 17645 3965 19601 5270 12115 1173 16876 10907 18976 4277 16576 6464 9749 7511 9152 37 3530 12212
58 19910 10712 4022 10892 13083 8506 2057 7975 4892 5630 10910 17358 13682 6321 19041 593 12926 18992 18743 4039 4566 5619 1203 6825 10796
3190 14826 9314 8430 11226 13036 17439 7653 7776 77 15820 18123 6993 15382 12770 1665 17212 14466 8948 5437 12224 9067 11810 11906 3261 6528
14781 5933 4 11732 11429 12619 19469 7241 1895 15509 5 5231 796 1845 11935 15730 10217 5721 17683 16808 2142 7383 14160 13317 17226 17247
8605 17157 827 4059 8881 17330 14077 10111 19125 11522 18452 17402 13453 824 13277 482 18403 9808 9223 2904 13369 11224 9223 16897 5667 6121
2880 9298 17747 2172 1248 8599 991 12891 8391 11614 19736 13647 3135 5923 3418 12984 8856 16643 7867 10811 11508 16176 15335 18295 9771 12919
16679 4139 3015 14183 3617 10191 13560 19168 6450 18781 1242 14752 9766 3389 16391 18406 2466 1480 13846 17094 240 4759 3468 17502 10551 6928
7266 17108 18723 17732 9355 17944 17162 12004 4272 6448 13761 1557 9596 5763 7998 4577 6456 8872 16923 5787 9531 8840 622 1752 1130 14495
10246 17904 18634 15913 2365 8655 11513 12936 5134 6820 15035 9608 13645 19204 4227 17144 15638 13301 3464 2830 13906 10246 1483 12506 155 3855
4161 6475 6642 11908 10015 8456 2928 6662 5255 9113 15394 9129 17924 4133 13539 1372 7883 19634 13420 8191 3145 8634 12451 668 14695 11228
12754 18668 12830 7781 2306 17137 10310 13673 12210 13453 259 5537 18986 17111 8825 7122 9140 7908 7204 2302 13218 7714 10755 11886 10120 17862
702 10922 14692 16819 10570 12480 12161 19130 14677 13472 2780 13799 2516 796 9204 12737 14499 14582 7544 17411 12653 18281 17916 1206 14751 14825
16485 3969 14119 13736 7655 19767 7744 15680 8432 15582 17817 19358 3515 7975 4193 7477 17913 3635 7119 16309 2996 14658 11058 14097 18837 10396
13985 10926 7898 10831 8050 16439 12116 7690 4067 4694 18542 15913 18501 17353 1898 10995 19255 5317 18476 10255 9803 6841 6348 15554 11442 11146
15434 11379 18230 6906 305 15117 15760 864 14635 856 16919 4516 7477 18619 17858 15508 3044 8875 1123 17586 13993 13903 8597 3630 17504 300
1108 17689 2795 12914 7200 19943 14903 13544 3025 10951 5545 18728 18481 17909 12852 4784 11284 4081 2571 18166 5927 18679 4875 4333 2795 15338
15314 9819 3472 15925 18509 19046 15320 14910 19814 18028 915 18732 3412 2964 17687 17085 3588 14980 17255 14263 13469 18786 8082 13698 3998 2676
8548 4899 7304 12484 8224 861 8634 2066 10466 11274 17697 2434 9686 5895 6873 15594 11895 3229 3176 439 17563 5315 9050 6874 8622 10055
17387 5114 13692 5293 17605 8407 18700 4916 12975 19657 17223 16568 6342 22 12554 4162 14356 727 14480 844 5645 11274 9944 8810 13817 2781
14900 14566 13849 15415 17676 7191 1872 3643 2711 9921 18558 5745 2684 2298 9569 8416 14187 2776 18446 2353 17194 9234 1166 2464 18376 483
14485 3368 9693 13309 7763 13068 9238 17774 14499 5506 13300 3412 19529 2952 12358 15909 14679 4573 12763 14735 5292 13268 9684 11957 7284 15375
6710 7846 6546 14346 7552 7654 1581 4908 254 473 15261 12931 7790 489 15970 5258 14182 11666 1513 19087 6631 19695 1823 9115 3309 15563
12942 1295 702 12933 525 9609 1220 10959 12816 1374 10375 16178 901 7672 18482 15478 15923 17829 4896 738 8976 3442 7294 4924 8522 18134
5635 11753 9028 16554 15412 5461 11646 7304 5197 12315 7599 14976 17897 6489 4443 2391 18709 12184 11042 18760 1632 8335 7363 674 16862 17472
10092 18600 14668 16511 11769 18539 14970 15618 19661 4578 7389 737 14341 8831 1158 19540 11526 4388 12559 13974 4366 902 13649 7511 3394 4852
9751 9186 8664 10251 3259 18310 11408 5192 3989 3072 16490 10696 16125 14703 4786 18385 4505 16575 9761 8044 13328 18415 1259 5894 2502 1730
15368 8443 18657 15559 11158 4431 4135 14969 7852 11929 4988 18115 5830 11641 14366 3794 9189 9253 6682 15730 8725 5399 10168 11572 5861 15932
16842 781 18334 3965 2479 719 7320 9805 5509 6171 2081 14190 1116 4725 13123 9626 18749 10910 10546 19430 15378 18408 15054 1036 5323 3910
1154 2912 8144 14676 14967 13272 4206 5593 809 985 7061 16576 1102 16686 19366 5254 8951 7101 17086 14689 6121 13072 8858 7377 12519 4210
17545 9366 11018 5585 9086 6910 9868 8439 13949 5494 5785 18914 8322 3508 11558 4888 435 6374 13799 19173 7212 14400 9459 280 19520 15829
11394 15166 18848 14103 8807 12544 12203 8515 14324 107 15697 3442 11695 12068 11061 2631 9658 12998 4920 3294 3876 3548 7804 17940 11234 11620
14034 8082 19187 6155 13644 5159 12839 12334 7346 12468 6455 1385 4914 12306 3730 4521 8072 13642 4682 2698 6658 5475 8338 2354 18574 13832
16758 17362 16235 18059 1132 3964 8917 19710 15189 7352 1793 16190 3258 12648 13843 16139 2418 7612 13107 4985 17014 6397 12849 13335 2874 717
14176 2027 17640 7222 10334 19838 13850 2249 10815 2677 8385 19954 1696 17148 7375 17834 15874 10209 10519 2753 8292 342 1258 5023 18726 1156
3448 6135 6719 731 1387 11596 7719 8204 19943 19400 11293 9021 14707 13430 4625 13130 18681 11055 19692 1803 16892 10813 6371 764 17146 15947
8846 18713 11241 12164 14813 16553 18178 3149 12418 4302 7130 5602 9316 8627 11743 18210 1780 14997 1412 19539 12603 2686 4967 9042 4289 9059
3938 13143 10428 2217 14361 3703 11313 5270 14788 15813 1183 8725 18645 17611 8396 7708 768 7972 684 12132 16264 8107 17069 13282 10717 8672
5370 1420 4496 42 1010 12305 4121 16877 18192 872 3670 14296 11886 17483 15841 2079 18406 17988 19121 8952 6339 4933 18318 17597 16880 1045
13948 12852 1317 8910 16847 4808 4620 17715 5856 19727 7702 15441 3512 6291 6737 14756 18765 18441 18312 6807 19768 16486 8470 492 3180 10797
1904 7345 2456 12754 11793 19148 19287 3791 9087 14385 6325 19942 7774 9055 8979 13544 3980 14216 7684 8620 5633 4577 9906 7958 417 12229
19999 17500 8104 6332 3562 16915 4841 557 5117 19509 14927 2366 3951 8201 6811 9067 13443 357 16748 12481 15759 11336 2084 15299 14290 9474
15077 18355 5669 4902 8648 16719 1230 861 16970 19988 12278 17092 11683 12084 2243 17828 2765 6282 15056 8990 4489 3833 14896 13915 13139 9121
10386 4608 10623 19486 4436 10512 2425 13609 635 16987 11526 8538 15140 16500 8940 14185 3331 15976 19167 14323 17510 11506 7560 3484 19651 14007
12442 9840 2597 12288 2608 14741 16487 473 2487 19313 19860 16694 14836 16415 15637 3443 8232 822 17928 13239 6019 14425 1027 2878 2589 8168
6547 13518 19167 18156 17474 18245 16219 18026 1080 15773 10861 5679 3605 16489 6169 6870 8292 13583 3890 17904 13132 14784 9759 18748 17272 12488
19408 18385 14458 5146 16667 17766 14898 8820 14428 11729 4798 18732 16944 1552 10115 14886 15076 15109 2615 18669 16653 12683 11379 1485 15345 6684
5978 16634 13440 6619 19736 18753 3124 3653 9754 13359 3705 7876 17571 5271 9902 13844 19922 1379 19702 15945 382 11358 9810 9730 3251 14008
18282 18822 3963 17497 3113 12178 8689 19885 2863 6196 1719 11646 18267 14135 8552 15373 2293 7048 16159 547 15885 252 2184 9025 904 3890
7010 11293 16133 8798 12031 14251 19305 3471 17030 2438 15780 17503 18919 2896 11287 3341 4401 2444 16677 14491 3684 2618 2879 17385 2088 10761
2789 4022 11167 5575 15598 3263 11706 7477 19059 10362 8931 7790 16663 3014 10152 16546 11005 11043 9596 1910 18126 3119 9723 15584 10001 7815
5913 1249 13398 6127 1838 19248 2625 9878 834 19165 10581 16180 10160 6238 4388 18923 7747 11503 4908 19912 3126 335 2199 6841 3665 16078
12502 3477 16759 5199 15235 12301 874 19445 11982 4943 2594 9828 2355 19849 8177 11166 3446 12282 4998 5825 15426 17772 7443 9949 13939 15665
1648 15753 15268 16749 19013 4266 7710 4175 8999 18305 17219 6367 4196 5054 17740 18504 9138 17036 10350 4775 18985 9442 5379 18775 13751 15710
1685 16160 19947 6347 18482 7192 4090 8136 11960 5665 10807 4191 8551 1499 9301 14630 16071 1225 13778 17593 14230 13969 9630 9455 578 14324
18975 3536 7816 19439 17251 19732 10735 16492 2746 532 9162 19285 59 1045 9600 7651 18574 11806 2436 11629 14603 15443 4456 2808 6085 14613
13899 4122 13807 14184 5399 18270 7527 13577 12155 8292 15639 16846 2620 4731 3165 8994 14900 13885 2842 15314 13859 13983 12289 1182 7846 16067
19649 15075 8012 10238 10967 3762 9218 7220 3474 10285 13712 3219 12129 14978 643 14515 2599 6951 18006 19 5634 18948 13673 3628 9919 11777
589 4408 1054 7290 6305 9685 15866 13712 13434 2611 2931 6033 1302 1738 15893 2900 5320 18511 17274 10364 7424 5332 6991 6527 16546 10247
5938 9448 12727 14373 4230 4477 18082 8648 12125 11810 8578 7514 12917 19418 12136 14206 19024 8467 15486 17168 14990 15963 3272 10734 18450 16467
16071 7575 18286 13469 11198 14713 16044 4128 4981 17771 5759 6898 19881 11996 5995 15846 3637 9663 9233 18140 13524 10095 1499 18283 10 12873
11758 11077 9315 7997 7043 13981 4476 11048 17331 2827 14041 14240 7396 11369 10942 4270 436 17332 2665 6742 933 15193 2914 19026 13516 4705
9268 15809 7728 12281 332 13654 6068 8213 12192 17324 10889 15702 19834 1940 13451 14663 5106 2949 17731 9108 6690 5343 18325 11189 17096 3085
2833 8111 2101 931 19471 13582 5548 4485 5020 4193 6488 4861 15880 13798 9543 19430 737 9537 13458 755 17572 14636 12279 3255 8714 11612
2190 236 11595 7443 11564 17541 5129 16093 18126 19739 3611 15855 5415 7999 10913 7268 14012 10276 5189 8872 17962 4794 5658 6084 8807 16190
14560 12111 5860 12708 17780 6127 729 13699 8624 8933 16529 4037 18648 11642 3246 6789 549 18185 16334 19385 1348 2301 5406 6883 6759 5254
4663 14421 11035 19008 14725 252 10398 8436 8730 9069 14694 8210 2952 12200 2234 5023 13141 18663 7591 15729 2433 2637 6071 16733 10952 15468
13581 10238 17350 8873 17684 6835 14686 14343 6447 8208 9946 18396 14723 8653 5554 6404 19342 6432 5309 12279 14475 458 17326 15018 13202 14823
15456 14398 18037 10325 11447 17285 18508 19024 9468 17189 6002 8020 19915 2876 11556 4502 5810 3744 9181 2791 7996 3208 11158 10331 8826 19413
19439 293 18491 14380 652 3074 8586 17588 15367 16887 4306 16557 2604 10769 887 3613 4109 6478 3986 15823 2037 15039 5493 2355 13041 2518
15794 9252 6767 5976 14079 7994 13768 8175 10056 4345 3692 14241 8591 8386 757 13422 17143 10851 4552 19771 17726 10808 2050 13825 15045 358
14956 12391 671 3333 19840 6993 14766 16685 7840 8495 5637 6394 6598 13256 14123 13146 17155 3925 11122 12372 17553 11674 19562 7710 19191 6226
13916 18987 6939 1294 10670 15403 12930 5068 5577 10823 17240 11895 10511 12193 16695 3495 5876 9160 15594 4568 14959 5031 11960 8589 12109 19201
790 7168 12749 19134 18238 15680 18629 5809 12264 7245 11939 6944 4926 17915 11160 17179 17356 8071 16935 3580 8784 5347 2452 7022 5519 1995
19712 10227 2080 7611 11146 16487 7582 167 3499 257 2170 12796 2070 7544 1931 18927 15686 17398 16920 14410 3841 1973 1725 3244 10403 5245
166 5549 8781 19423 9463 8097 16877 16214 5585 18640 16340 8285 18837 18466 16543 6653 2900 7425 658 18162 7636 10662 17886 4434 16200 8099
12550 1273 6850 5924 19784 4524 3146 17138 2538 17723 17639 15952 2281 18099 1537 8181 14019 19678 5284 3878 2029 2943 16323 608 19851 18898
6279 2624 8205 7288 1174 3803 18672 11731 2652 6053 13244 6898 1590 16428 264 14747 15126 14024 4839 9754 1827 12985 7360 12666 10656 8960
1246 13906 8902 5202 3982 2791 7054 10934 813 9791 11721 8146 16871 3002 13016 7568 17816 9911 7451 146 8086 427 19714 9257 4290 18105
15190 5922 14268 750 17215 10791 3412 3169 3148 11354 9668 14461 12903 7384 15207 15448 11005 193 19870 1717 16267 1562 9828 9220 7222 8689
9629 17240 14687 12106 10105 6782 13451 16080 11113 1350 2792 11574 5518 14263 10069 7839 7838 10811 7848 16289 19264 2901 4823 8832 8481 11258
16660 973 13016 14978 8729 9066 7819 19463 9717 5402 12806 4885 6322 7795 17131 10805 4926 94 16161 4111 656 7481 9109 14956 2811 4934
14820 1398 15095 3417 7647 3697 5720 14455 2403 10242 13270 12989 5880 9162 11535 3952 8766 888 12428 6846 7165 9845 7070 1484 19596 8199
5306 9040 48 939 9795 14191 11695 3367 11986 3986 6280 562 6452 16281 11487 8374 15799 5613 17832 11153 12476 16337 10539 5280 15699 2357
18102 2181 7366 11401 5351 538 17924 1819 17644 17394 16278 14003 10239 15981 4416 6262 2506 9577 693 11148 10122 17354 1146 18741 14406 14575
13811 4847 18198 5880 11883 12715 2064 10761 18527 109 7139 7790 16580 5054 8105 18375 4994 17998 1004 17781 4478 10056 12278 18560 14045 4014
16843 13080 3833 4133 18048 7197 483 4210 16168 2094 3397 17560 16199 2012 17688 7465 6576 9056 10083 5959 8774 1611 12320 7772 10442 1295
3087 12479 13431 5973 12315 8543 11707 16393 17086 8619 5485 13470 14262 5649 6276 12166 18637 11891 3491 16900 3213 10296 18238 8060 7959 5651
9041 17875 4441 16642 13275 12811 13649 8718 7148 19088 4423 16013 218 9194 5472 16128 18666 17057 19489 5488 4429 5836 14512 17288 2311 19281
18542 10370 14064 9423 4875 19505 14220 8712 13436 11030 541 13434 16905 19743 7990 8955 2291 12903 14723 13165 6845 13971 10269 9619 1832 19055
8574 2149 9498 17946 10727 14766 5305 3415 8006 12946 8324 4618 2931 4068 17168 14390 17757 11157 18286 19389 16751 7862 11697 16274 12188 14776
8902 2481 19464 8128 698 19974 3297 3728 530 2987 11687 2230 8930 1379 11143 1204 19348 19014 14274 16699 7365 3425 9038 1259 3000 7736
16955 10211 10869 299 13299 10952 9812 3519 15785 5094 6242 2965 9870 15680 15463 5118 11417 17220 16863 2275 10075 18508 10823 11318 18028 1103
19670 10489 9208 15571 18797 13967 10549 4174 17538 5715 163 6865 10333 10581 4107 11763 4067 18132 1009 6577 8036 7569 8792 14730 3997 2109
7569 8509 588 16276 12321 3131 7429 16933 9448 13425 14241 3583 6604 19747 16538 3750 19332 3316 6299 13891 12580 3343 9991 16383 12862 15332
263 14228 11380 17007 8659 6133 7538 9714 247 9396 11584 7453 605 13897 7116 17625 19002 1543 17970 26 15642 15785 4776 17123 16504 3850
15156 4109 10081 13870 3619 2493 8834 8804 18189 1410 16778 10927 14271 19471 19692 7650 9992 12178 10223 436 14425 536 12158 6852 3644 9763
16837 15906 12700 12647 12265 17988 17464 14466 6758 13776 12792 16762 16862 12054 15890 13806 1058 19911 17217 4229 10534 2072 2601 14715 8576 15203
10958 6313 19565 12556 6532 1316 15918 8542 18248 2288 15056 7094 15585 5483 19573 19412 19457 1969 14345 15844 6105 19426 11167 5543 7199 14220
12708 15884 2917 12567 19762 16351 16845 5024 5730 241 18720 6480 9850 15792 6704 9008 967 19253 426 14417 18243 18205 13479 18952 19674 19547
16378 4294 8790 4272 11350 18013 14048 2270 2609 12811 17869 8657 8924 12737 2244 3582 6455 9904 12467 5200 12985 5386 19512 8584 5464 12924
4410 17332 19897 15971 15072 12730 15257 18568 19996 16257 19645 204 18965 10613 2858 11266 16485 6497 12187 12826 2961 12745 5643 9351 17970 14985
8151 26 12365 11037 13439 2774 4098 724 5156 13837 3835 17494 14476 15557 9884 93 13355 17657 13132 17329 6898 6855 1171 13044 5871 11959
6914 3642 5983 1659 16199 6281 18457 3320 15271 8932 14457 19250 19376 3823 1024 19379 14997 14924 6997 3190 8929 18535 14332 13911 16528 8578
13881 9033 14316 17448 19351 11737 13312 13802 11692 16487 14124 18302 11264 13545 6318 4064 7379 2401 12132 7218 6336 15031 13965 18780 10227 15741
5521 15531 19362 15593 16672 18890 18860 10520 16869 5282 10556 9044 10808 7532 4040 10222 3536 13691 17688 4842 18047 9439 7712 4762 5584 8879
10292 15328 6742 9505 6139 14523 8165 8232 10772 4385 6031 18892 15931 10514 6962 10897 2735 4991 7164 4639 7456 16099 975 2032 11346 2472
15578 15240 2312 16154 5331 3680 7378 9608 5080 10588 17556 455 13350 190 9376 16547 18420 17604 12441 14125 11022 12347 9392 2347 16904 262
6429 9635 1806 19828 4548 3651 359 2515 5274 9451 18446 5990 17994 17451 1039 14932 4413 9228 9755 4831 6822 19970 5543 7167 13059 7393
12314 10995 18153 18564 13344 14936 6611 7240 5631 5847 8788 16302 14533 3604 9065 14691 3645 14563 10299 14471 1244 9847 8300 10094 13298 7479
4764 5484 14677 14856 14346 4924 14250 6960 17499 5128 3545 19263 18647 11641 4338 4670 15979 17537 6887 311 1952 16232 3887 16933 8919 10723
17036 16967 20 6253 321 11199 18771 2937 10675 19939 914 5241 3219 17333 16335 41 7843 14336 16683 12606 16527 13266 3157 16079 3960 12731
7702 16937 8355 13120 355 13887 19140 5394 16033 1152 2620 8782 8272 10290 3075 6466 9089 3714 10265 6514 16230 7476 8627 15227 5954 18111
17517 9545 10976 12135 12482 5585 406 882 10177 11068 2172 3224 15847 18808 12832 18543 14166 13536 15453 6228 16705 19879 18520 15706 9474 4062
13630 5378 5462 19437 1385 4323 14185 19094 17702 14065 17809 2303 2547 10081 3210 1986 13331 10746 3905 17752 4424 6510 10232 7002 17688 9132
8417 11836 14170 18126 9220 8101 19731 12447 2528 18062 19530 11610 19466 1582 18417 11866 7269 1432 16646 4728 11942 3030 6254 5399 5218 4712
617 9105 7650 12496 1388 1391 6097 956 9078 16966 8219 14182 5801 9765 18647 535 13114 8941 16405 12360 8488 1973 4568 10925 381 2847
10747 12770 7405 7834 3580 13807 15200 19216 9716 5673 12482 18094 19982 18134 6304 9840 7041 6612 14161 5951 18846 10010 19343 422 11622 2404
6653 18452 1647 12656 12073 5671 1451 16182 15316 16412 13191 5529 11993 11550 14970 8351 3586 3979 17698 18975 2365 18342 4941 5016 8414 4483
885 3620 18589 14248 733 18363 17228 793 2323 5237 7124 12227 17725 16453 9159 7259 2432 11787 4355 8741 8086 7761 17101 17131 9421 4165
10205 10425 12027 15574 14779 18086 18544 3281 9857 9783 7348 12086 10975 7234 19628 17137 1493 3742 10852 2167 6421 17028 9596 19994 16605 8210
12983 249 239 18658 17527 9217 8709 11178 8687 7772 10548 4224 7946 10032 15812 16805 2433 4532 2725 2670 10520 19694 17826 2408 18972 2271
18257 6589 15116 13100 5882 868 19168 9150 9590 15207 11986 15523 15849 18556 2498 8789 19307 12418 4974 9450 18069 4776 8718 17950 2984 742
729 2043 6504 15026 9901 9124 15100 14070 3936 19224 3182 7504 10314 10884 18899 9179 5240 15685 13925 16246 17601 19205 1394 14043 11225 978
15824 5902 5531 12617 12266 13742 17104 15490 12441 4130 18854 17935 9961 12335 10095 5537 7083 11975 1989 4789 2268 1048 12866 3319 2671 18418
18782 5662 9187 2622 1248 16737 8853 13813 1838 2156 12615 5197 15321 18749 13861 6667 199 3775 6276 2016 5798 14248 1482 10622 8191 11947
9553 3062 8804 11729 4413 3043 15394 10631 9880 11429 4169 8584 11724 608 2627 7649 9430 16355 4881 11203 18710 1121 1439 7828 7863 882
204 1372 10262 19055 1158 11064 13508 13203 18979 6327 6494 3055 4529 11542 11277 14906 5596 2837 12147 704 19194 19553 827 6732 12435 1568
3745 15002 17502 19175 12334 16895 15254 8154 19703 11045 1320 5181 2974 18122 10044 14703 6120 12921 7844 15444 2027 1077 1947 8768 5601 17535
7738 4117 19968 15120 10016 14064 10649 12411 3376 7788 10744 15874 11066 11749 2935 3158 14205 10560 2801 14915 7382 5151 2842 10714 1377 7214
8075 9752 12070 19734 3961 14642 11858 17972 8406 8121 6307 2372 19545 7071 9687 13995 8557 5724 5496 3529 5371 815 5061 3191 5828 14006
14774 14390 17257 17074 13941 16859 6598 18082 7544 15129 19437 10943 13542 2531 17421 12574 2758 9292 8945 15757 5336 16132 7573 2756 1247 10028
6686 11832 16806 13287 19924 5551 18731 6711 9986 15179 9680 3722 2676 4674 19134 8846 19294 14529 3324 19643 4447 18535 9849 7635 19626 17256
3193 6016 18988 9520 10694 9865 8020 301 15147 14877 19201 7620 2952 14080 2531 3024 11162 19258 18018 18624 17778 6926 8610 17159 7134 16036
17962 13274 1784 9203 13814 13954 1564 3786 4339 4989 17124 16794 16548 16733 6639 10804 17011 15035 3233 4813 14244 13063 12647 6030 4142 9703
16030 18961 13937 10922 13512 15803 542 2663 13323 19966 632 15881 17424 182 15612 14747 9662 3591 5563 17837 17178 11791 11981 9643 19863 7178
5219 487 1180 15541 10253 11605 234 9714 5865 8099 15360 7904 17356 5709 13426 15907 6203 14959 3565 17033 1638 10712 6425 10405 12432 19867
19293 13307 19290 4487 8433 10974 5385 3961 1003 14783 13414 6128 2790 5032 855 9225 6885 1746 9196 6104 11596 7602 5746 4719 10683 18840
2540 18286 1109 13503 4993 2850 16353 18319 10789 13233 10893 19247 7214 4652 19772 11273 19775 1108 13701 12643 2188 16248 8993 4432 5804 1203
14150 14202 17345 18639 1317 5916 3809 4382 15001 830 3394 17500 15882 19793 12832 16639 11014 13992 1598 16582 4580 6382 10238 158 1308 15032
14340 955 12214 17612 94 9338 12679 3303 14455 18492 1500 292 15982 4985 10423 5015 3751 1768 14690 10115 9054 12269 8197 19958 5258 600
3945 15186 4297 10283 12240 447 13822 8091 9597 2285 6196 2015 11118 8188 9859 3704 7767 4685 14591 12305 19871 14559 9616 1579 379 17646
4690 15775 5390 17572 7268 14815 14610 7443 5480 875 19616 11895 13474 10090 4565 16484 4123 6729 6761 12959 8138 6167 9196 19157 2235 12396
11762 11078 12947 7003 19750 4043 11796 16623 4563 7122 7242 11805 19551 16611 15157 7618 8328 16865 19953 7619 17213 9704 9126 7674 3082 19435
13374 1138 2578 4147 399 12395 16970 16476 1147 8119 9686 17011 5158 18953 5108 9997 8285 16000 8800 8928 8597 13850 17366 11545 10895 11349
8256 4229 12153 8077 13922 18009 13490 7247 6405 4206 3142 11957 4387 15190 10379 12440 13946 14692 9743 7089 9377 18817 3333 3725 15392 17785
6817 5026 13387 9224 6265 12404 17264 4463 3455 8424 1530 16601 8550 11393 11683 19519 3886 15599 3784 13818 535 14595 5849 17417 1852 19689
12885 19175 19617 267 8106 9162 10255 15670 5833 7742 1668 18910 2046 4980 12082 4214 1763 11215 18269 940 3683 13400 16125 38 6748 16360
17160 7653 16959 15014 1078 855 12888 6610 9861 19931 18600 7528 12826 5703 9243 19021 18809 8644 4923 3254 18827 7469 19814 13524 5286 12321
10759 2468 17685 8575 6899 13937 13757 1248 1708 11261 8232 17543 8954 18236 11058 17848 4777 8070 1834 2665 11494 12484 10647 13745 18219 12036
8344 17689 5333 1951 13923 13592 12178 7721 3777 1802 18377 8533 2890 8036 1736 17899 17813 14166 9186 3911 18708 10099 5990 2667 13081 9551
9665 2902 19369 16245 902 19256 8798 10147 16758 18884 1730 1447 13181 14291 17864 12291 1806 17733 11780 11649 8669 8927 13107 7134 10733 17192
8119 4284 16618 7506 14884 4011 13954 14365 10961 1482 2766 18191 16089 13611 9199 15888 11295 9964 9572 8276 16477 3303 9171 5687 14475 2855
18384 7842 18297 8552 13947 17577 18250 3097 5638 13970 7008 18832 1043 18991 7780 9677 16281 6363 4295 16968 4983 19258 17663 5313 12630 10913
13292 16448 1290 1772 1538 7017 15351 10286 12713 7429 17143 4583 5211 13063 6464 9543 532 3886 6858 2336 16222 12481 12917 14065 18196 8045
16938 12113 11699 15283 8968 15427 2608 18887 7067 12210 18231 11251 10769 7274 19575 12111 8681 6673 14510 6368 10736 4534 11744 16899 1395 15303
11397 4875 17571 15936 11958 15362 1730 15252 11042 13873 14562 1851 10582 13841 2569 12356 8287 17544 3033 9107 10897 19938 4614 1966 18898 17784
6779 14880 3870 11790 2291 18187 12649 210 6159 4482 8126 6349 18503 19344 15704 19994 19563 12902 14762 19432 11489 592 1569 10733 10643 1719
2827 14795 17223 4095 5142 8504 2210 11548 10056 6433 15585 6744 16779 18604 1015 6896 18688 19591 8516 6968 12196 4398 18807 2489 1511 2694
11405 13777 8539 15807 3774 5411 15248 3481 4443 6358 8236 14112 9036 7833 1597 7552 8538 9291 4168 14818 2555 9902 1613 3394 19454 1307
19922 17095 11265 2887 587 10236 1382 5159 5563 18864 14024 2042 15148 13424 14088 11704 11286 19634 11510 7493 3919 17350 9246 17181 207 11135
8157 16825 4627 8949 10658 9567 1037 5558 3405 15170 6562 1482 3901 12622 3682 7647 655 13109 5872 7804 3338 19045 5417 8608 7133 11183
2155 18134 1410 14587 19684 8269 14114 13392 12934 5091 1559 1243 16479 10288 7307 10772 4236 1094 11999 2905 8867 4553 4842 19957 8348 16288
1062 776 12419 14273 11857 5216 16208 19251 11598 226 4262 19368 16189 7927 19482 16274 5984 13893 9016 17815 17472 7806 1758 14928 14068 19212
17017 2884 3544 4340 10873 7352 9963 18921 8701 9068 4342 19446 7589 2697 8642 19511 15056 5966 1320 8697 8644 1390 7512 17686 19633 6242
19862 15452 16274 1787 17426 6942 2848 1360 18445 17237 13072 16476 17507 5797 2342 17069 1972 1603 437 15230 12138 15797 725 16356 1629 16806
19098 17263 14321 11845 7549 12282 12279 17373 13206 9128 15526 3227 17359 19800 17335 12649 210 18017 7614 15455 13243 12654 2494 13886 14889 12609
3478 7118 2294 19795 19814 13176 532 13453 1919 8186 10249 8398 8614 277 4476 6859 7878 145 13846 16821 9259 17866 8235 2815 5940 12075
12440 4735 15175 18628 2758 9485 109 4131 752 19269 11701 11047 4679 399 8038 17492 339 11376 10318 7272 19474 4072 13571 19667 13237 14418
10713 1698 6839 2629 5789 11218 8980 4006 18125 18731 1534 14500 6024 17658 17192 15021 3740 10331 7775 4434 689 15820 14296 2024 18425 4297
10342 2440 11088 2232 11500 18426 10578 8252 443 5688 7438 16359 17507 2316 17867 10484 2271 15314 17358 16124 3755 19311 12281 5755 5975 11291
6827 7945 1761 10321 16397 3028 2068 1786 15790 12298 5182 1823 12381 4282 330 14793 19758 6808 2958 2834 8500 13057 14668 5000 16156 1033
1587 19297 3108 17649 18125 10947 5296 14872 3148 15633 8558 1177 761 13562 11113 7020 4316 14572 2808 3393 12688 10350 14971 5325 19336 13898
5223 7257 3482 620 13265 10064 7862 1937 4767 6445 8482 12520 9623 10838 17699 621 6336 8725 12132 8857 18915 791 5772 15580 14454 235
9788 18163 3942 6188 19793 8395 13838 10873 9937 9650 15515 2064 14052 17419 11745 9966 15741 2383 17292 7101 5676 19314 6236 10769 17280 12845
14153 11142 6668 8798 4890 4464 13754 4805 13383 12651 3095 19172 10894 19875 14864 1678 6481 13459 16089 4284 19099 1192 4242 17070 17201 14780
13368 7542 14322 7046 18108 1763 5507 14418 14137 16652 15576 5491 15398 12817 17519 9547 2476 5644 6820 6470 2870 10260 6865 1913 7780 8524
7326 5631 744 2396 1940 900 4693 5636 15728 8039 12983 2511 1456 6056 3530 16588 8663 2540 749 16118 12992 6115 14936 13588 2659 8385
12450 15008 12236 14524 17251 523 5261 3546 17545 717 1434 10084 9215 9064 6068 15867 12154 16739 15300 3862 11579 15729 6235 16275 4623 7193
9074 4483 18538 2141 5571 17838 1621 14423 408 1369 5639 12589 13713 14683 5234 11410 15925 704 10375 1655 8744 2904 9071 12774 8341 8877
18615 10811 1261 11290 2101 17959 2176 884 16248 9538 1434 17821 10518 18134 7916 13960 783 5409 13541 9475 13614 19346 16800 18494 14503 14390
10019 19315 3296 6698 12877 19528 3989 16734 654 12153 2155 7736 16005 1519 2504 4763 6562 19835 3497 4279 19398 5559 13318 9369 15484 164
2638 546 614 3785 2457 14480 8209 6489 10832 12371 869 5552 16576 10312 10527 19963 11139 2566 3847 11366 19524 12056 5339 2260 5190 6493
6277 15673 6922 17217 2226 11653 5353 16322 4301 9160 17390 250 15640 16337 4610 8266 5663 18359 7073 7853 13749 13464 93 1868 8721 1397
585 8675 7915 14999 19529 18789 16648 19219 12997 13775 4185 7365 14536 14988 11767 15330 13649 14620 11430 15546 9701 10793 10125 9580 12786 13926
9987 14697 17908 2370 1909 4232 4127 15096 16660 13752 12215 5645 1116 10995 1163 10264 36 10959 4747 19490 19414 17733 9171 16370 3287 10301
2256 15617 4026 18417 19308 13117 6340 19883 4205 1105 5327 13774 18994 17212 10457 247 13716 15632 16930 13365 6602 12853 417 17577 10486 11755
124 14355 12125 12101 17855 13747 11574 11613 366 15968 15331 4133 9463 16569 19538 15336 17948 15533 19797 11271 4467 7261 13242 19426 15397 10417
17073 13535 6091 3713 9581 14835 12508 10422 14879 9488 16785 11459 9058 7506 12303 6743 13594 16172 9443 13311 6701 2734 4358 5693 8114 14004
13496 2499 18225 13572 6299 7967 9964 8456 3249 3694 15958 10326 14737 175 10513 7511 866 13155 451 12645 13649 1105 2262 8274 9987 19652
15372 10541 983 7841 14627 18914 171 19260 4214 14025 502 6869 6312 5576 3130 19014 6754 3502 10470 9033 6594 14007 151 3077 8837 18898
17284 675 4202 13040 13868 11940 18065 14917 16211 19490 7525 2818 2756 13172 4154 8916 2345 14820 8350 1561 18488 8473 19048 19118 12768 9352
2849 4442 1432 14664 7302 17126 10632 17447 12122 14117 13543 14852 12597 15213 17936 16430 119 17824 8627 3261 17076 1965 1012 19923 15664 826
5006 13514 13243 18261 7824 16824 14777 6072 19932 2944 9733 5941 11971 11043 11017 8295 14096 448 3774 299 6292 7482 9899 13770 8794 14184
663 11152 1818 15788 4156 4525 19411 16933 13157 3516 15604 11948 15545 950 15545 6385 1713 533 17493 2943 2870 15833 10505 9859 12298 17715
8663 19607 17943 16713 13880 8487 5441 10427 7380 2468 9307 10392 5248 15106 5798 4561 2347 82 7262 1442 11012 7364 17100 3090 11019 211
2665 12318 18515 193 2769 18235 4152 5455 19080 1664 10253 13826 4771 15202 7580 12263 19891 2922 10195 11245 1184 5801 11203 2158 18999 19634
3204 4650 10738 6210 9132 6695 678 7776 18665 10230 4943 3404 2375 11035 5951 877 19298 2149 16277 5625 9775 11076 4647 17466 10280 12301
13583 13793 13294 15520 12623 11631 355 15885 17525 445 11918 6792 1286 5385 14401 6765 4439 5288 17290 7312 14342 9426 11240 19513 19155 10099
10807 10222 3906 16497 10837 15426 10781 19543 11048 1311 16734 2598 14732 15885 17981 1896 2794 17552 6892 640 13940 10024 2563 18542 16545 18942
8051 15298 15017 3126 2894 300 967 13397 5166 9752 18771 5580 17864 10193 3320 14596 7340 2973 12856 2 12770 2501 7663 11814 10501 10012
11202 1453 18421 2265 5199 4298 8569 4243 3909 4899 12942 11163 1463 8700 17174 17109 6468 1800 3705 14779 17083 3076 7640 187 5627 9589
957 18718 2490 8555 8091 19240 19214 3363 19083 11715 12515 15228 9440 17441 10977 8513 8352 2629 2892 8681 16029 1969 7594 19762 10457 268
9916 1337 7461 10686 15194 745 4657 13387 3447 3419 7843 11032 2838 13249 15154 2757 16908 1172 5310 4953 5438 6426 17616 3440 1557 19498
18854 9267 8797 15108 16417 8983 6595 19605 1710 11243 156 9688 8587 560 3608 6825 17232 4371 9608 19233 18661 7980 12088 3260 2000 9128
67 3782 10801 16145 2700 11164 19902 13536 2960 11615 15084 8857 6951 13043 11213 11984 10621 18832 8030 5017 7768 16059 4832 14942 9298 8094
1038 19159 12133 16223 1138 16546 14422 19416 10705 16931 13146 2726 16256 10344 1672 17329 8629 9394 18060 7979 19749 12199 1532 19177 18505 16062
265 9116 1341 247 10762 3999 17561 641 10197 11567 15626 13507 10936 16925 629 6835 14900 16849 18557 16339 16146 1094 1045 19375 5071 3155
16060 12439 6855 7432 15302 2463 79 7595 7152 7773 4159 406 6525 9787 13534 3159 2448 5169 10928 16498 1239 6941 7852 17553 3914 17046
15323 14693 2377 2602 7881 1956 969 15212 12166 14673 11245 1213 16703 5445 11686 4668 1215 17905 14418 1546 13673 6046 8864 14976 13419 16811
627 13574 12951 9590 18154 17344 92 8932 8024 2388 14531 14898 11871 10669 13569 10453 9033 2256 4104 18138 14788 8411 19975 9315 7250 3591
1148 5765 8079 13383 3607 14282 9152 6696 2904 11855 17185 17315 12100 16224 5838 7929 15390 19266 13272 19628 18254 8301 14352 15757 2738 18998
19703 13341 7040 2719 16310 8800 8712 6061 4620 4584 9562 8658 13317 2831 5955 18025 1474 2280 6430 16778 2365 9093 5246 12446 12253 4591
11586 727 9852 2490 9472 11151 559 7417 14892 963 1522 4802 8566 14205 558 4817 14406 15702 15241 18893 8151 11452 8754 16636 2129 10364
18231 8117 2783 10726 1235 15892 12707 19490 13791 900 1182 2582 15575 415 2464 4038 3019 17449 4043 3096 506 17834 15193 12748 10660 4481
16361 9484 15421 10753 13470 798 13379 13379 5181 11541 17583 13830 16298 2444 5592 18844 6814 10125 14581 1161 18762 17111 6061 1994 2147 3449
9413 19787 935 10984 2360 6497 8727 1429 4372 2681 12218 13030 5349 11982 18157 4906 2398 8276 4146 1146 18179 7082 9143 10970 17263 4674
9363 7429 10546 13377 5896 4135 12396 3887 19109 9932 3250 1172 1117 11087 13988 633 18493 15435 1679 14644 19231 1274 18339 10409 10926 17600
12494 17283 11192 16933 1207 13549 1306 562 4162 17546 5237 15082 7125 5165 3673 18242 9632 2487 17470 14125 8181 8901 11531 4249 1951 17174
19316 11565 14982 8114 3995 15056 85 12918 1923 14130 323 6615 10392 19571 6457 239 10537 6282 16593 7572 17366 9408 18781 18833 18926 4736
13217 10180 8974 10674 4463 18882 8121 4669 3668 15544 16177 13583 14693 16749 17054 16636 8636 4853 38 10684 18326 11775 18209 15556 10397 1328
16856 16394 11671 287 17421 12833 12136 12903 2296 17315 10462 3071 13525 15449 19295 2395 6759 2543 15999 11257 8215 4636 2961 14717 7915 9812
290 5265 10862 17876 11830 17829 5417 15219 1105 15511 6039 17175 17730 10554 4058 5604 12657 15842 8361 1539 15368 1565 19949 761 10608 19850
6455 8852 17273 17382 5394 13811 287 4749 18639 4431 1075 14745 8217 8327 15183 11318 17245 10763 4849 16791 16377 12344 18874 17936 801 8536
14517 5075 7458 12641 13182 14903 633 5959 7431 2211 19907 10545 7989 3461 12685 9408 7240 2645 12926 11893 16126 4202 10178 7229 7230 8183
10648 1939 14576 2261 6629 6525 5238 5615 15918 16255 6000 963 18051 3045 7281 8008 16770 13980 11362 10308 10821 5345 5017 10203 77 18016
11772 7249 2328 17823 11263 11743 1754 12078 1694 10617 9221 4530 8532 17634 9292 19083 16614 15118 10669 12539 11458 11767 11395 600 7270 7325
5546 12973 2163 9232 8051 8555 8991 7304 15939 15389 8342 16102 4952 17469 17790 1335 8706 17395 11232 16300 14538 12138 8050 12930 8858 18145
1513 14433 824 10683 12229 18329 10923 7564 17110 8424 13377 1189 19089 2526 10942 15092 16423 3055 16825 13406 2883 12407 19508 1726 10637 3768
14611 15553 17329 13815 17300 16959 10069 8575 15863 2841 11118 13271 16652 4003 3681 4451 1198 15929 2608 11326 6513 8669 902 9558 19514 17297
7868 2641 7001 15270 8516 14228 7138 18387 4570 17190 16793 10324 7150 18691 2420 5090 863 8429 19360 4547 17720 6748 10517 19137 19838 12728
3534 3779 14216 3471 5584 2639 5711 3570 2226 2170 5168 5086 17463 17779 1677 842 19925 16977 13551 15286 6190 4942 3389 11163 2992 7329
6598 1124 6008 6269 14945 17751 10159 8734 11078 6795 3529 10014 19394 16850 977 14786 3560 11461 1009 9933 164 15049 18270 2896 7356 14396
10695 15144 12236 15026 6351 14515 4936 844 214 10913 1205 19442 16405 4488 10504 5268 17390 15441 5300 5584 10538 11999 9666 7062 13782 9910
2532 11932 12879 1359 15967 11377 4611 11023 9506 9855 10824 17690 1199 3852 16991 19265 10524 2069 18271 18977 7525 16901 9655 15664 7055 159
4345 15550 13337 12671 14898 17421 14762 7290 6929 1987 12846 7826 2347 494 3172 11604 4667 8222 1805 5647 5596 12738 13691 14856 3938 17597
343 11380 8046 8800 19482 9316 2434 7189 14398 2708 13981 1327 13080 51 17513 10656 4307 12567 692 12757 16922 7763 15015 2662 3356 6402
1878 8941 7597 3960 3971 13322 13950 12181 16679 9344 14739 662 16351 4944 5857 12751 9104 4723 16557 3923 12114 8515 17207 14010 14890 19546
1653 19009 19771 10165 16144 8084 864 5384 5628 15697 4239 2856 19470 4427 13124 6423 858 19698 4543 19153 13393 7119 9672 12109 9591 4781
3982 4256 15864 7974 9906 7040 4816 8185 15463 12249 1755 7000 15195 10408 3895 1210 11741 19403 14454 65 920 9502 2081 9035 16056 12419
15562 7378 14239 10735 8046 4708 19167 13211 13266 3591 5423 19363 13866 6549 11339 8670 15426 103 12667 11282 7774 10918 17960 2294 5834 11550
14357 17018 2052 4609 13363 14303 10513 7156 12582 681 17252 8380 3484 8711 17651 7779 11877 12026 10323 8044 14032 12089 10474 18567 10290 19865
17970 7737 17053 16461 3401 15236 14089 9755 2484 12031 6722 1955 9387 473 15510 11246 4443 13480 2592 15932 8854 3484 16337 10178 13415 19444
19431 9382 2908 90 19802 9517 1053 6482 7497 12182 19155 2519 9350 12347 18263 4653 1888 11064 6047 18094 5811 10208 8049 5369 239 15588
15845 2949 16469 14243 10635 6542 18332 16803 3980 14467 7416 3791 6787 1291 11191 10656 1205 11520 17017 3763 3777 6493 13182 1692 6160 17544
7021 4721 13674 15237 14408 17098 6690 12694 14629 14133 12079 6075 11841 3037 11317 732 14378 11755 18410 8930 8209 7090 10655 5383 2228 9284
4690 4141 18987 5453 8837 19249 2803 11569 3018 12826 15508 8101 13159 18910 12247 16730 8268 1275 12158 10445 5995 18186 19987 4263 14563 3699
4514 1487 15071 16639 10808 8723 18248 8749 8303 365 12021 11347 5215 19295 1185 1308 7936 9588 5302 17230 2290 19779 5853 19972 19682 17827
16773 5458 11121 11207 7520 19054 11054 3069 10609 18783 2262 5842 6480 7166 7340 6335 11824 2585 4397 12998 12719 18718 18399 3660 7929 10417
8485 6437 8206 8203 19593 2326 13041 5201 8067 2672 18172 3125 10218 8458 11342 9993 18564 16523 3646 8297 1543 74 4009 9738 11025 18678
14053 18985 1924 9008 19071 5304 11618 11333 6001 12197 15847 16632 5551 1273 7228 17984 14383 8527 4697 2612 8567 1814 5079 8033 1624 1138
6418 5713 15453 5500 17422 6330 11220 1077 19240 16494 18219 8961 18009 892 18595 16306 2296 11112 16090 12732 8565 5974 6107 17433 16510 18363
13498 15172 5582 2901 4732 1387 3078 18525 2291 4098 3483 12602 14884 7474 8607 1158 15922 85 2869 15928 17240 9823 4567 5024 16227 13031
7185 13142 18918 2970 18768 10270 12570 13645 5185 14209 13923 19576 7994 5936 7187 1720 11016 16430 9088 8143 14976 19802 17233 14310 3135 14790
4026 6521 7291 15851 4453 10123 1625 6826 17675 10328 17328 6513 3041 10023 12880 11991 13498 1895 14173 11158 13086 8581 2322 10633 336 14388
9967 18227 10142 5346 11429 6763 10422 7372 9619 4460 19526 7262 1447 452 4852 7526 19514 5492 1586 17018 3581 14008 12265 15806 1088 8056
15094 14739 15549 18253 12912 7148 4070 7174 4792 6261 4113 6771 4120 18376 1120 16166 14196 13831 4237 10371 17954 11923 15329 18925 3983 5177
14070 8807 7139 13100 16456 18886 2004 19438 5590 13277 17522 9915 19864 10119 13804 15715 18827 1557 2572 14910 4154 14133 18789 15313 15171 19991
19167 18848 6902 6340 925 17822 5616 474 389 15345 8012 10874 12001 4593 4773 11116 3234 15286 18214 933 12335 4868 5921 5203 13198 11853
18083 17449 17922 2855 15325 16735 16538 746 490 9457 2685 12063 15439 11006 9091 12018 11258 16720 17968 13719 17317 7421 1622 13369 11012 10761
