365
63 28 9 90 35 7 59 59 92 92 72 43 95 89 57 62 35 92 11 99 57 63 56 86 43 61
13626 8184 6332 6270 10903 5793 18822 7403 37 8178 8467 6209 12618 11567 2791 9557 11801 6046 10245 17318 604 18636 3930 14873 932 18898
14122 19846 8400 8164 18127 14783 12529 13479 3368 15926 15544 9448 11645 12070 7374 1466 14 2765 8834 10176 593 18610 6535 2591 320 12624
17567 3408 1395 11040 8268 15116 14920 15408 3775 7904 2031 19292 161 11556 15022 12403 10215 12472 913 10172 4113 468 10326 11885 16469 4938
4904 11273 18542 5306 18059 16843 14713 11189 9169 5291 1589 4490 3664 15276 18121 18292 12695 15100 1444 14203 6185 14740 19245 6643 8953 11490
16625 17021 10254 4212 8872 15221 18524 6955 19712 12034 4783 3769 9205 12367 6980 4800 7261 13901 6041 12842 960 18696 174 4463 15970 14891
7560 14016 4959 8203 1200 12433 5744 5547 15656 1530 16680 19810 5779 14470 17856 8570 5412 6064 3578 13494 3645 5861 5407 16210 12630 18833
2693 131 10779 17592 16922 5163 18065 5160 16100 3387 14355 17127 2400 12179 1550 19390 14942 16571 10957 18656 6230 8093 11038 12571 11411 1478
4439 7753 10119 17223 10895 709 11027 7670 11754 17460 5326 13547 8203 9704 7900 2211 18947 125 2499 16647 11529 18272 179 10769 12691 3939
19714 8065 6816 6855 833 15306 7456 15426 9971 1069 2286 2194 12086 797 18991 8385 2260 372 8968 14196 5980 16954 726 13179 13421 14753
9602 3777 247 8163 4344 7199 2714 12580 5915 8319 18284 10657 56 17649 14417 18892 2661 13031 10693 12690 12541 4792 14022 5448 14139 6669
9908 4557 13042 14504 12593 16615 6856 16707 3272 14616 4681 10054 7571 12986 17633 18190 18936 7299 15389 6937 13306 2164 14092 18812 17507 17592
3203 3796 17979 5498 13605 7144 4288 5364 15961 15876 15611 142 6627 18974 18854 14845 7374 19465 4726 13622 16319 13224 5082 4722 2093 16604
10756 7620 16020 9979 7761 1872 11153 14697 19304 18587 16133 4067 12103 993 15793 6353 17202 13818 19515 10831 5477 18772 19224 6729 7331 7488
17774 3511 10569 16414 10192 8585 19655 12714 14143 3170 377 1810 4055 7944 1057 17483 8793 8639 16636 12744 8419 17956 15107 9141 6577 17332
7694 1962 16220 13576 14647 18941 11110 3505 659 9025 13646 6570 16186 18824 9866 17460 18590 7116 19774 15264 18341 3133 6179 7806 2637 9964
8454 16793 15957 10575 18685 8599 3453 15438 14031 14810 2533 6331 3385 8402 16767 7538 2915 10553 5529 3125 12889 12996 1177 1727 11233 14296
9384 15259 1457 10239 18100 9595 19446 15675 18830 9224 3204 18055 18018 10805 5276 18142 2899 11743 5885 4042 16868 3678 6678 19006 14222 16531
1161 2505 10395 12438 1505 19709 14484 6069 4766 13871 9802 17285 18367 2659 485 11492 18881 6979 13807 7013 13794 12250 7751 4121 18657 18700
11938 11386 15445 15106 9488 8646 15625 16313 15929 11883 10706 6055 17209 5302 17986 4486 16051 16937 9764 3508 16409 16687 4304 5429 1712 16654
19030 11592 19692 18185 17481 9686 13638 15701 6019 6600 13479 13720 13877 12567 10249 4710 9194 9677 46 18880 8309 5052 16097 9107 7880 8202
9906 3908 7810 7562 16870 3136 6589 9702 18573 1551 12306 13219 17924 12447 19556 19872 8229 6138 12648 9819 3601 16452 110 17591 15623 4680
2554 16556 224 12609 5704 16614 11004 3729 11768 3473 15932 1876 14787 17668 1189 6967 17216 5361 6508 17971 19642 15540 15238 3853 1691 19290
19435 5656 485 10936 9584 4444 15448 7937 5970 19611 515 6649 16426 13877 18133 16744 2736 8655 15994 13666 15520 13072 17904 4530 10341 13667
3519 16782 11391 1089 4952 12917 14646 18560 4995 6326 5258 10744 18663 1713 17150 15749 11750 16111 3457 17509 14502 11805 10619 2634 7689 19204
19915 10699 19591 8468 7036 18131 2497 14276 18338 8905 2725 1880 19847 19578 11572 16207 2473 15543 10855 10940 10896 14839 14114 10989 17921 9171
4214 14842 6171 12437 5850 11993 2158 2503 11103 18071 13392 18912 19302 12305 14340 14681 7123 7858 16261 5684 5044 17851 19784 17946 16419 10616
1781 5789 9352 157 5698 11246 12621 5111 9438 5217 13800 15135 3928 2664 3259 16532 7730 2997 17456 18711 405 13051 14028 18022 2680 11130
16145 2375 18223 13211 11937 15962 12592 17094 6866 6095 11736 12912 18699 11449 17961 19232 1519 16694 4145 12691 3334 9 7010 18963 8037 3917
3829 7935 15162 2249 14685 12056 18356 5068 8947 3556 9924 6237 12718 5944 18609 7017 2078 2669 17693 19104 11567 11597 14987 11308 18861 5043
14444 1654 11508 15417 1495 4879 8719 18798 17780 2143 16514 2654 2560 19108 3629 1964 11140 18599 3312 2736 2600 14840 4110 2420 14007 14327
1403 14975 370 3580 287 1807 16516 9705 14130 4036 3367 12406 2698 10880 1546 15339 16406 2514 17476 3181 194 5414 12861 5578 3870 8078
18101 257 12119 10409 16206 10363 2473 18437 18878 14622 17578 19763 18330 1674 6529 2849 8864 3945 6314 16430 8281 6108 11709 1336 18951 6794
6430 485 3946 11715 8561 14572 12111 3426 12285 534 12679 9584 12027 16735 16934 17270 15310 13174 19905 1831 8245 8521 2997 5960 10858 13051
11557 3069 12071 4332 16336 8575 7689 16690 5925 2483 11927 1010 1543 2256 10157 5452 4496 15279 16897 8644 12747 370 19706 6422 12573 18983
9246 16499 12934 12843 16487 9060 7559 10423 16558 1081 11453 6893 10598 19609 11655 6492 18908 15957 11376 12648 5822 15349 1087 16873 16200 12517
19114 16116 7134 10818 2166 8890 2491 3458 11239 3041 14122 2439 3957 8860 3564 3518 13346 6532 34 128 19671 1193 7688 5471 17709 13999
1875 5973 16692 18303 4105 13563 8514 3772 1099 2677 5512 15639 17791 12791 12693 12261 5060 14847 5903 3290 19639 14879 18324 4243 17596 16032
12269 5636 11391 9614 1047 1830 19182 11658 610 5254 17288 9140 15065 13992 8212 13021 640 17946 14017 14225 2919 9341 6601 11505 17273 11952
6546 18940 9525 5168 13121 3054 11944 11294 5017 6262 15026 2377 9425 10828 585 15321 14493 9444 16449 8493 16712 5913 13552 14605 1101 11226
2307 15341 5122 13245 8921 9888 19682 8274 18614 2047 7819 11103 17048 5644 13870 10826 17418 5677 6614 9253 2264 12238 13804 9916 14478 4199
13937 11231 19435 11583 6606 16142 9366 18404 6969 8002 11254 3233 7692 19966 2474 19101 9903 2841 6865 3187 7752 7268 12586 6788 16965 1938
16974 939 18931 19122 18397 19922 17855 17235 9445 5692 4643 7379 272 11728 3087 4919 2008 4688 8378 17196 12221 13121 2623 4822 11013 15553
17125 2441 1108 17983 6226 15123 1008 5024 1512 17620 548 3834 9787 1523 1402 9617 5316 17736 7284 3687 2090 11059 11686 5496 5014 13195
18348 9133 10727 10315 4028 11164 7339 19301 13343 9549 5826 13087 3826 14977 3828 7128 2448 14846 16521 7463 18041 18848 8956 12621 13422 4480
4591 16363 145 5397 17228 9880 14944 4927 487 16103 12758 16366 14741 2818 8530 2287 19745 15349 17515 693 15418 18424 19630 18331 2066 3907
18394 13864 4731 15493 6631 13184 4200 13821 17643 6960 9099 7531 3284 9789 3805 15506 18248 5581 17362 8811 13407 5310 6157 3772 766 1474
18897 18022 19394 7847 1711 5263 15506 4996 14305 18637 15856 11234 11080 13545 11398 13 3895 8142 1067 5223 6358 15309 15083 9908 12709 6202
1994 859 10478 2371 7386 13806 15254 11354 4001 11989 15765 15537 15919 16567 656 4105 12453 15109 6918 7571 3934 14912 7662 9598 14656 1737
9174 4056 9499 13780 14913 8656 14421 1707 10203 13716 10552 10661 12678 14294 13017 12217 7647 13600 16000 6439 10090 7103 11903 12675 18362 18435
12159 16240 13932 9967 6878 11861 14246 599 18912 2225 51 2201 10370 1576 13016 12154 18547 15779 17537 19614 16244 11313 3799 10548 11444 12145
6817 5680 2482 14447 10465 16955 17807 17806 1923 2052 96 7073 19387 1668 38 430 15211 1551 10553 5938 16808 9211 14764 15842 13627 3061
4748 2175 670 13095 14468 5476 10602 18055 19349 8886 362 19325 9025 3515 5726 1385 14707 17103 4110 9112 13554 10382 11759 1493 5804 17656
19810 3827 8334 3847 9445 5971 4473 16920 6181 15314 9369 3964 4380 10731 1975 6930 11832 9132 12894 7432 14541 591 10857 10933 7549 15487
15966 12659 4939 14044 17733 5351 382 18413 3138 13809 7294 10483 4840 13348 9026 14231 1192 2300 8670 6417 16728 16732 11543 5219 8307 16522
12927 11340 4459 7810 12481 9196 4198 6721 19401 2026 12947 3359 15740 9650 6975 2074 19384 15039 13615 5426 17922 17290 17968 11572 4872 3897
14199 547 5546 2269 6672 8429 13157 3241 17089 18782 2168 18082 10545 18778 18853 14295 5638 19111 5578 13537 17562 1964 18698 6144 7864 19420
2031 9322 19718 6104 9683 7762 4160 1043 2891 14176 7222 14740 7103 1609 19624 9531 4441 4863 4091 15646 13222 14921 16915 17375 9483 1706
10362 9480 11703 8081 4438 19988 12123 14955 9828 969 12782 4264 2359 9422 842 17844 528 12005 84 13987 1761 5515 693 6733 6234 1146
12004 14565 13184 10390 7428 15010 18802 12217 12141 4163 19624 6239 1382 1887 1469 17886 14411 12696 247 10395 14703 7840 17663 13438 15309 711
4893 16663 2664 8909 8899 13774 10254 12371 16735 5450 15473 2866 6708 15754 19698 13066 10407 2874 19332 2589 1290 2600 2596 6351 16938 10805
16800 10674 8274 10617 4459 5531 11645 10914 10655 9065 13817 15835 5135 19303 15385 3897 13491 12317 10246 3219 10344 1149 1542 3165 16456 3064
18820 2905 8822 11047 5108 3512 7529 11739 14274 3808 18757 8280 13862 7523 12305 8569 5894 838 7438 4797 5811 5307 9719 19334 14516 12408
1220 3741 16283 8889 15262 14819 1537 4133 17786 163 18941 5733 9729 13394 2188 4986 2212 18759 19725 14879 9971 10532 16768 2145 244 15103
5281 1479 10549 12958 9225 7405 7849 14613 2517 12955 17150 879 15939 759 7320 7701 4714 6412 19412 12829 15688 4283 3313 8834 14785 19120
11813 18411 9448 1880 18789 6117 15761 7182 17500 14315 9664 13943 7027 17781 9098 3726 3015 4901 360 18549 11100 19239 5012 9358 5371 19012
9838 3022 11794 10967 7684 5929 16575 1981 7605 6315 5869 19395 8528 10695 18786 9486 5376 6623 7590 1621 18707 16328 3517 13471 6095 14108
11306 3970 11965 6019 12740 3850 10986 377 3911 10085 17033 9109 17489 8758 16755 2375 7669 19681 5841 1951 4370 1053 15534 15980 460 15645
10449 8750 5148 652 13547 9922 19720 17662 15933 8437 7559 9077 3596 15001 19001 11436 12359 18240 7114 18514 6874 10586 9640 13957 13044 18900
12410 17338 8424 12825 5815 12021 942 8862 10665 18056 13545 10333 12177 3671 15721 16427 723 3209 1207 18288 5271 3425 17339 14344 16651 16586
16697 7289 9527 3849 15761 9607 11015 17297 233 2226 8648 7047 11970 9620 9761 12216 17775 19483 13459 12279 4791 5025 2833 19789 4471 12757
13171 9581 8033 15008 5230 6841 5712 12599 6058 2875 17952 19661 19797 6842 6086 13794 17196 8022 6157 5732 18219 15400 19002 11028 16885 447
16367 4250 18653 3773 15953 11248 446 17447 4029 2883 5280 1851 14652 10314 8392 3201 4811 14280 9631 4087 3214 19062 12262 5583 7696 8371
19146 7624 13914 1433 11876 18139 16503 8070 1524 16688 17666 13864 4979 11959 5149 4697 2551 14729 14073 10411 856 4034 9900 10314 5735 10321
12390 7796 2280 12585 12759 10771 6133 5327 11129 19648 10091 14189 9404 3723 14051 9607 3117 12134 10825 1611 17515 9924 778 1013 19427 11563
13380 2935 12738 15040 19945 6453 13081 19947 15407 16274 11497 19419 14903 12444 387 11538 16266 18531 9810 8204 14994 12292 1421 16562 3052 8250
851 16362 12779 10809 125 6909 15882 2513 15685 4684 2174 5689 8983 8887 6457 19397 1450 17626 8621 4672 1132 11818 7025 10612 5739 15042
6163 19614 6747 15115 7481 13936 5237 15851 15237 1784 6380 14792 7120 10016 1765 9500 2529 18274 2092 13280 14367 19805 14239 15798 6692 10037
8463 4437 1370 10609 17652 8636 892 2377 7536 541 13389 4788 10990 1467 13390 15618 14353 3829 15300 13160 15440 14538 15914 9780 2491 7816
18125 3963 2585 5859 4774 19086 1452 1817 4976 16497 8883 16760 4099 12693 17946 19350 7288 2236 10710 13046 5173 3936 15734 11386 17775 12427
17128 2221 16271 9505 6300 4255 230 4470 3400 12546 19059 6845 4022 8742 10973 654 2028 7413 10909 12517 18107 13441 17528 5226 9563 14677
5765 17500 293 7812 7670 11578 15205 19875 8272 6821 5530 13763 14563 12759 14847 7121 13058 12358 3239 2955 1098 9068 18079 8215 16595 19182
16138 3749 204 1241 17854 4673 16650 8552 7439 15853 4223 18406 2225 18036 6661 2900 14232 1316 5014 16001 18776 2901 12080 11329 2752 10587
375 6002 13996 5856 19603 2166 12181 17962 12656 2444 14364 7241 14963 8066 19539 10535 15930 17492 9274 11335 16151 14675 17613 3374 9184 1129
17951 7745 17564 4197 6164 571 6326 14297 17749 2323 10285 2178 10456 10926 12669 6574 14817 14288 11929 4221 2957 12643 1425 1979 16204 3163
13945 1433 17180 8900 1178 10201 17501 18335 4379 19768 7783 3607 12771 4506 11000 1465 6275 8427 10982 10999 16062 19756 13883 14657 17765 3324
17244 4438 9158 19465 13008 6061 15401 9779 11818 11044 6846 19472 16621 5588 251 1017 15984 11566 18677 14383 7554 12326 14874 8844 14961 4302
2818 4401 3586 9079 5202 14579 2175 13381 6471 19197 19282 1536 16224 8329 5895 2692 3105 16365 16192 11609 18016 7054 17743 10586 6874 3197
11282 14508 17605 10158 9664 6984 15905 806 2504 10811 9827 14528 8849 12868 4000 9437 16370 4611 10780 4621 17254 18012 7459 12972 13270 1091
17950 14469 875 17734 12037 4001 13348 7407 3635 15108 1799 11126 13891 6711 9862 5196 6773 17265 18130 12382 14998 4005 3786 7145 9651 442
4133 3465 14130 11351 18523 9940 4078 4328 17886 19339 18411 18618 2431 7591 15921 9221 16062 5991 16395 15382 17352 19464 10493 11104 18346 1512
18526 12939 14527 8483 5705 4295 17645 17531 17430 7993 9302 2921 9214 11108 16174 15590 18414 18395 409 18388 17479 7713 16054 16286 11719 10850
12033 11774 12193 6505 10231 19596 1046 18815 2850 11547 6728 15413 6039 11767 4265 14827 17114 3075 10549 327 9810 7918 6114 18497 5041 17637
19608 884 17602 11264 4031 633 5211 6856 10324 16651 13464 7179 1284 9870 1439 9993 5532 14152 16586 14554 1113 16610 4175 7341 8298 5020
4944 8594 18108 16173 13707 2850 13687 1146 14454 195 6894 17847 18414 11404 3154 15791 18983 2626 2597 547 9323 11722 2860 5966 4886 1319
17533 5999 2415 7564 3199 8711 13253 7126 14606 11266 4589 17068 6968 7324 19291 8126 5499 1331 2963 9276 13326 15107 5699 19258 3351 15425
9207 16748 7933 5982 15625 3560 13150 9439 17202 5393 534 4619 4510 17965 2973 15519 7084 12794 8943 18157 11766 13845 15966 3538 1779 11955
7935 5984 3468 13661 475 13948 2037 14804 3767 16331 5480 14423 12051 4281 19730 344 13981 11221 18517 18179 3237 13781 18444 14984 6997 10031
3527 8889 3025 18675 9136 6672 1537 5015 2909 18649 9832 6661 1142 17530 4337 1858 17095 1811 14293 18896 5889 9530 18888 2421 17399 18825
14662 7848 10296 10720 8767 14685 12324 19009 13274 14271 8994 10686 3075 16450 18270 8522 1817 14687 11258 17367 5161 1373 17131 4820 1694 5081
5608 8379 3325 8693 11346 15477 11102 4436 3127 13132 489 15492 12132 10294 9308 5922 7740 18109 555 4648 9695 1140 15427 6932 16753 12737
17802 7013 1311 19775 17695 1489 3830 4504 11711 2471 11193 15125 10907 9388 13358 6330 15774 9422 7463 3945 15418 8908 10854 2091 1735 14146
3347 8044 8096 14070 19156 7668 12996 17171 7783 8963 15149 476 18566 7848 1341 11443 4029 7118 11877 17071 4263 14222 11975 4487 13574 18955
7434 8198 1077 14305 12224 14788 17649 2532 1177 10182 14851 10662 5632 6509 15142 12177 7916 17828 10490 330 14477 18095 14153 11592 125 5349
18814 3615 4927 13239 819 15845 6359 8543 1750 5525 13674 7870 14242 19627 12290 11259 8382 2789 15563 5954 15915 9071 11402 17473 5233 18576
9186 6299 17192 4671 18029 1848 15716 7420 2199 8536 3582 822 5584 4820 15305 8111 16574 11655 12195 7178 2573 15277 13670 8090 19687 2269
18379 770 16326 19963 1622 5455 12351 9605 7570 16458 10613 5496 6019 10413 7495 11501 19043 9349 11747 12070 2845 10121 18431 8141 6092 12565
15491 6436 4363 3514 12802 7443 136 13049 4530 279 11469 18596 15297 18252 6960 3076 6712 13555 10222 17362 13331 7261 3891 12020 11331 3100
18679 6090 11399 6504 7676 7505 7877 9047 978 8737 3021 9222 4954 7637 4303 15182 2805 17200 10593 5997 4203 8137 8364 5562 2614 15069
4110 2905 2086 13248 13019 19640 16782 12879 5792 18258 19854 12280 8763 19745 7624 11870 5458 16536 581 6452 14889 15615 3799 11867 9059 5453
16724 7857 7372 13265 3552 1050 19386 9729 19526 13169 5511 436 12348 3122 18536 10031 917 2245 3684 3750 14775 19558 1571 19217 14822 417
9066 10795 15609 2765 16029 19211 1728 12455 6316 15335 19469 2197 19087 5846 2785 13772 10522 13001 6443 11602 18866 6650 3470 15784 18370 6439
2011 15612 4809 18241 2431 510 8384 1767 1025 10974 4845 8526 11673 17963 676 5961 11459 18309 3493 12183 3581 14220 18177 11774 15940 7459
10252 17514 6743 16400 694 12176 7276 1498 9108 13226 16884 3078 17424 6970 13179 2884 16543 7214 2947 9251 12314 6707 9727 10757 1535 2195
14899 17253 17456 16976 11033 1607 16728 11083 18690 520 10201 11851 3443 529 8332 8705 9637 11399 7067 185 19008 4479 9351 12948 9589 16860
19647 11535 17498 4157 18443 15580 10693 1356 14064 5654 17882 12839 7299 3174 3699 3825 17387 16205 13374 13957 2615 5183 8582 9831 16065 10361
3365 13118 10793 1972 10209 7253 5907 18304 15211 445 19861 8902 18167 15067 12224 1489 942 11035 13600 2425 2224 11432 6886 1224 16945 9806
8344 9266 5249 17190 18079 11382 2892 5450 4780 10502 11174 2557 13745 6256 1165 3067 6656 7333 12982 18312 3333 6040 18989 4145 11285 13385
6786 2357 17821 1343 5815 1828 15358 19890 3511 4750 15521 12762 14083 19001 11025 1098 4146 332 19471 6493 6798 14432 6304 18935 9529 10640
6005 298 11304 48 18459 2650 11924 14519 10923 13312 10624 2038 12688 9250 15523 14026 9323 14837 1988 11692 17126 17644 13631 16229 876 16567
420 17690 12156 4413 12861 5140 1158 19600 3944 4046 10127 5065 18041 6751 6694 5462 18834 17340 18300 7332 8446 3794 1835 17702 15459 13067
11694 7907 13644 17041 12892 5918 19988 16288 16886 8184 1925 15219 17094 19409 15528 10252 9920 19504 8756 1581 3665 8164 11636 4278 7042 14110
10123 1137 15588 9877 18475 6766 17062 15238 17531 14775 6342 8575 15226 17733 6516 2407 10506 9711 2028 19288 16366 3074 6909 4078 18702 12654
1794 14376 11155 2419 639 9942 16210 4704 19850 8945 8280 10757 8383 8643 16390 5698 9737 5015 8720 12625 330 7426 3254 4995 13697 3571
1433 12489 9655 9663 10346 17882 18442 4251 4401 6267 7277 16114 13168 3011 13125 19594 3976 4671 14610 9834 1690 9585 996 13393 13228 16054
9968 4597 9267 18173 15030 9406 18292 18085 19572 1517 13000 18929 5736 11829 10548 4656 9721 4473 10946 10879 13366 5051 14447 5163 27 9347
656 11456 16035 10609 3600 17894 15958 1281 5174 16967 19748 1733 5269 4882 11459 2265 7017 14194 17332 3166 15485 17159 3488 1490 2963 10251
973 3351 13000 3509 9100 19041 13892 16441 1400 18681 2527 3820 6526 13066 16217 9544 13749 16528 18036 16251 2907 14892 8312 17368 13456 14104
12791 11895 7056 7333 7111 14116 12602 15451 15471 6091 9176 15388 16712 16018 18013 10447 3655 18926 19742 10178 10363 3115 9932 16125 1066 4624
18875 4164 3705 4174 14809 5792 12389 12687 4150 6892 3176 3620 16421 10833 5707 6329 8477 6113 13971 8794 475 16385 4338 2242 13738 19984
4035 9351 11026 8463 4529 4086 14759 2725 13604 16299 16227 12383 14131 7305 18916 17514 824 292 12184 5160 8414 9567 11069 7951 4690 1551
421 11883 19828 19171 17326 7227 4118 15331 14868 7329 19960 7120 10797 3496 10023 11041 12506 18135 3552 1553 5732 2022 3601 5656 17349 4230
12233 4187 5017 9378 9157 18546 14041 9719 9919 1305 2909 9287 7288 8183 12402 15941 18952 6611 960 15066 6405 7686 6688 6776 10460 10941
6827 4812 13380 14429 9057 9169 12580 8990 9690 18151 13798 14218 7353 10513 4569 9341 283 16790 19419 14469 15093 58 6528 8218 13092 5842
9076 13879 18051 4200 18558 4675 14863 4377 14927 16950 9107 19743 4495 13136 5680 6360 2176 3102 14551 14032 4634 10030 16208 18269 14160 14148
10946 19697 8959 12282 15011 424 16186 7279 1154 19879 2781 9262 5934 8217 10363 127 17186 5967 11546 727 7087 14680 5837 1227 4407 8483
5776 8350 15270 1798 15564 16178 3253 5474 18537 8461 12249 8353 2723 14998 15543 663 5550 8135 5186 14318 12176 4317 9115 871 246 7656
13905 17986 7198 10703 5806 3200 3615 19446 17951 6789 1006 13214 11713 2016 19654 13216 3458 2187 10739 17041 16628 6641 8816 17835 14364 18717
13437 12142 5710 2648 17981 6529 18253 6970 17237 17145 328 15740 10651 11109 8920 1795 8548 3855 3528 19509 11952 14794 16089 16490 15019 1266
18000 18576 10700 19783 19680 13000 19035 7086 18921 10165 18347 5364 2376 5790 4220 6939 11825 19277 14900 16825 10650 6818 16068 13365 10794 8153
6943 9819 1150 18414 3419 9779 4980 4930 18783 7868 12853 15790 16221 7198 14295 16809 12841 7848 18560 4417 7533 5447 11160 15557 2922 4117
4951 4028 13043 15457 8592 18551 15420 2919 5545 7456 19184 8366 18142 17411 15754 2565 14955 8865 10892 17195 6282 12965 737 17219 16684 12697
125 2728 6167 221 10217 7573 643 14016 7437 17364 5119 7386 11825 1643 16669 7505 1731 18687 4388 15640 204 16327 9428 12931 3267 8754
15702 14962 5523 14840 10611 10738 9145 19897 9182 17593 1814 17711 8872 14125 9687 846 10216 2311 5825 8796 14915 11538 11363 17291 464 7376
1987 4370 14252 16777 11812 18895 3360 19456 3496 16475 1918 17045 11427 13351 1981 12059 13087 17239 10421 1890 15643 3348 18062 3598 7209 5282
15123 13920 3998 13652 1109 7529 9872 6467 18746 15835 18672 17445 7013 16209 4760 14332 9197 2499 3365 4218 13230 17547 2120 8393 4401 10741
12245 19282 10375 17941 10757 9487 15030 19886 8777 17897 18296 1275 10743 10568 11365 2290 12429 17549 15325 1318 10748 1906 9358 8418 981 6716
4561 8658 4577 12765 11517 11940 5984 6233 18615 16335 12992 18590 12539 14588 941 5122 9164 990 1498 16152 4008 11695 12995 5381 5496 5306
19192 14053 13876 7139 11715 3819 10265 12720 17161 16176 11030 803 4222 17726 1528 4182 16534 18069 17108 14200 15348 7230 18095 13269 7415 3473
4912 12237 19964 8201 15943 11637 13538 1830 7855 13766 14035 4175 19679 12296 1888 19904 4827 5527 8398 7584 17196 18822 5391 16692 13460 15954
9125 18531 14616 8252 14041 8978 15498 9023 14332 8115 11133 18618 11901 19192 3080 5687 2352 378 3896 9147 4869 1315 16702 3583 7161 11183
18085 2962 13635 481 5412 5892 428 10109 10346 15342 14219 4299 5373 19032 6053 3085 9514 8802 16302 19686 13460 13180 8402 16293 150 5491
7210 17707 6677 4891 16715 13904 18859 19890 18914 5098 7868 10248 15999 469 11098 8322 12863 5586 2429 15438 6068 19472 8994 15284 16024 242
6827 11955 12877 3655 11624 9324 13564 3839 11076 9350 13054 9599 15673 16392 10795 296 6736 12514 1401 16739 16692 557 7818 6765 2567 14457
14834 16077 2806 18489 14831 1926 19535 12327 13451 12697 11194 11826 15727 9753 10339 16118 6368 9369 5111 15175 8295 15921 7396 4898 9280 11526
11161 137 13874 477 3739 9310 2348 14016 6844 4893 19165 2691 18467 1269 18511 307 12869 17483 2807 9027 17572 2124 1689 4702 5822 16147
4607 1368 5461 124 1265 58 12870 16564 18498 16045 6846 6636 936 16758 1201 4610 9554 3681 9148 10832 5328 18414 19001 14204 6833 8735
8536 19020 16843 11055 510 2944 10552 14084 18118 11254 7847 8618 4138 18936 7272 6186 15392 11607 4482 6805 13989 1482 15902 9114 10012 500
6965 6567 1201 11930 7849 19738 1821 8145 5386 13961 6710 4259 11832 18882 18148 18958 363 8604 9982 6766 16453 9927 16750 559 15233 17983
4162 19844 19729 10973 7181 15023 2773 9119 4421 1876 3855 11617 11900 6822 2378 11260 3680 14868 12931 6366 8676 238 8609 7324 9914 4601
12617 4445 5361 19716 8690 8757 2478 1952 10100 1878 15649 5611 14840 8689 3376 557 987 11118 7610 2764 17120 15938 8988 14184 6517 8866
995 18799 7927 13583 17776 19385 16863 1247 2959 12762 17723 7187 13425 16592 16381 8973 19180 17929 7896 12955 19854 5355 16984 5213 10001 8299
12058 15055 19728 12664 6632 19237 5811 19027 17023 13690 7718 5061 7984 8421 17156 2994 5221 12802 11479 9098 19144 14489 9708 9030 790 6835
13342 9355 12694 7646 8529 11398 13629 15749 14529 18331 4388 8913 9138 13694 13747 14698 4868 19846 16644 18431 19044 14138 18695 4210 19653 4540
2359 19809 13956 2634 529 9815 207 5750 2337 6633 17284 13895 1993 12323 7797 2933 2641 484 11009 5597 4667 12253 14227 15253 8715 3499
4951 8921 7951 455 12184 12607 16596 12864 2519 19430 18534 202 18954 17398 15790 9165 5599 11753 5664 9277 8096 12817 17265 9467 14826 11839
19644 12295 1901 0 17142 19677 11675 12133 2605 7726 2352 12648 10178 4439 17152 17023 13976 6926 11147 3508 15496 18778 16020 9959 4298 17461
3781 10150 9823 19442 9087 15154 19383 7847 13038 14066 13159 4620 15917 5865 19023 12931 11941 849 8111 15189 17738 17783 17967 10872 2310 15089
6960 6601 13417 13201 17324 15117 6079 5084 355 2965 17886 3256 784 13367 12732 12401 16120 12271 3448 14939 5821 5442 1113 432 902 14731
17554 15260 9182 10868 16909 8137 12989 11086 15376 7728 7853 10679 16275 16563 3207 2564 6505 19530 1278 19884 14938 99 533 17651 1844 8181
9612 5655 5424 17078 7557 6388 7987 11079 17177 3818 18937 18947 6262 11402 5712 18047 15587 18325 16600 6427 209 246 18021 3960 3143 4592
4140 13921 6404 3930 10138 2016 14278 13718 19641 3085 8946 15659 3008 6432 4207 3566 12292 469 13113 16966 7604 12728 15834 7937 9273 15306
14693 13088 11588 14919 14422 5757 19885 481 11218 11840 10648 1589 17720 17424 12684 5017 6868 9949 18085 11799 16540 8429 15405 8267 6139 7870
10575 1679 12740 5361 9331 13308 6539 16538 15767 8592 8544 18451 1675 18373 17018 19545 19776 12618 16288 391 9505 16457 1561 8369 4601 8492
10809 2927 11289 10788 19358 15453 5301 4251 1005 10322 15266 18779 16031 14628 160 1505 15245 13630 17220 12930 1930 12057 7712 9840 8208 17291
11700 9539 1960 145 4003 15371 4864 17445 12331 4689 16527 3823 2980 922 19975 12822 295 12287 18059 4530 19943 18948 13722 17640 6406 19730
11589 19875 12105 4207 19892 17415 4837 14482 19619 3482 2515 513 1625 9408 16653 5171 12960 17482 2575 10731 13048 5124 7959 4236 3858 2980
3933 8538 6252 18386 6507 7758 4459 3454 14014 4677 17885 4500 9928 11294 2172 415 12771 2868 5633 1383 808 7051 18151 19224 8923 9681
19806 9426 9059 4368 15901 14057 8342 7343 4711 19578 11084 7706 3376 18785 9080 14196 6378 16126 16884 17608 19530 5535 7981 8405 6722 1909
1067 3 13631 13479 6740 17954 19016 5069 5638 5496 18515 6396 5668 12112 8828 3265 759 2481 18841 11140 4186 18390 3053 16398 7629 7666
12891 10846 6828 5696 2510 14600 9917 5488 730 14077 10903 6436 10397 3140 11885 11823 9379 15932 9427 2943 1295 14758 18291 7598 1412 18922
12052 17950 6553 5661 1560 3632 18005 13605 14708 8487 7241 11521 7193 13422 17061 19016 14642 2247 12229 1490 8382 9330 15240 10954 17280 3154
10082 15034 5524 17702 11387 19021 19166 13257 8274 412 7607 374 2907 5373 13578 15286 231 15834 9054 7458 1474 5022 15710 5420 6521 5681
1875 4375 2796 6925 3281 14708 9365 14728 13688 16706 8748 7674 15725 6532 10900 12174 10663 4212 8449 6771 19726 5114 19499 6930 16192 7213
9997 19019 19268 14136 11171 1247 12050 554 16659 15301 7443 1085 5049 4428 17591 4437 1176 16005 4303 14860 16060 5937 2174 4796 1900 17556
5003 1382 1444 14764 6172 1237 13665 6250 19880 8862 18201 7406 1926 18638 19748 11634 3246 18308 7892 3171 10129 6826 18770 11247 11069 19131
9383 7183 10062 12526 960 1873 10175 8737 16995 958 10317 6996 7020 2105 18271 8864 5701 18430 4894 11811 13848 4852 9212 9730 5202 12440
503 8836 4359 9214 14228 2446 2083 13412 5497 1624 1754 16664 13694 9354 12334 12297 6391 4417 17762 8861 18087 18110 14109 1709 19377 18324
7345 9572 13366 1058 19331 4585 15035 4881 4533 5780 4777 16371 6147 1334 14832 4261 11817 1837 10652 6371 19346 11014 9227 14007 11612 18645
19985 5561 10769 3472 1982 4656 19987 14912 12690 19640 4477 11333 7099 5367 16955 19947 10166 14020 11716 17277 4455 13101 1224 18184 3200 6634
10651 12887 6000 11773 14033 18531 19210 11287 4479 16438 14595 16563 14410 17867 5648 4972 198 12331 8031 17616 3843 12289 1602 3611 3363 18771
17032 2866 3623 17003 17570 3083 18332 16906 17835 10765 13739 10844 7877 13790 18718 17683 1381 16652 10981 13981 6726 4300 7315 12864 12973 5960
16896 18293 3677 2788 9869 14859 12367 3914 1085 16896 2791 13400 3449 2972 2568 9462 16607 8417 19386 9267 18389 3000 16744 17775 13184 1940
11953 1019 19640 14978 5969 10061 12202 9282 8081 5762 13202 5391 19941 16114 8577 16838 14711 16492 6346 5513 7554 3985 19965 16988 4684 12874
11929 10059 12784 10479 1332 15840 601 17701 15996 9729 8955 13089 19098 15229 6553 18066 10228 15229 5087 13602 3658 10407 2714 14977 2768 17128
14612 7168 15714 2872 4575 11653 11614 3696 6305 16575 9487 323 9612 10689 11791 1364 10932 13359 6113 4645 4182 13156 8861 5894 11421 10868
16128 15029 3262 14917 1572 15071 6846 4730 6122 27 3924 8143 16531 18982 14812 709 14981 1967 13 11298 9830 5573 9201 872 2814 12097
17196 11423 515 6382 17368 19722 17892 19575 12769 9932 10409 10840 6405 5712 4826 8798 19760 17091 16490 17346 8627 12654 13781 14728 18227 1348
15589 17094 16365 9890 18992 16951 10983 7398 8402 5173 17091 290 6212 10278 10577 18228 15279 18742 17030 1006 9500 18693 17068 9816 4527 11013
16148 13780 12716 11981 5253 2996 719 9106 17972 2143 11889 9889 14896 15371 5651 9843 4100 11711 2220 18988 17509 14699 5464 7051 16816 2006
16243 16062 3674 63 2157 7298 8524 2136 18445 9691 277 7166 14808 14444 2999 17240 17197 12804 1314 13251 7718 4747 18933 18337 7699 14205
5050 13184 6473 4153 11359 11313 14957 5726 19803 14619 4965 13561 17007 15445 13503 10712 10538 15984 6501 17864 9245 17960 19710 8226 3778 10185
10117 12295 5109 10973 7246 5989 18390 2798 9955 19710 3541 14677 17266 5023 7620 12150 18900 19912 14435 1802 6642 8828 3804 15947 1999 5616
18775 4819 18647 10301 18725 15465 11615 13255 18160 12937 7609 11456 2319 3160 18290 13562 8126 5923 12865 16530 2661 13248 4556 9716 12779 9760
7611 10492 17325 7087 2470 16431 5535 7823 7247 17784 16895 4811 8103 11706 10837 17180 5112 9311 322 14816 6082 8194 4621 5111 19260 19824
10828 1792 5945 11590 5345 14082 19423 13625 8986 6381 2108 2387 5751 3725 18617 19890 8204 18362 14086 3010 12761 12360 12055 17748 12451 15984
9361 1459 17140 7979 11531 19554 18956 1415 3036 3989 38 14803 14717 15538 11383 4324 5185 11854 16371 4588 7515 1444 14772 16316 13276 12140
7081 3142 393 17036 16446 1451 5801 11901 3617 19563 2317 10328 3892 2258 3246 6845 5474 18239 18538 19466 3431 1284 6767 7451 10096 4443
8493 3503 11544 578 2975 4094 12843 1425 11919 2074 18446 6319 8873 11059 10624 14626 2301 13537 11423 4490 4507 6162 17568 15320 10833 7598
12479 12851 790 11596 18968 16351 5658 3280 6391 7740 9554 14673 5484 7002 14101 9093 17711 5803 13421 12890 10130 13272 2442 18839 1155 15365
1966 3749 11495 6021 4808 18972 9423 18785 3790 16845 11583 14948 3037 10094 17753 17972 7816 19624 1026 15490 13674 10191 14336 6312 3343 16348
18539 7156 5117 8083 9842 1592 17221 11902 15405 16685 7386 5841 2233 16613 2657 17218 1174 4896 15924 7422 12488 10107 6347 15639 13496 3489
2977 10297 12626 13032 469 10984 9585 9132 9321 19898 14539 8706 8099 7942 6891 17272 1966 9457 17805 6393 17081 15404 4550 17831 16443 10391
2266 9909 5478 4731 18569 5323 13924 11191 19657 7818 10330 10155 11811 13727 12274 9309 318 5042 748 4365 4801 3239 12388 17020 16577 11264
544 5939 16622 7436 18707 14939 951 13317 6320 4116 17880 6170 8536 2838 10892 17798 16979 16037 18700 11567 10617 3018 13509 2384 18595 754
6286 716 7773 1351 19590 11650 15782 8668 12378 16099 18677 2122 673 4950 15602 3225 11817 11232 677 259 17619 18614 4392 12848 17374 3557
6326 6832 11341 9527 1195 16237 420 14573 5570 8620 7723 18532 10772 9501 9638 2768 12312 14957 17721 16413 5756 17929 13698 17371 14163 14089
5406 8421 15612 9241 5773 9183 408 9756 11020 11976 53 7716 9287 4744 19800 10618 5393 8334 18078 7337 12173 9746 10693 3658 5849 1838
9298 2772 14147 8008 12834 13175 3514 11690 11194 9598 4789 9614 5804 15755 4250 14240 6583 11385 4175 17481 16809 13204 1644 18095 10304 108
3478 3892 18831 12656 4358 972 17528 15513 11322 18242 13993 5755 19504 13927 2227 1049 15698 13415 12338 8402 11396 7926 5382 11393 9421 4503
10251 8921 7730 11205 14128 1731 15419 7007 18574 690 13778 3431 1454 11611 2796 1034 15866 1765 17262 16796 13572 16312 6175 3291 3414 7703
3168 12270 17666 5089 11600 19331 18160 8700 17836 1975 19761 4283 18937 18341 12497 135 8798 16022 17485 8205 15643 13613 6877 17851 13012 8272
14278 6092 18725 12338 15585 9345 60 8878 18239 994 6724 18141 14400 15967 4499 11887 10907 5007 3963 6593 998 14048 3343 5650 14494 16403
7566 11648 12245 17530 6772 1934 19005 4624 10667 1398 15580 15782 4997 5067 6472 14505 7469 1221 5761 13908 3370 10795 15503 13009 5288 1308
8436 4416 14788 11056 13536 14187 5124 3467 15224 9956 11325 3735 1670 9151 14658 15202 13557 17695 3323 12140 13582 15321 13999 12921 14778 8789
5773 11194 15216 2777 13563 16706 16818 1175 18464 17139 9943 8376 1088 11868 16174 6541 15800 710 16172 19471 13457 19940 18886 14679 1258 11402
5673 10773 3838 7035 11304 2095 18220 9711 18691 6450 7752 14035 9019 18454 11951 3204 12778 19453 1225 19228 5762 10048 11433 18002 6616 10364
9226 11550 19852 2718 15005 4321 4818 35 4621 6058 15240 16224 1390 3804 415 11751 13140 6065 4634 7041 13226 8958 8477 2312 7800 18494
8015 12667 521 163 14065 14635 18448 12376 11803 143 14649 5792 6100 5329 8022 5572 4635 11888 16500 17044 11863 11452 12705 3469 9317 3428
11980 647 15499 7079 8023 2379 7990 18436 18025 10314 19374 6303 9709 13820 17770 10858 13812 13338 7030 6610 16506 6267 6168 10697 16637 12429
1511 19505 6247 9062 6253 15562 18998 255 8764 14130 19359 14692 15580 6670 1754 6114 18269 8507 5823 17784 15705 17295 9128 15011 2253 10191
15139 3286 5886 15783 16771 4172 6400 3985 9699 8282 8460 11046 17566 18518 949 17547 1925 12409 18756 6416 16574 17881 16276 7098 19303 16911
2991 12277 2798 13626 4797 6921 11105 276 11258 19319 5351 17605 1290 9603 12298 6047 5041 13594 3307 7940 1082 15783 17320 11091 5072 1277
6701 2290 7054 10821 16797 18105 8956 4918 6511 10573 10907 6837 3022 1085 13836 9388 6878 3771 13531 15777 15023 17402 16359 10730 19948 12081
5606 10803 18436 3351 8626 5625 12191 10841 10384 17407 12659 11678 1166 10541 11250 16370 16703 17978 6578 15977 5239 12306 15241 8497 1371 2541
8438 3314 5488 5712 3152 4038 18175 7540 2832 371 10854 18011 15247 16271 9105 4624 13650 13609 6348 1735 15337 7065 4752 8101 9976 6815
18650 4585 12906 2446 12019 1191 11011 4403 7167 7573 3380 1785 10317 3789 15936 2004 7219 15877 16564 11549 907 18440 15134 15616 16616 13503
2594 5499 169 17506 3795 10596 182 770 17682 16675 19226 18974 4881 13542 13181 19106 4436 12146 16588 12418 18914 15719 16072 10604 17234 364
859 4876 17840 13663 17599 15578 2333 12597 12788 104 5429 12878 16509 1936 18303 7828 11575 2337 12023 11506 1305 10479 15829 6815 13382 688
5741 10709 11160 6544 5772 4284 9774 4232 3250 15065 3692 11248 4052 7792 6090 8950 3733 14163 12458 18276 14987 4205 12111 13931 13662 15870
2991 1750 7005 15648 10615 16797 12811 17620 6230 9460 12521 2686 7839 14097 13793 9738 14268 7244 13883 16868 2335 8329 8332 14833 3029 17929
5884 14308 19436 12434 5420 5721 16241 4345 1166 8757 7216 6815 10094 1281 15578 15408 11584 3216 1581 17084 13604 17649 19262 3348 253 11999
16319 13277 11280 1237 4698 13441 19339 15723 10733 347 16825 11584 7012 10273 8021 14584 11866 18394 18050 15583 12541 16887 18162 19416 16693 15322
4488 13055 19539 11957 21 1166 9468 2616 10427 811 549 11171 15462 4321 11467 4578 14034 5769 12669 2096 1496 3234 1322 1006 8712 12332
11887 16743 3270 5103 3265 13864 12129 6633 19850 18643 14735 9042 15770 14674 2302 18207 6425 6553 9231 16321 18364 19140 13006 16564 6137 19269
13591 16267 13963 15443 17218 5469 7104 17295 8683 7860 5187 13808 6207 3112 19397 7178 15576 16509 19583 14384 9334 4986 11667 2482 5347 2912
10500 8274 8850 18114 14610 19374 17512 12155 13012 11647 4148 1633 10121 3180 16333 9891 5910 13224 16441 1462 7120 11590 149 3636 14743 11858
765 16471 13354 29 5000 9034 5688 1318 17886 15385 5142 7127 9427 11530 13485 2501 17224 1706 11039 13294 7351 16558 2659 14416 872 7585
12262 10389 15807 7404 11537 7674 15370 4615 16943 17368 3646 8488 2997 14795 11976 2996 17830 10181 4753 16814 17732 8563 10787 12713 10692 6414
18749 18056 18114 16766 3478 15001 18068 963 24 15842 4852 18431 201 19095 14497 15256 16277 19223 14520 2884 3628 9039 8905 7320 19976 7472
19299 9824 2423 16970 19216 2135 10295 6971 17695 16121 10059 12012 14155 10164 8081 9313 17281 12723 7513 14203 13298 7186 19990 3437 9513 8798
10119 3002 5240 18629 2724 2857 17872 3689 9144 12380 3914 1214 19082 16201 5601 6320 151 1655 2883 19556 3488 13097 10854 1920 10156 5376
10984 19493 8930 11838 5146 10430 17669 18909 12454 16875 18491 14388 3565 10033 13651 2155 16247 19858 11058 19948 10061 3724 4951 314 3149 17469
11094 11909 2789 4328 6939 14084 18146 2076 2397 1083 11102 10943 4230 19236 10138 15136 7998 6645 16358 11155 5560 17076 8312 13526 18928 17939
247 14628 4841 1663 18233 10338 2578 8529 12186 16022 1958 8114 787 19021 590 9461 16946 18953 3600 10337 17773 18230 8583 7020 1101 10478
9319 4507 13494 601 16355 11339 17251 19284 15048 10001 18600 18954 12036 14125 15573 12144 4975 5543 16974 17138 6919 11782 1261 13589 8597 4273
6176 461 11283 3804 15488 453 9479 15145 105 7602 16355 10889 11135 13766 932 17809 5819 17754 16903 15986 3506 8178 4152 13986 11451 19743
4151 8344 1550 11086 9637 17902 19169 13071 9496 13538 28 10240 18444 502 2247 13005 13385 8509 15298 3158 2630 15216 819 7651 8502 16478
12810 11940 13913 17456 3926 9134 1577 8831 7650 2364 434 12972 18242 13831 8558 14600 13136 16043 2386 17733 3101 7166 14164 3645 9469 10317
6023 6726 4876 18437 19734 8475 12971 9714 10913 13795 870 19261 12071 7421 12176 19621 827 12250 9345 16667 14546 145 11249 7658 18668 3495
4426 15982 5491 13345 15392 7727 1245 13217 12669 17225 17944 18552 14000 15297 19382 12203 10065 4991 16341 18015 15559 2135 9886 6234 19103 11606
8027 5182 5573 11257 18062 1808 14572 10131 10471 13013 12638 4641 6001 14415 13805 411 14608 3122 16864 8977 7386 4464 13309 5598 952 7819
6764 2909 336 11611 6854 12029 1836 7732 9840 11921 7496 11879 5123 8744 12093 15837 8354 7377 8687 11751 16311 5701 17370 12011 2642 4206
12904 14149 9887 18278 3488 8085 16279 2514 9419 19644 6597 17160 13799 14178 10628 8055 11738 15999 19825 18443 9917 18439 18920 18258 13517 17839
16906 16152 5517 13390 13685 19806 8159 220 9722 9964 15689 714 3193 15287 8435 11952 13258 9129 3625 1 9525 10184 13309 6866 5467 14636
18798 11863 1533 18945 156 9377 3985 7749 11923 7995 19467 17676 18490 11499 19787 5172 555 13311 13691 13620 8393 3292 14147 3127 98 1776
2232 8252 17646 17004 17530 17649 8370 3188 6189 16219 7353 8854 6993 9457 12879 2691 4861 18997 11565 14505 19329 16010 18643 15580 18877 13918
9141 1860 13211 17704 6202 7338 17789 10321 14458 18929 8408 2227 18551 316 1992 13110 431 3960 18547 11240 9750 8078 14832 6893 19075 10036
3503 11891 1471 7800 5109 11660 9458 5055 13706 18953 14152 5535 14155 11717 465 9840 8100 1549 18653 16399 6949 18016 3325 8466 14822 8888
7938 12081 19779 15509 15261 3893 12189 8611 9570 5100 3112 6594 15715 339 6601 9818 17626 507 4844 8297 4306 1082 19761 19326 6156 10413
13214 8447 851 1262 3373 7407 17757 9723 8671 9668 18965 12736 16140 18056 11602 12726 12477 2207 3792 17018 5417 2224 73 3239 16595 13334
7098 8022 16028 4108 16733 10637 11133 1720 4744 5562 10766 1290 908 14719 6007 2572 10782 17007 13868 12745 9675 15992 3451 14678 10800 19421
2379 8158 4501 13558 15620 13314 9166 3908 16033 9294 3287 13834 6631 554 8270 347 5644 1704 16891 14378 4706 8987 17358 3990 13022 9897
3759 3693 4558 8521 2879 677 16343 15817 15448 6731 10779 1020 8740 17534 16181 1681 11190 10959 7036 8325 7843 19540 13145 5841 9322 10666
17992 16840 6873 11011 12198 283 12783 12005 12098 18778 15892 7456 8444 8787 3300 15883 13896 2067 14066 2873 6754 15122 12273 4378 8152 11848
9413 17811 2212 11586 7653 12709 15273 1632 13911 8472 13377 10119 7555 11553 4144 13368 6362 10828 622 2682 15769 11346 1494 4728 15495 9434
11663 7403 10115 13499 8450 4784 8873 9271 19883 5495 1995 14348 17183 16206 19717 5803 10877 14541 19446 10815 9662 8253 16816 9786 2584 9250
13471 16942 14794 3307 5805 18701 15053 9660 17885 2638 14997 2730 1053 13647 6794 13903 7833 14388 13618 19495 18642 18327 6534 18066 12514 17077
6294 8570 6337 1750 8727 7054 3615 924 19799 4788 15561 5722 10234 7457 16540 19219 6020 2695 10293 10556 17561 16538 1967 5197 3167 3850
12286 2490 6872 5092 7256 13470 13396 18415 14455 6835 7514 8700 11839 4139 10901 14687 1337 10233 9837 2468 4347 13476 7793 19510 16150 2930
16927 11128 5983 13627 8793 1659 10622 11805 10723 16656 5951 1083 17830 19849 4225 8671 2631 12030 2317 12776 10465 6415 3406 18514 8321 12653
10029 17408 14287 13486 17308 16232 19779 18976 5131 16585 8629 11954 10966 12754 13192 4122 19927 14049 9425 2809 767 17958 7245 4290 9670 12737
19132 19913 6231 6152 2049 11677 7026 17548 13875 12742 2797 16754 6377 5818 12754 3298 18622 8641 7754 8180 3591 14762 570 7754 2260 14295
3113 11356 17488 9119 18934 1363 3427 7508 13422 2268 17424 7385 9001 13805 12651 2882 6429 12819 3553 15802 3120 1822 16996 14562 2096 15395
1197 14375 13354 14787 10602 11563 12631 14121 12163 17904 1800 11380 2171 9764 15940 5715 5260 12684 11332 9026 9974 12506 18218 9139 10245 14989
15451 13477 16230 17684 4466 14200 10442 11267 2273 7920 13100 4836 725 13625 6859 5049 3839 3486 14583 19951 3907 12458 534 18973 15778 346
7034 9014 16211 8540 13650 661 727 12497 8440 9607 17825 19957 16418 6605 6930 8447 18984 5457 16606 1843 3393 15798 17220 5371 8664 10082
19613 10378 2257 9555 3256 6812 1010 6434 5508 16612 16124 1469 13574 10494 5835 10092 8265 3186 2117 4531 794 14988 2321 766 16426 7472
13243 12581 17802 13056 11212 15912 1777 11794 8760 15666 12605 4728 7887 17034 15701 12775 19780 17452 13376 18122 568 2428 14087 15325 2508 14331
18542 12112 16807 9033 1003 7453 15426 5682 18933 19884 7899 10954 818 8121 16732 16227 16223 15920 11114 2609 14171 1817 4287 4003 7703 4969
4277 12211 15006 4370 14418 4560 15003 3094 72 351 4540 16873 1804 2755 14466 2175 14251 15246 17970 11199 3826 15329 18484 17287 11698 14830
7079 13043 7742 14307 8655 10002 153 8056 10482 15087 6292 7297 16624 3232 145 9673 16063 6260 19394 3851 14389 7474 10135 9839 8815 3694
11770 7351 952 11894 19636 7219 8654 17430 5806 8889 4428 2183 6400 6141 19148 11518 9992 18972 17450 548 16120 19014 70 11609 1705 12281
15062 9878 15925 3597 6193 3389 12314 269 16797 14084 17472 2525 4768 18719 13720 4106 6486 11572 3317 14900 5255 9074 10127 6873 15918 18685
15527 12671 13357 7573 6665 5404 13235 17043 17631 950 14578 10185 261 3854 8558 7702 18665 3484 1830 3369 3043 6014 7271 13921 5791 17134
3305 18987 15225 5025 3306 18938 13527 5143 19575 16703 11449 5272 9445 14948 12185 2866 7165 1604 289 18529 15949 5773 1074 14857 13947 1219
19489 8547 10965 10967 4559 16203 8369 15811 17550 13241 2899 542 15791 16074 4424 10599 10174 18695 17162 2263 14938 12887 14141 15283 6577 18488
19799 12629 7454 505 19722 6108 19889 5131 15142 13992 7030 9458 16619 1258 18531 16769 16639 19187 16330 9629 18443 3201 7669 17150 8744 9134
3468 9907 2590 11518 2206 6101 1334 14324 7041 17163 16999 7049 16190 14817 17600 5146 8016 1964 11755 12312 15225 17100 17552 16751 2928 12431
13336 8959 6904 14066 11126 7586 11413 4215 352 17814 14246 3576 2392 5820 1728 2438 16230 15174 8267 11221 3690 18784 19807 8820 13720 13504
18009 4568 16364 17221 11378 7398 18633 15384 3738 19294 5650 16095 11800 3520 3699 11120 1666 17770 1920 14723 7462 18431 12254 13237 2242 7841
13695 5231 12797 5972 1360 19645 1962 8554 6631 12145 14749 12062 14864 8448 14041 11282 2272 6148 15620 3952 4414 6941 12641 19426 1185 3491
17435 11221 17183 9451 12378 15447 10462 1349 12922 2500 19294 2072 15187 16317 11739 19190 8002 9823 16643 5629 14090 2182 10690 12202 10321 6760
13283 12776 1049 2903 3413 2058 602 16302 2285 13800 12481 9838 17017 15577 12326 19819 18132 9961 4722 7896 8424 6037 10081 1609 10445 8642
1217 10398 14964 943 17030 19767 10497 3635 12291 13367 11493 13674 7039 13069 3309 1924 6543 7772 15497 16719 17806 19688 3403 10248 4033 11121
18041 2501 9219 3387 862 6785 4682 5338 19077 5037 11947 6342 12469 8820 11851 16587 3877 4678 12943 11616 16595 16900 919 15475 3705 10234
9800 8236 12429 15363 756 2758 14802 17824 11402 7640 247 6632 2982 15099 16452 6898 19549 10003 15631 6337 17312 18045 1482 3667 5084 16119
10137 17193 12616 7453 10494 6315 1370 2937 8811 15887 10607 1937 7628 7509 3628 17055 6852 14751 18481 2681 2545 2734 7437 8175 4929 16860
12093 5098 8096 17492 16643 16266 17948 3867 17589 4918 16870 16580 17629 3900 10934 5561 951 797 15557 533 4513 13253 11155 17330 1683 11627
2553 3017 11842 4609 19504 9963 7638 15000 18757 11671 8872 10356 631 9540 4613 9515 7119 19734 1973 3761 4719 4637 6660 9388 19308 671
5169 11352 16946 8215 11451 7539 10783 15878 1801 1828 9391 8072 17948 6675 5723 11256 17181 5480 3007 16424 12426 11711 15850 10607 8960 12509
3456 562 2450 6162 19333 12973 17229 6999 546 2912 3445 3632 10932 14125 14730 5164 19845 9104 9768 8275 2635 5443 7180 19728 799 19479
13294 2471 16185 19463 19163 7773 6489 1666 760 2309 9246 15728 19887 18204 16293 19924 16361 8908 17948 4007 13781 11882 12784 19193 4351 3796
7250 19329 6213 14844 272 15076 8715 13277 4202 3290 11070 7265 15995 10731 19741 3214 560 15386 9315 18832 3264 13834 1012 13988 1313 9974
14335 14694 3388 11349 19287 471 10939 12278 2705 4984 7837 7125 7892 14341 260 15253 3680 17368 3208 7719 4105 7926 8352 8155 1435 6450
17903 1430 8488 15063 6896 8190 14880 5521 14315 15276 11487 2890 4695 10594 1636 14601 17941 911 94 15655 713 12096 17286 12195 15693 19878
16480 18572 7744 1400 6427 14854 18632 13142 10907 15384 976 18085 5600 555 10010 12149 6054 8764 14231 5532 4710 18877 11646 17510 2749 19836
11157 9363 19856 18332 4758 8006 6330 9927 871 19265 4545 348 949 4698 18604 2608 6498 18583 8090 16939 16657 9620 751 8248 6596 16463
12303 17826 17103 4368 11416 808 2619 15954 14031 8216 15442 11263 5478 7335 18304 6366 1125 19512 696 3319 4057 6431 16420 14200 14137 8497
9383 19304 6162 5273 5670 3589 7731 9234 6429 12645 4301 9896 18839 1632 12485 98 7134 11558 6861 15488 9674 15303 9826 2377 13652 674
16606 3142 3058 17399 7185 13591 7085 17945 13228 6544 13853 15813 11957 17752 4518 2544 14027 17169 15252 5282 13723 10991 19607 11277 19690 3407
11692 11654 6054 8090 1072 11402 674 12686 10762 17069 11387 11947 8418 3034 3581 18677 10309 136 16104 14754 3421 7327 12999 1135 7559 15421
16261 12256 11535 11235 13404 917 5040 18379 6756 17241 14814 17531 4567 14955 17729 5548 7441 9741 14507 111 3751 824 1981 10032 18691 15624
2567 11016 10846 8849 858 13323 2874 886 16636 13423 12298 15227 11856 10748 9760 15172 8563 16810 13536 14616 15056 5918 8357 19938 17370 13663
16888 7455 19003 18817 424 1366 16206 940 11140 11725 1523 15281 17020 6592 175 9547 8094 9639 10756 5886 7246 6103 4844 5534 19294 18090
11829 11134 10684 5935 10600 2561 15791 12932 9040 15074 681 640 4819 17390 17842 19648 4444 3964 7889 14283 15634 12221 18432 12395 2085 16789
3727 12778 350 10596 3831 12954 19845 10899 14622 5612 6104 19167 16411 12726 19763 10184 10115 8090 18441 12658 5910 3126 4948 15760 15291 2424
17903 12848 1212 9531 16021 19139 18702 5143 1412 11226 3545 2352 5818 6474 521 11862 7805 18023 15138 16615 14380 19801 11952 13557 405 18849
2310 18403 5679 6454 19972 1327 15727 10868 14304 15326 15022 2549 1557 497 6782 17094 14465 416 15962 3828 7548 13291 5069 17090 8298 9565
19326 14923 9106 15209 3729 6241 15470 19169 13427 7414 9108 6034 12700 7582 6242 2584 7139 6619 12692 11970 6115 18562 6945 5640 11154 18757
9585 7301 2241 15113 8411 18399 8144 15288 100 18629 16227 16887 6362 1482 4200 15170 18245 8218 10089 18807 12259 1061 8206 15137 5109 4510
14666 17565 16755 18473 15059 10135 4667 15788 7318 6964 16338 11017 4853 19397 12513 19285 19421 3836 5082 1273 14657 14580 9595 10120 5143 13016
8907 18392 19509 17825 5462 186 10490 9607 9253 6707 19164 17349 9287 17937 8079 15675 19860 5978 12593 16104 14383 11133 9229 6442 12667 292
16370 6808 15843 19276 9793 867 10851 9535 19188 11335 2628 3341 13279 10619 14384 8000 9340 611 1805 16062 10791 17980 6604 10693 12820 17916
18371 18265 18282 3242 9907 783 14575 3721 17773 12342 12384 6461 11513 4342 11199 10255 5602 15941 2345 8696 5059 9219 16834 15886 339 7534
17256 16604 11114 1201 4970 5408 5137 19203 5677 12258 10703 17849 17368 12741 7053 6559 5425 18889 10812 16401 15236 13115 12189 8349 3387 18102
19275 18648 16463 13600 11529 18546 10860 14303 1331 19409 18048 12132 11207 12066 8493 178 19335 4647 2186 15228 2027 4374 10594 10113 19066 19318
6097 146 14991 11142 12278 10517 3239 11409 19607 13805 2246 16752 3499 11931 5649 14325 4574 12680 13581 10656 1102 2409 8268 4098 1495 4884
6620 11409 17522 14678 1417 10009 4517 4346 15376 5329 5462 2323 16925 18543 5727 13890 18660 14583 4421 8018 12551 15405 10257 14579 17709 14454
17 4859 14526 11158 13877 2056 6921 8856 10442 14072 3277 5673 6819 11392 2382 10882 12790 17842 10560 17956 2804 1286 7744 12811 16842 1728
13773 15473 7250 14489 17082 1244 8510 11584 3276 8559 3345 685 12802 2803 121 6117 14927 16407 15376 344 9127 9327 16934 11108 2695 2651
1858 4270 816 1840 19630 19113 15486 17091 7068 6664 17043 17110 3112 13698 1372 9781 17605 16918 10238 6541 11118 9949 18121 12226 8206 16152
10554 8653 801 9406 19326 12678 19119 13822 8513 17830 8344 9776 13168 12266 14211 1002 15764 16373 7263 8234 12001 6982 13487 9470 12259 13497
6499 16251 14917 9362 4980 9806 2066 4712 14443 5850 16545 9153 1991 13383 7813 16006 19871 16047 5786 10442 6362 11050 11775 4828 5118 5853
14080 18763 16366 10745 19478 14616 14122 1803 16983 10087 5496 9415 13693 19917 5516 9698 1074 4257 19001 1660 6460 7238 2163 8381 15770 12878
15910 14211 14975 19563 18189 12843 6131 16117 8465 9684 13564 7976 13448 3567 852 13083 18734 3618 14219 13259 13659 13118 4245 14341 11497 2579
13573 12872 10184 12276 4020 11709 12862 6850 13048 11607 9483 3344 17638 5324 4304 4151 7061 3947 6919 3285 9999 17636 4799 18478 8277 14708
2614 958 18197 6103 259 4618 5285 15057 18489 4691 6989 4102 14226 11300 10200 13732 15338 8131 1398 9867 420 5683 4525 16427 13163 5271
15195 8655 12545 1744 12875 5814 11324 17323 15223 18130 19451 19281 6962 7551 19485 16598 4479 5155 14535 18253 4586 19892 16357 10795 14346 4924
15639 12734 7980 10733 1019 17910 16465 5109 14813 9411 1859 7986 3642 6939 10504 14943 1554 9363 3815 10706 1097 19107 17804 2817 18110 11948
15209 9303 7066 11984 11887 16170 2945 5038 13556 7821 17233 2479 15976 6258 15224 5006 16950 4061 18804 7977 2044 895 3558 15183 13679 7148
13324 9353 10795 6415 9034 13188 14408 5018 12746 11472 17187 12710 19804 14228 2421 1043 19787 10661 6565 77 4622 11760 7544 11957 7398 15181
18996 1390 3187 13356 13582 13368 12763 6755 14056 3830 14117 14397 7143 6350 3687 9142 753 16594 5923 16101 13664 6867 1018 6014 8303 15181
4070 583 18195 12051 611 15268 16105 11058 8691 7696 17715 14994 2782 5116 11538 10363 10450 14567 19399 5297 9014 19231 7144 4393 18837 16284
5699 18603 16012 16129 14279 16043 16333 12728 9180 13414 6687 11053 7561 17858 17687 13506 5938 3496 11428 9492 4510 6265 8952 5631 8123 8183
11420 10669 12744 13179 18129 7031 11432 3794 4050 15656 10450 5602 15324 11667 4900 15976 13269 10770 7574 19306 8536 4771 12531 2207 10315 3813
5376 16217 1620 42 15468 2945 8288 8289 10872 3785 12468 13663 2345 2284 11902 19909 6081 8188 15744 5039 7910 9754 12148 11676 19955 8818
18866 7076 9014 15755 269 19541 2179 18335 16612 7993 1717 459 12201 4218 16870 3659 6485 13060 9685 10032 2137 15156 1932 7819 19271 18861
14643 8383 7603 15907 9360 15376 480 8964 15744 11722 13713 10207 14762 9390 14856 2144 8100 4067 18512 11709 16920 9580 15957 12735 9502 11945
4889 1037 18858 4869 9808 7043 16026 9497 5896 16077 9393 4279 1728 6964 11019 16149 5185 13350 18928 9071 14141 19745 5484 18944 18668 13014
15151 6751 2277 5520 10179 139 3110 10796 5646 18125 7607 17276 795 5809 69 489 10158 18585 5561 7367 18095 1863 12360 7719 3265 8990
12437 15465 1892 19762 16717 11756 16105 2216 5060 13955 4584 19845 13328 6966 9648 1369 18872 8614 7499 17624 19516 6022 18400 3882 11431 11885
3194 2691 13866 18098 17006 2900 11605 11147 13785 17490 8194 13861 11456 18050 8284 14159 9271 7186 9433 2138 18675 9133 4156 16418 16384 704
19443 7854 5391 18133 2347 19299 8565 4587 14624 10658 8977 7538 9841 3292 1630 18248 17683 16414 13715 2482 11363 19235 7436 16044 6745 12088
18748 15297 11808 12820 9666 6728 1844 2825 17905 2480 19196 1325 16698 13073 11751 5916 2417 12942 5800 14885 17305 7461 10374 2617 19940 17465
741 19302 16032 19610 5276 9960 10791 892 19196 19154 17301 3263 140 14900 4092 6780 9094 16000 15288 17103 11176 1378 8463 14173 16152 7678
