365
6 48 23 76 39 83 59 31 56 86 4 34 22 46 2 100 28 97 63 24 2 41 8 73 95 43
5203 8357 357 19619 3083 19488 5553 2023 16818 1846 11802 16477 12985 8383 16827 18990 8811 13757 2763 2415 6278 4125 9974 12631 6242 12370
2668 10902 4864 6865 15406 9229 7330 7295 14247 6105 9360 2427 7654 13332 11857 5347 16587 2197 11783 18356 7211 17575 14169 11060 17290 15790
8164 16278 877 2693 7048 2325 11536 5534 1084 10506 2104 14984 8079 6793 2007 10094 6971 9956 2610 16318 694 14846 7691 13402 16330 7509
12542 9228 19893 2897 5695 12325 15724 19799 1338 18370 7958 9449 5950 8158 5435 1104 3680 14664 1942 12542 11670 6150 10281 4652 679 18994
12967 15055 3386 3535 1104 4153 17601 18581 6481 518 1302 3576 14216 2549 18841 180 16707 6428 6395 18327 2890 9128 3353 17291 8127 18772
7987 6323 17967 3562 17165 6738 8983 16232 7394 1552 6155 7189 12706 14907 12194 15174 7123 16903 11909 1825 12068 17003 14025 10504 1414 18737
7944 13788 9756 11810 9668 12774 3433 10596 17509 11137 5445 5826 18032 18149 11618 13869 18284 10209 6638 4793 10007 1763 16812 6318 9136 8387
18558 16672 11409 11953 3329 17280 13622 8190 9143 8987 2530 16481 15460 13048 12377 9370 129 18216 12030 14821 11406 19909 13838 8677 5460 13564
14077 6095 15289 11739 11015 1950 17940 10216 2038 14877 6842 1423 1789 4303 8396 339 6453 10987 14645 7743 5357 18732 9043 19508 2089 17954
2563 12151 5195 9597 13587 13427 1866 18620 6685 12503 6420 19768 15153 4209 19314 17642 111 1681 17614 1046 16553 7389 262 13559 3484 11594
4305 14349 7130 17577 6164 4009 4589 18530 5953 17983 8717 13429 9275 9783 17732 5960 14618 1154 15390 6119 2407 18119 1078 1547 390 14782
18332 8995 13476 9372 9237 5256 8251 3170 17985 8360 12332 8542 14382 4676 9061 11264 359 1160 3638 13030 8353 7691 706 7437 3867 8311
2190 7380 18277 10840 7560 14594 5643 15666 974 5904 16674 15234 5125 14686 1445 3814 1552 2656 10222 8829 19167 15376 4612 10831 17169 10156
9352 9331 11152 13032 1076 5156 6894 4686 10096 3912 16870 9331 654 12810 4556 19667 14712 7071 17728 16409 7155 10841 15445 17403 2063 15331
16068 1666 16711 12190 4333 13830 6983 5341 5984 9571 1017 4878 4981 13355 16624 17563 11163 6295 11551 13518 5231 2418 9245 15171 13501 1990
9509 11052 1609 2474 8223 6719 11 10815 8134 9324 3310 4112 7691 14366 8507 17407 17360 12798 2468 19435 545 11526 4121 7002 14738 10952
12784 13504 183 18814 16568 19842 3105 17486 11867 7188 14041 656 2836 13355 5556 15945 4220 16492 14837 5609 3796 14202 6859 2499 2518 5133
13494 11996 13216 17869 16781 17359 17031 9553 11567 18540 4022 15349 5072 6981 14330 17131 6089 18780 13252 14297 5310 4711 2304 4729 14750 15173
9492 6512 19988 9615 18690 11049 16080 15808 12022 19040 4498 4529 10010 13855 18011 2726 19955 3039 13784 6037 7415 10347 11756 16031 10018 4973
134 10211 16388 1279 14042 19270 16578 17580 17741 4512 3377 12301 3222 8393 19792 7429 8604 13777 14856 19336 16151 1450 14752 12073 13596 3514
12484 1189 8146 7426 15784 10302 10663 769 16573 14126 15506 18178 11688 14999 14188 10545 963 13032 16827 18860 5840 7722 13109 6750 7653 12491
8693 17883 6348 19292 19094 10411 10282 14976 549 8787 6357 2965 8185 14659 3569 19543 19432 7546 12014 4637 9879 4657 8344 19588 15214 13685
18274 6581 10784 6635 14026 4633 9961 7925 1392 18823 7485 605 4283 17917 18264 7994 9918 18703 6767 11706 18186 302 17712 17895 14571 16790
18849 14607 4689 7256 5518 3246 9336 18606 4720 5742 8106 18866 4330 12109 16106 12014 16569 1190 7682 8727 5584 232 12216 11032 12456 11340
7663 8739 5119 14535 149 7758 3727 5310 1055 8599 16590 6454 11145 14090 1137 13839 12915 8563 9590 17829 9057 12763 12679 1157 18343 1616
14133 8414 8767 7072 13717 18469 17834 13463 14705 5351 9794 13637 5956 17239 3553 6013 9449 15600 11879 4470 1864 5987 10014 7679 19952 13892
14651 13183 3680 9709 17898 17800 9361 1541 6717 19652 11767 14625 1917 14285 14777 14315 8200 10291 8249 10000 10368 15730 19588 5448 12811 471
6479 13681 7002 5339 16292 6780 4467 17733 12345 8159 18085 603 18055 15366 4301 14834 3775 15412 11484 484 16131 2478 6968 12380 17240 17347
5723 19666 3398 302 4869 14333 11167 14784 16836 4102 5622 6074 13247 12056 13823 12086 12060 7947 9648 14323 663 13928 11412 14206 12744 1757
11332 8279 5407 18599 6647 8454 17685 2352 12863 7315 1020 19468 7833 14425 10387 4240 18001 848 11645 2773 13757 18812 5575 2428 15451 19370
14332 12551 7818 11595 3852 19827 2208 1903 10772 8473 17991 19270 5515 14056 1043 16955 11487 16077 4771 15663 5757 15920 15996 1725 4950 12688
6053 14588 4559 11650 17194 3980 7345 536 8941 11053 13230 1814 18870 10742 12368 11190 2192 12386 11618 6923 300 18111 6538 9790 1517 5907
16003 13457 1649 14772 12302 11497 2180 7301 1019 4119 5699 16999 12344 3740 16221 11900 3347 16612 14276 17954 2189 9070 18141 12032 5371 18138
18336 1936 13438 1782 9457 3571 191 11281 535 10035 16468 1782 13121 838 1876 19248 5602 4171 3599 14941 12013 1020 13097 3565 183 10552
10505 9675 5995 18572 6995 16081 12901 10755 16842 5775 19168 7183 2286 16276 7018 8274 5546 6885 13380 8543 17025 6497 13754 1062 596 10659
18050 3237 3407 252 17766 494 4792 16732 19173 14718 11496 4368 8715 1404 11 1367 16451 4922 19386 11447 16105 9907 14069 11667 25 6166
567 10527 16265 12073 9740 1440 11440 6637 12358 7907 19414 15944 7204 14201 12722 8155 14745 871 9175 11114 296 14217 4273 3692 15335 15505
8879 17332 8434 17837 3020 1445 4978 14771 6204 13333 7004 16797 19107 7809 8371 2578 6883 14290 18252 18739 3991 12866 19751 18219 5193 17592
225 18768 14608 11599 2917 14390 14722 8619 6096 3859 13706 10356 8525 1479 2416 18701 3315 4901 6958 9597 6967 2518 12001 818 19864 7760
14619 11880 3657 19213 19809 4453 11048 9924 13005 3780 18993 17101 9472 3625 8955 3575 12862 10590 15969 3562 8360 4870 1723 12756 13382 2624
13347 4542 7710 4363 1028 10074 8881 12652 5361 6098 387 8746 6742 14762 17793 13955 7455 8520 8811 17695 5628 9997 16099 8639 377 14423
16904 5502 19859 13814 4888 7398 18268 15041 9060 8504 13693 18765 15475 11890 12252 19455 4706 11532 10926 950 879 10900 14848 16928 19040 10509
1144 2479 14839 9810 183 2258 2466 6788 11510 19576 7240 6767 6668 16880 12807 8054 14034 9058 11163 11814 7490 16371 4711 816 8650 9344
13583 16747 9482 17495 2224 18648 12737 17760 9375 9068 11386 17607 2958 16308 18141 17625 362 9659 14361 12755 4393 8044 9281 17037 16721 1009
4908 6640 4835 7653 14194 1613 15692 16160 6570 12618 2419 7423 15500 11417 12840 1643 3133 11988 12479 17748 2888 3766 19688 16053 14098 17774
1273 12501 19543 19307 6377 15216 16308 10626 18168 1840 18555 11565 17543 2016 2644 10317 10845 19157 281 10871 19219 17063 12238 16021 13578 6679
4545 16089 13321 9090 14674 10940 16103 19691 11188 16568 18025 12680 7627 15243 9001 7626 13690 7389 9710 388 18740 19927 8157 3024 17542 18589
74 8319 6044 16218 18092 16683 13489 7881 1844 11327 5127 3349 8865 6691 7089 4036 11078 11088 16860 4035 16418 12033 12401 10097 9891 13489
11907 10070 4594 3582 18867 12344 14459 19468 15737 6541 15810 7110 11775 15698 18125 16966 16846 4247 19617 19795 524 11897 106 10832 15101 6276
15641 17387 17066 17236 16665 16358 941 2887 10278 17843 6427 10205 19616 7480 11248 10287 7953 5468 11604 13683 3370 11953 13523 7407 4269 19353
15474 16130 16048 19892 19032 18000 4165 8409 9973 17029 16790 16323 18125 11605 67 8201 16325 17968 7555 1042 18328 7348 16177 6200 14249 14246
16581 622 3526 5570 19505 6879 3239 12108 5924 13560 5020 11246 10263 16671 2234 15950 11935 4167 3084 13473 7678 11009 12848 1036 4346 16349
6792 2513 17820 15269 9921 9140 13055 10072 15721 2895 14777 18991 16630 16806 14787 3551 2107 10718 17256 17229 9966 8032 11802 7855 5200 15500
18752 11629 229 16164 17594 1969 12173 19947 626 18612 8887 15208 11017 13553 5325 12122 5169 14377 2860 12639 10515 15405 5714 4519 9947 4
9523 802 16449 5494 5101 10065 13189 342 13749 8704 9056 19745 14903 3480 15681 18616 8940 16056 337 9428 3076 12470 7100 17518 14306 13248
7280 17426 19578 13749 18213 5173 9384 4122 11212 13434 16696 15473 2665 3185 8559 16797 16931 11718 2123 2740 156 17024 5756 5567 7049 4067
2187 881 13289 6387 907 3410 8953 19601 13245 6727 13187 2470 7974 14132 13096 8649 4097 5467 16790 18565 13060 7529 7395 18571 12015 1015
5253 17418 16268 18364 13716 9306 2355 11238 9519 9784 16732 7367 8775 6676 19995 17555 16115 10140 17449 706 8297 2365 614 8303 13520 15774
6642 14096 7775 12612 17824 10932 2478 11808 11786 8974 7147 8573 7777 19966 9317 18502 1915 13298 13131 2570 19272 31 2892 5399 13799 5553
8658 6183 883 15737 6164 11419 14297 11894 17119 32 8998 7826 9208 13814 4501 11388 18479 6915 1068 3877 15427 17502 12613 5903 1231 10702
5096 10338 2736 17222 15304 4223 9737 13192 5779 18012 10741 11869 11909 14644 12915 6063 3706 9473 9715 19789 10224 16941 10439 14635 10328 19630
14101 7124 5519 10498 19211 17108 14504 900 13528 13214 7091 7799 6365 4727 3149 11636 15070 12159 12392 9197 4787 6591 19533 12514 320 11228
444 6739 19321 17401 2240 10935 12590 14019 16615 18664 14424 14261 18922 12706 5264 8959 9824 15491 18723 2010 17703 17065 2840 5533 1982 12190
10852 2420 4608 13574 15726 18540 4091 14173 7312 14503 3348 6030 14470 14587 12564 4058 19516 11769 15440 13603 1868 15003 2956 13727 14569 9539
4646 2102 14818 5932 5931 12756 17233 2970 4947 11138 1484 11998 3273 7027 12875 12023 19973 19927 6854 6291 7175 10183 9974 4454 7873 5457
13595 8491 11405 17811 14865 12360 8024 19720 11558 11965 12179 8678 8210 10208 16140 16065 1927 13933 17019 2431 1139 18694 19396 6488 5592 14493
15784 14883 10972 13850 17906 16019 14900 3020 9818 5061 14428 11912 10355 13784 16899 5530 12554 19098 4947 5052 4789 6865 3216 2909 3470 5
11239 254 3487 1482 15 4073 10658 13108 10587 16894 1519 12862 9315 2327 10935 3545 18895 6518 8468 7131 19432 13791 1964 17885 12235 1421
17844 19452 15049 2443 7127 16593 3657 6525 14108 6299 3580 18143 6151 2634 12025 1137 13184 16380 14702 17356 6674 1490 9654 11484 8676 19497
15478 1286 5020 2160 16655 15652 769 2707 8304 19798 7132 4383 6683 9955 700 2301 9455 6064 10572 9161 5666 10802 11493 3391 9304 17730
1153 16311 13037 12394 7836 14821 16408 15746 1212 5858 17290 17266 13598 13621 17223 7151 11649 10846 15914 10660 15658 15680 13941 18303 17450 9680
13829 10907 13232 17127 17559 9381 8381 7984 13247 6657 6080 12665 19051 11733 13258 15712 14781 3196 2807 9169 805 5245 2500 1165 7893 9602
11000 17447 12006 231 7138 1248 2263 18799 156 8703 16478 15469 17428 19237 9850 18037 2175 11378 4303 1229 969 7086 6489 15428 5311 15382
13476 13896 19173 19941 19320 14905 824 4322 7431 14343 16235 16753 9970 13402 6696 10012 2275 10091 13735 3316 6309 17701 17952 9366 898 1382
14212 17193 8998 8694 2179 13464 11677 375 12554 11769 3502 13194 9076 4471 12165 6791 1048 8343 7667 1131 3029 15981 17629 17425 17499 809
1679 11855 15698 6125 15691 17303 3676 525 17338 1419 17041 18065 11206 5648 19878 3129 17010 1811 4530 2836 3337 15786 8688 3075 650 13347
1626 5697 11708 17268 18526 11059 3495 7223 12502 1423 14047 3631 18843 10783 15823 10670 12772 7668 1003 14396 6418 11154 7520 18095 5098 8855
4544 6772 3673 13932 19281 8986 11233 483 19251 4622 18710 9536 19329 7733 6408 10745 12736 15437 4313 5306 15774 15712 8182 2425 7961 2533
14718 11483 14463 19459 5341 5845 12501 16226 8230 2834 2798 10654 10653 4309 4734 370 15683 4137 19331 6498 8018 1622 5934 15817 14585 5141
204 1718 7052 11435 1100 5895 3958 4800 7396 14037 873 10275 917 10910 11359 3634 18350 8972 12145 18143 13372 1249 13696 14064 4230 14824
16666 8599 17018 8917 19685 9864 2561 6244 3306 7583 17064 16776 9116 3090 4564 11878 11762 2740 3935 17851 12416 296 1114 16365 6466 10136
5178 14070 16949 3384 4882 12268 1432 16318 17005 5207 9654 3634 14414 17988 7473 11084 4131 199 17713 1790 15246 1613 13435 5139 1819 19275
18909 14548 18283 4329 17691 11286 9798 19412 12741 3647 19918 7108 12695 13390 16299 7331 15680 12430 10789 9015 16541 9237 2114 555 8195 9368
6388 7151 16756 14206 201 19537 4265 10482 19140 10143 2157 10137 16701 13408 9979 4152 5789 781 11121 5584 4919 9509 3252 13300 9807 2491
5181 13087 437 6034 17336 15838 16179 12718 8940 15168 12522 4854 5017 1552 8449 5903 8975 3880 6577 11046 17698 4666 9907 16543 9316 7012
5746 13043 1890 18665 16954 18716 4705 882 18652 10976 11291 150 6733 1545 11173 9901 7250 17340 2921 5151 5469 3791 373 16562 19782 2980
13340 12438 7822 7862 9230 12958 4596 175 14157 2859 15350 10952 7354 7254 9773 9076 9578 10368 2778 8445 15485 16278 17220 2399 4133 12893
4738 6537 5294 11936 11117 7881 18280 7989 920 9210 12617 1249 18497 5676 8827 14473 7532 6223 19195 13671 4806 6030 18678 13761 5742 11351
12684 13828 13235 10673 6674 15794 2391 9676 16582 17444 5826 6763 8631 12606 9788 5625 2520 4343 1556 19593 8757 15581 16711 16961 15393 14663
8835 3275 3604 10751 7613 10531 12593 5478 6460 17028 19623 16352 18899 7638 10589 8809 18510 13134 14601 8742 4942 5404 1025 10841 3050 12267
13509 1071 5462 9580 19652 16577 6756 3459 9138 7148 18088 15386 4047 10862 15130 18539 9484 13837 15843 16414 18906 11927 4966 12550 17431 16266
9363 16523 17168 11893 19399 3084 13265 13807 5910 1716 17588 13147 17976 3535 13079 9033 3853 16046 17042 18856 613 16353 5591 12098 8070 9549
17644 1950 9055 13006 1405 5689 5652 9733 8361 14025 9344 11698 1653 14904 350 19914 16900 19003 3876 14459 8863 17087 19404 12467 4838 16731
14465 1886 6359 9045 12839 5484 10730 18941 58 16726 757 4301 7734 1465 10162 13398 7655 11343 13991 16335 7682 17708 7723 11638 18596 14920
4857 15284 15472 2628 2350 7162 17173 2335 9325 588 14310 11994 361 9232 14441 15747 11926 6260 5365 7492 19223 13650 14460 258 7298 10759
14540 13347 10861 18087 518 16814 12852 3301 15015 19149 19109 15374 18496 6309 11584 11415 3734 9695 2711 7047 12784 5472 12664 18517 731 17337
13534 9358 4493 15538 6415 12564 3119 8945 3573 12549 15385 123 15118 8607 17912 11640 19541 250 1779 17615 1471 8757 8926 5256 7205 13011
11869 8473 18047 16594 15415 14080 13778 1038 3075 15005 1752 441 14457 18790 3428 9302 310 4506 17951 5168 10516 12453 7642 18059 14943 11904
13446 4275 16277 5848 14689 3374 7682 14206 5443 13530 14809 13556 2028 15932 10078 3236 1707 8857 6644 10379 8275 18830 9033 15503 17403 10888
16409 18977 11006 19163 8384 15204 6777 2866 9838 9143 16519 12874 2323 16886 11409 9930 5184 8880 6928 2042 16016 17934 15933 7313 7770 12932
12356 15986 60 428 12568 2299 8337 4071 7575 11846 14051 7962 5080 4565 2905 6399 5846 706 16353 17619 18750 8595 19505 8050 17109 2845
17222 11536 13410 3658 17941 5738 6199 12360 5219 9581 4916 2743 12761 18279 9419 15233 4702 4653 17912 10592 6013 5129 19742 19147 8849 10529
8607 12088 11341 2486 1084 19181 15176 1505 15815 3204 3859 17508 13015 10544 4550 5789 3405 403 17168 5268 3063 14435 15749 14153 9718 10065
3110 14326 4772 309 4715 7877 1396 19050 12109 14112 3614 10036 5312 19545 6380 8925 17412 7108 15358 14005 12453 19057 8988 13554 5070 14902
12190 2571 11635 11343 18963 13510 13433 7501 10241 4286 16400 9170 19933 10753 19473 9079 6675 686 15520 7733 9497 348 2052 18256 13723 14302
7975 18312 7912 5925 92 3748 16514 8329 8626 13999 5216 11437 9036 8550 12600 14153 5728 12407 17953 11557 15684 6277 13305 1081 10436 8817
3572 6848 9009 7131 12539 16341 4466 16797 16361 2293 16511 10634 6218 5191 11277 19488 2673 13685 12248 5277 12961 16669 13760 17876 16782 15510
11965 6085 6748 19961 700 18732 19449 11438 3352 15183 3987 6940 11236 1437 18153 19888 15979 4263 14287 9989 13001 11878 19903 19345 14342 3721
314 603 14678 11870 7722 15001 9803 5395 9479 2947 12411 8270 13587 12662 6801 3119 2215 8142 14042 577 12470 19194 14921 10052 2364 1657
2671 4321 16697 18734 10064 19614 16611 2904 6342 8146 9190 18266 3126 15146 3589 2579 5610 1041 12784 4814 11391 15279 1003 2026 5873 10723
8269 7119 12240 5970 19117 12975 4560 11067 16385 9501 7550 411 8802 12837 8934 7817 18527 13763 4370 8618 6526 9049 18316 9708 8518 3389
10675 13853 3395 11206 13166 10383 13852 14955 15178 19389 11824 17412 6410 2625 6872 4656 6815 13375 692 2932 18940 9627 16775 4424 19487 18939
15198 14139 9385 16378 1071 13679 13179 6628 10998 9652 17348 11081 13599 10713 10486 17942 19076 7211 15003 2214 4952 13968 2980 18055 19646 12831
18471 16256 784 1254 15663 19375 3046 12471 14983 10464 3979 16799 18350 8504 13838 12695 4089 11908 9743 4321 5911 8957 8310 16069 17116 5866
14889 7387 15998 15411 8921 7729 13689 2025 15026 8387 2223 2449 11640 2845 1771 2749 14758 12645 13136 13989 11989 18768 13000 3358 13961 8638
9383 19020 69 16003 4153 3255 5577 1786 3509 12002 501 13989 7077 7668 45 12499 2200 14717 7369 140 3079 7973 4489 19496 14933 1144
18464 19258 16223 119 15639 17804 9920 19592 6775 615 16111 7168 1665 2287 5910 1072 6370 3326 15141 15564 15848 4566 15764 5117 7871 6355
227 12168 5962 8423 3972 14945 9739 18244 11087 15856 14105 859 16314 4390 2087 91 18193 11341 13127 6604 17397 1417 14770 1878 13876 19407
12644 12011 2930 8758 1984 7551 6033 7737 6804 1004 7003 19868 12629 13220 12464 13730 13078 15793 8471 19435 10913 18535 12406 6490 9406 13784
7636 11367 9542 195 15335 7865 13332 12751 14342 781 18283 3401 456 19525 8910 3717 5524 6615 9171 9196 3285 10998 5111 18646 7893 5180
295 4739 15033 1084 3516 13549 113 3929 19798 6088 4649 7219 18214 2416 6708 11670 2952 2267 12946 7411 19516 12576 18713 14516 1875 14246
9460 18207 652 14095 8193 7234 4099 11348 13358 913 308 7796 2891 17327 16157 19000 19503 7855 13421 3797 2697 3783 12621 19141 14144 19162
10769 11303 1390 4763 5460 1205 8731 3800 12574 17288 3639 4364 11319 16117 3029 2836 5134 5275 1771 3405 3402 9084 12594 9419 302 16181
9526 3851 6632 13318 6840 10329 14899 8760 17198 18550 6093 18399 1708 1527 17781 16314 124 9934 7108 13766 6750 418 9173 8482 2062 9715
17909 19311 13378 8069 5154 1955 12320 3779 6410 5209 1623 12887 13500 16101 15308 3141 15018 11692 15177 10725 3920 15441 6415 11147 4607 8318
16492 4329 6833 19664 181 2988 13917 5894 11524 5766 6954 10582 283 1644 13532 12010 7382 19930 11346 6642 671 1465 18656 14430 13862 4060
1037 3045 17058 18181 18035 2768 1057 5071 4869 13394 6520 17584 9440 5903 3510 8194 4254 18101 7974 15590 2757 19047 2049 7796 12587 19788
5042 6382 11536 3204 13694 7930 18904 16170 10982 3776 8997 11005 15402 7296 13902 18848 17459 17065 13751 7380 19589 17435 15703 12079 10367 1760
12135 14166 5362 19496 10218 1907 11227 12196 11974 9729 8624 2607 5674 6894 12738 7433 19011 5769 15285 7068 788 3274 4504 64 16432 6135
16896 10024 13427 10990 5864 3844 8011 17171 18971 7543 14792 13978 7464 13615 15339 9149 1752 12364 8901 4034 19297 11170 18908 12834 5768 18216
4038 11077 17342 16701 5726 12817 7465 14112 11815 10064 3799 7764 1326 2431 19438 12857 8087 13236 13581 12930 938 8536 10489 8447 7008 2353
15159 7534 13335 4331 1688 13115 8054 19907 11587 8680 2087 6422 9114 10577 1880 5782 19895 14502 453 6645 3908 12807 3385 5893 9209 6859
12865 13742 19422 12501 1913 2620 1046 4656 4275 11005 17198 16186 1476 10837 2874 6766 7690 4217 17892 8678 7319 4507 10639 19271 1614 11588
18983 17836 15524 1043 13934 4593 9594 15787 6335 10559 3975 185 9102 11290 13128 13790 3014 863 13699 17535 6885 15423 4736 17385 4448 12655
14330 17335 19417 5262 12994 16492 14734 3449 4123 17569 15477 5120 7553 15144 1767 1420 8398 475 369 11683 7465 11679 14229 11588 18348 11852
10326 6748 19984 4505 10323 19762 3880 1050 17501 6047 6795 16102 5843 14357 10363 4743 6886 19157 7884 19016 17817 4119 580 16688 14027 7763
19944 11246 2278 1894 19211 10813 18369 19763 16638 10049 19899 12827 8745 1297 5264 11318 16636 392 12875 7618 13374 2297 6439 248 16573 2321
4621 19561 18606 10700 8445 19672 9594 13793 1920 4337 16448 12688 14304 19497 10093 3056 16068 8506 14770 15839 10611 4487 18164 17679 17552 12800
13967 2583 9857 18316 1104 5471 8243 6150 2305 14455 14753 3744 13449 12505 4801 7134 1086 18336 15698 2696 9249 16020 1399 16655 17665 16491
8370 10742 10103 8336 12016 10942 15630 17076 11251 12124 14272 16295 396 5414 4826 13556 1178 1488 6556 1800 8331 3210 16937 13143 3435 990
6058 13659 12635 6244 3864 10748 15644 6206 6318 10148 8558 13017 3992 4819 17540 3550 3812 17852 5813 6484 9227 3653 18477 9270 13549 3231
15345 19742 16419 9063 4070 7797 3250 14614 18933 7535 8041 3675 7905 2157 3758 12386 13521 19195 8842 9416 3100 2368 9631 16518 1606 8076
6656 105 1132 14307 5365 13140 9286 13556 11489 3636 14849 1910 4662 5657 17059 9426 16278 15128 17987 16466 8167 13320 5547 5359 19014 8160
2889 11482 10225 14130 7859 538 3024 16600 18138 4501 15664 12898 15124 16805 13877 19716 18670 10379 10009 9432 8265 2447 7058 4349 17401 17807
13912 12151 12033 11073 18640 6190 19247 5913 13983 5189 12809 1808 6823 16663 19349 7053 5609 8832 12640 13927 10945 1796 7842 12346 6580 19794
2470 7798 10892 11507 4449 17448 3002 14568 13247 2060 8321 7330 1084 7937 3228 9112 9751 18645 8017 1420 7847 16916 4839 16116 6414 3242
4046 10479 12699 10860 9259 16310 8002 4688 12298 13466 1246 11333 7111 995 10684 19645 19365 1000 12475 14883 3792 9830 18973 14153 73 6393
4567 18946 19962 15615 8441 954 2725 10490 17157 197 7692 4522 9622 12678 14761 11939 6895 10431 298 10683 8964 17725 17998 17064 18560 19457
3240 8874 13615 19021 1609 10558 230 15296 13508 10463 9058 2944 15421 3566 10007 8015 3398 2145 6341 3170 11525 11239 5582 9803 18587 2517
13205 10996 5670 15373 2715 9395 16763 3947 470 11303 12106 309 14906 10656 14701 3132 16275 9997 15868 10084 12680 11113 9720 4789 39 17674
13802 5730 17370 15096 15933 14524 6287 5182 7883 4986 10285 18615 3029 4271 569 6490 9035 16386 9739 19265 10133 10903 13634 14786 1118 11331
19249 4628 5601 5740 16854 3149 4384 3133 2942 11727 14686 6784 15924 6119 18048 7573 11116 1823 17994 13211 16068 2991 8781 1563 6456 1149
5754 11177 533 17482 19446 18428 14501 1857 3607 15185 10208 2914 3845 9347 12557 2461 13259 16461 16934 10541 12252 15532 2485 18929 5038 14170
19260 11917 19396 15926 5200 15144 14209 17091 16772 11093 13360 3167 14815 15156 16391 2905 11748 5745 14082 4000 14853 8984 12245 82 8458 4946
16947 4374 17078 10047 10388 9668 8853 5344 18634 11060 3001 18769 15605 12366 18763 7012 11374 16533 6620 10234 3446 10957 17119 12445 1970 14410
17530 15635 8190 15683 6624 16693 17525 1860 3787 16983 5290 2114 5147 5814 2904 5523 13792 7340 17513 15257 12000 16651 1396 2680 1639 5784
7317 14367 17199 10788 6482 6418 16168 5549 6786 10640 7547 10959 991 3014 11443 5025 3521 11195 4048 8372 13630 14501 17548 12948 15767 3203
6746 14868 12886 9700 6949 14753 8112 12599 3715 1004 2538 6821 8668 4594 15080 286 14070 1480 8225 242 6811 19038 16735 13709 8054 15467
382 8887 10131 494 15783 6295 19587 18949 10776 15975 5300 9219 7055 9755 9266 1353 7901 5364 16245 132 13072 733 2011 16819 16581 14617
4434 9993 18161 902 8507 14002 10795 15062 10664 19695 8594 17894 5972 2465 12413 18735 19782 3447 584 6578 16831 19462 10838 17799 8251 14708
17751 9958 10811 19509 10655 6162 8702 15861 1784 14894 6951 5301 9861 7344 15157 18682 4719 19720 8534 16552 3736 1119 4984 5243 7505 13959
12175 16745 5581 5061 18014 11049 13520 18835 17259 3469 6247 4787 14904 15095 2342 5239 19044 2178 7408 5049 7301 4115 14260 3017 10859 14576
4430 8138 5657 11952 10172 11151 13592 16646 8177 10330 15756 5589 14805 9844 6029 15692 6896 12953 19462 1836 3145 10485 9492 11005 4747 6239
16427 2442 4426 8765 16455 5032 4855 16835 5386 18256 4944 8833 19178 7293 14480 18429 10809 9209 12519 10302 18969 8183 8959 7626 17084 30
7150 16551 7369 4754 8126 10972 7362 2365 11136 6909 11627 19291 16387 19027 6390 1119 10097 19646 7495 7232 14523 1754 17679 806 12951 531
16348 4660 4913 19716 18644 18948 19407 14893 15075 19332 4949 1875 17957 15168 8349 17033 13637 5244 1060 2608 2531 7139 6785 16289 8653 692
10685 2203 6409 14769 3579 12448 14084 15782 10151 3213 14947 1964 13472 6313 8325 18515 16792 12735 10781 3926 11571 6161 5180 4473 11725 10428
3421 2664 12597 13256 19863 4184 19191 18018 6366 3218 13085 18641 8038 15458 5737 15769 16372 15572 2852 15566 17571 14657 53 16676 6540 14545
7397 14702 19831 16122 19757 9556 7471 14335 12679 1848 13625 16492 2476 18154 11880 17799 15906 14168 2425 15485 13657 548 6879 4114 3716 4120
17955 12499 11229 17185 5763 14759 1888 7084 2086 1964 14330 7027 1737 5308 96 11941 9453 5955 6916 5825 972 16717 16805 367 7830 16650
7881 7801 7578 2071 3058 9699 19238 5212 13778 4421 4480 18584 13445 12730 19247 3954 12042 4404 13310 7212 2328 11897 14436 15206 11868 16148
5089 1990 1577 2752 5583 10058 2363 11271 132 4633 10561 4537 19745 11393 4484 6547 6841 14230 17789 5431 7032 6534 104 11376 14405 12166
4854 1587 10074 6027 1058 6478 10980 3639 14098 5377 8800 16670 16131 15042 8388 5723 11595 14837 917 2693 13812 2277 13554 6225 738 4069
4777 5154 1639 14986 6645 19443 5339 16904 12152 12749 1178 6908 3340 1988 17698 12654 4276 618 9380 18634 10917 18097 10116 4915 14149 11244
10593 8875 16462 6657 14716 12793 9812 16554 8689 18809 926 1474 5558 14039 8180 8235 12846 14827 3945 11284 16713 16719 8345 14615 5068 16912
12574 1558 716 15684 5812 16845 16814 808 467 7893 5062 14983 19338 1826 10502 6334 16416 17867 9439 16219 881 12919 1459 19679 15122 19660
6530 13169 2098 7586 12812 9725 9220 1496 11749 19554 13597 283 17244 15480 6182 18074 14086 6730 1350 19023 12162 12897 14085 13203 12158 3773
1685 11373 4211 3816 15512 8410 3269 1523 17553 7185 17349 9203 12055 17436 8524 10551 8739 6410 10655 299 2516 987 1384 15735 13152 2167
13478 7732 18235 19713 10891 7585 14018 7844 496 6566 15947 60 16921 9887 6699 16145 4616 17977 13990 1287 432 1794 18673 16269 8708 1926
846 3374 11880 14500 8882 1166 6056 1176 13927 15395 12159 7210 2343 16358 12168 13530 16833 4733 6505 1001 1393 1765 15373 3857 13481 18956
3644 19926 571 5235 3459 9640 4807 6589 2274 13498 10096 2115 15868 8538 3414 19315 1284 7097 19744 8988 11144 8095 6535 616 11524 13456
3089 13341 1153 9218 9076 16434 3015 19742 18157 7291 204 7783 840 3228 19316 11250 2577 4997 18443 14735 15609 8572 19627 1405 13230 5792
3970 3998 18563 14804 11360 19042 5193 18038 12876 175 11931 4696 6035 17113 18500 6196 13417 11219 16359 11981 8513 3056 8959 14418 16918 8615
4376 15778 14086 11398 10880 4814 19575 19037 18659 13881 13197 7270 3085 17281 5458 9529 14999 7169 16858 15233 1068 1845 12065 7627 17067 18981
16821 9591 15541 15870 16301 5150 8036 4241 14192 9964 13027 5690 1104 17264 7875 9543 8567 8399 5043 1318 4823 15113 589 11555 7550 16969
5067 12143 1883 16668 3210 15155 14839 9526 15694 4775 5158 1965 12226 5350 18327 5208 9660 2464 8274 13941 557 12341 3096 1520 6012 6194
10855 14816 15156 2433 18797 5864 18364 3059 12262 8154 1111 9431 2118 9239 15942 934 11086 15492 2946 8626 3884 5229 12699 11759 19391 18768
12842 8712 5175 12146 3394 5634 13978 11120 16763 19679 4784 16788 15102 1760 14370 6612 8175 15334 13859 12043 13559 9039 13188 10843 2165 7219
2708 3731 6821 1983 14396 9991 16582 12945 12585 5549 9434 10914 19776 16917 16226 426 3543 6169 16078 5509 15399 1579 1377 8254 16428 5415
10533 19021 6810 3003 7426 11079 4314 14878 12657 4549 210 12868 2882 5424 19038 12221 16459 17342 14358 7861 2264 13021 9490 4793 6913 9718
17317 14482 11260 5600 13 17034 8617 16186 6351 12121 3835 12315 293 352 1693 7964 17407 9840 10551 3086 4263 5524 2432 9 2569 13903
15286 13117 11093 8287 1184 11893 13576 11894 15233 7951 8511 754 530 6710 9398 16599 12676 4043 16203 11928 14321 11226 4518 6152 847 19268
2923 3031 1411 4566 10172 6755 15572 13680 10704 19101 12443 19824 15315 16981 1878 14200 12172 8115 18448 649 9355 3845 11643 7462 12858 8032
9886 13461 18238 14192 6082 17187 19924 8959 12952 3214 15444 983 15116 1205 3961 7554 2237 3395 8767 15036 5383 11572 16672 4936 16411 13902
5982 738 8008 6900 15843 993 4262 10082 11035 13943 9706 15618 1908 4831 14625 15289 10255 12447 743 17421 659 16617 17467 10250 15036 17206
10351 13540 9228 2977 15107 12879 2502 8403 16919 7247 11147 10223 11317 18781 11956 1527 12772 10544 4803 7893 16564 3798 4561 5067 11249 14454
9586 6757 17970 14108 1006 10012 13653 6587 3919 1166 13139 15642 19452 8219 8408 19846 12978 2882 2837 16710 11563 8205 12828 13514 18730 10124
15328 2997 11391 16475 10058 5169 15683 14626 16580 939 7363 4361 10657 8956 8195 14450 11902 17093 12931 3531 7321 4849 18498 6877 4600 7290
12443 6336 12754 17034 11352 14770 19651 1012 9191 18335 19540 8453 9127 13608 11591 6782 3872 9325 502 1662 4737 3416 19795 14018 6813 1003
12250 17951 13995 13037 17057 1800 16970 19315 19201 15430 15315 4053 17382 756 15016 1554 11827 1729 17268 13224 3385 7807 10092 14949 1277 7912
16979 17269 11721 18009 3015 9661 3401 11904 1284 14052 14842 10027 187 4885 766 7855 15948 12746 3 9601 6427 16462 18478 15207 13566 1433
14624 2373 12408 4752 7771 18065 4265 10056 19503 10463 8862 17246 8472 1534 6035 5151 15189 13196 15381 2312 2554 6499 13231 18676 7120 1668
9343 11665 19906 3829 4315 15686 18609 19010 13931 6394 13740 15253 13829 1419 16497 19378 18010 4830 11412 4336 19550 6532 1268 5788 877 74
19445 15622 13855 5734 4100 16893 6917 18691 15951 2015 4133 13085 10590 7526 15542 15588 12364 10697 10545 6682 14915 3706 7320 2547 5893 3781
19550 3325 5095 19152 14514 12635 5177 4364 3480 7520 16123 10013 10121 173 13127 11005 8219 8130 7567 5848 8805 7708 8087 17681 9683 13243
9572 17459 1542 7021 5768 17934 18975 13873 17014 14373 12665 736 1903 9644 13421 9829 18172 12321 8332 15396 13497 8174 1538 15971 8413 3375
6420 6538 12489 11574 14536 11988 13258 4446 18780 18043 2752 9853 5369 11352 8521 13163 1258 6994 6778 14315 6418 19145 13123 2464 9443 4953
12521 2166 7566 12388 13139 2372 17052 12413 15734 12401 4918 17505 1295 7300 14538 18357 1114 5742 14165 848 10416 6075 11954 10157 2342 19307
10685 9050 18487 5104 8177 12109 3639 14707 815 5262 1611 11781 6600 11187 9376 17656 19855 9263 16628 17354 7991 18617 14398 1039 13764 18491
7771 11132 11649 3372 8847 3368 14580 14427 17346 19224 18793 5372 12289 14967 3319 16602 5805 1106 19893 15101 15230 10307 17946 11743 19334 15984
13896 8100 13401 7944 18157 16989 1395 1743 4772 8653 5311 1863 7212 9158 14418 4111 4995 14940 9084 16282 1152 15558 5833 81 6103 2081
17830 2746 18310 8227 13154 4118 5552 8029 16602 2888 8120 7549 6709 982 19579 16007 15758 1044 9748 12265 17763 6399 14194 4065 15490 11325
12039 6124 10085 2357 11341 19136 1431 16698 14832 7269 4531 12915 17212 3842 8757 13067 19892 2579 16969 6083 4625 9551 16050 1668 7962 5836
16830 7386 5653 4013 8709 15356 3020 17995 10728 18758 8915 15049 10262 17456 4075 1360 2962 16476 16008 4823 5226 5049 5362 5266 1945 13780
6649 2433 14788 12604 11869 2227 5197 3463 12623 5883 12429 1839 1464 11172 7985 16245 13 11640 8077 10718 4615 5923 10103 7946 3821 9794
13714 15355 10137 19168 9722 2211 16495 1265 16387 10527 7587 14445 15096 6271 9213 17275 9418 6751 5453 1244 19824 14535 6134 16514 7454 3240
13594 19634 7234 4818 13516 16533 19131 10447 16194 10348 11554 13149 4383 10146 13599 10532 17347 18105 5100 8017 19676 11405 10665 16666 2898 6889
1038 14748 12836 14960 12052 10563 3098 3651 9933 19731 7315 3377 6138 18025 16476 9950 3386 7313 8312 9096 8125 17979 16244 13147 13766 18678
10039 3003 5266 19411 343 15289 9986 18719 8324 10354 15641 11921 2455 19632 8686 13327 15672 5732 18578 2534 6448 3302 105 2913 5348 16657
13967 19870 2160 6848 8308 18471 17509 16815 14585 16251 8914 10459 3715 10571 1273 15044 19493 18273 14417 11858 31 6500 4129 9669 6754 704
11219 10673 8471 5221 14872 18676 2242 8976 12318 17734 11025 16375 16198 9855 14346 13487 17242 6583 8562 3285 17655 6620 6415 1810 14754 17861
6364 16754 10993 2336 7810 18988 9205 700 4963 565 12429 9465 13781 2071 18022 10602 11267 15208 8601 1494 5778 9247 18208 13174 2308 8259
17045 2780 18454 13332 2508 11379 19802 8368 11157 13102 3402 15356 8525 11224 6765 2916 13126 19744 15309 9208 9356 10973 8442 8657 17457 8076
19592 8520 3203 12234 12603 8197 7494 17133 14011 13537 13091 16892 21 19388 7453 16490 9919 2724 4735 5524 19135 6806 10114 10883 13388 11175
11587 6598 12181 9249 2681 10379 9277 19926 19826 3944 2305 4824 6985 12357 11768 18148 15637 14460 2889 9986 4375 8709 16675 7645 15402 938
19249 19627 18913 10859 6108 4596 4598 18258 1239 15812 17300 16809 8744 10856 6430 9784 10547 3779 16837 7662 6299 15912 18923 16065 17132 6033
2033 6948 8212 6167 11796 13574 14743 13997 1473 5388 16568 14801 7958 8948 9418 15355 11924 17413 10614 11975 5975 11807 18068 6105 9645 9002
582 14973 18576 18291 13908 12164 9030 4794 4647 6960 14657 10586 14043 3801 1408 16055 5147 13496 833 16931 4451 8020 10678 6106 2120 18027
10982 16830 13499 8174 62 12140 13230 19279 14506 18224 16662 10673 8442 9941 9546 2361 6763 14996 7717 2793 381 5932 15273 3883 17909 1350
10191 5785 9616 9167 17581 7245 8595 7954 8445 16005 13331 17961 13827 1910 18658 8618 318 13150 4357 19202 12184 17281 1933 19498 10044 7153
3459 14300 1550 10152 16041 1622 10505 15959 15185 7958 6342 5946 7132 2239 1802 15519 12073 13958 14017 1383 7753 12122 7697 11828 18520 11696
9000 3258 12886 14569 2419 16260 13518 9769 8874 10156 6168 19987 9478 913 3668 7861 10151 9502 8807 8315 7062 19913 12481 13683 15469 16277
4009 19621 3336 10979 11650 14730 15378 18248 7259 4060 8165 17425 7610 19096 1789 9692 18990 8998 1126 9940 14537 16554 17822 10435 17057 7418
5902 11380 2655 8430 9881 714 10108 4062 8533 17956 19763 15425 16833 10695 18558 6199 2795 2315 4101 5212 19199 17397 14347 10320 2720 15368
9008 8338 16730 19441 8315 7404 1803 6865 16988 4917 3868 13760 344 17513 10619 4580 12856 7893 18761 16773 17683 15266 16020 15264 15319 3345
2814 11139 5614 13668 296 19846 14162 8598 7792 5830 3680 11183 8688 7267 18561 15745 19431 5380 10337 486 19706 1858 12972 19582 3495 306
16237 19654 2525 2030 2230 19921 5048 264 11775 12559 8149 9036 17866 5582 920 17541 6610 558 3688 7723 18700 17288 13254 768 10391 4142
482 1311 5271 8206 17940 4295 4452 12101 16042 5321 4397 4859 13979 3540 5865 12811 10863 14960 948 14244 9870 15686 2507 16084 6272 18891
15473 10356 1561 10007 11655 6308 19956 5444 7406 16321 4342 16908 14319 17508 8795 13792 11641 740 14379 16286 19989 8618 4578 4071 14529 16817
10057 13760 14405 18947 8122 12013 4909 7384 9405 67 869 3610 13182 19684 9394 19508 2114 14314 2486 8555 2289 5170 11388 13146 18052 18672
12160 15722 15064 8014 19996 15574 6591 1383 12196 4053 6610 12503 5477 6164 11413 3673 1661 11175 8274 9604 5783 13065 5026 5008 15363 18994
4588 11777 8489 13551 9251 14552 9582 12128 9989 365 18465 5195 7621 3205 16098 2434 4964 11663 5259 15637 12284 18217 11950 17485 12920 18302
12173 15035 1029 7728 630 19891 1818 14705 14867 2063 5403 17794 14786 16165 15227 9099 12139 3865 13809 13612 3791 1743 14646 7978 653 7758
19987 10960 13153 15143 2755 5584 10144 6425 1541 12557 517 1864 5970 15826 1972 14663 18762 11948 17904 1524 7196 19132 19802 13210 3299 7884
1868 5472 17049 3758 2115 15716 14158 14984 6773 6023 967 2351 7447 6694 17434 12191 10231 7487 14729 398 2295 15584 3756 12775 19 17199
1586 2277 14573 15652 6422 1391 13069 9077 2578 3246 19256 19571 11077 878 8613 15013 8264 5949 16093 9484 3134 16143 2896 607 13445 9861
7628 11947 931 19698 1463 11054 3385 19971 12782 19409 1284 2601 9496 18410 13505 9705 10988 1480 832 16923 16697 11257 14058 7129 1062 14529
8586 6245 2741 18496 8067 8451 11764 15334 15599 5290 10076 7102 679 1060 12422 14263 16041 16613 6999 815 15674 10782 5251 2418 5060 7671
12862 553 7618 1830 5332 7003 17700 11965 2220 4091 12750 17622 6571 14464 18965 10410 17068 8925 15943 19935 14402 5387 12587 7303 19226 4905
170 2802 7980 10236 15842 1402 9437 4405 17630 16960 2865 4539 12853 110 18379 11669 19434 9791 3169 14456 4857 10487 13897 14214 9213 3361
19081 1368 17866 17763 1481 13599 19971 11236 5825 17597 13798 5601 12666 7723 9797 7939 3598 10390 18758 9769 18918 8483 7004 11783 10656 6956
4906 15826 9047 19661 14768 9551 9281 5484 193 12171 19607 9138 4300 1048 4137 17948 7884 13202 4156 18753 12729 19399 2716 16701 15725 15994
8911 3163 5315 8191 14226 14229 6131 11490 2049 1862 14127 3699 12600 901 4451 9308 15794 11644 9838 6284 13197 95 4462 16420 17173 1785
17324 18938 9179 11271 6978 15654 11310 9871 2862 7688 18172 8453 5871 5002 13492 12935 15271 10124 4028 8951 5850 15029 12169 1386 2765 9832
11906 8345 13882 8687 7840 11044 14550 10792 7386 8869 19856 19340 19984 13580 11809 7938 14638 5667 3852 683 6618 12178 4485 10254 16280 1160
1684 1751 10004 6658 18770 5274 1315 8849 15721 5855 16087 175 5324 4678 11243 14506 16874 1743 16863 12123 5405 2613 4747 12268 12878 13866
6735 11589 3231 9307 9626 2390 11809 12600 5588 11872 17773 5496 9057 7085 14858 14720 18580 16453 8688 13822 15835 11546 10546 11105 14176 12175
19758 11015 15317 13710 8554 9369 7049 10279 8575 6233 12988 10914 18015 8321 9006 18628 11185 17448 19437 9989 1935 13955 16526 5779 7304 19245
15387 19049 15780 2892 9335 4388 13761 11132 11862 11503 7613 16852 5107 2378 19048 19846 17245 12181 9485 13233 3403 4054 3859 16189 6155 15681
14772 7487 12009 5571 2363 18486 18094 14559 16352 16117 6461 9569 5984 6555 927 10734 9677 15677 2692 4791 19885 12890 8560 17536 2875 19320
5712 19068 18732 15891 14644 14076 19273 216 18633 277 6634 6183 12232 114 6819 10835 7755 17574 4762 5886 19247 8769 3085 17706 6742 12768
14308 5442 12638 10497 5881 2074 15477 9669 15982 19949 714 8502 1706 10849 4667 16283 16677 1259 8617 7699 16090 1113 2866 10618 12277 17679
19487 17774 7854 2252 12705 3579 5718 8915 1964 13478 1320 214 15230 8758 6495 9847 11762 1878 13568 15377 4727 11651 9152 11054 17944 5566
12472 3879 12213 14408 467 18742 6153 4972 14469 1034 11767 13678 5645 12984 9414 17030 13031 2695 5451 18097 13774 498 8413 9057 12756 6377
7603 13103 11205 6039 17373 19817 90 5902 3608 19036 15747 4199 11800 11027 9484 10374 15834 18255 5086 587 3912 11416 6699 9697 246 14344
15067 15252 333 2468 13523 19843 5676 444 11890 16778 12195 972 11307 12856 6710 19266 12213 3867 7028 2455 8743 12754 8538 755 12786 16584
18631 14383 9361 6509 10464 17913 16012 30 1864 1596 9346 7878 12228 18779 1112 4982 11821 14085 17645 10192 4266 13335 17060 19975 18084 19227
16149 17668 10326 15827 7530 7156 7573 10053 9636 19504 9297 9980 15121 6434 4331 9000 10678 1845 2076 1650 12073 9498 12925 11661 1932 10023
15828 11902 15448 570 3799 1906 12109 6057 14937 13451 9901 10947 5285 5223 14254 11300 15312 19744 14183 6408 145 6576 1308 11234 1486 19626
14094 11638 4474 12413 2241 11173 4341 9481 10332 4403 16128 6199 4847 6599 3880 7400 3746 16606 16914 17382 17678 11266 5158 18428 8277 7129
12889 18378 223 2798 10454 11918 14361 10183 17105 10690 1226 5546 104 6043 9967 9744 9446 4063 2851 14520 16913 13713 18124 13084 2911 18733
11543 12450 17529 1201 16318 661 7757 1222 17199 7118 1546 1895 3346 2405 2147 4143 11359 3752 13655 8037 18670 5038 544 6135 16289 12789
6604 13916 4497 5063 1311 15547 14495 15288 12584 4901 11888 682 14004 5933 1806 17912 4351 5067 13528 15067 16601 4704 8155 16774 8416 14096
4948 11025 19641 4698 2434 9338 2411 12349 5989 7652 7116 4722 474 1939 12477 583 4833 14192 16174 7412 5634 12862 8219 11358 13290 10504
5670 13200 3200 10628 4547 1993 18491 12723 1831 16513 18700 10430 6932 11801 3631 11471 10546 279 16184 1481 13623 18607 6666 9836 9080 15902
18897 2618 6806 17727 281 17333 9159 17845 4559 8401 15328 10633 11352 16697 13170 4458 5798 11194 17774 12575 16295 18614 17101 16541 7760 6678
1426 1910 5158 4684 10592 17055 911 15762 5495 17660 4356 9949 18139 157 2189 19472 8257 5724 13393 15447 18705 15871 353 9504 13346 4811
10850 237 8424 1105 2786 13903 16118 14115 5947 6932 18052 10354 6531 13208 15267 6451 3706 1841 12008 6416 15179 5562 13447 12531 11268 6158
459 11917 17742 15889 168 4149 5061 10740 18092 15180 16275 3842 3654 10601 16843 12768 17424 15680 18529 8262 15845 10230 13802 14886 8777 7399
11154 12569 10910 7336 17871 4244 13497 4179 17420 17914 15173 9453 5383 82 17497 14621 18905 14536 13256 14142 16357 19132 17620 4433 15099 13869
15037 13574 8754 4839 16799 11710 9372 17566 18303 15580 9415 12244 16599 6552 357 10578 16360 18036 4989 395 11127 4943 17475 3000 7889 51
11005 5940 1441 11297 5501 3810 15687 19948 17165 8024 11987 12865 10453 14537 18707 18322 7551 18917 19208 5069 11227 17724 8088 9213 13374 18073
5112 14925 13440 10268 11043 18871 11036 11914 1333 59 8634 1604 1288 7640 4655 14211 3800 18423 1656 2027 7552 8577 3335 8852 1961 2029
18696 9828 13520 4081 774 1557 8797 2894 5401 11286 4046 10307 216 18382 16687 13006 8648 12566 19807 9486 16968 3637 15399 16142 16241 19393
1346 11922 14262 16498 188 12672 4159 14888 16055 7277 8476 11034 11165 12741 10984 8011 2080 4654 3693 5912 957 2485 17622 12954 17640 11982
14791 10205 11400 10439 2438 10858 14360 13910 3980 15353 11666 16912 11386 12422 18670 4081 5435 1865 1716 10253 6553 18341 8096 363 2000 19727
5377 17139 6299 7851 3753 1174 6748 19540 7759 17535 12448 759 13464 12368 16618 2331 17866 2499 16923 18249 3384 1615 11914 15110 7762 16988
5074 4680 18354 8250 2448 17495 1719 2458 8551 1202 16012 13879 4338 13834 11609 1566 17128 15093 10131 11497 4909 1611 5675 10540 1720 10021
10291 12774 15250 17472 15156 14678 6464 18445 3104 2782 539 17710 2387 8151 3557 16907 15711 10242 8585 7257 4071 1769 11497 15467 6137 7537
5136 9975 13455 16465 12679 12649 15678 19580 13824 10170 1253 7559 9204 15381 6086 5347 18250 5721 11482 1094 19026 15465 3423 2095 13669 13375
13371 7968 12630 10263 12061 6113 1334 6802 16610 10289 19982 9224 16778 3557 10868 16869 15384 8244 19070 17965 7108 13547 379 3417 16642 6385
16172 5941 16846 2608 3362 4100 12665 2489 9393 14241 9350 10234 19839 256 1460 1096 11516 4177 11555 1609 13161 8588 17902 9577 13339 5396
9547 11158 19328 14377 6201 11941 15660 4682 14792 18151 13588 2213 15471 14339 19145 18778 6245 18762 6338 1246 4814 2968 1061 12260 16135 14796
18447 16011 5353 6890 5751 13872 1749 14077 4807 1316 17201 11170 9878 7337 17724 19463 5771 18900 11068 4704 3421 6392 10572 12453 4119 491
18421 6969 1313 8178 4612 4220 14143 6091 13101 2387 42 5346 2744 12621 19622 1654 12406 2677 16222 6536 16314 7430 11520 17345 19434 13164
18316 5099 8164 4078 5544 2496 4415 17415 15905 9916 12237 17183 17261 6675 14173 5571 13527 39 15554 3671 657 1499 4474 12381 13860 12831
396 17197 10609 111 10288 4832 8835 14565 18654 10936 1555 14198 10018 13120 5168 2104 14020 10872 4637 13669 893 11176 145 15309 1945 4530
5753 15026 19829 10587 3521 13874 9565 9330 5650 8922 15278 6013 15903 4890 15501 9149 16853 11956 10479 11870 14656 11441 10418 18081 884 2781
19982 13877 10772 771 148 877 6157 2245 8701 2063 9367 3455 2017 6989 1289 5044 9633 11823 16372 7400 11100 10277 7645 14201 210 582
6767 5733 9375 10957 4265 17552 12457 18752 10681 15239 16459 5572 3022 19815 12879 7025 1963 2452 6772 12783 8452 19627 13440 366 4812 15054
9547 1801 10962 10715 16318 16275 17298 4428 6361 19645 5823 1999 8779 17509 18828 8539 10119 18548 6355 8574 5696 76 14191 18900 9536 9657
12823 2699 6099 16663 14840 14619 7459 12148 8722 6392 1528 11626 9054 14966 13348 5828 9724 19297 8590 18092 8806 4719 16542 17205 18426 18435
13676 492 3419 11604 15378 10363 19509 19655 19693 15066 19183 1871 11347 7243 14605 5943 10562 9420 432 15743 17411 11074 10346 10788 2359 18539
295 12427 18473 559 17972 6152 1370 1708 15737 1434 10885 479 10776 6276 19304 15820 7813 7483 11656 9191 4050 3048 9687 12295 15454 8878
9864 12799 9135 8574 13949 7259 196 12743 8438 10503 4390 17671 4214 16849 9725 710 2693 14223 13991 919 18341 9281 1097 19616 7605 6027
17669 15009 19408 1242 8638 15049 18408 6452 6435 16045 13806 15178 8390 17830 10759 11916 18219 19670 19932 15577 5813 11442 1997 3282 11635 2251
4330 8183 14377 312 15453 17082 16256 657 9988 5620 16231 6691 6650 15457 4871 19068 200 7413 7102 5074 16578 16095 1216 15957 3136 14291
12764 11614 14875 18893 11834 1843 13244 18206 10643 4759 11382 5054 18261 1493 8157 11839 4764 12635 4479 14444 4615 14710 6218 5428 7927 12967
16001 1559 4342 1239 15949 6866 9352 10929 3686 9680 6078 2517 7234 6877 8972 16154 477 281 333 13221 19051 628 913 19880 12990 15802
9621 4952 16406 11054 16286 8439 4739 19436 18164 3395 19635 16722 11660 13391 3844 5809 2062 18169 11972 15447 16173 892 11942 919 999 10653
2285 2021 11464 6176 16151 7180 11934 14663 5806 661 3373 6728 9682 3095 3716 3067 18376 1672 5452 9699 4956 3413 18249 18305 19635 5682
1101 14943 18086 15725 15457 18745 8573 7727 12117 13933 9032 15329 2364 1702 4131 9870 1931 176 12132 5070 12161 14556 13473 409 12595 12789
13900 3331 17855 7839 8393 7527 6540 7769 1876 5564 2716 19464 10319 16960 13151 442 960 19 5183 5414 16684 7683 264 1504 10296 4878
7996 1779 690 16257 14053 857 193 14717 7109 10736 19482 4264 17194 15476 5474 2083 899 12332 5110 19989 865 12548 3067 5775 18986 17534
8934 5604 9198 15729 8845 15773 12610 18890 19273 18953 17289 12061 14394 15172 9319 5976 14669 16074 3549 6627 1650 11851 18567 11527 15386 16283
16107 5594 17762 14345 2710 6817 8910 11204 1939 13849 1084 2975 10118 10641 18974 5714 3087 2881 10058 3881 8225 8565 5003 10722 3658 16796
8491 1919 11243 3925 12979 18923 11712 16706 2757 7024 12886 3949 16102 3057 18426 10440 16972 9769 468 9553 11298 19376 13775 15849 10494 6195
15938 4806 4982 4364 12719 15430 399 16395 16554 7307 8370 14748 17403 1458 12623 11375 12284 4011 4509 11330 12049 10698 3719 13652 8039 19389
19248 7674 10298 16901 3547 84 8511 154 4477 17766 16247 7440 7665 18283 16789 866 14250 9987 14594 13895 11114 16650 15001 10038 4731 11639
1106 5987 18532 2720 9503 5798 8669 17477 16096 13004 19700 11180 9541 13318 2817 12599 15344 10240 9132 6217 12010 17490 14043 1018 9963 1996
8234 19093 11127 4940 19317 18793 13783 11302 7290 13960 55 6784 14108 8759 17303 11343 7315 15634 18456 19524 645 18965 9042 17062 11909 15085
15506 18731 1289 3246 19190 5462 3165 7106 11261 18623 1555 2689 5661 12049 1196 17118 7246 18037 3721 17847 12667 5723 9162 13449 4254 18387
19774 5544 18458 5972 3843 15893 1441 4812 3161 5117 18322 1336 4808 6600 6089 8564 19797 2413 7559 9903 17960 3453 7219 805 12073 10131
5143 4616 3585 15795 18670 15257 17120 16644 12295 3658 19844 15677 15784 6047 19633 13039 3456 13727 7321 17217 19525 986 19100 17280 11910 438
8066 1258 15775 3852 11817 10718 15755 6550 18843 18926 13687 6874 9746 6204 9627 8217 7963 16072 5578 11742 5581 18020 13312 3416 14068 10483
7404 14454 6846 11614 12340 5107 8793 9017 16974 14820 6037 5331 15788 10607 11779 14244 2606 14271 1709 7411 18553 17079 13780 2565 12011 4277
10679 14192 14923 5618 1974 11066 11295 10305 16831 9542 6342 9177 9420 4531 6373 3353 872 13364 3347 3022 4030 404 3395 19653 15709 15001
6293 15149 6523 15395 16869 4784 2801 6330 18042 5849 4727 3823 8417 19684 3193 6357 5180 15467 3286 18781 16555 16206 2840 4641 18834 17428
5233 16709 1257 16369 6109 1787 19640 3899 1119 8967 4059 18335 19514 9542 15000 455 15659 9247 14380 11171 12787 17570 5961 17632 4343 12611
5761 6440 15253 19087 2068 811 11455 2102 9822 6541 12683 3637 5660 11297 175 15444 11194 1718 3607 18204 7495 11579 14915 9215 2070 13521
14153 9624 137 8711 5530 17547 14112 11272 11012 19380 15402 7348 16848 6380 9329 1683 12781 19390 1712 15538 19930 19958 19643 12656 2983 15049
4833 2731 10515 5814 16810 19041 499 10386 4309 12968 12456 6968 2409 1209 17741 19554 281 7047 7375 8005 7761 7551 2735 16920 18363 10240
2954 76 15033 13458 4832 11833 16695 4964 604 536 3673 7170 7160 2478 6042 9473 12764 866 17769 4965 13121 7813 9078 614 16674 19310
13906 16059 2645 9109 11268 69 4762 2533 11330 13269 5065 9994 12121 6632 4856 9295 4565 2305 7165 5193 14246 2496 1938 18192 9348 10879
720 7378 4676 6663 9223 14419 4121 14228 3180 4340 16974 439 9057 2095 2620 3280 252 9803 1076 741 17073 1896 8824 1343 5842 18328
12560 8216 4864 7921 5212 3616 3361 12615 4272 15480 9377 6381 14497 1160 18910 6528 17826 13548 14469 8553 3794 5999 10113 314 13816 14296
16592 12608 19349 2176 17006 9214 3300 3152 18675 2160 15915 4476 13246 9338 13052 12512 4215 17483 8011 4183 6418 8894 17218 3649 15430 16488
17016 3982 4906 245 4823 11823 13001 5395 17000 3010 11959 970 8137 7724 6510 7924 2556 8424 17207 16843 15574 4930 11008 17276 18551 3562
7979 16017 13764 3868 9891 6858 2828 4174 5582 53 3729 7751 4185 12761 3807 10021 16141 11219 23 17803 875 18556 7467 4044 3380 898
6690 5849 12965 1993 9089 12263 8274 595 3110 19781 2412 2815 554 5037 236 14565 11120 16931 2214 6268 7275 8547 1409 3127 14048 2044
4872 6013 14557 14362 15761 14806 16914 203 18962 208 5843 339 19319 17804 2331 13055 8240 9952 6611 4044 219 10987 15590 9320 11149 10066
1510 9268 16101 2970 13386 18962 3167 7489 118 9908 648 8649 1316 13269 8237 19182 7450 3540 5531 15458 2387 973 16376 2662 19689 19274
12154 4261 7918 16125 18445 1612 4488 5777 10928 3961 4187 19862 17735 18581 17728 3920 18314 2181 8638 10706 17648 10404 10277 1677 9056 5628
614 14126 10306 2742 12723 19231 17192 568 19426 18459 4655 19446 12165 2034 5841 9978 2216 2918 9070 10042 2894 3873 6877 4550 8802 10664
2918 9684 18253 18338 4256 4088 5547 8659 6216 12084 17522 4497 1569 19319 15622 1633 1728 18796 12068 9482 7956 3277 4721 8103 6528 19865
2884 17006 17060 17895 8873 1310 11745 962 15383 8734 12878 9760 8379 5276 12907 11014 1535 11700 8841 858 14555 598 15304 18504 5659 1126
5515 10005 18241 3165 3556 13155 10174 16445 17501 7304 12602 1264 4487 16251 18737 11976 8509 6555 16938 10637 6779 14960 14764 4073 6941 1939
12239 4603 12693 12222 18830 5570 14547 5287 16896 13023 11694 13530 9691 12730 17873 11843 4758 18886 16847 11372 16653 15180 4332 17413 16607 362
6164 19418 14895 8145 13504 16349 17531 13609 18334 13044 14228 7717 18933 18162 12242 977 7097 12202 5441 13153 16470 12485 2609 16475 9929 19792
617 1333 16611 13248 11059 18902 2301 16981 19969 15708 1468 12111 16732 14513 8260 5686 19410 9682 18981 7795 13847 3582 12116 7120 6256 3699
16669 17989 7968 10300 6461 12132 2113 3296 14143 6942 7790 10112 4577 13797 14437 12277 9133 12244 5652 18354 2335 7081 16115 1651 19881 14913
12368 7109 1978 17499 11209 12075 5858 18661 4872 2702 7079 15794 3815 5592 15582 19994 16484 12419 14001 522 12086 17801 17200 15877 5167 17392
17545 816 7019 5928 6121 16540 3482 18427 15940 7 15703 4334 2523 18656 3413 13880 5695 12663 15613 18037 10937 195 14026 13134 19439 17823
17446 10423 3115 5660 17288 13651 16458 10847 19324 482 11952 6667 11287 12531 4674 925 4723 85 19283 3173 18213 9788 3164 18263 19970 16926
7415 16939 11746 8360 7606 283 3548 5975 4331 11833 15120 2549 3542 13511 6440 10378 16541 13606 960 12864 9808 13494 1354 12530 13301 19924
5317 5141 5831 11249 14908 2449 13938 6129 6085 15183 8183 17447 15083 19498 1598 17098 18090 5919 8764 8830 3868 10511 7997 8729 2007 9268
12267 13313 11922 12219 19910 6903 11280 11151 4438 6585 830 6568 18795 5338 10505 16510 2805 73 14132 1528 8244 15293 5161 85 1453 16424
12985 16532 16913 11870 6677 10740 3803 15564 3507 689 4831 12097 4736 18984 10171 17481 17295 17614 15417 3651 16747 14450 9632 7917 3129 3060
1727 8351 7149 8324 16174 8906 18750 4025 2680 7689 19879 8484 3506 8862 9779 2996 6322 11136 8199 13026 19249 12641 10298 3160 1556 9808
9842 6662 9179 6947 3238 15612 9625 479 14091 2933 1643 4685 12600 11698 17761 8671 8594 19132 14615 12094 6073 6339 618 2465 19060 6426
19773 15738 9537 6698 6891 18566 16730 5359 796 312 16913 12694 926 4804 1032 12535 12817 4878 4825 11136 17403 8290 18695 18134 9537 11906
18807 15918 12666 12615 10808 1601 9663 17187 5740 5684 18734 13557 5011 14722 17627 128 6283 10532 4974 15019 12350 8701 13547 6238 3273 5947
8500 17701 2194 16402 9021 19349 16911 4252 14440 7650 4348 1565 9759 19114 1078 8431 18756 5918 17700 12845 14891 14122 6482 11449 16506 18690
10730 14811 13324 8292 2238 547 19202 8676 19052 11780 14469 4954 1661 6033 15799 13203 13975 333 7688 1292 2144 17549 9491 17983 11893 17319
7578 8946 19518 3129 19218 12438 11476 10204 15455 19697 6041 3449 12301 8284 1408 505 12009 14256 17862 13358 18162 3446 9828 3255 9065 11001
