365
4 50 78 91 37 45 82 97 36 27 25 28 89 53 26 9 49 46 64 42 98 46 76 69 9 40
17121 9322 3204 6234 7935 9822 4204 8270 16785 5438 7214 16338 12497 2803 5710 10211 9865 16858 12287 5799 8177 19431 3444 1673 17588 3724
15468 14774 8418 12874 3933 5510 16924 1029 3035 8364 6662 19412 16829 19394 2636 16415 4214 11893 15232 14360 18481 4854 14091 7586 16692 11356
2033 18110 6962 17759 5525 17378 18517 12537 12536 15016 11567 3199 13744 11002 15349 426 10972 19004 4838 5322 19232 5586 14479 4181 431 12373
13410 4734 17985 5245 8364 16031 8436 16595 5171 6266 206 508 8414 8798 2567 10695 19100 6033 6170 6894 7241 18101 5325 1957 7303 11692
11981 10024 14652 18741 18510 10230 816 7261 16273 8271 1739 2819 6580 10801 18459 18837 17369 13021 14019 3522 2943 19578 11973 19587 19218 8366
11221 3074 7160 15987 14527 17157 19338 2409 2800 11015 6213 1865 12182 11551 19238 11277 19519 1107 10189 9554 7829 11519 5799 10191 6165 13153
3324 10043 6879 6777 8980 3394 8778 8361 13257 5920 17406 7926 7309 8197 13083 3655 6028 7343 1288 13894 9554 3452 18228 9053 8564 6676
12085 7311 13588 4291 15921 11397 6440 17901 19035 12067 12244 12188 7574 6083 11269 11243 12729 9332 13141 8826 14692 17422 5523 12351 19688 15462
6655 3015 9574 1704 17148 10104 7123 12223 15971 3081 18871 10717 4638 4615 6042 12890 4976 15834 5073 18201 19994 15927 4834 5082 19778 2014
760 11891 4601 385 17232 14077 17724 8224 16005 7805 4081 16264 10912 5033 13451 13327 2543 702 18573 3327 9987 593 7944 19405 5225 12962
15018 2025 3316 18323 15199 15211 16871 7213 15003 18906 16766 13864 6372 12063 12852 15865 11599 5261 15744 14015 3647 13407 1095 713 3372 11734
16212 4155 12494 7650 5456 4179 8119 1890 5467 15690 16365 12134 11708 19911 18179 65 14536 7551 5326 4243 3146 16726 1163 9138 16831 7427
6621 7248 19144 12966 19279 17937 9336 5619 18655 14016 11 10691 16011 90 13278 9421 2561 8168 19343 19452 19718 3699 3637 519 2096 5063
17683 16537 16040 7193 6312 18677 6784 1702 16084 17996 5762 5344 13603 12390 1419 10906 2309 10085 1705 12600 6231 14359 17221 8267 1813 15100
3054 6604 4932 567 11938 10645 7563 4194 10934 19881 6886 14861 17027 12491 17820 5091 16418 15607 14458 15947 6972 356 3649 4138 5877 17114
18158 15659 8040 298 18311 16842 7577 1678 7517 12445 15326 5254 4267 11387 1670 3213 11970 11968 9813 12132 17430 9223 12130 13356 19081 13556
295 17158 16601 17885 459 16946 12409 12564 17160 16915 7329 7637 767 9241 7305 2624 5363 15034 1989 1630 11227 5293 1607 19266 7559 17136
19527 12006 12885 16447 15379 14273 11804 2499 1152 16321 12686 317 15707 14091 15331 1010 4575 6811 19539 3280 4037 7341 3262 4939 8659 100
6731 721 11064 13554 9397 6714 11721 17143 5248 10865 3071 9203 11261 13029 18394 10555 7691 11529 7946 6067 10876 10367 19167 2503 3079 2901
11708 3468 774 14796 19725 13030 9915 10859 6934 10173 80 1340 13880 4177 10997 3468 115 13945 17671 2643 3960 1744 17087 12172 10175 13435
13165 725 3843 5483 19401 12103 11663 12541 16997 9795 16894 7202 17465 16377 14637 5043 4835 5860 13557 509 336 12348 19294 4153 16309 15834
5258 8504 19434 7612 13931 6755 8992 6037 2296 7481 13783 12439 6816 2776 7120 4667 3352 207 1472 11055 18924 6411 13812 11622 11031 2831
18292 12176 3064 9639 15077 15572 18150 4185 14500 14524 10086 9333 9888 7056 18347 13104 11941 18959 9410 8630 18844 17517 1922 3734 1822 9325
5399 11542 17689 14371 13584 8460 7606 17765 5757 12336 10736 9135 5183 6859 6069 11150 18203 15595 9239 931 3798 11565 19847 10086 13811 6994
6572 7301 2451 14465 17255 15269 4682 10415 15556 17158 9467 16557 17828 13420 8235 10518 1164 16633 9588 1031 4176 8252 9885 2396 14952 11250
13259 13651 3886 18416 16472 11891 9782 5647 14409 13158 12890 7341 8811 8429 16541 6819 12343 12203 15794 14425 13905 11470 4961 18384 18691 290
8389 4594 7649 7169 390 11477 4050 3182 932 10996 9230 5169 8476 10179 18880 7917 14058 10582 1444 12007 4358 15198 14788 17300 24 15437
14357 5506 3238 12887 13325 12634 7881 8691 9784 19116 16746 9574 523 9371 12566 11960 238 15398 3356 4690 7830 14853 7957 5758 4111 3687
16350 15354 7762 9645 6662 1977 2914 720 8616 15196 19751 2304 12140 2091 14356 17636 10691 6098 18740 15266 11243 16146 249 8746 16207 9967
7084 744 5087 16792 16644 5435 6801 8565 18742 7532 15899 8319 3274 4662 17208 4069 12086 9483 12351 6846 7547 14119 5729 1843 3637 2310
9036 18123 8990 11524 13259 2225 6148 4730 3047 6292 15535 11341 1806 17142 16206 15557 111 9723 3770 7934 8271 1370 10495 4903 14838 9119
9120 11570 10327 12378 6882 9064 19914 13103 9985 12449 14788 9237 6687 6236 5995 8562 8852 3467 1914 16875 4874 12630 15222 3585 1930 7986
13580 1718 7230 13272 10156 5427 751 15088 11366 5685 11649 17867 14054 12107 3803 5949 18852 19043 7419 15248 14513 16146 2011 9147 4344 5209
16058 4174 11250 19207 4957 18696 14243 15264 16925 14888 6830 9177 2000 5856 17617 7561 4309 11624 1609 15363 17573 18804 13427 1876 18422 798
15101 13054 1325 3657 8183 15074 12357 13671 4249 5717 10523 5137 529 9129 17985 10221 3765 6894 3589 6759 721 3327 18069 5255 598 5777
719 7065 10128 9592 7417 7944 17551 2221 4926 14536 5862 18792 14497 11879 6711 15694 12393 19293 5003 10902 18036 12678 10247 11244 18494 11908
6441 6027 562 16241 13931 6220 13109 7873 5911 3879 6191 4084 9346 12799 9393 7473 19984 13467 1657 2737 9812 8978 11485 19729 5462 2175
18613 19302 18401 7026 6507 17113 8414 13574 3120 11143 9225 5986 4025 5602 8228 15101 8049 179 13869 16543 7990 18952 13258 7947 9345 9211
12128 8658 10240 4203 14152 135 6970 19701 811 10950 9179 3336 10922 8304 6596 6926 1365 1694 9566 10705 5122 18650 12736 7780 19062 6193
13862 14831 16883 7881 8391 8685 14550 7559 13813 10882 5338 10381 16531 9273 7927 423 1259 7473 19004 6530 10349 17561 4559 14590 12422 4471
19071 4162 8154 11340 15289 16952 19743 7978 10428 4881 5669 4653 1961 3075 8297 19071 620 15873 6377 7879 721 7267 7291 18345 19991 8699
13139 2552 10481 8018 10598 11459 17096 15168 9185 4825 13680 19298 1454 10470 16853 15333 5137 18263 9710 18408 18663 8360 1604 19032 6754 19998
12506 11368 2690 17702 9406 17181 7661 10244 1548 2024 15263 19372 12690 18803 14582 4227 4272 859 6042 18597 11175 14329 873 16831 4503 6197
14585 1365 13456 12626 6271 13887 19499 7829 12345 4011 3968 13413 7079 8147 15439 19701 8009 18600 65 13239 4899 4602 15297 16315 4681 12034
16236 5218 8158 15941 174 1916 16863 3430 5667 8296 4693 5689 18818 3229 11241 3413 18955 19365 16915 10783 16017 6886 18469 5581 8242 19073
1803 19648 9280 16355 15461 7776 1150 605 11126 2149 16076 5940 19603 3194 314 8045 19760 5611 8203 17189 16711 601 13267 17229 6676 19804
14835 12868 2034 3276 5120 3437 12821 18480 8413 19854 19870 16066 12816 274 16812 17940 5436 7654 14096 1873 1982 5490 11207 2060 13408 2699
881 15581 1678 10149 16490 8875 17652 8169 9132 9443 19224 6553 10705 13719 19040 11822 16254 19432 18936 2314 17375 7613 15736 17338 9879 9076
14451 182 7779 6094 9007 4733 14262 15716 7409 12300 1761 17999 10317 8289 15590 11753 13461 13682 15033 19877 11801 17350 19024 8460 7156 10844
9657 19865 1140 13953 19851 7466 11105 11591 2311 4628 16743 6328 14005 7960 7289 14610 8200 12305 16452 2261 7579 14562 8828 12573 7141 11498
2791 3148 18375 11986 12968 13457 8804 4545 19003 8046 13416 458 4410 13314 15997 18121 14985 18102 12387 16651 6775 7907 4925 16615 3324 4353
554 16307 11293 2537 5779 18189 7446 6820 15055 17631 14656 9926 28 7680 5347 12896 10424 19621 11111 7860 2032 13115 3594 3982 15099 4615
2418 11772 6719 16884 5675 6725 17463 11425 15451 14830 13840 19184 13139 17306 6083 19572 1721 5716 1812 11355 9716 8926 2972 12853 18401 15905
19394 8257 18379 1894 12216 82 3104 7624 7137 2853 17018 6058 10402 15498 3635 1566 10782 952 9750 8521 9229 9423 8314 1211 11597 19268
14375 4507 575 7466 1061 12742 3183 17719 5632 5576 7240 11797 10307 5758 17342 8407 18671 13037 10231 16198 79 5832 13278 13296 5526 2919
17221 15666 6387 10364 5947 8400 11751 19344 19051 6497 7011 15675 14705 19619 19532 988 6731 5196 16061 3504 10919 16021 7717 9458 13184 14854
6574 4693 6192 1202 15888 1476 14030 1853 4336 9450 2905 15512 5489 17898 11255 3676 16067 5185 15877 12200 1972 14556 14015 8955 17550 13379
1796 5290 8907 8475 8790 15187 16085 19851 17155 8204 13095 10814 5811 5519 8993 19408 12740 19548 18303 18096 11284 13478 15970 4545 12509 7496
11970 6907 19833 14510 11751 19337 16005 12704 6314 342 12255 15265 6168 16150 15094 6655 9370 2158 18379 3891 17748 13239 18650 10637 15266 7198
12088 16523 2858 836 19252 15890 9576 12409 11376 19091 11244 16771 13316 19194 5715 16439 17613 12279 1948 4291 1252 4089 10300 70 9151 17135
11450 10634 18604 15877 1664 16538 8659 2577 92 11119 12186 8261 11105 18930 18431 2882 1515 7465 9497 10578 11506 13910 13777 6436 311 13079
17386 19464 13888 7650 1521 1662 11584 3474 7195 19149 1137 8077 17512 360 19380 840 8758 16074 2070 613 5657 12119 16585 15601 11061 14386
13098 9823 10312 6374 337 15843 14002 16480 2470 7338 7626 9846 11957 3465 15315 17757 6348 18476 16734 133 1839 12623 9273 12753 16929 783
473 18540 10385 5620 12540 7699 5085 116 15542 9174 6457 16171 15188 19943 1630 18361 1440 4852 18671 11362 5738 9570 13043 8757 1726 4863
13584 9374 1587 17136 1671 10556 7965 11756 14669 15401 7675 5231 16984 16402 9156 6226 3752 15024 16476 14268 17248 7436 7975 17093 4480 12684
7543 17357 141 18799 5770 11106 17554 12098 3111 17169 14345 11347 16481 19503 8012 18936 15217 17223 4705 13604 16126 2673 13940 17651 5692 18267
4686 6539 18478 10575 17072 16114 2613 13952 8902 6522 12952 991 4998 12126 995 13502 17691 19098 3198 13015 2248 8035 15160 14718 16756 2464
8540 8762 9617 2207 5629 15213 16752 11112 14097 1488 1464 1735 573 6065 14451 695 8509 2393 5723 5391 10534 7711 4232 19478 7164 16746
3031 8438 5611 3723 5477 15856 17145 15550 16243 15719 3064 650 6054 1523 1298 15929 6524 6621 3358 6269 11526 16799 10151 4207 7132 13484
17782 10174 13978 6850 16776 326 1946 15862 11961 8026 9080 7413 1919 2081 11407 11901 19337 14886 19709 17500 350 1215 2034 2990 4300 12271
10049 9758 3719 8223 541 18457 7344 10279 6388 4852 965 14807 13489 2308 3035 12712 17336 7634 1421 12041 16869 11202 14502 19585 14357 10083
1609 10843 585 17733 18308 12683 7105 11841 2828 16397 7096 5647 8890 10330 10023 9153 18788 17521 17131 17081 9897 4681 8579 18915 6378 7579
13850 13652 12112 13427 1556 16676 18837 3646 8768 14390 14146 13595 9564 16441 1986 11254 16310 9998 17489 17003 6432 7805 6003 15186 578 8718
13758 11310 10426 12675 9526 19258 864 3262 17612 8783 6428 17761 16386 3262 1692 18120 16058 7383 10187 3498 8575 7903 17926 8667 6778 18944
13742 18251 10397 1973 4541 11760 8322 12887 19428 935 8321 15299 16174 3451 10898 10158 5525 9077 17776 17732 13706 18443 16181 12778 12051 19865
15485 15591 12887 16937 19694 5400 825 18106 13447 8790 8176 894 5426 10822 16746 5476 6476 15448 7404 6326 13784 17984 2383 17616 7265 13987
19473 16087 18863 621 9077 9477 14137 7420 12883 19198 4834 1054 19374 11285 14055 1936 3129 16758 5331 86 1738 16995 8183 19670 8216 7114
1713 16474 14951 10205 15598 5968 18514 11058 5265 17085 1011 2915 15662 6194 13956 6783 14062 8778 11545 5758 9855 8734 5986 11237 14374 17366
3262 596 16267 6606 12710 16480 14376 19945 13616 17458 6184 6015 14085 13200 7514 3784 3326 11750 14211 18067 4401 18236 9166 13464 13320 13416
13172 17171 2488 9423 16410 17960 19268 17368 3464 17090 191 16694 7023 11208 4883 18393 4143 2639 10690 7420 2637 8263 2078 6520 14688 12623
7099 256 2361 8842 4299 1718 7924 16845 5001 18928 4850 15773 19205 10564 18429 2860 19492 9583 1082 7377 4798 12123 11330 9367 7854 9112
5887 9478 17377 6737 14434 6460 4699 3092 8552 10163 13066 16943 8384 14376 18129 11448 7761 5088 19736 2580 16077 5519 2478 18208 11728 15359
2791 580 12028 19178 7678 10054 10562 15625 5119 15098 16818 5225 12898 4987 13279 5224 4340 12455 3280 19344 18073 5376 328 10413 19481 7464
2916 17638 2952 1192 5332 6135 11062 17613 18578 17825 11897 11501 7598 3331 19404 18327 16588 1934 14847 19435 13773 16911 2188 8059 8276 17649
3215 1996 11661 239 9173 6251 12278 18437 19819 4440 5276 7028 10565 1031 15924 3576 11628 15529 13863 10875 13813 14456 12517 16341 11841 17936
1458 3119 10844 3569 6080 7285 11928 2665 19505 12567 4979 2881 4436 16053 18418 15115 16800 16333 18547 16379 19418 13911 14231 17953 52 12383
7479 16244 6100 13088 6584 4131 4743 2010 14948 9802 16787 8759 17031 15523 6957 14661 927 11779 1464 9390 18270 16107 14453 11728 15165 1676
4446 5869 4209 14196 11924 19980 2837 17370 5249 7533 7006 4145 5871 7582 18426 9067 3298 5602 17325 5929 312 16528 18132 5826 393 472
9811 16001 298 1117 18629 7352 585 20000 15425 13296 11413 4560 13459 11394 14932 10147 584 6269 4421 1097 10673 6635 2899 17989 2748 2663
18590 11459 2613 8540 592 18255 16945 16467 19568 2431 4859 3771 6369 16136 12179 17838 6727 7188 15668 846 6727 6358 16813 16218 868 6309
1613 12756 10483 4177 2449 1158 7300 9485 10457 442 2430 19149 15146 5486 3527 6514 15899 18621 2992 17502 90 3318 7067 11527 13058 18805
7015 6296 3068 11367 14513 4220 17421 7807 17407 18198 10581 7127 7197 12091 5072 10306 4769 8425 8377 18276 13730 10891 4794 5377 8157 18453
9058 120 17017 18345 11861 17890 4274 7694 18473 14974 11546 3262 10630 11446 1945 12953 19773 10046 5259 2264 10498 13385 15363 17631 2928 8704
14871 13131 11796 17900 17056 15829 8119 14692 19473 5430 1643 11785 14349 12947 7485 12876 9920 7423 1517 5155 9719 698 18700 12496 2971 15866
19923 14491 6233 18313 17812 1593 4801 16511 18617 17889 8546 14015 9266 17033 11448 19793 19084 2242 1566 3629 3958 14736 16387 11067 1106 5277
18849 491 3740 3965 18248 12464 304 19375 18860 12869 9844 7606 10220 9104 8471 2860 17426 4956 5842 8981 13718 5567 10881 18387 16871 8565
11565 8199 1493 4477 9054 2118 3263 12195 9119 3151 10003 13830 2538 7369 19026 13211 14918 16355 8814 14132 17074 5240 2596 13194 8638 17821
10478 15229 12957 11055 10302 14150 8572 4478 17153 844 8052 10472 9285 8429 7197 9294 4639 2004 12747 3558 15220 5659 9023 11757 12512 16957
12591 3139 7363 3213 8519 2686 5020 9996 9098 18045 13149 5980 4082 167 16902 19799 1435 322 7244 16759 17461 16519 6226 18366 16335 6074
15587 5626 11367 4290 924 19295 14871 19117 12095 8211 5464 4918 9065 5647 4980 4148 17055 13459 6271 2354 15808 5153 4936 19207 5147 2617
3037 14210 448 5493 16643 3199 16274 18181 10815 11687 18392 3980 15423 14863 13809 3291 5725 5153 1087 6377 18081 1893 18082 9342 10623 10716
7815 1075 10153 11933 5160 356 1695 18236 15872 15437 468 13940 15995 7896 790 13138 17566 10931 3171 14329 6211 5645 19153 13004 5024 4911
17321 16270 19201 19298 12541 15056 19697 18724 663 16472 14496 17924 7103 17622 11812 19922 13811 16847 13593 10972 17649 16141 9372 288 16933 7616
18117 16339 4357 5360 5033 19550 16919 621 14356 9667 8460 919 7460 9591 17621 13061 3383 17917 14977 4127 8824 4509 19628 14779 16491 19011
6708 2722 12472 13077 13796 1044 5292 19852 11310 9483 18049 4602 15465 16251 17762 4382 12999 13036 5779 8710 11200 11054 16865 6596 5286 7210
11670 7705 491 8670 14911 18429 813 12020 7860 12111 13885 1430 7522 3030 4594 3984 7918 19367 17927 7898 3415 19023 16030 3951 2909 14811
10711 1121 10307 3242 16598 962 17385 3354 17649 6998 4001 8347 6256 2020 8364 18025 14345 16145 5986 17767 2143 4897 12123 18774 6368 13516
8785 4404 15357 3386 19011 10741 7977 17362 7027 4316 5958 15285 19109 18729 8677 19163 12095 6403 4277 5324 16002 16181 8206 19584 11719 3468
16446 17112 11997 8978 3547 12795 7279 6937 16799 6644 5638 13975 2510 11495 4529 563 12562 16390 10491 2854 8457 17082 956 19991 17862 16071
3287 19404 13167 17328 11438 14535 10435 10435 19026 19815 4644 10939 8486 1316 14439 6996 4209 2592 9632 15830 5241 3695 16730 7060 13341 8916
1599 14444 1511 557 17553 10169 7825 13480 15121 19789 933 12190 11366 968 15941 1494 8619 6584 9284 3244 8877 19898 18594 6737 16681 5997
2253 4461 15479 6661 2567 3728 9813 6956 1416 809 16627 15652 14672 3239 6140 3486 6088 18949 18488 19212 17085 4540 409 15901 13935 2857
1851 4512 5884 13578 7026 19842 17224 3030 6699 11626 11387 11376 4920 1959 1372 14358 8987 6408 873 9350 13128 3005 14339 11732 1721 4209
10766 10890 5857 18257 14696 13889 1904 14094 8271 2142 16835 8004 9094 9405 8830 12239 12394 1559 11956 19206 15613 3706 16778 16571 15752 17832
3202 9486 18090 12385 10033 18010 11662 8604 8049 14449 8787 13371 12521 9515 8723 4245 10247 6905 16378 1877 7400 14959 9656 18672 17 2858
13879 8089 10685 14226 14819 4298 9247 13704 1716 7784 10569 743 16375 7990 1667 1953 2486 4267 11218 16366 15998 12801 17344 18849 6293 9805
13946 9705 17513 11247 7998 1848 5329 10592 16531 17427 16739 2083 6808 14403 5967 11305 12273 11965 10460 411 833 1444 9168 8871 11760 5275
10362 5883 11344 2548 9299 882 9720 5729 19599 2805 3788 7505 12656 19525 11757 19707 8212 2973 5124 9529 3938 15766 10584 11872 3694 13274
3113 2248 10167 19656 3478 13091 11230 19667 9898 15516 3470 15653 13421 2886 6074 3985 8232 15138 145 4478 16934 8101 15284 2344 15993 16689
8339 4226 3733 11519 8185 6657 14787 9154 16482 9359 746 38 989 3873 11165 6449 3885 211 9254 4007 15755 13447 19546 17601 10252 19603
14957 16905 3329 303 5629 8013 2756 7489 745 894 3772 567 13078 1408 3723 6497 4508 5383 11014 13103 7116 5902 2610 8116 7941 4298
2824 18191 16308 11593 6479 2854 18185 3638 5357 11207 18150 19752 8640 4934 14173 2478 1807 11702 18727 68 9886 18970 19483 10326 14331 16808
17821 4514 5254 13069 19840 18582 8890 16764 14433 13841 4530 8815 15165 2776 18634 12538 2806 16042 5590 8958 5924 7996 13822 18525 3086 19606
12446 16597 15194 19469 16456 18494 1738 14298 3595 2380 1343 14185 16242 9149 13644 188 18341 3267 4342 15421 9583 6391 1206 7538 17630 4661
17289 15286 2396 8633 9124 7845 13556 15854 4011 18234 9843 9913 11713 19605 4022 4238 7451 6027 4227 19969 36 3737 18334 7619 6819 9577
6206 3043 12916 17766 18594 4370 17140 4155 14371 6132 18857 15863 13933 17107 5683 7931 6845 15899 12104 658 15821 3939 8940 11028 18223 3243
12437 17947 10964 6324 3891 8064 12733 17731 15633 10463 5493 824 13145 13655 3947 4931 9579 9971 8328 17446 13665 11698 13257 296 18145 1772
16037 12773 4846 9915 13348 19288 17145 12163 3145 15795 10283 7912 5068 15664 3875 8140 3487 1478 6602 682 3431 6185 16321 12918 5656 7962
6163 5309 18234 3658 867 17737 14112 5913 17361 6531 9623 16355 19868 16171 12868 1982 17537 13958 4886 14034 12793 5327 12199 2192 15552 10811
11562 19725 363 16427 18637 16189 11485 1885 11220 4368 8326 17824 12183 11807 9421 1920 11446 6204 19378 10173 2876 8730 19780 19275 17367 4963
6741 5509 1056 12221 19486 4730 7631 15911 16080 18002 3527 8565 14922 5062 13635 15475 4068 10467 4320 8110 234 6541 1278 18924 19456 17368
11816 12266 7888 4514 18388 2057 9632 10151 4407 1019 2892 9642 8327 14336 1695 10271 11034 17416 16645 5054 14324 2458 15126 1282 9152 12386
7703 10928 5011 15845 19035 7473 7359 10712 5702 15312 10245 16602 18339 11111 18212 17469 15869 9767 14243 11587 11769 7986 19886 10351 18926 4469
14405 2057 19227 16768 11470 16529 3884 9165 755 4903 19 7421 3068 17311 9475 5206 4009 12752 16127 18136 9923 14174 19929 12193 6568 9273
18037 18309 6354 302 9665 5072 18366 11583 11598 10029 5213 16218 12531 7257 15894 8332 14410 4871 12178 17118 12657 9466 2320 1770 9935 8561
19464 11078 6225 550 15333 18730 5986 4594 15583 4054 12469 5916 11000 17797 14188 4750 12101 7260 18278 17889 13089 6879 10850 10446 8587 16835
16677 16131 8878 11243 10107 201 19499 1974 7313 8304 12611 3590 17925 3608 7393 15176 17244 16943 17122 9031 8476 9839 1804 2475 3527 16051
1212 13696 19806 17094 17273 16083 9652 2204 15451 10711 1899 9720 2669 12442 14631 7286 17906 267 3432 8124 1350 10529 3557 4912 12762 5956
1553 19788 6831 8639 6562 4759 15443 18839 9697 4021 18347 17753 9381 924 18400 18167 177 13602 16140 320 17355 10126 10006 7578 15635 8727
1992 12524 8790 5200 13810 18910 17894 16273 10564 10325 2042 258 11908 12374 2000 4358 11779 16419 8892 12333 7754 12889 10564 8458 14491 6282
9068 3091 16199 5649 3917 6414 14474 4493 5587 3559 6081 15000 13881 11051 19484 141 16637 13550 9464 8640 6626 302 18242 8889 6366 2168
8671 1618 4160 4904 3230 10369 17749 17650 6056 14435 16658 9177 15107 6661 11332 2116 8790 15625 19162 162 637 10653 4734 1266 4451 3270
8239 2773 10053 4312 16033 6523 8904 17292 2730 10974 7070 10770 3988 7330 9999 2695 19745 13994 19660 11634 1853 2132 3464 15211 18465 8848
7369 9980 5142 4781 14520 14402 14544 16620 9424 9908 11123 5631 10621 12715 13499 7433 15902 918 3052 9742 14681 901 11178 9158 2931 8737
14932 19748 9733 11801 9608 8289 5051 7544 16924 15725 14438 2380 9049 1946 13725 6673 3271 8682 11294 1576 6609 3634 2326 4386 13854 445
14334 16887 12899 19621 9425 17100 5246 8496 14976 14568 10205 5181 5989 5327 293 4041 5447 12188 9310 19729 19211 17667 10410 5479 4332 13144
11675 16987 2642 360 19626 15147 6006 4639 9388 5054 9189 5597 7368 1093 2708 10399 8272 10403 12922 7607 7629 19347 671 12372 1054 5187
17045 15881 12708 6467 2794 13374 12168 13821 12560 13539 10747 14861 7773 13225 13732 6083 1646 12247 18949 10247 19353 14290 13636 13411 16528 8672
15988 14683 13549 8093 8062 3125 4089 5071 2744 7478 14493 18815 2822 6368 10063 3832 3956 16140 4485 6559 14448 13845 11748 9127 11141 16021
4986 18269 16318 7936 16543 6182 19929 1379 17628 18843 8909 11846 14760 3749 3899 16364 2409 7916 3851 4017 6906 14064 16805 18570 7659 14570
1187 667 16201 16195 11688 17658 9593 3256 17153 6569 17263 1818 18969 15087 1374 6457 13058 16687 4990 9934 8051 19075 9518 19537 1567 7035
18701 12592 1397 12435 8088 10232 3327 222 4442 10717 9502 10692 17730 6709 5372 2833 14836 14851 19541 9741 14029 5837 629 17252 10946 5142
1253 3595 12497 18522 18654 10112 7726 14131 5099 12708 17682 18143 12198 19127 1041 15806 16538 3420 19943 9532 541 13252 19067 15372 10945 9558
18384 17053 14735 18929 19970 19565 12758 9290 9643 19195 17109 15185 1788 18773 19472 274 12465 2929 1527 13597 12424 18072 10518 8966 8078 12621
15142 10950 13224 9631 6512 5265 16534 10997 13531 19530 8753 11445 16910 4032 9896 10732 12862 11550 446 6316 6167 1881 17568 3940 15528 15468
12598 16061 18001 1447 4606 7239 4290 5919 6621 12229 11873 4941 12767 16987 4533 7180 4632 14524 13120 7548 19222 10459 1601 18968 8618 11829
4032 18973 1782 2954 17173 4788 17023 17924 15814 903 6983 5532 3511 14677 4603 18332 12339 19485 18998 5744 18037 9185 637 12058 7316 1230
15332 14601 9382 15681 13212 9323 2338 19342 12278 19479 7805 18906 12849 822 14347 2916 14518 10288 372 10377 16330 11955 4830 6389 15281 7371
11282 9420 2884 2674 5194 12734 2913 3393 7169 19474 1334 14440 6535 9236 17714 3378 6110 9634 19217 15771 1675 5315 657 2914 1069 9186
18747 11418 351 15716 16867 16213 8553 591 17247 2765 3010 11758 6753 4446 13064 13062 14564 17304 18144 8351 17078 15089 6502 10314 16108 17374
4160 13935 2237 2315 2973 19802 12397 16834 10401 8848 1029 12347 4887 19598 13917 13962 4169 17448 2673 2917 17351 6874 19006 18763 3193 979
5149 1967 14790 9812 17897 8863 14767 13180 15363 8021 1179 19058 7256 3587 11185 19497 19032 12016 5767 10326 11228 1305 14953 9066 798 14956
2733 18946 19239 2909 1665 4269 2911 4327 25 4384 5226 13528 19492 12620 17735 5399 4068 13396 4694 14040 17859 19782 10950 10578 2141 7913
4612 3900 8296 2413 5166 19298 15452 2965 13988 5858 944 1071 11438 7986 18751 6393 411 3592 14241 1799 19707 319 505 5564 10151 3313
12563 1360 13148 7742 17650 9472 7163 6391 15524 1617 4441 13016 18254 17907 11150 10095 19571 17301 7557 11986 11449 1088 3115 18755 16955 13255
16447 19341 6570 17821 14381 10378 2033 8234 18166 17352 16026 14567 8587 4960 4336 19969 17537 15427 2385 18610 382 3421 9785 6580 16889 4596
2932 7602 16346 2942 6977 1533 2275 13895 12505 3173 6600 11275 1620 13324 8300 880 3126 14547 15748 7923 477 18390 9207 15181 7814 5776
19430 18009 19849 14576 18000 16400 8202 10914 14480 13196 5217 297 16251 14278 11659 5347 995 552 2316 1490 1765 7398 3974 15278 2176 14311
18460 198 12187 5292 5163 7991 14496 8855 19926 11205 19931 2532 12388 6203 5633 16979 14760 11826 5214 5430 18384 5677 12603 17628 4974 15711
8226 216 3863 19441 762 8675 8494 3002 12362 9556 14482 6734 18799 9751 2924 18020 12786 6421 2744 12231 19824 10424 735 9831 18554 14821
293 131 12035 10923 4879 16406 3227 6715 5394 19565 16158 11066 7396 6695 10438 6712 4293 16717 9825 15083 5582 8348 6840 19383 9410 8731
19746 9703 16242 5276 9484 14512 4240 4981 19134 17498 12914 15372 1425 14087 17118 5842 3348 10651 4615 14226 13094 4811 17200 17243 16657 16218
6994 18208 12138 4417 14341 6014 10075 15433 11884 18915 8420 3636 7172 19147 3450 18496 14585 3054 4788 19064 2521 4222 17692 10962 5685 17434
8545 9350 727 5905 12541 13358 18074 4217 448 14491 9464 17421 6756 19560 580 4339 4096 3086 12977 10814 160 6950 7813 12492 8852 2756
16769 6988 4008 180 11160 19052 2163 17056 4246 7055 13233 10800 13369 13431 18432 12526 19018 11840 17802 15610 15578 14896 4715 8479 13185 16597
6454 4045 4819 3305 16590 19687 5248 10947 10194 6684 10885 11154 18286 10748 11651 15686 15972 252 18885 2840 11331 1192 17099 3331 69 19145
12607 14232 8175 17089 8050 8998 9900 19979 7402 2351 10199 4741 14029 8536 16096 16744 1304 14263 1604 4606 1958 5268 12877 10362 15891 19322
16567 11414 5391 10431 14162 16976 8406 7855 4287 11312 9845 3599 7625 14801 9401 4151 3962 12998 18608 890 11025 6422 1214 9798 17429 1275
16439 9822 10929 16794 2982 14746 10774 5190 19149 15992 17722 18164 1316 7757 19422 12834 7621 12828 6387 15831 3946 6569 15314 7582 7802 8182
17366 1970 14478 15714 15941 9905 18190 16968 682 13171 8588 639 3346 14849 13334 7568 17342 2189 17915 6448 10493 632 9740 1772 17731 11382
162 18982 19000 3383 3662 12262 2756 13491 9438 4693 15726 10451 4170 1568 10782 14555 5892 18189 11971 19965 14892 9935 17078 4756 11390 18051
19464 13123 18016 19060 10685 19404 18766 9153 7774 18130 14673 12470 5818 4731 751 17110 8211 10269 16925 15102 17809 5467 8287 236 11031 9797
19435 1649 15931 15532 11924 15344 3603 13871 3838 15707 833 8195 8456 10375 13574 12378 5037 19259 7539 12989 14550 3795 3122 10985 14932 5238
7694 17472 6309 6148 10811 2706 16408 14177 8336 1816 8 16694 6034 9777 17756 4563 18153 15425 14907 11552 12742 17795 12600 13264 5362 951
8795 13844 16168 7672 8836 11649 5624 16544 18456 8182 19430 5377 13386 16537 15287 11194 10023 7861 3131 3033 7950 13668 1807 735 12659 13193
899 13960 6193 15579 18540 5918 5854 18316 31 18583 17643 12565 19942 17231 14984 4615 3639 7788 18201 7138 16637 15332 5183 8781 14568 3021
18570 12955 10902 14696 7988 12191 4736 1214 7675 6286 8321 14425 7972 9687 17215 18050 8341 4401 13356 8096 14130 8544 5811 15640 8620 2057
9930 2869 12624 14554 16777 17242 18218 9271 16986 3306 14077 14984 9740 11541 18769 6814 6245 2004 4408 11889 1186 4092 13235 589 6327 12066
19552 16246 620 6950 10475 10968 16050 16229 353 11704 15780 1113 3958 6290 9510 10310 191 9369 14695 11315 7431 3649 2546 17155 3796 10313
16348 19334 5174 2727 1861 16550 17515 7602 3008 10591 16469 323 1885 18386 5906 18944 6828 7078 7912 4438 10959 16985 4170 14644 12228 19685
5581 18720 11836 8190 12040 7034 11653 13103 15373 5352 17921 3506 11688 10840 6301 19711 2691 19631 2404 908 4452 12721 11799 4758 8429 11414
2 14564 3959 18518 16512 5150 2995 12271 8213 14351 4273 1855 3958 8177 6197 5084 6313 16524 8573 13452 1835 3473 13698 7598 11835 4572
19938 15911 313 14731 19562 15147 2180 7891 887 7472 19984 9035 8314 8634 6543 4707 1170 14513 10086 4064 2815 5000 18829 19028 1414 14679
7381 15306 15480 19084 15478 340 16023 14559 541 19250 14647 11703 6797 6629 18933 4830 6761 19238 3111 10165 7224 17090 11111 2823 1746 9324
2759 1976 14634 13107 7067 4220 7363 12272 5925 18890 3728 18482 11437 17570 4724 308 8205 13617 5584 2400 6058 7826 12341 17053 3272 14618
1184 16778 8085 12586 18530 19919 6939 3830 11692 2264 14979 5508 6016 6967 7026 13285 18571 9950 4690 12216 9947 17754 8408 1383 3449 8673
19042 10267 546 3851 15628 13904 19606 2353 6421 2040 5939 13477 665 19021 5275 12018 3458 584 9775 1860 4319 11847 7348 14880 15347 15969
6018 15433 14545 6071 905 2956 14192 19316 19154 7193 3352 16769 2994 13345 4094 8141 1155 3207 2612 9300 11548 787 676 973 13234 9126
11123 15598 18842 7238 19681 7870 7643 9506 8228 19203 18497 5872 6521 8502 14129 19594 11073 887 3478 6534 16237 12638 12472 14524 14124 130
11378 14383 5344 5031 17168 2831 18615 948 19541 16034 12119 9272 4611 18382 11145 15738 7815 644 1231 19191 83 3014 11668 18183 3735 9395
19586 1890 11207 8054 8418 12896 3147 8652 6873 6993 11764 15763 14773 5771 1533 8629 14064 17459 10663 414 427 6031 19559 17728 9727 16286
8184 13060 9491 5559 3561 2452 14278 15628 19582 467 2549 1022 16502 9065 4418 10772 595 2191 10421 1049 7087 1642 6815 13256 5785 10060
2542 19174 6879 11240 19979 740 13899 6536 15515 14815 11532 11368 4873 15035 15547 19155 6162 4021 13148 2133 18428 6421 18117 1532 4345 2247
2618 5808 10423 14558 4208 12993 10931 1494 6475 16796 19065 18530 13510 14352 14916 6321 2955 10207 11844 6327 9142 12379 11333 12395 7556 18223
8066 10270 16351 11136 3837 15196 12400 851 11232 12687 3001 7699 18714 1917 422 8253 13019 14150 4732 8786 12697 6553 16231 10396 2362 9251
15909 12144 8661 19693 9246 6588 1430 18768 453 19575 3046 5940 4612 375 92 12466 6465 4501 13055 14587 7588 814 1440 64 10435 17860
14944 15049 5876 4810 18719 7245 1665 18347 9433 8943 13250 15406 13339 2326 2562 419 6939 15134 10049 11043 18252 10014 1733 1213 6670 14016
11091 18969 4062 11994 10889 11370 18392 16630 7762 4516 2596 13651 750 6862 9502 3654 19885 16307 19232 4070 17535 19370 969 3994 4031 2441
5118 7241 3424 5638 10354 4677 16488 8635 283 19553 16691 7585 15541 1131 8699 6508 4827 15567 5150 5129 10609 9483 1641 19810 5235 17985
14199 12830 17244 14859 19191 13836 9228 7860 10469 19414 4060 5690 3286 4354 13568 13817 4733 15971 9383 17454 1099 9886 15092 18602 14335 19645
17152 7412 4638 9747 9918 14217 6321 6877 1552 15828 12237 1052 13971 4537 17360 12378 1144 19066 2059 11956 2814 17321 10648 6216 11796 17209
352 10384 19419 2583 11522 14464 10657 1601 3188 12815 16443 1434 605 19429 19120 3513 17965 4810 9134 8986 11878 10660 9290 13121 8128 4905
14906 2730 12983 12774 8249 13792 3143 16272 2604 2054 10431 11824 4628 4115 8656 8932 17376 16785 14385 9581 7233 8896 6583 15632 19114 6332
16387 15988 315 13416 7383 12840 3301 14452 6903 834 5522 14369 9278 15260 5118 16862 15251 19072 11642 6347 10549 10181 7193 9044 12083 7739
17918 7188 10757 18374 5668 5164 18516 15147 276 8896 4900 1025 14819 1587 12665 10851 8159 15650 2179 19365 109 14347 8629 11397 4158 5340
18720 15965 12441 13740 7844 8190 18795 4540 11581 15612 2363 10475 7510 1612 15538 3737 14538 12128 16213 19542 6936 3170 795 17416 11596 10013
7623 11004 19946 14039 7603 1685 5965 17995 10617 19850 9860 6632 19717 3381 274 13068 5831 1382 17223 5109 15975 14436 260 11528 17507 18798
15879 11592 16671 2621 9952 15183 9938 1666 9702 3207 2071 1101 12986 8991 8960 18419 11268 14690 10039 2814 9989 6976 9410 9763 6983 19494
11395 445 3330 4383 5586 4424 10875 14568 8047 3238 4446 10374 3616 16082 8363 7657 7076 10628 16221 13986 2463 19800 19304 16347 777 4636
13121 5477 9620 8400 5060 8591 12612 7616 15488 7156 14829 2993 7372 9927 14264 5171 13101 16993 11520 6793 10127 11690 6773 19989 15391 6616
4397 2152 14010 1514 17530 9569 14336 7054 5314 13117 9364 12635 537 2805 8799 6599 9930 18681 6995 15532 14046 15077 9176 2569 7068 15561
6439 17837 13977 8997 5436 19718 2162 8744 9094 2570 7459 9783 3195 13284 15921 8776 18964 10380 1977 6225 3291 6342 7568 9662 3781 6545
13446 19042 12259 15086 2098 10328 11261 5515 14363 19606 1010 1628 3249 19303 6012 15301 13385 7164 11500 12443 3245 9415 7551 7750 8630 15135
16003 15917 14820 11613 13282 17719 15421 15066 16179 11414 13282 16345 11906 13966 6879 12741 9805 4772 8384 7016 13716 2279 11565 4631 1533 12115
9191 5537 6734 9806 2706 2344 14821 17363 1851 5374 9676 15833 7004 10742 10863 9970 1527 7104 6456 18885 6893 10384 18379 15806 12725 17720
2268 1583 9760 19395 2704 151 17565 17773 4445 1397 10496 8442 9800 8412 10351 7113 2692 15802 11453 2292 17370 10398 11213 8288 8250 16775
19103 16719 5162 17781 5063 10040 18767 6974 4376 17677 628 9648 11751 19815 17727 16771 9935 7813 3597 16141 13376 9081 4118 7544 15608 5115
10099 12834 6818 10964 2748 19161 1602 2896 4645 8572 17065 3587 16273 9883 1504 14646 4484 2303 5429 14555 9661 331 8108 16386 2589 13443
10274 125 8504 19991 11437 15298 14750 19080 17094 7018 14265 9800 19624 839 10419 16568 17869 16722 4754 10321 3937 1655 12070 1787 1282 3767
19951 2977 15742 16207 6039 3902 8820 16767 16071 4993 5123 15577 16094 2871 8825 14823 17863 2187 16387 1284 17075 713 4894 11345 19165 8751
120 1912 7967 6188 16633 10000 18608 10787 6804 14108 6617 15236 18773 19332 15725 19633 2063 12039 17238 16365 1241 5194 13614 18103 6380 10176
6065 8416 6938 16839 13439 5751 4341 16320 3924 4235 1025 16853 7114 8752 2491 14690 13265 5660 6525 17349 19789 17518 17381 16806 16203 8852
19603 13822 5403 4980 5370 11679 5622 11334 7421 10422 15220 10247 13836 2118 4854 3265 892 16811 5000 4069 13617 19077 15464 30 11989 6984
4812 14153 12326 4401 8792 10126 4020 2228 18672 6827 14680 6329 13130 6879 15425 15062 4868 1108 14977 5038 5821 17735 3005 14681 2245 16227
7928 7086 4210 12334 14619 19702 9647 3993 14163 1926 1417 14071 5759 9922 13137 18536 19269 11477 14252 11520 1646 19886 7127 12390 8620 5491
311 15966 11224 15894 8418 2079 14021 6136 4917 3098 16485 12763 2403 8538 2755 9460 6444 15409 6635 13489 13527 14138 14078 8497 14920 13029
66 1698 221 8201 162 1533 3561 5966 4256 16283 8467 9760 10621 13257 1574 1845 5482 8694 1846 7930 4611 15855 4855 5419 16237 11470
16507 1830 14717 4140 3036 11456 8776 10170 1120 16200 5515 13802 6515 3593 16282 3739 16576 7966 8106 13617 9017 6761 8507 9865 4032 9286
4782 1829 7545 19798 16846 4517 3393 9503 3716 3455 17717 33 10253 8306 13745 6955 215 14146 17316 18205 17198 13941 8546 7801 4305 6688
12006 1978 7168 19861 13656 12815 5644 4414 6714 5185 16175 11942 1295 16620 13481 10642 11102 12817 4869 14629 2458 19174 12591 12924 19375 12820
12597 5793 9931 5038 16351 3137 5937 8082 19694 16726 6464 17900 10550 13492 9096 5696 5332 18088 10366 6534 12729 15696 5980 1908 16082 6850
19807 2391 7501 16199 17618 275 6242 5903 19603 18561 5498 14065 10493 16911 5961 13322 18908 16465 7858 19807 13170 18329 19246 16522 12356 4022
12783 2610 8416 1259 11704 10872 18368 6588 8557 11587 1698 15171 13928 9837 19539 15579 12478 10564 2847 355 16636 4342 10085 7255 2898 8516
17540 7703 41 1464 7863 11862 13900 16810 5460 2444 10618 6876 15762 13179 10053 2678 7642 14776 14165 11142 134 17057 8226 10196 18372 4372
565 16552 16947 16697 18293 3297 4205 12930 956 2527 3196 3059 5813 11869 1295 17785 2169 16782 6545 1488 11825 10840 7834 6353 18230 4212
6313 13284 2138 6552 18175 16835 830 18205 16463 11955 19374 6751 9588 2029 17790 18985 15589 9345 5830 13554 19928 5354 15111 12699 11826 7028
356 14958 6047 7560 9421 13019 15696 3223 10242 8113 184 11819 286 5436 12364 14646 11575 234 14078 13784 3300 13692 16796 12939 1163 12086
5872 17320 16458 19469 2059 602 2996 12368 1454 619 2691 11465 13067 15330 11937 13990 3552 5611 729 7815 19055 10857 12005 37 18878 15091
9877 18038 15544 1625 3079 2644 3846 19075 12144 7263 310 17586 8107 12398 17270 5873 3620 17856 7695 5990 7138 16061 8215 17372 7487 19991
3486 7597 12265 3896 16907 4168 18848 9229 17212 3925 297 4111 5594 18574 11689 15917 12918 5410 1160 11184 12440 10699 11784 13586 10757 9568
7998 14755 6951 6119 5193 19770 16572 525 1486 17925 2255 2187 15679 5293 10035 15855 14989 2906 5092 2422 3717 16737 16073 2836 6325 12469
17557 16764 6000 15388 14689 363 10214 11998 19006 5729 15191 17757 1520 19255 17955 11845 2366 10733 8906 3481 13102 14650 14299 7179 3431 12931
15825 13409 8962 12352 1941 7017 14184 15821 12748 15539 13788 12419 5452 19135 14802 10156 6042 4488 8895 8757 1089 8281 15548 18530 4592 9400
2628 9705 19226 10406 7750 10148 14577 13311 4082 18112 14209 4809 9714 9189 9115 1924 7619 14545 16787 10083 12987 13492 6341 8504 2182 17355
710 10812 5473 6259 14723 1088 2553 9615 347 15130 11411 12994 1208 7728 5343 15202 19331 12539 2928 9462 7127 14383 14068 16066 7847 14142
4266 10597 3825 13205 11790 11853 6199 19746 11466 1563 8080 19910 10955 8135 13233 1115 9475 8948 1660 18905 10370 2456 7486 19359 2286 14232
10186 2648 5910 13387 16029 7469 10050 17734 10658 2139 8887 416 4725 13547 18909 12857 5766 7540 1002 2357 3071 1423 18214 15931 4143 13312
16022 5449 8092 12496 433 19256 1738 865 14648 16697 11800 19203 9242 15382 6689 5613 5267 5711 4876 1713 14373 298 11255 4313 13831 10003
18317 13357 12696 1481 9810 330 14347 8544 99 5612 111 6070 14830 13370 19695 12518 1044 1235 15956 364 468 7950 9468 16238 16835 15218
2565 3130 6599 13121 5870 11088 1398 4052 12172 16066 17350 10589 12894 10346 17347 6287 12198 17379 7640 2104 16002 5455 9801 17281 15254 836
19195 13442 12844 2427 19549 2544 10493 10797 4150 11774 6101 6580 8042 18654 17684 15852 14920 16979 15103 14690 9781 4629 16602 15482 15024 19071
9755 7399 12268 4289 5349 3699 17518 16757 11513 4336 7984 2749 8555 14251 18865 90 4570 14058 18548 16855 17289 14116 10387 10088 3990 7778
4098 8620 3388 7028 2383 9426 11239 17021 3787 14286 14651 16045 4243 7014 1452 9974 5549 8822 13069 7562 19951 19235 17441 17743 15899 18420
8660 726 1697 10167 13056 10044 9211 14608 7534 16912 3662 13386 18991 623 19657 7770 15299 5956 12872 2449 15847 2853 9047 11030 5955 8197
9301 4713 4876 3553 300 18430 7665 7835 18187 9088 707 11034 10044 14654 8570 19067 14138 14603 9315 13828 11603 14747 6610 11421 8259 18413
19843 14866 14548 7535 14144 4980 2679 10625 16093 11315 16616 4478 5449 3954 17160 18000 4406 19365 15222 17513 19241 15527 15502 18126 4833 841
16447 13938 8381 2381 19752 7850 5206 4006 582 8301 9372 1538 5302 6776 18903 12370 1794 6362 5887 9337 9381 8509 8353 656 18160 3946
17187 4639 11366 1672 13213 18914 19745 19492 18802 10334 12260 2950 17710 14060 5857 16030 7655 3332 10582 8636 17400 8522 18750 17712 898 462
6796 12318 7955 6633 1658 7374 6457 3261 12500 16163 17945 2942 17678 7514 1207 14982 16473 7446 903 2494 843 11466 5555 10257 3290 2586
14623 6230 3936 10887 19519 5887 1839 4977 9197 13194 18125 4906 7700 7948 12363 18702 10642 14625 4573 1288 7675 5670 7214 15339 13944 976
4321 6356 11874 7317 6737 5312 10784 224 4659 16935 6931 18533 18777 6357 18677 5124 9355 9108 9801 13419 19117 15280 3834 19602 14563 4076
4199 5136 15613 18821 18505 207 2643 6591 875 8316 13864 19672 18565 768 2743 4558 14290 15277 2426 10982 16432 10917 2635 5092 6280 18728
25 15580 569 11028 1197 3832 3143 12586 9879 12098 8606 4364 19233 1700 4235 819 16212 1683 10367 6802 2371 8930 1293 18870 14179 15705
17153 8672 14800 12524 17448 8069 1798 11317 1933 6248 14858 11898 7617 14553 11599 19844 4208 12344 728 15432 15541 3283 4740 4699 9892 7239
14392 14442 11824 17033 6494 5590 12766 8613 10820 18317 3865 2035 5762 15991 10378 4659 14356 17606 9468 13599 18303 18844 8004 4345 10374 19810
10498 14521 15958 8149 13819 16838 10458 15612 2218 562 11371 4633 2405 13402 8289 5117 9475 11786 2441 16699 13994 13354 11150 2336 14171 14454
900 19629 12711 6624 14105 1583 15660 11467 17582 6208 10535 13447 5232 8023 14606 16345 1898 15536 8701 3137 12336 17532 6664 234 18810 236
1414 1448 13918 15748 548 10280 2544 11643 5947 18457 12531 12397 8417 18765 7859 8781 4407 12566 4440 1891 2515 12532 1780 17727 12396 11471
19208 16881 9684 8312 2747 7145 1341 13017 13951 9852 8769 11425 9662 4724 14907 15691 2224 6377 18095 15438 1240 8022 11439 14385 11772 12314
4669 2116 11850 662 6107 6920 2335 1215 4251 7900 19141 19814 13991 8680 1517 9873 8284 7917 7594 8322 12220 2425 6678 16234 14397 12661
697 7738 5540 10499 19565 9397 16166 19906 5539 12710 1280 15478 18933 18776 15428 9358 8299 8032 7510 9749 4453 5422 17402 14043 17518 15555
14528 3004 14306 9447 14537 15563 13367 14282 15897 13475 1147 7138 3873 10461 18873 10012 3925 6143 16585 1292 5650 11634 8389 3226 16541 19385
15979 14395 19900 14478 12463 16502 6399 18913 6819 17815 995 9295 15119 7329 19715 1670 7801 19879 1248 1385 3727 19091 6287 11802 1125 8322
14074 12043 11643 3059 16701 12234 13669 12667 12056 19234 2677 12269 12418 13660 11614 8484 16588 2719 1860 19148 604 14468 1775 2332 11363 10805
16852 4102 9 15349 12662 11218 18111 7199 16821 18162 18881 7649 16384 16379 17729 1258 17850 5417 14493 11184 17255 17861 7916 17018 19721 16676
18369 9211 10394 3365 18373 7833 18254 16832 13166 7235 16120 19497 4361 12778 4098 14383 313 6173 17568 2166 6273 10409 8168 9021 4598 14594
8498 9042 2228 17950 13870 15266 9253 6513 11712 14022 4405 19818 3805 6649 9650 15469 12696 8888 12725 13950 13801 6719 18007 16680 18036 2021
16380 16129 13281 3276 2061 8433 11519 17454 7838 9850 18468 12665 12224 17094 14232 12548 2696 14611 1665 3547 4521 19877 9876 15674 5101 19645
19328 6787 12521 17766 3476 16388 19750 11529 7629 16072 17591 3174 5515 6049 2498 14117 19652 16372 16418 5488 18175 9811 4985 806 9357 18918
3886 12968 12802 16364 14832 1751 3795 12722 18399 15604 6377 16572 17296 1198 13570 6567 16526 18773 6010 5245 13752 15174 11103 1882 7635 19558
8488 1562 6044 6717 7950 15552 8178 4733 2963 18865 17993 3040 12643 215 495 6110 17882 12217 4994 12127 5070 9619 16392 15371 9877 13458
15099 12396 927 4457 2818 11496 16682 4713 9578 17346 6456 11233 11152 2974 11391 11890 4081 13528 4464 9497 12689 456 9442 11256 3703 16887
11742 3552 13193 5094 17976 10919 12246 10303 11197 13294 17310 15936 19310 965 7364 4666 19232 15001 6565 3819 11463 17279 13566 17949 16751 10876
8346 15841 18503 9681 5626 18623 4638 19713 2928 16710 2908 1538 7132 11952 5527 14362 19253 840 2977 19273 19168 13559 15714 3019 19271 9589
12852 9574 13391 10044 15019 5847 1736 13851 2651 4753 19913 3977 19903 1864 15518 10476 128 6295 12354 12531 16677 4692 13007 350 9765 2645
17690 16514 17574 19416 9539 19600 10184 18344 19034 8567 5909 17135 1428 5539 2882 2164 15652 961 14177 888 6907 11410 4668 8356 17083 10136
18839 18799 1734 19880 14051 16121 2815 6169 19224 1047 1193 2697 2567 14799 11387 12270 11 16750 10702 16326 11776 3002 11731 6379 1085 14273
17812 14644 6738 8465 19574 6141 2458 3816 9656 8410 5935 4241 17012 9758 15783 14366 19616 7305 9249 1139 15177 12414 2070 10102 15304 622
9988 7817 11075 12607 13374 16358 5297 11323 17456 9326 5411 1238 19843 7571 10801 10893 4842 6834 13859 2855 15385 15895 18241 14992 10880 2445
1789 3332 10127 14996 3278 5100 3083 1214 2152 3445 6409 9894 7020 9628 4383 17904 15040 8233 6721 11848 6470 18743 15352 14882 3594 2140
8009 1960 11461 355 19015 10550 5642 1664 12129 18772 8238 5818 16551 15303 6097 10647 17270 13768 18903 19959 11714 12995 14629 15300 7094 5303
13398 11444 13604 14216 5998 15126 11196 9505 10287 14071 13018 800 12025 12150 13359 14386 14404 1326 505 3543 3587 6531 7381 15637 10308 18431
12669 5932 10024 6455 5698 6516 2002 19260 2305 14567 18119 19112 5572 12344 18590 8362 9216 2196 8260 5054 19471 10619 12840 10431 9238 4797
2576 19759 9683 897 4300 19915 17113 14547 19796 8533 7329 11132 19301 5133 6236 9314 10803 2927 11603 19800 18995 14891 14406 4153 15972 2387
18213 8824 16862 7260 44 1745 665 2193 1651 7663 7460 19223 12779 7178 6766 17035 14440 9813 8111 8105 854 16395 3031 839 16404 1083
915 17055 601 17725 8302 8975 4853 7989 12306 18299 14412 5431 4914 15260 11657 8450 6764 1132 403 9774 3623 5635 2731 1326 17484 1842
12800 14197 18608 5447 13246 16272 1438 7033 4087 12557 13472 14759 13147 11986 8432 7329 13741 5264 12685 17861 14303 9240 18013 11915 5296 16867
7844 4818 10805 5141 16320 6625 18321 5550 9059 10125 11890 11746 666 5296 7643 12693 5479 8988 11210 13665 10068 14299 12458 10605 442 9828
3457 5020 6301 10844 11435 8240 8768 6634 11572 7747 12267 18725 6289 3719 2940 10698 16815 13185 13579 9437 3062 10226 7246 1079 11833 7019
9576 9217 9212 9844 15611 17254 2453 9067 15281 304 7338 6975 16503 19149 19342 5983 16245 14904 15358 14 19133 4384 10266 19518 14361 11885
14300 19961 8157 15305 7685 15380 17276 17214 6895 4869 4092 4046 11062 8081 292 4635 16236 4346 10789 2366 18568 7510 10077 1998 6979 2385
12280 85 3451 16774 9789 18690 18210 847 14228 19067 1647 10278 13750 13701 77 13901 11436 12577 1089 13573 17656 6115 3948 13275 3807 7311
185 6725 14524 7911 14020 3506 6600 13306 13439 14094 10155 19653 19324 503 769 15297 16618 5100 1055 243 13678 14460 19849 13553 11457 16247
9929 12315 6647 5545 15307 8993 15101 5551 7206 18870 3854 3395 10057 16244 274 19163 9950 2140 3165 14160 11214 1595 10753 17906 15462 10413
19645 4591 8260 3663 13532 4026 5856 8427 2461 1405 4791 6092 2164 6918 15093 6259 13852 6741 10038 3067 10449 7795 10658 8104 1652 17711
686 6517 12938 4154 7695 6748 13357 5628 18645 19166 16150 2707 13137 12105 15694 2897 5235 1661 16689 6191 6601 8200 7206 6615 16712 14655
6936 18239 1931 3513 14789 10389 4627 6624 14860 12728 16485 19310 13501 7805 12515 11242 2196 17211 19002 15329 12902 1367 14721 1763 19491 3800
2300 4247 17487 3221 6025 13775 7670 14402 18398 6720 12341 11940 3404 10197 10915 11422 13893 12413 19386 851 10530 6440 17876 18502 14731 5383
15767 4878 1025 18451 19868 13133 17170 17900 921 2296 13524 4522 9119 16360 19919 56 4545 8213 6178 2453 15358 7526 2642 15654 19840 4692
18743 3929 6967 10234 13064 5775 12622 7805 10264 2023 3020 8444 12188 18596 16659 10571 7088 6062 17079 6022 9583 19505 7767 877 12903 12056
3217 613 10995 7927 9266 5128 8983 4635 17702 13297 17437 17776 6279 13448 2277 14968 18525 5249 5354 15060 3663 12200 9095 2746 12491 2469
1163 7992 4092 9615 5022 14115 14992 16353 3304 11449 2380 19691 9297 7068 1459 5471 14924 5417 19315 3856 10526 10818 18382 11617 15391 4851
18560 13897 5625 4475 10774 12712 2621 12686 2120 2353 12402 7466 13066 64 14812 6160 187 16318 13040 7413 5613 1165 1332 12755 16567 1115
8811 6005 15548 3364 4916 17910 15413 1156 8503 8893 11661 488 5402 17984 2677 17003 16783 5990 18069 11024 13305 13930 14563 18427 12769 7167
12279 12122 12911 8318 26 19509 4076 1850 3321 17645 7458 19461 6444 18594 9241 14512 18617 4932 8374 1595 1254 18591 9420 1835 11484 14818
44 13603 15392 1918 4607 7154 19476 19431 1025 7632 12394 18700 6742 18052 887 18649 18999 4407 14257 865 7929 143 10351 8074 16192 4402
9887 8256 19575 10924 4772 3149 5989 3685 9866 1131 6926 8274 16211 13984 4702 14310 9098 10539 18558 14154 12818 1810 6068 12488 8664 9845
16952 14701 6871 7438 10345 13841 14889 5644 2387 7610 7071 11107 775 109 1525 8577 3933 13385 6019 18715 4292 13898 6941 16795 6213 6900
489 12596 1395 11474 1446 18611 14779 8823 6579 4333 11648 7722 12383 19164 12482 9949 4136 16680 11083 9816 14482 14685 6936 17639 14666 3205
16171 9064 2119 18132 19616 14922 15082 334 5734 9935 19854 6012 12670 445 1407 12862 13940 19483 14286 13886 17648 7281 17667 19001 6386 3721
3501 10859 3552 10030 13671 19393 7709 7598 19540 18186 2969 9158 15545 5932 9294 9042 3666 15269 12092 9336 5150 17415 10172 12394 14407 1384
9595 11064 14202 9845 14338 18293 13984 19059 9271 10766 17031 1914 1608 19029 17132 4745 14831 940 18258 3026 11469 13632 16910 7551 10505 7165
10334 19558 8981 10717 6426 14838 8585 504 5032 13930 12407 7952 7368 7108 7335 3739 12278 16837 4668 1922 12423 12570 10551 3891 13273 7170
13189 4656 19934 593 10082 607 9288 6569 13836 1262 4440 8154 1280 16572 1495 3092 4821 18672 2945 16552 10664 2163 19598 9072 17039 16106
12780 5966 1631 19938 16016 17682 4090 2150 7222 14106 8389 7195 6738 10599 15771 14839 10791 3676 8027 7760 11390 13891 11591 7148 11692 17020
16358 2255 3433 18614 4212 9218 14884 14666 7615 14268 409 12151 617 10301 15507 5390 12555 6878 9060 18847 9414 18514 17496 13160 8894 17734
16514 2787 15584 6287 16373 1240 15355 3347 9903 7293 15272 8613 18956 19103 13567 10443 18086 9275 5768 11103 11420 6292 12743 15096 6163 10298
18476 11951 760 8852 13154 2503 10578 7055 18369 13714 17026 9647 15429 19934 6103 15517 7531 4048 2233 7489 2902 18019 5790 10242 17448 6324
8735 18740 15281 8100 6677 14739 14316 12064 9987 12803 10577 15889 2850 2785 15331 12257 19031 2356 14346 15658 4754 16069 11872 9072 10529 18868
17456 10089 18523 4728 8827 17178 7327 11084 14521 6718 9736 9113 782 17505 865 9658 754 11564 15232 843 17588 2909 9998 15792 4543 15208
957 7083 5200 831 4322 3355 15334 18438 11902 7726 7143 15403 8074 3020 3349 1777 11446 9427 16037 10634 18834 18472 6815 5544 7318 14668
3936 14322 957 6290 6365 17909 7768 2207 7334 18343 8858 9577 12033 17172 18849 13498 17817 18412 10739 5980 6191 2863 19257 3717 5901 103
8919 4581 11904 4609 3971 15060 7000 3873 4320 5669 16494 7750 13763 14577 2881 18326 17547 12308 6303 2493 6698 11981 13382 17890 10522 19726
4581 9528 19632 13562 4478 13500 10273 15678 1344 8789 8771 11305 3190 1312 3177 5674 5468 7896 16777 19188 8766 14830 19814 9612 1650 15848
12438 8791 1450 8692 9133 2828 11741 12129 19231 2120 17387 8131 6253 11319 7105 618 18197 19994 7395 13959 2341 18335 6333 5246 10839 2869
13241 4001 8258 18010 10199 15528 15517 5869 11344 15104 2640 10179 3139 15627 14074 3548 14219 14586 11212 7721 18357 10568 19005 19443 3680 801
10438 14750 16743 10707 6850 1332 16201 1985 13401 18660 6495 11930 19243 577 13977 17591 10151 9029 6931 12144 12913 18165 14832 17397 6276 12894
7977 10722 18804 3717 5604 2823 12831 2334 11418 7895 12925 829 2047 11172 3253 2227 9843 17447 17456 11132 18213 16441 11955 13765 6688 8323
10726 2140 1108 9594 15954 2730 2773 12414 15539 12606 6599 10007 19241 17363 14774 6495 17954 18224 6007 15302 13824 17450 17116 13010 5990 9391
8400 9182 1237 16327 4730 16469 7595 6860 16218 18244 8815 497 10294 18808 12554 5671 3277 5670 3664 2175 3978 4617 19487 18457 1323 12837
10764 18691 19536 8597 167 9218 8057 17498 12506 6931 13833 12091 1021 13754 17154 6653 6706 12573 19640 19909 6549 17982 1792 2849 17439 19751
8642 2983 11231 5526 11873 17004 6894 13433 4838 4073 17406 12660 9489 7198 18114 15052 8695 5667 2224 5913 1446 6345 1635 10175 3775 8881
2125 11068 10242 17188 1125 16977 11142 17780 7773 855 17279 12802 11498 19099 1725 2149 11797 14719 4453 8923 5778 6441 5127 3762 9773 6126
3078 8851 12830 2630 481 3359 12531 18951 10139 12516 6246 6950 6433 16869 2498 14856 13143 17864 6505 826 19630 16860 1453 16122 6229 10163
17226 19486 13504 11901 13772 5935 12831 11412 14798 17798 5903 2843 6138 6952 5555 19731 3577 19275 738 5942 2119 17522 14851 5601 228 583
1641 536 3368 18117 17233 4908 17972 12805 16876 15782 2535 14356 7555 18709 18133 1051 10365 4911 444 8151 2458 1717 18157 19894 13719 17158
19674 11095 7492 15320 100 2898 6744 5866 13776 15516 590 213 14458 18968 10234 17863 4972 2387 8580 18427 9453 17477 9389 7334 6782 19117
1166 612 12242 7658 10179 2776 8615 16165 3710 14384 912 1248 12646 10344 15853 2214 15995 7655 8331 3580 424 11688 11671 18185 441 4262
19355 8478 12390 2416 8724 13723 7068 19050 1807 6027 2956 3624 6616 17707 14034 16883 10713 15536 15827 4107 9443 12528 1725 11608 1562 7338
1545 17510 792 8533 9968 14763 10352 4175 3887 1441 11632 13284 10283 10945 13958 19751 13933 1654 1316 419 4057 1025 7321 11426 3606 10655
9238 10094 12548 8030 13608 6185 16741 10817 17118 9605 207 2216 2604 19837 4248 212 17548 8155 19614 1238 98 14727 2714 3669 9324 13132
6410 10493 10914 6616 5391 10305 3772 13712 952 18630 8761 18104 12663 2801 18356 19322 6927 6420 16895 10080 5038 19701 7370 8699 13818 15627
11431 12006 9981 9607 7960 2589 1287 18931 19183 6474 9229 10 18586 14663 8342 16881 19958 18893 3731 10140 13837 18003 7550 16433 11410 2093
7661 12666 12527 323 3944 19704 10622 1711 9192 8197 527 19095 2088 8900 7198 5113 11393 11998 5770 17845 9170 15586 18098 1909 3010 10052
13114 1772 6553 17518 19049 7066 1104 17664 12265 6566 17918 18664 14612 12896 16913 11243 986 16264 7873 8235 7614 5291 1862 5443 3351 8131
