365
70 100 81 32 61 45 18 24 79 1 89 75 16 28 32 41 29 17 16 83 67 46 46 42 65 20
11144 2810 14524 7017 4121 17962 15869 8881 16021 8148 5173 16988 14459 15580 16410 19868 17241 9731 13226 14171 8486 786 8392 12875 7424 854
3539 12907 10513 16508 2756 18940 1140 6876 15765 1995 7003 1563 7324 14793 862 11025 9268 5734 11292 9913 9041 19466 3068 1086 1989 16053
14296 12611 19092 2786 14556 6210 6093 8172 19831 7428 10486 17210 3480 10178 10723 2174 1273 1500 8653 4824 1766 19181 4895 7689 7425 5675
12403 9542 1652 2973 13712 12322 11363 7813 3630 18961 11399 17612 9975 11059 13573 4823 1090 18977 12591 14577 7591 6476 1939 429 14125 9071
3715 18201 6499 15401 10776 10522 14997 18486 7396 19690 19967 10088 1010 6387 767 19613 3452 10054 3189 18479 4220 3329 7189 12395 12582 9650
7329 7385 11978 16424 17745 12892 4805 2758 4894 6759 3252 9156 2581 18792 1198 254 6087 1784 13766 583 8943 7012 262 18675 1177 517
12714 9477 11642 10701 19064 1150 15648 11902 802 17786 10440 4707 8142 8486 6454 91 6876 13628 12779 13920 8936 7902 18085 1596 5419 16943
19856 10675 13449 14135 19528 15205 6181 14579 12398 9345 5849 8235 5196 19732 7001 18402 7881 18069 12760 11335 10519 3942 9778 14967 900 13443
15979 7189 1830 9750 7699 12763 8912 4589 4577 10395 14858 5395 10907 2489 8583 3094 12514 14330 1096 4193 16330 10635 12020 2218 14230 14225
10136 17503 13306 5208 6226 10463 7827 4606 15844 9688 11254 9421 18875 11795 18045 19845 8283 13624 7407 5149 19621 8280 3684 2560 6304 15117
15360 14067 16281 18272 4301 16170 4046 13070 19209 14210 5251 17341 4613 9854 4950 10390 13748 7057 6075 18 17255 8505 7609 17752 18466 3590
15197 12915 4935 10675 12427 10961 10820 18032 16422 1420 2544 15168 5928 7941 5324 5140 6326 16796 10534 17408 11090 4827 3689 2640 8097 11735
17718 1060 2473 18750 19901 10929 7018 16224 3849 8080 6530 12049 8438 9296 13096 19549 10568 10605 2851 19280 4815 806 10850 10302 4894 10730
10359 10605 8179 6036 9534 7405 18217 8552 12266 2304 14013 2561 17541 8305 12193 9487 549 13660 13059 4550 100 13284 532 13610 9979 11882
15744 5531 10480 47 8234 15392 17204 1358 1156 5164 9957 8862 3258 4384 1611 5182 6072 40 13452 3091 6799 3030 4403 2685 8939 15772
2419 11695 4838 15957 19653 16788 14651 598 3184 10352 6365 9608 1927 4142 8311 1204 431 12781 18999 13104 9904 17600 7699 19414 19414 2608
7551 18040 1003 8475 2236 12750 17263 16587 4662 9072 558 4707 7573 9558 8366 15384 3724 10494 2093 13883 5343 9351 1301 3763 9280 17368
2262 734 11521 7705 9232 2515 19991 15572 5905 1579 7268 15486 1438 5782 14353 3785 2132 15065 11663 1466 16921 18356 3943 15269 11790 7391
9084 7457 5095 15861 202 6383 104 15286 2895 9877 5810 8509 15667 9805 19693 7348 8446 16853 2611 13119 6773 4849 11808 5163 16031 14402
19214 8438 12757 11252 1075 10061 14095 17497 10591 7994 7886 18880 3684 7891 12552 15122 17186 13756 9280 7107 15147 8866 7183 7919 13868 16794
9950 2445 2884 9115 12551 13221 9887 6132 12735 19712 10608 19982 12135 4140 9481 8491 14749 16218 19051 2550 16047 10823 18993 5458 12818 2955
7463 10957 19896 75 9006 5126 207 14292 1450 18846 5205 18141 3781 6746 8412 12184 302 8358 10167 543 16915 9848 19312 10216 9398 17105
2406 13139 14646 8672 19229 6536 8253 17421 14673 5434 13154 5343 13566 12470 7744 879 8301 10231 8836 12004 4178 17622 13567 13280 18604 5941
2044 10212 19123 18453 16324 1679 1095 18163 11664 9913 11193 15468 7128 1413 2981 5940 14708 19339 17043 3667 9474 4370 6926 15522 7379 941
13721 267 5936 7502 10155 1617 12586 8159 9106 15368 9357 1349 19331 19635 18081 10458 16686 8330 1386 10754 10293 7174 18541 3315 15322 7228
11841 6944 7030 7724 14449 5773 6766 12461 7368 829 7065 14726 14489 9997 3544 19712 9143 11893 1130 4747 8319 18689 9994 17170 12764 5434
19448 13184 4381 5905 13437 18752 11036 9790 18320 9751 18584 7691 10897 2411 16256 18148 5056 19168 5274 5907 14262 11007 12285 12802 2478 8822
15535 15146 17939 4059 10135 3402 17340 15092 12834 19102 7057 16545 5022 14761 14673 6849 12363 10448 19108 639 19024 7293 12096 6567 1277 18731
9569 848 15882 8827 11274 1457 20000 3061 5202 15739 11494 17712 1811 6022 16274 3818 4752 462 1907 9386 3407 1541 10588 17713 11136 12957
6746 2873 7872 15414 12211 8709 76 5882 11244 16466 3211 19918 6924 18091 11702 16117 4014 11228 17342 15550 6843 5124 17973 7940 6668 17714
10534 11100 7799 8398 9022 4331 17030 4014 1283 302 18741 5166 15437 7926 2504 207 11610 17629 17734 13917 14440 10001 7205 11962 11248 6904
19111 6857 9044 17535 1230 6021 6546 5863 1892 18370 15169 4000 17981 12994 6845 13995 16966 6046 2870 1004 7456 5647 9637 10475 3295 1603
9077 649 16051 188 15361 18681 5249 4211 14017 8590 10871 379 6062 5589 6197 8512 11995 10830 3219 9774 18766 9164 7859 8710 19057 5224
2207 12772 3828 11317 18833 1407 8656 47 7779 2124 981 9005 19290 13175 10656 2654 11137 15343 17755 15388 17079 325 11267 12171 13769 2717
19483 13118 10922 14199 12366 14579 13256 13379 360 10348 17820 13133 5348 12791 7657 9356 521 5463 2475 4660 10436 18241 2458 2927 18799 9616
1070 15991 4689 1307 5339 13011 2131 1044 19255 19641 13728 19611 13068 6968 19469 6469 17501 14782 492 11065 1580 11868 18905 13270 15263 5756
12384 16521 7435 16016 1911 12663 15661 11554 413 10581 4352 8843 8799 6777 17284 12769 7018 12343 2808 2191 1137 3718 8616 14874 19242 16305
9893 12915 15537 6621 3135 19818 687 11189 14349 1111 1126 14105 6543 14859 10435 10804 10588 4054 13169 12274 13814 7237 15644 7057 13486 5139
11858 10148 12237 15384 11811 19261 15545 5897 297 1236 17912 12141 4625 7595 2993 18711 10538 556 18186 9667 7310 9628 18394 4567 1189 10896
15487 5631 7470 4707 16085 1903 8201 3055 13602 5896 13858 11190 6198 2412 1193 11254 7848 18595 8528 14753 17353 19149 10738 4637 13073 11397
11683 19860 4 18277 18533 5847 1736 10850 1920 5331 12250 7046 651 19837 4365 8932 13426 2804 12876 19506 18689 10357 13101 2621 18375 6219
6049 18904 1584 7228 6212 4395 19945 8018 13325 7874 17264 5794 2313 1101 7691 8947 13543 2947 1774 5395 1457 14689 18815 19169 18770 5405
14634 12246 13558 2191 17238 10686 1295 18456 2031 17601 10737 4161 2262 3630 9590 1580 7585 4720 13649 1854 1358 6833 12926 3153 15390 3179
13987 18308 11520 9038 10180 4440 530 4532 9114 10239 12738 15506 17742 13607 6383 10643 5015 1936 10451 12734 8310 3171 16887 12259 13420 12479
17570 335 12086 11087 17683 12543 17666 2766 6834 1062 12022 1960 258 16481 16351 4216 15191 5491 17007 5558 3095 9993 16300 13683 5965 9092
14847 10507 16895 2318 45 4007 7706 7146 4849 19411 4298 1723 15033 17747 15489 16579 2504 10376 7581 15737 7546 19643 6132 15436 8766 8281
16379 16933 6317 13817 10042 1827 932 8350 191 5937 9547 13682 14741 4215 11595 9048 5685 6065 15295 6725 3651 423 19883 882 19075 6904
10420 10876 1815 1734 757 13990 12593 5302 10684 16966 6393 7806 8343 18444 15043 17697 1774 6979 3497 14119 12055 18941 10143 8846 3394 9545
16143 8256 19026 13551 11083 4583 9967 11225 18331 12483 6615 6014 14245 18140 13790 16548 11663 9186 16504 11644 9921 9062 9781 11965 10637 14250
2799 14965 5606 9217 4428 15861 17202 17580 3868 9529 1000 16381 16113 19468 5050 1623 17681 6906 12578 1761 3502 8231 9477 13686 6291 2918
18509 484 8205 18418 7175 350 3631 8860 15273 141 12993 7191 831 19718 4851 3098 18891 4472 13318 3363 9999 15318 12588 2596 776 18125
6512 3697 6543 13896 9575 11265 19305 11482 14221 6643 7087 19450 711 7592 10755 7085 16171 864 10054 7066 14738 9429 2142 10063 4573 15278
14126 2320 9843 15860 18644 4846 7678 776 17167 11261 3017 16337 13835 5828 8026 11776 14762 11095 5062 7995 6980 1060 16664 18020 13245 13622
12818 18029 19089 1163 11284 9772 18102 9111 1334 7931 11931 11454 12586 16465 561 5460 9941 13682 7131 18790 18259 7770 19960 18762 5735 2826
1806 14172 16679 12420 3356 2648 10703 14530 18368 18119 6497 10595 11167 11503 3726 7998 11939 6712 14655 3293 12326 8913 351 893 15094 16590
10443 15829 17822 4795 647 19002 6256 14219 7731 6007 9945 14455 13938 515 3574 13618 18265 8711 5941 15537 8880 15428 2492 1738 7482 15114
18227 17496 12457 4079 17129 18133 11354 7663 15812 10255 13860 10956 17858 720 11216 17354 13260 10515 1916 7440 3736 4332 9295 10596 9500 7293
7181 5410 8500 4527 365 3530 1142 11317 11120 5656 15782 2793 433 11611 17830 11311 16308 8049 5025 16782 2358 7361 7899 10342 229 4573
17412 19249 4484 18107 2964 14443 19721 18388 9446 8061 11752 5398 18166 1432 10867 17478 11199 4569 4189 1453 10648 1433 8500 83 7730 2580
3972 9760 17705 13140 980 3080 19462 15230 10269 9236 12819 4217 1145 1193 18641 10910 19848 9231 17276 3476 612 18519 9960 6904 5252 97
4843 16353 13005 15421 9767 17343 19235 17728 11109 5567 2712 13310 17193 17948 7330 19104 8093 13872 199 2465 14291 6303 6464 15088 13617 9646
3641 10842 10592 16875 16591 8059 9229 13031 12628 17997 12417 11523 18769 11643 16356 13793 2761 13142 18119 18567 11173 5384 14853 9794 18134 643
11349 6114 5550 7875 19916 6990 5581 6775 2242 3846 16045 10755 9271 5785 1916 18692 14414 1785 3487 2553 1825 19265 18037 8906 19787 13748
9267 7174 9423 11956 13428 1422 17525 19226 6157 1937 15553 433 1949 5498 6078 11066 19324 18753 1757 5781 1381 13664 702 16964 10380 10181
1481 7931 3932 16726 8120 7272 14503 7595 11797 16677 8206 16373 14775 17429 1876 16223 16441 3857 5696 5397 1175 14816 19315 17588 8489 11919
8214 1110 13948 11395 14771 1446 19146 6200 12351 6655 5663 12465 6507 11560 13296 6422 17489 14528 10108 14267 16667 11514 15207 15806 6061 4448
2754 19765 14906 2501 12730 18116 1732 13802 13819 7725 7600 9996 16766 6952 10654 841 4764 904 4268 451 11452 4197 603 903 3579 5765
4956 1523 9793 14318 5646 10225 13210 14808 13659 17269 165 14283 10477 7850 4318 19822 9129 5426 5666 12807 17555 12488 9720 5104 7413 2990
5553 10512 5996 13913 8141 14436 13785 8845 9711 17820 5013 8502 6131 14350 2709 128 14753 18517 1224 12439 11540 3814 10677 10720 9842 15786
16710 13286 13553 1743 10630 19254 11209 5695 15610 18214 11465 14992 8008 5238 4765 15143 15221 10185 772 19697 14984 14008 9607 2127 19902 7439
9465 7418 10966 10538 16046 15439 4712 19707 16301 10259 1215 15290 8998 3564 6883 2132 11096 9094 5898 13925 18228 8508 9697 8340 6654 19329
13261 293 3937 8650 19757 9842 2498 15719 19402 13542 13370 7140 12160 15025 17677 15981 3879 9822 15453 19320 1948 14372 14536 6406 5388 6652
13719 15147 13429 459 10043 19296 4064 1670 13306 210 10580 6574 2096 10229 4462 9565 13594 4849 11275 19722 10363 16539 12792 12631 5001 3382
16870 16607 12803 12633 17067 11167 17503 9126 6689 698 18825 8888 14684 7230 6307 17030 4884 18860 12488 16539 5733 9620 2737 15323 18384 5489
11753 17399 18170 14395 12588 14577 17056 17350 9153 4231 11051 12804 11280 15777 9287 14162 10593 16528 9359 16788 10027 19051 1183 13650 19808 6259
19590 17871 15461 15984 1002 13301 15239 14011 10716 2516 9852 9323 408 2828 7941 1871 14144 10306 19865 2494 13137 7871 3495 6340 9051 954
1492 18151 6299 6437 7546 11949 18800 17157 13229 963 1061 8838 736 13391 268 17492 8336 3872 4492 14706 11421 10903 13037 6243 8485 2684
820 19829 10757 10598 10533 1655 4294 7660 4468 18757 4915 4716 3065 15914 3696 13020 19391 6892 16865 13359 4662 8941 13921 7251 2444 6741
11359 16592 9029 18722 6246 3519 12669 2233 18788 17079 4070 4269 18584 2903 12991 83 5149 10084 16551 11748 8628 16383 7184 13290 18986 11161
9950 3844 7957 7237 7437 5388 10409 13055 14848 1842 14577 7543 8982 3392 207 12765 12376 16190 3550 1366 11818 4760 7806 1358 14647 667
3697 633 10054 7390 10022 15957 17814 13508 1962 8775 19210 2010 3772 12592 346 8331 9351 2338 19515 7330 16859 15754 5435 14019 13693 10323
2257 5274 5643 17584 3241 11815 16216 18670 13900 5879 8365 12891 15116 739 2458 14568 16603 18915 5548 1197 13793 55 9865 10973 18784 13017
2832 9904 18608 10881 5099 2499 28 14967 3114 13244 7082 2148 1118 18468 15340 2002 14191 1237 18807 19606 7986 14502 14968 15822 8623 5556
8591 19177 10745 18209 4385 4232 4284 19004 18171 18699 9895 5435 13158 18961 19385 4781 18098 5271 3288 965 7448 9407 11721 17446 9675 15802
14002 6777 13970 11806 17763 19928 8029 19335 12627 329 16459 6437 10754 6979 8188 5761 5628 11550 5251 12187 7388 13755 10402 11908 15678 13581
5431 1577 6752 3845 17734 1768 15143 1523 2560 3433 10357 4493 1174 17473 13236 8280 9300 3146 16399 5277 10717 11031 3223 3830 19197 18702
2819 8540 15827 13412 976 5117 401 1277 13434 11626 2795 13343 7752 10863 10475 8802 19072 18856 12904 17118 349 9432 5264 9159 2145 3211
5344 3908 900 9084 8771 11606 16809 732 10366 929 8434 4153 10965 3283 19461 3786 7147 11303 1162 6083 14237 18219 12959 1854 15415 10885
11493 8424 1462 10159 4796 18779 17888 14422 11150 16078 2265 15242 10398 8315 2188 16066 7939 8963 16967 12305 4211 6041 1393 12473 13106 9729
13215 11296 2431 8097 11495 17052 13842 17655 19534 1678 7510 17584 16860 17802 833 1510 15354 18072 14250 13787 10237 14949 6876 5266 17252 11617
16462 13310 6135 9348 14782 4359 11728 7170 3273 16179 10348 299 8890 2688 7097 4181 15461 11136 8758 10094 17320 5405 7697 4873 11858 7006
4460 15015 11984 3301 1723 2776 15102 123 12730 5596 7498 7575 14411 6200 11607 5468 19372 13079 8245 13928 3089 15489 17449 3161 2899 7625
19324 3827 14745 19083 6691 8862 10933 11867 10073 2715 7725 10792 5355 19548 5262 14685 10312 11206 10582 7882 2129 12839 8938 8748 12641 1044
5841 16879 15637 4735 13749 18545 12387 15273 17054 12223 12429 19363 9106 17162 17552 7370 19991 10860 14637 11194 16613 3654 19609 9982 1189 19834
13255 19694 1669 17323 19001 4425 7945 18008 2093 18636 19333 388 142 11283 17434 7384 12876 6493 15618 16288 17556 8625 9208 14129 6347 18872
13032 4616 3676 17724 11748 11367 16200 13183 17848 13965 17472 5251 16489 6413 5484 13144 2171 16809 1654 14418 3714 16915 13162 4770 758 17768
7060 17931 2997 11187 14506 10753 11419 3092 17606 10552 1877 19509 19885 19453 13132 2474 15000 213 11969 10833 866 12198 16572 5437 19333 18817
18223 8590 6108 12214 1683 12967 14012 10804 642 1545 15950 6468 10929 17244 6637 6069 19766 2331 10915 10822 15476 12332 14030 10746 5623 5724
13323 14780 3877 4818 18842 15735 17867 13442 392 12492 4853 4243 15064 5261 15509 6507 3993 10756 8638 3416 398 11338 4010 13789 903 1090
7501 4240 9372 768 1075 3111 17743 17390 652 2603 8017 95 4548 8956 9626 18821 2865 7472 12620 15485 12457 5621 11972 2392 1477 11023
11378 6754 4926 3063 15889 9837 17848 16038 890 5627 4518 1569 5598 4450 13709 4498 3431 17128 10979 12661 4135 9589 3077 14094 19786 16117
1154 15883 14545 13729 658 7420 2538 13562 17094 13535 16480 5604 15389 3110 4368 11295 6536 8074 13573 3352 9374 8338 12369 6247 8558 7424
10100 18461 16444 10894 11527 6478 15473 9818 6591 9049 8695 15714 6314 8299 2454 12088 15011 10206 9104 11741 17585 1452 17105 6881 6233 9188
18687 19549 13512 15908 18031 2669 8787 14562 9442 6148 16047 10478 15991 13590 11100 16350 7884 6163 8244 8153 299 13915 1673 15396 17497 2736
19585 15158 8660 10443 15733 13862 9519 14780 3449 18425 16927 9230 9850 11892 4576 13631 19703 12099 113 12920 845 16545 16083 15360 14864 13526
16678 11354 18927 13680 11605 15552 5212 16476 2252 14636 16246 1470 19938 8104 16889 12452 15828 18643 8316 6654 8344 11501 19585 38 17697 4389
19567 7832 3799 191 9790 4798 1014 8235 6594 890 14952 15664 17752 8343 10968 2862 4077 697 9470 18646 12251 7200 8964 11186 16253 18779
6479 19353 661 16004 2974 4497 12719 5488 11879 12968 5973 15366 10902 18065 11497 8721 1584 11706 17474 2172 12491 8906 14047 16933 13162 8352
9650 647 18748 3512 4130 3737 11677 12753 4703 1897 5157 5982 10828 4763 14203 8419 18667 15775 2185 4382 19555 8842 8089 13081 7118 1204
5953 11129 3182 18021 13468 8970 5543 5348 16671 13061 13768 18076 10879 10091 9820 19934 12092 13867 12811 17496 4780 19818 19057 8800 2995 13765
11495 7062 2411 16690 19719 3558 1895 5821 15494 9151 8053 18690 976 8866 7381 1590 3924 4794 6794 13465 8503 2827 7332 17414 14652 19675
14773 15096 6394 11319 12011 13199 6690 2167 3146 4520 14862 15382 8040 15742 11301 12453 2557 19298 7267 7700 4060 15769 12964 10828 16916 14633
4120 2855 5547 10892 6795 12416 5711 9439 2813 6705 2584 7988 6260 3846 10158 18117 18862 14320 18056 19025 16200 7099 5008 5011 13200 7366
18343 16182 3460 18295 11383 8982 15560 9883 2132 4446 8824 16589 14415 2991 10685 19163 6669 6133 14895 18282 7265 11021 1278 7026 501 18644
6757 13422 7141 977 7872 1851 9327 7342 3893 1335 18662 743 16149 19058 6381 8492 1378 6493 1898 9308 18280 12434 12566 716 17932 522
904 12932 16613 3326 5543 10340 19304 15287 8667 9506 3454 16324 8982 14249 19138 7844 17953 5829 19651 14447 13496 2517 17540 13381 4859 2358
1472 15277 943 17603 2715 10770 14079 12538 4080 192 11981 7501 16905 6091 11191 6291 3739 3099 11037 18519 9995 1565 4345 2465 8584 18860
8234 9167 4618 4876 11204 18020 17926 7026 8729 13109 9750 3521 7822 5328 11550 14251 14037 19742 16228 11434 259 18650 16575 17605 6108 4696
14473 11198 18839 16705 11932 12257 12441 19629 2485 4397 19628 14193 1042 14325 304 2727 18685 1173 12107 10483 17591 13234 6630 132 19527 9052
4394 6347 1534 13827 11555 19857 11537 15922 12058 19439 6838 6424 15698 13572 11203 6288 10912 19997 6526 13121 12612 10600 2219 5867 8078 780
14587 950 11091 4390 15825 3943 12035 17317 5050 17072 912 18711 18907 1312 12031 2334 1841 12215 1383 18505 11557 1202 884 7802 18968 19836
11121 472 5352 720 17065 19777 6611 5691 17450 2789 8219 10852 6365 207 10539 12387 12541 3107 18384 18623 5195 13496 15267 15755 17625 5296
13832 17769 1767 18762 10054 2819 3186 15115 727 19728 17400 13232 11821 4353 1767 14910 6897 2504 6867 9307 16078 17382 2224 7447 5315 12730
12731 19887 19128 7421 5912 16294 10579 5657 12722 1327 14044 4928 2916 12548 15104 455 18507 16045 12609 15854 3257 16915 16622 15433 8467 15152
9907 14147 1243 8019 11239 6376 18277 17505 6051 4514 9868 13812 16870 1368 11282 15944 2761 8550 11711 1859 16081 2942 14626 6998 7304 18323
2513 14726 12369 16035 5513 12912 14281 16110 15584 9641 19548 13288 5019 5695 9380 17765 16719 4167 5446 10255 11053 9371 3121 3926 18367 674
12567 7699 11068 3522 16151 1364 19338 15560 6855 18310 4589 11456 8325 2354 6735 19141 17763 10882 9299 7813 8916 19738 1319 16035 9349 13743
2967 2774 6034 8555 965 15196 19313 6669 15739 4101 6949 13617 12673 7437 11470 5892 1032 9308 6361 17779 8967 18332 19316 8298 1638 12742
11469 1441 9660 15625 15328 12517 16587 4494 10556 3649 9197 18538 2500 13784 6504 8384 5905 6991 3337 968 7632 19467 4947 17175 15088 15001
17536 11740 14864 17766 13473 16075 18120 14840 919 13073 5455 6591 4488 8077 12185 15700 5108 18147 5930 538 1211 17867 17812 7810 11161 14480
6882 19220 12109 17171 4622 98 5859 9154 13675 18416 2179 9475 9016 7160 18580 18336 11347 6298 15960 3915 1921 1415 19511 3298 3841 5329
5537 18104 2506 5520 10326 12218 17270 12918 14546 19909 2083 12126 16123 8166 13553 10566 3167 1774 13156 13106 14210 9096 5700 15297 1194 15082
4052 7496 4738 17974 17414 2009 3734 2287 18407 5505 14218 19033 18692 9394 18889 19379 14476 6002 4942 5023 1148 7592 14516 15291 11845 4819
14542 7795 5134 12121 14373 10136 13852 7113 19597 4427 544 8236 730 15134 6624 7926 5001 17034 3879 7748 5013 1378 9479 10176 5946 9443
9709 7533 13538 18252 11745 15545 19994 6244 9697 19780 3596 11438 12720 8465 11491 14283 5052 12060 11780 9206 15959 11686 17976 17053 8605 17759
7875 7086 10115 6695 2367 4832 2174 19946 2083 1578 3038 16258 4307 12274 10725 15271 3437 8975 17672 14551 8277 6679 16209 3634 3658 17498
12085 4174 10537 2197 12147 5459 14713 763 18425 8655 6639 373 9426 2558 6229 17520 10379 1669 11213 3343 17424 13323 878 12073 9018 11348
5157 11495 3766 9946 488 4267 15074 18291 17051 3749 14512 17685 18342 9531 8123 18055 8286 15175 3009 2272 7892 13372 13566 13087 16984 8942
4257 2861 15382 8908 4609 7023 9508 16412 4539 13479 13446 1164 5990 8728 4642 3575 19054 12063 10147 11199 17541 17366 16574 9503 8692 11023
16702 13447 5522 9441 10562 8176 9327 1740 17303 18775 10232 15030 7714 15088 18917 582 10812 16764 10132 149 11561 7499 1374 14020 11968 16918
5585 4384 10715 8400 968 15865 9862 9546 8267 5604 2099 9263 7459 14218 12822 6184 8113 6313 17507 6037 18475 13321 7204 2673 11474 12499
18584 4126 8119 4715 12655 17236 9534 15875 775 7958 18487 19621 10799 2174 263 7879 6129 14406 18541 10393 6528 9187 14564 5055 17319 11302
10088 6814 113 12863 2874 10281 3386 6990 13641 4481 18021 16900 14284 11733 19950 13948 10816 3626 9848 8350 16859 5401 19564 3671 9090 8629
12950 208 2870 10060 8711 10450 7501 3281 13146 15017 6099 15856 18571 2704 15889 14635 5635 9811 7178 5220 937 3435 514 4925 16700 18917
869 10047 4139 16402 12474 1479 8646 18884 17019 19169 15929 843 13310 10232 16858 19139 6128 18294 6643 12609 17642 16267 5182 16956 1333 10985
10841 9669 11402 16799 8661 12707 17633 4757 3921 7025 12704 18174 12027 10945 3496 14468 5755 13681 11330 1798 14618 16213 7497 1060 13942 8262
12317 950 19007 2730 12624 3238 4015 18223 16504 3847 7378 16588 964 9489 11127 16838 122 19783 14722 16245 2228 17996 5431 12832 16424 344
9699 3576 8337 3705 11421 18418 139 18913 9285 15529 17052 14541 3100 17898 12401 5519 4821 8167 16481 14322 7869 7998 6871 8996 5461 12465
14579 13178 13996 18651 14432 2699 8542 12370 13557 7340 8057 8368 17413 15873 10754 8068 14705 14153 13191 11082 2015 11316 18692 11184 5128 1158
11247 12203 10163 384 16331 15529 155 9247 6672 11061 14838 19959 1739 17987 10559 4220 9301 12907 5145 14978 18385 10851 15995 6304 5425 1354
13317 7182 14895 15437 3529 4187 6513 19342 14156 4198 19731 11301 18224 9090 6906 1508 681 2401 14447 9602 16115 7879 4118 5298 4995 1
12992 591 15747 4613 8687 14470 15411 17429 12719 10578 6279 3814 15633 19846 10393 17465 9413 1102 17103 11198 8517 11758 13437 18220 16146 6408
3713 13071 1468 8445 6328 14795 18902 1512 10541 15810 1016 14681 8870 9346 1731 19263 19729 17519 11831 5302 11774 4159 15762 1075 14651 6771
10905 4892 16587 14379 19779 13965 10742 6230 12808 17370 14995 13496 847 10337 4829 11154 15737 12720 16181 15065 17185 746 2467 12661 4818 13506
11240 14860 18491 5962 5060 11385 1698 3175 373 16100 6888 11796 4766 17720 2523 8977 8251 11997 18795 225 15700 154 17579 1504 8342 2524
17608 6152 11435 4613 6875 9410 16813 7899 12141 15332 11217 5010 13720 12947 6933 9509 10557 7649 10657 19174 4592 16191 10405 18090 15417 11548
6945 13739 4707 17314 16287 13765 2496 15585 9057 8065 17603 10850 19667 8766 16778 6349 16640 17688 16549 3841 11034 11038 2679 16935 1135 1097
15313 17218 1927 14427 19893 19490 2681 19688 4467 5622 12877 15393 18880 18181 3741 13409 7403 16377 5327 10638 2636 588 11103 4370 15196 9349
9538 3507 12425 3285 6159 11457 12936 6023 5084 12684 1351 17341 4771 403 19277 14788 4332 1882 17921 10121 18639 7791 5865 3417 1300 364
6918 6200 5786 8638 17752 5240 3898 2757 6302 16008 10338 19148 15808 18530 13152 8488 18812 18345 7324 5540 12688 6352 3997 19668 9904 6529
12592 366 15019 19403 10275 14160 12506 18522 4990 19562 3999 4825 17208 6113 18897 9820 14448 215 12967 3332 5653 13740 7635 6892 13061 8791
18342 2864 4184 17630 19976 11549 17424 18597 15576 200 14513 2203 16701 5408 11504 3600 15500 10899 5234 13704 9990 14456 15991 17531 3687 3829
12189 530 8272 11452 9682 18030 13295 7809 10725 4994 3434 18703 12929 849 3983 5817 7049 7385 11126 11489 12803 3837 5402 16954 12730 8883
19526 19281 16177 11552 17359 17587 2178 14365 8429 13641 8411 2142 9248 7390 6558 2509 389 11174 15830 9276 18931 5951 2695 4169 1464 665
18199 5327 11126 18845 710 5594 427 16227 11921 8372 18882 4075 15638 11117 12774 7911 16815 2524 9503 8790 14523 14724 1822 1735 17438 18245
2843 5680 7891 9854 14142 2688 19426 16989 17942 6971 15416 14942 13927 17499 2951 7857 15213 13882 17579 7259 8637 18479 11716 15154 1244 280
7814 19207 17743 17718 19039 15444 4683 15003 856 5425 14896 4250 4897 4886 13488 7053 11180 9274 19612 2826 9599 15536 3484 17042 17202 19314
6938 15739 911 4877 8640 10889 14012 8737 4528 13007 2485 4442 16741 18090 4990 4501 3523 3046 2018 3169 11114 18217 11806 1690 16943 7520
13524 9592 15752 1678 4277 695 4968 11850 9286 9219 11756 3882 4338 3587 11165 7496 9346 9861 12495 12632 1168 12186 2391 10124 4574 13115
11485 5799 13670 4347 8569 3402 1125 7397 2088 3842 713 10267 18517 5702 11944 8246 3753 2419 5519 9439 7131 8522 922 13242 9207 8237
5151 8653 2050 1665 10478 10621 13759 3319 6836 5319 12700 13423 17186 1866 2715 4826 3717 12979 12544 8604 6972 18592 12698 19124 18476 19839
290 19068 1313 10437 13614 11608 14018 12765 6700 7855 5656 5955 4542 10888 4187 9552 17022 11983 12121 6274 9867 9930 8696 18254 11208 1826
11024 7717 2249 8235 1106 4586 17588 9121 10500 1206 179 8549 10383 921 8383 16837 5251 2930 11248 6541 15139 6718 19589 13629 16556 554
13222 1097 16814 3656 12053 12035 8879 13913 10500 1300 2422 7164 320 14712 18544 18156 6582 17998 1344 10437 16220 14733 19181 4152 13409 19787
1511 1160 2148 13925 12577 8079 17663 12319 12916 8127 552 12240 16957 519 9403 7509 4545 19702 2366 8164 4685 10452 16836 5267 3388 6284
451 3820 12074 2820 16165 9792 8148 14410 6478 19804 6536 6601 10709 9944 17665 10385 4572 19169 9239 10161 6100 14448 7006 19212 2984 19617
3236 17900 292 6027 17945 3136 2880 18304 16170 19219 9338 8151 5046 2825 7834 18758 9840 3064 7363 6220 12995 6920 14119 8336 654 18756
12344 14914 14535 11305 8987 19619 480 12034 19106 13620 17280 15564 12947 7365 8875 7908 10334 7371 19564 10280 6232 1009 5138 14544 6133 7664
6955 16800 17990 18870 17810 13164 18043 18631 10262 19343 12059 8724 4743 10517 11504 4427 18247 7747 6640 18766 10985 18309 8070 9907 1691 14945
15564 18528 4857 1552 5686 7548 4796 13407 643 2144 7940 11713 476 17816 7887 3926 6085 9737 5689 17307 15749 4491 11464 16121 12961 15902
5103 938 17306 12255 4486 12289 15920 6333 6429 8012 14462 14516 14304 16765 12616 17051 6622 8776 9377 3044 4765 1149 3081 18468 4968 420
8137 5731 381 2007 16353 12227 4937 6585 1248 9362 3215 18605 12819 13970 1492 9353 3161 1316 5314 6338 5970 13612 6639 1645 2601 6344
8461 16334 17897 15913 4649 14579 15390 692 4847 4058 2519 16677 13060 1843 5033 15813 13543 16474 3472 11991 15360 8914 16755 15758 18049 9311
511 17674 4873 12071 4090 492 9554 6016 14013 3200 7618 7252 12042 16526 11161 4595 10128 19061 11073 19325 17718 5048 4824 3427 16771 18559
6049 7948 1007 12795 12265 15612 15963 7453 2573 11764 15248 13880 14324 11350 6623 6913 17636 18058 10884 11430 13372 7704 11899 567 876 14585
6949 11032 17911 456 19878 10107 19057 7427 12950 4960 3715 2007 4806 2167 17832 5875 9935 16332 14291 1490 13288 3580 1308 7196 1808 3119
3153 18871 1955 19153 19742 5364 547 2433 4564 10350 16002 17436 17817 257 4029 16992 10228 17680 14929 8541 13927 19698 12137 16361 12722 7385
9750 6909 4033 12097 4869 15601 12880 17278 17774 13633 1154 9275 18695 458 19895 13050 16902 2015 13296 15352 13130 12923 19672 1399 3941 19581
10634 11292 15387 3442 1231 1270 2705 9177 2062 1520 4550 11871 13194 1336 10195 13257 15569 2928 13547 12411 4657 13940 15609 13865 223 17397
13902 9220 5318 583 17988 16326 8445 2602 9738 3370 15504 18279 7717 4627 1777 15553 16734 12385 2091 9658 7681 16535 19474 767 7809 2449
1451 4387 14184 9741 4357 16511 15108 10564 5972 14574 14092 14038 1289 4205 13034 168 875 12961 3294 18903 19392 15047 106 9162 5355 17614
17990 11121 2758 6052 565 15941 13452 6003 13846 12781 13879 19330 10862 5270 6892 8017 19483 18500 6923 1100 1738 8440 19632 17690 1588 4840
18515 6021 246 13580 2371 7276 18636 13830 16563 11288 17807 18523 793 11432 9970 3376 5806 14321 2359 4810 18296 5657 4933 2819 1393 4170
9080 8658 11577 14541 10896 6270 4294 17826 12724 11086 17451 6412 5648 7795 1831 11360 16825 18253 2015 11836 16315 11825 1524 19018 9490 1876
3799 18880 11737 15081 3361 11163 18185 11254 1033 1946 10384 5856 6781 13268 3008 7162 8544 19967 17744 5105 5487 4070 5962 6374 7134 6890
12180 11831 9845 10094 14559 9703 14644 10872 6889 4934 10637 11686 7333 811 4048 13632 15041 12790 406 12327 19298 3133 10406 6345 11569 15219
14758 8278 13935 7152 17345 4945 6630 8418 9296 4342 16877 13270 1010 7836 10025 5568 3736 262 10812 19062 7920 16574 9285 2822 12803 13285
15926 12207 17600 1447 6083 16231 17247 7828 2468 13212 8739 7863 8076 13573 18003 17049 12509 3408 19370 11227 11667 8822 10454 14082 5393 3265
1870 13729 11023 5858 19263 10416 11360 13928 16272 17373 17517 9817 9727 13619 10185 1393 16302 4653 19229 7589 6060 147 16293 15185 15996 18841
7588 2191 3090 10207 12673 8862 8306 2889 2176 12878 2724 5772 12137 10234 2247 15468 2884 17728 1316 9962 15459 9953 3568 14028 7607 17582
1853 16063 7190 14939 1056 7813 2370 16405 16998 18801 16108 17732 16783 9894 433 15224 1302 10126 3446 1893 9932 4372 103 4943 14782 14512
8368 1167 2304 19305 12632 19175 12016 1349 13149 8597 17926 19952 19762 14422 6493 7444 11077 18982 1906 3043 1097 17641 15796 13314 11584 5729
1221 12415 7705 2960 5483 12011 17672 18453 5234 13878 11429 12638 12526 9088 6346 14067 2453 2558 4115 10733 4111 5532 10358 6900 18054 484
4184 19398 14342 7140 14621 3989 9518 1705 5202 10641 1398 6394 9708 1495 14183 128 5190 19148 6470 15779 6667 10585 18012 7877 812 4074
10971 16841 4120 8343 229 15743 1125 18154 13150 17394 14615 11416 10968 17641 14552 14319 4632 4662 12454 19927 10206 4333 4521 8738 9628 2613
13795 9541 9261 10533 15164 17933 14661 16706 185 1503 15777 12057 11270 12552 12676 620 16887 1725 6318 13678 1416 12653 14285 15088 17850 15276
8677 18383 17541 12148 322 17574 17008 17765 13330 14235 9892 19035 9288 5866 14450 18769 7891 12786 3034 9446 3243 4415 8724 10679 19316 10648
6098 3130 16839 1895 8770 17176 426 2079 14174 17602 3499 11561 19153 14819 11543 464 17523 10758 2664 17329 9280 18899 9742 19446 16526 7289
17580 6786 18137 1115 14664 19134 16280 9687 947 16785 19132 13539 736 10873 13525 12958 3681 2393 13270 1745 5287 5732 16811 17288 18510 19516
17364 6109 8002 7354 18463 1387 19727 1075 7866 7379 17922 707 5756 859 9711 2021 12023 14625 14453 17979 7714 17954 19537 3802 19336 8785
19445 16717 101 2066 426 9454 6830 16485 19247 12074 11428 4472 10866 19595 12959 18204 16586 19651 15059 7008 744 11516 3037 16422 9655 8081
15523 15828 15150 19441 4071 11466 6589 6560 9539 6160 19919 15714 13842 7737 18349 14098 7333 14581 3471 8858 10081 17690 19063 6368 15189 6625
2189 5230 2622 8920 12567 19548 1122 4690 9435 14401 7594 11182 1454 12431 5614 6641 796 19698 17114 11920 11641 17883 10790 10517 3178 6054
18109 12433 7889 1017 8419 3647 6260 1241 12877 16420 13866 19025 10760 6474 14300 4149 16226 2388 10065 12891 6215 13120 14858 4236 19764 5375
18324 18287 3559 1174 3978 8376 13384 6125 3774 17455 9331 19808 8406 6416 8989 7718 14183 18576 3485 6143 11650 12673 3354 17234 7358 17640
14975 5683 7126 18862 11102 12680 16916 2190 18858 11379 17644 8381 6670 7302 2284 10206 18982 17327 11502 9401 8099 15354 5013 11031 3489 13360
2551 13826 4201 7045 14458 18268 12196 16715 2470 302 8443 15594 3616 3994 3127 13409 144 10076 5391 10455 3219 19635 16380 14318 5658 4057
12559 3456 17971 9502 8251 6348 10916 11955 16721 4513 12817 3397 14051 13572 19824 18938 19477 3580 1061 13926 4461 15084 12104 14359 4741 9959
12254 13593 3144 9342 14188 4985 13669 17338 4890 14674 2088 12815 14328 6293 1857 18986 16869 14061 16975 13608 19363 11452 17636 12554 3765 2780
10464 19305 6929 17795 15022 18680 16681 7071 14921 10096 9150 16695 10606 15036 7230 7948 11659 14772 14716 11439 2136 17190 12082 1261 10837 9799
14394 14478 4458 16564 10815 15266 9622 5579 17438 4393 9968 17922 12034 11695 6210 3630 10164 2305 11941 19152 2256 19463 4222 5148 15990 13066
19725 1403 18020 18295 7083 19227 196 1482 7494 14935 578 19782 2 13767 19069 19924 8773 435 16198 14400 17902 17171 6031 7824 9270 1501
998 886 4935 5249 6737 1834 113 9141 14611 10031 7737 9041 1645 14318 4354 1622 6942 13781 609 4715 16302 11028 3556 19963 16762 6904
12622 5895 12639 14162 11523 14397 18314 1993 770 8176 2973 1741 15021 17053 13990 16867 12680 15961 1665 5410 6697 8253 7730 8067 315 14617
541 518 16390 6630 5065 17715 666 5744 19204 393 6176 17745 18267 5688 11536 11726 19490 1802 12288 17899 9545 16716 10142 17307 18579 2652
13123 14222 2959 12401 19557 1018 12299 16883 1528 7145 14268 8386 2219 8322 995 15200 6654 19295 2056 11227 5236 7984 3837 1322 16388 14082
10564 6422 18773 10240 18445 9213 16596 16474 14868 11222 12380 1944 10628 2844 17110 1606 567 6755 1537 1779 471 16858 15879 6833 6942 17747
3987 12278 5533 10852 549 7560 16326 17516 16633 12652 18950 1494 19495 14021 571 18445 14495 12932 457 17736 15648 3185 3288 960 13821 9573
15573 16516 11341 19388 15211 2800 8375 16761 15940 5404 8677 2676 17478 4184 5557 7307 8639 8184 8752 6049 6318 1135 3795 13889 8370 18463
4489 1034 9745 4349 9828 1839 12018 11746 2383 2525 11550 6858 3713 17246 16184 15540 12475 10032 11148 16487 8958 19909 1190 6139 17540 3493
6610 3778 17038 16967 9850 3460 17905 13721 3369 12597 8281 11667 16019 16216 4381 953 19934 5224 7697 11992 7149 703 7150 14498 8033 18753
14359 14821 10821 16367 11957 18118 1634 3721 2280 7359 11178 17163 14782 5928 1900 15122 1106 2976 11788 5277 557 12987 619 15456 6468 8459
17765 10465 17364 5107 1000 9472 4238 490 3055 3293 17019 5519 2038 16025 2896 6186 6030 5729 17749 18276 14723 11594 10385 14945 12177 3495
2480 3915 18935 2233 11510 590 17888 5572 18801 14745 14380 19975 5907 12496 5177 14877 17669 4809 3584 11414 4424 9099 11767 5965 14207 11049
2583 67 4956 14221 4274 2574 17624 16540 7498 7456 4245 10117 4647 9523 734 9484 11892 565 3757 3195 13645 10750 12299 15837 8023 2653
9 14778 12436 13621 8418 16748 17605 2965 7823 16672 314 12432 5881 5852 16772 52 2944 7123 8293 3173 5496 11514 2106 10325 13142 8265
11091 16215 2257 2835 5364 9808 4947 14499 2625 2293 6350 18058 7269 20 1406 348 19259 17220 13390 13136 5997 16301 4353 917 10097 14563
469 14467 13171 19759 13681 2821 3060 12855 13820 686 7557 6073 719 11003 49 19996 9682 4347 1951 13030 16621 17593 11444 11334 8268 202
8129 4989 3308 12777 8337 9186 1208 19019 6253 16394 4121 16934 3404 6745 9942 13725 15459 18920 6383 331 10947 1714 19380 14851 6367 18752
11000 4782 5350 11842 5581 18421 16283 1905 4248 12112 18168 1062 1660 10491 3114 16390 6405 13061 17122 17494 8706 15384 11648 15313 16108 5074
6781 12184 14819 14583 7815 18468 571 15291 16564 15651 7085 10236 102 6397 17021 2119 19329 14685 5712 17169 15333 3707 16242 11161 953 10478
15209 3804 16129 10215 5323 12512 4633 6311 18430 11953 3331 6356 8056 14686 10916 862 15873 6439 18724 5851 2551 18018 4264 11074 16498 2630
12464 19905 18262 11899 13134 1096 16630 8684 17421 16927 19851 10451 15674 2070 8824 11824 11346 12853 9512 2056 7624 19469 17060 9460 18714 12421
14803 2571 11168 15528 6154 4998 17468 3310 11492 2223 6135 19579 18407 12156 13241 19520 11366 3144 17956 11010 13100 7840 4860 14949 3403 8816
13198 2837 15054 2131 17355 5200 14027 14810 13525 8382 17895 13602 16267 11735 8546 17267 1830 2198 9498 12657 3561 11954 11481 3448 14691 4380
1529 16672 14767 15308 5243 5340 17376 19001 1334 10792 7199 13465 9898 12229 5944 1169 8008 13730 4352 76 3378 2916 11648 17654 3971 18549
7993 8576 11118 18137 1744 9288 3167 10296 6445 6376 196 8151 9915 8352 18866 15410 18296 11009 8612 15594 18955 18264 4199 17307 18243 7366
11755 1101 9841 10067 9653 11392 17510 11584 11255 13088 16571 18709 4471 4967 19001 12533 12172 11689 15551 48 13981 5933 12573 13656 17174 15077
19729 11487 5514 5274 18319 16817 17107 17801 9099 10008 10271 19250 12907 3459 8807 17595 9327 7773 14408 1293 7463 11514 11913 13042 13307 7365
15275 19461 17016 11485 4641 15632 8667 1226 14944 12127 11973 7132 7594 14546 19479 3697 17157 19653 19821 4800 17543 9898 16748 3208 17383 19123
19528 12008 8897 1998 11353 18402 13838 13114 14395 8567 16382 5628 15378 7210 5819 15826 2353 17580 6983 5011 19260 16405 5238 8104 1039 6727
9501 2919 15990 8562 18855 12554 6619 2064 16514 10070 2588 9226 19762 797 11232 7293 11633 17418 2529 10524 18889 12735 5967 18379 9208 8114
4526 7827 18197 2791 11344 6179 10448 1575 3326 10527 7189 19968 13474 14804 2935 15000 16252 10384 18842 15536 19374 3399 16324 9442 1403 14544
17260 13706 6360 1927 20 19548 3508 16690 11297 10644 9085 16171 6974 19916 5928 18726 183 3490 10600 16131 22 17403 14109 6088 15930 10637
8615 2809 1892 4398 14037 3950 7047 7235 17784 12391 2698 14054 10587 11510 6573 6037 5636 6876 3701 7786 19294 3802 12697 17907 15941 13962
7768 12904 16146 9440 6428 17507 5265 1641 9388 4224 2120 5968 13950 16978 10630 16927 15563 9270 4830 12805 17377 17694 8597 4107 403 17825
16321 4489 4083 13606 1272 9113 11234 12879 10184 3736 2294 16989 8798 17707 7962 3763 13950 18017 15522 7218 8412 9497 10789 7269 19374 5895
7535 7851 3452 1292 8077 17969 6811 7970 16037 6122 1950 14346 14008 17629 15591 5590 15207 15668 6473 19695 1164 15444 11351 7012 2996 8294
10250 13220 15299 14870 13371 14431 8908 4491 6638 3337 7212 10214 8250 10017 5684 4009 2902 8801 12298 3693 12123 9922 17874 15047 6406 19225
6470 12620 9171 3075 1057 4343 402 2542 2324 12335 11546 12983 19876 18137 5705 6365 2465 13616 13580 2433 9057 12749 6288 4625 10459 10251
11324 5317 11458 15382 6144 3712 7334 69 5755 8495 9553 5160 1461 16592 14966 18485 15811 7143 351 14289 18059 5746 5029 10385 7436 15794
18670 13459 13689 16386 15877 16455 5160 428 5404 17424 4354 10009 6728 19486 10258 15713 11394 12100 14419 7015 12853 10409 174 10410 10014 4262
14511 9091 14456 8314 12453 5723 17747 5999 298 16120 18211 7420 10792 5911 5557 11816 19670 3665 18038 9029 16810 15865 18612 5330 6651 16285
12515 8459 17085 4200 11907 1782 11931 5102 1322 8686 2864 2989 9991 1508 9306 10852 17599 14650 10121 3606 18978 8485 16650 5090 12605 15431
5111 579 13813 10430 400 3862 12752 17341 17249 17852 8642 6849 5321 11060 19909 2149 14635 8276 10916 13682 7031 15485 8865 16597 17803 16870
15633 3736 8082 6655 18414 12304 152 10469 6212 17290 5124 13410 11928 15053 14171 12312 9938 19925 11373 15423 14059 18726 965 1125 3105 17376
113 9593 1321 9548 14791 248 16328 15386 10136 4729 15217 11148 2710 7927 15110 13951 15238 5698 16816 17526 15026 2514 7899 2430 4222 14872
19386 4375 18195 11052 18936 19711 13105 1365 17252 4783 5192 13642 15105 2867 3701 14361 5382 19678 7468 11352 7608 18361 15952 15231 19898 13323
15380 6406 40 18670 16571 4013 19004 14704 9325 10796 13095 8591 16397 2060 12943 13080 19027 7324 12435 7419 15848 5073 19969 6960 9508 12403
5638 16042 12888 346 4264 13643 13708 8461 17327 12892 517 16132 9504 11031 1332 8389 15876 7612 16029 14297 2101 15227 18495 9138 17334 10888
3875 11946 14157 12188 11646 5725 6054 11052 9317 18414 5686 7402 12696 18635 7892 18978 17529 5760 4035 13526 12392 2611 18545 19026 15678 4840
8663 5034 17420 8616 12926 7928 2410 11783 14232 4779 10556 3572 2638 7826 14630 6292 15533 5696 8634 3409 13623 14361 15224 14483 931 10293
12830 15458 13877 3026 7323 267 5624 12742 7317 13293 8492 5607 2415 19872 18527 175 17021 5354 13547 13749 15035 14678 11984 9170 10829 5014
2456 9788 9493 15908 13189 4531 3199 14600 3891 19308 2085 3284 4409 10779 5054 3496 13675 14828 4763 9009 15739 2842 19028 10004 5947 17615
11704 14910 14068 3028 14807 16273 6937 10255 10552 9440 2503 9781 19381 94 5024 2571 5988 11320 261 12301 1062 18461 6835 11446 13866 6831
5300 1719 18960 16769 17041 18736 11378 9289 9945 16723 5529 2885 1305 11818 10965 15455 10500 19689 18419 8307 10548 7674 19766 16291 8882 16775
7407 15527 415 1418 16844 9425 7396 744 14776 6426 13551 7410 8898 5692 9714 11421 12152 10982 18895 17604 19722 4518 6154 12066 19377 17969
14325 4650 13705 14052 17561 3496 12296 12081 1236 12760 7685 913 16563 15692 17291 2675 11707 13856 1898 17746 15521 8089 8909 19712 2669 19780
9560 12325 2994 2483 6380 1957 4891 13894 16732 8817 5000 1723 18552 2432 12688 15990 2228 13350 5305 18799 15218 15423 18000 9968 12176 14565
3059 2439 4733 7754 1717 3407 10018 2269 4624 17799 5691 14353 4450 7378 14546 5914 17171 5424 1409 8592 16648 17055 19887 16915 3298 11661
6254 17676 1082 13895 9311 3829 1870 2866 13497 7760 661 15274 358 2528 2445 13309 19632 5941 10404 13749 300 10955 4204 12691 13354 1708
16312 6237 4127 10811 8502 526 3940 6257 14238 8525 5439 16893 19965 13227 16059 11081 8783 16903 10418 5262 1471 6262 2264 15836 6806 15194
5615 3484 14953 5108 4957 19267 19819 4306 19948 643 3122 488 19595 19394 18448 17688 17100 16972 13947 15586 15322 19669 6488 9181 10031 11352
10170 7861 7758 19997 5638 2086 8620 17793 7257 1196 7639 2116 6960 15834 4517 6119 6045 11230 16875 6533 260 19990 5616 15722 4520 19254
13275 3207 16263 6732 1083 17873 18704 18225 18138 836 1900 11753 11885 6803 5784 6123 9248 12 2065 8089 8287 6509 1917 11143 5451 16778
14662 14867 18091 6800 13039 5394 17019 12374 6533 268 9316 17324 10702 16096 16114 12320 17664 5482 11837 9399 4112 5052 14765 16183 16668 2694
13418 19113 14905 7778 9470 15120 1632 19785 15207 8363 1641 5715 18268 3812 9321 5224 11139 13459 9930 9506 5116 2912 14634 9515 12883 18086
9827 5295 19661 13002 9945 13193 14609 5959 4387 14378 16039 1623 17985 9173 8708 16859 19713 19796 8284 18204 8468 1164 7323 7124 2624 2200
16204 6915 5497 12502 16165 16637 11018 8656 19321 6527 7400 11033 19679 13565 1868 5901 9625 849 13396 7399 928 7440 2436 623 11795 1789
3945 18784 14295 9014 3197 1337 283 12675 12493 9930 1120 16862 6833 9696 15156 5362 10638 11364 17268 13912 7506 4237 77 13257 14245 3423
12820 19323 18593 4089 4271 3959 9436 17950 3215 1838 19978 17038 5235 2569 8585 8675 6504 1065 15982 8035 11051 18011 19625 12231 12877 6131
11000 7527 15749 8449 4517 11631 16716 9477 11619 2743 14449 19812 3421 3743 18363 3779 5788 4371 8404 18750 5398 4436 14243 10779 5693 7381
1844 9732 410 14061 8344 13023 557 356 5132 621 11973 16528 8914 6933 8296 7470 17180 10218 769 4128 19910 16646 15503 4164 17387 17332
15079 1757 16806 5994 14827 16041 10207 13790 15316 18871 13897 15508 8577 13679 14918 10075 19079 18599 15163 3144 18073 16727 11686 14915 9359 11622
18376 9563 16858 2329 9741 7190 7266 12291 18503 3411 17612 7823 4515 15375 9591 12717 1210 14171 7290 11309 4132 1689 9608 18925 15274 1026
15137 5665 5044 2132 2913 4433 18515 12487 9024 9518 12154 6210 11803 10841 12990 3548 9367 10825 6918 11871 17035 9074 466 19818 3385 14099
18058 15371 5390 4081 5086 2853 2853 10072 17873 7149 13688 10685 12987 8184 18878 3010 2476 7669 17758 7105 13745 9885 15657 18778 13186 17978
19526 8762 17590 8647 2234 3673 17339 17241 6672 10097 15501 15875 7191 3471 13505 7142 18292 2209 10108 10697 19804 4457 13326 8969 18173 6852
4872 926 10309 6604 17199 15642 11976 5775 3094 15943 6397 1442 9270 11167 11255 4899 10921 7007 10861 13776 18318 1485 11760 1705 18836 19990
19083 2826 16126 7067 18207 10119 10965 9265 10630 7144 2416 18627 10045 11082 14699 13146 11288 1282 8190 495 10354 16597 6824 5249 722 19311
15342 8619 9796 18625 18275 14037 16138 13343 14128 12161 17193 3901 18578 715 11566 13840 2170 15144 2306 5354 4792 4615 5883 10821 7617 18156
19043 15026 17987 12884 19514 9114 3966 12527 7513 16939 59 1602 10889 5106 14420 2088 7378 3009 18101 9242 14687 17847 16036 15513 5988 3187
9336 1485 11665 13386 4097 1736 9375 17570 1769 19629 19618 2879 2082 5276 13532 11632 14832 14528 375 16532 5449 3334 11952 2827 19955 18221
17903 890 7439 16901 18069 3546 19663 10891 18644 17622 16517 12635 5063 7958 1761 19210 13549 7208 6925 15586 14249 9455 19928 18630 11282 9158
155 3515 18748 19140 10028 16419 2821 6505 4015 1128 1751 12433 19285 9916 2909 18568 17066 2190 8639 6617 10175 752 1491 12516 8168 12778
3358 4214 11333 2856 9002 626 14957 3047 5852 3480 4941 14919 946 3633 16319 1791 13564 4068 16244 11594 7390 1256 2975 5129 18337 18464
6963 16237 12277 15146 8896 14958 14654 11552 16801 11019 8146 3763 19987 18346 16679 15053 5792 12448 5453 11423 19383 2611 15076 7669 4706 3123
47 14477 7760 1338 10884 12104 11242 13025 10130 1689 1485 15022 18526 296 18854 2857 14259 16868 3810 3799 15866 15538 11814 12712 16007 16119
9207 731 6482 10279 4342 7339 4520 9199 13051 12499 16072 13351 14199 10080 12018 18560 18877 3598 1664 3836 19053 8109 15384 15581 11258 14266
19792 14617 5387 17708 5286 3249 14278 10247 13212 4904 12959 3911 5218 19622 9254 2887 11003 5554 4703 13432 11707 4996 9339 6086 784 6240
8383 18606 3797 14085 3157 10475 7431 12545 13311 2721 19646 13552 8652 6667 5923 19627 11238 568 1951 10736 13821 18241 17358 11649 4961 9377
14557 1065 6708 12634 10828 14095 15728 9718 1207 8397 13458 9436 17016 10226 19427 734 17125 14844 11643 17313 9359 16377 19196 4252 7985 14986
15658 60 641 10864 9731 12791 16522 11256 6424 17662 12431 9434 16317 19945 19151 12853 18998 9886 4104 16206 5278 11844 1889 16885 12669 11517
7010 14317 3817 1254 7654 3593 923 7817 15115 11091 3570 8536 14392 11194 5702 14774 11170 8719 6430 943 13027 2705 14902 10457 14263 447
13416 6389 4170 6508 1607 11448 10965 3731 766 4027 11696 10632 14967 27 14905 4532 15799 18028 3281 9939 10184 7302 16329 16097 8414 4380
9256 14613 9515 4217 5121 10280 3491 8830 17927 15764 10294 5402 15553 1079 12832 10196 5464 17344 9408 5543 16286 10671 10698 15169 19420 7127
12255 5241 19517 2962 5017 6112 1745 12503 18124 16818 16075 6116 2948 4835 7130 15594 4533 2932 14734 8707 1235 7213 16485 3567 2660 13536
8308 2367 7040 5513 4930 5303 8942 15008 17980 9086 12141 8167 15296 7915 380 12050 11394 2973 8475 6279 14888 7531 12722 15862 3747 12284
13253 14143 16200 3600 10152 6058 15893 17380 10660 1398 6160 7596 8277 3593 14484 523 8856 6763 19531 4025 7287 11573 14885 10874 6285 8670
11844 1790 707 11578 16766 6682 15932 6274 1511 18878 19391 15101 14229 1034 11574 14161 4901 8200 5262 16779 7069 7696 1493 5150 17680 704
10246 18450 18324 18698 18497 14992 2436 176 15532 16464 17388 14921 16662 6555 15140 12076 10519 17427 19244 10028 7010 15413 15168 10151 9557 1255
476 3832 3612 17958 15960 8840 12830 13212 8117 2865 18899 5027 7549 160 7583 8583 3882 18486 15165 5311 3191 10921 12623 16483 4376 1620
18937 15447 1704 1000 13306 10397 8884 17930 14834 19086 19632 11692 6460 4008 6185 14804 4816 1198 10988 1574 3771 461 8680 12644 2935 1119
6891 2640 4679 5244 619 10976 18313 12775 17078 9338 19160 18772 12207 9555 15436 13362 8391 5050 11823 16380 4595 9056 4169 12990 13667 248
2447 10221 15812 6684 10486 15393 13551 485 9195 19718 5356 11657 6638 1666 5872 15498 17351 9420 4304 4940 11870 17093 19704 10961 18051 3415
11586 18045 10965 10384 5786 1558 16136 18347 9651 18530 10430 19454 15079 10692 12409 12280 2262 19708 3132 9974 7148 7476 7562 4182 13228 5127
6804 1875 1338 11746 4424 4305 8927 6885 3006 11136 8781 12034 9597 8316 14300 4315 10931 13197 3474 9912 5041 5670 19472 10280 13801 13360
2502 16292 5567 736 600 14134 11627 17653 5618 5551 12949 3449 14164 9385 8849 8768 528 12519 18366 6305 4423 15391 10676 10269 16599 13546
12481 13625 10821 18796 17093 2897 15651 906 12560 17738 11154 19335 17815 17640 7278 5451 792 17997 9188 13486 10242 14598 17883 17652 2944 4003
6606 15456 13266 7860 18012 13044 14797 4442 1797 10612 1230 137 5838 9338 17450 8541 11700 1837 15067 1216 5283 8571 18821 12458 12414 15855
12199 16428 17766 11105 19717 7136 14338 3086 5825 2039 7877 19514 7213 4273 16557 3896 1835 18033 1211 10942 8251 2540 6838 8616 15861 10701
7185 19271 15890 16611 16878 4800 82 12900 9005 13736 8876 3395 7210 936 299 10736 17143 17401 351 10953 14869 16231 18480 10388 6583 8446
15201 5120 12597 15821 6019 12077 634 10185 7203 16959 15037 6646 9152 11650 7133 1643 7558 13239 15746 18576 16637 3845 11017 1934 2753 3023
15803 15581 11150 12062 19547 7700 17668 15605 12279 10695 7235 11410 8924 1660 7005 17601 14347 7172 1265 13543 16810 10839 2203 10848 17067 17820
15725 19179 9907 15112 1020 11566 5067 19801 17554 16825 15104 12441 2150 1514 9742 14732 14149 11547 2615 4004 19718 17234 2255 1450 13682 7109
5339 9395 1423 15624 14579 15965 3044 9815 17135 10781 641 10622 8691 16508 840 10260 19487 5474 10817 4896 10411 3274 19374 431 1385 17167
3080 7289 10263 9644 11908 1412 2078 19937 15092 8194 1092 10947 8268 11834 8102 8670 13872 7711 16044 3546 365 16858 19559 12791 8676 3305
18704 10604 15001 15920 4842 7148 14480 7133 13203 6967 6490 1229 15473 16275 4976 7736 10159 19929 1118 11893 2842 15032 11013 5197 3168 1666
3088 18258 6768 5052 17562 19759 13107 15648 16525 10119 12309 4253 7751 2693 6626 12635 7137 15809 5619 5380 16790 15430 17231 18281 7585 10710
2853 17184 4495 11757 4318 7816 2157 17787 11929 8330 17244 13973 2474 17469 13517 191 19266 7504 14139 9788 11829 8470 19111 9917 13125 19835
6433 7641 2498 19926 9229 3839 19612 16872 5377 9361 18414 12725 1006 14605 1076 15615 10296 3143 15603 9652 7604 1690 16159 2900 9111 505
8259 8390 5674 518 14559 16192 3319 17249 2839 6877 13704 12244 13017 3164 11263 11071 10020 18166 10053 16383 10565 6904 2162 2220 10330 6676
2161 9812 14161 5757 5921 1239 15952 4123 17580 12077 1383 18283 10217 17972 17164 12619 10013 9440 11808 17130 2273 6776 7022 9518 11480 14546
3294 4462 12228 4660 15223 1803 2491 12033 14095 306 5487 12133 6727 10011 16019 8822 2189 8372 18573 9299 17130 7152 3299 7853 19867 626
18987 19970 1493 15427 10106 16619 2232 19193 16449 5905 19777 2984 928 2496 5661 1893 19278 12696 14921 13938 4880 10154 9551 802 11058 9387
5594 1608 10692 13903 7628 7292 11467 16273 16702 15109 14801 14513 11160 2791 497 14832 1458 10673 4985 3072 5508 1439 10715 11353 18507 9385
7337 12693 856 364 6037 17191 12440 18358 12005 489 19700 12895 18439 17464 192 5416 9132 8424 14615 7167 7946 19987 13444 12531 15861 2674
5784 9132 3206 9941 9245 7923 2094 8929 1677 1636 10204 14401 18890 4852 13305 14528 456 9923 16480 14604 17342 8069 15021 19096 12609 18775
4881 15209 17349 10870 6351 8523 13945 157 9752 15347 4534 16817 7132 16266 17658 4907 10994 16301 4649 3937 15766 12219 14326 17670 4386 15795
8479 10956 16690 8852 5343 11509 19530 15152 2631 12105 8942 14056 9188 2102 19996 7919 14906 5023 9694 7909 19744 13848 13431 3637 18496 1054
3 654 7543 13466 4732 2340 10063 7661 11213 139 18734 8901 18301 14257 11562 7435 2377 1872 11660 1870 7207 5694 18190 10294 8542 17482
7944 19603 1003 5365 1886 19481 4907 13981 5564 19620 1748 7368 407 2622 14573 702 4141 17006 437 11080 11169 13932 18690 15433 16003 8498
11853 970 16806 19596 6768 10015 15543 16450 7912 19587 17889 6227 17136 17231 15927 14657 563 5942 10807 8985 16829 5798 1817 1734 10155 15507
19556 16613 8892 11447 16223 609 5545 19470 11080 16232 2462 18684 16366 1550 10704 4006 6154 10213 11509 9660 6648 19016 12786 12315 9731 10291
15197 8318 9277 19086 10896 18030 7777 1942 6284 14486 14881 944 8242 17407 2822 10316 16045 15735 17170 8666 19074 16742 11127 17934 5170 5167
684 17079 4280 19588 10908 4546 8880 16026 7475 5235 6508 4276 18177 4886 13654 4453 8161 3426 13679 11830 8279 15906 11065 19661 13352 5041
13489 12088 6455 9461 7549 11024 17782 63 18855 13926 3979 7897 3924 6820 11233 4451 3976 9472 17497 18547 14641 11988 1931 14757 1607 9467
6454 16329 1754 2050 11584 7425 12438 5267 7640 13417 19363 19387 10363 8179 13953 8349 13880 4036 3616 6227 4653 6268 12945 18738 8039 18533
17762 4335 18966 5185 737 16882 9418 3590 4460 18433 7700 3033 11356 13009 10604 17607 1863 15736 16811 8292 10259 5322 7038 6463 8620 6521
10775 349 15511 10271 19759 19945 3866 1043 13899 6866 5013 13883 19340 5484 18326 15691 4668 3233 5351 14691 3852 19197 4606 11060 4859 12563
16235 3998 18099 3903 9777 11884 15713 5998 4748 3017 19631 15536 19603 10333 11622 5164 423 6082 11632 8088 1328 8777 3108 12344 17801 13181
6662 3364 17471 18282 16666 12881 4195 5066 11523 1068 870 19321 18003 6558 9972 6308 16265 3025 13389 962 9239 14933 15317 17422 4163 16730
14567 15140 15894 11584 19819 13238 18040 1282 9277 516 14629 4167 6158 10669 8901 13702 9938 13454 18288 9326 6909 2090 15662 17656 18555 12445
15462 19041 19105 18907 7033 13220 15585 18526 6184 5767 12063 7557 7879 4185 4587 9487 11645 10683 3386 810 13059 7364 183 15359 13941 9664
4879 4150 4023 5825 17340 10975 15152 12686 6471 16967 10225 6454 2979 3192 632 18075 7191 3208 13150 2077 10602 14517 222 15325 19496 10282
