365
25 18 92 10 29 73 16 90 46 64 90 47 53 56 30 58 5 14 40 21 15 69 65 8 80 90
8103 12793 12661 2390 3776 1624 14300 10883 10742 1606 1529 10216 17635 13396 12614 7200 15685 8119 5158 12767 3235 10644 17061 11853 5788 11724
17453 17496 10586 7525 10915 6810 5118 3224 19970 627 15040 8391 14965 1242 9904 1655 9488 4681 11668 4578 12340 13465 4977 17438 4088 3611
5476 15793 2749 18130 6898 8280 6539 16383 4655 9324 9194 11050 19569 18052 8199 3604 17858 3014 17246 13412 6213 603 11450 12278 18470 2728
15275 13833 9647 15277 5778 4000 7479 17838 3161 9617 14191 2796 5717 5166 194 8521 981 14733 13362 8850 3233 8525 16385 13392 11211 7008
11568 14243 13446 9442 5711 19467 12634 10183 9691 2268 8112 19340 8535 258 5214 17610 12827 8672 1680 4387 14061 1285 15298 12359 8167 5626
19395 11292 5017 17317 4594 12383 4675 10753 146 6097 5467 11893 16619 3111 18220 13897 12128 6900 1271 19962 15753 1028 18150 8 4302 19304
665 10251 17431 16751 18995 3636 17875 7348 11694 5852 5415 19896 10626 4533 13688 13563 19197 13827 5521 7884 7375 300 8726 693 920 2530
17109 15118 10559 3518 3821 19044 8573 19135 4580 1852 3433 17256 4389 10560 18366 14380 8358 1411 14629 7904 9829 2148 10222 6873 3125 12313
2863 19013 2525 19106 2808 19941 19581 12513 5134 8058 18639 19463 16038 2188 159 17963 13119 1274 11287 16895 13065 12363 10293 16442 2007 6350
4181 15836 14870 1891 661 2225 15665 12176 2927 14054 17728 12952 13208 16126 3884 17843 3118 2233 6315 15162 11315 6510 11536 13845 4488 15298
9534 2825 16497 11212 6021 10072 17610 2496 11057 13801 3175 19426 14252 16278 846 15159 7944 11553 19257 18614 9481 7832 9584 5603 972 9096
7144 9686 8218 2942 9984 10252 16045 18054 8276 18913 52 18231 661 5219 4567 4893 8771 3302 8282 7709 9521 10806 14310 9871 2418 5740
5660 3202 5852 9508 2293 13166 15445 11239 7815 19490 6037 1861 12578 2318 16407 1104 7397 12620 15367 14153 10940 742 13754 1890 5617 3985
3100 18999 5642 15990 16851 14533 5025 19147 12358 9309 992 18938 15238 18960 10941 18853 3880 8974 14019 15672 17954 14365 19742 3288 19933 1830
4683 4202 15193 18813 2545 19231 13583 18153 1872 18116 491 18759 4379 1312 18029 12712 5042 7376 16060 10818 7611 18067 72 4695 6977 19895
9676 15045 10262 13380 10547 4148 381 10297 18074 16641 14994 16249 11209 9434 19492 12887 5303 11130 19827 18927 16094 17196 2053 6220 9275 4344
11920 9151 6047 17978 1109 11323 19564 2927 5837 13794 4891 8371 8298 12023 5635 5679 11386 2548 15895 1529 15060 1863 4001 19031 1093 17741
15823 3418 15686 5293 13002 9601 15675 809 842 19150 8627 6762 456 14051 10784 8001 2746 100 7338 1739 18782 15154 14178 10250 9083 9774
2732 16432 6576 12610 4387 9445 15289 6878 7261 3398 9683 3611 8208 14375 4590 10298 11592 14630 9916 11948 1714 6859 750 14987 18358 3910
4995 2644 13145 2781 16369 9711 2125 12675 15985 9170 16404 15898 9181 2538 9727 1821 9829 12603 13541 10360 12870 7934 6491 12061 6076 11645
16962 942 14486 7978 10896 5599 10476 9378 17339 7032 4405 6339 4466 10553 17076 9126 11273 12586 18876 12670 17203 18150 4676 11734 708 11499
9015 18461 7579 11612 382 11582 18948 14895 16676 5729 9972 14972 17924 17275 3555 2127 13492 17674 19865 9531 18549 10760 17076 3181 1214 8425
5105 18167 603 19427 482 6990 17901 10951 2803 19494 7256 13799 10152 18335 15933 19459 2907 13641 2592 18653 8987 17152 16301 19794 12545 19864
16465 17068 19659 13884 13889 18113 16191 4973 4562 9709 6395 13762 12844 9542 15327 4626 7924 9809 1937 4285 10854 18101 7417 3885 987 18067
8044 14915 15099 6991 9805 12479 5267 15094 1875 14014 17211 3271 3796 17497 17953 18434 9673 19041 12663 15561 19706 3380 9049 14319 4978 6368
13085 12735 1923 6714 15461 14763 10716 805 2227 12360 15573 14581 2553 19276 19600 2530 12846 12284 11019 1061 14574 6369 4860 13639 7726 19466
4544 1213 19310 3843 5127 17029 19596 3831 18320 1633 18806 13390 15604 6058 8134 3017 8640 15087 12594 14441 16219 12093 13933 10739 17336 272
6406 5749 9767 5934 13522 989 3516 14407 8876 10086 5605 15580 14219 92 5288 18786 16889 4613 6056 9725 13140 7748 14247 14704 10842 4969
16149 6265 3042 3399 1375 8540 8090 1654 8260 10390 17730 18344 15614 7504 15861 10531 12387 14885 4388 1384 14498 7913 3167 2196 10513 15045
1291 9572 6535 13838 6468 19712 2578 7594 11088 19651 13752 5336 17073 9660 16807 17172 16069 9125 13466 1712 62 10570 11568 6191 4149 581
4808 5063 16597 8039 13077 11542 4985 13283 19664 18949 4126 16976 13168 18274 17117 17871 8277 6602 7133 14321 9020 15607 18163 10409 8826 9751
4541 8285 12908 12116 4559 17108 13665 19776 7564 5563 6658 2205 16574 9947 3159 9253 5358 6626 14651 7919 19325 15388 18038 1459 15226 11491
1340 4807 2986 11428 12004 4551 6738 11600 17577 19021 4854 4722 17921 13615 6498 18561 13221 13403 14734 6166 4656 5148 3681 11457 12647 2294
8629 4569 2025 14334 8312 15404 4963 378 19173 343 15744 6898 3881 6221 4951 2552 3887 2082 1760 16574 19587 12461 5569 12640 18466 21
17542 13247 14867 9957 11257 8184 18417 3556 10988 667 12690 7203 8725 8125 9098 19641 10312 11835 18271 756 19221 10860 5565 11023 12190 9225
6887 3710 12697 7124 2736 65 3826 1454 10814 8846 396 8249 4421 7169 9971 14925 2786 9600 10439 10971 9927 18693 17881 12071 16291 6973
289 9195 9151 19070 17363 6970 1489 17454 13995 6338 12388 9309 15993 5564 17646 18561 12124 5501 7077 7379 17668 4337 919 1831 3294 2885
7727 6567 17750 519 19401 3596 11469 13511 15650 6127 14087 11593 9201 6236 15547 14926 4102 13169 14372 5441 19511 16837 16472 2497 7266 2583
9341 7469 10051 3917 8689 16 13330 2262 3378 12073 1021 13194 3215 17063 7544 5020 4600 17795 2361 6248 6813 5927 17824 6178 5869 1074
9271 14356 7725 15065 6446 2948 18652 19573 8221 16966 18941 19409 9654 1223 13031 1862 4185 2034 10830 9591 634 2398 4406 7972 19899 4492
4278 17381 489 2282 13418 18418 15750 5477 4643 19593 15459 14438 8264 13476 12990 19255 10984 19843 18801 17780 12128 10949 6716 5674 7627 16207
17094 4919 18540 7030 15476 17394 17091 3378 11784 17870 12023 12622 7557 6806 17419 5097 10385 17364 54 6029 12160 16049 10183 19645 1568 15544
1038 14573 3551 5566 12205 14063 4563 18852 10283 15887 5727 14820 11244 13500 4263 17068 12177 4172 6477 19928 14851 2786 6749 7551 15485 13933
6968 6038 11383 16937 7644 14874 10371 8770 16627 19085 2443 10950 2326 10135 4326 7637 2513 3506 19505 5530 19681 13990 4281 5402 12987 7762
5146 501 2326 14035 2201 1660 14390 11339 11020 18886 4691 1651 6925 12812 18285 7327 2015 3657 17074 11167 3875 2503 6876 14850 8843 19040
994 10472 6907 5118 4703 7382 12263 4223 7178 6665 17400 14214 1292 13039 10255 10024 9319 13402 7872 8057 2150 1386 13138 5419 7318 216
17545 12889 13630 893 3920 14253 6062 17787 12408 6298 14307 612 18098 6444 11893 8052 17971 2529 15042 13150 7916 668 7983 1621 14782 4322
6546 12059 18531 12453 17299 14874 19044 8026 16521 1646 17953 11217 6626 5572 8538 5069 8070 3921 550 11152 14153 7279 307 138 4577 11693
5876 2243 19475 3048 6878 4921 5069 8500 5664 19608 16009 3245 15563 11879 5603 19820 19709 2677 16118 4872 5643 18843 9872 6546 11712 3237
5168 13344 2397 1647 3715 4807 1562 2117 2343 1254 5578 10135 5252 7937 8178 19952 17636 5748 3996 15194 17025 1355 10032 329 7677 9818
12294 11591 8455 2276 12024 18130 11289 7235 10733 6625 5781 3561 12642 17355 3629 543 17912 7119 2892 7855 18861 2282 14840 7477 18875 6422
12684 1634 3958 6397 4756 16451 3180 12393 9131 16105 3533 12096 5837 8765 19635 11981 3637 9258 4270 12533 2327 14880 2704 10332 10121 19387
17468 5196 2454 8543 5224 10253 1501 10940 12311 1020 3312 17558 14604 14651 10956 6772 5930 5205 6893 5552 13989 11581 9933 19781 946 558
8938 17768 7996 2525 10917 3719 7393 941 5477 3150 2498 18256 18770 17007 12758 17413 11207 16770 3998 4620 5332 11392 18090 17894 12880 5190
8660 11408 18942 19797 1454 11936 15234 11891 1160 17809 1643 7137 2225 3313 17811 2283 12659 2574 16978 13487 659 7843 9565 5758 11922 8220
15080 2315 1447 13017 7248 14338 4129 10502 11840 18940 18288 10446 14374 9358 13932 8073 14376 9159 5368 19126 15360 5471 9291 1742 5593 10022
8086 3297 12102 8485 10891 17620 5800 9486 6920 6560 3969 15313 14969 9353 15905 15478 17330 6963 2579 4944 7726 10921 2336 14546 19748 13132
9431 5163 16189 3148 8434 19667 9120 1901 11290 6387 216 10164 15564 5637 1968 19154 6287 2548 5711 94 13098 12704 3917 14310 18368 3095
18623 4624 4555 19769 6257 18376 14526 14204 15401 1295 6223 8974 6856 6515 19059 723 5998 19367 1281 10512 1441 14565 10544 19188 3399 7159
13875 329 17645 11852 9278 1378 10485 4002 992 19586 12560 12867 18715 19024 16444 7019 1 15320 327 8613 17108 4703 1919 10613 13355 7528
4068 9415 152 11811 4569 8643 8258 12738 7601 10260 6900 447 12222 2305 7444 14543 1979 6790 5082 5500 10646 17648 8116 215 14406 5984
12700 15561 8071 4196 5884 4311 5295 3223 17306 17430 12257 4148 931 8368 8093 5131 14349 17246 6793 15961 1186 3919 1363 3851 7008 10185
17774 1868 13975 14721 3704 6917 10440 13918 4746 16590 16379 14194 11553 8735 3540 4084 4733 18851 14379 4554 13447 9674 15031 6429 2229 11527
18404 8066 16072 5254 18773 9578 11896 16365 16004 18401 9909 3830 9453 15244 19581 18249 12943 12235 7860 13110 13769 15394 2728 7766 10379 16814
17034 11072 5291 15435 6071 10560 4558 8820 5026 16513 839 5891 10921 13822 2879 1854 4032 4706 1142 16913 14285 12152 4351 6439 1397 666
3018 13352 10774 12374 8242 6038 2411 11448 934 13501 8945 17695 19347 8735 9427 3335 10338 4476 19553 11073 861 14069 1599 1105 12730 2489
12743 7492 6368 4717 10631 4175 8830 7096 5110 398 12299 5352 1821 9334 15983 15714 10611 9206 16576 5745 14812 19850 7445 2515 2357 2772
13096 15722 9912 12242 8726 14416 11381 7296 9821 5420 5348 3016 15449 17746 14012 17709 14547 11523 18693 10778 18189 10202 15278 104 5515 7164
12046 7920 7039 15652 17226 15124 18407 17609 7831 6452 6551 483 3114 13541 5430 1556 14537 17331 8399 7901 14748 10058 9118 8254 5269 2203
9084 15193 12437 15820 1061 7636 276 3194 9025 7744 11584 17511 3896 9873 19322 2569 10174 5479 12518 3746 4577 14978 19708 18477 9943 16476
154 7099 18079 17475 6592 997 8026 8492 15702 10204 15068 3485 16548 6798 8273 7975 10625 3358 14096 567 8108 3347 415 4446 10533 11900
14554 19527 11480 7761 4419 8196 1886 7721 11819 15174 292 17372 14973 1884 14337 10628 13327 1850 3092 19204 4661 240 3798 17593 4898 14921
12578 16143 2418 16924 6159 14631 19080 5609 1241 10950 9872 11302 18357 2983 11053 8671 8328 9957 1590 16602 2250 10871 6149 5223 13562 7686
2085 19139 4293 18295 1607 10343 6729 6410 18490 11280 12557 7832 10002 12991 18221 16216 43 7350 8235 15439 10218 207 14302 19465 6271 3591
14106 7735 10783 6683 4698 16749 19483 9841 5821 14334 13446 3719 799 15265 16404 11169 19662 12629 12028 7572 18203 15844 18562 13522 7159 3026
13266 3654 16192 6971 2768 367 12869 7672 16449 13335 10600 9097 17820 18635 1345 4913 14274 7132 10223 1298 4454 6995 11443 12951 1243 7221
974 12246 19594 1248 19907 9414 8844 19455 17393 18562 18008 7794 4215 1571 15927 12322 245 16684 8772 18471 11680 4234 11115 2474 13188 5262
506 7798 10806 390 11566 890 9343 14125 11285 12892 17612 16305 13047 19891 19987 1335 5139 131 16289 15309 17975 6479 3483 3528 19156 10931
7208 14116 11268 1073 5093 11755 13967 12844 11552 14292 222 7897 9583 8611 1695 17498 13916 10074 15892 972 1235 19741 289 5413 4410 1795
2633 9639 3538 16720 9758 1856 18999 3026 4580 7222 6975 14885 13386 19346 5826 575 9859 5676 19918 19066 8406 19365 17693 15192 11819 6172
13559 3052 619 9750 1546 11976 2072 5205 12114 16915 19299 12574 11315 10304 19481 15562 12050 914 5237 4552 16522 12351 14829 9857 18005 8629
6088 17234 5250 14836 14879 6786 15447 14730 1588 8811 11033 12586 14259 15080 15315 16746 8857 19205 15194 4560 4099 10410 8138 934 7655 16053
19224 19212 18846 13775 7063 15912 14536 2572 17206 19694 17114 7659 16726 14408 3937 2922 11965 12773 19096 6714 10284 7048 3642 18864 15463 5142
2613 5206 16039 16044 5189 11774 3638 19904 4430 4475 13816 4586 7328 10133 14245 17514 18 227 19480 7697 15013 13132 15061 5940 4176 7195
13624 5553 13308 12995 6808 11332 1763 1335 713 16703 6894 3852 12898 8243 16111 9522 9942 13883 19105 13527 16401 2886 2348 14614 8665 9628
3623 1130 8778 12871 15067 2932 11070 6599 12853 7659 15555 7505 1069 12530 2175 7863 18218 17976 5226 2184 1867 16819 6180 13605 11753 17818
11384 18790 2819 10797 18419 15963 4396 17239 4035 16061 10093 19276 13874 16352 19515 4607 2172 14893 9056 4441 2688 536 6129 3453 2616 1417
5823 7602 736 15487 9966 8727 14134 17226 8247 17680 7043 8557 11013 11577 18921 2592 16620 1201 193 7229 17894 4169 19064 19901 76 9606
15153 16244 19126 9984 9511 5257 7176 18288 10678 9811 6612 4848 12485 12054 1568 15478 11556 7570 1603 4997 4099 9898 2453 17961 10005 8074
19479 7799 5701 5768 11319 13596 478 6312 13576 19570 15850 17424 16516 18240 11359 3627 18117 18466 7442 3317 10067 19136 4598 1222 7026 16159
18021 15064 18948 6729 10797 1427 4593 13232 15261 9605 18050 13086 1458 13256 2874 6438 9247 4584 13405 4529 790 5491 15813 5797 5183 4088
7128 16177 18226 9346 9960 11309 16721 6816 14870 8154 9635 9067 14842 17218 13802 10724 14238 10925 17418 6138 6280 19054 7889 9928 16164 4013
15938 5239 4390 7264 8584 14451 10142 13316 8873 8360 19317 1604 9068 17393 14098 19247 9670 118 18684 14939 5638 11539 18369 1166 7841 16678
4464 3856 17207 7246 7468 3060 10480 1089 4069 5647 4174 698 1199 15230 15261 1059 18955 8494 12516 3344 1917 16149 7335 4639 6960 9899
18394 11271 1576 19685 5405 12939 16895 12393 2401 6228 9217 15528 13851 8915 9325 831 12069 9429 2909 17589 3070 16135 291 6912 8454 8338
14307 12447 1593 14645 19787 8542 4533 15129 5024 1453 5155 13807 5319 12455 19158 1610 6377 14657 8840 5107 1988 7664 9440 1163 17790 4517
5298 14699 12356 8842 17677 16683 9186 12941 7055 16101 9509 17909 19322 7541 17868 8781 16635 3789 3878 8808 9858 10639 12304 8831 9213 3018
14778 3080 12362 3077 9369 15866 3993 5998 6365 13408 6834 10611 10190 18176 16403 4103 13867 6451 4271 8767 3444 12508 7080 3122 15571 19668
3012 10071 7227 603 6793 1326 16782 11438 19090 19511 12949 14600 10852 17460 11128 11259 8570 1931 9936 2477 2260 7205 10451 2014 1405 6974
3918 3450 12941 9479 753 13673 19875 14437 6095 17838 2944 3473 3149 17824 13419 2842 17038 16686 5713 96 10052 14225 10398 13762 14609 12699
18706 19571 3226 9687 4149 17289 6588 6713 15651 9209 9022 6319 14958 15436 9966 17542 140 8025 13873 6772 10988 18872 13883 8624 10817 3877
19844 17820 5536 10739 9704 15107 13475 19510 15474 11505 13593 8141 675 10001 18261 12706 1159 16755 18539 16902 11542 7407 14813 2136 4141 680
6345 9409 4532 1821 446 15489 14004 7414 228 2142 10484 4300 4993 187 9635 8483 5683 964 11587 7819 12850 4997 5255 18361 6180 14469
3313 10589 5811 14901 14211 11575 5760 12242 8697 7629 7620 2659 7116 6020 12051 6384 3947 4380 2635 12018 7630 7939 9140 11281 1306 7504
19809 16539 10727 4715 14604 16980 4355 19876 19715 16432 2794 14681 15023 6455 4537 9785 1389 3057 14900 11838 12428 5270 13803 15362 11438 8447
3637 4206 11023 17425 5988 14910 6212 7086 19160 14937 8785 2670 13040 16401 19089 3707 18188 18008 10491 11736 10039 3105 1087 3957 9770 1247
11146 10065 11191 18683 12948 5645 9743 8379 10498 2793 3722 19922 848 13872 19481 1990 16117 9229 19782 19642 12597 13759 292 11421 1697 11630
16457 19625 15857 11333 8663 11370 3874 11421 9988 4465 7955 7423 2281 17787 26 7683 9931 9452 19063 2119 11997 6121 17543 7415 11975 9073
1899 812 978 5800 13971 3628 7170 4844 6668 8787 4225 19028 9939 18672 9650 14736 10050 3475 310 10849 3332 7365 3534 9718 14488 16869
11064 2826 7209 14058 11739 14642 12494 18167 17296 16414 15853 18550 18548 5297 11856 6690 15665 16778 12323 8753 13962 10231 13617 18203 4730 14497
18881 10900 6663 7462 11467 7479 19518 899 15549 9363 17529 18536 7240 16441 11930 8874 12724 3731 10565 9596 6992 9321 3787 15860 2054 16352
13150 18977 10201 61 10490 14547 14117 3162 581 16128 3959 16162 13673 12112 17892 16425 17472 5829 15101 12004 1952 8543 3919 13331 17137 10152
3997 8375 3150 1089 7395 7748 10661 19749 1451 6396 12504 15513 18349 19881 1418 364 16577 16369 9337 6198 4323 4261 1363 2803 17767 10911
7833 2474 8203 907 19734 7611 11052 5816 6433 9802 9913 10592 9348 14088 17419 3467 18989 12125 15698 5472 7585 9505 18854 12530 9094 5612
2708 11584 6479 4361 16997 15591 9371 9565 5747 1512 9915 18907 13107 5156 4231 13425 1136 4841 19034 14418 3814 7492 18292 9060 16058 3621
5803 866 1675 17829 3923 19042 15478 3448 14766 2090 7626 15348 13643 12695 4792 16522 10132 18896 13351 16387 14419 9881 19697 16108 18719 10120
15177 13854 816 19783 11315 18467 712 6111 14226 2878 9974 1238 18991 6571 17190 3843 17781 10632 16064 1628 6482 13334 12792 19392 16988 8400
10188 11249 18322 5819 16677 1796 7214 1361 3394 4274 12108 16404 7520 4124 13785 5716 11361 12096 375 4158 7102 4327 463 7506 229 5972
9357 17855 2668 6198 7187 12635 8974 5838 5105 19602 9117 19613 919 17736 6798 13905 6794 18460 6567 16800 2149 882 2797 10296 2884 17753
5831 14493 2734 12603 11429 17176 19364 10834 14659 18851 18171 4211 14607 11170 1930 6605 15203 17963 17932 5923 8467 831 16311 8653 18866 13498
9859 1516 9357 6258 15882 9719 10096 3636 14273 10132 7483 3174 15492 1778 13514 16851 6459 16664 8600 5753 19757 3322 10230 16787 5572 15387
3812 13153 9901 19263 13409 5575 4574 193 8224 14315 14709 14138 8092 8976 9298 19862 14828 13043 17033 16415 16381 1572 2116 4045 9770 425
4102 926 8760 7056 3425 10403 9486 6907 329 7099 6136 6721 7053 3337 11243 5344 16408 7551 18424 6412 2976 17772 13232 7747 11635 14521
15483 14930 14180 6127 17817 18756 7494 2367 16261 12050 8331 5911 12252 1085 12095 6466 2830 11929 10424 15546 16876 16753 13411 11305 16714 14159
2828 309 6645 6839 6245 8870 14498 10214 15299 7648 14820 12945 2280 14509 10044 5755 16618 13703 18077 2648 19672 17821 9038 528 11155 12686
13516 12701 275 7146 5504 12499 8726 13345 9055 12109 7228 10407 590 5095 2055 1118 16053 11966 12267 13247 377 1044 13003 4578 10556 7904
1144 9405 3504 12875 7700 15390 4580 6382 11166 14819 12943 11763 10500 8149 3522 19350 10140 1798 5386 174 4629 8183 15967 8032 4788 17472
6556 13250 13936 16826 7481 544 5360 9293 8675 2150 19060 16438 5243 1533 3884 8113 2111 9015 12174 2793 11892 16597 19597 4304 17731 16203
16671 7751 9067 19874 12642 17606 5391 3284 6441 10006 10511 10020 19454 13516 7727 418 15297 13412 18400 16585 3455 4978 8642 2794 15458 692
5676 9321 7869 11930 6941 9643 12690 11290 1334 5694 913 9043 3686 13876 17346 15248 3185 6868 14400 10223 139 2967 13315 8528 19081 18152
555 7902 253 1648 8720 19661 15122 16418 10458 9094 14259 6851 10571 11363 17917 19430 1845 9905 19235 18117 7781 17335 18100 5810 17845 3448
8718 6291 12835 7978 14968 3641 9738 10000 17984 10191 15451 18693 1391 5952 7399 5732 12945 15971 3900 12100 17093 6086 2875 13976 15082 5316
7893 17023 10022 3853 5119 3361 15765 2898 15087 17132 996 9346 19062 3555 5107 19599 15613 3571 6791 4244 8351 17056 7575 2961 12556 729
5421 1461 10625 2575 19197 9345 7602 4521 3567 13681 5007 13148 14588 9385 3789 12014 18297 8349 419 11677 17080 10620 14662 2523 14099 1786
3709 7894 18488 11070 5200 15255 15997 5914 18368 9176 420 14566 13026 8489 14980 987 14164 8112 11948 6972 5635 16886 14448 9623 17239 10710
19716 7557 19446 16565 8279 9583 11144 2552 161 6453 12192 15011 16372 12333 10773 9583 19418 16860 6338 7384 11993 5053 19964 3553 391 6930
9282 9915 12166 16974 2714 15162 14217 16970 11597 8121 9255 14641 18200 4487 8261 4112 11404 585 17536 12751 2028 15874 5058 12767 458 19369
1380 19836 3043 4330 2184 3892 3502 1346 7548 15982 5088 8349 13725 10834 17454 9492 13333 9277 18578 11465 8671 6657 8261 10501 2515 1704
19734 1231 5624 8282 13913 19748 6402 5558 19267 16311 19260 3461 13153 12073 6253 3146 7309 3481 11297 15619 5603 9592 4854 8154 10835 16024
1816 6299 1457 10434 14947 6522 14255 2550 13164 4691 4541 8630 9903 4503 13449 6807 18373 17644 2598 12661 12502 9874 1496 12079 11759 15506
7508 17192 4644 2562 9810 8280 7823 6879 4040 18707 19595 6165 5749 4854 6133 1210 17018 15459 18365 12888 14042 8514 8686 195 11237 2440
7538 13696 158 14236 19745 3153 18287 2452 11093 19669 12955 16256 6854 11830 15303 15811 234 17738 18782 1292 18544 14472 5828 6193 7876 58
6629 4030 4529 19022 10502 11402 12797 16033 8864 19613 11295 10761 3778 8817 17022 15074 996 13634 8674 5628 8547 17844 9401 7818 4856 2990
15503 3831 19050 15680 5381 3478 10100 12342 12656 11702 16160 3497 6608 11549 18422 14762 1112 6413 17283 1970 6961 263 19574 13257 13566 6399
6295 2476 14883 2479 18403 18093 14997 3308 14262 2934 5523 13027 18134 10155 4021 19195 6292 6361 18419 5784 11845 7954 1822 16797 2502 11627
123 7809 17549 2019 16115 17722 16768 12427 12776 7176 1426 9572 15670 1843 12751 14497 2524 3723 15312 12863 1748 3355 19512 6593 4414 416
17573 6009 6443 3906 8870 4200 429 16784 9259 11813 1890 18029 16382 17964 7993 19620 11387 17481 3257 729 8418 10264 6370 9673 7583 16500
16428 1194 11052 17857 12391 13243 19876 18489 3088 15212 16987 11433 10901 7751 1852 3974 6118 17473 6719 8180 3455 13088 4730 14419 16380 3853
5713 13902 13901 7820 10443 2110 7366 2881 1584 13486 9679 11373 14598 15084 7193 19381 7800 3904 16619 5086 6360 7548 4218 1239 4453 9844
6647 1363 11402 8958 2008 15142 18927 4287 5656 10242 12138 10870 549 17175 4614 6366 14395 728 12723 2469 15379 19234 9264 3327 9910 10454
19916 4950 4555 18797 17528 1887 19506 4741 15634 12804 10628 18244 1756 14771 11693 16370 683 10254 19445 5252 9832 17867 15191 9833 12713 18878
19412 8852 2492 16564 3225 16048 72 19785 12872 19342 3812 5956 3068 3887 11665 2701 17418 17060 6573 10879 5999 1664 11031 7814 16363 1335
9059 781 18124 19581 16974 11992 123 10185 19283 9863 10459 9416 15276 13059 17445 14161 4931 9403 13505 569 3978 12369 18615 16923 19820 18873
7610 15221 13504 18813 1075 17415 17788 6521 10394 16111 8253 11739 171 12155 16060 7217 4811 15168 5455 15566 4929 12966 16312 522 6983 14687
14297 11530 14917 17990 17101 11755 2769 18399 10332 16322 10273 13703 16538 18365 17524 12611 15437 8491 4233 4576 2693 16067 12635 209 4277 7196
14693 7628 12302 18878 16257 13735 9598 12379 1031 16208 13430 1769 7799 6163 17199 3206 4042 10348 3520 1524 15720 11331 16345 12665 17397 14727
9996 9240 15566 14649 659 16714 11059 15064 17702 18250 13077 7116 10212 16657 17881 8171 2888 10941 16957 2543 16263 3730 10317 11479 19643 1879
17379 2190 1151 9763 1127 15410 7873 8375 6740 14620 391 13166 10727 4816 9419 6515 15580 2903 6999 15564 2355 17452 15078 15068 4132 16052
11844 7038 14863 19686 725 16303 15882 11559 14327 4982 19597 7401 16461 4719 4830 8109 11418 10368 10026 5108 17730 4165 1509 14841 8728 6157
9456 3151 3508 6712 13918 17655 13680 13322 4527 12317 3993 7198 17440 12729 7552 5229 8650 9805 19077 1331 19400 16482 12342 9351 5261 1987
759 14289 7962 5418 2745 8455 1253 8059 5517 12868 5132 11744 17731 19485 8287 2530 11434 1767 17668 5570 19480 11182 17401 12337 9777 1349
3983 14797 73 15608 18147 12939 10459 18588 4888 1601 9155 8005 3130 4721 11408 6608 14924 8995 14256 579 16492 12796 6201 18554 11561 10918
2850 14504 2976 8978 13426 14456 2174 11862 1355 2728 11415 7182 6542 11978 9775 13345 17907 11451 6056 6773 7196 11531 19065 17025 5184 16931
11030 6226 9313 18682 13581 19495 13397 8465 10218 10456 11118 2237 750 6893 6430 17410 13755 16600 1952 8600 1162 18720 5690 12305 16383 15207
19685 649 1565 17708 19505 9138 17096 5972 10179 7968 6974 4674 4045 5324 18357 11814 10129 4515 12325 668 1507 19537 7283 14060 1089 18514
6805 6972 94 1048 4478 11576 16979 13283 8953 8971 10499 13242 13951 19840 2424 12138 14532 12601 1539 19185 12272 3330 11396 14700 13158 16115
4786 373 10765 12693 14000 17919 18812 4038 4872 5556 11210 15926 9482 14748 1690 4780 10567 9846 9133 10150 19063 3244 17582 12760 10390 7003
10976 2547 15474 14393 8130 10541 17904 461 3236 50 15559 10855 2979 2910 17487 12696 10135 12223 11865 6841 203 10194 8901 8513 4424 1813
12804 11151 15790 2773 4031 15208 5630 6665 1088 6142 17621 18429 14402 15384 4324 1691 16097 17269 2738 6345 11597 5673 7735 13086 2222 10323
2209 4565 7631 1505 19236 3716 8764 14041 7861 8477 8280 4315 8314 4444 14275 5421 14299 5997 4532 3245 5205 17446 12568 5792 11956 16779
3993 19960 19822 9632 755 11561 10508 11417 2282 15392 14402 6136 6152 10765 11327 78 15266 9535 19996 11639 16883 12419 8272 14124 13610 3403
6148 17676 6068 12543 19557 6752 12019 6350 18050 16855 9394 10152 2637 18418 8511 6930 11596 9212 11716 9295 19496 7746 19916 12350 12054 8545
8369 5688 6082 19241 3135 16852 18053 6419 8152 14706 404 8900 2794 6953 16491 6239 8065 2115 2615 9299 14008 19857 11682 18039 16353 8916
333 12592 9743 2174 10089 15370 13466 18768 13228 4265 4041 114 3866 18856 9203 8539 45 6382 9557 2692 18058 3893 10300 650 16144 10087
16704 13088 15790 2722 18004 2971 9310 16239 18058 13541 3606 1702 3964 5097 19066 4009 4814 5511 10099 11120 11768 8267 762 4265 16414 1841
7079 3134 4601 10403 16680 16193 17184 6777 4140 1092 15456 6934 12314 10315 15826 1066 19964 15315 17385 1616 9382 10327 3437 19360 8939 7205
9743 3211 12794 12410 1163 14232 16896 15822 2238 8621 6966 3339 3703 15078 4069 2409 767 13307 12876 6989 13024 14190 7394 19985 17724 9750
14523 5914 3724 18015 15896 14120 17169 19437 1645 19391 1391 8509 4533 19686 5723 5594 233 15172 15152 18066 15878 4212 12416 8909 692 14113
4026 15479 16457 11211 516 7692 9691 15181 1396 12292 3113 19710 1181 6554 14321 955 6855 14902 14597 13065 17072 7464 1121 15070 8627 15080
3318 19160 1076 15851 18745 12013 10145 5777 979 7597 14900 12074 11386 6947 15905 2509 8431 4170 18828 13254 17672 9269 19042 585 17149 6904
17854 2337 16122 4242 16186 2810 8669 9472 8177 2481 14574 4564 819 9908 10167 13579 12053 18028 6926 17266 1577 10138 17812 17065 9604 13671
10142 11580 1702 12104 12161 6935 1150 15396 18179 9679 3700 12520 8841 2322 12892 13314 6390 1895 12777 18417 17801 10483 14282 17690 862 8206
8999 1037 12372 19531 17318 17324 3577 3366 12912 8488 4424 8031 8233 4271 6427 4561 12725 18069 16123 9848 15594 14405 2061 19139 15072 539
12469 2195 14368 8797 11356 19762 12298 8436 12827 13863 17108 2875 9888 10858 15474 18303 4267 16935 10455 13243 11176 18490 16070 9680 12841 16633
9236 19219 10816 14894 6520 3468 341 1654 6710 7611 7021 843 8291 1855 5686 10227 2588 6018 2313 14235 19646 15155 18352 10635 1062 11671
1328 98 132 4447 12872 17580 8359 5016 17961 15972 3236 2628 6233 8305 18553 5423 16296 15396 17507 5092 12216 13304 3812 14942 475 17459
7865 6590 6078 18876 3744 2803 1351 15581 6826 11632 18120 534 499 15828 6633 3226 899 12196 16109 7759 14576 16144 1926 3509 18766 1398
6924 5322 3911 643 4877 479 7756 3737 14411 10333 17220 1433 6836 15512 19707 1414 7096 10740 8678 7858 7394 13878 11178 4371 1867 16679
17936 13973 7321 14667 13027 2272 18182 6127 7668 12208 8236 17905 12200 17596 14054 11771 19933 13326 3521 11591 8206 4016 14934 16854 8190 10512
18812 5635 17926 13469 10879 18197 3855 8657 19162 6874 10474 10017 15865 8275 11848 19171 13666 4790 17652 15091 14377 13669 10092 4417 12977 16172
9459 6049 5421 15783 7604 14426 12423 5763 56 7109 1907 16212 4758 14637 15901 1417 5371 6413 11560 4805 12227 5841 13829 10718 11815 14829
17263 6365 13261 12604 1143 8571 15367 14406 8623 16648 3173 19390 7178 6048 15253 18889 13452 988 14097 7133 15946 1522 9609 9803 9534 1851
18270 11102 9197 6209 18786 12215 4514 12933 39 3124 15686 19836 4301 8577 12438 17206 14786 18612 8138 4521 9489 9242 16588 14529 15816 14905
8780 15532 6290 18652 12967 7839 4364 16702 11146 13103 8653 9573 15330 17711 5596 9552 11595 1764 3282 12617 19501 4953 8705 6954 6776 12923
9911 10999 10920 9029 10925 4842 11947 15011 14803 7117 17978 924 5475 505 3759 2826 8790 7150 3072 1311 4380 8078 14627 7476 17696 13859
63 14464 4848 14940 7642 5282 14408 11103 12167 5872 10754 645 11670 17976 4491 4714 446 7248 17102 12325 8556 7050 15078 12596 4672 3432
5462 2740 9806 18074 18187 16568 8084 9931 7741 9586 6376 8692 12118 10909 7062 11147 6491 1751 379 2604 9313 9204 14061 19444 19936 11887
5172 12639 12226 1166 8176 16064 3393 1590 14152 19586 2292 18760 766 5880 16871 15079 3818 16257 13972 10059 14659 12489 1433 7370 16937 11658
3884 9629 108 12658 9409 11309 8730 15566 4588 8381 1196 4238 2633 6408 13051 13857 3253 1089 13708 3466 2514 11678 16231 1107 7782 5761
11753 8003 15224 16193 6424 1593 11926 3468 706 12662 13390 6111 16160 3836 10392 7662 4405 2652 14156 10792 15915 4325 8742 5151 8876 14590
6076 14136 4576 18171 10734 16879 11569 2416 19028 4459 16381 1125 11650 5569 3830 2772 7941 11990 14915 9650 7607 10816 8663 17350 13985 8774
14830 16671 15833 13956 10580 5145 17491 18080 10537 17613 7020 11673 9290 2733 9503 9687 12450 14525 8665 7194 3545 8707 14752 2639 12357 10204
6768 456 12755 344 8337 7336 12737 16870 12240 16470 19762 8329 6081 18763 8822 708 18680 9614 15340 5001 14204 9231 7697 13182 15024 12829
2548 5571 8848 3452 4964 18130 18199 11373 8190 6929 11158 19366 8577 6902 8875 12067 19939 13569 11098 172 5069 13035 3393 14119 18099 7699
19575 7737 6658 378 11651 11500 13763 7155 18900 1994 1475 9410 18425 239 17173 13205 5186 1140 2132 3167 13455 6107 3873 3657 10223 18276
15383 7562 17410 286 18901 5781 12304 14676 15244 4510 449 19334 18021 12445 7164 8118 11275 7890 16946 4970 13645 17923 18526 9869 14759 2243
18641 10088 6131 4490 5534 2094 4549 4507 1497 3306 9963 8876 14187 2924 10417 19742 15763 17312 12256 11832 10933 7783 14085 16762 16061 4517
10783 12890 19127 13111 4524 16451 19243 1991 13865 16788 2014 10706 4472 12380 5452 12416 18636 6281 11097 6590 16792 7925 6946 14572 3398 9808
5154 1909 8474 4604 4903 17031 17878 5556 3108 19101 9681 5179 16646 8053 9671 3173 6815 2860 2531 17050 11389 18581 7314 5304 10473 19502
15523 1852 9704 12809 1276 11821 13590 3681 4102 1135 1867 6374 10765 11507 15060 10921 3423 17033 17683 7903 8462 13111 10285 12819 2894 12995
2731 7932 3759 2051 17763 5718 19457 2591 18388 7098 6802 4643 19287 15537 5618 17662 13584 3412 1325 4622 14164 4148 3391 18333 11634 17095
7050 17400 17783 10125 17310 14121 1875 4290 5865 2691 5647 17206 9788 19293 12151 992 19535 15636 2186 4788 5958 8696 15920 3064 15578 14791
14757 3653 8441 7835 1744 5148 2358 16488 7169 9859 2748 10596 6553 16594 9424 19531 11014 9829 16081 13911 10029 8294 47 11365 11515 5746
19246 14678 8289 14013 7797 5636 1741 16751 6018 10151 527 8584 17723 16477 6771 16311 18840 2836 1389 13295 14330 15654 5330 3932 8930 19158
13441 3088 5367 318 9764 9773 17297 2909 11418 5095 13057 10036 13080 12854 5525 18010 2860 12424 7123 11864 4209 10210 7629 5422 8367 9105
19573 399 1450 372 18211 17882 18756 19405 4287 16373 7919 19481 9372 2642 6853 11969 18621 9706 17721 19893 16912 17666 16657 12458 1113 4015
408 2047 14139 7793 9580 537 18173 10809 18647 14635 3548 5132 7852 12080 14546 8061 16121 8430 4950 15104 17755 2363 18895 19345 17271 8812
3503 1455 4377 13878 12970 9946 8950 18609 15211 8942 9469 18086 16834 4464 13051 18127 13413 6466 3486 14435 15864 8581 18714 10350 2396 2537
11791 8810 4454 12761 11112 4729 5328 427 642 15421 14902 2545 6313 14762 16181 11639 11723 7672 9751 1847 12505 6469 4627 14422 8082 18771
5854 16829 19235 4919 18855 8046 17588 2327 14909 9815 10735 4469 17582 10176 17499 18528 9628 17682 13335 17906 5737 7461 2142 3287 8231 8170
8763 54 10131 19786 503 14020 413 14864 4923 545 11063 473 2400 6681 19328 17822 2009 6613 2696 18977 8166 12776 16498 432 18141 14093
1664 2017 4838 5029 5561 16847 19835 4652 17063 6326 6373 15073 7320 3638 7558 10904 2146 14677 9387 18605 14795 9741 4944 4181 10777 10701
3441 8464 19026 11180 3869 12225 9267 16818 4977 2704 803 15928 5001 18699 15641 12004 19310 6847 9154 11819 1365 9437 4971 18488 10309 4939
1112 7847 18954 5082 16313 9999 11911 19253 16972 15910 18702 621 15415 8850 4266 8891 10554 10404 14637 14808 1085 3603 18930 10634 10128 13897
19253 5935 12890 13778 12569 17375 18838 3318 5679 5959 5923 13858 8806 18028 18693 16606 17308 15911 10855 6018 5582 9237 4371 18579 8375 18098
8456 344 18946 13138 14373 12667 1079 17229 8659 9612 13411 1692 15348 11812 11453 225 2741 9489 15568 18892 18794 2764 6716 18967 14518 9955
10744 5872 4535 7392 440 375 15754 18044 15945 9788 6841 10374 3390 19043 16378 8258 2772 17261 4772 9327 7646 18907 12523 18898 18458 7012
19599 9190 4970 9080 964 8801 19877 6337 5476 6669 6761 12435 2669 15284 1316 11659 7991 5088 9307 11203 3634 9466 15345 959 17310 17966
6712 1691 3245 1809 1339 8025 10588 19980 15883 19846 16629 14646 11804 16016 11803 3614 18677 18659 18347 8576 14383 4678 12031 7816 6012 19633
19060 12621 3094 19584 19389 18710 7064 16538 6669 5491 4819 18853 2258 5339 2278 16659 1346 4403 11284 16373 2830 2587 6816 10236 12312 10458
5622 9066 18852 17290 8790 14844 18563 3218 2528 7126 8102 10734 11475 6042 12745 3851 7304 15318 4101 2433 18379 17483 10646 2429 1550 7797
12570 14980 6458 15303 278 8861 5449 16581 9061 12097 13772 1471 12042 19484 3240 18054 17338 3038 17181 9506 1877 13122 17151 10310 9850 18224
12168 16198 6254 7028 5620 6517 18180 19617 16637 11580 8803 5875 15064 4085 19696 1743 1520 17138 2831 2546 1413 17088 5438 4729 5933 7759
19636 16116 1508 10057 972 8743 7273 9317 15905 814 11566 17627 8331 179 4285 7479 9340 4007 7344 2995 14999 10655 9924 8956 8954 14621
678 14515 2942 5013 13539 4958 18382 9637 1281 19853 16844 6985 2550 13883 16467 12912 7595 9172 16040 12769 5307 9954 17196 7025 17965 15652
2730 1932 4375 8222 14064 12169 1322 6353 2870 1497 11285 18698 13692 4802 5705 8685 1602 8698 9918 7773 10110 18942 15235 13684 1920 13528
7085 8570 4693 12207 7915 1717 6847 12773 16627 15965 14778 13379 10573 16393 18098 18836 8452 3730 14871 2418 5123 11630 6254 5982 6318 2584
16372 3701 9328 12460 14457 13916 5796 8518 6275 5808 18207 13329 6325 10698 915 11048 15854 7175 1573 4505 16305 16632 18052 2487 6986 19659
14327 16886 15268 7986 18944 10651 19057 844 10027 16987 14857 1568 16548 1505 11496 564 11188 3408 14777 10353 3682 7907 7319 3687 18117 14743
14982 11050 6020 8752 3906 9433 19303 15315 11506 4584 18089 11337 11775 841 1255 8487 5906 19490 9974 19778 18493 1141 15913 337 4386 7293
4824 6905 6197 17848 8939 17978 13941 12141 6854 6253 12407 3961 19563 8326 5059 9885 6124 10088 12891 12634 15887 18147 19854 7671 5699 10220
1172 7027 2108 17178 8717 15045 11028 207 15522 14487 4062 11428 3040 5764 6282 13071 5478 16476 7741 13373 14461 14541 17328 10970 10108 7196
3087 17062 9011 7495 2484 10292 214 4779 12114 19043 16417 19363 2857 19301 13273 6242 7599 7946 2811 16472 15090 3357 10469 1304 6014 1478
11278 14013 10149 17346 250 318 1792 16092 13304 1500 2912 3262 17193 3722 7399 16117 819 14718 10293 4367 13038 17593 8831 5555 3851 7650
5599 5935 7856 7293 9813 12400 1915 2809 18591 9755 5143 12002 10827 16197 7489 1058 14228 867 1649 9873 2523 3748 8073 4180 15574 3516
15146 12066 10137 17069 5518 5401 7191 14633 2708 8448 14504 7127 14175 9050 5413 1395 17893 18515 11791 7511 10117 4778 840 580 9667 1516
13638 8544 8159 14808 3538 18829 11213 15807 15600 12388 2336 19337 11106 8313 3115 8657 1331 4826 5056 6861 5005 3180 6833 12335 10918 6780
10253 794 9624 18300 13356 1417 8327 10242 6228 19036 3707 16774 9139 19044 16687 415 16106 1537 17130 18473 1517 4332 4564 16564 6996 2955
8850 11609 18809 13922 17911 1894 9967 5509 8334 7140 7320 226 1146 3967 10202 8685 882 9635 4039 16072 3757 12062 2319 12713 255 1240
14230 15665 5572 8310 1816 16600 2903 2838 13023 6297 3265 17472 5005 14782 13896 18823 19979 2564 8490 1718 1041 2461 4900 1542 8124 11629
9447 15255 5839 11983 5908 12166 4006 8960 12966 7551 17916 5473 11957 16365 17568 17589 18012 13489 617 14574 3153 9507 2774 7738 13523 11861
1034 1322 2456 8866 4036 10106 3231 11826 18960 18082 10980 38 8133 17578 11558 18740 5623 4717 14506 19641 659 369 12988 19602 15274 5133
11000 400 8183 19869 1980 9893 1008 4470 10396 6189 8511 475 5382 9824 11238 14964 6000 9449 4725 9792 3120 14378 7710 14967 8191 11544
17236 1197 12766 8166 15249 14803 19854 8493 13971 14696 7001 11246 2758 12053 17255 4501 17918 5689 6024 19455 18414 2365 2094 13907 5310 1188
487 13859 13184 873 6133 14304 4357 16592 8259 13619 13583 19738 17633 6375 4699 134 2022 3595 15545 1276 15246 1673 17695 10479 16413 649
17071 18414 10056 8432 10404 7329 7233 19074 4440 1429 1459 6167 5275 16441 9732 5232 12637 2339 1608 8696 15417 14907 12085 3354 19688 4597
13177 8347 2938 18534 18543 6755 8274 5274 3721 11350 13494 15968 17063 14030 10698 18813 17462 15155 2557 4867 10124 14397 14599 8282 17285 7538
19556 6144 7120 4316 13250 13814 4652 12176 11006 16275 9255 15882 6625 19809 11756 17149 14822 8820 7250 4804 11674 16471 440 19850 14029 19579
10908 18333 5627 7284 12317 9530 5190 15315 1001 19150 281 4057 4311 6665 14819 474 9599 16573 4002 19304 11586 6185 13128 1268 5926 8506
15 16820 8226 11407 12140 15968 15757 6018 18804 3095 3357 4238 7156 14114 14306 3864 12545 14511 13426 16726 11589 7061 6929 12938 5753 19452
4493 14500 6264 16154 19141 1290 1450 4162 13575 4181 2416 3411 14547 11767 10256 19782 14269 1588 5256 19558 19086 15502 1410 1572 13844 5484
9351 1075 1645 4964 1915 11190 7121 719 7500 733 13017 13374 12847 16431 13438 18827 5309 16012 6749 18225 15100 12954 14941 2782 10974 702
4395 18181 10500 15398 11372 18888 14185 6391 14510 3560 18300 1721 1368 10475 10867 3969 547 18770 17072 4961 2319 11055 19650 12396 2761 11650
2053 9046 3029 466 18545 9130 13692 12935 11011 19914 16846 9152 10096 17266 12416 18708 18837 9307 13997 10240 4499 18269 1809 17004 2655 16279
18523 9385 19635 16944 3574 10139 6743 17835 4625 5015 12803 15228 18519 12994 12962 6588 1813 1199 15530 14728 9621 14316 3943 2019 15993 12627
13947 8898 17467 6427 13980 13041 10804 455 10800 13575 15419 1335 3577 8657 19957 17510 10913 15567 18149 18491 17460 15056 4697 14722 9814 15694
7340 4984 29 11267 10823 15338 9274 8100 6322 18197 5938 13695 3916 15792 17208 4449 13969 10459 2029 1518 1967 11381 362 8754 12184 11148
16963 12333 18862 4098 12347 19835 3035 7417 5605 4183 13658 1030 5117 19062 5841 13992 11548 16266 1666 4321 3533 5738 837 7610 5213 9662
16866 16314 6276 15804 9250 46 14760 13923 4589 7919 19106 19716 825 12805 2518 6701 4516 7680 10940 2492 6077 406 18536 4433 9801 10324
10942 6487 17994 13122 9755 13878 16225 8636 8683 6610 7812 711 19324 4 7227 16329 11814 14788 7379 6903 9791 9153 2400 14733 15120 17765
5721 17970 10801 13908 6646 13782 16565 12610 11814 7578 10815 14597 7210 18274 5840 18033 11149 5832 3747 19744 10299 19662 1025 10859 16589 5624
19629 13524 6771 16520 1399 10240 12770 7288 14655 8027 17683 19538 12882 19600 3427 3647 4649 3092 7326 17837 11719 2232 12188 5437 11239 18376
75 3186 18376 18528 8691 8497 9655 13071 2403 3346 7454 12140 18596 621 14852 15205 3748 4361 1609 9921 17232 16590 2328 14788 17045 1510
10401 868 583 9707 8742 13175 8517 13946 14533 11765 14394 12852 10889 19699 4233 12926 16088 7161 9479 3974 10191 10297 19767 8083 12791 9996
6620 15464 3493 19026 210 2904 12447 3207 9318 9550 13281 6507 4159 15577 9498 15110 4339 16544 18272 1524 11160 1587 341 11181 798 4949
318 16507 12309 9002 7475 1756 19447 4136 14469 12889 16568 4304 12822 8628 17438 10914 19011 7752 8414 13062 7266 10945 7349 14381 9932 211
15775 16887 2272 14739 13091 19385 19164 641 13086 3023 14659 19096 10262 1850 9768 3850 749 1880 19935 14948 2128 10779 10948 15191 15273 3926
13348 14877 9286 3417 10231 17147 14503 2474 19464 11247 3914 13642 409 18051 1421 6298 17565 17819 15809 1137 247 15034 6676 1606 10955 14131
6525 14200 19626 8756 15468 14878 19981 12110 13841 2352 16183 5502 7956 6632 1935 10403 16513 10681 6530 8395 1263 6246 17265 8797 4822 13695
5098 453 5704 1357 13981 1752 2237 14506 6178 16278 19090 13762 2604 10075 15561 16888 4704 150 16336 15630 19946 17287 12695 11094 18925 14227
1288 2384 12224 9720 4474 8617 16952 5492 610 15466 12020 14252 8903 14512 13357 4077 9467 11565 15114 4136 12823 19804 7674 7517 18315 13214
6680 11443 11319 7165 4366 4885 17411 10201 16336 4028 11513 9168 6648 11305 19905 13328 19686 3407 18380 8632 5163 7687 12201 17688 3303 9347
13501 15170 3456 1064 19934 19064 4699 12088 2092 9409 2671 4982 11233 18074 10992 6515 15404 5850 6578 9291 10496 300 1972 9673 18960 2139
15941 5346 15284 8270 1335 16019 12399 12110 4475 11099 17094 1662 4478 3339 9966 9727 16112 10648 4177 18728 878 16588 16186 11819 16429 14903
1907 10711 14559 7820 9410 9716 7784 14089 16961 3273 2563 6048 19199 6965 1681 18103 14816 2612 5337 2911 17117 16874 16803 2242 14512 6828
12492 2962 2479 11169 2104 11987 18154 3548 11899 4805 16045 1070 1125 16004 13972 5277 16760 17235 6687 14656 16978 1287 1173 13584 16046 2230
17120 8174 17789 14297 11910 9924 2415 17970 4298 8012 18454 10793 7098 14045 769 7444 1422 16380 4367 18103 19247 17330 8464 12839 2781 8163
2926 12090 9961 6760 4440 14729 9448 18517 18571 13162 7967 2157 6809 8346 18959 16629 19854 10085 11080 10608 2608 17304 14514 3282 3640 13347
17842 2797 17448 12314 797 15453 15125 2590 5546 5807 13414 2278 13002 6672 7732 10016 19952 12326 3113 13649 19914 5326 18834 9688 6114 7698
6049 7537 1270 9302 12071 6404 5135 3887 8652 8452 11987 6393 5151 17922 15564 1337 15047 3085 6553 5017 16154 10131 3739 310 14057 1770
18558 9480 5490 2824 16146 14791 14202 10871 13442 8819 3176 3728 15878 12175 11947 17539 864 10804 12017 14440 11273 162 967 14547 3578 17496
10460 10510 19187 18386 10336 14173 16935 5064 19380 6824 11053 6879 16189 5996 3810 6527 1948 5645 13750 743 14794 10370 17545 8023 19082 19644
14796 7611 6400 8467 15394 14534 6076 17923 6068 7996 8802 6764 10753 17535 8942 19404 12690 18255 6540 4671 17650 14448 14488 3617 1678 737
6398 10720 9823 6659 19230 9344 10678 11930 13438 16578 8061 12580 5728 4493 225 19689 14608 8410 14828 8192 815 1606 15288 18670 6119 272
251 9535 16705 19919 4102 9277 18539 18855 5340 359 19992 9940 1442 9117 5807 9190 17248 7432 5458 7173 15140 14444 3570 18741 18850 8498
19259 10838 405 18268 16191 13623 1813 6134 17302 4186 15545 2090 13343 6609 6218 9088 8131 9888 18081 8927 19180 7622 17254 6172 4472 17087
10889 16233 3457 19859 17188 16800 16980 8852 6032 5383 2207 18165 14316 2110 2665 596 6385 4453 609 4984 16554 11956 19195 10625 439 9774
14167 12016 12740 15267 19670 14080 13166 8856 10210 14231 11201 217 14222 4316 1399 5508 7222 831 12249 6267 5604 9575 13313 19899 10583 6307
3127 14759 9820 12537 4836 7587 16382 1463 15274 10738 8738 14556 16191 10566 8849 5555 18624 12741 5365 7523 7950 17495 3567 18512 7033 9761
11518 12922 15892 3899 2590 19958 6560 13645 15478 2121 12884 16561 13558 8593 1872 16810 10987 19655 17581 11490 4125 7527 17769 898 15440 5472
13359 920 15729 14981 11564 1816 10586 2712 3478 2237 16486 1405 16461 12055 15391 9118 11979 18062 3754 9742 10650 12196 1512 11519 16139 18417
11769 9652 2824 1081 10632 12406 16566 17103 156 9704 16504 6781 4980 3610 19415 17186 7465 14296 1667 11237 11921 13224 11909 3763 8940 7394
10693 2985 14882 18000 5184 12633 1818 4262 9777 2527 4821 4551 8363 16642 12201 18133 18005 18853 4249 14660 3186 12405 12170 19019 13973 15556
4936 4054 8654 9548 4223 2414 17499 19246 4765 2109 11976 3366 9714 10273 3150 2913 8688 16128 12823 12476 7497 7813 19677 17945 11469 14789
35 14124 17078 13912 2140 6584 6507 10926 2801 9921 16870 12959 13796 12015 18891 19805 1532 18664 14697 724 14130 7585 4203 5698 18 8183
17974 7474 19821 2139 1971 4867 10021 6648 753 5631 8614 13104 8115 11423 4311 12436 19333 17970 14401 16753 8656 3024 10202 15448 1002 10542
12915 11131 11663 624 15563 5719 2524 19326 6971 4655 9089 7095 13086 17479 17441 18412 18708 17443 6832 2001 12574 16660 18195 1747 9295 19067
15210 9355 7421 18276 5545 2641 11205 25 19434 18939 16958 15173 13441 18708 4708 14778 9399 5789 427 17856 12116 18562 2032 16833 2286 3500
4557 7782 10338 1531 11285 14363 6842 14704 14886 15232 1539 569 5026 5715 3262 17033 10441 6976 13785 9553 16630 9348 14416 3292 2810 2744
4351 6967 17546 5550 7640 3747 12677 12375 10430 3562 11861 17569 4719 15682 11230 13717 16454 9134 11495 12481 18964 6145 47 5297 10373 15985
9399 3023 12420 7770 73 1377 672 3519 14750 5553 7028 14282 16214 9835 2176 80 18641 2635 15828 14347 10281 2541 12157 10395 13663 19461
9922 13616 14981 9780 18730 3383 3034 11093 2933 7618 7076 18821 13758 1191 3486 1780 10598 10691 13556 7351 5938 8730 993 5871 18868 11933
8042 17034 16585 19056 8735 17680 11186 2999 17564 13169 2801 8934 4825 10221 4343 17021 15975 18924 7710 19445 13292 7724 13995 13980 13142 14871
16762 15849 7445 16330 11521 12127 16667 9281 10198 11080 17976 14026 2242 17609 7328 12968 152 13708 2174 4817 10526 1854 3878 6119 3215 11411
12236 5753 983 13360 8810 12777 14438 1438 11914 8554 10771 17007 18762 15328 5872 6323 13047 17300 14627 12407 17903 16765 14166 10021 9811 14832
12389 13005 10087 13447 8587 4838 14405 7047 1434 19734 15166 6239 5534 2065 1648 10136 8162 16599 13936 3824 1005 11057 6289 2230 3109 17997
15305 5799 4515 7433 5673 1987 8110 11360 9055 19396 4998 9100 1318 16218 4731 4127 4177 5289 19165 10576 1567 12218 15494 10882 3897 16940
12991 2684 16979 5011 7310 11145 18905 8071 3576 2378 11055 4363 7554 10976 1738 13334 19055 9512 2151 15946 4345 8732 3597 2750 3278 9938
2473 8554 2796 72 15855 14128 10844 61 7409 15630 8907 18043 12397 15720 4492 17696 1338 1121 2441 19251 9152 11523 7153 5559 11185 13481
5928 8078 16380 429 8021 14289 764 14343 8453 4544 4222 18810 13286 2422 4324 3096 3400 1072 14596 14883 2712 8283 2591 2824 3270 15596
19098 5264 2097 17941 18905 12782 19696 17498 5953 18273 17590 6919 11878 14941 16798 1572 17503 470 5288 2232 2509 6425 10399 82 12066 14451
5374 15613 4589 2597 14670 11997 16667 12227 5793 17016 19587 18412 3434 269 9130 4932 5374 10485 10030 14643 13957 6605 15534 1235 3073 11571
5368 17144 10896 1648 1704 2473 18828 8711 13538 5929 17199 9521 3747 3031 14541 1867 2043 4505 2329 18573 19361 8762 9872 16785 5676 11037
10544 6924 13899 13240 4015 8212 671 1059 12927 7612 7962 4669 2319 8751 1400 11477 15238 9756 18535 17124 3462 9060 14 17141 9047 5910
15267 1705 18278 3897 17064 11013 15365 17905 5161 10253 15907 15344 9955 17841 16436 4986 17057 18719 15216 8508 14767 18383 7676 5349 1865 177
8156 12992 19658 11009 9482 14204 3226 14179 16262 13424 16093 196 4809 16794 11649 3431 6553 4608 6397 15030 11720 3181 8269 13928 1080 11475
10152 2265 4311 10725 75 2009 1694 1859 2903 17418 7235 3420 14118 4635 19676 6994 8843 17624 3636 11946 14917 13783 2237 13353 16278 12728
12644 3946 4573 10663 16148 8798 11712 12840 13954 17514 10730 7358 2220 597 11845 14683 17953 8416 18930 11995 17961 18849 635 225 13446 11633
1940 10056 172 3651 15809 4260 14425 11912 15991 10057 5042 13201 15309 1266 14851 16815 2502 13309 4674 3036 13956 2646 12513 5652 18249 4574
18960 14898 6626 13413 9215 3923 5501 15415 11739 17148 14188 19138 8235 7856 12987 9505 5267 14386 12226 5426 4804 7471 18588 17831 18738 3879
16502 13426 7512 18265 1030 9895 12219 7399 15100 17361 13276 18365 13606 12608 9441 11627 15468 13597 2821 19128 19983 750 3483 10059 18636 5641
331 8819 10475 8212 14111 5997 13317 7301 4753 16458 7472 5106 3895 7399 5415 2457 4829 11605 8440 17506 19850 82 9187 10588 2281 4660
4330 12349 8745 14346 16303 5618 5450 13879 10144 2125 7225 7873 8290 5284 17326 5075 19215 93 3767 6227 3279 8619 6785 15272 4257 8477
10725 1874 3792 2590 7532 2171 142 18310 10793 3521 19249 4373 3339 11234 759 7270 11056 19480 17741 334 4864 6625 9784 48 15135 2856
16247 13110 6785 10430 12325 14997 16608 11655 16649 3532 2160 16970 14546 17506 591 7664 14335 11709 3384 9342 12061 2019 11889 19775 4108 1916
8960 16898 14554 19739 3205 721 12796 5067 14852 3410 6209 18168 18551 18414 1800 1571 3608 15114 7854 11792 8198 13489 3515 7634 1952 16050
1842 18451 17419 591 2390 11791 11124 730 11384 3096 4470 11936 6042 16450 1779 1094 2810 7092 14995 14530 17524 17756 17133 13794 4210 11964
5465 19133 12850 1314 19432 851 18789 1630 1534 17911 3541 11466 16900 11550 3744 9966 4470 5158 6279 1186 6603 12758 5439 19287 7615 17330
18480 10475 13827 7672 19632 13248 15846 9638 13700 17311 17328 13978 14145 15978 14578 10518 5368 19878 10691 644 10179 16865 19404 10402 10788 295
1101 18815 11443 1509 16789 12278 1868 2086 11532 10285 6098 7173 13954 10909 7782 10293 17955 12186 9972 7331 8452 9213 1612 4182 16508 801
10508 11081 2449 66 6347 9505 13799 18485 14689 16841 16512 7924 2858 6245 19509 6564 2540 17883 11048 14490 1422 19100 6895 1934 10395 8210
19027 10719 12241 5368 9260 14984 2814 2306 18502 1215 18921 8326 13318 15979 3393 8779 6774 15624 3389 4509 9642 2447 14883 14394 9147 7040
217 12310 19339 12578 10794 4687 3662 18399 11588 18423 16002 4911 19754 807 14140 10073 16729 16623 10502 2016 7035 3377 207 11598 16769 19258
16514 4178 17137 11589 3002 5738 14535 13814 15708 1520 675 5210 9469 3979 14786 2834 1547 16438 585 5220 16332 19288 7291 866 13946 7547
1472 15781 1336 669 14505 2359 2722 16259 11045 16503 11932 18574 8196 16149 10837 17788 14998 9954 19633 5574 4268 5166 12538 5454 7966 19378
10740 5025 9996 10658 14197 5317 443 10103 1937 14889 2617 13385 1579 9003 10886 16978 12229 1258 14267 11980 3118 9806 11676 4031 14733 16870
19129 7177 3091 19007 19073 5631 5704 881 19656 11956 11914 19058 9899 16016 7065 8478 5128 18018 1959 9822 2283 430 14333 16297 4511 9354
5753 8980 13124 1059 4159 3340 4381 10018 14478 17901 13998 18755 10731 10452 7559 18999 16595 12208 8203 14933 12044 2004 8652 13117 4842 12348
17799 16158 8179 12231 15065 6346 4044 17462 2183 344 4126 9006 11857 11104 5556 11819 137 6961 11340 18679 8539 8932 8988 15391 4764 182
4987 11134 5737 11788 17198 13752 15399 8313 11661 11722 120 7723 11851 5100 14824 7920 8659 9581 5531 14824 812 5188 497 11962 17655 9092
4740 7453 2461 14491 404 1933 7970 12757 14993 18498 18227 5160 7727 6554 14134 10178 16702 13334 17011 17878 14148 7834 15799 818 894 2379
954 1374 317 12800 7275 4427 15029 16228 14223 14028 13471 12061 16564 12146 7511 3481 2496 937 5949 15749 1311 19542 15553 19045 5792 4599
8278 12233 190 6678 993 3189 8515 8527 11395 16587 13442 6548 15666 4683 347 4615 19101 15763 4197 7964 10261 8200 2472 5435 989 19244
4753 12959 11365 4042 3309 6994 9219 4094 13295 15294 13715 15621 13421 15636 19638 729 16249 2219 10300 18483 5937 14413 15848 17431 19984 762
19302 3784 2104 17300 2226 6289 7490 3444 16257 4518 8589 5164 19152 16892 13019 275 1934 12486 11749 1981 1030 6673 9450 60 19161 3638
3917 18206 14695 7964 6230 6951 16097 2343 11251 8570 15974 3381 18669 9628 19103 16101 8409 7916 9773 10282 11168 13249 10162 5736 1417 17642
15278 18018 18946 7181 18058 439 13612 5142 812 16698 10927 1745 11890 2946 581 17141 1339 18615 14177 13963 9469 10010 1642 10262 13347 14464
4864 11105 16995 18369 4837 4853 12610 12423 8262 12756 10762 1399 15053 11119 18015 6628 11747 6052 9921 14734 3754 8792 9980 18458 13018 15265
15324 3073 8505 8584 17872 15671 8994 8733 10615 17084 15975 13516 12460 2218 8142 8288 15343 423 6941 10359 17017 9734 3959 11911 3416 2789
10942 12073 14808 13196 14820 18012 1464 992 17291 15329 18526 9512 723 11354 4306 1987 12506 17428 14815 3311 9752 176 17136 17772 15925 14617
18686 2981 7181 19513 14897 3309 14973 14325 12646 6030 10702 16742 8565 9262 2544 469 19639 9422 7273 11065 15488 13865 12326 4178 12864 6664
7098 6474 13066 15966 1392 17501 11170 19185 3400 9653 8987 11946 9451 4716 14063 5787 19844 4797 17854 19519 9684 17179 9687 16924 14383 1683
14368 16241 2402 2607 2354 2679 1019 3824 17478 10904 3738 6476 8075 12980 7365 4240 1676 5378 9690 17968 19567 4693 4985 11309 7459 14153
19376 17183 19523 6588 12700 12507 15049 11148 15264 3168 274 16190 11149 2590 5429 13622 4089 11377 12565 8667 19020 9128 8484 6839 6631 19930
1777 15253 14713 10704 18630 3977 17804 8527 17232 12549 9717 8169 15781 16493 611 16084 7672 10412 12034 3631 2361 11704 11164 16330 2501 6870
