365
26 38 60 24 75 2 38 78 64 5 67 98 48 74 67 10 33 71 32 51 71 8 8 66 87 91
11806 6947 14467 9142 10200 737 15634 3086 12185 11711 17854 19030 16508 1486 16040 19795 16544 1528 14203 18470 16126 18263 16392 2112 11893 9612
14146 15308 5052 1293 19795 3122 10658 2498 19440 15265 8273 4499 12035 14025 4397 7231 4480 17077 10700 11174 9297 18710 18387 15289 19758 4852
10734 10529 15671 11893 4118 13422 5804 8450 10127 13895 15670 16915 12846 4843 6538 4128 4743 14880 19084 3249 8155 18683 16850 7484 685 3079
8820 8945 4784 6714 10799 12297 15186 9296 10438 16820 4498 12755 2671 649 5282 19993 2517 12599 6482 18477 10837 13364 17526 16258 3362 15641
569 286 8487 7196 15941 17347 795 5947 10447 14645 18475 5947 13595 754 1061 6700 11911 19135 15546 6586 7741 5849 178 19657 9931 16609
18693 18730 2994 4877 13121 17542 8613 5331 17347 5777 8869 17256 7791 16607 12935 13639 17197 13173 19169 2662 72 9053 17685 3044 7407 13954
17952 5134 3516 981 4001 16584 2855 15977 8440 13745 11842 14221 4792 8190 12197 11783 8213 5346 14857 13753 7440 15213 8612 15394 19425 19243
1628 17182 14457 15776 7838 49 14803 18363 16031 6172 106 3606 4968 17349 4006 3150 19383 19259 9235 4991 18181 5183 17124 1505 18501 15993
611 638 14123 243 16318 15868 8526 1792 271 18104 11407 17966 8533 17403 17169 12983 12835 5994 7724 10493 4042 18632 7845 4674 4317 12985
13585 17291 16350 13312 822 10898 10365 587 18291 1566 7684 1020 11701 5965 16924 16760 5104 19642 16216 1533 14136 5113 7172 12197 2232 1989
8220 17586 3947 8005 2042 6367 7531 1567 13743 17078 971 1560 19656 19518 17497 7939 12517 5933 5750 2035 13747 4312 14741 19783 12250 17698
12809 15049 5305 3329 8134 5909 4367 7864 7795 14970 12156 17289 13121 7058 3633 1069 4242 18208 13333 6436 19151 14725 10417 17332 3894 3053
18441 423 7107 717 8916 11355 7220 13051 3874 18720 3138 17506 2624 11850 8318 2482 8644 2528 640 16930 14941 6891 16094 18048 4421 5431
19480 17680 1559 10906 6105 16165 5053 2919 10722 13940 12898 2884 17784 1936 5271 3759 12837 374 6904 9393 7064 7378 17845 8130 9901 3713
7346 19114 19743 4468 1847 900 12480 17758 6137 3611 6730 14943 23 12125 13870 17285 8005 1747 19967 18224 2207 6837 3621 3718 3764 13487
3084 9797 10300 8673 11967 11611 13770 6793 2667 16661 19797 17008 4910 13999 11299 14901 13171 5204 9810 16751 14111 19734 1393 12975 19396 5539
17463 12182 18020 3346 5871 1573 10194 9995 7765 5175 19225 17219 15607 9790 3148 4140 11433 19201 10524 17548 17412 6779 6929 7617 8342 10182
4461 12014 11757 15712 18788 13090 17403 9725 1655 13317 19482 12369 18396 12100 18134 7985 11176 13031 9580 2873 6184 9181 2059 16945 11925 11043
13082 4285 12926 9137 4950 9113 10641 7192 13253 9046 12699 3957 4402 5121 9842 15629 16396 14874 16379 9707 6417 18108 14674 7453 966 8402
2804 13926 11094 19679 19522 15645 2014 18761 6065 13478 8608 3799 10085 1419 12541 10351 5272 9160 2524 14772 733 18334 6070 16640 1366 3470
9515 3622 7707 10608 18795 3001 4463 8154 16473 8996 4147 9328 16311 2082 17080 16461 19615 18896 19568 15858 83 4757 364 16128 11544 18890
5897 4266 9698 12743 4339 9323 9931 1798 8421 12774 9582 12269 1304 5285 10519 16318 10610 9440 17387 9643 11276 12005 1360 10351 6991 5337
8190 16746 2765 3239 5976 7246 12593 17792 6341 1048 15802 12960 13085 9419 7818 8125 4391 2722 12701 4153 4859 2136 13149 1141 7842 2900
9543 18079 5237 2514 19973 4672 11385 11776 18071 5268 3342 10907 815 14906 15459 18466 4457 2556 1467 1642 11689 13491 17068 14449 2942 14571
1769 16680 3259 11249 13969 17081 1599 14060 10163 8406 565 11961 4197 16105 18781 2123 16986 12149 19179 13992 768 15446 14036 2786 4411 8932
14257 11569 12605 9103 4592 9089 1597 12828 12409 15743 14020 15862 445 2782 13069 2714 7927 19578 792 6073 10911 11804 16999 16491 9178 14442
9038 10902 4989 7195 3447 11398 8251 5361 8997 16805 3347 6737 11283 13796 10829 16870 14252 1416 10378 9228 9539 18584 7711 9834 8048 404
3674 3403 9227 11416 18579 372 11836 1877 13660 1915 12638 4682 1265 17306 4532 14933 10140 15524 14644 19221 1075 4229 14129 15310 6942 14303
3474 1917 8095 4696 14501 15126 17759 1220 11806 12608 19033 3486 5855 4539 4310 6722 18837 10306 12327 4311 5721 2886 522 1452 3431 15090
17410 10952 1257 7018 13801 1082 16514 8431 15109 8423 4733 854 16944 15840 986 19603 7607 17709 4343 11618 7642 16783 6274 1412 10583 3665
8785 8072 2563 2309 8928 7020 12095 17240 12472 16865 2122 8809 6652 16926 9466 14128 4045 2411 1223 15580 4082 12598 17274 7258 9895 15434
15776 5987 19591 725 16835 18264 2814 8387 19679 11786 9811 12080 8821 7994 14146 15441 17676 8212 12019 4193 17628 13203 5828 18618 9957 1966
16041 16551 11297 17797 5069 13152 6745 8901 972 12135 15734 10046 12213 9581 9315 12584 171 1089 9879 843 7939 19796 1159 1627 9416 15521
5732 7645 7287 8109 4254 275 9595 8118 2097 1684 6279 9263 7370 2684 18095 6538 4245 17901 15978 1891 2783 11003 10736 11875 17347 15380
120 16468 2338 5661 11562 14368 1659 12641 4406 17965 11502 12225 18534 1660 15053 9837 7833 17926 893 1380 10777 16504 8334 12125 10016 19812
15329 18609 3564 2136 10785 1658 4632 4490 204 17542 16920 12934 10657 10100 8238 749 5079 6658 16623 14102 16809 2653 6958 17510 6031 15800
6470 3571 18536 3297 3471 11320 3148 6737 522 4280 17660 10551 18703 19038 1207 19383 2711 17336 7142 6693 6810 16823 7574 12551 19457 5941
17785 4800 8987 9464 13627 10834 5576 16010 9978 6455 843 9840 3352 9603 2918 10147 18938 10601 3322 9850 5630 13990 12854 8190 11758 6950
8248 3663 3528 19309 14313 11035 5742 1339 4441 4933 7059 11246 6948 5384 7210 815 2709 7383 1233 896 4172 1849 17761 5790 4317 6221
17349 3281 14488 17403 3234 18223 3524 12984 8776 7411 16319 9950 11381 15386 13216 6858 9413 19404 8192 8433 10745 17664 13196 15032 13604 18435
19876 10312 5036 12626 19310 13430 4402 4488 9955 5021 6057 7476 6817 18679 4150 19916 15417 5022 5549 1797 3359 11173 13067 1235 6347 3669
16106 14467 13950 13450 574 18183 1247 15377 18882 3558 15526 12317 1142 16581 13601 11411 8345 1794 5051 13103 19026 7844 19522 12499 18927 13980
13817 16440 1836 3383 6703 4469 841 11771 4764 19617 16180 6977 15793 18389 8981 14160 2179 1712 19534 3340 14604 18098 12215 3769 12922 7573
12824 17965 8956 19908 19384 17659 6290 8955 17565 6201 19050 16487 7115 18834 19298 15892 16316 9187 9558 15384 5697 8155 692 5023 2409 6983
4020 204 19261 15070 3329 11021 14865 2462 4457 13610 19058 6592 18894 8354 4728 996 14000 9783 4005 4354 16428 1782 19814 6833 3612 1757
11868 5482 396 6271 5571 5279 12222 4643 10627 8624 11170 9801 11507 18383 18631 12951 14800 2106 7030 10730 15791 12586 16690 5975 13071 10158
12748 2349 10169 12877 8647 18757 5061 1170 18559 12910 2010 2731 1068 10541 19482 4264 12700 9381 1416 17044 17083 13516 9666 19541 8475 11486
5892 5907 14070 1298 17185 1855 18820 5168 8618 4411 1076 16119 19323 5218 13364 16193 17958 19673 8020 1807 15898 16990 1371 3989 19737 14810
17841 19377 3656 11588 1232 4344 4079 5923 14167 19211 9587 562 5768 12123 6266 14432 14758 7315 8293 14926 2971 9752 16813 10751 15922 3778
1080 12013 17100 19657 16693 6582 16370 18915 6497 7466 14922 4871 8794 1718 7792 18823 17825 1826 4920 19536 7613 8800 15275 15638 16228 10548
13144 17579 973 14512 11394 15688 830 5707 6674 5460 7717 10725 16666 1852 2131 12174 1915 3210 9422 15060 4902 12611 19919 8493 3152 9155
3481 2186 12197 18499 8799 19509 15377 4494 15138 19751 12690 12007 7825 2125 8758 4821 9798 9293 11050 3591 10964 4804 11666 16638 6193 2326
5438 10410 14929 2396 2503 12224 14101 16606 18130 15036 19206 16123 4440 6650 18732 16579 9179 6631 7560 12341 8289 4958 4831 5213 8844 13874
1690 595 13696 1615 12473 6019 12456 286 11533 18381 2105 175 17814 11848 3573 7060 6000 14572 12288 16950 252 16639 16695 15411 10011 4345
5313 148 16902 19391 18447 2577 17811 1118 5859 1628 5154 1651 16964 2045 9446 4071 4892 19082 5838 15515 8362 7667 9028 15484 3620 12265
8390 196 11412 12411 10968 13 1796 10280 19700 11333 8460 1407 3692 3902 8132 10355 10694 15862 4520 14841 3219 14769 9458 308 12113 19961
5474 15705 1759 13465 19307 11406 9782 11020 14757 3347 10405 5380 14226 16743 5710 12279 7762 9254 14683 7549 16254 19033 10998 19943 17944 8190
4578 13816 9325 3047 12724 5281 3378 4502 14496 9629 12192 19355 17536 773 19690 4437 7340 2237 19568 13979 11345 1974 14118 49 495 5617
16940 6620 10662 7400 15058 8999 16984 16065 1857 18632 8226 2487 19649 18652 16203 4988 5215 6584 13433 606 1389 14059 5676 4643 14449 17215
3933 1772 12756 3913 9501 17939 3823 10795 14192 1414 12661 4022 14532 19845 2064 1117 2951 1037 14197 1660 18543 6057 17946 1091 17542 522
13333 2261 3424 16513 19000 16300 719 2093 19309 6452 156 5456 8662 462 2595 1627 4780 19334 10807 12198 8654 19002 522 746 10006 4369
12570 13588 4280 2001 16843 2209 16086 14162 5765 15597 718 18109 4095 2040 17960 2360 5552 3627 16990 18448 2808 15223 10900 6130 11189 8689
12066 15900 16953 7552 8649 16178 11052 4620 1346 13971 255 9668 13294 6841 12220 5043 5688 12604 17211 9796 2302 16462 11953 8987 10400 8471
7040 2996 893 3807 6112 6623 14737 15254 1321 3403 19980 17533 1374 236 11890 17640 344 11603 4976 1359 4614 4477 9225 10900 5107 1641
12649 2307 17763 2155 13428 14191 12030 5987 16265 13026 16639 17529 5282 17369 6000 12685 11973 16234 13781 19567 1363 15262 2018 16288 4407 9908
19105 7045 16438 19762 13328 5221 12884 12179 13662 16534 12740 9751 12823 64 3668 287 12210 12033 13711 4706 18259 1915 16019 2526 11908 13126
5624 11978 1779 16081 17183 9693 8479 17240 10390 4370 7125 10165 19246 18428 11853 12693 2262 14633 13605 15912 12646 17226 15821 9396 5993 13916
17526 3527 12312 5009 19139 7958 14603 1279 2630 6144 4413 3100 19247 3685 10676 5241 5273 18178 4894 3079 17351 18363 17530 19557 18303 19181
7835 14100 4960 9218 5705 15965 5230 18156 2869 3533 17675 3476 15329 16360 5412 10976 3211 8080 2936 1918 976 2681 466 11873 10103 2975
9992 14662 15731 7971 4817 9557 3638 15926 11354 3661 6164 4200 9987 1700 6662 15407 4247 14193 8294 10580 13834 1990 17316 18467 14827 19206
13317 7723 9786 560 16766 8211 2348 7084 10197 3753 966 919 11935 12443 7051 14850 14393 18968 4716 10980 4277 13470 11934 3288 15636 9431
3233 3962 12835 312 13274 4327 14037 1410 16530 19373 4213 19737 10543 17286 3612 19612 4210 15764 9985 3786 11466 2913 2180 9587 3828 17481
14264 2401 5325 703 3445 14563 19585 6350 14102 15830 6120 9798 15046 10662 19018 13942 16790 10786 6813 16191 8235 12209 7053 13854 11917 4986
18261 12039 7604 13451 12806 3374 4936 713 5644 11193 6390 5151 11995 11444 5916 5659 1351 10444 874 12869 8233 10391 8763 5646 5804 13172
12292 15594 16888 10394 5383 8143 15237 827 12829 17883 524 8150 1946 124 11550 10188 15764 12782 14097 4556 7330 1329 19361 2494 18543 1841
19832 13945 6714 5385 5734 8190 11550 15149 15870 14692 12976 10954 18427 11533 2759 3424 6955 14248 17873 15672 766 4986 2283 4132 4290 9179
11935 2560 7116 8797 16158 9477 2164 6621 14385 6668 5558 16101 4864 13854 15877 2414 1896 12131 8227 16636 4636 16084 6050 9886 3664 12213
1134 15032 15247 13206 3232 18849 16272 7144 928 6561 1132 15500 19202 17293 18272 5775 19899 7329 3352 15931 2357 9711 18491 8460 2902 3244
15353 1101 7215 2091 17530 442 17996 7404 391 15504 17910 15106 19335 10835 547 9390 15613 13495 19709 10715 18756 8243 3853 2614 11495 10436
13123 17259 12315 8691 9947 17398 9797 18824 8348 7258 15121 19973 648 6723 1614 17113 2557 15926 5434 5769 16425 554 7303 2003 7421 16209
18495 6626 372 5504 6005 7406 15655 3878 6054 442 4540 1319 16007 15665 18131 6420 3035 14875 16434 11666 15371 5730 12746 4111 10048 5797
13977 12460 1126 933 13951 3955 1467 13933 960 17188 12702 11207 2832 16991 5310 5099 16165 4625 6815 10168 2403 3255 4351 16921 6256 17819
10756 13994 6976 7624 3960 7250 8809 5269 3361 11612 12094 2035 13741 2973 5725 11493 19836 43 9583 6668 15026 7994 4935 14599 7960 6418
18368 11842 10736 12274 6840 5155 4843 8999 14721 10651 3509 19078 4364 7351 16114 6745 4564 19914 4925 16184 3608 7954 19651 14873 10092 15084
10324 18694 2802 4619 4948 1744 4348 9509 11685 3829 10354 5925 7538 996 7746 2422 5563 17147 11838 8718 810 1432 9601 18900 609 13264
15096 436 18454 18297 7296 10509 1937 12190 5307 19835 15762 12656 1811 12786 9117 2475 16768 6862 11066 12682 19702 9613 15096 1529 19564 9589
7720 6287 15640 19061 531 3852 4753 1903 18617 18163 3941 19334 2739 19066 5215 1182 2341 15480 8653 5793 9023 2179 19015 13713 13341 223
1264 4515 14323 12605 15333 2160 5354 15571 18240 279 9613 18655 3918 6575 12171 3360 6253 10833 1616 4831 4890 2816 14804 6201 9667 5994
15459 18600 1415 11919 93 5519 607 18286 4810 1977 1491 8746 2299 15870 3134 18196 2385 4775 250 7418 6294 4721 5474 4888 9506 7931
6287 2734 1466 10023 5098 7839 11623 14409 8824 18484 11840 11540 5011 13162 12989 11536 595 4365 673 2303 18497 18052 8678 14404 6558 8259
18118 6236 10111 4731 4516 8607 11478 11378 14095 9866 15645 15175 18083 15120 16707 3975 17343 12130 9095 10991 13280 19789 11347 2213 11758 7350
7686 15307 3623 950 9685 5632 1570 12266 17114 11383 16035 6682 7108 17059 1119 10015 4799 18703 15195 11535 8950 11572 10284 7639 6028 13613
9352 14085 12237 17284 4733 3851 10232 6813 17080 5754 15864 6716 10083 11637 18782 263 19642 14337 1565 18627 3504 115 992 7466 3681 864
10199 9028 6604 19601 744 7002 16402 2206 6696 9178 9434 6337 8050 9862 17351 8074 120 9665 15024 28 5860 18328 7644 14201 8815 16655
1396 7181 6084 15941 9510 16739 12806 14347 5791 14384 12554 4113 17792 15111 5779 6250 5952 11340 17099 16010 16134 17106 7953 3068 5792 4425
10833 5317 17128 1204 12775 10561 1280 8999 11892 6122 5341 16926 1894 8964 5781 14490 12566 5844 8500 3685 469 9890 19928 8141 11338 7304
4684 5218 5753 52 1112 8532 3549 15659 14641 554 13655 19477 14822 17685 14064 16754 10171 11320 16476 12134 1510 11463 10522 4412 15220 3580
17954 8007 1457 17672 6816 17703 16870 1835 9011 3493 11352 18538 6331 12180 15732 8698 14352 11597 2003 9824 10739 3457 8128 812 6364 13956
4970 16857 8959 10441 3905 17783 5415 2508 1190 14376 7192 6352 19286 19019 10408 15886 2407 13842 6227 13779 18947 1635 13592 19901 11511 9168
6640 14928 13009 5960 901 19260 40 5597 13835 6582 14817 12837 5841 17280 13100 896 185 19641 9244 17688 576 4516 10705 1079 9662 1110
8145 9364 7801 18204 16392 13533 16727 16179 12730 9813 7587 3747 15472 12957 530 3421 15852 4226 5295 987 867 2245 4448 13886 17662 14167
19233 17637 5784 7818 4691 12264 13169 7378 5137 4029 10800 1299 3991 10948 1190 4135 11550 309 14272 13222 14605 1385 1329 13191 891 18795
3935 18858 7244 8471 7947 5956 1505 9187 3664 12752 10735 14270 7858 6255 3417 13160 6799 8996 17356 14696 9201 17814 18939 11250 3280 19630
18885 9410 12655 11039 3677 8869 1424 9606 3271 17673 5336 10608 5609 8244 3999 19485 4875 14668 10075 7737 7267 1499 13054 10203 4535 16990
9591 11406 8561 3811 177 13409 5362 11459 17127 4647 12414 19298 4514 10710 16141 18618 17512 808 2474 14126 3148 14745 4724 7022 14501 19917
8715 9107 19464 1535 16147 12765 7631 2213 7930 12017 11055 9323 9840 4760 10791 7226 6896 4242 18820 8735 17894 19421 14016 1291 19579 79
14346 1061 6516 16365 8338 14420 13407 18114 8987 17092 4669 18728 15888 6500 10016 3556 9188 15978 1524 9943 10093 1271 15135 11685 17424 5124
10646 19777 15427 15091 10251 19511 10828 11305 14080 5654 12779 1977 18182 18118 9079 19930 14671 3929 6531 19353 201 7828 15936 5479 979 1696
13538 18102 4933 14013 1901 11298 6384 8697 16604 907 17053 2148 9341 15850 5823 816 8321 5466 2653 11537 2589 9349 9680 7858 4940 9070
8789 2035 16919 528 13346 3872 14460 3011 13581 9616 16343 10588 11376 19631 9251 16711 2090 13313 19878 9959 1051 14745 10217 15620 17783 3978
19839 12022 8356 18621 1593 2575 4417 15149 16119 14792 10858 2734 12234 5767 13507 5204 13795 8105 8701 737 11340 2136 13068 5928 9401 3282
18030 1646 4952 14595 2924 19687 16270 13884 17808 5174 13965 12151 14505 10410 2863 14817 19200 6963 7620 9811 19424 1733 10417 17426 124 3495
19597 17338 12358 16587 13720 12176 8083 8874 17679 8377 12120 9517 7854 3181 5547 10656 480 3516 7228 5596 9675 1683 1284 1200 10700 12202
17534 12972 16598 15298 12641 8182 424 16729 17662 2386 2440 13736 10895 18129 1962 7511 388 13302 16560 7797 9747 8882 6455 15457 17811 13920
8671 6089 3149 13317 18111 3282 4616 6715 19489 6018 4334 17198 10449 10204 9825 9854 8024 12785 3321 9159 7735 3735 7417 3431 3765 10953
1834 558 1354 4437 4731 11482 12238 5701 13072 14801 17071 4900 15621 8688 1007 3492 17980 15836 497 4524 15599 7934 249 11125 16853 13120
3711 10969 6856 7657 12275 11744 13012 18669 16558 12825 17035 15721 13353 12784 18103 19543 4047 8790 10697 12678 15488 6982 11543 12755 5941 15627
6858 12129 7387 6664 1020 10829 6881 15453 19945 18569 2100 2241 10 7941 19137 2141 4400 819 18184 16264 15770 13719 8804 8148 15226 18874
7795 11374 980 19138 19091 6711 8385 11352 7053 7709 2030 11289 9006 3893 18384 2812 470 19995 16373 6097 18035 12819 6740 6429 3918 12244
476 1393 10979 4582 4643 684 13169 10082 8755 13075 38 15111 13895 1723 15214 5994 13719 5428 2362 12582 7817 14712 7128 19613 6333 19285
6913 7822 16984 14440 7139 13738 7207 10834 7622 3554 10042 1895 2928 17712 5546 18777 11689 7455 10328 2080 14924 19182 5122 11525 13013 5811
8334 7186 11805 665 19147 11991 14130 1764 10511 13580 7370 17728 1283 15809 15210 11403 4486 4726 15422 5444 10777 18152 515 10037 13828 16930
701 7575 6014 7972 12612 3843 14231 16955 11490 15603 19800 1261 9997 16915 10511 13355 5023 13266 11162 14718 13693 7339 2464 18778 8492 18200
9436 13772 8789 19459 19069 2794 9805 16230 18971 9408 4097 1779 13768 2202 19885 12216 13917 16135 11286 13541 482 12405 4791 4586 754 4720
18149 8489 7136 17772 14991 18961 10057 3038 2675 19744 18913 1554 11209 19770 10798 13683 17515 5507 220 14525 10272 14051 15869 5116 19982 13690
11164 2383 10524 19052 15456 13274 13573 12789 6976 6989 9534 19270 13130 9123 2812 18992 19425 8352 3012 15982 15728 12741 5672 15555 3520 3479
2047 12668 9653 1705 19962 19014 1610 18178 3949 11022 2263 17646 13632 8357 12665 2962 18181 3836 5240 4487 17751 5395 12027 11944 15597 1569
12680 17263 4947 14664 11946 16484 3598 6998 10472 19071 5238 8346 14018 18317 794 19466 19584 1165 12101 8548 2610 5084 14662 7518 13888 11915
16126 9402 18286 11739 4829 16188 19128 10377 3258 13861 3303 14923 6702 7631 2531 9466 1175 17828 13844 18652 12596 14527 14848 10819 2145 6717
5019 12085 9250 18707 885 14317 4933 5884 11153 577 5691 16697 11794 3849 17387 19682 18973 1472 6639 4365 11538 4491 14100 19855 3284 5464
11841 2435 12795 7679 1611 581 8407 8382 9487 1978 19546 17261 7212 6518 11569 16201 2281 14186 6455 13995 17353 8433 18336 1729 4442 1624
17892 10191 8650 12244 11494 15304 14195 8289 1203 5292 2603 11619 9827 15736 8045 17852 16127 4568 12131 2413 7753 1708 15406 3904 15712 2653
9587 4718 12198 18459 19937 18782 16045 7988 2698 4400 10833 5357 3842 2420 15419 10015 17384 19413 11416 19818 1988 10674 18733 18554 11926 14903
2685 8761 12931 8584 6218 15128 10235 13893 8055 19249 14671 650 2626 9611 6946 15576 11712 14778 18750 4504 6529 14689 14822 13950 18524 2004
2220 13407 6746 1120 18962 19441 11887 13653 11823 12436 13522 19551 7019 13989 10678 14994 18850 17744 5130 12680 10507 8066 10546 2137 65 13264
4596 19553 17468 6301 4345 9986 17220 4163 19790 7637 19958 2513 18659 12719 8075 3392 6612 7925 7632 5451 11513 18694 18858 770 19828 18421
2499 14000 17232 4977 2900 13 16938 19348 16207 18059 10985 7733 12575 3848 3305 12326 2650 981 15363 14982 10733 15270 4415 19309 2444 17876
8165 3170 1111 13976 16911 5949 18894 18482 15630 8219 12345 8599 10343 6825 2881 3061 17676 14194 4875 10269 18485 14036 10088 4532 520 11721
14802 19435 6778 16612 14267 15434 2375 3642 12208 2763 15474 2288 12230 13003 17505 16703 7123 15496 4573 18223 3477 8724 7377 11876 7319 1892
12522 8795 5914 18289 13534 11986 13072 7177 14326 7464 18802 9382 12358 14453 1106 19225 9742 17219 13185 13091 6466 4519 2669 15257 19036 8922
1907 2559 9211 11899 15035 16896 19264 12015 4924 11720 18044 16866 7061 6611 721 4418 14922 17675 19153 892 16105 18053 13958 2407 6530 2638
7323 6045 6368 15684 15122 2412 13257 10194 19614 17715 2857 6685 18647 3941 8024 4791 14784 17468 7337 3493 17447 17608 17758 17475 12139 10211
10852 17413 11657 11270 5462 17549 1910 7902 10187 16824 11007 15770 19765 14660 6286 13981 18917 7729 15730 12012 2349 1873 18375 14505 12946 11654
15595 12299 8117 9041 6550 133 11861 1064 242 4922 8537 13066 16593 15768 11409 18883 11202 7594 2556 14268 5865 12303 14275 13937 19711 16965
10093 10368 9636 6152 17756 8847 561 19114 5428 14035 1632 16458 2891 8723 1420 18946 19119 16645 12953 17118 11567 12028 15226 6419 7798 8233
16900 8617 13959 10762 5296 19700 14532 6269 9737 2158 10470 6473 15637 15237 14206 2654 17277 5924 18358 16762 11055 6319 3 1267 18097 13948
17470 15282 9149 13761 10134 13801 14295 18889 4970 1463 2464 19224 11208 13213 9123 17814 3759 17335 3567 6246 7837 9304 3542 4597 12648 15279
17951 11532 14070 9251 2392 7744 6983 10005 9341 5197 6249 11640 5392 18182 15475 3365 2013 18731 17754 19788 4750 6753 7277 10396 3673 6305
11614 623 6765 8554 19071 6231 19221 1069 12382 11747 15496 5383 11348 4927 13726 10283 7209 11556 9242 18511 12384 9427 5742 1890 2004 3722
480 14919 14911 4650 12902 623 19877 6269 5665 4086 3580 960 898 19476 17187 11904 684 2787 18227 6690 5646 979 7155 4144 1986 1069
2830 5504 7495 15335 5876 7980 6116 15885 19093 15675 3153 18619 5291 8499 19090 344 14897 3869 2335 3950 10515 7293 317 6058 3740 5837
6324 10078 7279 1053 19306 16678 3763 16394 7619 7947 12968 3360 13393 10316 1895 4009 9110 8410 3518 13453 14420 8771 1849 3319 10338 6304
17584 18659 11294 15725 12444 17666 12176 14028 11522 17290 2260 4059 9308 14247 19819 18541 6451 5442 3715 4182 11355 18292 5033 12562 10092 6518
8746 9715 15103 9030 6614 15182 16680 5761 13388 2742 1149 19484 10274 1845 11325 1470 11779 5775 15151 5290 2541 15419 15371 16928 14026 16750
12173 735 6752 2317 14579 13881 16083 2304 295 4312 19000 164 669 19656 3061 4286 7485 12117 5702 10458 17118 5348 5053 582 5395 4274
8744 4263 9754 1389 9166 14777 17525 4575 6662 19346 19469 14050 5885 4958 6623 17664 19713 17966 14722 7749 8178 6014 5638 17756 16942 16275
11691 10344 5482 11572 10466 5635 8279 17364 10809 13334 13131 11153 337 7999 16517 790 10570 14377 12974 1957 14733 865 2025 19324 16769 14068
10930 8442 2911 19686 16333 15012 18535 14058 9725 18792 13089 1131 12824 19332 9355 1603 9788 9156 6945 19744 14311 12556 3949 13521 16685 645
15227 19209 11891 4974 9651 3381 11170 12922 6962 19342 6022 6141 7388 16878 486 14863 16438 2337 3922 3027 12862 12814 12227 6770 12789 5809
11465 5536 15611 19620 777 10962 212 18257 14663 1264 18510 7759 11520 16566 1423 4832 17169 13045 18823 10621 14600 9481 10444 14732 3855 4725
8701 11249 2040 10051 2150 3975 13134 5157 10941 14514 13417 11652 8286 16746 9523 13687 15607 5458 12270 12205 5141 12842 5822 9528 11653 11762
18918 15295 17366 15192 3028 19512 18213 8873 13307 5434 18061 7083 18639 9810 19637 15395 16930 673 3252 1300 7254 16069 5019 14161 6385 3165
17486 2306 1667 10929 14224 9987 13571 8174 14940 12676 3295 14052 8044 14642 662 4222 14678 15082 849 19513 5275 17364 8718 6986 1822 5489
7021 1617 4758 14249 3838 4032 2087 5540 17997 8681 1393 3215 7099 16135 5505 9926 8934 14905 10431 13314 5626 17416 12305 4176 2775 18425
11619 9004 6746 14916 17166 5697 15891 2522 4899 12834 13229 9157 5653 6989 12528 17538 16119 3170 1371 9535 17377 10536 5926 6934 497 1811
9763 16695 10728 7425 4652 397 8944 19266 4723 5742 1775 10652 9738 4095 11750 15936 3281 10643 14406 10606 10218 11447 3446 5516 11734 15752
6671 7206 2710 9701 12703 7071 5566 8509 19988 4829 14595 13255 7010 16775 6309 16263 19591 17755 13954 17844 13242 13421 7000 2296 10708 7588
3910 19487 18647 14524 9096 406 15374 579 9946 3395 5549 522 15470 9020 19253 655 18811 16625 14815 6414 11600 5270 3072 11492 18848 11872
15360 1265 15541 19512 3766 13316 1578 7626 13704 11245 14488 7324 5434 16097 19775 8811 14820 8711 1990 4725 6791 19900 3350 10024 10081 15356
13199 17416 17110 16209 13527 3463 15805 18227 12974 16542 6430 9648 15248 14868 11309 2281 19576 557 18712 8956 2540 16825 4127 4901 8582 17334
7363 5923 5998 7206 14733 621 4152 10692 14735 11122 7461 14852 7817 19461 9139 8663 2186 16065 6490 12710 14037 5056 5470 5005 11359 11629
18603 1132 3902 6889 19179 6461 9193 6448 2902 4465 230 12031 834 13132 3956 13409 8719 12581 6506 14132 19235 6434 1179 12713 7374 16566
10839 9755 4884 5291 9120 715 16304 14194 6397 14300 17736 19063 10811 18100 11873 6993 7637 18003 13150 17397 13066 15018 17436 11041 4657 18302
9784 16365 10962 5215 10810 4106 13297 19285 12234 19254 8549 6221 17472 11250 14041 12343 13197 9799 14909 19723 7265 11855 3218 16024 11720 7484
18542 11847 15326 15841 9267 4914 19333 7803 801 10270 12443 18738 252 17427 11180 16874 18617 9005 17322 6280 16367 6367 340 4490 4610 8035
9881 1594 10502 1220 10269 7760 15826 18568 19135 5027 9168 2200 8407 951 8144 5781 10414 17561 3071 9679 14078 4093 463 12433 9739 19195
10413 122 5301 19475 12981 3711 4052 19569 3374 1035 5339 17938 3081 7541 2722 12267 7345 14398 16346 19764 426 2106 3721 2644 14949 9934
18638 5309 2698 16026 14639 16721 9383 2517 18008 15121 7332 3237 18729 9244 19371 5687 18073 6253 5826 4454 18593 9290 5169 13727 2111 13172
19052 492 3457 7817 4364 13388 16139 18077 12144 9058 12275 3309 16735 3151 12077 6620 1074 16670 2085 2327 1238 12948 13364 245 18627 14867
17570 14670 6089 6046 13046 14648 5847 7879 12302 8091 14452 9366 10157 10218 7768 6319 16020 13655 11325 17681 14256 12555 10731 10520 7011 7172
6758 19089 16980 7663 9495 16280 10338 4941 2374 5559 15592 9376 8977 16412 11293 9721 18396 7427 16284 15502 19334 15682 3764 3783 15300 16244
16358 14401 2864 11262 13115 17453 17676 13852 5056 2826 9959 3535 3321 9703 11120 17842 2829 19888 9265 4001 14389 12727 15845 6127 4855 9253
5433 13427 7385 15728 19296 1071 19326 16423 11724 8218 9394 18218 1410 11713 15900 9464 14626 2378 12657 10244 12789 13828 13642 12053 3091 13247
9794 7145 13067 15128 5463 9600 6501 11558 12919 18218 18078 7302 3318 6515 7381 1196 6489 5429 15143 12348 13192 16720 19905 710 14582 7910
16520 14897 16416 18654 547 8917 16177 4664 12546 12760 19704 8993 2862 6478 12847 2686 7073 7271 5247 8938 3073 14288 10354 5393 15488 12524
12970 6642 2478 2925 18209 10525 12965 11187 19452 15750 13795 15421 19023 16560 4940 15910 7080 7398 2310 19520 1379 15682 13046 588 5785 5677
9469 11777 17965 4057 15231 2174 7895 19594 8938 9938 4160 19720 12610 155 6293 8202 7306 14708 16724 13043 9492 2446 4723 18709 3093 17908
15301 17032 15982 12567 207 3247 14378 13267 8975 16514 5826 2723 5538 2417 8682 5097 10474 5043 5493 19256 7840 16196 18035 1425 2321 18764
7485 3844 19868 18214 2062 6990 14913 16790 4413 18610 1377 14446 7662 14561 10979 2768 9912 16658 16872 11129 4035 672 10828 3252 18794 19505
9480 15815 3733 11883 9620 1877 2108 2532 18406 849 7682 2908 2238 12552 15292 6006 5090 14230 12485 9792 8844 16749 1815 1213 3626 8601
4740 12068 14315 8314 2493 11283 12735 4901 17525 18666 8522 3692 1571 15696 3711 18843 9900 8412 9165 14585 6094 6430 13091 2451 4820 15287
13911 17466 9209 14549 17602 11610 15586 9705 4417 9494 16453 16834 6301 17173 9044 5825 3648 6347 18828 1509 14594 189 15986 12386 11720 17827
3681 6130 7056 11168 7643 9850 1892 17486 16932 2335 3942 17538 14377 13737 8937 10605 10665 12228 2870 9832 2536 19356 10160 17326 7813 3334
10034 5995 11905 8508 6957 1160 3436 6774 15558 17897 18456 6317 7645 15465 16987 19945 19702 16165 14673 12228 14135 2155 19828 2708 4136 3956
6754 17697 8364 4794 4461 1504 1320 3074 12910 12113 19557 6484 19537 18366 100 5321 2971 15627 1431 19960 6185 11611 11046 17746 13708 7260
17151 1472 18464 6112 11038 11470 16950 7123 15011 15498 4883 2421 3202 4564 1394 14916 8346 12525 7498 4785 14334 8045 1375 16255 4445 6099
6963 861 3023 7538 1681 1276 6704 6600 2676 3737 349 3889 10413 5999 9651 5661 18391 9689 2754 11109 9681 15040 6943 19133 15603 7949
5400 3790 10413 1905 8688 3182 7609 15986 4203 15336 12988 18163 15401 11087 15395 5388 17229 18624 18665 4098 370 17258 11284 15019 14579 10859
4016 15724 15022 11565 4590 14452 7680 10353 9261 19260 3622 12142 15322 12472 5199 11631 7851 19083 886 17979 12047 14328 826 12762 16718 17826
2810 14986 2442 13627 7445 12935 6277 18839 5577 11943 13884 11465 6690 5968 3830 5108 16363 12808 11912 18760 9045 6310 3019 9267 8514 7867
1192 15895 2724 18097 368 8035 9286 7452 3239 4774 18049 16487 12041 15329 5940 10935 11339 3393 17138 12051 1695 4052 11410 6902 8574 18874
13575 19547 3232 13701 7053 8168 17346 1773 13677 12308 12972 4397 3426 15002 4942 15192 12072 2960 13578 15777 11815 8288 10433 3313 5211 1733
19381 11837 19241 469 9219 7755 6383 9300 17009 14590 2489 3997 15916 19010 1699 9755 2197 14726 380 16336 6358 18365 16588 17553 9739 9394
12232 6140 16619 7177 16847 974 1546 15731 3154 16402 17663 13978 9061 5624 14336 8039 13522 2386 16333 2848 9774 14857 13902 14335 8314 4390
5000 8876 17423 12783 10053 2702 9374 15808 19486 16828 6633 9837 6792 7635 18137 11653 6426 14255 7749 11817 14295 15170 19092 14090 13706 10977
3462 15498 5660 7496 6252 19078 14313 16333 16253 4768 2293 1950 2536 13275 14649 12407 7898 9651 10414 3163 1195 3068 18580 5729 12047 8854
3921 7143 13198 12119 14406 6169 16000 7870 8474 4963 7466 15065 6009 7932 8895 15227 240 9245 3889 8753 7062 10069 17320 2740 14456 5199
12478 13669 15544 6139 4439 11747 3462 417 9184 18377 944 1726 12932 19106 10323 19120 534 7382 8482 18952 13185 3535 9338 13912 13161 13897
6218 13814 7451 5161 8997 13128 13635 6014 15706 18013 7956 2970 8066 4021 18820 1307 165 6126 18636 14286 13883 8598 15216 4877 6609 10992
4431 7830 12796 10427 19583 1632 15534 19913 10359 216 14265 15255 4519 15843 405 19041 16028 15704 13916 6925 20000 15019 1260 12111 17809 19646
3740 1922 9778 18104 17237 19298 536 18748 12793 16397 11311 12550 17744 3817 17114 11433 15675 6987 8782 12012 7190 3542 12345 9249 10867 6100
11065 1169 12184 9905 13518 19477 18176 15218 15303 12817 8915 5337 15285 10406 10350 4200 7479 9683 14793 13085 7541 16480 14917 4049 12227 14225
8316 17222 484 1621 9156 4079 18203 15635 19709 7890 3348 2909 17152 16744 7258 14733 18532 1709 17892 7151 12123 17858 18062 9847 19945 1184
13973 18727 4159 4395 1932 15236 8899 4699 19853 6286 10128 12325 1900 17295 2172 1569 11937 11405 15243 19252 17912 12235 7641 7507 2943 8688
16587 17449 7841 11778 9307 16051 218 4770 16344 4233 7628 11711 5379 2855 11051 19300 13803 14699 14021 708 69 3110 9533 10982 19625 902
19229 3963 13209 2976 19554 10226 10217 9467 8355 5645 12880 6407 9483 12721 4800 14011 16949 16090 6441 11042 17174 16937 2111 13615 16631 11363
5733 7617 16049 8969 11708 4042 11014 3336 14205 17079 6380 2449 14901 3532 17890 12799 3087 7753 16524 2616 16108 92 2810 244 14335 19714
12552 1231 3463 8726 12905 9277 17515 13336 14874 17597 11826 18910 17208 16385 5699 8090 674 17057 15649 12886 11642 10013 17391 14198 13060 3802
1394 11978 6832 3047 15942 1035 3554 9506 6997 9390 213 12818 16301 14631 19041 10573 19049 9021 778 19907 13739 8683 13862 17228 5162 4820
3165 10366 19908 19968 19281 8678 10811 4775 2745 12230 7592 7011 2838 11025 3579 10333 16424 13761 12499 3926 14329 5151 6741 19958 13277 17267
14495 7238 18065 18560 6169 16364 18479 37 5471 4603 3909 10142 7476 2297 1940 1052 13699 3434 13711 17768 17317 17845 19525 18881 10609 16445
3704 1754 19523 4235 5259 19020 13240 15100 18790 1838 4842 16273 7468 18503 12589 4861 1442 275 2807 7143 19306 13915 16843 5748 5587 768
12886 1437 14682 2625 2751 5698 18384 15319 17858 15239 6137 73 12739 10986 11846 4653 3883 3558 3102 6299 2816 14048 7536 14670 2162 768
3149 16812 15924 1139 17026 15820 6351 3631 12673 8010 7467 12135 8633 66 1230 2352 17526 14369 502 9520 6353 3220 7274 121 13948 13444
16500 7738 10380 17860 13109 5934 6515 1549 16315 18003 4306 7431 4289 19767 16770 15494 5954 7591 11301 15344 1792 3303 1374 11990 12789 17280
18523 13087 11925 13623 8005 12650 19001 16139 9970 17704 472 6366 4821 5246 18435 3812 4493 18963 15864 1142 2234 17561 11490 9245 3438 7783
12095 11532 4120 13300 13176 6918 2767 16455 16647 5219 8121 8364 9224 7728 6552 17329 3362 16046 439 2998 17007 6662 10678 4470 15674 4358
2089 8451 6227 950 14979 14220 7995 5419 923 7346 11977 3187 6475 17723 15415 1237 8443 15549 5818 1974 17919 3001 7615 2134 14535 11765
14182 772 5001 5274 16240 2902 18404 11272 14004 13687 10959 3508 7431 12947 8506 7796 7079 12849 17988 4148 7446 15390 15822 13746 18454 7429
19685 1384 2074 7310 18275 2262 4078 15591 16399 11415 11048 6654 4898 11058 1733 13517 3012 16356 15491 19272 12081 3337 1873 17858 18752 19286
985 5320 16685 6288 17641 15708 16031 1643 8830 9424 7424 5620 1529 4731 14349 259 2198 9777 18016 17730 12781 18031 4777 12856 14088 1597
6918 19383 7625 18114 13674 15509 16157 1117 213 4767 5922 232 3271 14068 15782 18265 12058 3031 3730 9214 8772 10918 18761 6860 17829 19331
7828 16814 14229 2230 90 18541 1173 162 17006 19253 7210 14080 1820 1862 18743 8164 105 17657 15815 2125 5138 9767 13063 18027 4264 18856
14624 4387 7855 8576 3648 14568 9150 12124 3643 6194 2917 343 9220 6745 15361 6800 14959 15537 19812 14568 7041 10021 17398 5476 4847 1797
940 9971 2302 6142 8521 11525 2043 18468 19933 10957 19365 10475 11834 4393 17203 14402 18743 988 17238 12327 5453 5667 227 6824 16406 15059
14310 1679 11659 16938 14686 4227 5263 1649 13402 6257 16398 4102 13219 8332 14838 15799 19603 14975 19961 8460 13176 18548 7058 10605 5944 17340
5115 2655 6807 10757 18409 8147 8688 10160 14873 42 14231 12728 1487 8971 7950 5311 18049 7315 7886 18231 4403 9033 17558 4024 591 5197
10456 17345 7768 4642 1916 16362 17578 4696 19116 7792 14173 10855 3445 19213 14821 18242 9803 9756 4735 18506 8796 19983 239 4967 19113 7655
9155 11532 8955 14526 18379 13104 6960 8381 8962 803 15537 8657 1622 12729 9760 18226 9617 6110 16127 2292 1512 7784 1556 3732 3379 19105
19449 8607 11562 10489 4657 18280 14431 14682 8209 16278 9887 3759 939 12227 11785 2554 7625 12098 8874 17712 2055 3765 16808 8662 5960 11611
17037 15304 11424 13436 14763 3079 9470 16258 10237 18152 15004 15306 14516 2064 16152 17421 17629 15937 6671 18389 6561 6481 7241 8903 9943 11396
12930 1485 2159 14248 3178 6175 19117 4163 2832 3123 1387 14108 6555 19089 1333 18005 17614 1238 788 19828 13619 6144 7918 16332 11616 19796
4490 14882 4391 176 18012 14440 11011 9905 19684 19237 17392 7127 4276 19405 14381 14683 2088 17936 8503 18896 15947 12787 10052 15770 17157 6049
4623 18836 17081 12058 12073 7261 11217 15909 10977 5790 18035 9529 5521 6191 13939 2840 16148 18832 13277 9006 18481 6710 6969 17557 7350 6091
7739 1570 8097 10283 7218 14454 10733 10399 2220 13526 18316 9185 8851 19955 6927 7111 6939 16682 11588 245 6081 10701 16289 2219 17290 13238
8058 8513 19565 9484 10072 6437 17424 5064 13921 7109 10399 4293 15474 5963 7934 19131 9562 8696 8053 16811 17586 11432 18698 10694 7128 8612
18579 9327 4924 1246 1373 3175 9271 4009 15330 15091 8258 14912 6994 14428 18793 10244 5658 12166 4676 13037 1324 4031 17134 13198 16800 5533
5854 12147 9590 13116 18687 6762 4050 17535 1454 19439 19186 6662 9286 755 9253 637 10738 4529 8565 7276 1401 4447 1585 5186 3209 9635
2615 1032 15057 16279 3402 17564 11905 15484 5669 669 15070 18597 1011 7346 3964 1697 4340 2765 11442 5765 2505 258 11462 4282 4923 16337
6439 5978 11875 19075 4153 75 2302 11838 7197 4279 9897 117 18713 17124 8 17098 10783 16249 3447 15256 16790 3746 11506 14816 9253 13907
8361 8602 4906 7968 13773 1032 1740 16929 4016 10511 17453 9189 2360 11634 8618 3932 15531 1303 15134 18534 1910 7576 19780 12782 4955 15648
17854 5592 9875 8310 3791 12049 5737 14964 13997 14341 1291 15952 11874 16371 7182 16069 7840 10796 4109 18125 317 9187 456 9307 883 6402
6456 15485 16128 7380 12454 13537 4937 9056 19814 9855 282 2380 13654 18708 13467 13488 9935 3586 19829 2208 9509 8048 12290 3683 19697 7521
9392 19595 1218 368 7301 4154 13462 15798 10222 15431 13198 14919 11859 12113 14848 100 8397 15887 10883 1929 19009 4888 17181 17116 4613 16760
9994 9253 13686 6700 17620 7828 3020 3013 246 13386 1478 10020 16304 14217 2422 18718 12996 1996 16846 16528 8372 17439 247 4403 103 7541
4182 12543 14395 6388 3450 13739 14941 4560 8906 9629 5891 17664 19206 8237 8622 7166 14746 8581 14894 7399 1182 1819 13193 16297 18577 9716
3080 17686 17540 15813 11430 8057 19062 9403 13507 1421 2678 11963 7969 6688 7209 7054 19484 5019 8435 6011 16985 10940 7844 1262 6748 19933
19530 10933 8253 721 2201 3238 1252 13403 6723 14427 16802 13143 4337 3448 4861 4490 12963 15797 9412 10567 14636 4693 8799 2170 19190 11157
2155 14182 1529 18082 19381 18986 9850 19601 14432 2314 5247 9471 17750 11707 19123 6228 15657 7108 15598 11052 19188 19639 13081 18705 2102 16677
13523 19556 19657 9674 16738 14378 2421 15285 16226 19685 6375 9337 7201 11128 4733 6752 15517 7880 9716 17725 12205 4253 9960 7982 8361 10782
1514 16723 18127 12264 9927 13340 13017 16739 3931 1741 9955 18488 6999 4957 8607 17382 8329 6354 4830 5807 11741 17625 3764 5400 116 11626
181 5493 7285 8275 13814 6517 939 4485 18606 9 19234 2335 11075 10095 15292 18752 9748 1806 18009 16500 2688 3967 5235 2273 8925 9961
7833 4855 17851 1992 12299 4440 5498 8244 18170 9602 8409 5454 13753 19565 8657 3307 15565 19538 7976 9918 10659 10749 17667 2700 13327 18273
19485 17733 12340 13552 17437 8175 7471 7549 12786 12420 4383 10667 11045 5649 6937 11334 64 4705 16134 17467 12273 17626 19968 6543 12449 7846
258 5040 17970 17674 1771 13023 16721 5817 11135 18451 18313 10045 14428 9901 3100 15497 11655 17382 3330 4069 11981 9850 3038 8784 2243 3702
6825 11799 4737 4475 663 11254 1226 19134 6327 11369 2574 8957 16741 16934 9312 12774 708 18804 18915 13099 3197 19905 12998 2229 14083 16058
13942 17199 3715 18946 13192 7588 9459 12702 2287 489 10960 15225 10654 2406 9875 6673 5767 10379 15899 9910 18479 17430 15868 8978 10193 3804
16305 14176 19880 19452 8954 9169 7105 5458 15679 14143 14340 8214 12652 12440 5884 2348 7302 13220 2426 17044 19570 13846 9899 13109 16859 1239
10168 13301 18455 2257 6551 5438 7911 10738 887 14093 19242 194 15934 2321 207 2739 7889 19041 3047 5660 5118 415 1967 4014 16586 12575
3440 789 12708 2812 17986 17435 5977 948 18872 17154 18798 14972 15563 5234 199 14629 18274 14777 15046 13706 16048 15425 16339 3097 3238 19185
2983 11432 14453 6366 9845 5068 14038 11221 3188 6637 296 15509 13629 16500 4937 19908 16351 2453 13518 8838 9918 14033 15846 4573 10237 16772
9325 8924 1466 8523 11318 18171 15907 9398 16456 19470 12554 15030 8091 16795 19724 10623 1769 7293 8240 8699 18882 10714 14250 15237 10385 19075
16612 16544 10836 8132 6664 12655 2767 16209 4866 16899 15788 5024 2463 5856 1941 4330 7989 12005 7346 9807 19564 8611 13946 11018 6038 8009
15950 4722 11642 4912 1429 19178 11586 13514 116 16267 4039 1386 5825 13635 1277 14826 3786 18452 15314 8981 1887 19576 3888 4529 16915 19247
11368 13159 7499 3806 10637 6809 17157 24 10231 3951 10767 12372 15123 11650 10783 5674 3239 7792 15199 17436 5661 5415 7754 5582 1693 13201
12415 6105 4074 8587 214 8820 3655 13466 15695 17988 5306 17849 14109 5885 5904 4032 9729 10903 4880 941 2034 19552 17299 4301 14000 11033
4574 7454 15132 4351 19144 5666 4771 4598 14213 17299 6403 7842 9659 9978 11026 7058 10240 6591 4928 14927 5624 17416 19156 16252 1833 2264
12310 14060 15723 7692 13513 7769 3260 15057 9479 16369 8183 13682 6178 8759 11989 4208 8448 15283 1863 12355 9514 10911 13496 19725 6560 4961
15813 11367 19357 8230 4477 6445 12633 15985 13468 10647 13589 3322 9366 12386 19189 18753 6940 11356 18863 4792 19940 14442 19839 3183 6398 18114
10274 9330 1425 15880 5664 11131 12236 8866 5064 6490 4854 14376 11640 2905 3491 13050 2789 2056 2144 8133 19040 3834 7630 8494 14380 13616
1622 13822 258 11760 4659 13443 18675 1534 19560 8135 8941 5713 17600 9707 301 16082 1387 1845 12797 18917 5817 13777 3359 5506 12854 2736
19566 4072 15942 10557 3451 11575 12594 9876 10527 8290 14504 4640 17668 1330 2510 9130 18244 9369 11067 15301 992 12206 3487 12885 16739 3643
407 16565 10797 3428 4925 19081 17377 10314 13024 17542 15710 4016 5634 17633 4068 4358 17519 16799 15071 393 8634 1658 5368 5658 3499 15992
10414 6600 2193 6074 14052 11067 6218 11911 10591 12634 3068 1753 5829 5636 412 17346 15836 19360 336 11059 7571 10278 15956 7080 3312 13600
7621 2722 5784 11570 11292 2665 12492 12950 6127 13867 9794 13378 12562 17188 19255 19919 19814 15503 4237 1657 472 4777 849 12413 18103 19074
12673 13491 259 4195 6976 18413 13662 6783 5797 12178 3328 17804 7502 4685 8246 12983 10938 4600 17079 7945 9091 14434 12483 4681 13058 12470
7113 9149 1343 14907 9999 3590 11094 12782 7875 3710 11053 9894 19883 15876 13782 18443 14528 14967 19730 6984 18656 16694 14360 1635 10748 14715
9575 7166 2643 2524 205 10969 8399 16322 2274 17233 9928 10312 13161 7424 4158 7532 17716 231 2137 10589 9489 2480 2804 17729 18253 2927
6208 13226 8529 18847 14957 2942 16886 6807 14909 3788 18328 1442 19104 18106 12023 2469 15081 13255 6783 16409 18622 3962 18591 11322 7975 2024
8702 13042 12249 11815 13104 8635 10 10374 2622 14269 5848 2089 8837 8203 18366 8652 7606 1019 9865 2693 9198 14422 13825 7827 7593 13569
3159 15845 14496 10844 897 10284 16655 7680 10912 1692 500 9080 13475 11249 5075 19058 11620 11555 9539 6401 8227 3745 1211 14769 8190 3745
16889 18260 2812 4711 6190 5496 6444 15715 1087 8964 583 14405 7016 3675 10594 5069 11402 4435 5490 19521 16812 17617 14260 4725 14799 18770
12152 16164 8584 4086 10240 843 340 14117 11645 3985 8472 13100 6929 13327 18740 5185 18457 13020 18221 11699 3973 8474 4674 1989 3477 17329
10699 730 4614 710 7615 3463 6098 10056 12917 11320 18063 12826 3575 4129 18810 12775 13385 9267 7108 11174 2363 8938 304 5000 3752 9307
18483 9760 13868 18818 9942 7114 17805 15937 12490 3099 16275 2794 9819 12150 9527 5690 4368 1338 11043 18770 11668 9088 15282 5113 9395 19729
6843 4563 2363 13797 15059 4053 19476 10120 14287 334 13580 6200 3 12416 11274 12122 6487 9101 15329 857 13407 13237 4425 9123 4359 10324
12270 13022 9972 17800 2017 17246 17879 5949 897 3988 9414 18005 19718 7336 16694 15776 15773 19529 5675 4949 6084 12370 2074 3145 11273 17365
5530 11262 15366 3235 3596 8292 19029 8708 11786 11067 17532 8442 6327 2954 11263 1321 1336 8014 13784 5251 17374 4185 2079 10537 9567 16834
19999 9967 9877 3783 11239 15818 18182 19559 16626 1040 10533 19204 5797 2959 14063 8751 19707 13659 12282 3584 5340 7879 4256 4227 6765 13351
17804 6515 10736 9609 10072 16917 13490 7869 5992 16605 17775 18100 5337 14637 10149 3248 12651 2661 3107 19441 15425 14677 19391 17392 8335 17538
12110 850 2764 19349 12691 548 15489 7026 6394 12661 14897 5444 18787 16418 19064 17680 12510 1030 18546 16980 3058 7441 16493 5261 11927 19526
7882 15686 3464 14805 10127 5568 14103 814 9514 11834 16296 623 13704 493 11161 10054 6577 3157 17184 12928 17983 18850 16370 13826 2481 8305
16227 15252 4279 15968 12074 15119 6117 1540 11555 6921 6679 15517 12986 7525 5317 14043 10563 12321 7629 15261 15333 3623 6181 17778 11387 11932
6640 5857 5586 1553 8883 18887 15609 8957 15704 16523 5619 1177 7287 18199 17452 15619 17150 9662 10378 11762 9857 9255 12649 2903 16126 16717
19129 10459 1581 13535 9449 15348 19642 14676 18763 7800 17976 5013 19918 18858 1340 17598 11840 15995 17053 13068 2554 19795 12291 14827 4478 17090
16835 16505 5427 10251 422 7147 7505 5449 16375 10017 660 557 2425 299 19304 5714 3123 11504 10998 7432 9081 2489 2566 7650 3950 10247
9928 6344 11889 14215 5389 16687 6382 10419 276 1761 11723 15127 700 13577 15387 17116 16091 4347 15750 6855 4496 216 5458 18808 13071 9828
19667 2634 5488 1773 2873 7570 3786 15212 3321 5360 5394 12184 2139 18609 818 15757 1053 8572 15743 15765 3427 13258 12081 12146 14401 15517
16591 17259 5657 9875 3667 18758 1762 17448 9904 2941 19657 19999 15025 4780 10887 15328 4688 1474 11951 12079 6028 18182 6278 4112 18868 13237
5834 10286 5477 14735 11885 18691 17464 15813 15453 18835 8035 1287 14591 8880 12515 16346 2940 15632 5494 8185 5742 4702 15690 17048 14220 513
14110 1002 15739 19197 18840 17101 3209 7941 7454 152 4505 13251 7415 11843 16747 17087 15565 6986 926 6176 14902 16814 10701 18027 1394 10970
17670 5710 5296 18015 491 1874 5882 18438 3149 3888 8411 17989 7898 5252 6892 11863 14893 487 8647 10206 1357 14582 1298 15171 5144 97
19090 934 6694 16006 5673 7014 7947 17582 12214 6697 6036 10194 14246 8422 13713 6379 18421 6584 15867 16274 4348 477 11058 17526 11806 11434
5092 10736 5246 16704 13348 12634 8724 5492 78 1792 18965 18551 13340 2715 16991 13487 11090 13876 14354 10357 1981 9449 4872 17226 9665 16858
9327 7026 16463 14322 11404 4144 15059 3568 1750 10959 6055 3530 515 17009 10000 1259 16132 2316 6925 7533 9902 19510 19541 2871 3075 5805
15375 7492 2992 13116 17025 19204 10172 12044 8939 15776 6468 17416 5938 14613 5263 16729 9313 13775 19058 800 9046 11359 17614 6831 14332 19591
2793 6691 2572 1697 18897 6371 5151 9300 18163 19032 16075 6350 19058 4639 7086 9943 19942 4856 1480 7089 18518 7586 19148 9632 14 5605
6508 9265 13908 4386 16947 6757 13778 16696 15472 2799 13831 9061 8672 2103 1536 942 6933 3956 15560 742 1744 464 15054 11910 3017 8807
13929 18757 8824 17937 9315 3964 7837 99 9972 15306 17366 8743 19780 183 8345 17025 11356 7834 4070 16543 8003 5553 12370 5720 17348 14503
13999 7237 668 17725 5672 1010 9940 18531 8812 6307 1829 8418 7422 12984 7630 927 8755 5979 6919 13793 17590 14609 13702 304 8753 293
10085 17029 8186 3888 19969 8483 15805 13258 7160 10289 12452 17041 6307 13614 428 7560 7706 16444 12083 8378 16624 4675 7950 7937 19236 6718
14379 9591 4226 878 16735 763 17673 12387 8019 9941 7094 17525 15802 9002 1456 11898 376 12926 11545 19133 6605 17811 5120 16358 3112 11425
15952 19009 10648 11584 14535 13499 2931 13942 7685 8209 5669 8987 17854 8123 13363 9655 3808 18929 9724 9372 12507 2126 5201 379 17239 17643
14782 11555 2911 6250 4026 2161 1824 1220 8861 1065 19543 9291 17895 8799 4510 11625 10448 18582 12525 18246 8027 6281 10514 13075 5008 6986
3113 9569 16029 11576 15321 1628 14965 11848 14214 13590 1381 3905 19338 5276 2072 19601 11829 17136 16162 15990 3552 12763 13391 12551 8369 12588
13699 8225 3918 15782 11659 15886 13112 1399 15792 13982 1517 11576 1740 14654 13598 14918 11733 1115 1435 13899 17832 519 15570 1954 16673 8025
11410 19308 1052 16068 6892 3488 9949 13067 12373 11962 12376 6423 2958 15282 19529 13246 16058 13877 1877 6758 9743 7728 4480 3993 9681 5449
8586 12674 13117 17405 17542 10244 18855 10323 12477 1491 19927 10250 7538 5363 17256 18677 9181 2989 6530 16591 7455 16708 19354 12074 5972 10111
12731 17344 19537 3266 5134 10079 17425 10316 9242 3957 13618 10484 19051 18413 19927 18696 16773 9431 8732 9102 18121 5101 3713 6941 5723 224
11816 3845 19687 15061 9760 15975 10273 2318 7208 5419 9849 11769 17412 14945 4926 2031 4454 186 8926 14518 10050 17769 4274 16388 3083 16542
10784 13723 19249 14816 8853 9434 17696 7525 7478 15257 7205 10361 13492 18120 14167 13712 17413 11295 4975 5241 14454 15833 9003 9210 11097 19993
3641 3492 18757 16721 17421 13287 3791 18532 17256 17527 2492 14557 7313 5387 5652 8620 14098 4535 14394 7395 17273 2619 9330 8448 2794 18985
18282 6470 11717 10959 18782 7107 13941 17963 1023 14472 6138 11190 14025 17911 85 851 2322 9433 14299 17449 127 7234 13393 17259 11514 7662
18495 17445 11049 9263 19413 8052 5114 19047 7575 987 15696 7703 18270 7951 2916 12275 4276 16428 1373 4708 19556 5200 2594 1891 15078 4970
1488 7451 3752 13513 19146 13437 5921 9376 14846 5118 15438 8968 12619 11383 14390 3812 1329 6441 12575 5026 636 4871 19396 1215 12426 6174
19346 19412 8196 5204 14632 10663 7838 8324 7568 14018 15828 945 18617 5153 13162 5818 17078 13726 17505 16622 11658 13105 7273 11711 15974 17048
13094 10837 14842 7490 8249 10887 5188 19321 9364 15701 4163 17108 1552 16125 13314 1567 4084 16747 13410 12051 9347 17870 1919 3981 8894 16209
2504 7074 19994 10050 15410 7660 11533 11296 8716 7044 13809 3464 19510 4421 13878 6074 2886 9553 4014 17482 7712 10788 9315 6207 9132 1114
14581 15464 15015 11250 14261 4891 1800 9397 9850 11160 9847 1524 8216 9924 142 13175 7405 12818 17367 15761 1566 1927 16891 986 8255 18791
13875 17916 9939 14961 19089 6289 10328 7755 4818 13721 7484 11975 19038 17013 14734 8074 11019 857 7860 13588 12060 4867 4728 3372 15477 3200
10137 585 11158 9663 1795 12422 83 9035 19693 2001 7412 14988 16681 13780 1943 11010 2907 11800 12787 15663 12596 3559 8843 6196 870 7547
9966 14881 18039 10529 17198 2670 2216 17552 12749 13831 3500 12636 5622 1081 6383 15681 3580 1143 5589 4043 17400 9377 1883 11472 14291 7313
11561 11000 7825 12617 4901 12065 5719 951 10422 4172 13997 11589 14727 19253 757 5659 14573 411 18975 7315 19393 9287 3519 5929 7349 18265
5153 14756 2322 7404 19908 12094 16222 9964 15483 16064 7747 4871 18161 18126 12864 7880 18394 11567 16663 14965 4126 5545 5468 4479 13466 3199
9638 14136 9495 2384 2204 14369 11773 14739 14196 11594 5909 3572 1348 15328 7262 3266 5669 8637 5156 13045 892 9744 9188 2718 15651 4702
1213 4448 18383 7028 693 15694 18669 5193 17924 1180 7382 19978 13578 2218 7344 10326 9256 18909 4886 15139 8185 19988 11939 5661 16162 18089
16021 6094 15923 18908 7204 2499 8551 19712 13684 6760 11060 739 5437 16777 8244 273 16265 17672 4074 1413 5560 13898 1724 3119 16017 5754
3406 17087 12720 6985 9497 6767 19315 10880 1651 16506 13380 12382 8234 18263 10612 9343 11643 13967 18223 1144 15141 17073 11135 13418 5508 17521
2347 10685 5662 9560 12416 9366 3447 17530 3655 9768 14464 4722 6578 1190 17747 5014 8973 16040 10832 6635 16683 659 8183 17424 15092 499
15398 6311 17717 2102 10937 11539 18985 13497 18076 8819 13261 13783 11983 6353 7177 7610 10897 11287 19075 18720 1135 19552 6343 19080 15061 7189
9861 3310 17359 15143 8401 11768 117 13590 6885 1710 7892 388 15715 454 13314 3064 7498 3016 11902 2328 8137 11412 8699 4909 17201 9650
12395 13188 4610 8205 590 8795 700 5937 5293 1949 17243 4320 5587 19086 4992 2660 2018 731 15877 11963 19964 12522 7372 5207 2167 16356
11887 96 5495 1810 16797 3897 6871 12647 3169 10427 16962 6387 3084 4929 12189 2986 11691 13603 13188 15657 8494 2624 11006 858 13128 18050
2352 16805 18731 3751 10806 10970 2545 5875 7905 2396 13295 7033 7403 5517 15218 1125 10301 17528 13046 18762 17198 5048 709 12784 18084 568
4661 10055 2998 6976 15934 17837 12778 13991 19017 4965 8400 2352 10423 6999 2831 2799 18247 19463 18883 5457 7897 10167 15077 6533 10461 16398
1169 18961 7372 17958 19 11696 8733 12478 6353 15304 18693 17898 11138 15057 19254 19705 4574 8063 2450 2562 17617 3521 1919 18700 7270 15571
19605 15450 6147 18357 4671 447 12621 15716 10174 2678 4598 15935 1057 5526 761 9022 1565 9113 15517 2591 2485 19879 11704 17875 17912 5742
12812 3814 9795 4330 13412 9584 6824 6785 17297 17782 12309 817 11636 17997 3236 6891 17262 9841 1202 8157 452 8237 7433 3683 16892 5587
8231 1199 2027 11580 10619 8481 18799 5523 7185 3306 15315 4036 19738 13126 3564 12219 5414 14911 12206 14761 17969 18099 18211 8128 18544 990
3000 3542 4408 16076 9322 14760 10030 5611 19367 15025 4350 16898 11189 1146 50 6337 14296 1165 3450 18322 13236 7361 85 6117 16513 19924
4851 4510 7382 15431 17044 17447 16977 13551 8323 15820 14652 5696 7242 19504 8987 1391 5683 9060 3392 17213 14914 12042 1202 10352 16459 452
15469 11001 15055 4580 4906 775 7115 17643 1348 5513 11232 19960 13337 11412 3292 10505 3879 654 9275 1710 4394 3928 4701 14676 11350 6682
18646 14177 13836 10148 9739 19461 16536 8255 11110 17034 12094 1376 19893 3161 499 14172 19660 12992 6644 3442 7193 11105 9131 19964 6665 3183
3743 1215 15802 1297 6904 8690 9297 9702 12073 14660 1915 15044 6546 2126 18878 13033 4910 17130 14798 7030 15609 16753 12603 7922 6105 19949
14787 11644 6824 14479 12078 15130 14284 2801 17353 8579 10226 18534 1886 8046 1462 12229 14826 16261 8905 9757 2842 4190 7820 5822 17769 7951
