365
71 33 56 14 73 32 74 17 31 51 100 79 66 14 1 96 59 74 14 20 70 82 60 26 71 20
15020 7873 18568 14545 13941 12495 18908 741 17442 17368 4822 1135 17240 1123 1183 3662 6475 5748 3536 11535 18099 10204 12924 11748 1114 13690
12357 2729 6154 4958 14733 15438 2434 15734 6332 10689 18361 1768 11292 13983 3439 15637 2255 2298 8554 7836 13432 12840 16397 6513 9103 17046
9065 3245 2671 18144 8995 8677 960 8164 15213 1628 16141 16998 604 8654 15265 8140 4649 19645 1659 2394 10719 13797 15425 8151 7718 11082
7616 9327 9689 18520 596 4644 4716 15554 9058 14963 16685 12526 2135 3106 6200 12101 4549 2874 4295 1497 6041 1053 14018 2376 19778 7982
14151 9098 9889 8030 14689 12666 2908 16264 2677 12492 19842 16248 424 17670 15121 4239 11503 3101 18236 10966 4438 6649 7982 13935 7556 14671
5292 19705 18607 14837 16790 4599 11382 5485 4005 5917 19297 8816 19661 13373 14248 14327 18847 9669 65 2125 10353 11240 17278 12532 5932 16759
10440 16508 8081 2500 10452 18751 8691 6613 11566 8818 2400 2934 9147 8132 19753 15400 17958 13427 19368 1159 16941 552 8495 1818 10347 9018
947 7187 18105 1035 4706 395 16116 2389 11585 11307 11881 5718 12811 2020 2536 3590 17085 4830 4991 5244 16408 8306 11681 7731 10447 12144
14748 14570 12507 15720 4910 1050 955 6134 10995 11905 10770 13963 11469 18847 13127 6956 9488 12199 15360 4976 2488 14543 2711 16640 9787 9650
11381 16357 10244 6554 12269 11256 4112 1614 17752 3068 5048 8246 1838 13838 9743 2534 16582 11522 14603 11403 16497 4794 3240 10057 13762 6263
7758 1191 10637 12681 13025 6506 8643 15757 15549 18840 4023 1112 12141 15455 7562 17411 12198 10711 9523 14715 7134 877 941 17386 4526 10450
6118 5869 10917 7533 16978 5924 11752 14061 4704 2700 4980 6747 9073 5563 9091 17966 6918 15527 4486 6538 6182 762 9102 6988 2899 14086
19786 8493 4753 11492 18329 5516 4709 17539 18435 10272 12416 3221 17837 15771 12517 4552 8325 13457 6444 10026 19494 19491 14056 4628 5114 1985
8970 12242 5065 15324 9661 4535 16167 592 18406 4278 7199 1362 7378 6950 9165 16933 3920 15187 5394 11228 15593 4242 299 15330 16325 17891
11794 5790 15836 19366 4617 2588 1472 19847 503 7744 18474 8322 9886 156 9271 2389 10254 13644 16117 5000 6936 5645 5582 10397 5274 15326
14509 3413 2924 3091 4803 14304 1776 14009 14971 13802 10978 15747 2894 8092 18509 17088 332 10351 19503 9123 9866 6721 14264 15956 9628 18900
1593 4873 4857 4512 9547 7505 18342 14245 14966 812 4255 6640 5160 8830 12921 3127 18014 11089 2803 16467 14089 7184 9656 11133 8553 14329
18508 2375 16468 5586 19274 19998 10103 3039 18910 14155 10396 16977 7874 5669 6661 8558 18847 3169 253 1 15699 7396 11072 16706 1011 17753
17544 4939 18890 3810 9379 9581 5553 10420 11819 2227 1848 8691 8362 12210 1829 12618 8461 763 9355 14500 18902 4975 8414 3769 705 12718
18237 16571 10694 9144 670 12941 7110 11342 2051 17891 18378 2476 5293 5365 16237 9663 16854 16077 13193 14453 10191 3079 5411 10640 10218 16736
16470 6144 19063 10960 18805 12307 7681 8213 4289 3362 4726 10003 7627 6014 2530 13428 6902 3543 4214 17824 7299 18182 10165 19265 1360 10646
9849 12130 17242 10644 9252 14264 8241 18928 9306 9184 5428 6257 11524 15090 6668 15256 17007 16177 3963 15344 9321 12649 18280 19699 12524 3200
5624 7802 12581 8017 14827 15185 19310 17699 6319 10647 5273 12863 16019 17103 15643 18851 8354 14891 13349 16573 5154 4504 15996 12993 5387 16101
12905 4314 13497 9512 15882 9744 13046 15987 4357 5991 9726 14475 2742 4027 215 9764 6932 1955 1762 19289 3637 7861 2763 14471 304 18358
10992 3064 9744 2919 4340 17531 19144 4298 7963 10263 18046 15096 6556 5509 2345 17633 7765 14152 14185 8297 17908 16229 16465 8693 10631 3356
17807 18648 12765 1476 5848 9411 8130 18445 7702 1615 11267 4120 19366 16170 15985 19094 10830 1442 17114 15585 14341 19232 13070 7831 7714 6171
13882 16329 10651 19376 19662 14495 17315 8917 18561 19678 2197 18270 7066 10449 14138 14206 540 7973 15793 10237 9737 16598 19947 1326 2974 11118
9382 98 9895 6059 15564 18899 3335 48 5216 2212 18820 3242 10855 12755 15188 17586 19134 15703 1771 16963 14188 4293 13494 2718 16103 13264
7761 12992 4753 8179 12313 7849 10184 6539 14927 10601 489 18991 5078 266 18785 15321 16242 8474 1919 4833 8036 9303 9491 527 3826 6654
1415 1111 2237 9985 18696 3362 11108 17899 1354 14004 8732 1487 15854 1803 13231 3067 11333 8117 13521 11447 9220 9434 16434 3921 2196 8081
11907 8831 16884 3481 11147 16025 19135 11677 9578 4373 14105 12470 4115 6970 10859 18677 8731 3412 3005 9443 18179 11288 8029 11154 4976 16619
12656 15020 18071 19652 9670 1473 12851 16359 10941 11087 6595 14390 14528 18522 3271 5073 7233 1881 5027 15604 14464 1812 5726 17285 16701 8881
11179 18853 14462 7235 15880 19591 9350 10044 5366 11690 8521 7258 7828 10998 7366 5216 4493 10560 1703 14841 3468 18094 10676 3890 1832 4927
1003 12743 9237 10473 8344 9913 7517 1044 2869 6365 14239 8725 19388 13137 15745 2340 14802 13004 180 5776 18749 11240 8275 4380 4676 10809
15943 17934 15978 1716 17004 15759 1772 16896 8810 11399 17600 170 14748 19786 13932 9730 16255 8667 18758 16113 5571 16530 5797 15364 15715 4027
4281 4866 14330 19837 3026 18145 18586 13251 1326 1191 1139 13855 5740 10874 15562 474 3305 8317 15310 9652 8157 9956 6237 14603 12542 9774
5200 3553 14192 5422 17028 4554 13572 6987 5734 12916 9443 18344 2201 14805 12994 792 17344 1100 7359 4573 4586 1611 7753 8214 638 4066
8916 8533 19388 440 8428 18164 4756 10571 4833 5467 18411 191 11287 18908 4992 8758 575 15558 19112 12253 3611 9436 18944 10807 5176 16862
8805 12662 962 14657 373 11292 15243 6684 16384 18447 15718 9559 15158 3412 4952 17539 14379 281 14420 5356 891 9880 9400 15899 14104 5295
6427 2139 5084 9971 13339 7642 13147 7945 11879 1898 3807 11636 4911 13350 18410 18234 1165 4292 4704 8388 8566 15051 3 13359 10412 4923
7381 13956 2651 11904 9353 43 16691 3716 11755 13845 12805 16290 1386 11803 16504 13419 4601 7305 10071 15986 8734 11157 16090 13803 17612 17325
4056 14276 17820 6521 304 2703 18500 15734 6323 17168 8688 7191 6219 10104 5612 16607 4719 6618 4750 14757 19917 14188 818 17750 16409 3236
7181 15301 12761 2468 7867 11291 19666 5562 11427 9163 483 15776 6492 19408 14275 6433 4523 10147 4353 15924 10777 18437 11758 14621 2789 15593
12319 18650 3030 17837 14510 3578 6217 18995 17633 12327 8750 16989 8726 413 9122 11046 4677 470 15024 2776 3616 12061 10284 1843 6860 13142
14896 19651 7084 5537 4344 2058 2513 13403 5393 6423 13696 17193 9513 10025 12024 14963 239 4504 11880 7155 12107 4649 19546 12714 7973 13721
18034 7121 8755 7734 5039 368 2174 11738 14570 8923 18116 3440 17843 1689 3874 17788 13699 5199 10510 17439 1014 4429 9798 8608 12150 19012
17474 17247 9658 16853 10645 18408 19529 463 14437 586 8285 622 3875 9790 1896 4200 1094 15937 16857 12371 11344 14039 19473 8710 2045 16330
12917 8981 6536 19153 7022 9380 14284 4208 14823 19113 7416 5320 14210 9251 8741 16231 4890 13811 4088 405 15744 1088 5043 6168 18056 8640
5998 15073 7576 17984 6453 16827 12660 2846 630 654 19205 3731 17825 13472 12317 13232 19473 11183 9995 13237 11349 4229 974 48 10225 13623
7449 15842 8652 2417 5412 5381 12781 4046 14442 13725 2532 8320 5170 3021 6678 3760 2917 15641 2758 15918 6604 18572 18801 8027 3349 17718
12374 1132 13775 18805 1273 13723 19170 2443 11258 12145 7829 1738 10434 9848 8672 7249 3686 9010 11852 17527 7866 15292 10423 17244 4966 3756
12772 9572 14011 4949 15878 9716 15780 15087 4350 17402 13736 11188 9127 2618 2550 15539 16597 5318 3898 12495 3862 12429 11591 19653 10964 17892
14832 16109 13597 121 7953 18681 9898 18757 9053 18065 7750 1624 6738 7437 11505 6843 8271 6467 83 10715 397 19870 3858 12910 18685 16808
1953 5695 18855 1547 38 4056 15954 5721 5458 19497 12645 13449 7025 1084 4310 11444 19340 18152 15819 5518 3451 1444 9842 19366 17266 9116
10610 10820 11083 2361 3585 15194 9338 9702 4378 5440 9557 15753 15378 772 13292 4598 12501 10039 5391 3777 17707 8644 5207 1726 17103 7998
15330 8195 19779 8012 11212 5170 19145 5143 17742 10116 16076 19658 15012 66 11437 7112 18962 15748 7007 8280 4597 8959 17837 19482 19929 16476
5447 4102 10206 15347 3244 18041 2168 6784 6147 14802 11806 11164 17353 6160 17315 7622 6615 16614 6321 11276 5056 93 7310 13387 2671 1061
18093 12045 421 15725 8491 13386 7146 1192 8985 11809 163 11448 4792 4922 17357 3188 8184 1696 1385 8775 1241 8458 2612 9799 14408 13613
17282 5205 11663 5037 17920 8131 2001 18576 7995 10976 11017 6061 13771 17173 18173 19508 13383 3989 3695 4492 2687 13807 2851 6209 7507 13152
1827 17047 6759 16782 5044 9344 9186 15672 18309 12741 5061 17246 18847 8071 5294 15349 9922 17779 5729 17415 676 9924 10081 12979 520 3511
16692 15522 16611 7561 6467 2877 4185 10949 16359 8559 7747 3965 18067 16507 526 7167 16138 2850 12079 9742 14802 12401 17187 6211 18522 17718
7004 7191 5133 8852 5340 15906 13069 8617 14180 5640 14830 9516 16687 5443 14162 2654 3514 3732 1155 18737 17892 17741 3652 3863 19631 15129
18414 17723 10069 4970 14276 917 14577 17722 15945 19649 11083 8496 17787 13927 990 3131 13832 544 19965 15153 9303 1563 14809 16120 2242 5474
19188 10263 18872 10759 16874 2548 13063 5331 19814 14662 820 6523 13908 15997 4252 11604 3585 5169 11521 19929 13987 6327 12836 7602 10036 12900
13926 4607 6414 12406 3593 11201 8441 11657 11865 10830 435 2249 7069 6087 134 16158 7417 4660 12496 944 10627 18736 14106 16882 8001 13463
370 7392 5543 13526 17709 16646 17981 17410 19341 6387 18355 17137 6410 19146 14340 17233 12581 5170 744 16178 3000 16968 9487 1484 2048 10877
1101 1074 5367 12444 6880 18542 1340 9563 10065 10324 8919 8939 15201 18616 19235 2340 19664 10301 5817 15816 19671 17354 15765 5959 11527 1163
18045 12280 3588 15789 19738 3878 6086 18640 11287 16724 12303 5750 7576 17246 12267 4225 13667 14596 15646 15496 14870 4608 2840 3494 3531 12311
12476 1498 19133 10656 19633 15388 16489 2232 3371 11884 12958 2402 6589 6735 15286 5957 151 3144 19107 5815 7443 14687 165 262 398 5182
12424 15850 6274 11809 10671 13617 3354 14847 19468 14925 7111 7691 18734 4227 18113 6446 11376 6519 18422 7336 5718 16508 16802 12915 4086 9740
16981 15144 18970 2185 18180 15151 13785 8746 14018 7499 11531 19422 3693 4564 3530 6850 15021 4815 18854 4797 1854 17119 14137 4074 5415 6806
10800 6206 12852 4785 16285 1279 9514 7217 1728 1066 4591 6394 10504 7868 6377 11618 1020 13534 10308 12617 12232 18048 4391 6332 18287 10705
688 14080 16311 15212 11735 19298 6880 18271 17521 18903 17162 2391 14218 8354 19693 19400 6284 8268 18680 2438 4548 18058 7526 4470 18178 10761
10411 9247 11601 8173 17392 5275 17334 12692 629 9335 6754 16085 8043 18338 3986 13392 11144 2726 7929 6730 2612 1986 19444 13659 7617 9296
8156 10775 2544 1871 1067 6304 19274 14202 12393 3400 19422 14747 2164 7788 16743 12850 10434 7611 17623 16438 6576 16928 13656 2112 6480 38
1787 5009 12241 6243 9153 9819 16379 18662 13164 17024 4184 9843 14874 2871 1286 4910 14294 9427 14279 10538 8864 1702 350 17432 5635 11759
17014 14603 4470 17407 1246 182 1993 4706 3215 9129 16529 493 10882 11411 14359 11605 10975 6350 4990 18755 14184 2876 3839 3837 11133 10110
583 13413 5587 4902 11773 17346 15750 18661 8072 192 5981 1862 15957 15582 14675 3014 1492 17275 11813 12187 7621 1300 6232 17542 13593 6177
3795 17291 10086 646 12729 13686 1226 16924 14808 4539 18505 3445 11059 7044 15703 6114 12496 9491 13169 8327 19694 13787 14762 17031 13727 8710
19287 7789 6957 864 12912 11163 19411 1425 19158 3909 19116 10631 18290 16719 15681 393 16974 3615 18716 5764 4582 16306 6304 12855 10445 19260
5351 13497 2530 113 3606 15233 12607 18762 3750 11517 17770 12774 981 3499 7988 1589 9140 11722 1153 3259 5864 11690 15409 16833 929 16849
18799 9406 320 8450 14448 14920 3726 9222 1535 10297 14123 11509 19258 9684 3959 11488 12783 5211 13042 11155 977 9172 9902 3615 9012 2752
5506 12230 15471 15328 13398 1930 8739 11988 19203 13146 8828 9756 16981 16861 9018 11853 19056 5835 2331 4491 6085 17139 1885 493 14656 3127
9191 5907 17038 2089 19674 3584 14262 3656 14523 2699 17989 5482 12983 8777 17315 6630 15613 10705 13727 15056 629 4483 15770 2765 16110 13355
19361 13597 7784 12185 11209 15831 1188 2360 2863 16218 11143 16385 8893 17585 15520 2999 16255 9088 13588 8609 10943 2739 7072 4828 18840 1261
9134 6656 9420 10003 1467 17565 7631 15698 11010 17341 8210 3211 19938 6975 13060 5218 852 17265 5180 4978 11833 4167 10770 5792 9483 8975
6423 10332 15379 5794 8286 10969 3327 10702 11701 9124 18394 7433 12915 16047 8472 15717 10672 12368 16785 10309 2506 11287 7489 15033 4573 679
762 13888 1648 16553 5750 11645 590 365 9628 3906 19184 19118 15761 10217 9492 13893 11662 11482 12331 6585 2262 4601 7548 17109 16875 13051
9231 11370 8508 1902 5882 4335 753 13490 8216 15343 16728 9504 10080 6001 17781 17265 3767 9993 14918 6034 31 7769 17987 18895 2467 11290
6000 16408 12439 18170 706 1 9473 8380 11943 6591 3856 4516 16039 17786 6674 13908 18455 1257 5854 11858 2422 4120 13181 18651 14852 12331
4555 19446 11598 4408 3045 2080 7603 1549 1802 14909 14229 10843 18650 14315 19139 10703 2794 17229 17024 9404 14850 18749 5414 14483 4061 19101
2748 10159 8584 16360 3543 6405 8850 7624 16967 5174 8294 1289 8540 5574 11216 17568 9746 5367 12779 8862 2338 3865 18485 4033 5359 10703
17994 18322 9140 12305 3154 9847 4871 19490 6827 19371 17652 16308 1877 6650 12128 16872 4084 423 19475 19090 6906 13031 2310 12212 10447 18822
4762 10046 19009 9474 13671 10974 565 8295 5556 1418 14414 5588 2505 19008 3241 8118 14421 228 6202 1896 19918 19396 6009 530 10872 7861
13884 450 4610 9951 9089 15376 6131 3127 5500 2436 17571 19727 12180 2566 1046 16987 2339 1663 10312 17830 8326 8135 9470 10332 14832 1625
16613 16668 887 4175 17189 5085 15202 3796 13249 14909 16408 8705 17204 286 5477 19700 4386 8395 14376 15994 17465 9544 9286 9832 5773 13200
10216 12293 3151 781 9477 4773 1864 7266 12516 13788 18727 12310 13824 18310 9854 17491 14367 17911 6949 83 3094 4404 8247 13850 3362 3265
5393 690 1666 19027 11595 17210 3262 13422 5540 11626 8062 4348 3887 1664 9436 18385 4965 6440 3587 10917 8881 10492 3313 18732 8284 16436
14829 17002 14584 8715 8973 10940 14703 16499 15447 1401 9023 8720 18770 4052 12196 11028 11620 19696 1073 5107 8832 2267 15945 359 16762 16267
8996 2302 13373 743 6041 18888 2842 17773 1453 10136 7142 2865 15321 13245 19501 13746 1148 6019 16075 7693 4086 9806 9425 2285 6942 16992
11496 4741 17296 18212 10439 7155 13043 10249 7752 18554 3630 2322 17992 1812 14315 8626 6846 9853 7743 350 14702 12627 10225 9084 7515 10345
9460 13293 14438 8320 8595 17032 16477 6506 12052 19875 4965 9765 17295 13103 7687 5676 2491 9094 12000 10172 8808 2166 1159 7202 17226 90
10227 3535 368 19594 15359 3301 1753 6313 2874 502 19210 1687 18797 6413 9023 1217 3325 14875 1513 4052 10290 8655 12687 9536 2928 12085
8450 11751 15728 15665 11873 16342 7744 14866 8494 2447 11801 9428 18122 11178 9715 16292 304 402 18736 2301 6481 9286 14051 15600 12230 7620
18365 16969 19606 19991 2506 7536 4184 2251 9590 738 12082 5881 4558 6699 10278 19225 1625 14386 5421 2087 5226 368 6740 14405 7900 10286
14514 4175 19376 4691 6004 12202 7864 7032 12733 7857 16727 8225 2531 6923 3449 14886 7695 6611 10510 2057 17444 9397 10229 17425 399 5346
8197 15774 2766 10842 17424 13757 4555 4026 18753 6336 3689 15512 14229 18405 14855 11542 12007 15374 7733 11976 3808 3640 15118 8849 15180 13571
3840 17659 14147 17937 516 2819 12263 19525 3465 14347 7499 6224 6160 1560 10572 12694 19692 17049 5436 16520 11891 14258 11915 18707 3113 19555
4199 9744 9514 16563 12378 17416 19702 3710 11913 6357 4999 3267 11407 1935 18387 17503 6399 18326 1061 17217 11497 4321 1492 778 15024 6774
13139 19111 2670 2632 4704 8057 12651 15969 17867 2540 4533 2912 8924 2797 12063 14750 12114 5716 19051 15997 13850 12566 12010 10794 3716 13643
1496 5793 3200 15839 12977 12023 15855 749 8309 18952 2239 3873 1343 9449 8435 14907 7550 5444 464 14883 4425 9632 1074 13675 8309 13508
19846 1482 9348 7054 8482 14204 13901 6581 3499 5249 1143 9691 2750 1607 5462 6098 3123 12087 19965 15737 14685 10175 11465 15179 16819 13414
306 2852 4053 18535 1154 7770 6860 447 1872 8650 17769 6950 2017 19656 14426 5993 3714 14197 14959 4683 13693 7442 16042 13677 9348 10815
13875 16675 6328 905 12523 19202 19153 2078 18158 2942 18367 7602 9286 17723 19852 11890 9407 14953 19441 327 15505 12666 5030 1640 12169 1579
3149 12906 7672 15060 19422 5830 3609 15208 12738 6127 5759 12370 7024 14568 4318 8344 18363 6520 18158 5258 10425 2662 6772 666 14856 39
8073 7908 13866 6958 17371 9055 4971 14632 12622 11284 874 1504 3554 10577 2827 14716 13863 11461 17456 19604 13436 10638 18677 5711 17240 16243
10787 9955 2179 13539 1390 10125 5940 18998 8584 3582 15832 5185 15125 18617 1259 14753 12971 4119 16534 8634 17344 13717 11292 2635 19881 19620
3005 17122 11091 15666 10663 1891 416 1494 1823 8096 11833 621 9967 15999 12628 16069 11600 14767 11825 6093 18667 16403 11720 9696 14605 12415
4266 1740 8288 3320 6133 3006 9369 2104 7686 1526 77 14610 10892 12832 2122 7504 4995 7703 1685 9978 8112 6876 6423 1804 4209 5282
5457 13682 5778 12791 9068 16962 7463 19300 10297 5407 1728 400 3628 6621 15965 5126 9037 6075 2055 14161 2362 8699 17971 10806 18432 2730
10522 8903 8895 6869 19989 1613 8375 7731 10816 133 3771 8343 3395 12361 2601 12789 7402 12807 11794 18614 11460 7985 10144 3795 5258 6391
13978 12858 12064 17337 18434 2697 16999 9119 1789 14477 4893 17446 12875 10892 16829 14943 2613 1870 4173 10871 14248 4746 18311 1556 4686 17019
6247 14008 12696 2715 8014 11922 16392 10245 13421 10654 10402 12301 15128 3053 19069 1486 5486 16554 4496 2231 5446 650 9629 6347 6934 6783
19075 5098 7908 4295 2176 8477 19958 3984 4811 1874 17408 15005 19311 5258 10572 7995 3056 13433 12077 5892 15681 12335 2649 557 19059 16346
6508 344 8440 17283 9975 8052 5709 16285 11566 19770 16576 9795 1527 6840 7011 3504 8913 13279 18955 2214 15678 13860 1108 16325 8215 4096
6508 11764 5576 5690 15115 14630 2608 19099 19899 8162 9609 10223 11477 3047 3946 5501 11196 11894 16847 11775 5220 17691 18158 19421 4833 1230
12475 6892 3584 14978 18462 12132 12045 3740 3289 17407 7503 5363 15543 2226 16713 14285 4573 6536 9177 7759 14489 6362 17253 3041 218 17781
7772 16008 4246 12257 3223 16464 5083 4532 11826 18449 9152 18985 1557 19423 8356 5804 19336 6913 4876 403 9011 19283 11601 18147 19836 6159
6208 9473 968 9522 13294 4294 9674 1380 11480 6005 5811 1626 11586 11720 11144 14232 12634 4673 11918 14161 5478 16647 12362 14433 5845 4522
11047 10857 14403 13224 10098 1864 3420 2629 12120 20 18917 11911 14735 15613 8816 9072 1799 4453 2782 19400 7217 4141 795 15642 3151 13108
5715 8113 18600 1040 12664 9328 245 16652 16156 16510 17523 11330 1685 17814 14802 14016 9186 11588 4860 17097 2422 5439 1807 518 7721 1858
5223 6914 131 16092 18565 15153 12115 8801 1043 12448 9500 7576 2297 2105 9448 8103 18120 3268 5006 19218 211 4111 13724 2074 17859 9100
2534 18282 11156 15580 6070 14099 659 7664 18897 14660 9348 4762 5328 9245 8775 19831 9807 3271 7564 15048 8670 596 12033 1416 5336 8137
17082 14998 7703 18949 9908 1325 3803 3785 10474 10351 5021 9291 10785 7323 1697 7961 5110 4544 19700 862 3175 10028 16143 10559 14197 12830
2339 11252 7348 17278 12020 15006 15227 4723 16798 13571 17357 13375 16001 12103 9900 18246 9228 19236 6500 267 3355 12174 7154 16542 11281 7012
9379 9143 16548 3513 19701 16939 19775 13344 13250 13409 9569 13783 8896 12349 6431 7909 18074 9012 8184 18404 13932 4831 7227 9570 2666 19050
7231 4777 15697 8515 7925 10591 12295 1008 12995 14712 10569 2130 7586 739 4866 18507 3726 13027 338 1075 7223 14679 12438 13059 4525 18583
18350 5575 9755 1654 10711 2979 16467 85 12119 9394 2358 7637 4539 14088 18597 14711 17835 9762 11173 13974 14887 12672 5684 10080 2268 7522
13412 3674 591 16089 7747 8538 5130 770 2266 15586 14110 19562 13534 10863 10533 7506 8835 18657 11231 6063 2616 19245 11580 11505 14382 11970
1150 16005 1731 12045 10965 3730 7977 14035 12718 4788 17034 18530 3656 884 2350 11301 2751 15309 13675 17186 16154 10428 17722 12374 4374 12324
15348 18912 14306 8320 17374 16076 12683 6946 14818 16856 382 10680 15316 12757 15338 174 15619 3766 16704 17988 6029 12760 13041 1181 16429 13746
7393 7616 9696 6655 13376 11733 14129 17898 6944 17837 19364 16055 19957 13492 19130 10108 19525 1700 210 15756 9426 2799 3543 13575 7271 13056
12540 4377 2400 918 11974 4618 17508 6154 2925 17574 5886 16259 10534 12288 7392 11859 18541 12772 13065 4990 12532 12730 11563 12393 3526 467
18740 14549 1556 1976 7257 13653 12574 12569 16507 8489 13579 2716 603 2320 4706 6789 7326 9942 11699 15699 15014 14136 807 1826 14629 17330
4979 6367 8813 10899 13311 3406 15751 2387 6376 6629 8040 8717 4601 19750 19400 11777 6911 9364 17398 8110 7914 754 1205 15288 19262 17404
18630 9254 16452 16066 18294 1576 5169 19153 14874 13239 18619 13550 16185 5857 8284 14741 13466 14753 560 7150 13641 1876 14238 18637 15469 9406
15817 5456 17382 15542 12784 14960 14492 13642 19757 1241 6617 11359 14019 19359 11918 1144 17272 2495 5388 11311 19791 302 3040 18993 16846 12873
1168 13735 8302 19608 8494 11022 10330 18758 4359 7751 8510 11033 17162 3165 15586 2041 6653 2555 1847 18970 18782 7531 17073 13236 1394 2217
15822 423 13238 12275 19830 6900 14836 18249 17717 2069 6748 10089 14185 5257 5164 13311 420 9163 17614 6541 13244 18772 14787 12007 15540 17733
16534 747 18674 14014 9887 19119 4264 13032 12254 8548 19129 18313 4460 5743 4851 19043 14357 19486 13384 7292 13014 8737 14297 7378 13754 5113
19153 14863 18073 6334 345 6911 8639 8004 1822 15752 3382 1681 8393 14045 11215 1513 5192 11600 18164 5222 14866 14114 11759 8567 7971 16890
9421 17034 6177 12547 12036 3986 18141 13826 7781 6466 14002 11662 19115 19871 6935 2939 12769 2045 4802 12815 5218 11543 7147 4635 1791 12673
11024 12283 7824 6677 10827 6196 19253 11024 5964 4329 16717 3920 3947 2150 6368 11258 15766 2126 58 15866 18592 1014 3140 13895 6735 702
6626 12799 8408 8398 4255 15685 3431 11105 12711 5926 12110 10711 15301 7142 13997 3705 10249 6497 19453 4273 17694 5428 10485 7527 12723 10251
10911 788 10251 4817 6223 3952 15114 16538 4282 17457 261 7885 11932 10103 6825 9725 17072 9368 19996 418 10086 18677 17385 17359 4972 19226
14389 13866 18302 11401 13554 2798 1121 12080 12021 1145 12978 5801 16150 3703 9547 8893 5320 17873 3155 1426 236 15270 7988 10967 18548 11454
6151 15317 4112 5457 5779 10362 2363 11273 9886 6666 17773 5563 13440 12732 2159 13200 1265 3251 4277 15054 17996 8206 13882 3630 3298 15629
18223 4089 19038 8188 5515 13428 3665 18674 17776 12103 9456 14267 13449 2549 5698 4206 1729 9737 2464 19238 15277 12621 2170 8610 3264 16922
13115 4578 1898 8634 6881 8779 7995 3716 19922 15487 6838 5796 7197 14672 770 12136 8725 3577 4678 1009 16445 319 16842 3987 11835 11431
1101 19321 6369 8214 10661 16273 11889 13212 13774 4939 13211 11475 13885 12002 15348 13400 2557 7260 15840 12575 2581 14786 3833 4640 15568 8786
2885 7107 14314 14045 10936 204 14137 1159 13195 10827 7230 13104 15379 3127 2665 3904 16772 13795 2047 2755 1743 6939 12434 13957 19763 2116
6735 14870 2656 13011 15461 10079 18683 3167 9723 11093 4495 14006 5111 8620 17357 17697 7680 14518 10408 3862 16448 10226 5071 13502 12463 8351
17835 6573 6181 10052 8224 18260 6509 9959 914 13772 17813 4994 11601 7153 17969 113 19632 14418 14358 1338 13964 12151 3904 2088 6666 1956
10172 2130 15238 3496 11011 16492 4589 14418 2472 13221 869 9222 679 3084 7448 12790 5795 18171 1541 18377 6020 16420 11527 17886 15773 19463
14542 4771 1202 15270 4481 1717 13302 13975 16407 2658 15755 17243 3745 11151 1869 14545 17764 11434 4908 17882 8315 6554 8944 6143 12573 8241
13575 12502 18587 13370 4155 14741 13809 6073 7102 16916 18554 10310 1045 16056 19742 1832 12284 19872 14394 9316 12511 12331 9668 19048 16354 12346
8439 19257 14793 14405 12229 5399 12316 10552 14862 9495 5137 8054 7869 9749 344 11181 17930 4444 15495 10660 14374 7767 5689 1048 18598 4689
2153 17738 7389 17102 15789 15309 15764 10482 6375 11013 6155 17095 16248 11752 7889 13036 17976 3516 4221 2153 11082 13866 1070 10556 18073 12728
13032 7112 8352 19709 15472 15134 2117 6598 15367 9794 9967 15294 8378 10371 4051 18362 1157 14835 17953 13332 17472 11395 15628 5963 2078 268
1917 2584 15725 16519 13723 18578 13002 1177 11702 11195 7138 18555 12227 10277 18611 9397 14486 6899 8803 11247 9635 7015 902 16232 11754 2590
18414 13969 5471 14428 7541 2198 4200 4461 4758 8725 19239 6602 2220 19518 4177 16822 1203 19906 18776 3860 9852 7721 15555 8602 10233 16282
10150 7702 13989 3102 9027 10382 16475 18804 8098 9165 9539 11194 947 16671 18448 13519 17942 15923 13532 13829 13204 5711 1396 3636 5136 9802
1535 3509 14180 11877 8572 16435 7878 17723 17129 2663 15533 3145 15840 14005 57 3322 2603 9851 13534 10131 19197 11972 8876 9519 11117 4328
12752 1369 7927 17203 1838 589 17100 4792 5568 362 14058 5399 2269 9858 16114 18406 10101 15596 12620 10697 3990 19351 19532 18872 11038 12922
11890 532 706 11482 10256 11032 16492 3894 11097 12551 17101 11171 7786 2218 15679 2922 1693 18750 5232 11870 9487 13841 1244 10541 11654 16497
18359 1812 17729 19599 1956 16755 5292 17136 10369 16089 2649 6389 1371 16232 7489 11165 18442 14043 4589 17435 4270 2528 4955 10775 16616 2552
14650 13233 3332 17797 1132 17513 6486 13678 18794 14855 14386 942 13883 6483 2631 19652 10423 8268 15353 10699 1451 12875 499 7810 17644 6473
6881 5858 19472 16989 5318 142 19971 4240 18568 12839 1812 7558 12547 9710 17288 7674 9376 16866 3212 11851 7002 9292 535 16648 120 17437
2138 14937 11286 1974 19267 10503 11199 10436 7238 8184 7254 7213 1458 3437 10639 6012 19528 10818 13231 14652 17720 15895 11965 2588 4763 17336
15405 384 12604 10238 11 14047 6916 18669 13098 16758 14862 5534 8857 1047 3473 5551 19576 11931 17542 15364 4472 16107 14845 10748 11968 834
7553 19448 10061 18952 16535 14390 10671 11386 11050 94 8295 15391 10149 12102 9888 3779 19931 16445 263 18040 14323 10744 17302 17051 3455 13659
570 2192 10166 6970 4344 11921 1854 9452 12202 7370 11955 8526 14168 17820 11299 11702 15564 6521 12524 7528 2177 14470 17743 11168 4273 16812
6657 10011 3300 6214 9268 8504 8558 4197 590 5458 10542 17768 3885 13531 1454 12854 12382 7315 4423 14377 957 13186 1437 7602 8256 17360
16860 9365 13907 16966 14350 11265 6443 15846 19720 13334 8586 11088 3891 1375 2936 3177 6647 298 2853 11904 14740 1089 19515 10618 11660 18628
19520 18541 19087 11077 5735 10570 14229 14003 17298 18702 17628 5024 8113 8380 6748 11698 17848 6509 9281 15482 566 8004 15134 3847 12347 8538
6261 7998 14158 19830 757 15703 19739 1061 9534 13987 12652 11995 1840 8012 2985 6757 442 9796 14565 19627 8081 13868 17334 8986 2514 15919
10996 1798 14451 6657 14885 18047 7601 4474 4231 7111 5106 8878 19210 10831 5730 10288 1520 8677 19407 6966 14057 14940 14873 8123 5793 12169
1959 8420 9196 11390 11262 5580 15635 7926 17726 3115 15759 5463 11081 102 10561 10572 18824 1116 13562 3183 15219 13162 8103 13869 17684 1914
15085 2763 7991 1253 9502 4077 5175 19389 5861 1636 7081 17426 1889 5634 17174 39 15356 18998 13866 18350 8319 112 9961 3016 1171 14714
6246 1734 14473 8068 9662 5490 1273 19012 11576 8867 16893 19511 1904 16434 13924 6706 16980 3902 4020 17427 17119 11198 4509 2262 19433 6721
12021 11543 9438 1538 4333 9800 1894 19958 14783 212 8693 15956 16770 1351 2003 2634 2950 14393 6851 4935 14535 13509 15398 3081 18133 3420
4786 3165 16657 10241 3934 7 16945 262 18602 8662 11121 13490 18631 4476 14018 5088 11905 5922 11497 12594 274 12860 17170 3478 5903 19367
3709 1476 3907 2830 11216 11033 12836 9382 16085 1553 2750 2131 14755 7444 15654 12147 12513 613 10448 11948 1189 1342 12768 17045 17639 9294
18217 16273 1304 186 7658 16075 15479 2586 9634 19841 2575 15921 3139 10935 15381 9806 12185 15885 12824 8668 798 12694 16388 18249 8878 14975
896 1271 11548 14185 5505 13590 7108 9914 19804 6657 9902 15115 15103 14166 17959 18410 10087 11836 5449 8676 19756 17976 17237 10875 17410 5565
18228 8265 16692 11951 2623 12131 12608 16119 17099 210 13595 12025 12607 5368 18939 5898 2042 16425 2290 11515 2631 1807 8700 10617 12566 9390
2608 1032 4354 4289 15555 17890 18337 4028 1248 16204 13731 3927 14683 15636 7793 6760 9175 3182 10931 728 18291 16283 12355 9643 3509 713
14883 19729 15390 10816 6949 14734 3015 16272 3506 13875 17243 10194 8978 11797 1185 12492 11507 8010 4762 12848 200 6580 6207 16500 19303 19084
1006 9614 13195 1243 14820 8136 4654 339 2929 16212 4096 18814 15121 15995 8345 18926 5574 8950 17353 5772 5755 816 3135 16513 351 4976
13052 491 2864 18190 16024 8128 15701 5689 17248 4995 16896 9424 7784 2860 13082 17654 19460 627 17971 16071 15289 15311 11121 15997 19037 2925
7523 18922 17487 18735 2468 6907 2400 18144 2273 1070 16766 5403 11745 5735 18269 13456 3046 4201 18440 451 5697 2352 16463 4121 5416 343
7929 19642 6355 16058 4453 3643 18073 3583 6639 7860 5518 12894 3473 10105 17848 11220 8808 5499 11451 2348 7987 12837 17540 5701 13099 17722
1096 15485 7124 599 16605 18500 18120 11074 15678 16098 9970 12402 17232 2335 15297 11538 9960 38 12789 9143 10118 16030 12357 1500 6090 15071
3078 2928 917 6400 6746 4845 1704 13038 14767 10053 3562 3428 18940 12917 14771 1994 5013 5525 3642 19557 12352 9800 8696 7585 15811 8718
11763 12568 18971 5496 17287 652 19749 14546 13869 19769 4160 394 5687 7331 9924 10650 1260 16369 10885 6300 10865 10747 7919 1213 15080 19459
17221 9141 14000 15471 11401 13609 2138 13778 11515 16163 6545 13870 18399 15129 14361 6431 11400 7463 291 3771 11524 12069 8889 13689 5654 7906
8233 18167 17484 3901 19689 4103 18218 11457 4058 13949 6150 18357 11000 657 3265 10794 19821 4798 6777 3379 1494 13465 3781 12747 14059 3613
7731 9818 1905 8157 13830 15024 1849 4145 6871 1644 19107 13642 1267 16725 1329 17930 2590 8595 67 2307 17992 15802 14442 19747 8356 10070
13485 13374 16056 18563 953 7126 7780 9937 10476 2043 14366 5120 6504 649 16271 15370 17791 2136 16932 6329 16897 19842 17504 5111 15074 3771
12977 15604 16726 13014 17346 8070 14738 17381 589 7080 18359 19306 7886 9460 7135 11026 721 3470 880 2115 16068 6754 4327 3281 18273 6642
5238 12346 5748 12484 16659 18798 6470 16888 19600 8918 3871 5928 15275 1378 6545 17227 14607 14936 3316 10390 11502 14175 11833 6666 6852 9472
14331 4896 2348 2357 5066 6263 9413 12066 3967 4420 168 10142 16305 939 19502 3892 14567 1016 13605 18326 9690 13395 631 15615 1277 15101
576 3876 17769 2927 19321 8133 12266 520 9145 8360 4986 5385 2007 12741 14033 19713 13825 18138 3939 2243 15428 14654 16810 19567 14369 992
18954 8946 4820 9552 15691 2380 14536 6240 197 15203 17000 14173 8882 14664 13773 4787 14377 916 7968 3308 14378 9202 16040 17150 19454 19563
16655 752 10733 11496 5403 2602 18950 19688 16498 4522 15805 3022 10716 6468 4370 19318 9038 6215 15223 8077 2624 19868 14439 9637 14948 16152
1873 533 1497 17197 18867 10094 13381 10588 12811 17720 3019 15985 1360 14364 2263 3832 17576 9421 11482 18636 17442 259 1070 6967 2257 10068
5576 13222 11695 18812 11116 18042 17328 5044 15504 5738 19265 7287 14981 702 4724 8952 4624 16190 10586 6254 3121 14528 4559 15661 5408 13557
16488 3199 2123 8725 8210 11269 10623 16200 15903 18800 11277 5575 19840 15832 10526 16493 14844 16539 1588 5486 16930 12068 13823 6476 11569 10613
11032 5988 5697 11207 18713 16442 14684 12610 10934 4060 2001 1866 19217 5951 2303 7372 4771 17170 181 2931 8100 9569 4477 8821 6729 8200
16292 6645 12742 4511 14263 5236 7558 8856 17975 969 5685 5733 3942 10642 5033 4420 5252 14478 10112 10016 2333 11144 2722 11207 18053 574
14245 8560 11769 1590 13958 5751 8503 5368 11206 1084 16431 16434 11967 19219 8075 11303 11081 4333 14517 4224 5003 14209 6830 1431 11206 11705
13769 3336 8424 4658 18945 19930 2668 2911 2928 14214 12284 1478 5759 18347 803 4564 12433 521 2293 17061 19082 17021 18869 9253 14388 3599
3187 8092 3276 13882 16899 5302 1361 1255 9130 8819 4126 6229 4669 17192 11596 18902 15882 12090 11482 2190 7516 13047 8606 9474 12386 2377
11202 1882 7153 14791 19946 13054 16956 5397 17294 15210 10707 11412 13782 4145 17996 15992 7509 6121 11065 14861 4131 13676 13347 15912 16614 15412
10069 17935 14024 12008 3333 19214 12973 17987 5501 3186 13476 6168 16845 15634 13834 1895 12981 14023 9278 10505 16445 510 13079 14245 11335 18351
154 16730 18955 13365 19463 7586 7055 11505 9510 10905 18102 1225 18475 13899 11120 3267 4129 5943 3016 17674 4956 19554 2282 8106 19333 3845
15025 14706 7605 7968 19212 5732 3662 327 675 18018 3952 14432 13033 18804 18829 13621 17478 12731 6929 19918 6804 846 2519 19123 10397 15613
1963 7069 6863 4066 18200 13526 15265 281 2504 10212 13600 4532 13170 13340 7285 2684 15764 9423 7225 7275 2779 15001 16230 12072 12227 1087
19958 1560 333 17292 19453 2332 8579 9508 12509 6430 10682 12155 17456 14532 12392 7615 7076 16878 13850 19629 18242 6797 10095 10503 6271 3647
2713 1070 15181 11437 6237 17148 17411 26 5633 230 8749 16492 7834 666 16150 2169 2146 5083 12521 17848 11479 17681 7162 16979 1510 13046
5685 14976 16386 16338 19442 13988 4762 5943 984 12238 2438 4187 19913 263 12208 14170 8601 6491 13383 16207 14781 5255 6067 1474 1218 12639
9539 4716 10091 15683 11175 2880 618 10930 10589 1347 17124 9514 12763 17282 17780 6797 1838 1365 4678 11706 6999 5432 9032 14665 16139 10075
6514 948 11171 1881 8583 5894 7072 16589 14625 17780 11276 6260 16951 12867 18386 3049 18153 7448 648 9939 6236 11579 6188 19309 6302 1778
7153 15899 6017 6634 14472 19350 1188 3436 10749 6402 19895 12515 3295 8844 13259 4087 8716 13022 10609 19153 16505 8084 6069 2007 16708 11554
11301 10468 15226 13481 9202 17543 15589 17980 6579 15685 3485 1177 18450 8515 11425 10349 2025 15945 5314 5511 10618 13404 17814 9279 17590 13214
8593 4130 16635 5244 10616 16962 19001 18886 6738 13544 19838 13995 6894 15942 11202 7751 17284 19199 19902 5675 9201 17219 18533 281 19271 391
17590 4540 9720 13402 781 18480 18967 6174 18922 9253 1311 18780 18303 14953 1480 19254 1506 4351 16033 13338 6012 39 1498 7923 19221 5267
19585 10494 4949 9683 5860 19472 14676 16027 11596 10148 9500 1292 9349 6437 588 5836 10275 8811 17728 9020 13495 6165 3448 9260 14843 14313
19630 7020 8041 1184 19630 6272 4689 2066 12291 14103 9489 8817 4301 15938 17383 4651 6888 18048 479 12808 13305 19787 8126 19886 7401 8255
10879 2211 5066 16619 15165 19950 3206 18393 8237 19585 10955 18365 1394 8124 8677 13079 4053 6312 10343 17757 13828 16382 2698 9178 15892 11292
11263 13564 10498 4561 12436 4363 4608 7326 11813 8601 11374 1034 17392 4598 6525 3675 5063 2889 6043 3618 8291 5641 11192 5615 14456 36
13612 862 3630 12725 17542 17070 8271 15005 9417 17739 13321 14478 16245 7506 7955 8953 5384 12612 17465 2132 9334 7057 1950 12407 17645 5889
13042 18511 10947 17247 1777 11629 7338 6814 10372 11190 18797 8266 17233 10840 5140 4982 10055 11073 10718 11941 12985 12776 15745 12274 10759 13755
830 7188 19844 101 820 3244 4989 12806 6067 10446 3973 16145 8376 13694 7660 19077 8482 2955 14418 782 5877 3318 7037 4217 4757 4860
13498 19595 14390 14187 11701 14271 2241 12889 6921 17732 15993 13452 8201 15678 15244 15550 14643 11713 4540 15988 7985 17733 18479 147 12680 4615
4653 8545 17235 11762 8117 13501 12636 13752 15421 2512 15175 6212 3022 7369 8679 12349 4038 11685 10334 19238 12796 17620 17891 14564 5082 4479
15255 4954 5786 9646 14884 9892 10389 9424 12498 12548 10321 16734 19423 12288 13440 4019 6827 7447 8786 7712 14646 1931 10107 18956 6193 1056
5968 16800 7212 18127 5798 13594 2323 10469 2530 13060 12388 8093 4136 8866 10774 13679 16915 4065 450 15079 17186 14300 11915 13376 1577 11610
15565 5299 10558 10775 1216 11341 2970 3084 17399 9251 16966 9071 9850 2955 6171 6286 11912 8073 3611 10595 15062 11240 4306 17101 5681 3151
687 15603 3423 6653 8053 9857 2142 2559 3627 16467 15592 6990 17476 15874 11623 7741 799 17323 10536 13153 11991 16189 7239 10618 13045 15903
6548 2886 2771 3788 3453 17354 9416 14014 10122 18722 14404 7530 13356 14200 9847 12740 7997 12589 11554 17785 11053 12374 18241 19346 3306 11058
4479 16547 3652 7501 18412 17015 7998 15207 19750 16283 11130 2705 9354 5154 94 4271 573 17097 4625 0 13046 1374 1760 18886 7775 19513
11045 14945 10989 7255 10566 7171 8033 15890 6074 1120 13396 3408 6569 6542 12096 6264 19619 8719 13890 3692 5899 8213 4315 16802 19067 843
5834 15232 11109 17154 18598 19839 11864 10247 3081 7133 7187 140 9122 11497 19367 4058 13863 8833 2022 17274 8885 16810 1647 14057 16101 1956
9080 9416 11410 1624 3180 8647 12273 192 15955 12715 426 3354 14710 15140 12168 1536 8545 10241 376 18090 6340 2019 13994 8686 18346 4529
9593 6800 9893 10669 19862 2286 18072 60 14596 2567 15781 5570 14024 18020 18821 4157 8787 1365 6011 6698 4458 15829 12044 10614 8498 6977
8105 16794 15602 2057 4284 13536 6648 18493 11850 9539 9978 15744 4025 2609 11778 6060 4157 15094 5796 9197 16602 2062 13127 18456 5662 3959
10909 200 16411 838 10022 13341 16882 12447 8352 2585 5738 2277 14686 10741 18377 1393 16244 6609 5654 3026 97 2501 18607 6571 12470 7050
11358 13066 19683 16396 8887 5206 14993 2103 16585 5101 19255 3407 19823 9228 6473 3012 19101 4939 19055 16760 11523 7565 5542 19158 5782 9006
18543 7363 2818 12750 17322 16870 10294 7862 2506 1257 6184 10246 14268 11918 15798 16725 11526 7943 19035 3914 9664 3460 8595 15466 615 16802
18079 14692 4940 7542 4010 13076 8551 4605 16468 14916 5885 8308 8018 10941 12291 8178 15636 5185 1927 18594 14003 5320 1068 13464 5307 8956
3549 7755 4463 5486 7210 18661 12600 12622 10062 705 2983 807 4979 6324 7620 1875 10302 1123 8977 18238 15280 2556 17461 6623 15423 7296
5716 16635 11354 11709 1445 19547 5184 11949 18446 5898 7368 1212 18618 15503 4266 782 18069 8857 13705 11678 2494 1113 5879 15546 12209 18906
153 5511 2201 3293 1707 15343 12114 19372 6388 6608 17259 1420 9877 9030 330 11097 19475 17608 1046 2404 8275 17027 5295 5607 8761 6403
3265 16014 15159 10638 9650 6493 18914 11215 1196 3353 15948 2094 14911 18763 2687 13596 16798 250 16528 14485 7447 16438 9323 2233 18046 5298
2367 10186 12539 12460 13029 9580 8935 12443 13532 19329 2574 17804 19280 9021 8237 5795 17547 3760 3863 17872 18879 7470 14566 251 17263 951
5836 19895 17939 10489 18374 237 6483 15734 2257 8624 18591 10811 7001 15630 7160 2793 7207 5557 530 7858 1947 6228 18377 1353 10314 6895
19797 6310 10249 1559 2487 1799 5622 3778 12377 2327 11275 9283 7398 6386 7285 19778 9017 11392 16430 11878 4815 6830 9761 13998 14558 5649
4836 10572 2206 16803 7078 1846 15685 6784 17892 16262 19292 11664 12502 19833 3714 9427 10094 19907 11247 5068 3228 6538 10351 6654 10416 13732
2886 10450 16000 12737 17014 8976 6081 1465 10273 1752 5296 3675 15631 4930 12837 486 695 15028 3207 11906 7268 14195 11855 13831 5176 7287
13642 9467 240 1802 4617 138 17044 2583 9274 840 2747 5035 1518 14676 1611 12234 5597 13378 13027 15559 3849 5465 16107 16877 7124 14414
2986 16981 14170 14056 10038 14525 1665 16790 978 3505 3003 780 3114 4214 12694 7860 16837 4295 3597 3538 15219 12717 7399 19960 4122 12726
14118 7385 1598 13011 2998 16354 2430 12047 6997 9700 9086 5305 6878 8545 1007 13377 13506 15813 4337 7958 11831 9053 14360 7976 15598 17626
13040 14128 17004 18439 3055 19580 7341 1586 13239 1910 8287 540 15598 17832 7790 5805 16088 1458 4802 16813 68 5210 17593 5988 16351 10210
4980 5738 10279 9195 10359 4311 3245 8599 19592 1291 13484 19737 3569 2773 12527 552 8320 6568 9799 11217 6221 4497 13912 11769 2441 6959
19293 2770 5431 2633 8132 3435 4342 5317 3509 16499 3700 10115 8944 1240 2912 13540 11432 16667 12485 3315 4895 9095 16286 3642 9883 3759
17204 4623 9087 11029 16601 6032 4397 4375 13217 13347 592 4591 11275 18186 541 18923 4792 13644 3437 3967 19875 1889 5753 5700 13878 5555
13177 13261 6624 18246 7662 8828 10603 14937 585 1601 15544 13709 17361 2032 8265 6432 1165 8258 7818 19357 5945 11063 7715 8840 9112 7666
9371 14735 8383 16283 9867 5333 17573 2805 5896 19305 16902 7692 19821 9458 6691 217 1423 5187 110 18167 19031 3297 15316 6335 4723 16845
15090 2061 10104 8182 19150 17388 15438 10724 5004 8568 11990 6798 2637 7183 11413 10159 9401 16164 17302 12734 4086 7486 5021 13571 836 11895
10270 17592 1300 33 1745 18214 6469 5439 18770 4908 4074 18122 14690 1850 10677 3555 8422 13743 17478 4085 16643 14591 7680 6660 7944 2953
5116 16705 708 10556 19481 16528 3948 14547 7588 7830 13736 4736 8779 16359 5430 7337 937 10006 15016 11371 1393 13399 4435 19940 2669 15699
15165 18109 12628 18611 91 9301 16522 16452 6837 5229 9255 9509 19842 8372 19461 3815 1467 5095 2567 17104 16560 13070 3120 9327 6691 11403
12337 8859 6560 8052 3153 10609 8341 15367 6774 14231 4761 17700 11316 7967 10816 9901 19365 18994 1812 8479 10096 17676 14437 8509 15003 17487
12298 455 19336 9366 4693 3757 12384 6791 2793 6699 7710 5855 3755 1557 4894 8876 14311 18127 17420 11803 7257 18478 1053 11886 19890 12059
3900 292 16146 18237 15072 16113 5308 6888 15212 12763 15157 19048 16572 9883 7049 12323 13655 18290 7687 6308 8080 10840 13027 4572 16920 13391
980 7023 6207 9483 14262 8226 10042 2268 7427 9242 7307 12356 15630 11366 15570 3415 3081 16153 16329 4221 4101 7263 19007 3353 19340 7672
9319 15865 5435 6384 1415 3119 9206 15766 978 14612 2062 12275 16824 517 12126 7077 18176 7162 8615 9018 12961 2608 1423 1181 5591 6042
6998 3760 11236 16090 16260 12344 18001 12338 15349 18163 8847 18711 16461 2766 18531 15372 6869 18756 17247 5287 2766 16313 11210 3352 8839 9587
2692 7554 10347 301 4766 1320 13378 4531 2487 18183 16713 14171 4901 8505 3320 828 14897 10802 627 9363 11469 7437 14881 7159 15978 217
11677 4240 12531 11084 13887 4980 15162 209 1381 3349 14939 19320 8878 15266 12183 6465 16349 7824 2374 18626 18175 6639 9968 19574 13100 17742
18215 2360 6439 16074 6425 7337 15244 2257 14503 3602 5333 10223 19986 5145 10327 11504 12063 3403 4068 9976 13794 17743 2340 5505 2610 19976
16573 15093 9071 17820 13759 11100 11814 8149 12019 5742 817 19070 10668 6239 2463 17990 14543 15128 4894 3774 6531 11387 16282 1578 17458 10018
914 971 5586 12391 6849 18228 12967 12013 5616 2528 13975 4163 955 7990 14261 7593 18465 10105 16111 12 11946 11065 7034 13783 2286 748
8579 9335 4584 1591 9127 11435 12379 11121 16390 17538 17540 18212 16402 12598 3072 17111 3906 6150 13174 18224 1593 9545 2592 145 4832 7555
5623 2720 4411 16669 1071 13186 16803 10890 3412 4671 14728 3268 13022 2673 1114 4156 1758 12921 10190 14366 14979 16404 1873 13330 921 7456
12577 11075 19502 624 15516 13945 10012 7757 19976 10065 15269 2543 253 3555 8150 15578 5279 8560 13457 778 1724 13356 2599 11025 10891 15279
6660 11842 18272 16255 11140 15239 7403 2261 869 19029 3724 503 9518 10996 5616 4772 9999 9320 14132 6954 15347 4725 16049 18070 4085 14401
18321 14715 11903 8540 14363 5391 5598 11399 10949 12184 19216 2975 11942 11473 17643 12099 4092 2999 6749 1173 15694 9644 9335 13959 2929 6108
737 2149 9631 2837 11357 10080 14109 6266 5481 3896 11591 13488 5120 12002 10228 4208 1826 10644 8974 19505 18863 18846 10328 13780 2857 8766
2181 661 16851 7945 12754 1724 10337 15313 11288 10885 2465 17436 7897 14958 17833 6623 15696 6541 18100 6787 759 18454 8274 19352 19580 6381
2345 13288 2416 8966 3048 13574 4773 9383 15279 1052 16219 1830 14479 12033 8415 13810 9706 10510 7405 713 10414 13853 17052 15302 10048 5437
10899 9515 15000 3003 18448 13581 14690 6541 14757 4506 16344 2396 8468 8146 19271 4093 3697 10998 4853 773 14381 1331 19997 9965 10572 4168
9047 19928 16335 7091 6782 17755 13052 586 890 15731 2524 1393 19985 9323 11225 1167 6566 9589 5094 11314 9422 9243 17325 10536 19614 15232
18101 599 849 5021 12547 2420 7888 1497 17775 4223 14575 9062 12538 12823 325 19148 17666 12974 6451 15341 16162 12333 19277 3513 6443 13147
16946 8374 5881 18529 12978 3301 17552 10153 10375 756 17894 19921 7148 641 3216 9106 6313 19921 5805 2755 9227 19763 12863 7749 19636 10725
1046 7582 16169 2301 18755 6743 2796 2227 7871 12224 6409 8639 14522 4638 14321 8731 7039 5441 10339 15829 5311 18415 4680 6655 19982 5261
11918 5028 6776 7572 593 943 16847 12992 10065 10792 10536 14195 434 15747 18908 6039 15519 5305 5038 17556 992 15941 11240 15430 3647 11485
6679 15767 10421 387 5353 4918 12277 12944 4183 13428 12785 18919 12782 10834 17308 12749 16580 1347 5068 16859 15428 1766 15595 18482 5257 3347
7809 2828 6076 14436 8889 8843 8843 13941 1329 16836 5000 9599 9644 3504 6245 385 19285 6413 18742 12148 16720 19268 16371 13484 6330 13256
10005 15885 6543 19568 12336 12219 7830 9779 12326 9652 19482 9264 2166 409 12796 11025 2539 9841 12457 13033 4679 190 6362 8716 17963 10884
7862 13409 19174 2591 18748 14569 16462 12207 13040 12513 4174 12337 4660 6092 18134 12732 19842 12056 11746 1885 9417 12892 17227 14051 6203 17237
5399 17996 12197 6049 12368 991 13536 19025 6978 18167 2109 19061 1779 2880 4270 13004 7679 18161 11511 7093 6878 852 19139 6060 7729 13481
9882 17692 19609 17269 2702 10537 8380 18673 8283 19093 18906 974 17369 2816 14257 10171 19805 7949 12412 1373 1458 11722 10597 17443 488 15059
17719 15992 3009 7178 4571 7720 15034 430 14519 2642 12293 17266 1972 14936 16378 6338 16322 4064 7922 3060 12916 16691 17714 18333 2886 12182
12105 14084 15277 2883 7966 6406 12943 6033 3810 12960 15012 12090 16404 9754 8501 3505 13754 9041 3563 7609 17306 3498 13744 18156 446 15587
8099 10454 6434 16056 14181 16063 8841 5755 9766 18100 19637 17506 3424 8000 8470 738 12905 9174 336 19458 18099 14037 3687 930 16234 13860
5906 2382 1378 17889 10619 4972 15548 3874 12648 933 10551 13381 1696 10024 790 17639 4989 18335 16272 15754 8392 14985 15780 17757 18499 9107
9486 11518 1396 16495 3416 19644 10447 12544 16573 14043 19538 12265 11398 18154 6231 5177 16111 15534 16463 8225 6580 1143 16244 5389 3319 12368
11170 5056 16258 4128 14503 9569 18779 6159 1958 18860 2518 728 12337 10125 15881 1422 7575 11006 11354 19099 4997 9984 15185 18087 17570 12086
19424 19644 16767 627 2198 8344 7751 2318 1529 11372 14108 17657 16757 3187 8156 18784 18820 15859 11445 13148 1190 12576 7928 17949 10719 830
11217 19165 8829 8095 19282 16962 11350 6255 17660 2852 16942 17727 13796 2104 15664 4116 1134 3374 16691 18337 4601 6566 1480 14517 12168 11839
11067 7503 1418 8444 15473 9478 14014 10215 6251 8480 10762 9181 16699 5679 17367 1738 14736 13737 19219 530 1263 6473 10272 5584 16580 10193
15916 14095 8352 8644 10834 19874 13396 17125 8620 14651 5028 14832 10735 12114 15074 13846 3962 13747 8180 6692 16620 13134 595 14617 12200 11463
6527 4952 6832 1201 4965 990 1865 3774 19980 7307 3671 3174 1325 6689 9919 17337 15984 18734 18285 15282 9437 3883 8595 11385 7724 13098
16759 9215 13586 11441 11973 10128 1439 1576 17131 16009 18769 15706 16738 3784 3510 6568 14416 2447 18329 12185 15169 5131 9368 19527 10750 6249
8140 16445 3846 9226 6998 157 12227 11255 6664 9418 241 1522 4698 4715 18882 14386 15838 16025 1239 6606 4219 1583 10443 1641 11404 17582
2161 8643 18115 5604 3574 4649 12503 5403 5254 18251 19389 8832 8607 19125 3787 18733 13813 19366 1861 6390 4038 10246 11542 17503 8461 9937
10828 9185 14526 1129 1008 10196 12795 10072 16979 14329 12892 15789 18875 9896 17735 5881 15105 11537 12429 14433 11548 7291 18795 17443 18211 9180
6830 1183 13277 14060 19526 17110 1853 15550 6492 18588 9131 3327 19464 13721 6628 6952 17530 4846 7055 9859 7509 19963 13630 2125 7198 18051
10000 19828 1259 14247 19200 7806 10193 8545 16093 8554 550 9743 16294 17662 12968 6487 7605 4384 13548 1993 4166 3863 5727 19854 7986 12313
970 7674 16377 9839 5420 2366 14790 13873 17959 953 7656 8776 9352 16733 2059 17119 12657 1854 4301 797 19082 15482 19445 19374 5603 13182
2335 10841 2990 15472 14810 12949 10162 7194 16736 1013 15392 4356 15486 17624 13393 17887 13963 10742 2656 16583 18263 6302 11378 10367 8507 16408
19883 1934 16964 11065 17717 2172 7741 19526 18152 12826 5715 2442 19479 15053 9120 4874 15562 17598 4413 12102 8357 13501 18671 9214 7104 2686
14596 14790 10007 19635 3936 17918 11769 13942 2874 19574 10823 17357 9149 637 6239 2531 19443 4187 16928 3011 14116 1390 11889 8792 6626 13630
3775 12155 3420 19799 569 3399 18528 15389 12478 11872 12698 633 3777 16041 7183 11834 9429 18972 14383 4172 502 849 18108 842 18763 9110
19870 12742 14138 2030 1802 1033 2260 12811 5039 13519 18734 7288 13228 17513 7602 985 15824 2742 12234 16174 5424 12627 3788 1973 11406 14286
14789 13871 4458 935 4364 17852 4012 5813 7384 19359 5190 4876 14683 12416 14585 5822 11907 2486 6742 6213 5134 14501 8041 555 12835 18249
10393 6360 1671 17168 4528 15143 2320 17949 18692 13909 7166 9044 8228 9796 7795 18389 17599 10807 5321 482 4783 12434 10658 4717 10270 6344
4056 13649 1914 19445 14021 14908 15253 3650 13017 13199 6476 16488 9424 11061 17363 13777 13021 1325 8299 998 1295 12988 10604 2416 2754 707
18657 12687 12479 14186 9511 9831 9289 3602 7134 334 12378 7075 4716 16860 2520 3347 9803 2849 4778 8551 12848 11658 7397 7089 1902 5616
10507 12913 12257 14283 2291 11797 5367 1720 4274 8398 12207 19946 15096 8324 8066 3195 148 6154 7597 1021 9865 16864 12994 5915 8681 4723
1667 6704 3357 29 9298 1334 17215 9998 4960 10165 12033 10426 4242 3086 7377 19316 6417 12023 5460 4470 8766 4871 17206 5488 11220 8621
8866 16027 7682 14542 7492 6833 9713 17153 18522 12035 13480 19737 2927 17643 6979 525 15604 11028 11334 18328 14527 16423 5966 2233 14713 15946
13524 14434 18760 8731 18413 8257 17278 9293 16900 17403 11647 9103 2792 11284 15991 11063 6046 8953 6662 10756 13438 7294 17948 8335 13893 9459
5242 13122 16458 6228 925 7086 5540 5880 16996 4715 488 15828 11047 19520 14044 2953 3941 18666 6140 17825 7321 6310 13952 15706 16009 15353
9561 7511 6947 19876 2936 19504 5401 17688 12927 384 10823 5996 7949 14772 2310 4180 6175 4475 12310 14347 14737 14475 950 4431 8284 11513
6878 7627 10349 13028 10493 15698 17955 17935 2948 11438 10719 4889 6305 10515 11285 5848 19405 17254 13952 10278 18438 15798 17734 291 18640 16830
17434 17487 19290 13084 18403 16317 7821 7785 9398 1896 4370 9997 6447 6695 13430 13010 3718 14753 3594 17050 3140 8389 3837 4078 16211 7740
490 8010 12912 7498 2936 9051 7119 8989 10499 6043 16946 5728 11749 11536 8493 17714 16578 1112 10577 10968 17814 16682 1044 2331 14069 18911
955 15254 13652 9278 14167 701 549 6232 5462 14828 5476 9430 3955 18078 18985 7654 2360 19726 15968 18004 18694 6760 11910 11839 19350 19159
19199 10670 19515 12011 6358 3232 7868 18582 14793 15611 5765 13220 16548 6868 3596 9480 18963 154 12539 2294 8154 5823 2118 9353 5531 14294
15732 17507 15086 19641 3570 8832 11700 835 8285 8890 4141 2784 14762 17704 15132 10358 395 42 4987 7852 2802 11760 15484 6316 2608 6331
15872 7609 284 1568 15714 8956 13745 13977 10662 11220 9337 15746 19064 2780 12036 14541 1994 12648 12391 5834 5096 3299 6095 5768 9411 2156
8405 12576 16676 9517 6053 7902 15311 17712 13547 4479 13757 9569 13649 3857 18135 5212 7967 1066 14988 1858 7763 1041 5906 12966 17792 11655
4271 11298 2853 8062 8333 13726 9708 1803 6668 9715 6095 6578 9070 764 17533 6234 3268 8746 15784 8560 14129 13062 5344 750 2150 14359
7699 7971 8524 4081 16834 6263 11149 6058 7897 9145 19011 1499 5110 387 6976 18016 14405 5913 11568 6135 11963 12271 2476 11809 9023 4577
2690 10850 6698 3427 7199 4740 18667 18488 13085 5071 1050 3192 5630 18545 12870 13528 13512 3347 15455 18114 15595 17634 13637 11583 3227 12617
13712 17464 16999 18281 1032 9906 11825 19071 16626 14404 11205 14930 2686 10166 5780 18103 17227 3098 14072 15193 12938 15475 7818 3599 1159 6562
5066 7842 8874 13728 6660 14641 4161 4180 2281 147 10362 6672 5545 11845 11170 6739 12646 5162 13538 16899 12595 15847 19382 662 10262 13853
12735 9053 2334 10043 12910 1405 9488 4573 6669 18574 14026 7936 7662 5042 2618 10386 6616 16854 16432 19876 9859 7425 16496 9179 1064 7342
9849 4260 8289 2578 7128 14652 15304 9336 13468 14488 10081 8999 18960 15930 18488 3255 10771 12916 13137 15578 11503 18309 18665 18925 9809 14730
5754 19233 2532 14894 17906 14024 4214 10468 3602 10326 6214 14522 4829 19394 2697 8789 996 19273 12321 9230 11489 752 7232 5373 12703 11076
7856 19996 832 9447 15281 19157 15215 1605 4791 1336 2164 3656 16730 11862 16356 12351 19574 7494 10158 4531 15044 199 1169 6947 12568 18318
7695 12793 18493 2292 7662 2997 9370 3819 18599 5375 100 179 17849 18233 5444 18221 1117 5669 15304 10311 4799 16762 19957 2190 207 18251
