365
63 57 11 66 83 56 14 36 10 99 6 46 36 79 31 55 79 44 39 99 50 76 10 81 25 21
11429 5048 18119 16120 2770 10051 6922 15389 13937 19685 11409 2395 9815 11389 6740 18150 6106 2387 7919 18569 4230 4343 13635 7121 17843 9803
10512 6742 13101 4770 2364 17564 3613 13099 19818 5780 10778 7895 7094 2306 18023 9642 360 168 10712 5803 18889 5701 12833 681 11716 13487
9010 7262 13055 17547 1584 3158 18042 18806 4013 10328 17501 14533 6713 15153 11747 2041 8347 5120 7138 10628 3062 12177 17864 10634 13372 8466
1923 5734 14168 15515 7538 11022 5752 3891 11177 9030 8854 312 1051 2954 11751 5900 15218 627 5187 3012 997 8933 19080 12466 12806 3125
4114 15076 5194 15727 3856 7408 1625 17087 17591 18805 17940 7606 2424 4083 10050 14706 684 3764 18899 9373 10890 5143 10288 19285 6102 13957
2926 16787 6347 11596 10774 13362 295 14924 19226 11335 2485 6474 15849 13542 5378 18286 2014 3570 9890 13255 8446 19126 2501 18253 1204 18067
9096 11417 280 14672 12715 15327 17893 11631 5111 4949 13373 3150 8092 164 12182 2251 17741 13170 1839 875 13039 13668 10058 10104 8656 6213
3393 1828 19084 13023 2124 15710 6059 18364 6271 9417 18849 9544 11545 18385 17599 10262 1826 12505 2693 16281 7242 2439 10834 14869 12544 4677
864 7755 18942 497 11687 15730 6262 477 742 2852 1478 11869 6745 17449 16071 4157 16712 19569 2746 19115 11221 15335 10310 1158 10647 15661
11051 12720 16130 7449 5372 18689 8125 401 11949 991 4983 19673 10693 16534 4634 11271 14619 4996 2708 18433 16323 16418 9191 1171 1407 11575
11934 13156 3369 12465 18923 5499 18759 14085 19798 11103 13208 9227 18407 1572 2899 15988 10709 7972 16326 7253 15772 15720 19818 18571 18152 10188
687 18327 12771 19267 12952 3199 18758 5517 3677 3018 5103 15969 3797 1198 13251 10306 12681 15571 4311 6350 4983 3176 7842 1919 2608 8205
6499 17509 14963 13188 18542 325 11843 8566 4774 11104 9810 4399 1817 3054 7043 16179 4316 10913 193 18056 7620 13727 2976 1915 11298 12058
9995 920 11883 14419 10886 12428 17887 12861 13424 3772 690 18763 19116 4819 6756 4695 5108 17498 13497 4079 11009 354 15243 5275 5717 13991
19675 4898 5368 3742 2790 15534 12521 8914 4201 19007 6401 15778 11402 16072 18054 9818 12576 3029 19037 11375 1405 5064 3747 19872 12713 8505
9154 3893 11851 7263 8555 17548 13452 261 7799 3799 5351 8981 5617 2878 905 4260 5868 298 16078 5641 6249 12039 10923 16960 12422 19146
11182 13162 14490 5178 12089 4592 8270 14970 9095 13109 11724 13086 14921 13467 7252 14599 725 6925 16349 2347 8636 19189 2044 8569 17030 6005
4569 6549 17921 12175 7976 7224 1675 13129 18807 9290 9003 10349 14351 9008 17865 9564 5689 10286 4503 3230 14609 11995 18727 4300 8367 15099
5831 7999 3268 1146 4877 2515 11680 6037 12064 204 1834 18920 11443 16187 18025 3361 19639 3298 18401 328 6500 6444 9260 17201 4700 18186
19314 2684 846 14718 1797 8712 18337 8327 17651 8683 896 14369 17882 15672 10373 4601 882 1754 1409 17221 3770 1300 8983 15292 4823 4423
2802 12947 4539 18942 13126 18054 9055 312 19807 9928 15394 17421 19548 13457 10048 2804 17842 4143 3502 8189 8017 19014 15685 19664 19933 1220
9668 18159 99 2069 18702 5400 11292 18957 15249 980 950 16738 16697 11458 12640 15064 14199 12978 330 10768 3641 14668 18855 2165 16596 4017
16344 248 10869 11510 13104 16649 15340 8039 3734 13016 11269 13075 12957 264 7945 19871 14500 3733 8098 17904 5972 2342 16976 1412 12173 19063
3169 6067 3992 15019 17844 14917 8859 12461 2758 15175 15900 16150 3842 10003 6104 3575 5515 7651 17923 18308 8999 10110 9694 2549 1051 247
18738 12284 5158 14457 7695 13653 19122 558 7614 17075 16279 12475 14142 945 190 10606 541 2814 2063 17152 5396 5747 2463 19709 1510 17142
11035 12393 16843 4069 18411 8752 14489 15497 16236 18090 2679 6162 16669 15179 1365 16113 4826 468 9458 7532 3869 18761 6633 19474 2614 17671
16568 9781 12932 18625 15125 7235 2383 4640 11428 8595 6296 2977 13784 6619 7363 14456 15603 15358 18763 9538 3513 11938 1770 6072 4144 1688
1463 19050 9644 19295 5915 16840 8488 4772 16859 19860 15628 10318 17651 16030 10788 10729 19218 18591 12203 3250 16931 18138 9452 8422 14534 14357
11129 5092 18353 7548 4609 8786 18569 7510 12327 4296 9124 2906 8189 1569 11206 4901 1689 17782 15193 10122 6920 17559 17347 1831 15202 18382
8698 12410 13909 8773 1397 9888 12163 18687 6754 17585 2573 1709 11360 19548 10705 2685 18302 10864 12916 7072 16916 2746 16037 13231 3459 9909
12585 15593 6889 7728 10482 8517 13043 2014 13923 6705 5569 1239 9597 4817 11764 3554 9781 8721 14282 8108 18501 17167 60 6795 16374 10926
14002 14742 14300 17741 3979 5944 5717 18286 6659 13760 19865 5879 5888 5402 10564 9692 3292 15800 5736 4942 16815 18881 9761 13775 17086 3541
8427 16907 10897 15868 8578 14983 8448 11082 16459 673 11786 15808 6206 14277 5261 8575 11759 6100 479 499 5510 3955 7523 12660 6623 13661
9541 17248 3211 11174 10199 11861 19363 16169 10463 4205 15455 3405 13791 19010 555 17110 1674 9687 5513 6043 7390 7852 14094 13379 8150 10461
8945 15774 9702 4303 17257 3352 13263 478 7021 2381 16266 11346 16595 1799 302 15890 18504 11837 51 4205 4339 13303 449 3983 18878 19620
7100 4341 10996 14892 1013 8519 16482 2746 9417 7847 10367 16133 2807 7120 16830 4426 8321 1938 2019 2081 10559 825 7085 17528 17006 12448
16470 4944 12670 10535 6740 16046 14645 3478 17160 1025 4214 13340 2870 8688 13183 1065 15030 1595 4751 13615 9272 17313 19117 7666 5390 8592
7000 5416 17113 12788 2126 2779 15260 5767 11033 15001 1059 3351 6716 8823 18374 5695 19465 12621 11646 8640 11993 4045 13831 4850 8719 2274
9580 18092 6346 5127 6390 15082 1859 2058 2794 12369 646 18656 15511 240 13446 6304 4700 8808 18231 9855 4815 7606 16115 13518 17300 11120
8612 17059 19712 19616 14277 5801 16750 8163 6716 6952 13082 13827 806 13656 8593 3828 5886 13417 17302 1448 4637 15105 13423 10545 10071 12363
12482 17268 6599 7694 6556 10118 10025 450 17672 12755 11301 18188 8549 11454 3701 3299 4916 4400 7191 3240 11558 9449 3397 15201 15374 17696
12748 12136 18588 9444 7872 17834 14304 2187 9350 8874 10396 2819 13498 9375 9559 17485 17064 7847 16850 14337 14007 2560 4752 17116 3703 15956
19999 13128 15737 10033 5643 2538 827 10269 11301 12884 3459 13237 9093 10646 433 19807 5104 6066 7346 4051 7877 17246 15842 18962 9474 4051
15686 17312 15134 11277 10652 3606 19246 18085 11803 7027 9079 9609 2076 10738 14681 6399 9878 11191 11886 15727 1619 3953 10521 8752 4512 13292
9736 10785 7051 8192 4600 1624 14568 15463 17213 12885 17285 10480 14013 7676 2215 19248 6931 7135 3442 1289 2301 16402 18618 4696 5421 9870
16262 18728 12150 9462 878 14335 16618 8934 7113 9186 4574 8403 16618 13746 13983 4751 11540 18414 4925 794 10389 13581 9636 6417 171 1666
5866 14354 12164 9776 1061 18093 5509 15800 17381 18470 6098 19864 19771 8075 13319 4284 14943 4445 1314 15693 14179 5237 8817 5454 5697 10979
19609 2867 5125 11605 13322 11151 694 15212 17640 11185 19925 5712 12410 2372 8430 5902 2036 16385 7804 1176 1522 14167 7294 6991 16800 6357
3608 1498 11049 7431 1659 12114 19679 15083 13305 8687 14445 13133 17039 14750 1186 17846 18336 1318 11858 12579 11861 14456 17013 1109 7710 14370
25 3643 17860 402 1162 16897 10494 16752 16928 9777 16619 1676 1692 19932 14549 2602 1105 5478 16939 13209 2593 5303 19693 14992 8973 4984
13758 11429 118 1528 12198 7099 9802 9873 10508 9379 5486 15574 5442 1576 2359 2659 16428 11137 17043 5211 2412 4064 1785 15818 11336 19331
9597 2693 11267 5756 3174 11654 8233 12003 11291 14986 4643 5942 9721 9237 14898 5115 5012 16571 18252 10861 14034 16293 14447 18197 14400 14267
6483 10175 5510 19025 13031 16223 19893 9577 990 8459 7829 10013 14496 13494 8145 11293 8432 16482 3527 4501 13828 15212 19390 9358 7431 19534
9046 17938 10038 5745 10623 19131 16907 3457 4763 15095 15775 282 4294 1938 18603 828 18540 5878 4450 19947 6797 10691 4045 3232 7915 5356
13105 17213 18108 6610 450 10595 13749 14306 5800 15402 2474 9741 12603 15755 3230 10208 5463 2934 17745 9046 11937 1714 2851 14040 12366 17918
3960 1982 12497 5991 4778 4148 6574 6539 6429 18074 6851 9008 868 11157 14201 4421 7853 12020 9632 57 6799 6594 19095 9772 6174 8112
5261 12029 15296 13247 19258 19233 1669 7126 14669 6842 5597 4852 2663 8355 5032 9884 4831 7584 16690 15776 535 10792 7447 4100 5114 4908
8839 5262 2109 14763 5162 10097 629 17603 16556 18941 13302 16933 3523 19928 8619 348 15202 388 18663 5250 16278 289 19565 4492 866 11732
8277 15229 10077 2050 2920 2799 3135 5480 11121 7529 15488 7297 11627 8577 6437 11852 3664 9922 3171 8106 18433 5752 18204 9930 2410 12618
10475 9137 15135 6940 13435 7983 826 16183 16414 17858 9905 15927 8051 7435 8605 18527 1613 5719 16971 2770 1710 10480 12568 738 4340 15175
6417 14343 4534 13995 10502 2965 289 15025 10900 2113 4640 11489 13934 15773 18496 17631 19125 15441 16556 2983 715 7022 15734 4203 8575 696
1174 6510 16778 421 14763 18559 4558 12772 6909 16029 9208 8237 12751 85 10712 5151 9562 17098 12937 3993 14550 7136 972 6019 5318 13371
8843 14639 10075 8341 13501 8663 13600 13572 9244 16348 8775 10225 1792 15837 4653 225 15800 19858 19427 8238 8534 13045 19416 9460 11088 4054
16648 18439 10686 2570 5681 1547 16603 11310 1547 3351 13878 12239 3995 10155 19424 4344 4930 12365 10479 7097 2844 11200 1636 13580 4687 14370
8536 11845 7942 11726 6339 19196 11317 16483 16056 15798 558 4248 18999 17279 13902 5867 11157 16899 8484 8095 3858 15593 9367 9638 5778 12766
18530 29 10499 6744 7275 10786 17959 6039 13691 2244 12633 11019 5727 13911 19187 16862 6851 14949 18852 9277 451 4730 15942 16873 11746 15102
6455 14194 6533 1453 4095 738 5860 14890 11138 18726 19139 3514 6176 13570 16742 11627 19720 9788 4647 3996 18779 5292 11353 15630 8137 12179
3226 13753 13322 13284 4207 4117 15348 4493 11608 14414 15736 2870 7547 11690 12053 12762 14805 14156 14628 15906 12570 8049 11367 4009 10148 5287
18835 2780 5091 5862 13646 4996 16262 4538 18653 2206 12638 3803 232 15748 3045 17325 14975 8700 1430 7258 9084 8012 6596 5778 17057 15063
1017 3937 2071 6685 11718 5304 10151 8733 2675 9169 7032 4138 4117 15894 3502 13827 7200 2259 16862 13577 15473 18946 14758 19197 10201 6683
4432 2441 16615 9330 7008 18686 517 394 11406 792 12029 17956 1126 217 17935 813 9860 612 11717 10910 12639 16344 2326 1179 4449 13210
12774 7630 12715 1961 944 16559 19055 10241 1634 9118 3603 17755 15756 15413 13948 15794 13403 6988 6002 692 9376 15664 17283 15159 2347 17709
5452 14411 11768 1224 17544 13526 15418 4695 13035 6764 8558 17672 15496 13813 14277 3391 4050 6085 15636 8738 16741 4110 10752 7438 857 14628
4845 19610 1327 12999 5923 12386 12368 16917 12130 6533 10502 4020 12477 9194 2046 12106 1590 575 1722 16296 14173 5541 10136 2967 69 16964
3461 2537 16846 15882 16908 4365 13602 6707 3460 6514 4369 15140 7049 9349 7674 17108 11734 5123 17268 14843 17799 8644 10874 5766 18380 1100
2906 12135 3630 12081 12215 3793 5187 4779 5267 2999 10506 18428 13897 19878 19076 6308 7585 16292 7367 7737 1943 3778 1634 16875 445 17285
11079 12677 8529 8965 17369 18504 5600 10578 9035 7084 5003 5590 2670 9013 6042 19920 18081 17252 14346 13039 14874 8962 2476 6053 16906 14990
13719 18312 11280 12493 2481 13200 12232 298 17123 8478 1275 5895 18356 7573 6028 6986 6122 15643 8128 12380 3786 529 6125 1585 11664 16205
11872 3380 19959 14297 10096 3158 5473 18217 1485 7098 4282 5283 7715 7951 3344 16008 5096 4060 15069 18329 802 12245 15891 15160 12217 13436
10820 11262 9101 6598 15388 4753 16687 940 10207 486 18163 16222 14115 18278 6139 18947 19175 6948 8184 8570 18824 18980 8210 1521 18518 16383
4997 1073 11272 8963 9855 3804 11566 15445 19757 17433 1106 12495 1871 14811 16514 671 10856 17386 7024 14522 169 15203 7142 9807 9322 13649
13339 16746 11034 9399 8113 9074 19154 6300 3611 19200 1904 6446 6112 12918 17940 12127 5088 18616 12392 13972 16775 15373 17096 10543 7661 16613
16018 6147 9399 13753 3480 15957 841 19288 10425 1067 18158 19400 18649 3772 8362 3802 1779 1254 2370 8682 7576 12118 8037 9644 8264 18812
5726 16416 16489 1810 11028 18154 8490 14499 16571 5157 2545 8364 8617 14498 15546 7591 11059 15857 6963 864 2323 2041 10843 14996 17231 15837
17621 11204 3347 6155 3389 15848 3970 17022 10004 7414 6237 6654 14396 18845 17692 2843 10487 19760 11765 10733 3335 10463 86 11203 18414 2504
18059 7956 3729 3045 12345 12485 909 10237 17545 6434 19784 11291 19886 10514 2574 15158 7828 2249 19770 11256 5815 19509 13514 19635 2771 14804
2864 3165 912 1193 13167 901 2065 13419 4486 11760 8691 16264 7951 12264 17669 10791 10772 6217 2353 8693 19734 17995 4056 341 17413 3516
714 18835 10719 2927 2966 2772 14509 3323 17745 18580 15181 1952 17391 2267 18433 1072 16345 16283 8510 19809 16240 17852 944 10105 3131 10165
229 726 15 1861 1683 3715 2912 5501 5152 9702 9358 6557 10651 2271 16743 11300 1661 18653 6683 1451 10513 16093 724 9402 698 3624
12550 15628 10168 337 10927 5207 6979 5052 3660 18789 6028 13611 2036 3130 12078 706 9786 8530 13362 6890 14096 16718 15721 2549 8366 10470
19866 11221 12104 2333 8564 6778 19463 7071 4787 19005 4570 4070 8300 13933 10231 16610 4901 16174 9353 13982 7890 4331 16202 4538 5220 19870
2393 9811 17138 15629 18841 12273 4395 8369 12440 12715 10600 12503 7114 11548 10515 3619 2466 468 99 768 4384 5813 12454 2165 12394 16081
3593 12900 16837 4366 4832 19185 2682 12079 17372 389 855 7962 17176 4037 9991 14384 16218 6939 3641 6475 10850 17584 12467 10765 15610 13028
9241 11236 6022 11761 5532 19155 4902 17619 17746 10306 5407 5680 17050 8277 11279 16913 15891 9317 9484 10601 12171 1869 8002 3286 2951 3079
1821 10065 4016 3513 13026 4122 12563 536 13756 17404 4499 2174 16106 6731 9717 17178 5314 19668 9192 5510 19341 7754 4179 176 10036 16834
15031 669 14302 8069 9608 8853 15125 14569 10015 17858 15078 1545 4924 6286 1145 11491 5733 12884 11380 11402 10243 13686 8216 4486 4112 15319
8827 16195 8949 17450 5787 16471 3193 5156 4856 1944 7970 3603 931 18643 17617 8167 12985 14533 4352 16699 16459 9149 149 17447 16895 9825
17215 16230 17054 17639 8643 12756 6779 13527 4171 14785 19378 9484 5471 12621 4742 8150 19316 4655 15646 7396 19308 14709 19765 6712 14271 12150
2187 14557 12851 3416 8302 5136 7626 2266 8210 14118 11764 395 6882 12597 6843 12506 8560 8120 17703 14146 5448 16300 1072 6996 7983 19210
479 1731 10782 5187 2726 343 8384 9943 1532 14027 9055 4294 19549 12265 8768 5720 17168 14182 10414 108 6614 7335 6898 9585 14557 10607
1856 3846 999 13835 727 10789 5530 513 16911 9693 14505 17938 5808 19613 5468 8821 1210 17619 19878 7799 12217 9636 19617 14220 16148 739
14079 15611 4585 16928 15036 10891 5804 16445 5043 12183 16842 14734 9232 14111 18971 13879 12512 2177 18214 9998 14569 5979 7422 6254 16263 482
16357 10055 7754 1640 10206 6034 17785 9251 15492 17490 14437 11090 5432 2143 8958 6513 16863 15234 9614 16074 7023 9606 16993 17233 15172 19361
9504 18186 13261 19584 802 3786 1571 13914 2780 18054 15720 18492 12741 8691 14262 1274 16609 18334 853 12038 17052 10090 9555 18701 18922 15838
17661 19756 15213 10434 1026 17469 19342 3938 9077 2753 2874 2643 15827 1037 11852 3181 344 16722 11216 19721 805 3827 19142 19946 3250 11168
18251 15594 8762 15345 14489 13345 4269 6196 14407 11455 18945 12806 9069 19716 3597 11427 10213 16021 3951 14639 4913 2625 10178 12402 8562 2957
5888 17094 4494 11619 7773 15072 5103 17803 7116 17999 19462 14215 15290 15794 3884 10677 18088 2587 1275 18792 3219 10374 13936 3760 4694 13668
9250 8328 13008 3529 17436 16667 165 17599 2823 14550 733 7791 11052 19090 2332 19255 13544 15716 8733 33 15100 10854 179 17974 13519 12577
18245 19797 13657 4894 8232 19129 15675 9802 11863 10990 3577 15381 2821 4276 16271 580 15901 2813 18816 11276 8024 10657 8475 16362 19890 11226
17306 10210 242 2905 19109 1314 14612 833 6999 9756 19998 5536 16788 4220 10571 11919 7497 16030 8817 15128 18175 11167 12841 17017 19756 15636
12567 513 19118 6057 13143 2341 7920 11638 2818 18120 13439 2830 14838 15333 11939 12399 13002 1036 18441 2971 16742 2745 15319 12740 4714 8960
18527 3793 5625 18633 4628 12236 11710 3273 11846 11611 7934 10406 17828 1268 3641 13651 4043 832 16841 2853 14214 1364 19021 52 11316 10836
7252 16887 3662 11251 13199 8930 11977 17005 17108 29 8530 11674 8056 3846 3494 14445 19930 6388 1092 14847 12008 7370 2516 2246 7482 13152
3141 8961 13641 17595 636 11691 1872 179 15273 16922 8459 9878 2860 15755 12003 16661 16841 5130 7421 13903 12301 12443 6163 19754 7833 2446
1709 5108 2884 8149 5746 10568 8781 16329 7432 7566 11805 10065 4793 19766 14947 11989 19302 14272 2957 4987 2936 10750 17098 15919 2775 2497
10987 4457 4856 2049 11751 16790 16624 16901 16240 19473 16195 408 103 6402 18725 3435 7331 5763 3436 5639 14363 2573 15788 10264 10863 5795
9587 10314 2531 10920 8249 14214 5111 3781 15545 7245 18858 5287 19481 4821 14522 8087 9765 16710 4195 16050 16574 15636 5562 10116 2922 11730
18604 19199 16742 18704 13566 16908 10219 3193 10236 8729 8145 7762 18859 6240 15365 18173 5687 14945 2500 7695 2091 12252 4100 1281 8974 8894
13568 201 19238 1646 17726 15530 10816 11944 4287 768 9133 9581 4720 15522 14997 10879 2938 7590 12439 13858 12791 18824 4578 7840 11783 10457
821 14479 17880 3851 14944 6791 2222 4185 14198 15833 14689 8193 15777 16885 19854 10848 15406 18747 12361 842 2707 5035 13380 91 17481 19686
17139 314 7529 16640 15544 10806 9543 16238 5885 11688 10700 2272 3265 2773 3320 16398 10973 19175 19511 12500 10259 4642 10044 15210 2040 9028
6302 7447 9134 4346 19645 3143 9568 6473 14943 13994 99 7680 329 11024 12057 12849 4581 3409 14192 9729 9311 4217 14967 10400 11711 15901
14195 6851 677 649 673 11892 8513 14192 12660 17068 4178 12237 19208 3373 19155 6169 14941 7787 7903 2652 11709 2801 10521 10678 3384 15815
14250 18820 2031 1208 18473 10361 14294 17122 9253 6508 16938 14379 18865 19633 2191 7174 6876 6958 17544 14580 9836 18933 19832 435 9675 15519
16117 14306 4376 16358 13755 13944 13799 15834 8372 9424 17473 17542 19818 16855 3839 11707 16347 8189 2846 16393 16315 13888 9787 8378 784 1570
16063 9879 1130 7782 8732 652 6358 11558 15172 19762 8220 16100 18872 10825 7085 4506 5049 478 14709 14616 1298 9332 7738 10931 6799 6161
18200 2325 18968 6212 15251 19040 10615 11774 5409 2117 14497 5426 12649 10682 14538 2621 16218 3564 17187 13723 6371 13467 10597 1575 19282 5228
19304 18845 8100 13235 14296 19312 17647 16368 14156 8648 18813 5964 11713 4016 3230 19490 10273 2965 2089 18772 9986 2728 14703 10284 6766 1307
3710 18922 1688 9929 10413 17135 742 1390 10809 19684 7888 4482 5647 8985 131 2284 17223 12849 9076 19104 6829 2994 12026 10627 4137 8835
5284 2474 5373 9354 14070 16224 12712 15793 2535 14627 7582 17170 18804 13932 7169 16871 18215 13360 8271 3760 15676 19097 3588 10901 16596 13918
11216 8513 16253 8625 17815 14762 13925 9461 2885 16752 5359 10450 8228 14439 19839 19413 4321 17536 3170 3458 3372 7387 17430 5681 10927 8115
12631 4763 7095 12302 11645 12077 19459 5920 18606 6930 6728 19832 9875 6720 12791 16711 13267 5395 514 4713 11708 12461 16863 9783 14456 15568
14220 15946 16534 5866 14190 9158 8684 14256 17587 14516 10353 1205 18056 419 3872 16179 6373 5437 11476 9353 13776 6054 17186 10117 7871 3856
7253 1709 17282 13448 10020 620 11935 16367 11711 13394 11501 7445 11212 14295 1955 3455 9556 13240 13708 15325 6486 14112 19580 15061 16317 643
19918 3377 6649 7248 3989 17729 43 18661 1596 5319 12515 19577 4722 25 2351 13427 3716 8392 18849 15489 3331 14019 4321 12744 10990 12018
18014 6752 15475 14076 13259 9766 13893 11154 4909 2013 4568 17433 10422 1353 815 6491 19594 12409 1078 4512 134 17261 11243 13986 13642 8684
1549 8809 5892 11263 67 16533 11075 10631 5437 11260 8086 14495 1272 2274 17387 99 19043 10034 9247 15776 2831 5218 8249 10830 14352 9549
6460 3889 17852 16863 8645 15839 19045 16603 424 4869 16052 7493 16023 2862 18611 1656 9666 12735 13979 13637 17066 5519 11359 19309 8627 16322
5136 448 19636 19556 10305 12677 17153 1537 11361 6631 11971 1397 19476 4423 14771 17808 19976 5169 330 19936 9737 18818 18594 871 13234 15364
15601 15814 8160 10727 10529 2445 2808 13895 10782 2881 14958 7853 15674 14208 11524 2256 10101 1800 16477 3044 12849 11567 7954 17629 11794 202
15063 3680 2700 928 18364 447 12237 12760 16178 6000 5073 3123 9956 9413 1965 6886 10215 6843 12994 19786 4078 9824 8609 13157 15657 10473
19291 11242 6330 17932 11060 16112 14845 20000 1231 2921 6484 9617 294 8941 17503 16917 697 3482 243 5142 18076 1170 7201 8150 17068 16755
7479 9282 15005 4061 13417 16406 6984 14284 505 15822 14643 11609 4863 17546 10378 10460 1936 3080 3867 2191 15827 14018 6125 12311 7857 10970
10840 14723 19440 8602 1977 5389 19729 1812 772 8323 13119 7500 15349 15099 728 8449 10771 596 2592 16022 10181 13451 4055 6817 14642 6378
9278 3264 9942 16443 14641 17800 8699 17942 5438 16613 8670 19162 10485 14465 19314 17686 18643 16924 2515 12641 17273 11519 8835 13906 17660 3862
3505 4493 13358 10481 1626 8946 15264 5821 13519 4669 15149 2597 7208 11557 19627 10574 8972 8009 3748 7236 16087 8648 17096 454 9023 4048
1768 10088 3792 17145 9379 8828 11914 15497 19957 2686 5111 1807 3212 1401 10427 9564 10015 13042 15365 4543 13368 11750 165 9677 16284 898
9674 18801 17836 12841 4719 5004 15292 4134 18296 19428 18790 16907 14073 12723 19830 10370 11379 3641 3615 5336 7646 3406 7901 14580 9251 18767
14854 10124 9196 7452 8508 19136 14213 11582 2869 19766 7589 17672 4153 18520 13612 5441 7925 15827 4245 18944 18621 1571 692 1969 18929 15216
4317 8205 14836 11088 18150 15132 7986 19823 11947 14993 6221 6680 15984 1808 10248 5622 4495 1841 14647 11055 9325 3270 17666 10402 10214 14009
8352 16953 6071 11428 5252 7919 5025 14597 11262 12131 10705 5378 14096 4942 17455 5083 1790 14734 13087 683 9665 12769 4279 9210 7417 428
11409 10291 4676 19460 2435 15332 12953 19787 19067 14295 19206 19700 14704 8955 6729 7412 12410 12222 1726 14544 1478 19905 919 14617 5121 252
9252 10828 12419 16386 19781 12646 13211 13762 6965 4164 5764 14882 14327 2671 14984 794 5251 4633 13773 8478 441 1735 15720 17225 10209 3041
13554 13399 3034 9758 3171 15857 16071 2670 19265 19278 6084 15743 16556 19523 560 19166 3201 12381 4761 14331 11565 17519 82 8305 14358 15727
5492 2608 8736 16887 8829 7567 6700 1895 16687 6173 9037 7326 12594 10345 4629 9459 11825 13101 11703 11860 3188 1152 3184 15469 13968 18380
5649 14936 16244 6115 15856 4486 2609 9356 16253 3125 16275 5749 2253 19315 16157 13175 4782 9037 12090 520 3989 16093 11390 7239 2176 8954
19621 487 9027 16169 2597 18367 9257 10352 19286 11758 13440 14764 6994 6591 6642 1234 1199 11173 8387 8256 13433 9723 8312 3830 13384 6615
16966 15977 4152 3743 16269 18858 1756 19733 342 14987 4544 11801 428 4765 7447 10198 19280 11680 4283 16490 9824 2187 8050 3940 2515 4309
11980 12053 9268 9916 3573 13662 2555 10436 12284 9892 7082 12791 5200 8599 2579 19706 14998 16641 4990 3854 10169 16694 11493 17520 8172 2709
12252 7154 18983 4871 13406 14795 8625 16100 16810 12542 3214 2000 17152 15724 4147 8724 8934 7766 1237 14746 12308 19102 11763 2465 12779 11795
2533 2113 15517 2101 19705 1868 13345 6880 13538 11955 10166 8568 12729 8416 1534 13579 2834 13123 19348 19768 17168 6493 8510 7972 12739 7018
6148 2258 12428 4610 4909 2214 4925 15177 562 4014 12989 18812 8807 10242 19532 17771 10036 6432 16874 924 12999 1986 640 18972 9031 5111
15565 4774 773 2059 6891 14155 10495 2980 11907 18716 6402 2100 19654 9658 5116 574 17362 12753 2391 1225 11619 985 2184 17505 17873 12737
132 11982 14395 4485 14011 16417 10273 2957 11014 2976 1182 14422 6618 14571 3974 19075 14487 14005 10803 12635 620 449 11217 18073 19909 3316
6354 6824 16659 14980 530 3059 14599 15494 12410 7603 16587 1237 14579 7534 3060 9957 18258 2247 7039 6747 14003 17323 19411 17288 18516 1400
2036 11975 18309 1992 2337 19433 3091 2187 16045 14019 9610 17769 15956 3784 16436 7247 627 926 15413 12363 10000 16071 15688 16540 9908 4919
16721 9790 9856 4210 2191 1584 13432 4543 50 18508 16505 15786 11404 1331 11093 6833 4252 18685 13007 8324 201 14626 15960 4358 10326 10834
16467 12995 907 9120 18073 15774 1039 16990 5406 16187 5628 12636 18200 8790 7626 11412 7613 3824 18774 13393 313 6586 16409 6933 8585 7636
12843 18757 7304 18475 9081 10052 14474 9486 8387 15721 12098 10426 7310 16752 9947 8326 19619 15389 1703 17232 583 2012 10116 1946 15459 18914
14044 17707 16030 14419 1226 19005 9474 501 1147 6705 16655 3753 17047 2257 13704 14413 13061 11319 1601 7681 10570 11324 5167 18066 9770 12970
5045 5554 12792 7011 3028 7809 6975 18289 15708 12206 6137 9398 5838 3540 62 479 11850 581 12065 9665 2522 5328 8458 15333 13884 16904
7458 5643 6137 3082 6145 19467 4900 17500 8693 13679 2484 15714 13858 4351 3100 15131 1052 5453 15205 12383 5792 15045 3198 15891 12221 17165
19830 1728 13618 3925 1989 9688 18312 18845 248 8280 17905 12584 6774 19462 17370 8428 18263 6969 11491 13523 4848 4963 6963 4384 9026 1212
5405 10371 454 2837 8473 1799 5196 16762 10461 19999 19070 14886 251 12014 17050 1095 14933 8828 19307 6071 6929 14641 3589 6276 18273 7673
9673 6357 5037 14141 11787 15018 7951 8916 19686 14107 1053 5273 628 18513 1836 2346 7845 19017 9487 17837 13634 11987 14009 19977 425 3821
9193 4742 9073 8475 3104 4948 17986 17282 19334 14087 2413 3822 9804 12057 8786 10890 5763 6099 1824 10923 14302 13888 19904 7112 8870 4097
5999 14040 9305 10867 15709 19550 11012 5958 14453 5984 10432 5913 12972 19469 12721 13034 7652 6941 377 19734 243 13948 10934 15170 1487 12140
145 3503 4719 1287 8326 19679 1918 10213 7800 1508 11650 2743 16829 4827 17257 1074 16410 921 829 16703 16862 219 12237 11477 18548 17845
14010 12243 9454 18656 12255 15223 11301 3451 1383 1919 6069 13510 19780 7730 18575 3107 5273 7096 8109 8157 17451 8946 3538 16673 4442 2155
5845 8277 9267 14309 84 697 5974 9829 17734 3098 16196 9009 5220 10734 8831 15744 14324 12486 14690 18876 2143 1462 10475 480 14011 19646
6487 14362 4454 16774 7119 3171 2743 8432 741 471 7806 14551 2175 14949 3168 19286 7496 536 7868 8472 5087 13703 2229 3454 116 11008
12894 11194 2913 4436 7088 10252 6001 11780 6180 16716 16961 17725 11268 8590 18020 9367 5979 18013 2207 4350 4045 4884 4935 713 2389 6408
3490 18079 16892 11156 7714 18759 16380 3809 5675 8862 2460 3346 10605 10195 97 17565 5934 6387 3175 3970 12136 17044 8515 12272 3385 3809
6374 491 5799 13170 5283 16216 16571 921 8789 17948 6342 12042 2690 9833 16456 13170 4169 17033 16570 7173 14750 14320 18404 17325 500 5685
2143 7413 14325 11254 5135 6774 17108 12774 19644 9737 14128 14128 5354 3848 1809 14070 1781 9555 17276 7800 5125 9296 10197 8761 18787 6992
11694 19590 9633 14426 1018 6259 16564 2464 4444 1149 3637 467 7232 11690 399 17510 17791 3051 10929 4999 8711 5814 9442 13589 8477 12815
794 9864 5503 13737 9678 11777 6513 10205 10298 11239 1613 11069 15797 16322 17499 5685 17497 17771 1323 13594 2339 9236 3842 3597 4276 551
3053 647 15118 18983 6470 4809 481 6224 7789 13081 10673 17726 19674 4120 8380 9123 8560 12092 19422 8970 6121 1563 8394 18502 8290 9903
14058 18512 15968 5372 12804 19405 4201 18809 15690 14040 4124 12192 4611 481 11106 8424 5329 15382 11410 10183 5545 10923 19540 4858 5260 1879
14929 6541 14216 10306 1065 16165 9539 6658 8011 5550 16668 14643 9672 2376 19863 15965 42 16432 9562 639 1555 1809 8457 5277 11684 7775
8431 7407 4848 7807 1082 8081 10389 9415 11310 12882 10913 10013 17461 18975 8222 13805 13600 19305 15401 17608 10623 13863 2898 3928 15815 13213
3988 17470 1691 19551 5419 9360 2112 19735 5962 9564 1015 9804 16060 2901 10449 2372 3043 15547 16283 7378 12583 17276 8719 4191 8854 5241
18035 17203 7698 3021 16915 2472 1744 7501 5810 2575 1891 19824 6826 7717 11338 15801 4712 15065 1712 13533 9604 5830 9655 146 12219 287
6686 16780 18967 18327 9758 14768 9253 2674 15693 1084 19192 11792 7995 3226 13023 19653 16406 5506 9290 12944 3618 1441 9609 6827 9118 13225
14237 17539 4747 4935 7900 19620 8251 13869 13271 1214 9614 10796 7510 6942 19030 13484 5961 16316 12155 214 776 13497 18587 11187 15181 16073
4982 9670 18832 8877 12120 11704 9796 10692 3739 7533 16668 10600 12056 5949 4027 12283 5755 14298 5578 16340 6013 8100 10744 18659 2901 17864
13774 576 12950 2347 2771 3772 16530 1037 11069 18893 18505 10143 7398 11218 8190 17142 2806 6169 13395 11627 8770 15458 82 19052 19179 16637
12149 10624 12754 8967 1702 2970 10898 3022 8448 13748 9689 15532 8016 12218 5847 5875 7979 15869 2750 712 9818 7452 14952 19789 11464 1364
19757 14798 9435 2971 399 4685 9419 11354 14357 6777 13000 11061 8416 19667 4636 92 6210 15280 13984 13614 336 13220 12488 3882 9282 3015
13474 2172 748 16891 8359 12947 11218 19906 14277 18268 19290 11876 7870 3541 5787 3267 7146 14903 14828 13608 5597 12159 5644 7289 17071 13994
16737 4507 16430 4053 6770 18845 19204 2343 8049 10873 17066 13100 8575 11853 12262 9324 15122 16635 13405 12081 11513 3618 9055 11128 5827 12887
4486 3626 10145 14819 7084 19807 10319 13884 11966 12246 2956 9110 5685 3729 11632 5624 13769 1117 10512 9971 12790 18574 10885 11878 10240 5557
9139 4188 6254 18030 14054 11112 10978 4820 19953 15902 2265 15863 4916 14268 19577 14738 5697 6226 2112 9189 1858 10988 19328 10535 15549 6605
14906 7971 15166 2517 14212 13856 12455 158 5465 4061 17705 5480 7929 15392 17127 19860 8522 1773 4157 4710 14234 17526 4479 6412 10961 10677
9946 2203 9268 11354 16691 19566 3719 6498 4085 15068 3935 1214 12077 14787 1342 5975 19928 12346 5827 4708 16530 17115 2987 12904 6940 11595
7859 7502 11000 19024 11071 2492 11021 12921 17728 1434 16095 8224 18767 4861 12964 3285 10691 14487 17923 8633 7263 5034 8458 13342 18600 9855
10495 15262 17326 504 12764 1874 18975 1534 11866 9071 2614 15957 18044 13499 863 5176 9965 15088 1982 13014 11877 4732 4536 2057 1313 18134
17419 15420 8538 4816 6773 1256 7156 12825 13226 9450 9300 8114 5895 9316 3900 13720 6265 17689 2737 14999 5137 2833 7517 7379 9278 16508
15183 10409 11059 14201 15176 18445 19642 10674 18981 864 6990 17803 11400 15639 10831 5997 2608 12341 15021 18476 6462 11378 12889 8048 14900 2183
10822 8443 6423 10539 4716 8637 4479 10939 12510 15639 1346 5211 4884 15106 8996 2199 8879 2607 19069 2017 7040 8820 14882 12602 2320 15128
7311 17886 16138 11433 3177 13770 18880 5391 18626 8445 2142 6535 11950 16224 5067 5455 10182 14937 5423 9180 9069 12723 3505 14118 5739 14683
12468 6213 4286 10132 16800 12534 6482 12921 10420 14276 17863 17606 7979 7605 9000 246 1426 12189 14306 808 13793 16893 1245 5338 14394 3291
14968 2279 14834 9168 4252 11303 5484 12847 9550 7465 7199 7826 17342 18376 8105 12488 10323 6629 10853 10662 966 15287 4930 13780 7985 16436
5264 14785 2724 15240 17053 6668 15116 327 14133 10097 12671 1155 3218 1583 13082 12487 19580 5244 13196 14939 12282 11507 13368 7707 9627 7572
19155 14586 7303 4098 15157 5171 10921 2096 14642 5523 15591 7408 1379 15284 17905 12050 5021 8058 10352 7370 7808 2635 19440 13616 8047 10401
9719 16286 16316 5960 12864 5480 5968 3353 2812 4236 19653 11092 17028 594 17336 2749 1319 7896 4700 5064 12035 13088 17676 16765 16729 16454
18818 5275 2584 12376 5611 2834 8461 6742 17331 14730 8038 2506 1492 16974 14370 9201 19495 4193 15653 5958 18911 4672 4163 10400 5764 17127
6176 6499 8699 314 7393 5185 18225 829 5747 9969 9865 12108 16843 15527 15223 13102 4585 11208 18723 12603 3245 15363 4873 6634 12933 19270
10159 7475 18969 18571 16965 11361 8876 10960 2387 15374 629 2734 19248 12258 17962 6188 7503 7547 10383 9016 1107 3893 671 4402 13993 18940
17353 5474 14910 13885 4776 4341 548 7096 6125 11068 18929 15980 6585 18826 2058 8167 16281 2799 18245 6880 18992 8633 3746 5085 3100 905
10482 3030 15039 15013 14233 10662 9757 13999 2313 10066 1183 7071 4047 472 4731 15683 4332 9737 1366 14078 13740 1830 14670 10595 17454 11007
4987 2045 10499 5358 19334 18691 14498 5507 4631 5687 6535 3187 9731 13223 1725 16921 2905 15421 18064 15801 1041 16207 9097 17557 15596 4613
12034 18938 4105 81 16032 13798 9660 1528 7337 14859 17806 19801 17170 11447 10362 18144 18898 7617 12547 3377 9979 4712 293 7660 6994 17225
5660 18451 1912 11153 19889 12291 15850 17124 1929 7983 282 15306 14665 8438 9005 14959 11085 9448 6835 4718 18847 16876 3479 639 3362 14948
11658 11767 18483 5827 5837 9812 4330 11549 3070 12233 4840 4083 9169 5720 7745 3496 5651 8430 15363 14968 5342 17205 8451 4144 5158 19043
13728 3496 7020 8834 15507 11190 9348 13954 1021 15995 8212 15676 12363 12076 6232 123 2543 17220 11665 17655 12715 14066 9387 16398 71 10766
10776 3480 19954 6381 250 1951 8075 5821 13295 10631 13664 6701 11211 9962 1952 14989 19484 6366 8622 11131 15491 13651 13999 16651 5110 5505
13283 2795 2441 2942 17508 8826 9227 7169 3204 8208 11542 4770 19643 9521 4678 6537 12886 12632 9163 9348 6158 16082 19445 3655 19697 2053
14659 18657 17268 18304 4389 431 15849 5540 3776 17883 15125 2523 7094 11295 9244 15362 1414 5947 16107 8346 9754 5728 2204 11112 2614 114
17480 6287 19761 3983 15664 2032 10801 7972 16392 14730 11682 16296 12536 3525 4804 17538 15471 15441 18697 9131 11446 8565 7077 3337 14235 3913
11466 3733 2612 18457 10441 17924 749 15746 933 14688 6194 14303 8823 13023 3599 85 1841 2225 2587 209 321 777 10730 13145 8505 8666
11998 16220 17250 8465 15587 4406 16661 5740 17465 15077 16942 10454 8128 17160 16784 12898 18266 3748 6824 15621 9638 1395 19663 17574 19387 3228
9774 943 568 4605 162 17016 651 6053 6272 5346 12350 15126 8789 5795 1118 15737 14370 10952 6368 19952 15175 1601 9304 1413 2846 14093
7831 17455 16598 13696 4836 16308 6044 8788 16765 12060 489 9005 5692 11992 7221 9150 19402 8487 14965 19943 15053 18356 16401 9922 17878 3324
7865 832 2519 1794 4657 9067 15724 17054 16447 9972 10052 11235 15826 3709 6313 3071 3571 2665 6919 12625 9357 18161 18108 818 10251 7422
1151 18983 19036 9733 8314 16522 7364 6744 12059 14221 8714 12832 4831 16392 16819 7260 5584 6250 1502 8076 15524 6591 907 4247 7767 12512
167 17561 8060 3950 8505 9076 7772 13882 3663 16126 10697 2298 15815 5319 15411 17361 13737 7453 16238 16664 6275 12121 19316 1824 16716 3290
7965 9221 16833 13448 5417 7241 15059 16702 2664 13889 2906 24 13336 8933 11236 10490 3738 5204 12621 12488 10640 18948 8739 6764 15341 13860
17884 18311 6177 8388 7454 2462 2618 1886 1264 12933 14639 12993 16077 12229 3468 7575 7907 19894 13241 6849 1027 3932 8072 6303 5851 13181
8438 19954 12008 19206 5106 5495 9514 14739 1937 7969 9348 1990 3272 13062 18699 19034 15876 14536 11013 17470 6205 1057 4293 13707 9293 16850
14627 4186 14910 7841 8989 1084 10774 480 12402 11652 12563 856 1513 9069 13526 18411 9055 6805 8141 16178 19540 3579 4812 19457 1453 2653
9714 16872 3794 19186 2001 1077 6694 313 17556 17310 10958 17868 12617 6232 14122 15566 17571 18252 18512 7745 7930 9352 842 9996 312 16154
6780 7905 11941 4074 14918 2814 5190 14763 11142 2675 11600 5948 8208 18905 14402 14197 19403 10330 1545 19332 19846 10327 4893 1600 12510 7518
7851 3568 16007 7595 4451 4985 10435 5401 9727 1039 7657 10222 8014 2191 12442 8513 603 4680 8942 7480 1876 1178 18434 19853 8521 13168
7776 2597 12145 12997 16600 12209 7336 4881 4576 4010 14457 4133 12194 4244 9887 7346 15472 9987 11645 18200 7298 13745 17095 4526 18658 5480
15773 7611 15295 12124 7963 174 17950 5234 8624 2874 1577 2297 11383 18258 6823 4184 16774 5081 14355 9222 9162 13377 5065 14385 5657 8414
8301 300 437 2754 15795 16355 16817 2676 4252 7539 9532 15752 15868 14777 4075 11559 17949 2560 4355 6362 1964 4493 14905 4303 18104 14400
11770 18429 15277 11717 10929 534 16274 19592 3524 19509 12453 3552 6005 18667 7647 3254 15422 3931 2573 10877 3814 3473 15283 5855 4227 4318
7217 8328 8106 4611 18937 13708 4369 6425 12367 17911 17744 13004 9363 6762 9911 5655 13052 15365 1351 12383 2287 17642 19162 16589 14322 19974
8078 11387 8930 10291 13169 16333 5349 607 2179 16571 13617 424 9856 5726 19418 2733 16543 13297 999 1419 8240 19285 3347 7186 6563 15893
7330 9936 18403 362 13791 17431 12842 4346 7237 15741 13036 1710 10475 3144 5728 12240 11017 10151 3525 12478 15821 16414 2459 14248 13991 18564
665 7575 2812 19439 1735 11622 9817 2595 17613 2050 4368 10024 5917 7157 16247 13761 16337 15141 2993 10874 18727 6391 13939 11031 1233 489
2054 4083 9909 8594 18939 18400 8930 12482 14626 4858 13331 10503 16408 7332 18329 2694 19517 5686 19978 428 13713 1353 1239 11342 7827 15584
2840 920 9266 10184 5570 6753 4389 4447 12822 2098 15030 15435 16633 9103 3508 1179 16568 3855 10171 19723 15284 2645 15174 12259 6086 6722
11233 4416 12506 5869 6916 12772 8467 5328 17415 1158 4918 92 9156 7685 9201 10354 13793 7521 11480 6342 16575 9706 11705 3795 17570 11353
14665 16155 8955 12969 19586 2638 19216 15526 17524 7104 4432 11582 16173 15114 11629 7996 18443 14774 13112 2879 5015 7629 12048 17944 13357 7733
3254 12459 17934 8349 902 14227 13948 11929 4279 576 3267 16301 15117 14208 710 3062 12175 17437 8594 4725 16209 15244 8325 5650 4510 6582
3938 17239 10047 629 16141 1470 18261 14447 1362 1059 15262 10402 1501 2667 18269 9634 9964 14658 12346 6907 2922 6635 8816 14405 16307 10628
1825 5811 5087 8867 2732 13799 5424 6254 16065 12960 19528 173 7126 9880 14903 17794 10292 16978 8841 17432 2425 5406 14520 14728 13980 7370
9150 4527 19553 17875 7141 11802 13025 1630 13366 10468 2675 7320 10767 14007 16781 15043 5930 8610 18739 16177 14704 2902 5528 4617 8646 8574
16141 18088 17162 2919 16241 7356 17693 9358 4455 5826 6045 10041 11599 1346 3340 7746 16656 11111 3212 5819 9674 12938 11940 6541 17087 13341
16221 6754 11131 11452 7353 19035 15353 4741 5584 2316 18075 1577 4110 5260 3392 2089 6833 3285 2459 5231 13583 5096 292 13161 3260 19537
14058 9194 2211 3081 18227 19361 565 3718 13398 1266 10017 18500 12727 18725 4783 19598 4842 4498 13982 8647 11894 1550 1096 11611 5015 9868
15111 4749 6148 6992 3079 231 17248 6538 5677 13223 9297 10990 13266 16896 4456 3616 16186 4642 17548 11041 8452 4638 18484 15589 13756 2231
8286 1415 4887 2933 18881 3481 19918 11009 7663 19792 810 14450 17550 4397 464 11953 9275 355 672 10481 4003 6102 4629 17482 4679 9998
4525 7892 12552 12885 13602 14214 19845 4366 10793 2060 11384 12621 2167 7955 18081 4636 7209 7558 16290 16990 14572 8860 18345 4385 14448 9557
18097 13701 4227 7312 4306 4635 13164 15892 793 11759 4989 5443 14859 13173 15129 13398 6128 13666 14014 10435 11871 2459 3216 10903 16081 16926
18968 5737 14969 4618 13082 1319 7225 18626 3114 13742 17263 15728 18795 19875 6146 15423 1742 15337 4763 8968 16035 1440 1514 17959 5117 13173
755 1182 1562 15822 3521 10861 9413 17011 6121 10406 3260 15649 7619 7828 11717 14711 9615 18162 14115 10904 15220 8236 14948 11633 7120 5592
18787 352 104 7087 5478 2266 13626 8051 12427 38 7998 13274 8122 3471 7479 17335 12850 12641 1187 6084 7159 4288 9304 6790 13540 3243
14589 2288 8246 10651 15933 12926 1473 15871 11605 12649 19817 14292 14697 18899 8954 10046 3999 11983 9544 12647 14428 10968 11161 6394 17678 10467
1737 14156 9508 7574 8220 9447 12714 19950 13701 3410 2406 3353 11239 7983 18228 12805 13022 8914 10222 9807 6220 7010 3993 4242 19360 3761
19106 4330 19923 2917 6943 6746 3049 6887 5274 11919 12931 2378 12105 6881 4804 14018 14431 12044 1098 19561 392 16088 9576 6094 1402 3167
13793 9423 9275 9760 17615 10133 36 2898 3639 13345 8922 5318 19074 6885 2131 16633 14913 11916 14774 11925 12148 7989 7115 19548 6686 18840
9967 10177 5524 8600 19077 9197 16116 5657 10390 9333 7534 12524 10004 2158 11032 9124 709 12160 11614 11778 10171 9739 7729 1854 19665 7297
4378 7502 10965 16406 3667 15638 17855 3672 12011 13540 10696 14188 16530 13766 13536 6903 9541 14180 692 8747 4428 5892 9849 16773 13636 643
17400 9384 15982 11931 8918 8521 2917 14552 472 10154 6388 6751 15474 3991 2911 11861 1241 5741 8087 4832 7537 13228 12256 17395 2040 18323
7433 10820 5123 13239 19033 4492 4046 12640 12538 16326 5759 10370 19505 2887 3596 454 5352 12229 4735 9405 10652 10491 7621 4882 8533 8386
14605 6968 19267 15210 5350 14910 17862 11071 11007 1230 15878 119 3050 11691 9710 6517 16439 7421 7624 1892 10432 6438 19280 3814 5662 12717
18023 16557 19805 11259 16548 11533 1731 14246 16017 8198 5273 13988 786 8979 320 10607 13765 7542 8440 16365 11000 2980 8108 19294 15032 14284
5891 11883 15825 19191 14900 1001 12555 3363 14813 17030 15191 396 10287 12817 13101 9667 6624 8930 2010 3470 9112 19885 2084 12409 12102 1400
17681 5905 701 9060 5875 2361 5877 13993 17951 12088 7121 1989 4198 8954 11423 4843 12245 7443 8884 5763 7496 3868 15137 16164 13299 9733
16869 9267 6588 6897 3926 19766 18505 17132 13247 8115 12722 3185 6375 1683 9573 7538 15853 1546 1494 12872 6495 15994 13377 16228 16809 17820
14750 5621 7738 12258 3547 465 6439 4571 10202 11140 10152 2759 516 7867 10158 1231 13057 7442 7491 715 7700 16662 3914 11001 11128 19028
1711 4383 5999 13229 3647 15421 11832 11861 9723 18505 1234 17833 9351 3928 4305 12920 5379 653 18372 10572 11267 16814 18511 16934 1121 3590
17674 14965 17 12715 6312 18237 4895 12231 8702 18732 7843 5249 15183 9298 13600 7666 11901 4342 666 1404 2224 864 758 12604 16879 12480
14275 15003 6319 15522 4996 11820 18169 15272 5320 2159 3550 8413 9279 8981 6410 13055 3269 14360 16663 9171 5560 16659 14449 7699 11554 8592
5685 5923 12158 4162 13316 9372 18677 12292 15952 16462 15600 4904 19874 2749 12487 3210 2079 1575 7538 7770 5741 17961 13412 19157 11749 6472
10763 14722 731 2875 18655 16511 13965 15851 12682 12927 9985 13669 12046 19348 16418 7951 19572 18891 11530 4938 16141 4853 4172 8392 2607 2322
8447 12510 9702 18115 1578 2585 9615 10205 2219 14758 6412 15435 8992 12893 1440 14296 6794 4125 3124 3518 17478 6753 15339 9282 2597 18297
13497 13533 4590 15220 15309 4140 8115 13401 339 4105 11937 19101 12359 18654 3127 10551 7108 5868 19193 6980 18758 16279 12377 5127 14287 6860
5439 14666 3274 17393 9673 4511 9408 17979 6013 10526 14798 7513 3057 1035 12839 332 5524 2432 14749 2383 14561 4251 470 8250 17256 16775
19864 10673 6760 583 4763 17843 10127 10133 7191 11008 14542 1837 5432 7246 8532 3401 14135 9877 5765 11053 2611 15949 3740 14845 2360 17623
18587 8008 927 11035 4057 3754 4811 14559 18957 10277 16997 12784 10174 16647 13539 13885 18195 12443 4007 9294 3799 12084 15238 12900 18287 4753
18344 6199 9263 5125 4908 11632 18833 7395 11191 9309 18522 10394 6797 7587 8238 14649 14779 922 16548 498 3837 19182 15131 16732 12419 11164
19133 6378 17110 10571 13551 2491 16287 17299 7234 18941 17216 10723 1668 13506 2162 13594 10166 16090 13602 3660 689 10468 328 332 5343 12278
12321 7105 11387 18007 1437 16055 7823 1250 5858 10099 14884 19815 6613 10164 4650 571 16539 15321 2768 4527 1615 3192 379 6661 9207 16989
5156 14364 7939 227 14910 5011 4388 4196 10206 13386 15628 15719 9071 14720 19319 5394 19979 12342 11533 7576 9082 19442 8876 1214 19301 4773
15673 10768 17029 14587 18466 4232 5426 15757 10785 2124 14672 14235 15362 12991 17787 1092 877 318 11688 11131 15422 17323 14013 9616 1027 17649
19746 8516 9526 19437 2303 9955 457 5826 2563 4786 4805 2075 17880 11968 17496 12194 7083 5825 9019 16088 2454 16851 15798 3291 15031 19883
3906 5244 19821 17617 17723 1630 4157 2706 17282 14159 18110 19856 1892 11878 14591 19899 7092 3744 9023 15464 2495 11508 3693 5162 3446 7415
5835 16500 17891 9569 8005 7733 18954 3848 6249 6720 18577 8503 5511 13717 7643 4767 10070 3619 14989 8203 7276 3588 17184 17563 6969 1980
3584 1652 11919 19659 5746 11208 8583 17022 9169 11229 5243 5750 15088 1329 6809 16538 10967 6276 17482 16436 3575 13097 18300 19334 6854 1946
9954 4509 6254 17707 11246 14056 18531 6907 2463 17668 13375 5511 5942 9512 11239 6886 18947 16581 9065 13906 11735 17638 13095 5050 13851 14865
15306 10021 3520 14868 970 4129 6871 14271 8842 5010 13388 9953 10068 13510 4277 11752 1055 11225 5611 3305 11709 13876 14159 13216 19106 16670
1306 14322 4733 17981 637 3420 15073 11520 17458 4257 14941 13013 15788 2396 4290 7799 15628 10384 7962 13566 10767 6149 11714 6296 14663 10927
19090 7507 1238 13176 16159 5722 4761 10810 11418 9408 13954 12433 18927 5531 94 3367 8623 4945 17908 19085 6139 595 10082 9427 14172 5496
9461 9489 3749 8109 6769 175 11759 788 111 16565 4649 14931 1898 4714 11816 19120 17570 9028 3536 5782 695 2954 4600 7975 14887 8742
3744 15523 5653 15348 6480 14443 13753 3178 9418 19657 12672 5502 12382 8292 1543 5343 213 13604 19236 14560 8779 1217 17928 2232 19296 7595
4270 11891 9630 14250 10338 12697 9918 15018 6106 5438 17295 8797 11499 16754 4851 3300 7680 17203 17233 7137 5833 6871 14120 10186 19375 12725
6742 17719 8596 19929 15829 15510 1333 3698 17005 9651 1157 8259 3011 7349 5054 3186 512 4569 15409 17842 17209 9425 16879 28 3875 7692
9962 14360 18026 2239 14586 1443 1971 15184 11157 6407 13764 1131 18026 14689 5362 3260 664 12840 8652 3769 8644 1930 2097 14286 5935 9057
7441 7989 4120 14089 17705 18377 4148 551 13757 6482 14648 6638 14999 8387 8846 11322 14284 14271 15341 15514 18346 600 6203 1440 4474 17072
1795 19788 11008 4932 3268 10802 15372 2608 487 7869 13363 3732 17276 12937 6323 8926 6867 7286 14159 10483 14134 19322 6800 17822 1887 16447
9463 14284 15048 223 8745 4912 3471 10765 15164 12238 5676 4590 13295 10577 15163 18906 15834 14828 19902 12857 4837 6529 16829 15435 15381 8527
11874 12093 16271 6370 10214 15143 14465 18964 5393 2449 18557 15440 3501 12272 13697 9542 19577 2762 5237 183 2253 18566 1482 12859 14812 15002
13670 8082 14135 15528 17482 13275 19019 9408 16315 15701 18820 15646 13276 3967 3789 1936 16964 2302 3326 2513 14812 6371 1736 2371 12516 17563
3206 13533 11372 280 3958 929 6898 1098 18275 19508 11782 2451 16720 5971 14315 13416 11187 1551 17566 14000 10957 6627 4158 13351 1767 6008
7756 19333 8554 3039 13004 5617 13026 16808 13427 18127 18677 10782 3244 2469 17247 12857 14173 15888 2634 9456 19512 10223 1836 2068 3525 18351
3960 8734 8999 834 11819 17822 7538 18285 9274 19199 9956 15044 16755 5658 586 6216 7292 18270 4410 19726 13210 14269 12535 12300 7936 1691
10683 15997 1769 3074 18127 15516 15228 17514 2047 18386 14477 18141 10590 4183 12329 6071 5965 12181 2632 10090 14472 5691 18768 4257 7692 10102
14264 8383 9353 871 3875 11047 1449 7013 2311 11825 9478 6752 2718 2450 8839 4820 6375 4629 1526 8638 7252 11032 12564 15221 1789 9915
16785 18790 19183 4373 16011 6949 3376 1455 16316 10727 2129 5490 8687 5179 17402 16085 12957 7967 8920 3223 4020 3838 3001 6001 12747 14177
3396 11036 15832 14257 8844 4355 925 5737 4555 2789 13256 14194 16189 1900 12773 9805 9623 2917 4325 8615 1403 14222 18672 11680 15559 6694
12530 10656 19317 5792 13830 10570 13684 8094 1221 7420 873 19367 12763 1905 14553 14644 6715 10152 7940 11392 10608 11509 14375 913 12559 1515
14440 6784 2745 4679 7465 13286 13935 15829 14234 15594 8735 12787 648 19065 7134 6952 2802 15228 4518 12385 2885 4698 14565 3206 5485 17874
16222 14617 2223 17710 2166 16092 4934 16049 13639 9116 16368 13071 11863 11026 18674 11537 18903 13412 4271 12329 12031 2791 16632 18972 18878 1986
1192 18884 12733 787 10480 7469 5961 23 9896 17994 13703 13226 5082 545 1789 11791 770 13761 11092 4108 9124 1269 17906 15289 18536 1318
8608 6539 1187 17184 17965 13993 14898 8492 6005 17863 7463 11769 16189 6917 10304 15722 953 12347 10483 19292 734 17621 10302 5435 1199 5846
1956 14912 1836 10751 16956 15094 9968 8772 14403 11310 1321 5706 15489 8598 8973 16385 13424 18446 2423 12722 4287 2263 4803 14131 3813 7436
3416 6173 18368 18943 517 888 10496 12250 13757 6483 1487 3984 13519 4309 14830 2220 17362 6660 2482 10204 8866 18176 19462 3211 3923 13234
13948 12322 9642 11676 13524 5352 6397 19965 9866 135 6100 18687 5530 14719 2597 17748 5112 114 9765 7029 18621 3440 10814 6922 13333 11499
1052 5862 1089 11811 13138 10653 9593 17188 16419 5631 19508 5744 13452 14672 8720 11493 8477 7683 15570 2235 10521 15892 9594 12054 5337 3512
16170 1419 10104 1873 13161 13071 3993 3908 19081 9430 9212 400 2169 14804 1296 18183 2550 19222 15673 16687 15908 17131 12776 18972 4895 19142
19308 18893 4698 5856 8382 19551 614 3205 9446 10122 6093 5218 5173 6361 5957 15177 8681 13663 18773 10889 16615 46 4728 19470 14492 12168
9536 15099 7464 16716 8481 11911 10022 12458 5752 8006 13543 15325 18298 9763 18938 18073 15539 12404 644 9512 2868 12489 1286 627 7930 14868
3441 16127 18865 10594 12431 4664 16708 9949 1909 7693 9569 15169 7213 8842 9119 13289 5482 18246 8981 5097 19497 4047 1354 3911 10560 4540
10682 10447 4082 11805 7758 11910 14125 3581 6370 12133 18736 3298 5494 13593 5263 13811 15146 1677 12595 2284 10056 11439 8832 4931 14039 14202
2162 16522 16900 7185 2816 19022 5973 958 12290 7303 6439 1319 11711 14218 4889 11831 11179 15576 15253 15456 7060 15310 8933 2065 7383 8044
9254 16861 19272 12279 7170 8783 17070 1871 1308 15226 1221 11172 9178 1448 2180 18837 14286 9701 4414 11819 3881 9431 10138 10112 14058 2388
18882 8510 9286 10016 3410 6278 13598 17570 7662 13190 2671 6414 15708 19633 14138 18103 3641 12507 7577 837 10729 19072 19856 5119 8655 13089
6729 14478 15191 18781 1480 19676 1514 15759 4776 5784 14588 17092 9333 5388 4290 17765 6092 7343 3011 11533 15805 7886 5279 2276 9636 19133
10819 9423 3728 14512 4514 4372 8841 18442 3348 314 15377 2828 11649 1277 19312 12864 275 2058 4923 18888 1106 2319 1419 15657 479 1385
19427 6176 6899 53 3056 15145 14207 18556 10050 14143 2582 5819 9661 16314 6748 11569 8105 18283 16160 6352 12630 9281 3947 16730 1588 19113
7367 7962 13522 14437 10730 14097 2932 629 19343 12005 18927 2466 3512 9902 7687 13639 15258 11755 2867 1227 110 566 17838 15973 13114 8367
3561 5035 7301 13451 16422 19028 8722 11635 7782 14896 14425 3305 3686 18677 13516 7546 13932 10828 11271 11925 4278 3601 6201 17194 16055 3947
6429 4842 13608 6412 16054 13414 4324 5427 6528 10490 6582 990 15318 2850 13457 5734 9381 17975 4551 17627 8061 208 19177 419 12423 4034
670 3908 16226 14369 9352 14317 10321 3126 4192 945 2448 19481 2904 5847 15126 12981 10927 3447 990 11460 11246 16580 10386 2927 13709 1284
19406 10854 17150 12588 19067 19160 13429 4299 2492 4674 18937 18529 5163 16294 5903 1454 6773 18408 6331 846 10921 12867 3860 1910 8830 7222
13832 9614 15427 15111 11717 13646 1021 9433 3894 17842 9852 3463 14347 610 12595 4168 13088 5517 2381 9972 116 17597 4354 851 16840 9178
17865 14662 2595 9985 16630 5893 963 11112 4652 342 11279 3214 8490 13019 798 638 9485 5414 6181 1669 4508 18039 13990 7359 16753 15075
13287 6489 13105 340 13683 5496 7226 3749 7359 11911 19838 1614 18174 3519 5697 10547 7061 12082 4378 5704 18922 2506 18164 17847 4345 8205
19668 11224 6486 14607 680 2036 2300 17699 794 13386 7034 998 13802 16522 17415 5048 19836 10864 9042 10487 11949 6965 11661 8546 1203 1198
12972 7110 10592 10161 7289 15635 18811 14535 14677 9013 15897 2437 18381 897 14362 19673 19059 5309 10419 12677 12369 14152 120 6621 4753 2813
313 5879 17226 8272 16784 19854 13399 2060 1479 4299 17092 14514 9075 3101 16662 1255 6753 6482 11971 8067 10254 5619 7332 5737 16859 9994
16347 18492 16643 12029 7159 15226 807 13288 803 6272 12171 10621 16946 18250 614 8198 1825 4797 19576 14188 19528 2004 12132 19092 16642 3062
1507 17335 3225 9824 13083 5859 10178 9389 1570 12169 6855 11310 6923 3291 16779 11981 8240 12441 19826 2741 10329 8062 17551 13426 9839 133
1953 18093 13952 8770 8152 10414 18699 10216 19253 12135 2734 1978 4384 17636 6648 16132 5895 13407 8853 16330 923 17873 13042 418 16102 3347
4076 3304 9333 12445 18947 6457 9489 6484 12686 11551 3038 18421 5855 1444 14234 760 12209 14413 3135 10903 8717 7940 5513 1752 19754 15583
7999 1186 1666 16137 12823 7362 15570 5337 18692 11839 4431 3210 18507 13901 4149 13472 4216 6028 4062 1503 6379 10777 8338 4371 18973 5624
3017 7048 5030 2536 2414 14536 5783 13475 14732 13839 15103 3796 5759 15885 12943 4218 14697 11287 2146 9006 18201 14678 11004 15501 12195 16496
7275 16732 3109 14540 18516 2616 14647 8256 771 17874 2368 4855 353 3235 7223 19438 10283 13218 12537 17929 17953 12459 7050 1433 4389 3401
9159 6791 11197 4684 5055 885 10896 14238 5342 18693 16684 6276 15955 18513 17039 6717 17461 17971 1710 6136 10644 10904 3803 15146 6768 2812
16415 8577 503 11575 16679 9858 1465 11478 8366 731 19401 9782 11965 1626 7715 18215 7611 13388 7624 1008 5617 15337 19695 17992 19359 6908
18472 13716 6534 5934 12094 628 11232 3637 1399 19071 12197 2426 18536 18505 10810 10851 3613 16425 8298 7002 10123 8048 408 19634 1349 16079
