365
17 17 85 10 11 68 45 66 78 92 37 88 73 69 78 60 29 77 19 68 75 88 32 77 20 49
5504 17043 759 17583 22 3571 7399 4163 8119 2633 17939 12296 14908 11567 3479 6675 28 12755 15819 6096 14765 8109 14287 11854 7398 10022
19717 7649 4058 12467 5729 16283 2409 1150 9839 9576 13946 18447 17261 10576 16403 4655 18310 13645 8190 11476 4933 1984 17442 16807 4545 19694
2144 5186 8405 12349 11142 15534 6334 5577 4922 5089 14288 9847 13403 2929 14115 850 5878 3971 12279 19544 11551 10645 1783 14958 14802 17251
2323 10626 18176 13928 4042 12655 44 8615 5292 17958 8915 1318 13580 11806 7150 554 15810 3967 4565 18053 2972 9082 18936 6581 106 12174
15404 18660 12780 16771 11497 9293 3142 14129 14391 18678 19586 4842 10110 9183 13815 7345 9885 17839 4221 1588 4380 19311 1636 3003 10900 2058
10020 12932 4282 8138 19376 12454 8177 19224 2296 6855 17293 6064 15468 12792 3440 143 16874 4792 8458 4236 6126 10955 11884 14727 11232 12600
47 490 9469 2676 9213 8374 9150 15557 14390 14906 4449 13776 9208 3240 16559 32 14837 17960 3819 1947 13631 6990 12001 13036 2166 13168
4416 537 19476 3201 274 18666 15697 13612 17756 15807 12443 12355 11573 562 13964 16132 19774 964 16447 12751 11452 11241 5440 17170 16582 9633
12477 12254 13197 12868 5419 14441 16181 4333 10860 17818 688 18361 89 6743 9495 16578 4290 627 14268 16742 12496 10762 11212 12196 5962 727
16226 10502 10015 847 6237 18474 6961 2925 12569 10247 14544 1023 1967 3815 9330 4222 11748 14498 16364 10363 5254 6623 12205 5931 13424 10536
11330 9504 10192 12951 14522 11075 14832 386 12464 10173 16110 9168 17949 1711 10394 7092 18997 2245 13586 5441 18996 7809 13911 11672 9706 8632
17157 18130 7300 5999 19487 15617 13450 7801 486 12281 3010 17158 7353 14757 17797 15773 12235 17141 14600 11083 6994 691 8227 16138 4002 3759
16012 13400 12879 8755 18376 6794 18845 4354 12882 9354 3144 13128 4933 19849 5991 3982 9374 10195 6333 2263 10079 19325 7920 18768 13608 8957
4921 878 1657 7461 8793 9056 34 2931 7254 4614 18501 16768 321 9245 18089 12623 4698 7461 11319 15788 4908 7689 8462 5284 7058 13702
15329 2758 18987 1752 6773 3744 7647 18320 4656 5549 18237 11677 10587 4436 10363 5389 9967 18535 4219 3860 17824 5984 3893 12025 5944 159
15998 582 10747 1115 18123 17836 13140 1801 5523 9718 6 5146 11854 2825 9021 17191 9708 10244 1084 19878 1302 14267 10463 2409 15104 7847
19700 4118 7129 9686 9469 6355 17990 10588 15828 3260 12978 12879 952 15160 5320 15246 2001 11277 16599 14823 8341 15390 19532 18943 12042 13350
15768 9244 15336 11690 19694 4224 12221 7299 11801 14715 7143 1120 9914 17689 12164 10693 16508 13018 1848 3268 19486 2168 3569 8658 17570 12868
19159 12372 1714 18575 11920 19953 7103 5169 696 1117 14053 9487 12227 10128 2602 3438 2516 2492 1431 14208 5825 2421 14620 10765 19542 13998
5339 7800 12767 18941 2331 8689 10340 16100 1546 17761 2295 4482 15877 13830 7184 730 7874 14639 7197 4289 10967 564 16736 13324 19735 19788
9109 15021 963 4082 18164 12897 5758 510 12954 11965 7712 12293 1637 7939 7127 1638 3620 646 16784 14338 12385 14304 9528 1035 10154 4789
14109 174 11726 9974 11408 1758 19252 19884 9683 14300 11485 4391 9618 13820 12314 15836 2681 1392 14494 15060 10161 1093 11513 15056 13210 8568
9788 8149 3648 18642 16329 4065 13700 15691 15667 11486 6221 16255 5275 8037 19559 15285 9816 5235 10934 243 5992 4067 10270 2585 2691 3192
19119 7945 2096 13434 18194 19915 1247 1102 15993 12352 4976 19931 17969 11808 3052 5977 12824 14147 15651 10602 5888 12955 15702 16049 19484 2079
4014 7418 15690 2370 13323 14583 5730 1899 16156 373 9331 8642 1916 12671 11041 19114 13802 10118 11616 8550 16242 12845 14813 3807 9279 8464
16258 5754 7048 18980 12928 13693 19424 9711 8757 5952 14432 1324 18110 9221 3533 18726 6750 18113 11525 11840 3722 18848 2536 3787 2076 990
12480 18186 15364 5753 6989 12843 19407 15107 11561 15521 13702 10525 2801 1621 9544 7931 11789 18154 1167 15561 19196 7719 18982 17077 11596 13329
6329 5002 19817 9090 12318 14358 5022 9760 19975 15771 7686 6203 10760 10402 1926 10673 6512 19829 12296 19256 14381 9989 12142 5600 9248 915
7417 18363 1520 7399 3694 3927 8833 7446 8231 10375 19444 13129 2086 16250 8767 13739 14552 17253 6866 12126 13508 3459 8012 19056 10220 13083
11618 327 2619 13412 9472 14914 19451 3066 18865 18642 7552 13719 10836 19983 13690 4129 7279 9327 13838 207 12696 19304 19094 17957 7021 14363
2531 13711 14036 17813 4077 8791 14965 86 14735 9976 3607 2578 10935 17142 8978 16228 15635 19684 1413 5861 18253 6375 17360 8111 15272 19499
12762 11399 17914 6524 9421 13937 13878 5735 10554 14508 13627 7405 17347 38 19734 5212 6143 10683 4207 14313 8858 11145 19188 6750 14459 7970
3090 18675 4925 3653 14630 18937 18860 12502 17074 3999 3909 12153 11822 5505 6818 11648 15201 7028 9855 15502 5455 5183 5310 1261 4300 1298
11648 1997 1117 18780 6326 10535 4037 12429 8022 11520 8708 5743 17472 1714 14878 19557 17609 2078 17063 4739 16495 2766 10584 9880 17208 3626
9158 19385 1300 19945 1501 17497 9506 15940 4005 5913 12523 16887 5645 19083 8973 5475 16318 9337 11100 16981 12766 947 4288 7883 10627 16463
5611 18072 5420 1857 18593 8354 657 9582 12816 18318 4069 390 11925 19350 4532 11471 19879 17794 3800 17517 13714 18274 17129 5004 18023 8844
7967 18956 14154 17098 16557 9393 18212 9176 5698 542 4407 4645 2585 5914 14999 19596 13381 844 226 1292 5696 730 13472 726 6249 11026
7332 10340 14017 88 12840 6659 16594 13530 3272 12645 17849 5188 2966 5493 291 7326 8944 9615 5331 10593 17310 18973 12002 6992 8732 336
8309 1966 11307 19031 7331 1655 243 19157 15166 8464 18468 13957 10661 12320 6532 12562 2677 8197 19840 18261 17776 13023 13067 11539 10438 12924
19042 1365 3932 18078 5787 4541 16234 16191 11216 19063 11378 17083 1374 5462 18437 3299 6134 5560 6664 13387 4210 2181 6649 3131 5596 10561
17626 10330 19191 5264 18167 2434 16823 19645 9493 12992 13216 5282 5705 4026 11301 6994 1375 6066 9689 7786 9465 9700 7481 4265 3747 15558
14872 12297 17142 17407 9659 240 16725 15398 18729 12484 8357 16697 4423 6142 1378 16236 16661 799 18329 15259 16484 19530 14571 7715 18357 17404
5416 19951 11797 10991 7463 5258 11128 1502 11777 14387 15668 12637 5796 4015 8465 15650 458 17534 16539 4315 337 7860 388 17591 5080 15247
8377 94 13693 2944 17746 10168 2077 17562 9661 6885 13557 3387 7108 13612 6114 809 12086 17924 7234 13890 19022 3968 16725 2157 905 17697
3132 3326 1157 218 3294 3064 796 14437 9603 4508 10771 18582 5766 18088 4719 13578 6784 7969 11732 63 4278 17521 19356 8913 16684 1671
17471 7951 9353 9572 4611 19089 6765 19645 6678 697 19370 11168 10856 18059 16579 13797 19646 12814 7250 3871 385 6268 12357 3151 4727 18228
13605 19498 15333 16500 9049 11680 13984 15328 17889 6813 3625 14522 16364 437 19647 14830 7521 2624 14066 10621 14022 18362 569 3837 1754 2048
2609 2969 6266 19167 10085 11503 1564 5563 13640 6945 9189 18410 16625 5055 6260 2624 14869 2161 1653 14568 17895 3415 19749 13617 6654 6974
13701 18214 3854 12631 6714 6188 1344 10163 18862 3199 7597 5583 2891 9667 4980 13138 4607 17842 15473 15327 4306 15488 660 4043 4304 3142
1634 4803 11276 14306 3875 353 9976 4093 1822 2085 17875 12498 15249 4287 12031 8141 12178 5839 17643 18608 18839 1941 929 17546 4976 10375
903 14506 15613 766 7911 12295 564 5361 4947 17124 5731 15068 16985 17085 12800 13827 2018 10120 11593 9200 19482 17921 12144 16475 8457 9490
13114 107 2163 7515 11019 796 7427 67 11704 12051 11867 13916 9017 11129 12961 4774 16084 11449 14983 15604 900 210 3733 1543 17051 7189
15851 2684 3592 14534 3195 4895 9876 11254 5971 12847 15196 16011 8239 12842 3118 17590 15658 13873 14057 18512 12118 14139 11179 12032 15166 15888
1351 12633 18210 5556 11130 18252 7784 18608 12216 13472 19980 1520 10108 10871 169 1756 3004 10767 12329 15320 5658 2123 10132 9567 12954 11373
1760 11527 8908 7998 2316 13673 17060 10042 7813 16632 15423 5599 3372 13796 1126 10396 4024 183 8146 17073 10542 18976 5445 8472 874 2440
16860 12712 18901 13139 19476 4956 10367 74 5069 15716 15213 11160 17820 1109 15417 11181 17824 16205 8622 15984 9213 19923 17027 11777 11806 1934
9907 14380 6434 4132 7802 6818 17800 5989 15755 9114 3940 8549 17437 9823 15457 7796 9329 5054 1493 5745 18656 15008 17775 19123 18858 3109
387 2066 18770 9236 19723 10557 1498 1240 1363 11113 11918 9671 14460 9406 8196 14252 8790 16469 6719 9887 13575 3723 6973 17152 11718 9951
17292 764 2521 8120 16471 11257 7938 4640 2407 16021 742 222 9034 15459 9540 19797 3055 13653 1987 3351 10883 125 673 12644 17316 5483
19902 4288 5655 13324 13523 6204 12368 17563 5503 6991 15185 3932 13746 2203 15442 12972 693 17416 16881 17940 7851 5428 4038 5849 17572 17535
7269 10281 11687 15751 19623 4551 13954 12054 1649 11689 11752 4730 18211 16215 16733 11705 4086 17332 18697 6598 13623 18225 7305 18175 17036 11572
723 8310 13152 17209 3525 13146 1262 13667 547 15364 10969 6290 13331 18599 12146 615 17600 1258 15942 4249 15139 3711 9758 5777 8647 11339
10533 17748 7554 15260 16680 6323 10422 17454 7815 9611 2588 10099 575 3161 10888 19252 4176 10566 6991 9532 13656 1633 7883 16103 11515 19341
9924 9151 2289 2124 17334 17707 6034 5093 13895 5888 82 10249 7676 11058 12871 3070 15130 19848 2134 17102 662 15584 10160 16045 9432 309
17927 17875 9149 15656 16356 2168 16393 19825 13056 13703 5845 15739 5478 18356 14934 8086 15216 738 2902 9768 15012 16434 17910 9227 605 8848
5581 19541 12484 6475 17949 13680 19485 4275 1654 2251 7743 13172 8316 16693 9368 18605 9127 8831 11574 2979 10257 18268 3902 8964 19434 17856
10587 2509 2489 17068 249 4377 9020 10530 3676 17087 17928 9255 11461 11447 18322 4333 329 14894 12413 451 5375 17564 17195 16408 4225 2983
1550 12321 2580 9783 18791 19269 19030 4645 15261 2665 19585 19492 13417 16794 17672 4720 10268 12715 4928 7259 10495 7442 17385 6761 2168 4793
16184 16937 12499 11690 1640 8884 4 2450 11345 886 3735 6594 18412 16338 8807 3814 1829 2525 12443 16055 5115 9111 16596 10896 7561 18631
2651 12570 2100 13295 17394 6689 12042 10687 6265 4960 7274 1724 16142 7581 13060 11824 19907 4639 11111 1232 527 9240 10023 10800 13237 18971
269 14921 6615 9795 19128 19116 16000 12725 13701 4371 16290 9911 16178 14044 1747 6759 10236 16645 13869 12868 14617 3385 4280 9982 8209 14424
16256 4551 6653 11298 777 3605 11646 7614 3389 12292 18126 6713 9303 2846 11273 11271 1461 14843 9257 5382 8181 4301 19620 17952 9925 13665
3469 5364 19888 18449 16564 18270 14868 2782 4435 5645 6255 19782 4272 19217 12046 19114 16327 16574 2401 10536 4781 14081 11203 10032 13870 9012
8619 5872 93 14723 2278 853 4274 15823 4151 13878 11418 18084 10629 16837 16986 2145 11092 10949 14801 13434 14693 14062 2666 6702 11129 8630
1825 3280 10923 13063 2369 7859 6519 17286 10730 15136 5245 11866 4465 4009 5631 15715 13326 13837 4798 8133 18059 14181 5426 15206 6403 7174
7707 11860 15792 6672 12919 11939 187 3863 14549 18775 6645 13613 82 6957 13154 4462 13806 6248 15433 1750 11618 17472 15340 2568 17791 12926
13438 15963 11222 15019 2623 15574 10741 1373 16992 9652 3435 13149 5735 15591 9930 7568 19797 12055 13207 3571 17365 16135 12314 142 17070 15709
19886 16 14844 8960 15893 9860 18014 9467 671 11467 12474 13968 7066 1569 1068 548 3517 7112 11802 19523 10871 12009 12826 17547 9304 5311
18149 18358 19044 1527 7249 9738 7163 16563 19399 13358 11250 9992 10877 2563 12244 11514 742 16219 9414 19700 17123 5153 8182 8472 3725 7220
18354 7226 9596 12318 2838 6907 8913 14199 14215 12177 9438 16114 6108 10974 11330 11397 5567 2342 2961 4191 6493 4786 7558 12306 7283 17598
14165 18846 16200 11252 7169 5621 2809 7411 5730 13145 18159 6743 15786 13446 1372 3419 15392 10263 15588 5998 6410 5237 11570 9689 4411 9616
19455 11515 10116 16492 5435 15470 8750 17125 18236 9115 15835 7028 15744 463 2627 17892 10510 3801 2227 8914 12795 19867 19381 4362 5329 9306
13277 1124 12753 9010 9637 9403 18240 7346 18043 11219 15254 2163 5189 15190 10633 5083 16467 22 11920 1556 8444 17446 19625 5494 12404 12521
6348 4972 11565 6537 15202 19872 16049 769 2161 6601 3075 7320 7480 17815 9307 8156 15882 17800 5781 13661 19274 3248 16893 2107 15898 1272
11612 3521 544 1798 5827 13303 12971 14272 17201 9545 10976 2965 4983 8193 7308 14802 16014 11651 16946 8895 9684 11340 2591 1231 6983 17196
17672 7765 7432 15111 8281 430 5780 17913 4598 15674 9981 1085 2446 13004 310 3567 12427 6845 5925 11016 15835 1201 18798 16156 14418 2541
14063 8739 1789 1474 1070 15031 8781 12509 8926 567 6960 4641 943 18375 7855 16368 15134 7123 2277 12055 6103 16890 800 669 16871 9221
13767 12090 10275 13725 12211 17639 19920 3950 12806 9290 18679 17278 5079 15398 2296 16032 2819 14881 8110 5297 14037 722 14386 9297 1349 3200
8612 1565 19754 10878 16619 5518 1998 2160 5434 5224 2002 19452 8549 18250 16822 3884 8558 13289 4637 6380 18161 4121 15018 2945 16219 16426
192 10609 19329 6366 3485 11512 10692 5343 14888 4202 18605 13262 6765 15381 12637 1605 3665 14 8207 1263 12461 5004 4249 3349 17563 4904
15414 272 5867 17370 1326 12562 19014 9588 14486 3356 11388 19892 5299 4459 1972 18669 248 13230 17349 5531 6094 3794 2823 6154 8154 17611
12212 19254 19575 3199 5829 4276 12771 6781 11802 7582 3750 6926 16616 15738 10789 13228 9811 13634 5405 12851 18648 731 18367 16352 11094 16028
6185 11222 5131 8506 17527 610 19320 2759 15151 5519 17487 14937 6599 6176 8778 11273 6606 16102 11163 17501 4923 14483 14368 9711 867 2845
7022 12882 5194 11115 5108 12681 9355 8404 8974 5800 17806 19956 7345 18826 11585 15038 3942 17101 17494 10959 3414 7319 7895 11397 6193 7692
13102 1069 11444 8492 8641 16859 4315 14593 7827 18279 15208 15394 2511 6961 9981 7511 8218 7789 13950 2088 5139 529 17432 6033 5317 15375
8698 3485 8509 6623 13895 12670 13268 8872 6784 11522 11792 7830 14358 7186 791 1581 4374 3854 5844 3399 11756 9635 7969 8573 4255 16153
4177 11510 13415 4843 16032 16218 5193 1561 1268 14972 7587 18243 13366 13374 480 6922 1849 8954 10774 14215 19796 14132 10610 2986 3389 13478
11661 12655 9328 597 11981 8746 19950 18251 4933 8690 11930 12613 5381 1650 10797 14155 19746 13564 1834 10595 13699 19396 5318 17531 3173 15487
6283 8490 11130 8223 8792 1535 15915 3869 9519 19617 11497 19445 15230 13981 3615 12985 9919 6283 14180 17905 11905 13342 8136 18492 3733 4230
6347 17064 12251 2465 15134 2077 13899 18806 14565 11364 10272 17422 406 284 6413 2107 16384 5627 2139 18311 5498 13959 11343 17430 15856 10352
12141 1689 4491 5318 19516 19631 19525 16343 7328 19471 17422 6323 13534 18404 12601 8672 7890 3341 19411 17832 8523 7401 6541 2161 65 12813
9553 4278 18204 15815 3462 1480 15487 4129 2897 12625 2974 6032 13199 18383 7169 15489 8324 9158 839 18597 861 13496 5916 18039 12304 12046
13420 7825 1723 4816 10552 19313 12736 16175 18205 2129 12271 19676 7103 9857 6165 9773 16264 12791 2498 1870 4698 12852 8679 772 1744 8893
6778 9491 4052 16687 6740 16779 11334 14357 7198 1674 12046 7526 16358 9105 13473 9607 13940 3172 9434 6005 16517 6860 18061 13988 15856 10447
15412 19524 9573 4250 3173 15788 10070 19510 18915 17605 6185 12082 19020 18305 8134 10094 18072 13992 342 19917 2084 3527 14519 17333 13582 3754
19317 1555 8401 2961 1593 16482 13213 13736 11596 17930 7077 17988 15500 7650 13488 4507 10360 3998 6557 16431 2352 13228 4453 3445 6061 1300
3370 9724 12928 8568 11066 18788 16373 17381 17948 14496 16498 3494 17487 14517 2314 4117 4137 15569 3972 10526 13273 14247 12832 1909 15837 7189
4152 7455 15146 209 5088 6329 1087 10663 8 4685 5694 15622 14346 4633 10844 6100 817 17747 6547 2276 6407 13145 19981 19648 16626 19068
4415 16625 14497 3009 5118 1177 8343 4269 19291 14350 13363 18628 8340 9866 12939 17810 9321 19027 1768 5333 6637 16287 4612 8683 9427 5415
18319 16513 8851 3850 2737 14771 6063 19644 12403 2369 1853 3050 12781 2132 6216 2465 12598 17979 15435 1332 10512 15810 1361 1078 3131 6715
19710 14864 11941 16846 15523 1948 13524 14719 14131 4133 8341 2230 16335 9423 6779 10075 8606 11309 3749 1763 1939 17277 6401 247 12923 9306
891 8430 6071 12047 8266 8305 1319 15588 14837 11152 38 3303 17513 9354 9870 5602 238 5092 18033 18923 983 5463 19753 14481 77 12559
5015 412 610 5696 2203 8814 5609 17220 12341 9189 2496 9737 15029 13214 12568 13433 13466 18332 11105 18362 1860 11711 16303 7693 3322 12778
19236 9687 6264 12292 8772 2957 13633 76 14959 9530 15422 19775 5544 10369 12960 14887 7988 1567 11854 12038 796 12685 1194 12579 9558 17737
2016 1326 12024 762 6177 3733 18225 1728 17852 14349 8771 5016 6307 12217 18785 438 6252 17498 8939 17373 10893 13936 16750 16649 5143 18635
2125 11211 262 13018 17536 5735 5725 11260 15745 4666 3223 9927 16825 8201 16270 18581 3922 19201 12147 11962 807 14979 9337 5259 7998 14905
3934 3146 6930 4396 18332 9911 4338 17303 14613 5056 15959 8572 1666 15282 5067 18858 3471 2321 16967 13847 2635 990 3286 15323 4027 1350
7926 6547 10229 15076 1903 3541 10011 3054 9681 13290 12824 11731 14787 14147 13862 5882 5783 6344 5102 15007 16982 14780 15961 74 221 9050
7691 13051 18968 8571 9454 602 16333 13039 14675 2911 7612 10567 4403 255 11170 12725 13105 13710 9271 18084 7546 7061 18619 10810 15580 8592
6072 16259 6143 15655 4054 18498 4832 2385 7677 4425 16424 13355 11334 4568 18443 10439 2117 13550 10125 17520 11281 2044 18380 662 16484 2133
13134 2509 362 11431 8493 596 9582 6382 15241 7227 19304 2127 9770 15492 13970 6108 14274 6908 11124 19881 3186 7700 7606 7002 2290 10946
6514 6831 8776 8569 15833 10215 1050 13093 12249 8922 3902 1433 14651 15786 12246 12124 719 15232 6484 14666 6667 12591 4101 3529 1980 19538
5546 13732 18288 2089 331 1655 9888 8727 4016 18315 1194 5083 12816 13701 3161 3110 1255 15680 2024 12158 9664 19239 1564 891 10353 11142
11745 11202 7651 7806 7699 12463 4422 9526 12991 11837 1402 13948 17738 7573 6376 18279 13335 13722 9414 14435 15219 7516 4574 17095 19262 8948
2361 2954 17299 18061 17550 17200 14337 16170 10248 18291 11325 15741 15292 3392 2082 13436 10276 3387 2475 4576 5165 2671 5779 4605 18292 12184
16271 5733 6165 16044 19437 4684 906 17914 5952 2381 18244 1748 10763 8192 5688 18035 5449 5110 1081 16769 1303 2708 13503 1203 12851 13445
16588 5639 14348 11541 18720 4325 12273 3706 11717 6979 12740 8915 9371 690 12667 11461 4798 11229 10181 15736 8722 18128 4305 9395 8289 13423
11201 960 7458 7983 17828 18842 3076 2868 1823 8055 2656 2597 11940 6130 19585 17385 7544 16059 3440 14117 841 18104 19255 15203 12241 4245
9039 10934 1957 17052 1903 9182 14342 12094 15004 2889 6735 6195 7899 4022 14477 5585 4053 1917 14124 2592 15617 3816 14435 10430 8737 9824
11960 8501 13260 19068 4725 14245 6977 14549 15929 14685 17911 10598 13150 4911 5666 18994 19277 9671 1328 633 6091 18735 2453 8993 17586 8398
17551 15736 12612 17383 748 3606 9314 12886 11592 13244 3408 3206 16632 8409 17341 4841 989 6442 11639 4580 1130 12747 12039 17182 10745 1538
7579 7186 287 11613 12433 9880 14198 466 12554 13408 18706 13614 4496 2296 15790 498 15636 18591 8968 11212 6912 1019 2592 2383 19241 12023
782 1740 8689 724 16373 10171 11161 1204 5800 16946 14125 8871 18550 11524 5910 2629 13400 5125 9776 2515 13691 5220 19108 4388 3592 12741
16582 4696 4330 15470 4723 17058 14743 14394 16496 16232 3491 4286 5594 8956 4542 1586 6779 5484 18925 1829 7931 2429 14426 19543 2646 18634
13685 6704 1309 9930 9927 14799 3805 10949 2990 14991 4016 2918 4958 10009 14453 2151 516 7624 10459 18900 11911 9914 19026 12654 12462 15475
2430 931 14467 10388 4250 8905 7932 5443 1169 5745 16340 4000 7208 13457 2241 1999 10940 6372 18649 14862 18502 13820 3455 4135 8434 16327
13320 966 13007 14837 7337 4792 15276 3727 18105 13433 13999 15508 14952 3974 8513 16656 8480 3660 10445 4708 3415 10726 8787 4201 9623 5418
2345 6198 6395 15539 16843 7723 10810 12503 18750 1386 17384 15596 10261 15440 15023 5612 15488 1850 7268 14243 6147 12890 7068 19387 3330 13536
18931 6360 18150 61 18128 6841 2751 10759 1082 11422 6298 16577 10734 18315 12461 9782 19275 19060 11220 376 2771 4554 8948 11695 2623 3622
11079 11964 8650 16337 3921 807 2902 13617 19025 351 623 1133 14797 10948 19619 4496 1224 1973 15583 10975 2017 378 7792 15328 17346 16413
7867 14776 156 15464 4048 12960 12195 9221 14077 3465 17902 12493 17317 10341 449 10068 9278 4106 10492 68 2652 16741 396 8337 12635 6135
18245 11890 6901 7123 11670 7766 1059 7331 11578 15277 13644 17407 6340 7091 2668 3234 13146 3250 6532 18047 4942 14605 16399 19558 6979 4950
4341 12792 70 16500 1987 1643 10633 13191 14995 14908 10199 15705 13436 10334 3380 9763 9329 7389 10480 9428 13330 565 7621 11815 14594 12652
19475 10350 12150 15685 10658 10178 14994 12330 1285 11814 3348 4431 1542 12274 17477 16996 19345 19200 9575 13123 11842 17109 7081 9181 5498 4220
16357 13627 8630 15180 4540 7048 15542 18554 4520 553 12804 3991 15088 13456 10810 4618 11226 18441 45 1910 6004 19479 1811 17833 10530 19269
3151 6706 16119 10662 3056 13299 19427 1941 19975 1400 16141 3938 7206 15637 5952 16950 9580 5934 9877 3449 17334 12035 810 10657 17855 16717
4830 10875 13427 17706 8236 13925 5380 6604 19122 7608 243 8538 18452 1130 19976 5097 11455 1874 12059 18505 5395 18870 18266 17688 19921 9965
18788 8983 11942 4601 18701 13166 17521 6228 1407 4740 9109 13284 16989 11503 12124 441 8836 3364 1286 16629 17105 10421 12 2997 4830 13322
14887 8864 2976 18686 9126 1584 15200 367 19329 552 4723 5127 7688 4311 1593 17252 13640 13640 8690 5367 15729 7458 13032 1757 7993 3581
11196 1474 9203 4666 7912 14432 4573 9607 16696 2309 3367 13101 1444 11705 3316 163 8468 3438 9813 10240 870 10386 18436 2738 1250 9871
7252 11753 11961 10007 9914 11251 2894 7407 11393 11926 15225 328 982 10181 18596 19527 8182 11363 77 12481 17969 10764 17935 8430 11130 11113
8543 15447 10161 3098 5930 7185 15287 674 4078 11653 7378 3840 18023 17291 11621 4286 4618 16600 7156 1681 7079 10478 15237 16655 6189 29
18333 13623 7291 1045 490 12515 19051 5351 16358 9577 19247 17122 9829 8704 760 17513 8787 5422 11243 3336 17826 14376 95 636 12916 18616
5267 15153 15573 16405 3526 19338 17486 16088 10811 8599 100 19227 9203 1219 17477 584 13027 9946 18191 13873 1613 14205 18624 13370 10663 16680
774 7766 11192 15085 10004 15626 4488 4922 12005 3864 3869 6109 10414 12448 375 7790 3009 18575 18523 9032 4622 5815 10074 16886 6509 428
16769 17106 10146 14590 2903 13046 11699 19864 8700 1582 3389 16818 17083 11904 15138 19166 1565 16586 18299 15562 8239 16566 18315 18666 12768 7573
5855 13743 15078 3503 13715 12090 14840 3952 689 11245 12091 19972 7476 4301 2141 10567 6713 15715 560 13061 9474 2836 11075 12502 4101 15689
10704 10471 8383 15436 452 18511 13559 2534 15999 1028 5570 15922 16883 929 18943 6618 4228 14325 19332 8049 9329 9586 4853 18443 6771 7458
8485 14279 16190 6250 17801 12818 16803 774 19988 5443 2385 2853 17049 10612 12608 5003 9212 11694 7186 8184 15703 17874 8061 14345 4394 1686
13654 14283 19656 8957 11351 18581 19291 1355 3983 10447 19014 11905 15917 8048 11933 7612 18449 19975 19598 15833 13239 7652 11071 11461 9281 11685
12210 19577 828 1069 366 10783 4184 6943 15595 309 5010 8471 17567 12222 15364 18282 2348 4717 2647 18325 9017 8169 18210 7080 3619 7820
12331 2507 16853 3995 899 10247 1204 6253 10203 13610 17751 1119 7060 12498 14686 8783 13704 7622 7135 4443 1417 8138 3816 6210 1689 16022
19651 15199 6399 964 17123 7913 2268 4105 4531 14578 7747 19402 12565 4838 17090 10665 13739 18095 12686 9351 1903 10918 19995 6461 5651 2130
5498 13295 18705 8630 2282 19344 3790 18383 2740 7592 6452 5176 1039 12466 1829 10022 5845 8037 12209 15067 7908 5819 627 7185 16814 8180
13480 3400 14401 15576 18511 12900 11174 5045 3364 13446 2368 9627 5037 5358 11777 13637 6540 6317 3143 12836 9839 3081 17628 19808 7151 1330
14265 2954 1710 9988 3045 18968 747 1838 12504 11106 13777 17691 10209 6793 14623 11785 12819 12250 6221 12577 16522 5688 14217 263 4363 19148
8062 8815 12092 14896 10354 549 1783 16144 12202 4856 8307 18759 8419 16003 10155 16643 7588 2024 15792 112 539 10329 10943 19182 17614 14496
16021 2911 59 10056 15837 1565 2841 17182 6511 13800 5894 756 6367 8519 3430 6250 1545 8319 12983 6556 7552 13246 15085 6376 19908 17210
3291 13027 9483 1023 8964 2329 7561 5743 8446 5232 17594 5400 11696 18266 12666 3652 2230 2516 17478 9418 327 9288 16246 7161 10719 13004
429 5022 19446 13131 17073 4981 17288 13704 8501 6247 9272 17024 15091 508 10090 13223 11424 5620 3623 11823 8102 13758 3507 905 15326 12992
8096 12794 5613 8380 19010 14017 18069 9371 6580 10136 445 19281 2629 15270 7305 4040 7288 19721 1789 19155 3535 5729 12970 3987 6743 14233
19466 10871 18986 9708 1224 4773 9048 18310 5387 4297 12337 1406 4485 16584 6753 5111 16999 8165 1631 5589 18858 6851 9835 3853 10233 9861
1690 12408 8477 9295 7862 12436 18541 12882 8051 9586 7391 4258 5832 10816 3188 5318 5916 15416 16039 10913 18985 14122 19786 6459 896 14353
14606 2954 15608 8353 15678 9832 17170 5070 15261 11684 5474 17145 13197 11195 5140 6256 10309 3582 12992 12857 18824 9311 11233 15365 13944 18636
17217 1484 3644 8309 11308 8642 19692 14908 7990 16938 14185 6091 11035 18344 9637 17701 7120 10347 16876 16016 6138 13669 254 16791 12580 18831
18950 5465 836 17679 1079 5787 14875 9446 19902 10145 4128 6003 1014 18290 14916 1407 12172 2761 18688 14118 14034 18139 4964 19950 32 6360
2859 3703 13565 2132 12366 6525 1979 6964 10783 15815 11408 11845 2120 16426 14124 7424 3773 87 10731 10413 5419 17200 9346 11477 12411 7298
12725 8153 6526 16800 2170 1899 7347 6185 15546 3999 8880 13669 4301 1520 7338 9154 12763 9076 11345 5273 8171 19165 8081 8028 256 16154
12961 16099 1645 5003 187 1244 16429 4929 9300 10259 18036 3826 4435 3554 19941 7491 16376 10457 3953 8937 15985 548 16653 592 5364 15996
7851 5489 4052 6626 3809 1388 14877 7375 16406 16813 11414 10181 6711 648 17098 433 1018 13973 14577 2839 18397 5790 1861 16015 364 13607
12173 15666 9606 15188 8049 11496 8511 16923 16852 325 4317 4568 2152 19789 8600 9983 4573 17232 7438 17096 14274 13673 1778 2000 7799 9100
7485 5682 4987 5716 15003 8273 3902 9828 1655 1266 3080 1191 1036 11631 11759 18146 6404 3090 5263 12920 6004 7770 2312 1795 18344 19293
9375 8325 14113 3319 8690 19370 16713 5746 8008 13671 6648 14687 8487 17076 3392 18397 5436 1833 10012 19318 3668 3625 16374 376 8369 3608
18703 16665 4943 18572 4846 16099 1752 19842 4119 19998 2494 13568 15123 13810 3562 17947 17841 14406 5267 12801 17890 13533 16953 3320 9160 4621
19942 17365 7677 13863 10369 2277 2336 18739 13281 14963 7681 18950 7284 6414 18210 8850 13800 14074 15140 5788 18616 7002 17405 15895 12853 10456
1878 3605 4313 16103 6803 11838 13005 1181 7332 13953 11550 7267 3869 984 7226 2444 16952 975 10963 16477 11190 7640 11806 11239 12735 6786
6801 27 15553 1496 14680 3509 15949 5107 12467 14503 13146 18448 3702 2572 18846 8534 8738 19471 13098 13354 10407 13379 8900 12213 19540 7066
1401 11256 10185 14631 3366 5189 19154 12005 7828 13727 6443 16759 8020 8373 6267 9149 4445 5838 13615 10836 9549 10780 3547 4225 12099 13858
10663 10396 7710 9952 472 6240 15591 10653 17394 13683 8526 17304 4964 12379 19384 14004 17261 5818 4345 9173 19188 18894 3886 9945 16224 11735
12241 4394 15720 4559 1508 12040 18045 9799 15371 18854 11562 18217 18671 16514 1106 2528 7145 1187 17535 17459 16330 4998 19496 8077 6655 15683
14374 1612 4855 12426 5562 15994 15820 12089 6218 14708 19918 310 19669 2630 12483 6122 10477 8993 4377 6122 1584 8226 13513 8232 14577 15106
10496 15497 1686 3651 358 4841 1547 16410 4939 19353 13242 5629 14343 1852 15435 1423 19881 14246 8173 4372 12275 5474 9303 7525 3391 1680
5935 12229 6513 16642 3264 9849 6870 15837 523 15911 6793 19016 19235 13812 2664 1561 12068 6520 14772 6029 5251 375 7027 10276 13894 5680
13757 9466 7014 12003 14877 4040 16548 6928 16392 3156 7590 14131 19488 6201 7940 13989 6966 4026 10202 15718 1784 16595 3601 10443 16533 5800
14250 3468 19779 3799 1067 6699 19977 19366 3462 13413 133 9025 1151 12966 4859 2716 6879 1667 16561 16232 15116 9734 16211 14921 5220 3536
12297 8302 1950 15282 11918 1731 8494 12212 1194 14266 8610 1303 15938 10596 19147 7259 10618 1958 13888 1577 7841 971 19041 3618 4429 17154
13862 15751 13638 8389 13219 2342 603 10330 4099 4827 2113 7023 2859 4096 2205 9077 3914 18951 12352 19445 15918 13709 7017 2236 19023 5351
8242 12425 15678 8087 2614 7002 16209 1028 14844 5741 17996 8573 839 17433 6611 14574 9977 4444 10086 3702 5669 8441 19016 15918 17652 10735
8313 14296 2005 1104 19137 2947 849 11422 19641 9283 18350 1543 6508 16894 8533 5447 11275 15514 9575 12674 4050 13575 8634 377 3798 11046
11544 5024 3588 7545 19507 18716 15442 15411 14977 7402 8484 4026 18697 15149 6954 6366 19890 2634 9983 10699 3813 4813 11458 2051 16215 8887
1562 2786 12309 12775 12699 6309 10642 1058 11874 16950 3469 15104 3634 7047 4070 17175 7345 2228 10921 3744 9808 2038 9329 14271 12079 4103
17025 19172 5752 528 16599 641 2059 16819 6052 9082 5172 1270 10155 15702 4306 2109 19904 10921 11964 3911 17976 12247 14378 14054 18005 6844
7268 2603 18786 10220 6707 4543 1876 3000 5634 15368 1038 1194 11567 18904 16527 1448 3773 3713 13624 13805 10453 10391 13140 3323 216 716
9983 17684 17658 10254 14628 7845 5432 2807 2151 5447 7723 8466 13502 6328 1228 19649 12972 14437 6011 13697 6319 4407 16691 3515 17851 6177
17673 6129 15554 11190 14096 8245 10973 10163 14356 13554 14756 13758 18444 3687 14054 12715 6235 18608 105 17638 16950 6290 2190 12764 6223 1951
16778 9327 18860 6950 14861 8257 11034 1434 1309 9928 4116 12059 11320 3075 6635 2074 2555 12270 12630 6278 17744 11704 17072 3714 8997 16119
2315 11540 18304 7318 2104 6028 5708 16686 18210 17503 8782 2072 17865 10085 13943 11281 13354 13461 13136 16492 18378 19494 16953 13317 17935 2543
12620 4881 668 2348 377 3549 155 4932 19012 4006 12305 19125 16074 14169 19774 4254 11688 15860 11663 8028 9268 17866 2100 8651 18192 13682
11352 18107 8663 6910 2050 15003 8572 14864 9416 12384 16030 11818 12410 15805 9091 17352 3028 1655 9277 5692 10541 18181 193 3693 11395 16175
9996 19527 16231 9642 1160 10696 3242 17477 5476 5217 10659 3534 7956 11716 1645 5687 17963 10901 17247 10432 11822 7844 15440 6856 8127 13696
16145 10816 14082 5463 5147 1965 1617 15455 18665 16264 18297 1131 14466 1250 4455 1351 13799 6748 10833 11051 1897 13873 593 18351 18408 12883
14044 17404 7002 4713 3445 16837 12307 38 18944 19924 3855 7574 1483 14786 8934 12740 1898 2075 10301 1231 18411 19019 597 5158 15308 19065
920 15544 11283 14344 7549 3349 16683 16806 17494 4227 19173 10964 11857 6561 14953 8916 9884 8975 18818 11984 1213 14484 17895 15088 19346 15389
7565 11250 12988 1121 10880 18009 8622 1622 11409 14110 7904 11955 6355 17304 12240 11883 13754 12168 1057 14356 16006 9348 19347 7188 3424 2072
1166 5039 7680 14011 6894 15160 13405 9518 345 4073 11361 19958 16170 11396 203 10346 18485 10047 15398 19623 9462 1585 1164 1594 5247 696
634 18836 12957 9649 7699 14623 16045 288 16307 1249 19788 19591 2696 19603 4831 4147 4971 12200 18783 5480 19650 8265 15897 695 8855 8163
1648 7599 9669 3819 4120 19947 334 2946 17710 6714 19682 4968 12016 8685 9130 6873 5184 17574 9069 1495 9803 8771 13318 11558 14713 11645
1112 18774 10916 5706 6202 9299 12226 2057 9645 3116 17391 17545 7234 16527 6443 18384 9719 4642 855 10357 9134 19515 4990 13229 1326 8825
3459 12324 1444 1420 90 8390 7763 6868 6506 13933 12239 4814 12301 7719 19481 11933 5642 8306 7338 1910 18327 1526 2477 13390 14576 17841
18516 18990 6798 16610 16580 3888 13663 11737 13092 14607 19188 2589 2702 18120 7483 16085 8795 8203 11774 4780 8112 2868 19967 5099 17932 19674
9562 13407 8266 12234 14904 13590 13519 5711 4012 16786 4366 409 11894 3033 17858 4053 6010 12009 2723 19008 13473 13794 14552 12457 6254 7512
5398 11080 19168 7317 6739 3788 6156 8864 2250 16368 7698 14743 14885 1836 10114 11848 15143 19444 18702 13462 18444 13644 2306 18627 7147 11087
9999 14659 15241 756 1871 6085 2568 13821 3013 3912 10965 4457 8186 16823 3084 15971 2873 18640 7933 13328 1355 17738 6359 11883 15642 4474
11317 2491 16433 5018 17879 14332 11980 6180 12497 10475 15591 14745 18624 19063 16348 1737 6227 1258 11932 15239 15738 16198 8500 16008 7052 5495
72 6540 19453 5177 12116 9666 2803 8913 19888 6394 15689 13931 18451 115 12953 9516 19394 11253 4490 11403 17379 7349 17058 10270 12990 15714
8805 7443 7336 12048 18632 1019 6180 12876 2104 9921 19367 3477 4334 7396 13853 9794 7308 1259 4315 11998 6787 15448 14334 7746 6667 6274
8696 7949 11454 3580 18663 4068 8364 15546 16763 8281 17008 3680 10208 14849 4443 2634 17692 7313 13197 9724 18573 17281 13599 13544 19366 19096
3611 17493 396 4885 570 5381 4667 11512 9355 4978 16640 19668 475 8327 10704 18222 1179 17653 12490 2837 5627 11228 17635 12986 9972 7829
2256 5380 3644 11769 18908 1479 3590 10248 19491 16548 15095 3269 8046 2677 2930 205 13912 10051 16971 17439 17397 14955 3383 7660 1032 10411
5134 16641 18779 10540 6250 8934 5743 11634 19908 11822 18792 8044 13364 17746 7044 6956 8369 8264 4644 19356 18114 3893 11204 14821 4291 10425
15582 3746 15244 11498 218 9639 11607 6817 4136 17009 15526 14351 1357 15677 528 15539 3297 76 4419 11642 18285 13618 11792 8562 19550 3993
7105 11400 19274 14076 12008 5828 16594 7658 15150 4908 10307 2059 4484 901 13004 13823 8410 83 2671 2975 11978 10016 4577 10324 13245 394
3627 5302 19440 10830 12138 17614 19752 11420 10161 18209 9179 1139 4767 9179 10061 18766 1014 538 1516 3720 12038 19384 13155 393 12166 18775
10512 12546 17459 6541 13195 18540 4207 15118 12849 11478 5570 18386 1213 1919 4039 11895 5759 16509 9376 9528 4641 889 1619 19949 3295 7719
13472 11015 18614 8033 3792 12030 17366 6137 1661 8114 14146 3954 6236 19794 17609 16578 13220 1253 17079 1640 10882 2930 15366 11895 7472 5695
16449 8516 6286 19083 6038 19844 9246 12071 16246 13421 17725 10895 129 7286 5284 11648 18693 16489 3596 12066 6847 15159 6654 18324 10816 11260
12900 16917 15354 14870 9513 19318 12399 14032 8261 3228 18040 4361 16839 17161 7482 14420 10816 17090 16115 11853 1021 14415 7603 11958 11798 3774
17854 17245 4760 11578 16650 796 13360 19239 13152 8076 3715 1871 17000 421 8668 2918 18855 4575 18374 18294 12644 18262 16029 14625 12839 7480
18412 11652 14485 14410 6422 15684 19421 15256 14804 17324 2229 14715 10783 3252 9604 10351 13497 788 3135 2933 5265 17829 3532 15608 4888 16079
6033 7843 3274 18886 9661 3968 16788 6418 12221 3234 5657 1363 18369 13948 8447 5302 10397 7988 1679 3852 3342 6354 18469 18078 2532 17343
7180 19936 18992 7699 9912 11648 13695 14663 3029 9734 10866 7634 8881 4307 13106 4984 19312 4642 7963 11673 5348 3950 7515 17980 10085 10787
19949 19857 463 13021 17472 190 6495 16662 4088 11717 9263 10945 738 16641 1140 4510 9609 2782 802 18281 9053 18653 7853 5567 12678 9176
2778 4155 18032 7897 14884 6808 152 264 18238 19273 17235 10253 14542 12530 7500 14346 19039 13601 19529 7638 6404 7452 10858 17703 9407 2591
9006 16546 19138 9520 13804 9761 3088 1141 9326 3579 4925 341 7131 5164 1238 7015 8027 17297 3870 15052 3931 9634 10621 19213 19821 9173
12326 15743 11325 11936 869 14844 15490 5792 7575 9810 15158 15607 19787 19264 10807 19396 19604 10173 14793 18336 7681 13571 77 1271 8023 7705
8171 15954 1495 12782 18361 898 17353 18331 4270 8274 9663 7270 8441 10992 15477 19536 5756 9331 18545 1489 3596 9134 8956 10505 330 12732
14311 1365 5307 8145 5129 11967 19243 4005 9039 3837 6114 3797 3688 15901 7691 17522 8570 17739 17602 15678 10401 7010 4884 943 2013 7071
9639 19785 680 4521 9812 19872 8948 8660 13835 3459 11542 4688 13521 3563 2795 16400 2331 17813 7252 18013 9518 15519 3866 6929 14220 14430
5164 6099 3102 12176 16345 3744 11004 10372 1282 5069 13533 7163 9963 3399 16413 7860 10623 1911 18622 18665 7752 9536 3230 3970 2828 3419
3089 9801 18844 18500 10997 19999 4824 3938 10666 9060 18215 12327 7038 14105 13481 238 9611 15644 14635 5763 17774 14778 9078 5612 2086 15113
14020 10735 1670 17639 5301 13016 2184 5902 4195 14757 4235 9307 1621 18575 6142 2658 157 18670 15400 7541 16069 19368 2142 1449 16124 11332
11946 7690 6824 8758 9068 16479 2092 17965 14567 11250 18155 14209 3834 18628 8873 6551 18653 14304 5812 7913 18779 17880 19866 18061 8421 19193
17408 14705 17641 7294 11937 18728 18805 10419 6272 8918 15422 12535 19361 8105 5455 13609 13349 1994 1882 8643 13579 11849 8184 18025 2130 1262
16092 7464 5395 15838 6956 6472 10320 3966 547 7574 16321 11249 13262 15940 12409 12166 5895 18247 4571 4616 10683 12426 12678 283 9181 9646
13762 11475 1785 1394 19926 4339 734 3733 3299 1926 9690 2811 16 11316 4895 6085 755 14614 926 14310 6021 14783 3123 13928 18259 7948
5523 7145 4722 19644 15808 7028 17885 13311 17068 16709 6483 11014 16175 6675 19789 3124 4180 17749 17293 15288 6220 12166 19537 1256 1958 13422
5467 1941 3761 11218 16755 11413 15217 6131 10778 848 14323 1180 17272 15951 9653 13950 10402 13932 14492 11356 15097 19169 14527 5762 8408 5649
4882 3336 6734 4847 11454 4552 1812 14896 11885 14018 19192 9067 14943 12570 18071 19747 16882 2985 266 14036 18048 5436 19244 9339 11055 13124
7411 18332 936 10735 8151 8604 10171 15472 2355 12525 5554 9888 12105 15679 17316 5266 2761 17331 17165 15590 1094 9962 11176 15565 5289 7642
7136 592 4072 18740 7389 12260 8716 3297 17796 10366 4476 5386 11804 5504 16021 7547 79 6527 12724 4208 14412 10952 3297 15989 13562 18279
8614 14304 10294 14512 4636 3668 13448 1213 16537 12704 13507 10846 17901 7604 10546 10068 7496 17362 2177 2941 8465 13654 1651 9725 2476 3819
11958 1573 12895 7718 4312 14554 17276 18708 11235 9728 714 18631 11628 16935 3636 969 17473 17507 11300 18583 8289 6332 19099 15598 19577 16019
17583 5294 467 11513 14902 2485 10207 12064 18265 696 11685 7591 15098 8510 1395 1504 7350 1212 15475 19249 5490 4868 15923 12467 2419 16187
18802 12549 380 3658 10416 16141 3207 5399 9719 3805 9660 11866 9869 7330 9174 12037 732 15211 5710 5856 9959 10769 5019 4729 14738 14550
6117 10732 17768 1736 14790 8392 2928 3095 19048 155 2782 15192 19425 11711 3764 19371 2867 11486 12269 10357 15340 5796 19022 3384 6932 8336
4410 18486 16487 9569 12464 4447 1513 763 19971 18011 5730 18356 6738 7139 10396 6079 14376 4911 14895 8877 5579 13613 18022 4473 4748 10000
16048 3036 15823 9672 18777 3016 9110 6860 8215 6969 15950 14212 13931 8655 5572 11120 9945 9518 1779 1707 12777 13730 8877 15402 2560 17688
13247 3681 13261 14925 13370 3037 10284 3607 8515 16865 4638 11709 16487 10813 3375 8182 12307 15671 2700 15946 10116 7216 7801 12285 11927 14945
13964 16605 9070 1527 995 11430 16546 9471 6088 1084 10174 6772 11099 4640 4137 4335 7698 8567 17733 2125 9900 10682 17810 11069 7892 16138
16970 14343 4154 2219 6801 2081 14369 3837 12569 9221 2339 17019 7356 6155 1835 7077 2637 11422 481 12035 11259 11374 9834 5114 18770 5393
13616 17180 5047 14038 2830 12051 12003 2045 10700 4090 10737 1829 2552 3217 13077 19585 9362 10826 17675 10604 12618 7235 7544 7383 5060 14079
17954 8140 11000 6588 736 8854 8146 18933 12259 5422 573 19427 4641 728 8143 4323 3083 17652 10021 9239 7953 14751 8568 12540 4836 15676
12562 11562 13773 18013 104 19986 1029 1163 4112 13369 857 2214 10355 19029 18907 5875 6864 9689 17219 15415 8338 5286 1636 756 5349 12963
17208 19869 1715 10091 12530 15751 18383 8730 8507 13765 2267 9422 13731 11471 1902 12972 17196 13789 16634 15711 12153 18296 3056 16034 5577 1937
16835 12721 6036 17666 17315 17971 1596 9183 13135 5495 107 8204 11369 4733 13096 417 5932 2922 11984 8354 2216 11733 13098 4745 460 8156
9130 19323 4741 12508 14513 4780 12959 18522 7251 7066 14735 2666 18678 8617 19626 18415 6675 19016 1857 16881 9968 14212 14446 2048 2807 15598
11996 155 13507 10697 6720 11112 8997 5772 17126 12204 348 2775 15241 15167 6218 6470 15459 1834 11126 6948 4773 11158 12913 3827 7730 11127
8882 7598 5099 4895 2096 12707 10446 16151 7269 2436 10025 12247 10417 2542 5162 13073 1646 14401 7027 2879 12753 13636 1605 5425 16507 18400
14604 10346 13273 749 18641 13476 5081 13050 8931 3231 14535 7402 14952 2054 9939 1711 10979 12119 19289 14939 15562 14445 6417 3219 4857 2966
10121 6141 10758 13417 2392 16168 5550 15887 11615 4731 2046 12185 8634 10457 1184 341 4535 14774 1730 12564 10268 19066 14808 15094 15840 5597
696 17613 14107 8594 180 16582 16350 7790 7694 15422 10349 18270 1727 15567 15167 6511 18253 5327 15957 11411 16452 7835 5643 9694 7263 6513
9151 13556 12631 17641 18843 19177 7903 18361 17030 13982 10031 6269 17367 19964 1542 460 2035 9189 6635 9048 8276 18447 3495 19838 11923 12767
13705 14808 10649 7299 5070 9790 10555 19198 19881 5307 5371 3042 3016 17210 18903 7790 18362 8270 3126 1547 9314 2328 12080 717 17245 18310
11155 12254 3055 17207 2324 4418 5228 19021 6390 8675 6845 4405 15380 16786 8915 12211 11639 2815 6028 871 12250 1367 2373 5948 18043 18230
1941 15576 4569 16890 12271 7475 14583 19073 11439 9392 5664 19457 4871 11158 15981 13503 6421 16393 13871 17782 19296 13216 1610 19205 13590 10525
6299 11717 16196 2945 17980 129 9246 17240 12631 1346 14582 11131 10739 6502 14102 16051 15425 16024 19779 11313 3335 7651 19678 11305 18917 14917
5594 10663 14052 17637 12131 16648 12783 11462 8001 16190 4694 17203 1386 7661 14091 708 2902 5862 4817 11142 8809 13274 17805 4459 13609 15005
8968 1651 11476 2234 752 6037 5702 7627 11010 2465 12506 12110 12504 10105 2686 4710 14512 10480 10268 5705 15122 1479 258 2954 1197 17014
10843 5008 15164 18762 19539 3764 18023 7439 1614 164 15605 6794 7224 18316 5716 32 17594 19081 1326 18055 15602 336 8194 5187 10956 18127
7435 2504 7351 12905 4219 1648 10194 9993 4768 13805 11126 6124 17613 9453 4715 1070 15320 14437 13474 7139 13479 12555 6015 7556 2824 13970
17426 3032 7679 18398 5525 2910 1677 9752 376 11661 845 7228 4315 10342 19313 2314 7621 14433 7964 18239 4412 7480 5648 14346 10743 17707
14366 4834 3706 4216 10520 15776 10479 5625 1299 10580 7949 2722 3026 1192 14189 6352 14689 19647 17673 863 4885 19450 15525 14709 8577 14039
16629 16091 9757 15930 9451 15736 17658 1312 10449 15689 16156 6510 593 13635 11399 8832 5994 12904 16726 12337 11258 3212 16875 8154 19333 14402
11370 8602 3285 12842 6910 12273 14584 12075 12538 2639 7407 4256 2644 19950 6228 12214 16814 7074 17632 5882 7301 15854 3278 1659 11800 1559
15338 1404 7651 10967 18616 14232 232 19150 820 13111 11755 8606 4433 7330 8067 15792 14200 4572 6793 2152 15921 11600 15246 18360 11617 9068
13695 7985 12918 1561 11293 19743 4260 14823 16922 7973 18755 11631 7180 7366 3677 16624 6415 8079 2324 15849 19955 3445 7478 5292 2968 1442
6265 9843 8741 18635 9201 2918 16170 10543 5443 7135 7402 10165 5673 19494 6386 19547 13272 15521 13767 11050 5837 13662 1896 3256 19185 12786
4893 19563 17461 8194 3257 12328 12664 13659 8373 10525 16288 16 17165 9501 6161 611 13642 17014 6139 18799 11591 19963 10043 15489 15323 19478
8970 452 11493 437 4325 13881 3389 19901 19207 7842 1846 11298 9822 5496 19228 8969 7791 8663 1180 6846 10734 5310 5216 10785 9802 10190
8640 3952 5494 11470 16193 9447 10628 4874 16927 876 19490 3829 8168 11362 10562 6871 15343 6026 7366 1303 315 9667 11887 14747 18857 1828
7911 3275 14981 15026 4012 17849 9285 1101 18642 12090 17879 6587 14848 2512 4977 889 15255 15639 11595 18072 18346 14992 1725 10403 5931 18472
1701 18881 579 16026 3036 17379 7781 13767 14058 857 8405 17083 7723 2784 6440 17788 10102 11720 955 11331 19394 11498 7824 12564 957 2986
18001 13612 7857 18361 10259 3420 2301 395 11295 6089 2644 3217 12995 7027 8111 8374 16582 6387 19624 8995 6045 19750 12708 11230 15592 12280
15041 3500 6394 9778 10620 10134 10901 10383 19454 16624 3397 19727 5713 13297 10500 13532 9426 9962 8596 15056 8299 11291 15447 8777 12517 17393
14636 8049 2919 14050 11773 4915 8369 3465 2317 10501 1515 11817 13035 4211 10738 8956 7906 19424 16778 13635 199 9544 18955 14370 332 400
4181 19841 16687 10019 7511 18099 11142 15083 12981 3419 16626 10791 13127 8939 3674 1623 15392 13359 18995 11874 4619 1542 1870 16959 15399 11186
10501 19708 14431 17357 11281 19566 16478 9250 7165 10969 191 3063 4764 2615 2671 8500 13369 17440 15876 14297 1091 18865 10795 10339 18692 11737
3730 7626 2093 19170 5176 11294 3184 17303 6824 14755 19881 16643 18901 13617 18729 12940 1256 11574 14261 14335 6331 14787 17286 1095 9895 9840
12542 3695 18795 15612 7539 10804 5738 17919 10473 4317 12590 1084 2706 17047 5089 18627 17630 12093 2945 15261 12373 5007 2020 10388 13710 16661
14799 18614 8564 13777 16893 222 16767 4254 2646 14432 13825 12079 5543 4199 9043 17931 9180 8666 72 11667 1994 7155 13124 2703 12397 13175
13844 3649 17608 2931 13419 6645 17565 3490 7829 545 7417 13802 12987 19996 16957 5995 11943 6175 9579 16895 2647 3860 2132 18771 8033 974
8983 4878 1916 8351 6758 5991 8261 2891 18728 370 1170 16754 12029 8244 6629 5256 11015 2351 1834 10641 13203 4892 3580 13177 13324 3348
3572 7101 15521 1473 17190 8413 1876 16687 4399 2975 2776 1861 15395 17518 17714 11976 13039 17756 13781 3750 1240 8187 8599 17595 18432 10524
1732 9565 17619 16581 2873 4701 18042 5384 16865 4140 10926 19087 4618 8536 2987 18079 4548 8445 8296 11453 4872 12531 241 8140 8548 15402
13412 15594 928 4915 13032 4218 6769 5502 11890 18882 12349 8772 12349 17851 483 12574 16917 13386 8148 6995 10987 13926 10239 16297 5112 10018
16633 12594 11461 18574 2229 19488 3817 45 7233 9603 224 10544 18431 16790 19125 16241 19130 18727 16999 5250 11395 15021 2925 18520 1198 18801
340 2663 8112 15979 11556 12166 11986 2729 14549 6301 3856 819 13057 4749 4269 12854 4844 15337 8354 18932 9392 9761 12158 3841 18006 4277
8583 4478 10542 19632 2855 5018 14259 18101 15010 16047 15313 4823 19007 16642 3260 11161 3307 17318 1098 17053 4278 6141 17873 5656 61 7032
6201 6075 19161 18456 3271 9897 7693 720 13788 3282 10522 16188 10715 11623 7630 11145 19885 12354 19821 12346 9394 1333 10355 2996 666 8237
6425 8578 10716 12705 10998 8266 6773 15424 17926 116 10559 18865 1021 18378 11201 4857 15712 4288 14628 11634 7489 9945 9963 7954 2995 16877
7068 6655 18991 9597 13843 19733 14947 11083 8271 19113 221 1416 3068 12570 8557 4384 16878 10955 16150 523 9782 16619 15659 15112 6169 13210
3792 3253 3305 17160 6439 17817 5074 7738 4518 3168 2518 1390 14907 4059 7228 3700 9620 15994 7470 13955 1559 6424 18411 602 18979 16873
3748 11036 12430 9678 617 19002 5378 19413 16834 17382 13188 1877 15976 13609 10577 7649 965 17948 15107 5183 15389 13261 16189 17477 3168 7607
205 6288 5116 16142 3299 16671 9323 8556 10751 2450 325 10637 5562 14138 1551 16858 17839 15926 18205 8017 3885 14561 16942 10916 16733 9769
11661 5294 2711 18227 19089 8123 11726 10991 6736 11379 5038 15995 9755 4777 17799 1089 9982 15528 3121 10168 10656 1511 2701 14397 9297 3408
13786 11530 7847 10732 17309 9389 19237 8270 9164 18558 1148 19835 14690 5397 7616 2680 12177 17214 11520 7841 14847 4345 17130 4937 13270 12462
9703 1390 8778 13694 9843 12044 12029 15900 7370 10833 10253 9088 12973 18374 10611 10089 9951 12624 3657 19939 17773 9152 8791 17681 12496 16444
8967 18112 18525 5268 5027 7761 14570 2930 4887 7709 11502 2133 16304 14843 5863 4292 3515 8197 16007 10750 58 807 1159 5337 4666 6496
5987 14269 16398 19669 2309 1793 12553 1222 7026 9468 18623 6372 11686 3713 11086 1525 13219 4909 4056 13727 17608 17585 8093 17096 16346 9927
8165 15399 14607 11803 17239 5721 1 2899 4813 18481 5958 13653 18633 1316 3585 8630 14722 12778 14685 17181 19572 1651 9008 15460 6294 5886
13700 3136 3803 6473 518 1810 19732 1566 4028 12850 11830 7305 5905 6749 11548 6590 17478 19641 17110 15395 7934 17669 4435 79 9564 4846
400 4808 6901 16356 13223 608 1883 5609 16835 19281 5312 8383 269 490 12150 11262 15621 14186 16406 5702 16981 17987 7141 2629 5139 7873
1368 7704 11249 17845 14652 18179 10391 17957 4406 15422 11517 17879 17326 19101 10219 13739 1444 6316 6125 15131 5313 12165 17500 11982 5471 13713
11651 8423 4993 218 17946 5699 226 899 11354 14612 17487 15308 8690 9048 12256 18361 3513 11776 2663 18358 11767 267 16582 7634 4403 3750
14951 9503 11027 7564 6080 13991 19281 16549 1917 6125 12516 10391 10897 19228 9051 15258 12618 16540 1495 11306 2421 17966 6468 17580 6749 19833
9868 17010 8215 11283 3317 15470 19097 15296 10350 12710 9408 5781 1494 13691 3332 1708 14616 9758 1031 16804 10568 2627 13223 13492 168 5668
18954 2187 3190 8206 236 18292 9508 3264 2140 16197 18793 6129 18699 11836 15013 1030 18664 10151 7923 2181 7532 14692 14306 19540 1782 11621
8771 6270 16697 19193 9330 11389 19130 16262 14149 11958 3423 3540 19759 1920 16415 9342 3020 14338 3114 13636 6209 4703 15086 5939 5341 6148
14027 8803 9024 4828 5726 11181 1918 11890 19115 12033 3540 16402 1265 547 12171 19698 14348 1690 1093 18834 5418 3481 12809 14499 19295 6647
13026 6557 10469 2738 17962 1953 18255 18881 21 4819 7865 5610 10874 12241 5116 12962 18005 8820 8278 19031 13690 7061 18758 18942 17787 16017
6313 19499 16296 10405 1497 17122 7726 12782 2536 17993 1250 4650 19513 9523 12776 17827 5641 13217 2507 2908 2718 18857 15439 18089 8023 12564
16415 9099 9004 17722 16721 11403 17208 10712 7258 5535 6906 9671 19503 7167 17086 12535 15474 7713 15255 12499 16150 7551 17796 2911 14695 12564
4871 6890 13125 4243 6666 17253 13168 14205 7925 19018 3657 11233 6654 10692 15475 14944 8090 1459 13877 11630 2245 189 16103 16223 6066 5442
436 10933 4468 18877 11991 17561 13239 14456 15142 14854 2513 13363 13937 4746 2990 13659 2671 6233 3073 2810 890 18919 3931 18048 16056 5556
3900 6625 2220 3853 4755 12417 17668 13603 3714 4631 17272 16957 17528 7326 1419 11614 18968 18813 5225 19553 13590 433 1442 17998 8270 3692
9342 15240 17226 18548 16146 13862 744 6867 322 5444 5586 900 19790 10162 4014 18259 6206 5731 13101 2376 9156 3087 5060 6797 7073 14692
5199 9765 18416 9786 5587 8603 14262 9134 6214 7940 9989 6488 2868 1092 6752 6051 13761 5221 1712 2374 3857 4769 4623 15150 6237 7144
14201 12592 1382 8118 17654 6708 3520 1440 18850 18694 15555 12776 15359 5373 17356 7503 10820 8146 4740 18964 10484 12399 15836 3524 5257 5032
16197 12277 14693 19617 4031 17353 7568 14987 6413 9850 10239 6881 11803 10746 2691 8395 18170 3416 2822 10965 9813 4926 5665 18312 14764 12517
4526 12746 3768 5380 15571 15893 15609 12920 6995 12844 5658 17587 232 18282 13015 17652 6055 4310 4862 16399 8509 1164 3055 8112 6066 15570
10138 5234 2360 649 5964 15209 14120 12524 17197 17781 1735 7567 2080 10588 199 17804 13499 12272 13244 4814 10336 7363 3445 14113 973 994
8122 7802 1029 14028 12740 5045 8843 2504 19159 6145 5864 4332 10833 13754 9161 3431 14702 6954 15776 11654 8820 8335 4977 740 15623 14655
18427 11706 2603 9701 2656 6195 13404 1163 6878 8050 2817 13461 17980 5115 2731 19861 15116 15123 444 9563 9655 15233 3538 14968 12551 18598
8616 7369 7102 6181 13726 14963 9103 7504 16820 11917 7518 3469 2309 9736 18286 13964 675 10991 9047 11526 19435 10475 6838 17209 9575 1649
6457 3944 19728 6488 15640 8597 10465 8097 19563 11253 9035 846 364 4039 16612 14762 18152 18889 15002 621 14314 10875 5679 17467 9607 18940
18385 14722 13871 9156 13349 15685 12505 11099 12693 9267 11695 8432 1656 2514 11001 3468 11776 18595 7292 9702 16073 13137 7753 9392 5119 13570
15158 15974 10919 11530 10365 10899 11887 17370 1796 4072 13333 13377 6956 2795 8244 3941 11153 15972 15076 8676 5362 18261 3511 6886 16907 1439
16236 19356 4746 7446 6167 18030 8025 14757 1642 19571 19411 13795 7785 13323 15751 3052 17017 5686 4641 12767 14105 11169 2091 12704 6349 10322
17077 1463 15833 12359 18197 19247 7497 7946 4979 8765 14568 8547 6572 6348 4036 2335 18170 13665 14906 8385 14387 15457 6753 4694 14980 8060
11438 108 13933 2237 4232 16452 13216 2226 17843 8304 15228 14823 7331 10963 7836 18125 18080 18505 16183 13942 12846 436 10202 16112 10509 8471
857 12703 1038 11482 4992 12812 5450 10851 12715 10765 17343 5532 8108 5990 18595 3955 720 7650 14133 15165 17035 11178 13200 8320 3531 499
13116 11441 5072 9960 7186 5561 974 15523 68 2364 12124 7917 11738 766 7889 16591 15838 16366 9925 2083 15674 1950 17398 11632 19670 19642
4514 13064 14954 12606 10724 3545 6325 8072 14190 5070 6551 11686 18609 354 4984 11340 15429 902 13463 16822 6000 8260 12869 17594 377 17081
6788 10912 11078 4705 14268 17381 224 18012 10788 6783 19797 18662 17434 11356 6293 11654 7499 3200 11413 3779 16570 11161 8025 4111 7594 16065
5921 17662 4056 474 8006 864 10811 3866 991 13625 16884 5160 16757 18182 5413 10106 17767 14437 12191 989 18581 763 3027 3830 14088 5948
