365
81 76 94 29 78 11 22 84 99 69 23 30 75 12 20 94 12 45 77 63 88 70 8 15 93 82
2238 748 13391 16625 5677 15159 13310 2181 16846 16524 2370 4643 17832 11167 8073 14963 408 9901 5000 4501 12799 1264 16649 16054 16316 6042
10378 17792 10571 19123 5621 12629 2276 2624 5905 15181 8510 11947 18064 4173 934 15526 6352 17665 18129 12036 10155 18912 13856 19828 277 17765
10740 13701 12565 6479 16148 892 17319 3372 840 2321 9523 1942 8819 9461 15215 14664 13325 9142 6249 11754 8630 9048 3648 8525 13840 11540
3216 7263 7353 8830 16254 14643 3497 7729 6799 14212 16761 2245 9004 14034 16061 5859 9289 14029 2393 11713 19297 16056 6945 2867 6225 1969
3782 4244 1693 11816 6217 1767 7234 3872 13451 10246 17099 13764 14167 8719 6902 19458 12604 18501 4357 10901 10796 11639 11624 14337 536 14249
137 1156 11498 2336 14976 8564 3026 2146 2626 5747 17427 18545 11725 5696 1711 13818 6035 19594 11395 12106 5240 13493 10468 2419 6623 3257
233 11031 2269 3470 11467 6262 16182 18306 5836 15981 3327 445 18319 19042 15828 12062 6501 17960 3990 11666 3159 17432 3837 18077 14642 13967
7109 12078 18778 17522 5777 18300 582 10467 9108 19531 17056 15138 316 3324 5142 14254 896 16747 14125 8564 5240 9885 15679 8565 14974 2660
19119 6008 16589 13793 2756 18070 11151 8017 4901 8223 12887 6693 9910 6495 13585 12536 19974 4417 9812 7595 6834 3078 16869 7089 6151 16277
18481 11153 18259 7704 8146 19001 8759 15100 14801 3496 7437 3016 7337 2710 8660 8258 19208 11108 13730 11240 782 17756 19440 12618 10769 7432
2946 6522 18697 2254 16856 5395 7190 8862 3264 6395 9772 391 5656 4362 13113 11833 183 18817 6253 17933 19223 12791 15230 16206 3257 13990
15611 9562 15155 13364 15033 12986 14881 339 19025 574 13147 3521 17615 4828 11938 10033 544 4355 2780 2802 5281 669 2310 6144 15413 6935
14309 13927 13925 2024 10662 19695 17796 12943 10305 1868 14035 4655 10606 10234 14393 3656 11699 14692 3227 11883 7692 12275 17578 15806 437 6743
15590 1792 6827 12621 16196 18403 13566 2421 3250 1402 13235 4750 13830 15452 9480 11296 15190 1087 12376 2666 2694 5968 15702 5021 2222 14418
17099 13379 13962 16765 12764 11860 18288 352 9591 6764 2154 8368 5700 11507 14582 16515 1726 10615 15030 2302 11837 5289 4461 12644 8271 12538
7122 6348 8153 15474 26 14855 12565 14993 19168 4251 7884 102 6335 16737 13247 10443 3212 3308 14408 18107 12332 3097 14601 15531 15448 8989
15321 7700 977 8271 10862 15461 735 5437 7021 7797 9874 16076 9680 18575 944 10733 8165 6121 8733 3994 3880 1650 9251 7846 9028 11214
4028 15314 18528 5410 11896 712 9915 265 13899 2992 15171 9890 16790 18612 1770 4267 16223 6450 14359 15299 9045 15512 11685 327 11211 5774
18495 6918 12199 5802 13263 10076 18824 2899 8588 5300 17337 19994 19417 16516 17278 5104 11463 16366 6590 9686 13104 11210 19819 7866 10771 13405
17953 2746 1257 14773 18124 7368 1602 18540 591 6585 602 508 9860 101 9336 4709 9949 6246 1999 3322 10131 628 8519 968 2967 9546
12187 3363 7912 10065 9883 1756 1551 16013 19957 5565 18327 134 9200 9226 8252 9791 8675 16822 3867 7943 18630 8395 982 16546 8416 6325
2319 11264 8189 4550 10112 8426 13244 14126 17727 1336 9268 1034 7322 12665 2092 674 8337 12418 13206 6881 10208 13305 283 5719 16293 16354
9144 12382 8184 2432 10347 801 15568 7153 13834 5828 3 15135 5085 9451 1828 4634 14633 3347 14404 17926 17920 16942 16705 8735 1676 16953
1646 17304 8289 19939 10083 7903 13154 15892 2944 16229 8925 19503 6599 5235 7096 1668 5253 19161 14729 14582 16302 9249 2873 5244 16705 12156
2686 15222 18732 10710 16968 3482 8756 16669 11851 5078 16173 10091 7012 9633 1082 2441 17744 13762 10069 627 16227 3102 12486 8416 16736 4238
9165 17293 13758 13378 522 16001 17688 2297 18863 14301 1727 13392 14468 3743 6774 3736 2087 15392 7411 3807 431 9048 8763 3923 17112 6139
16569 9822 12832 3771 16686 3130 10421 15914 5115 1622 16030 13683 7009 9071 14300 18330 11478 7650 3538 1686 14411 3102 16306 14997 12237 11300
15760 10732 7668 9034 18523 7906 155 2158 13893 19378 5898 17428 17211 11628 13777 1834 4688 11211 14328 1087 13299 18524 7193 3077 14856 4042
11831 17168 5356 11150 15746 17547 19286 5566 17310 16572 13764 8049 16152 17496 5961 17683 441 18174 14991 3721 19048 17317 10611 14651 1740 8373
3749 10750 18394 7859 3075 1083 1318 16461 12439 2857 14699 5096 6999 18140 14658 9090 7978 13174 19686 8509 2597 15598 10190 12267 7490 17672
1946 8713 1302 18162 3265 17889 7485 16373 11367 3531 8420 7383 12019 13168 2201 4116 9350 5177 15564 18926 2897 17406 17072 18289 9665 13213
5119 743 16768 5546 2575 7047 13149 4010 10157 4743 8160 12323 13717 12601 296 4621 10984 16652 4652 2857 6933 13273 12595 11821 1226 16765
7245 2544 9568 3039 3799 11801 13343 4616 303 410 9185 7310 2466 18234 3974 963 12159 11655 3942 16060 11215 2986 7788 6423 7665 536
3405 5430 10427 17635 11942 18907 8601 5504 5245 19752 12677 6495 1589 18424 15180 6779 7408 7396 11775 18294 5645 3265 13958 19921 9802 19258
10758 19496 5008 6411 3722 17784 396 13526 9241 16225 4378 9593 19828 19241 1984 6383 4104 7538 14784 7290 18491 17784 5482 5170 18333 11952
3494 10087 15086 3213 16466 6943 18381 14618 8972 12238 19223 18660 19391 15448 7625 7362 5791 9691 5025 15988 1090 1816 19881 1252 13570 14110
12410 18373 19870 2171 3180 10942 19358 11828 8479 6086 1424 17934 17435 16385 7513 11436 19106 8454 1855 16409 9498 8445 7739 11509 10954 7075
14773 16293 14602 12366 4974 5601 12003 15122 19431 3065 9016 19132 15730 12490 19152 7389 19581 19886 2739 7634 12023 6046 5507 4073 10309 9950
19157 15747 5985 17890 14213 11388 16005 9339 2203 8440 4521 13091 4635 18818 2401 3128 6796 8451 4097 14782 4425 3821 13053 16835 18479 3869
10827 4070 1635 9656 1854 12437 8470 58 13858 7043 13173 15982 9736 15795 12939 1211 3868 7989 14776 4658 5848 5445 10283 3433 754 19331
11622 5844 4467 15986 4214 15651 14198 4224 9593 13791 14274 1709 8827 14208 13998 9723 19478 719 10649 17697 7847 2341 18992 8442 19136 7098
13854 14288 1752 644 148 698 2000 14295 9565 13017 13371 330 7977 6544 3835 4410 3167 11078 14497 19403 5653 5320 4053 12046 6769 18061
13162 9657 5061 4976 1250 15677 249 1479 11886 18184 18556 17168 13433 253 19465 14285 1043 8424 19903 12581 7610 7284 10783 14014 17009 5125
7769 6253 15069 12176 6491 7193 3857 41 713 10741 18133 19178 8392 17048 19 17694 16570 671 18586 14171 6257 15960 18137 13796 8787 4315
5768 16304 4978 12826 12027 10779 11543 11959 3449 17656 7232 19409 1812 18658 13895 17977 12764 10447 18309 18148 16313 9847 15708 4681 17257 14844
15328 14318 7953 15240 18724 11844 2341 6943 4345 2436 4327 1231 14829 15000 1285 1119 7219 668 19029 5829 703 1702 13133 18141 14319 19916
13662 12993 18745 6000 15629 11432 7520 6698 7281 13926 13692 8852 1151 8011 11242 12301 12806 5373 7645 15437 16795 9948 8462 19499 13783 17771
9332 7765 10969 13146 1078 5848 17492 1728 2733 15378 12350 5676 6220 18410 10724 10107 8009 16597 9375 12553 2489 11987 6443 1374 12514 1051
1329 3829 483 9800 11300 9506 6481 8192 11310 13677 6494 15287 3909 11689 6996 5640 14585 6840 3663 1715 11160 15604 13595 18682 3711 11032
5277 6005 2130 804 2036 7167 13140 5020 12570 19630 18078 19317 5704 18428 18268 6636 4075 5347 8846 13122 14798 1163 11595 3569 4840 9907
19655 14856 15109 8554 4518 2038 15733 12580 11321 8822 145 17803 14056 4123 9875 18389 14018 19681 7072 698 3849 4107 1927 15774 19337 10403
13940 3639 517 13210 19199 16484 1039 13663 3762 14134 6277 8853 12184 12677 11180 11805 16983 5585 7487 14078 8617 12406 5073 19566 10161 19431
12986 10844 14961 9163 6249 19823 4061 11583 8095 1126 5713 12844 10791 12791 1415 2581 3839 3673 7777 6300 940 8167 3696 18589 5141 9016
1148 18773 3928 6950 746 13464 16109 12446 11892 2365 3456 15202 12789 13539 2962 14631 7694 3310 18867 7542 5602 453 15822 436 17230 11674
16294 3793 18964 7003 14348 9842 18706 15433 12436 17737 3470 5761 16323 13386 9771 10937 7466 15445 2689 6515 15352 6922 2162 8380 14987 13335
5577 1749 14478 4903 15718 15943 6570 19637 16919 16791 16651 11250 8162 10181 17610 3644 2717 19976 17159 50 16622 7316 9128 18641 4879 9696
14308 3147 3067 7997 14614 13686 18140 7826 5780 9518 13510 8250 15626 16861 5236 140 4352 13615 4926 3887 13877 7762 5007 19657 10938 2714
11554 2009 1721 5692 1791 19757 12576 4542 10958 11280 8414 12234 2684 7493 15974 14419 9768 7616 12965 17779 11768 12492 2890 4575 14949 6548
14164 18870 15862 8732 15729 11500 12400 13766 19977 11077 16080 18185 10574 5862 15952 2826 10823 19368 4004 9453 14164 13731 16032 9109 16897 11257
14323 9092 14305 18825 6266 7611 19067 15702 13448 15721 17284 10175 17158 18961 11488 12757 7252 457 17258 3057 3993 10888 3883 9647 14337 7817
7521 16829 11744 11465 480 7278 13617 2023 8518 17672 2241 6132 4340 16621 14656 10769 3480 12345 6201 9741 2645 13257 15533 8699 167 1027
18875 15392 17519 10904 10260 14219 16508 11156 15378 18864 14679 13919 11720 15243 5209 336 6023 80 14134 15806 14165 666 3455 1348 18307 5045
1842 18843 14780 11765 11038 9460 619 16820 13037 15157 13655 18729 7597 1965 17057 2058 992 6422 16469 19510 2331 8261 11217 2213 11965 6084
13347 15330 5816 1409 5451 8010 13455 12462 16346 4158 11492 19788 2538 384 3314 2980 872 11365 389 11557 11116 12730 3232 3819 14563 15946
16198 4795 1550 3252 9576 19119 7543 16907 7782 3777 18458 1541 13099 8257 5846 18323 16166 18996 14173 1740 10333 12554 17509 4167 12898 9033
14004 14076 14536 17525 17354 2513 5542 4468 8347 10113 7390 16716 13904 1147 19598 14881 1662 2179 13266 14324 2503 18158 6040 14848 13880 14415
4334 673 10936 4664 3514 7056 698 16938 9823 5581 3045 19223 17603 1831 18320 18752 254 17428 8972 2826 7418 9842 2874 88 18532 19714
12779 13186 15998 12827 3818 18932 17462 17936 15618 837 233 14802 7459 12448 14477 1356 9621 2638 7695 16485 12997 17602 11071 7560 3776 18093
5880 17882 19169 18545 5419 9237 19516 7428 11296 19946 7586 1436 8600 7768 4430 18114 301 5163 15105 6567 11296 586 5141 10720 23 5800
19832 2163 3817 8430 11508 17780 6278 13579 9805 1086 5887 6743 14197 13016 962 8521 12382 19974 10054 1260 18756 17640 19343 1146 11113 17312
9090 14355 9052 8512 3141 1422 5742 2658 11414 9711 5315 3389 5074 17807 6599 11028 4880 9541 2596 10306 4827 13424 609 6615 13609 18203
670 14015 9696 2344 2091 10414 15284 15686 18053 19219 15171 18702 7334 6923 739 10164 14385 4864 18902 13274 8228 3900 2617 10612 6606 11125
11031 8607 18264 424 7331 1923 18997 15536 4437 5268 1476 14014 9328 4410 19184 6479 17381 13427 4777 2985 2750 32 11691 12318 3228 7127
7245 3179 4180 18926 5198 15034 6363 18872 5235 11786 7135 15850 4130 8152 2554 797 4155 6207 7313 2941 29 11676 10428 19946 4281 10386
3997 18896 7462 18850 2838 14405 3154 4891 14492 16104 2120 1261 7033 7669 6339 6391 2843 17214 3889 3185 14756 17582 2559 12130 18304 1583
9449 18677 2240 15742 12568 10354 9069 19343 7989 11686 1370 17858 2832 10298 10955 1347 1134 7395 12781 11459 11096 10885 854 13886 19201 15222
9366 8289 16133 10243 10214 10846 12825 16095 2711 15362 13550 9607 19709 15364 7147 3206 6453 2071 4314 9632 5307 19288 11679 6006 4624 8425
14444 10957 10589 8279 5 5860 12558 17142 1572 4282 12801 11179 4076 605 407 17488 309 19925 12203 13991 10648 9492 2749 9449 18452 10689
7393 18628 11409 8571 10345 4982 1538 1258 8379 9936 7645 9862 4091 17494 12475 13100 1715 10771 17339 679 17816 1428 5621 15895 10668 17830
9035 5574 830 68 3145 7595 3880 4965 4691 18288 4648 14022 4620 10915 15519 8533 9486 5443 17916 11402 18144 9873 156 15000 19267 10912
12050 10877 12600 9641 11898 13375 9394 8209 14514 10256 3592 10045 10432 10146 14758 1883 16723 12136 14810 10754 9720 5336 270 11354 5414 12897
6101 17956 6827 13905 6630 19479 5883 8606 12962 10293 6119 15469 17508 7216 4210 13413 18968 15336 2328 6060 2453 3191 173 7535 14454 12952
14107 13084 9788 6587 4529 18063 4316 17740 12974 715 13055 5236 19123 16722 16725 10664 469 8279 8080 5294 16953 1918 19322 19364 5669 7038
6401 6785 2974 4810 19073 17809 2530 45 4076 8071 234 13480 3954 6205 7640 9988 10172 8364 12584 5207 17172 15834 15349 6227 13102 5847
10079 19278 604 11579 13579 12754 11020 13540 16365 8226 9367 14029 11666 16578 16947 13292 3072 19604 14978 6096 13183 19195 16879 11197 9580 14017
12539 13199 10009 19615 942 2184 19730 9041 15812 14265 3398 12880 8737 11926 15275 10579 10670 14167 15887 13697 17220 15218 17148 7484 15244 8459
18249 12609 495 854 14288 1755 5872 17869 13919 10653 2172 12691 28 6587 12273 17002 17588 5128 4175 2617 8526 8042 17162 10562 14923 19296
16153 4442 2031 4558 19158 15063 14523 1350 15485 18554 17886 10070 11721 19165 14769 1070 15196 12277 8470 7120 11828 5297 11210 19049 9541 1989
17781 15132 16869 13551 12699 5556 12426 575 16371 8353 9998 10524 13334 19959 6090 11159 15532 2928 12420 7549 11853 8628 19599 13736 15054 15124
9405 12602 568 16750 10591 5467 12624 7834 14295 9293 14957 4621 16857 16962 8001 9160 17626 8413 13490 17126 7797 17876 4832 4546 6394 6969
10914 13176 19144 464 11797 17028 1575 4848 443 17516 19110 5952 7805 12331 14565 12461 3298 13852 11858 14613 5081 19671 6528 8196 5893 2225
18488 2411 18909 5716 8708 8306 15496 11178 11233 19962 2633 2767 13003 11224 15546 12864 17818 18663 9774 11864 479 1037 8511 3723 19215 19920
9862 2920 674 12268 15352 2691 1673 19927 13044 6580 13884 10998 15551 15947 4021 3157 18354 2905 14615 6200 12051 10660 3809 5291 10345 9171
7137 5605 10875 312 13593 12312 11367 2569 188 16457 15881 16661 5779 11499 15422 3469 13631 4328 6939 11521 14463 9633 9501 14972 11184 9072
1122 12894 3883 15467 18517 10039 6086 3368 18529 7898 8523 17591 1453 369 11996 19733 1825 2791 5408 14698 9245 2132 7448 6565 17214 148
4053 6807 11491 10223 13873 12047 13371 2811 16040 9896 7287 15569 13782 19067 10731 15118 15260 6084 13971 14595 10984 3062 8734 13249 9992 372
11256 10270 4778 6323 165 591 18919 19552 3514 6535 16539 16223 18045 4692 8406 13215 11474 1962 14024 2567 4960 8763 12532 13482 7678 1307
12393 3755 7807 17385 12129 9502 7154 19032 8679 12890 19924 16408 15077 14456 7450 9232 6073 8607 9828 1633 5755 10842 1756 19193 17647 18151
3535 11583 13127 1888 13253 12920 12144 4674 3255 8487 7447 18960 5344 5750 8190 1817 2908 11260 10329 18600 2622 6302 19153 11829 2328 7184
4492 2839 1517 6781 15710 8942 10748 13400 10648 18582 17734 4536 1590 10614 14593 1031 16070 13109 4364 12145 17789 5361 19595 5941 17848 4612
12467 11161 3909 17743 11223 6123 4364 11056 16958 3715 3055 11620 3612 16667 1345 13050 7164 13030 11253 19404 17955 17956 18367 7828 10910 6897
13787 2580 17493 2462 3648 14310 4852 18535 13226 10504 10938 17639 7854 1014 15140 8734 3612 9323 10106 4339 5668 3430 7 15523 11736 10989
18312 1205 4986 17550 7946 4316 16751 2406 16237 1411 14337 5491 10399 13558 15772 19815 18711 4622 9414 613 7948 4421 1712 2892 16151 6272
17232 4601 5404 4352 7486 19829 8582 18653 10826 16539 18809 18185 15110 5745 13386 4457 17329 4103 7735 14561 14069 10582 9343 11664 9911 16231
7803 7772 10773 18375 13111 6795 15692 2257 14534 5898 17176 1394 17560 12184 18828 11313 9711 6990 7887 12475 8052 3904 9796 11438 3861 17131
15504 17351 1193 3240 14567 14706 18498 180 13253 16620 5692 2664 18619 18452 16894 11600 1687 4324 9138 13746 19491 3123 5796 3853 6389 12795
13953 10822 18640 824 6640 2763 15481 3891 14637 19409 1209 12860 18561 3868 5002 16213 13009 5745 6580 18039 1470 13877 14087 13445 17021 4720
10424 2387 11979 4109 1180 9471 18849 12357 6086 11928 2985 3325 15322 18178 7618 1281 14582 11739 3852 13183 12759 14899 7890 5194 6728 7161
4949 12402 13951 2761 6509 15449 129 7056 16204 10327 1578 19514 14451 5271 14577 3560 10383 19340 2755 2876 10211 5964 13587 2061 12816 9611
3989 13451 4648 14189 16812 3139 14029 13888 10022 16261 8405 11877 4325 9016 2104 6130 6677 1383 10590 14500 1839 17367 18116 5766 5389 18631
10127 12775 13850 9443 2969 2614 15050 11455 19705 17936 16868 405 14364 19797 9142 8899 15271 12542 516 10957 17629 12846 11844 14078 4588 9847
10101 6967 18759 7271 7515 19582 17784 7005 12524 9071 7420 13672 18268 1480 1793 15160 15371 490 17074 12801 7183 18941 19231 8172 17417 3172
4410 16632 6148 9567 3358 8155 9250 2454 4340 2782 1551 13472 12668 4655 6725 17719 19247 6365 11668 6382 859 19446 18750 7711 19890 13800
12291 12364 1222 17383 15703 17246 8607 8297 14809 14084 4110 14432 9517 18612 15205 6238 3947 1101 19101 15728 8462 11852 11807 19865 17000 4495
9202 9523 16603 10463 18128 2632 13148 10812 2410 5355 810 1720 436 7197 19899 11268 573 15207 4063 12441 13650 14897 11419 37 15451 2068
14549 8321 4090 10948 11325 7587 3228 2963 16295 19502 13588 5348 11289 4928 1692 15692 1924 3499 129 5976 3027 5764 5719 17528 1640 7783
10451 13651 5461 15533 14158 18346 4664 1903 6586 3315 10191 7042 16598 17550 10846 9343 7673 8659 1858 6752 18717 13557 18979 6127 13338 3012
8682 6791 12015 11604 11697 18231 19707 2381 4994 3935 11015 10496 5774 16934 8253 15600 14254 10064 2089 6340 18804 19859 13923 3600 13675 4016
7061 14587 10212 822 4128 13435 7768 7531 19159 8775 16954 15705 7739 10513 18564 15331 19320 14055 11702 13838 11764 6382 15578 5914 3156 15764
13372 4419 10499 2318 11101 7590 7251 15360 16236 14724 4042 7302 3855 12939 16955 11664 11426 15152 11548 14708 12703 2262 2513 15054 12451 685
19693 5097 2308 19055 13414 17231 12510 18091 19721 13566 14052 5767 10270 2819 9765 12910 6864 10521 8885 7973 14060 1086 8123 7218 9202 15222
8630 13404 9146 3363 9434 8374 12922 15168 19827 7858 16943 12504 12847 19841 14477 3027 2462 11341 17961 15598 883 3239 9340 13355 16405 2807
801 14646 18276 2865 9960 10792 1670 9538 3143 5147 2497 16359 4087 10874 8201 4256 956 18597 15630 4377 6492 6581 12194 7488 13378 12553
13973 16224 16511 14764 3075 1307 17624 16921 4956 2938 17591 19799 16542 19235 4357 4271 17370 11767 1726 16277 15930 4880 5634 13902 2534 11372
16731 13774 5454 3468 13549 14002 19372 12382 18752 4303 5529 15419 8670 19327 3344 3563 12338 8426 13216 4009 2329 9320 6936 7092 3138 15919
7671 19319 19526 16538 4881 6608 15223 8640 164 11061 8073 533 11298 651 6628 14341 14025 13270 14192 14518 18352 9573 4809 6946 7054 4243
14946 16024 6872 14934 8141 14707 3187 18232 5259 10135 14523 10061 12095 4805 5363 5609 1682 10773 5850 8658 10050 5151 10660 15771 7016 5122
5032 8156 11326 19743 3688 9511 8888 11335 17260 13184 12630 4967 11339 11413 19187 17985 9445 14872 18769 18468 19295 3793 7790 14328 18297 12609
17603 82 2056 13845 9287 14780 2785 6147 9084 19548 1293 15607 7638 14481 6014 3390 12135 986 12426 3483 18990 9387 429 10751 670 19757
6032 10376 12582 6785 75 14187 10829 952 18594 1858 6417 9881 11631 15461 9756 11449 5010 1866 11492 18660 4215 425 8511 7002 5710 1464
14403 5590 17392 9415 16518 12048 4491 746 2513 10183 1133 10898 10647 17239 13810 19377 4867 16866 17444 6239 16355 2095 16628 17036 2999 1436
9451 2914 2504 6385 17499 14970 8330 14625 6949 12874 14067 4074 946 446 11785 6638 814 17657 7356 1538 373 1175 1633 19428 8823 13415
1372 14337 1927 3869 3631 5509 6471 10437 11398 19402 8487 7533 5948 5910 15202 6424 17712 16642 8637 6925 11302 6258 1471 9107 2214 15683
19817 8482 8701 7094 9828 11344 5988 5060 13397 16891 2494 1956 14401 14306 806 3124 18564 11480 12143 17547 15170 15275 3686 4514 17129 16742
16996 5077 17802 15731 14727 1186 1329 9031 6712 19656 12279 2797 4668 11366 431 1900 18490 18803 2197 12078 7662 7804 6995 1232 13067 18842
5852 2363 2708 979 3170 13718 9570 11045 19813 12674 2773 7261 8176 13077 17999 16624 4857 6017 8398 16286 2148 8513 18807 11667 17250 3276
1908 14016 15926 6981 11971 6258 5978 15678 15592 5235 7437 12246 12624 1163 8958 9105 19941 12665 17293 12764 15313 5769 18844 13642 6482 2197
1503 12614 4457 10986 12558 9348 7962 7052 1666 13366 6798 596 5832 11008 12698 7128 15830 14384 1488 471 3797 2082 4496 9379 13985 2550
16657 16941 17902 6483 2328 2871 14074 4580 1096 14613 19944 13867 17370 6814 15008 4625 3821 17104 9604 5437 18173 12267 16007 14138 12617 5630
5790 11195 17712 16516 7027 10582 7158 16499 5443 3256 10569 10335 12256 18559 15893 9711 16103 9067 4437 13442 3386 18444 8612 16140 860 10486
1944 13402 2273 7075 1018 1047 14098 17258 18335 14325 9328 3573 4486 17689 12868 9518 13706 14597 6297 2431 12028 15202 13037 2083 18986 18968
5715 14167 7131 15397 661 12467 8953 2791 14701 8787 3788 3901 9349 16921 13146 15646 12426 16650 3544 314 11791 16841 12979 1955 4909 19712
1234 559 5119 4869 8272 1608 16803 18513 8112 17612 13495 14508 4956 3831 2654 981 11365 3284 6666 1641 2992 8346 12865 4366 11522 14431
13497 6707 641 12552 19370 14469 1372 2595 14476 16326 13269 3941 17140 11659 16369 19022 2634 18899 13606 4311 19265 4921 6887 11305 2209 4417
9338 4222 5575 10734 13376 11328 16264 3138 7407 18088 10721 12527 434 19994 7807 16470 10881 7425 5679 6700 12189 7881 11017 13140 16986 17456
4255 6430 1062 19223 11208 17319 10920 10587 15245 8300 16018 17974 7651 18527 10464 5413 379 10619 301 19412 3852 19679 1687 10080 8847 11897
5643 4396 17625 2114 5861 17216 17749 10868 17232 723 741 16004 14297 10716 14250 4528 12887 10544 19831 18153 15108 6059 14137 7712 2323 7871
16845 15019 16613 7707 6915 2782 12713 5972 19395 543 6749 12729 6020 16561 6712 14184 5211 6389 3354 6441 554 19747 399 12346 1981 6036
10251 14059 6828 7427 9805 16369 9527 15613 221 3335 9630 19197 8447 11903 1811 18539 6940 16967 550 7470 3458 4605 9277 13564 17306 16759
1865 18376 2931 916 9276 17592 9661 16357 7056 13796 2960 9632 7223 11812 16460 14952 3138 3274 8304 13740 2415 5492 17159 265 5473 4623
289 14693 10379 3647 7802 16408 19306 4311 7889 15946 10363 3679 9893 16515 10346 18630 14673 2745 148 4319 7668 8470 6100 1588 8423 4548
3778 5346 15604 7271 2845 10463 11819 13373 18815 3200 4197 2905 18822 7668 19216 5637 10006 18488 15176 3468 19546 2117 18031 11754 10940 12415
18167 2180 18251 9045 12688 7788 5979 16513 5991 3580 5778 5956 888 4462 1068 16001 14420 12637 487 10722 393 3041 3537 19542 13851 9251
12471 17158 14255 15813 3329 6780 561 15509 6176 16646 443 2064 1013 16248 18943 274 7307 11187 4319 3214 10393 7918 2505 1639 4323 17804
6242 19820 7097 11500 13840 15835 18096 17735 14162 8921 6563 2150 5149 18421 4449 14559 6245 15593 19577 3025 2014 19810 9991 7389 6619 13846
2188 10278 7450 2091 2607 5150 921 10530 15283 6364 10016 1851 7940 10357 1303 11974 18059 4198 11158 16707 19144 18693 5717 17365 17390 1121
11268 9348 16130 15060 13906 16972 11969 19145 2856 10026 1086 9646 11836 19931 2532 15243 911 4005 9942 15684 574 194 4633 716 138 8619
13660 12707 100 2834 19828 3059 3215 17188 17312 2849 6752 10714 8170 5048 7577 12974 11180 4190 10270 19826 18381 19576 6416 8138 7524 920
3110 13321 8152 5122 11959 17956 5552 16347 1770 14840 14999 19223 4124 10446 18106 13911 5638 15460 355 6537 5612 15966 9494 8070 13096 2907
8444 11076 1721 8786 3104 19603 12684 8791 17264 2546 5201 3495 18753 3365 5380 431 4918 14287 6673 4636 13351 9653 7589 11599 12400 19799
13148 1530 12528 1070 6467 7745 1470 16642 2488 1438 12274 18653 6954 569 10970 18802 9204 6410 16145 7044 277 260 758 10240 12822 19743
15457 14417 14757 1935 15411 18361 9758 5041 9904 7610 3036 19884 17678 16245 11600 13437 17736 10368 19340 3386 6921 6080 9375 3213 15665 18973
17704 19767 19642 19563 12020 10060 136 14115 19244 8091 5623 6840 7746 3045 17303 9780 10632 7400 18204 8330 16597 3880 19889 19201 16268 14062
14482 1837 14380 7242 18800 16320 5879 7325 4542 13813 9859 14315 18350 11274 13921 19278 9203 4159 770 109 17947 12017 14950 5542 19877 13180
5318 14295 18198 19833 13788 11488 10768 1895 14061 9070 6023 19919 12914 11010 19053 9590 18720 12627 7466 8421 9668 5933 8739 14547 11449 7560
16727 9062 94 9685 8168 5346 19515 16325 4704 815 16293 7659 8001 7531 7981 4002 14110 12176 3062 15476 9892 10328 1091 13739 12111 7323
9499 10746 834 6247 1365 7462 12092 16190 10895 3785 12753 6786 7653 4594 275 4014 6088 2553 6243 7136 18994 2567 12915 8763 18798 15944
5144 8829 2252 15276 17636 9022 12927 347 8836 8739 15229 12487 18083 15296 4237 5600 14557 3168 11012 16815 6247 14044 7716 11238 14938 370
4544 4027 17791 2514 18076 18106 12885 19231 5160 1832 12495 5973 14941 103 8313 3287 16889 4936 11966 5280 16567 17565 7164 3352 3336 4526
11427 4478 5944 5701 17843 12779 328 11470 19919 11736 9085 17766 220 15594 1208 14506 15853 2486 11174 7255 16635 9471 3673 11320 2506 388
12890 15260 19087 12032 15115 4239 5237 9352 19170 17176 13200 18188 14315 9916 15640 11135 5544 12651 15264 10077 18200 5160 10434 828 4923 13197
9551 6747 13314 4918 12754 17513 2704 14969 9369 19515 4861 3458 6662 4288 4373 5221 11621 12043 3994 4646 11145 203 17557 17092 9729 5382
3329 4883 7034 861 2842 420 715 11672 11756 8104 19997 19756 9187 18649 17176 4510 15664 3263 2059 11438 8422 8533 13451 1645 18765 18467
15821 17733 95 5093 9636 11502 5063 19193 12357 17889 9098 18604 1646 11775 14459 10716 1451 5792 16997 4779 4389 15673 1611 14509 14928 19713
9495 9103 8356 4507 8943 17611 8905 10256 17842 15187 2773 16877 632 6336 14119 13212 2351 16686 19571 8278 17274 7521 8211 14866 4937 669
76 11039 10121 18988 19611 12684 18827 19257 5641 16934 5460 1974 2828 13104 3692 3365 848 778 18008 9422 7204 11000 6371 8723 15132 19839
4119 10338 17302 431 4118 318 17432 17523 9700 13004 8437 14344 6824 16281 15978 65 2656 18326 13810 14388 18819 17614 18905 14554 12361 14454
16440 1340 9656 10662 5987 9877 16078 10796 4912 2954 2309 11001 19707 13074 10384 14634 13393 19746 14852 4700 9677 5348 906 13491 11282 11039
16374 15016 3421 825 13663 109 19331 4459 2299 5719 10627 13470 8290 18289 19751 6124 16092 9731 8096 13369 8264 13736 19276 17460 1670 1002
7212 9240 4255 12716 19353 9323 19418 4635 1976 2148 12746 17361 3504 4448 3172 15966 10813 9064 16666 3736 18105 1057 15841 2389 13863 10618
3896 12971 6813 4258 12992 4173 3744 9887 11747 10150 17434 19568 17358 7373 1599 2996 14731 9094 10848 1083 13075 8746 1794 12782 12841 5605
11202 10156 15555 7089 6058 15002 4007 7065 10553 17371 17266 8100 2750 19664 9987 959 15698 19762 2790 9283 7633 12980 18550 10329 6509 1640
19867 15125 8184 19293 7348 10744 15012 9213 7049 17333 13184 7169 18979 5280 16942 6561 2630 18610 19008 4942 2907 18149 6643 18989 13380 19926
1807 7200 10914 19250 19036 5229 4496 11539 16477 3582 13860 11708 16985 19879 8458 15606 14085 10250 18384 3300 933 5769 13334 245 11513 8323
36 19598 2459 12791 17898 5377 18496 6878 17785 3714 8172 4354 18224 8620 19980 18217 19091 7218 11458 1488 19867 13440 8720 10300 17412 18432
8986 3848 4238 8328 1497 12449 19645 11749 2502 5805 3479 7219 15412 8755 19508 3860 6762 19618 17541 11716 3078 16669 2517 2124 8407 12113
13998 5186 16880 13817 1104 9828 10419 4398 5828 16806 804 15073 4520 15380 17789 3301 13046 965 14895 17584 1437 753 10713 549 6062 15095
10446 2998 8869 4114 12315 5419 9762 18119 7951 10804 19572 3246 3522 13208 5079 5683 9250 3540 18040 19090 7296 7984 8478 9221 8568 1217
10294 2186 14926 8162 7671 5832 4734 13545 16554 18189 4651 5251 19487 16701 10651 923 4392 18605 19254 12492 6106 13008 5816 16660 4636 19881
16616 6791 8476 11123 14688 893 17649 15950 7396 14047 8658 19563 11674 6388 1425 7945 16938 1961 9549 6227 18864 19190 11129 16362 9841 10698
6348 15530 6234 4238 10008 7519 19603 13180 2263 11522 9524 7618 9490 18510 6224 11466 7233 15800 3974 13376 7498 13709 6590 1398 18043 13221
16565 10751 17652 12734 14702 6249 11367 9146 8359 18036 1609 3828 16282 6267 2569 10921 5598 19479 13265 19526 13735 12794 16980 17667 9862 19856
13012 11137 8997 5971 13136 5248 10469 18514 7512 18083 9353 5444 5791 18188 17750 18708 10467 19196 8514 10988 4321 19785 5602 13735 2501 640
8644 550 14561 8881 5428 12841 4188 19098 11052 2396 6939 18059 18446 3942 17785 16869 1842 1611 1657 6972 4475 14433 19961 5717 17150 10167
16090 7822 14672 8331 12645 2879 10548 5741 3029 688 3775 6356 16419 4287 7191 3419 9949 16836 8559 15322 18210 442 3032 14776 6997 225
5005 699 14422 3081 2603 1778 11032 18067 1363 4685 19472 15557 15296 11184 19770 8836 11134 18270 3796 19371 12442 13301 8518 15851 18474 11593
2625 14427 19063 10909 12877 14793 3836 10952 17132 2775 12157 11662 18914 1235 17099 8976 14041 15813 4635 11906 2363 2943 7779 651 4603 19474
9076 251 14112 7159 11849 2901 11534 18234 994 3620 1226 13353 7962 15667 15321 749 3193 15602 1235 17564 634 8167 9107 14693 15726 11279
6267 11954 18759 9878 14816 7722 1387 1270 9035 10729 4635 8025 16545 18537 5792 2286 10719 18143 14810 19884 8111 16344 5633 3436 1978 638
18901 15685 7601 8734 18329 13914 3977 2174 16613 6558 6812 15720 15213 16850 16840 12191 3381 15655 3064 16571 2047 19060 5306 12267 9248 12782
114 5157 11489 17631 1108 19158 2839 14043 6716 1882 1457 16838 5575 15475 13599 7566 16308 8738 17967 18896 8659 221 4708 10602 9779 12295
1336 18921 8779 15322 13275 14070 16612 4445 8251 8339 11388 14313 14147 8389 7958 2525 17979 17857 175 17786 11474 16924 9476 14218 17029 18224
6207 16851 61 3774 8693 8388 13149 4741 12893 6691 1051 18223 15701 5058 7177 12969 17336 12244 12878 9241 9366 16474 16665 1762 14242 3085
2146 12003 14034 10327 8165 6875 9953 10405 7927 7004 5864 19625 5305 11872 7551 504 12180 403 7378 2490 2682 14516 12849 8067 7036 1092
3449 85 8832 768 9241 9585 17701 7169 17654 14285 14920 19905 7775 13199 11569 19903 9478 16963 9151 16002 9632 9854 9722 16382 9539 11371
4544 11850 16301 14453 16750 6953 893 2752 19591 18949 1392 16809 13172 3142 2045 6639 19643 348 8231 4573 9459 9421 6114 12058 1673 8342
1842 8085 1174 18135 9985 2010 12616 5057 1156 15246 7588 19530 10352 16683 10720 17793 1943 2331 12327 7026 3809 1405 12957 1680 18878 11613
12046 7222 16729 2054 4709 1599 2774 12385 9316 1121 11758 16087 606 18300 11171 2444 17486 7883 14255 3665 339 11296 18128 4926 6511 15882
12963 11986 13009 7612 16489 11985 5772 12386 258 5778 4812 13226 13957 2797 12451 1533 15911 5560 12393 16808 4976 6910 10714 10298 17770 13703
1015 2497 14513 11011 10375 13486 11533 10577 5416 2302 499 10111 17088 12547 5411 11184 6654 1412 19930 10783 622 7058 1520 16554 6688 3247
11532 12237 1593 16975 1626 10848 19318 19102 3356 11205 7842 5625 19313 8984 4010 4190 6688 19390 7136 8554 17553 17236 4334 19882 14001 7639
3949 12046 14122 6827 4602 13218 9575 16704 17412 4098 11661 1144 3061 6514 17746 1536 631 14125 4165 8821 8684 5785 12688 8738 12291 17444
12555 1997 18179 3973 999 12021 13264 11171 6993 7167 16877 3934 17209 1701 18637 1555 1791 3963 16901 9599 10410 18428 4187 12265 15093 14134
16632 482 9449 15012 14890 4204 1299 18514 15197 18564 15171 17331 16944 4595 15387 119 9698 3911 15239 2733 13563 12288 2398 16297 17647 1515
5462 4187 1107 5257 3960 6087 15255 18187 413 16751 17351 7997 17920 3129 16298 14464 2140 9253 12458 19902 15795 18634 16812 7841 8180 7766
5321 6248 13470 8386 12716 18429 12858 15401 1204 1756 7905 11156 557 15823 19722 401 10762 302 15947 6864 7025 4345 1926 11748 4019 1147
14406 4207 10295 13914 11481 2291 16605 242 5702 14603 293 5012 16893 3602 4883 17538 6283 2746 9643 8632 16747 17808 2729 3595 17224 8826
5525 12424 4157 11492 2492 13199 4443 8961 460 1754 5185 2124 17940 19629 18493 11873 16362 19337 8818 8863 963 1538 19898 7991 10223 8622
7714 11745 9745 11006 3216 19560 17776 11834 10811 7136 14387 11897 18883 7168 16606 14107 619 1633 8267 2045 5889 14015 5877 4702 17584 8008
15245 19046 18438 17482 4073 9846 14133 19482 15465 2306 14371 6724 524 12072 4827 6826 6639 14876 9727 9442 1755 1377 8254 3999 366 19708
16204 2287 16341 13217 16289 3968 7291 17505 5644 19775 10553 15895 4844 7179 3681 15078 9617 2081 18246 1736 17947 15765 14358 2205 19508 8793
11396 15781 14747 15770 15502 765 16522 5408 5366 17975 6518 1828 15900 1995 13618 1446 201 12745 8541 15841 17913 2175 444 12944 17690 9134
8402 11518 15258 11884 14646 1344 8917 10345 15753 7004 19131 15018 16078 100 4910 1564 17205 18007 5587 371 15896 10994 10607 11195 11174 4807
17039 19311 1041 17520 7343 3130 16439 7201 11932 13431 18934 16676 12012 5676 8367 5168 15982 4930 10982 10356 12640 6233 19198 750 18673 17514
3404 5187 1115 4019 4233 3722 10341 19185 17813 9691 2738 10978 12499 6667 17576 11553 8848 9633 1622 14126 13053 12668 6244 128 15492 16016
7584 7966 9527 10408 3255 13604 6327 4935 13995 12759 12876 2147 13031 8011 11862 11977 8700 6008 14191 1262 9773 11053 8902 11638 12204 18030
8072 7590 2405 14951 9419 14575 18471 5246 8471 7113 9490 5029 17687 9424 7770 789 12648 2953 630 6868 19295 6788 18887 8324 706 5159
17046 15195 11168 13277 11111 4648 4631 12849 15235 7213 18445 2613 272 16656 4890 13449 6559 15177 4834 15873 10456 15963 11790 19031 16781 17478
1821 15190 2308 4741 17969 454 5728 1418 6425 6060 16703 8105 4679 17159 16463 13230 3956 11112 7417 12401 17169 18524 12654 3332 13528 3043
6968 666 11535 13884 17389 10698 2440 9788 1974 5711 10173 521 10658 16673 9262 8259 18130 9356 6130 19349 19811 17778 13771 14408 18306 4219
2872 1507 16445 12044 18107 7746 10335 2936 14447 16424 2165 6731 8327 15086 8512 9537 6049 6033 15620 17699 11120 693 3753 10680 18231 3222
1093 18821 10439 19661 2055 9994 18917 1451 11099 17985 12248 13746 15274 6404 19956 9098 14564 13644 11342 11476 18892 4873 3225 6397 4828 15941
8936 2462 15148 720 1385 15576 18029 6120 13864 12597 9239 14969 2586 7580 5934 12956 13429 11692 3702 3271 1507 2220 4347 997 10929 12640
11112 19991 3920 5243 5589 13689 593 5292 18099 17429 5912 9082 3365 12646 19757 158 6874 16192 4418 18574 563 11017 8872 15868 5343 9749
3268 6701 5097 19366 10160 11779 6947 5166 4162 13799 6335 12414 142 16060 3552 8266 4848 18236 17684 4030 6848 2710 15676 1075 15181 7507
3205 12370 136 17975 16085 11713 17834 14802 11720 3299 19345 14147 4130 16571 15435 12730 6608 19037 7053 11357 6037 14642 4329 7940 14139 8386
5129 8606 15475 11762 4138 9703 15097 14399 13106 4246 1276 19709 2192 3067 1786 3445 3412 8673 7126 12889 3793 15270 13864 17507 3110 11194
8625 15664 13242 8012 18682 13866 4670 2223 19885 6340 15374 15663 673 1872 9495 6827 14216 13799 14295 473 18418 8972 11819 4789 18952 1801
18398 18820 6088 5186 9398 16895 7792 9386 13989 9137 1556 14085 11576 15002 9391 10066 7993 6633 13911 4063 19444 9015 16828 8317 8718 6569
14374 19259 17661 8405 4411 5720 8623 9976 2374 5566 4047 528 11 796 781 10644 18183 11361 9454 4081 2706 18145 9061 6127 18849 12708
17055 10812 1451 4330 5616 13777 17209 5609 3745 3355 12390 14766 1467 18814 7012 1450 5894 2701 8675 18655 19770 12164 17884 5927 6871 3128
4458 6335 9479 2765 19017 14886 5213 3692 688 17957 17858 1259 12015 6809 7772 17576 18682 17316 13185 15935 13252 14264 17511 15808 5206 14725
10680 8998 16444 5303 3782 4555 15713 4845 7653 1881 15043 5412 6938 6326 10849 11543 14333 17289 14073 11627 19526 18844 9792 14321 535 528
18677 17271 3258 5086 13221 4135 3665 12161 8420 12335 12740 13184 3656 10459 10 5111 6881 15167 16853 8624 1374 2654 5454 9056 17606 19671
8723 389 8030 5824 7954 16268 11616 17327 1106 15420 1301 10486 6144 9846 12765 5508 7845 19166 12905 2547 14262 11284 3247 8425 3554 14771
18138 2742 8169 7194 10261 19537 19545 7158 17019 284 14205 3417 10798 541 1515 14059 17591 9928 18353 11046 12872 14359 9902 8850 13646 18669
19160 19865 5630 11925 12744 1746 4158 473 4461 4018 11039 478 16593 15007 11084 8887 7105 19061 4801 18092 5445 17671 2774 2218 13713 4863
4131 17409 3823 10510 17660 3359 10575 7758 8103 11115 5813 16062 19514 6362 8750 15453 3077 5567 18139 370 12886 13619 5371 15138 11305 3261
7250 9736 6628 1202 2724 3123 6892 6913 12463 10764 3410 1798 3720 13421 19747 2225 1039 17891 3020 1777 19078 2508 10064 9534 14726 3838
10893 15102 11896 6611 3802 6391 9030 4061 14822 4837 3813 19069 4938 6040 3962 7609 462 4008 17810 19257 10487 11060 15394 16069 13204 3974
13448 1677 14258 4494 10155 1584 6954 15552 15965 17856 1322 2915 14268 6633 8471 13045 7773 658 12132 8653 17155 19239 13542 7759 13542 6462
13624 13576 12733 17764 13224 17551 6357 17579 1515 13174 17696 8936 17823 3583 4074 17916 7813 1363 9876 1510 9369 13499 13580 12678 1368 6330
16178 14214 6330 6504 13915 13389 11559 16754 7839 6386 6773 6895 6595 3959 6195 18626 12506 14029 16688 19195 11302 6727 17437 5050 14153 17340
2787 17114 3598 2023 2064 12358 2157 721 12523 11035 11502 16785 11670 7085 8454 13409 8459 2709 3989 16366 14913 8319 12957 17621 12150 14605
16938 14490 4543 9323 13098 15677 10893 913 15350 3268 4856 424 13255 17982 18319 304 3497 14143 9804 9273 9609 1858 4733 9651 2401 6754
7616 18746 7189 1778 8438 17769 9893 5660 9485 5324 11396 11747 19475 15400 2512 1335 13916 4301 638 9539 12705 588 4541 14646 497 17908
14980 14425 2047 5683 4842 5915 4133 7585 9340 16046 110 1081 8996 9635 13677 13605 6389 1315 3635 1249 12324 12458 4635 10674 6887 783
7951 17511 18435 10986 18319 920 4872 18223 4616 11758 7981 17396 5662 5013 4765 13368 19854 16868 13871 19911 11119 11367 11918 1169 12324 4371
6571 11383 9617 3757 18943 3594 3224 6513 2705 3065 1394 2305 11423 10736 6973 14708 14728 6627 8067 13868 14980 2550 10150 14400 15331 9940
6569 5962 1935 4650 18794 2576 11210 9229 16874 9581 9031 5566 12369 12574 15290 7782 19319 15248 12418 9371 12794 13208 13729 17498 14958 6866
16391 16866 18604 9817 19176 14017 8995 6759 9401 8964 14747 1878 4794 3921 3005 17187 663 15791 16557 9990 17000 16030 7427 11970 6474 9424
8670 96 5746 14966 2628 11679 7858 19795 19350 7020 6656 10348 14294 4690 17837 17278 9073 6386 3970 8394 18047 17430 18896 9649 14445 17106
18957 19344 14461 14683 5074 4582 5304 1971 5363 9009 8153 12595 11899 6918 9874 3243 12647 10302 13262 372 13245 11794 18439 1790 14589 40
524 8576 955 8748 12638 8515 12350 6900 12512 1405 6058 6908 931 12333 9703 4864 12317 7826 809 725 17000 3008 467 15217 10509 13146
12363 8977 15958 6687 19453 4629 9734 11036 18964 14608 10792 16261 547 11838 115 9633 13937 14696 16977 11343 3893 16227 3916 13815 12360 9545
4890 19758 989 7983 16133 16296 2729 18445 17498 9145 12932 7446 638 13194 2987 10214 5906 16674 8956 11814 12393 12848 9822 3428 4144 15459
18555 10231 16595 19508 9509 5620 13829 19648 14857 16363 15143 10697 999 16995 5773 10082 8121 5508 17986 8735 9116 6030 2933 6235 14406 14781
7276 12684 17257 5084 17588 15530 14863 4507 17275 15170 5953 17133 1857 1773 17989 9988 15957 9297 1189 16208 19551 14594 8037 19410 10421 2882
15091 13043 12723 13690 10400 16565 18324 18269 6213 3716 18876 10053 17463 1721 7681 2633 18063 2250 8915 15967 5703 2673 14936 19555 12717 18714
3373 4989 19226 12223 10124 5281 18996 8751 2338 18585 2870 5930 9573 15327 19041 2050 3189 2582 14011 7569 15655 19425 12203 7037 15691 15152
5619 5399 19268 15506 9177 13707 16081 18278 6575 10535 1954 11654 9889 1826 4116 19304 18385 17059 8485 10304 2185 3703 2135 7696 9818 10317
7680 14959 11292 18475 9043 5118 9745 6227 6977 2975 2900 7966 2122 18105 11794 9781 10692 11064 2390 6202 5375 11123 3376 1238 2311 4898
12442 1700 9803 16660 17690 14707 8641 3906 8978 2718 7817 5313 18869 14604 11908 10786 9894 3764 15087 4326 10719 5693 19207 2464 18351 3624
6108 17881 5039 10600 19596 11275 14192 19714 4514 7077 12886 3852 15387 8566 11395 5369 9375 14102 2784 11238 9632 17152 15664 8445 16875 16706
15126 15389 17783 7726 16161 11462 14563 4688 762 17387 16586 6335 7704 11664 1174 16627 3770 3799 12459 6276 14900 5021 4643 1803 6274 11908
19950 15918 12191 6554 8522 6193 6498 14035 15902 6506 994 5133 244 16669 18756 15169 12920 4123 5098 7195 286 3622 4813 86 16163 10752
322 4510 7518 6436 14084 18263 15968 8054 17761 14976 7472 5620 9502 6868 14011 15276 3903 12210 628 2644 12806 1804 4353 11328 11602 15899
17129 5150 14845 6121 18633 18206 5217 18007 19643 8111 10466 10431 18907 5008 9403 1209 9891 14681 17397 16935 1379 8664 16600 1038 11254 10845
13375 3010 11433 5946 9885 11387 367 17575 184 539 7120 1606 5154 14017 11280 9616 18236 7079 7448 3199 12221 357 17737 6771 16211 11648
14427 19936 13520 4409 9784 9237 18471 1299 119 13031 11149 5282 3466 10351 10103 7782 19056 3435 8788 7654 8400 1217 15680 16854 6413 6799
5769 14527 641 11129 413 11243 8371 2181 8239 17372 17095 18983 18280 10261 15938 6846 6828 16660 19361 17410 5276 17763 17873 7151 19164 9767
19853 18306 2146 5993 15192 8163 2183 1112 7424 10176 14833 10941 2663 16296 10357 1753 13587 12690 19729 5804 12987 8264 19345 8474 16520 2738
4948 15969 13515 13610 4129 11214 4380 2644 491 16982 15103 10920 6411 17912 913 9987 15814 3595 979 10683 11489 2968 17854 6034 8667 371
13150 18167 18079 5429 12101 13413 936 7546 4836 11474 16626 5364 6209 5958 18083 8663 13367 1281 9660 240 13200 5925 8383 15918 53 7151
14536 16769 440 4907 15844 7922 66 10807 17937 15990 8814 2600 13212 8336 11776 408 1644 8530 2613 10212 16985 18699 6803 14390 13695 2025
19636 7714 7196 127 9348 11562 12366 166 12435 6355 11402 19855 1177 6474 11688 7476 178 17559 11366 2497 7805 13933 13376 17126 15541 17164
5531 4421 19435 19419 1606 12190 17972 15530 2002 5928 5545 8660 12881 11557 2316 4893 2828 6288 15554 14791 9146 13998 4723 9781 19653 549
19963 6200 1051 17497 452 18096 19390 4742 6979 5733 7031 12850 17264 15920 1606 657 3132 7653 11899 7201 2983 11908 5733 16754 4927 17942
9844 3225 18796 16628 19353 4843 18095 13229 8984 11718 4182 17657 12477 7040 17812 9924 4840 12968 17184 14405 13181 18050 15756 4523 12587 16025
19000 2729 2838 1913 9101 3452 2659 14166 16301 15404 15731 7020 4274 15733 14757 10535 5756 15835 12833 8726 2470 10262 5674 8406 4368 19042
9381 15108 8852 12439 9184 6337 18639 9047 3678 7686 6917 11064 4108 17752 5744 9102 4051 14863 6148 4816 5176 19130 14549 15084 19 12535
5856 8710 3497 1132 15883 11173 5059 8506 13468 4188 2561 9371 2198 15360 3500 5681 2502 15470 4831 6536 630 8577 19504 12147 13994 17057
2028 139 459 3164 3831 17456 7717 9456 13077 17156 10780 12645 10414 17802 10200 10362 15977 16736 1052 14655 14102 18461 18704 14346 6115 317
17462 2599 5189 14047 2138 12312 13939 9127 18717 6718 18079 12910 1945 8617 17394 18098 10749 976 19088 18290 7891 8741 10077 8560 12249 16254
14809 2642 10849 3745 18162 1194 9981 9798 13231 10795 8290 14712 6367 4392 14906 3000 19297 6146 3607 12077 14200 1362 3251 10343 8294 16473
8161 13103 9448 19348 9337 12497 2009 5938 17413 12262 1387 10958 1784 5585 6859 15911 12641 16439 2325 14071 3375 13796 3037 13933 6183 6217
18423 10227 6162 10583 2375 15908 107 3559 812 13166 18621 17954 8183 7576 3213 2069 2505 3683 2455 8651 19714 3677 18441 9510 13222 4919
9876 18945 5189 5555 1618 16052 9264 4661 19064 19105 5831 15554 13943 19617 8920 11159 19160 8284 751 3328 15438 8847 5229 12580 5698 17199
11969 14917 19257 16897 3266 6723 966 18750 201 6276 15137 11997 8675 12626 697 9431 17593 19648 1496 449 5453 7560 11493 10874 10866 3516
7507 7855 4462 19361 19073 15953 397 5866 12080 9912 5933 8909 18359 17523 4314 4105 815 11304 11756 3888 19143 18352 13595 16107 7459 16876
9640 2279 15627 11876 10852 6453 710 1790 13779 18350 4980 2371 16946 611 9333 7667 19832 4658 5539 5945 10448 3761 3873 3507 19635 18565
19423 666 15275 7959 19189 18433 2435 16339 4039 18659 5445 6087 16646 10005 1147 7397 4249 5530 11763 2252 15515 15750 17714 19043 5760 18660
10661 2446 8285 5411 1265 11015 12466 5977 14759 6778 6915 19599 1087 8064 13119 1779 14951 19369 8009 18817 10397 14185 19226 18590 5459 9542
6157 5464 8338 3167 16715 16966 19898 16767 7774 419 11723 10181 13842 11238 16267 15063 8710 3350 15138 9483 15643 10015 5593 18087 467 2904
15354 10101 12471 12010 15546 4622 3925 909 4332 11575 12290 3124 16505 18868 16787 7691 9470 12735 2099 19180 8173 12078 2713 3231 18141 11114
1389 10897 7307 10042 16687 19829 14496 17667 15818 177 11467 1179 2870 6717 7001 5578 10293 8659 12863 4011 13393 7994 4231 1233 15578 717
1834 17256 11444 19836 17080 2060 17511 10174 1094 3397 8982 9564 5911 8380 19542 5166 6029 14396 16430 9418 3079 12003 1470 14997 15903 19875
12198 14690 15480 6722 7927 4351 19667 2939 15532 10592 14295 1507 16453 2928 12133 7992 3682 18659 14393 12898 18363 7573 14904 8085 322 4665
14675 3221 10285 8435 14682 12146 14213 2431 12219 18507 16653 15742 3289 13255 18647 12883 1189 11529 4432 4552 10485 17527 10907 16230 17304 16754
9098 10057 142 13806 6799 15821 10295 19532 8709 17653 2659 1651 2316 3186 9412 18893 1283 4150 11479 6105 1825 492 18701 19395 318 14760
8572 16748 16902 10909 47 8015 1379 137 19864 4583 2958 12955 9404 19055 1231 9389 16264 19159 4221 18637 11222 4143 11363 8817 15163 6168
9855 13240 6309 16561 13859 1174 15010 4753 17984 1181 3713 14415 6855 5357 6502 8297 9692 846 19703 7719 13162 16652 10483 2212 14397 9118
9909 19048 1379 9022 1199 2425 17946 270 13769 4009 7792 4386 12163 494 3021 18841 15781 4570 13198 17004 18902 17672 6005 13801 8364 15979
18569 11070 4958 6302 10753 12320 19798 16932 9486 724 16532 8364 3847 12958 17328 1257 4277 16250 8036 19170 5303 2397 17934 11902 10214 3908
17000 15814 11737 19346 9770 7650 14726 1064 11919 5337 16904 2444 8455 5699 14193 17662 44 15121 3661 15912 18350 16596 18020 12580 11878 13648
16368 15711 2505 1240 14637 10828 5331 12645 16694 18679 3152 5105 978 1408 7890 10291 1891 11136 4723 11380 4507 19975 12890 213 19550 12308
15354 5012 136 4665 13286 6227 5032 11834 12456 1415 9499 7301 3212 10467 5051 2562 7935 16996 13898 17502 16477 15720 141 6669 2632 3241
19196 2349 19159 1665 2159 18882 16116 1496 12139 1631 5801 2350 3968 16548 10397 4624 1639 19549 3394 8077 17915 8279 13419 6935 11391 15688
15980 9047 13819 1977 3943 15481 12990 5350 10964 4741 2448 6651 4269 330 8583 16533 150 9539 960 15565 1608 13019 11164 16917 14128 15498
5850 6922 9950 12279 3053 10448 7796 5126 1272 4948 11302 7846 14688 275 18909 1329 294 10613 2679 8388 15238 10410 7136 19644 6407 15055
2431 13984 1629 12401 9311 2207 990 10741 3285 18524 12370 7019 5295 11393 5439 415 17556 12581 8250 17234 19954 5881 18926 583 5216 9271
15458 18438 2769 1737 2911 13635 10775 5586 4946 7779 17532 8091 14089 2778 10034 12138 3938 3513 10949 10096 5424 6720 12694 15936 4450 12509
3026 14431 49 7308 14080 3104 1767 8550 13453 19454 5577 3753 10063 5672 9940 1331 5444 2550 4273 6693 9777 9817 9747 19222 2059 19484
9772 10596 14644 11841 13659 2373 6528 13736 15044 3759 3125 5560 15044 13556 1356 4701 3847 12662 17734 13139 6421 9035 6505 8162 19214 19999
177 1889 8532 12574 10434 4760 10885 18023 16229 905 12449 3992 11219 9567 1565 9528 4941 8905 12260 4254 14932 4220 3718 4576 19883 19518
19686 16124 15352 8675 8029 12703 10799 5477 16407 7155 15104 4575 6843 11639 657 13900 9574 11718 17954 5614 7805 12014 8740 17955 15284 7363
17960 17022 2448 8471 4317 6920 17768 10079 18964 14330 7394 9934 2937 7675 4481 3695 12514 18459 7489 5294 19667 5863 12440 91 9298 16094
14178 5637 6544 15137 8802 12559 6086 12160 6719 18963 15883 18873 5950 15846 14355 17231 10255 15555 3310 2207 984 17495 5151 13041 5192 4237
18801 12763 11541 18939 17092 12130 5669 1722 7846 3698 12854 15047 1461 1614 18083 258 18976 8925 8217 6915 5860 17672 17887 2445 1782 8619
9326 15215 16212 18613 7881 5172 7488 1662 13567 19032 10724 14999 14941 15088 1631 16469 7500 16131 10175 1703 2471 5300 8090 5015 19776 9942
674 14756 17237 2144 15968 8759 6391 10511 9556 10330 13094 12323 5852 8370 14861 15925 7605 16958 11392 18458 10049 16905 16652 19695 10512 3156
9107 12684 4088 9629 759 15905 5772 18764 13458 15331 13387 18528 17999 12860 9059 17645 2575 5571 9590 11475 5009 5795 9311 13701 4699 4677
10391 3576 16747 4790 2805 19460 8511 8541 3930 13253 7167 11586 14498 1507 15682 13151 18189 8481 12585 17400 10585 2384 15397 16289 868 697
306 12016 7695 8783 1237 1166 15936 19841 16694 2638 10403 14477 17513 10394 16449 19769 13623 1339 3532 12302 449 4571 3459 1214 17235 5130
15708 15743 15007 12509 9069 19405 8488 14736 10878 16296 9069 1993 8912 8509 5637 8446 17752 2480 2486 7115 14351 14420 12266 19486 16496 1764
11500 4936 18049 15451 13690 6336 2505 17818 16291 13051 284 12599 17415 19752 16172 6788 304 10647 1031 13303 13877 6884 1171 813 8085 12202
5231 5755 16489 3866 17473 14332 2875 10965 13095 18418 17730 80 3979 7129 11162 2122 17519 3562 16240 14762 17105 9642 5415 3394 15848 2446
13063 15359 225 16498 13666 7103 4419 10800 18505 14970 16989 9289 13137 19909 12730 2749 11775 3487 12114 5162 2281 6496 17536 214 1369 13110
19504 19262 5440 12857 3358 13346 10173 19980 6308 13043 10613 2991 10502 199 4328 179 9954 10301 17508 3265 6917 11643 3041 1353 7323 3538
5997 2969 7682 9645 1073 18428 17957 16816 14144 19944 17092 16540 15402 12117 9116 14756 6694 16943 15030 7119 2952 15070 15228 510 9796 7340
18596 1481 10970 14857 9833 14149 677 18319 5736 6448 2834 3945 14588 4554 16127 6577 17016 2157 2386 18859 17887 8193 10002 1829 4010 13256
9840 8052 1697 13962 11910 19438 17961 2950 11848 10003 17803 13683 11428 14994 2590 14006 12424 19716 198 11834 3592 2802 4736 5654 12367 11984
19876 14545 9642 2122 9472 19225 9226 1819 579 9070 9474 811 18609 17321 13898 12603 10625 8123 7235 10051 17256 11298 5242 4070 17077 18799
3579 12387 8015 17546 9959 17821 15492 18431 12753 809 10839 12383 7702 4454 15617 314 11994 18481 18978 6883 11694 16484 1040 16500 19639 13907
1523 6719 7878 11339 6438 3430 3844 14080 19536 18809 2833 15314 15415 5779 13142 16842 11274 19109 12960 2747 2881 19598 5277 303 15530 2502
7883 16705 10488 10334 18818 6772 11137 13339 15995 1381 5288 10912 17293 3116 12597 356 13748 4103 15199 398 10267 2719 623 9785 2211 12082
7687 1492 4371 14872 12124 6967 11645 722 10427 19333 3133 2313 4814 16711 7863 12997 17026 17711 12715 11478 409 816 3767 18409 5673 18540
5625 1583 9214 12287 8643 12318 19710 11760 4833 9298 11054 15042 19000 2386 9124 16170 2004 12659 14823 12141 611 14903 11481 7546 15590 14919
16960 10011 15919 16163 18279 4140 18243 11067 4329 13983 8531 18847 13393 2543 17635 11697 19268 6732 13364 7054 2731 16688 19411 2082 17405 3383
1550 11465 5492 8026 92 19168 8996 2255 9241 10467 16555 636 8222 12889 17897 5147 12645 7644 2546 12804 17704 11114 16260 3717 19108 19365
19815 17171 3721 19064 12986 3378 504 2750 11977 18190 18133 8580 19521 15689 15526 12951 13923 6830 1856 6519 14165 15357 14309 10749 16258 5989
9166 19994 19563 18169 8698 16031 14162 6971 9331 13630 19372 17322 5698 10116 4229 8806 12958 16790 16268 9427 19435 4595 18930 16331 2190 2800
8790 2045 11239 15263 2705 3839 13643 13646 10576 2747 13351 6878 14858 7619 9263 8895 152 10792 3957 11578 13453 17834 5549 15060 15219 18123
14450 8706 19056 14229 10341 8477 17568 11055 16679 9857 4757 4400 13677 3509 19927 3512 14685 4038 17784 13995 11104 15325 12689 17920 8058 1810
4193 6592 18847 12910 18449 6194 3663 14384 19295 6001 13069 16539 5035 412 3710 3272 4236 15215 14904 11283 10986 4059 3231 19560 5859 6516
1491 10112 591 14253 935 1093 18340 13936 6762 577 2355 17091 13458 15590 10549 13994 16498 4120 18001 15709 2474 12480 7024 14934 6237 2136
18276 2014 2338 11128 5382 11763 14225 17605 18887 2647 15582 16118 1150 7695 5483 3 1332 10742 1639 18993 9107 10092 3477 9192 9506 15640
8924 1348 12126 11090 16220 8675 15340 7530 9518 18507 16408 1714 841 13594 13348 8644 6653 5661 3262 12102 10830 13293 18835 19793 13872 5551
19443 10517 4656 5808 1253 6777 7901 13417 18070 10046 2375 18700 15351 470 19409 16641 12599 5157 15775 12906 17450 120 4277 9735 3746 10889
19795 3319 11189 17842 4488 6573 3688 6282 8924 3835 19489 3926 13389 4615 5288 4447 17986 13765 6570 5011 3885 10516 17901 19223 15593 9353
14083 5566 14837 6105 6180 19701 8471 16923 12248 15476 9957 6575 18120 12269 5343 7096 2980 10870 3348 18414 11750 5174 9066 11690 4054 1217
10083 4635 16918 4942 18253 7181 12948 18560 9486 632 7237 5595 13566 10337 10261 19811 12158 19856 9748 6524 12391 19468 14247 15571 6209 430
15312 13662 12123 16358 4198 2238 18946 9421 10 12176 12258 7552 7571 2620 3902 14194 13509 4541 9979 7216 9785 5845 11803 17190 9071 7744
17718 5168 10463 18987 17630 13212 12683 6742 17792 5289 9996 6305 1911 7781 7513 19824 8803 9926 4961 19407 18353 5842 1093 3759 7840 1208
12541 13534 13778 19459 16427 10678 14651 9318 8910 3529 19234 18514 2076 6190 13914 10557 7522 17307 9009 8553 11052 13625 19738 15354 16089 11933
