365
82 3 54 29 70 28 29 97 92 63 88 33 97 56 79 62 57 61 47 43 67 82 69 2 13 19
1961 17942 11630 15053 1639 5745 3075 18957 10858 17156 6341 9122 15187 666 14722 10590 16920 2875 4300 10298 844 13516 8306 13434 18430 13193
8096 9733 16299 9866 7738 14260 3323 13754 11070 11247 3102 15134 11434 1532 11734 7764 18164 2716 10674 17599 7717 4011 11361 3250 14623 15312
19118 4179 6115 2981 16767 314 11651 7657 9335 17246 2853 10750 9476 11981 7627 10278 381 15112 654 13429 10863 16404 19907 7235 3693 10217
8750 10263 10052 9480 15671 19563 10070 6152 19727 2064 19258 9546 117 15872 6693 19583 10826 13480 13991 14255 14118 6374 19369 1657 18820 2300
19818 15421 8471 4150 4085 9607 19675 16154 15071 4981 13813 10683 3535 10988 7065 15783 8091 10343 7749 19786 17903 2959 9024 11816 1760 12598
18621 5562 19063 13146 6361 16316 10823 11399 12404 16584 9619 8301 211 4569 19096 12660 1172 4775 10635 10179 19055 4386 18081 3902 12625 5835
12732 8283 10614 847 13699 18012 4998 7980 13418 11889 9392 13482 16842 18051 14733 2988 17912 750 2644 10216 1656 13210 12593 16575 19312 14979
3 38 3445 5657 19050 7496 2515 6184 14988 13377 18789 7113 38 1598 16831 3453 222 14313 8538 2163 19184 17513 17325 1168 11957 3800
6100 4933 5441 3252 7046 9947 16632 8951 14474 19662 18422 9619 5726 3754 17039 3316 19924 11356 17148 4004 3253 2937 4735 19847 1328 14561
12964 4595 14086 4666 16197 17163 18421 5734 2968 6745 8723 11483 2208 5988 15139 18853 5768 7541 11701 348 3845 15717 1826 10847 6337 6064
4865 9858 10032 12445 15909 261 4199 2625 18405 10519 1360 5286 1381 1153 4012 999 16687 3742 5096 14195 8463 19040 12811 13936 18904 17564
15339 10325 8009 11798 461 11773 5978 3824 2460 16985 8574 10846 6263 3212 735 14072 9361 10744 3178 7902 17583 4874 8590 12040 10436 12116
923 5491 9952 2503 4172 16384 8846 19969 2465 5172 1174 16676 9264 13724 10747 4168 7999 3068 4116 12576 12200 1522 16154 16477 2857 1281
4126 7803 15036 600 9417 17276 14681 16416 12771 5770 8971 14717 7424 3153 1336 1206 4692 12147 15209 2711 16564 5030 3252 13114 5946 16536
6589 1226 16012 2222 15735 13723 8785 16344 309 17453 15617 18554 9806 13421 10915 8469 9674 14049 401 13626 727 10889 19611 13844 7039 5872
11069 470 18443 4548 9182 18093 2337 531 17774 16282 10702 7011 15626 8343 17485 17975 17955 9229 8696 14824 14488 17453 10034 15700 9053 1118
5299 3383 6115 17506 11833 5163 18731 14446 12396 605 19734 5471 4226 17618 18229 3166 296 421 17795 19481 10665 16301 8476 17536 11012 4730
11924 2334 16971 8235 16188 12397 17249 2096 2154 6967 4583 10921 18379 13503 17598 4914 5207 2509 19203 11736 525 16091 9234 11353 10779 9772
15535 9031 467 9323 2904 16569 12948 7412 16454 12443 19980 17804 12811 8972 15266 16701 13767 17416 17579 12447 5248 11368 6348 14089 18001 17453
14760 18482 11872 4197 1995 12320 14316 8949 4232 1123 10349 8954 5731 15395 16042 506 7037 17458 2408 18489 17284 13867 5399 8221 930 3828
3966 1837 668 6037 4406 15692 18329 9638 16351 1951 6866 8597 3185 6859 12370 8899 3725 2689 3689 10006 13700 3731 6008 11120 19827 3830
10699 7356 16556 15525 14816 2795 18424 10112 16740 8803 15112 4269 18220 4849 14141 7077 8828 12613 11699 16473 1933 19987 17291 8087 492 6985
8656 10979 7206 8316 3779 18689 13832 1149 1680 17609 18795 12552 11303 13426 12208 3974 19178 15185 10725 12826 12745 17855 3709 5802 8797 6866
8838 14718 1298 15930 11987 16779 16046 2105 5308 10717 18705 16056 2039 18034 9831 14339 17463 6859 17797 11423 6152 4989 8485 12311 9057 17945
13468 16647 803 14865 5213 17537 16753 13669 933 1894 7013 15653 19049 12116 17132 3 14662 273 3804 11567 7210 19735 9818 3208 17780 11174
11136 3815 4062 7304 2797 17987 11757 19271 7682 16656 8654 2338 5149 3976 464 15683 5491 10652 14142 7115 4406 52 10543 2687 10972 7917
1536 198 10065 18024 15379 1305 5544 334 5042 6386 6792 17358 14700 19658 5306 13288 18588 6755 19158 9495 5669 19233 6925 15584 9213 1502
18905 3456 13821 4387 19682 13212 16032 16026 13770 8139 5964 13267 717 8698 16469 16743 7657 14498 7844 8368 10141 10381 4806 6025 1810 12019
1869 8795 15718 1911 13100 16586 2204 19083 13162 9788 14728 10878 5309 19161 18335 16649 5837 1414 4085 4116 11897 11251 1329 54 7654 1309
13960 15152 11720 3809 14061 214 2788 15293 19712 18287 11160 8284 5984 12481 2134 17956 19480 3043 16135 11456 8415 8626 3870 17932 4430 18071
18081 7746 11893 4590 4005 9605 12603 18014 4496 16091 10302 19890 12198 1826 743 13639 9628 2063 2629 5966 19832 9956 4027 17015 6317 3705
4696 6465 9734 10368 1940 13862 14356 2902 7120 1145 17150 4199 13881 8641 18203 12632 6011 16749 2561 10616 4207 4041 875 5021 10673 18820
16067 1339 13996 17022 455 17611 11640 5407 15459 12492 4403 15718 5852 11005 8265 3786 8851 3850 8076 5832 10773 2156 2584 14080 16095 10032
296 16033 19379 17981 16910 18309 43 1546 13171 19060 16455 10843 942 11442 10506 8894 3458 16099 19150 10334 10664 12971 4119 10260 17973 842
6403 1564 4689 3638 2691 12597 8178 7028 16101 19014 10407 10183 7588 9877 10129 12300 9258 6788 3428 5148 17593 17173 11756 1599 5845 737
10029 2836 4792 12053 1262 12744 17310 16036 16851 6469 6381 15638 2825 5084 11597 18638 13592 15826 3867 10096 6459 11085 18244 2420 15761 14689
11503 7399 13309 14271 14570 6516 12086 16853 15610 1529 3482 15451 6549 9359 13647 10243 3987 17565 19240 2333 13722 16473 8388 18917 13480 16971
50 14943 13260 2948 18837 16921 1568 1451 8730 11480 18496 9202 18275 18747 1453 17250 1060 512 17561 13129 5891 19534 5774 12219 19232 4735
8787 10870 613 3098 2616 10882 431 11673 12291 8002 8931 13396 15119 4911 19584 10198 18370 13983 15284 6898 10075 11143 2107 11825 3605 5619
1670 12052 2539 16920 15427 10721 13005 17180 18343 10377 2162 12849 11511 15792 8813 7943 7681 1309 7595 6717 6163 2947 9301 3400 6133 17008
7222 772 8010 10236 3895 6550 2229 4987 3838 4039 5763 2110 15523 7192 15299 10581 7939 2199 18776 4286 5799 10663 2587 448 3965 12512
17617 12407 13116 5573 18104 18069 6986 12024 11676 9737 10988 11270 12870 623 4386 3192 8071 615 19657 6742 3714 2254 19283 17258 17034 13759
13127 16646 8066 11501 5859 8312 19563 5449 13560 9397 9687 15314 6305 7986 18535 19909 138 3921 3326 19120 2012 8131 14837 4656 8345 16286
7946 8312 17174 11031 15460 9948 12173 1823 11802 9371 5345 869 17919 19814 9121 15719 8714 11994 8345 13675 18200 12657 2449 3685 15411 5442
4147 595 9584 2382 9480 1081 14610 1934 228 7618 554 8825 19264 19705 16276 5403 10687 15 7062 13359 5918 13650 4914 2223 17759 14711
18432 16870 5817 16708 1451 9404 5429 13824 18885 8935 16629 16593 18621 11251 9044 2279 6544 17115 11555 14430 13984 2754 2464 11577 10418 8604
536 12368 10544 6656 17979 2154 19179 19878 18425 17759 10527 5041 9945 17697 9607 5275 15535 16651 6477 12652 2234 4124 3037 449 18652 6201
960 3012 5400 16771 7522 15573 10865 7163 11530 18117 15872 14167 11136 8114 16247 16700 6162 17340 9660 7005 15003 18603 6684 8130 12882 3315
12764 10627 10126 13962 2466 8791 10259 13425 12436 3819 6985 5736 4629 19419 9687 3971 19864 1698 15294 1449 8490 3915 16461 1343 14457 6404
7784 762 8783 14501 12871 4556 9660 9436 4451 4396 8598 5136 7142 6534 4775 4293 3111 13731 14130 2446 3681 10715 3627 3802 4879 308
6627 8467 5845 8367 17851 17139 3202 10333 13620 5059 7619 12384 477 4828 3600 12398 10828 4568 14489 17193 16915 9612 2578 10474 1670 15608
14881 19441 12269 6033 17933 2606 62 714 9307 11699 17314 4394 13319 9619 17148 11558 2522 8052 14237 14998 17860 18638 8526 9880 16096 1119
18456 13427 9445 11715 14278 13154 4421 9290 203 3899 3800 1638 18260 3047 11604 16412 14546 3913 11858 15446 10983 8830 7173 9824 13660 4201
3699 19668 18214 18425 5059 529 11679 12425 5152 18265 17741 1391 19623 5705 10135 19244 1546 17462 10754 15410 18531 10927 7911 5803 4211 18544
1344 18974 14548 4352 5858 2613 16138 15309 11283 476 10152 18391 19370 11782 13520 443 15238 1368 19642 3133 18576 14723 10845 270 1872 14419
4651 3062 14241 15688 6735 1088 5731 16293 13437 14131 14885 6551 14793 19852 4543 15421 7531 6728 5017 7786 9255 3989 16099 7921 7372 13280
1610 19680 15607 2404 16002 3552 19876 4591 16409 14859 15431 18899 8222 5731 2370 2198 13254 697 403 15609 13922 16711 1932 622 10789 14058
4039 19319 1202 8127 14267 3441 15722 7761 17914 17698 10841 3196 6919 11429 15346 3431 1582 3593 17466 14165 5536 5504 5462 15185 3140 10660
18953 13094 9988 3079 3306 16617 12598 3777 11482 10073 11908 10053 985 6474 12535 7746 9839 713 7307 9114 8353 8809 12282 3626 12879 18546
6737 12547 6556 14589 6898 4062 16104 10559 16265 19746 3853 12508 17545 15406 13464 16469 11964 4700 8446 316 8262 4210 2671 17997 14762 12752
9592 10742 466 2252 11316 16489 15968 11866 12120 7588 5602 14768 3435 16995 8332 8890 1637 10287 861 9560 902 6375 10302 4736 15398 13574
9855 8989 13216 8845 363 4908 9539 2902 15007 3413 16871 15064 9687 15572 7263 5419 11495 9629 16274 11580 61 1428 17092 1563 11183 9967
18413 6859 1569 15763 5753 4776 17971 18291 10590 5210 1726 17604 13561 9268 14582 14267 273 697 757 4642 15285 8037 6610 14959 18858 19038
9289 13337 16503 4752 1607 5467 17877 7613 5974 5891 10539 1553 8844 11819 12123 10088 7558 12387 12581 10925 2217 11872 5923 1396 17787 8960
14593 2737 17723 12597 18079 10981 12400 12410 8034 4443 13738 1855 9052 17233 11653 16034 2898 15442 7075 2227 6899 1959 8302 4102 4790 9842
14687 15660 18274 2531 175 9799 11528 4022 3386 16336 9273 5131 17978 2185 12790 15931 11303 1741 19113 13159 8716 12032 3835 14190 18388 18483
3562 12936 19933 13750 13003 4527 4671 19705 4742 17358 8737 16152 16670 16979 4018 12273 15776 9399 14186 11624 8853 12209 17242 613 18452 19304
1381 8023 16662 15050 8744 12242 19173 7128 15239 14452 8104 3069 10762 12657 966 11426 6381 19713 17737 4456 12879 15523 4295 17650 6400 17063
5937 8180 6699 10439 19815 13901 6297 5742 19542 17443 2805 5986 13806 1825 205 18926 8732 7023 3867 3212 2407 14178 13469 4572 14566 6408
14325 3929 6033 9329 11071 4047 7323 5040 952 19327 13970 6264 4735 8761 7793 8577 18139 396 11566 14515 9907 12287 14693 8009 18748 10307
17903 11013 9708 18991 11411 16106 18489 8625 830 7178 15010 11991 13057 10727 8979 13613 13796 326 5583 1790 6615 16912 1987 9466 17682 16615
549 4400 8297 525 16264 6095 18607 5570 3454 13905 11935 12208 1331 8586 17879 4623 12001 14128 19069 18388 11260 3697 5953 8739 11943 12858
10478 12189 18678 19147 15584 4323 15904 11046 14272 3289 8224 10183 6353 15491 637 11953 3953 17614 5733 7787 9185 13776 16644 18585 9848 6113
6620 13218 12872 12582 15851 9928 4400 9583 1548 7147 16571 11318 18302 8323 18927 6755 5619 972 17136 2843 11800 4129 9663 657 16742 16358
8116 2910 12591 3942 7314 19860 6513 17576 11383 19963 8505 1848 1689 1672 602 8245 4097 2726 17606 16653 5662 17003 11548 9613 2296 8278
13437 173 4929 11262 13473 1886 4099 10615 3962 16755 13556 439 10247 16706 17907 16388 11155 10364 6726 8385 19599 711 9306 4453 19231 199
12336 16923 2144 19777 4982 19346 12299 2477 4047 137 3880 10459 18989 1926 2787 18326 804 2512 12076 12085 16194 305 15705 1083 3055 13938
93 6589 2232 8635 11796 11825 12429 10500 15140 4884 3630 5196 6772 14325 19122 16919 649 26 12090 12302 11462 12526 1731 1991 988 4520
17198 12585 12268 19534 15543 6311 6332 2740 6448 7836 16987 4547 18040 11977 18068 10491 12659 2605 7854 7200 17628 8723 2200 1367 8362 2962
17572 7546 19109 11226 15754 18644 5772 3879 6698 15387 19316 7905 8125 11553 9891 5715 19485 15711 11992 3648 13811 286 2692 10297 13560 15066
2747 10219 17679 1551 14313 14237 10155 10298 16370 11383 2754 1932 3882 5994 277 8861 14238 18045 13966 10825 8362 19474 7734 5424 17627 7763
10463 6670 16881 8694 4379 7962 3968 11730 4778 1813 19624 8553 2785 264 6915 3820 18036 2243 3424 7590 9793 3351 5505 8479 1983 13003
11666 8825 10247 14703 6534 5778 15235 10094 2534 17744 4949 4893 3657 15477 9383 2058 8376 11590 19105 16187 4101 2810 18852 3937 14247 15923
2322 7860 15591 31 15037 8800 7775 3906 12821 289 14205 3035 10918 14878 18706 8996 14396 1325 10542 1848 8628 6611 13095 7426 17167 14744
3975 5564 7297 11576 11284 5339 16528 16438 19062 1866 7616 14704 10838 5753 15860 8667 9761 13640 7125 12123 8850 18872 7113 482 17225 14699
4734 1657 9548 19166 4258 13092 9805 15692 13675 17887 19331 4216 6532 9354 8649 8620 10096 18712 9690 12207 30 1929 16612 10699 19935 6122
3070 140 15462 12403 3502 13885 9514 15593 8691 19877 18741 7094 16218 12186 6370 9073 3283 11519 7918 7332 17613 9591 12551 18096 16333 18722
13113 9156 3195 13572 13946 5499 10418 6569 17978 4428 15352 5790 19537 14867 1194 608 2469 8296 16654 4899 15462 8203 9352 2459 17359 14859
13705 331 3183 10745 19106 7451 4979 1359 11870 7862 8094 3038 17801 513 14159 2041 14273 3740 3168 1057 8422 7353 3096 17651 8391 15754
2580 9288 5662 12700 8276 9941 13323 9277 8810 10741 4501 16444 2562 17538 2471 9042 3951 2317 8913 414 2503 2863 1259 4083 8465 2270
16435 991 8868 7096 42 12087 4586 11079 4590 16147 16072 17928 19528 1778 6827 6008 12113 14542 5118 6037 4181 11149 8227 5232 14432 9685
8088 7548 6137 7243 7035 6924 13348 11110 12625 9875 15825 12520 14517 16163 4146 8274 1328 13498 7721 1744 13343 8736 510 9309 6801 9866
19442 15480 17286 16597 12712 10581 16329 9876 9712 865 11765 12395 1274 11749 6934 1719 6348 10529 8127 8624 14889 3694 1052 11399 19873 13022
18376 2069 1620 768 4226 12688 8591 3861 2906 12970 3723 14973 12214 11895 14130 17000 7997 13377 6304 3107 19000 16122 2071 10056 10565 1540
10063 13445 18089 14354 4032 8342 1808 5752 8158 10730 472 17019 13655 7946 15371 3975 15416 526 3070 5803 2824 3121 413 14199 11615 10934
15524 148 5471 9079 17465 16148 9539 11487 19815 12359 5089 8801 4881 18098 10227 13736 10684 14936 11859 17713 6124 9872 6176 2232 4061 2938
19596 15924 8643 17348 14491 14357 6912 5915 17455 2999 13164 14912 13162 484 7323 15384 1106 18888 18273 3640 9681 15375 14825 17445 9971 2965
6478 12022 15361 12316 10038 1686 1774 2936 6903 17992 18708 16600 17838 9544 9376 12465 14314 9741 16910 19767 16359 4308 5638 14787 19724 18308
2451 3109 12057 14609 12658 12019 2236 317 5108 5003 6 19133 7503 4304 13233 10262 13403 13921 7948 18018 5036 13130 4124 6239 7927 4193
13312 2637 3230 8724 17961 11756 15161 6238 17139 4338 11953 17563 5056 2445 14077 4527 5899 5749 9314 8024 163 4363 17120 12474 8487 13446
2328 1315 9816 18290 4022 15831 2041 19176 13201 10363 12604 3169 16078 2700 8777 18141 10981 12592 5315 17378 1669 6619 10209 12526 5899 17207
11683 5780 3842 19642 3484 773 2375 19556 3898 17476 12291 15957 13087 15481 1896 7287 14799 14876 4295 10497 17258 16357 12846 14198 19721 10390
3676 12784 16121 9849 19076 11112 3372 17361 15948 5570 12909 16793 12361 6386 886 462 18934 4574 9624 17833 19554 11117 16541 16399 9159 10262
12883 5479 18624 8901 7249 4099 10294 6339 18597 6861 14104 8059 8025 9549 18723 2555 7806 2548 17156 8215 17851 9403 11777 4432 8522 6032
14087 19150 870 10043 12079 7711 11592 4982 13481 4664 3940 16550 1137 9538 13368 16228 4121 3998 5952 1059 1107 16656 5657 14711 16323 5924
8326 11246 4394 7094 6163 3197 15706 15081 8364 15223 3308 12922 2084 5109 14979 13991 18234 12172 19005 4017 14257 12672 5472 11522 8051 1308
2746 18996 16836 14552 10201 8645 4449 10281 12766 2665 10081 16384 6931 6970 9768 13683 6295 1408 4540 7296 9107 11844 6492 1531 1111 1931
6732 8393 17215 3271 8712 13497 13645 17595 10032 15233 7142 4456 18882 17693 11450 13 17961 13287 17029 16467 8977 17969 4806 18498 11154 9959
8011 18793 13904 7493 13464 14142 1083 14559 10861 15711 19615 356 738 362 3254 12420 12223 1059 16092 13777 8327 15665 19291 7540 8744 6119
13255 17259 8000 7093 5009 5014 3537 14420 19897 5193 4826 13397 18488 139 2374 9628 14902 8247 13928 6420 2687 19865 15094 19636 15864 19795
16553 3945 14996 11539 6726 14849 16155 13491 12959 17250 19054 16457 3363 4053 0 7446 11083 5803 15929 9669 15897 11023 10908 1952 4299 3171
5774 6132 14637 14514 9207 2552 220 1457 10202 11102 1759 16225 10219 6781 16767 14076 10522 8910 18156 2255 10445 5432 18426 19958 4930 5069
17141 16759 18107 2884 5801 3838 2454 11210 11116 7119 6616 1325 19974 16702 6769 2402 17572 15792 1642 6930 6490 19938 6012 11195 18397 6267
118 18235 12037 14833 13080 2729 17106 2413 5983 1843 4038 15705 7212 9019 19312 4362 12959 19620 3416 13535 18240 1741 363 16598 15223 13978
3253 17129 3963 5591 4791 13772 18036 10363 3023 17912 16019 19839 18671 11412 10690 13904 18567 3459 7894 17507 16150 4831 6807 6230 7521 9925
10898 8084 15325 11078 16759 8514 17003 9898 14552 19755 6925 6893 5913 8217 2264 5288 19530 1958 16280 9229 5415 9154 14694 16773 10165 11327
19119 15641 14753 7507 11486 10898 11539 12622 11164 669 5835 11488 18322 3248 14032 19614 9846 5160 16792 3804 3376 2140 19868 9951 4228 5554
1255 15611 8641 19372 19600 6104 8435 5098 13506 7737 15873 12728 8903 580 2539 4126 18642 5241 166 14710 18201 6137 6384 11820 2444 17110
3037 16105 17777 14648 11184 10965 17602 6802 2814 18760 5594 4585 14657 6272 6186 17196 9572 7742 14340 1882 17977 10039 18212 4175 4573 8462
11434 5295 144 10541 17808 5188 16725 830 16368 6156 10834 5711 13965 18856 13410 18689 18959 9970 9735 14565 11390 13064 17425 9164 3173 12283
8762 5617 2472 17817 12323 14541 16033 1163 9595 10537 12926 8961 2392 10628 15847 5031 12581 4671 15896 16251 7590 15813 3185 9035 11663 10289
3948 1179 2433 7789 3114 6001 3310 4556 18594 12390 18193 3652 15318 15295 17365 8441 8192 6670 3117 18503 15547 7818 11908 2678 4997 13935
11410 19057 4432 3423 15172 13546 9006 15657 6938 10634 15817 1438 4183 19656 957 13092 7887 10273 15954 6543 461 4946 18539 10996 10313 478
16527 1852 890 12686 5602 7435 16389 7804 11685 904 11976 14466 9719 9576 16260 7272 8540 1702 3002 12469 11130 7219 13394 15826 13495 11952
6559 16186 2872 16432 8034 16761 5086 7418 12175 9102 4706 41 5309 14469 5299 17232 8963 14693 3912 6293 17916 15950 3595 18999 7521 3956
14183 2944 17193 6136 15582 19962 16950 15818 3929 8315 14396 1239 3791 4519 13465 10691 3512 9255 10569 18127 9353 12486 10183 7878 12379 7579
13522 16456 15736 1462 19716 2650 12503 2400 12412 19479 13403 11372 11560 14849 10348 10798 10642 13458 9930 19614 2404 16302 18237 17125 18278 7052
2207 11307 2914 9607 6404 6776 3865 13105 12465 14 16025 1520 17042 14082 2923 5872 1456 16214 301 11328 6737 1859 11271 5066 6652 6968
5259 11759 12152 4982 18447 3322 3742 5568 6704 13156 10868 8260 3452 19679 14104 11213 11604 13925 19143 1736 290 10333 18512 8339 176 11127
2971 14182 10572 1858 18652 6371 18759 5412 4336 9649 8168 16551 9226 11912 14414 14004 18742 13851 9805 2802 8148 11515 7833 15305 2107 15535
17084 11858 13787 16821 9785 2869 18443 3549 7227 16757 5112 6823 19656 14351 2249 3585 14550 4203 13639 7838 3334 6528 15295 7878 12484 19675
1641 3756 17537 15004 17954 1177 14453 14098 13424 14518 11566 9488 14400 1632 5918 6715 15164 5512 19939 3920 1778 9828 12143 13949 12602 8025
7731 4380 15481 13412 10746 12960 6399 6274 11291 4500 14482 16424 5711 12645 5841 67 301 8243 17516 14040 18978 10444 8962 18845 8764 4448
4280 8145 2400 16046 3364 238 9303 19074 10503 18807 10884 6914 13990 1704 11300 3235 9640 5187 14158 18314 5238 13641 11901 740 7282 1379
12431 3092 2378 585 5619 6601 7096 16115 10227 3460 19940 17607 11400 1472 12169 18509 6995 3737 13748 13743 12707 3171 1974 5283 5132 17988
16938 11566 14543 12151 7445 4895 8400 7747 2692 14635 15823 4688 7975 10626 5752 11338 7346 9174 8175 17677 5673 18560 5822 6705 16091 8160
5125 13731 892 6700 6645 16083 10634 18337 8850 2777 14144 8186 3359 14233 5064 8367 19243 5681 9229 1788 1525 890 14756 7622 16133 15730
17732 14001 12310 14315 7950 8803 3502 12325 1194 5843 768 12887 6434 18629 1534 13504 7285 14730 10783 2636 4218 2207 17148 16878 18735 4015
8429 8001 16023 18150 1424 10833 13482 16185 14051 4353 1439 2275 4153 16386 19501 8948 6627 17219 11067 10637 295 9884 191 872 8542 4264
9380 19830 11444 1749 1464 1624 3765 17423 12926 6649 13646 12327 2430 1854 14603 12226 16557 3089 17889 1828 5722 19955 14578 13106 17723 14074
2075 3217 5546 13928 6536 12390 16199 14009 8251 4780 5840 7443 7172 10146 5582 13483 15985 1982 9120 5951 444 12462 15346 2723 13618 2209
8956 17339 16271 8391 13471 6219 18033 15883 3715 6313 7046 8282 10386 15459 6179 1346 1661 7257 7738 10446 940 11385 5335 19318 2969 15496
10353 16181 4024 6155 15187 15587 6714 599 11830 1590 12641 10651 3278 11928 15175 8721 18551 9534 19243 10349 9604 1851 14913 1524 4598 6810
441 9552 2580 16049 11725 16476 3649 9790 19011 2789 2402 15852 14320 16941 16099 8175 5122 8692 5234 16340 5959 8088 10144 7488 9070 3055
18606 5687 15715 4356 1589 10028 18123 16624 8446 13313 3254 3528 157 19481 9220 17684 13644 1682 10678 12325 15825 147 1082 9425 4410 10633
3484 2957 13903 6223 4435 5501 15581 4560 10349 3293 1806 8011 15842 1138 12416 19265 18959 14822 5210 5373 8514 15972 17636 14836 1693 17818
16709 13552 17999 1122 14994 4455 3062 15464 13776 9791 8224 17824 14055 6502 16587 3752 17025 4933 5803 4682 9240 17767 13827 4337 3275 12984
1564 7352 7675 18473 14728 13353 10651 5625 18521 3340 2493 6739 13091 885 15503 2633 4650 7155 10940 11791 5890 18124 3199 1302 544 18195
12697 2828 5690 17728 15035 921 15709 98 13886 14600 2878 18659 8422 19739 18734 6901 8000 11807 2356 2050 16085 506 16696 7748 15190 2565
9763 13912 15542 16657 12116 15472 147 12433 16558 2365 5180 18823 12166 15178 5694 1044 5262 18340 16968 15511 12085 17380 445 130 10696 13801
16445 5435 15019 9833 19056 13081 11414 2802 14531 9899 10668 7965 15741 10425 10965 13389 18748 15442 11277 16646 7564 17985 19577 11213 19586 15106
11316 18398 15222 10250 10928 6343 17632 2611 2239 16489 19053 9111 8452 11298 16778 7329 1333 17181 735 6643 19283 1259 3547 8690 6588 11654
6610 6986 7541 18890 8559 16941 3429 15826 9483 2931 8106 5692 2330 1378 9761 16541 940 5353 211 16066 10331 10534 13399 10748 8405 19233
10382 19969 12907 15360 6078 12961 15365 15813 12412 6086 15229 18524 17671 15871 18028 4537 13900 17889 18559 14728 19995 8660 14601 6824 23 1268
7944 13202 18332 11835 7682 12025 6844 18736 4848 6579 11546 12021 11525 17416 11379 7954 8646 10764 1231 2768 7333 5949 10831 455 15140 17917
17214 6135 19074 11266 7836 10686 2412 18830 16697 15024 15113 19177 9671 17886 9840 19907 14282 17962 5629 16467 16516 10756 16426 9789 8967 4907
2704 19906 5447 3553 17495 16638 13356 9014 4995 2942 17061 3364 2891 1159 2731 19267 14176 19790 14116 4879 8881 4173 3347 8046 2448 13749
18429 2477 8881 10831 343 13076 14884 15032 15495 7318 3820 5631 7920 15108 2908 10072 13736 10923 17496 8627 15959 18565 16567 9657 1795 1131
16721 9658 8952 13658 4990 3735 10532 268 10340 12755 5682 19155 147 14154 5313 18912 1613 12506 10463 3370 4885 6904 17087 5180 1483 8103
4213 15711 2495 11412 194 1440 14085 2032 15571 19653 2233 343 10406 4898 1823 16025 10350 13189 10895 15347 19738 15347 7133 5864 9168 17703
6249 3841 9198 16725 11152 4230 2660 6089 13162 16863 7499 9851 14684 11600 1965 10674 14660 220 19653 14395 9597 12579 7806 12285 18137 10706
13986 14884 10228 8996 11037 5930 5765 12465 17433 3627 11354 17125 624 11543 66 15818 3222 4431 4572 15057 9610 12460 16670 9478 5473 3897
8943 2429 9831 15750 5700 19940 2685 16085 19217 4705 19790 6233 9434 9722 4345 13953 11153 14518 7786 9587 8668 8342 10969 11445 1173 3078
12344 5813 7547 18067 16475 13775 9206 10131 6778 73 12506 7244 19301 8199 8107 5525 6946 1359 3888 1457 11142 4331 12354 14764 11487 3856
13340 10858 5452 11739 1817 6226 15114 12318 17638 14255 3857 2357 10391 14247 11663 1805 69 3068 14038 17051 11387 5532 9841 6601 12820 2192
10878 6870 18695 2814 16521 9357 11188 5643 4527 1232 7736 18544 15751 13600 9302 8631 13813 4162 14787 9021 17786 13470 5578 12259 6971 5154
8622 8608 4317 9805 2070 18442 9301 12227 8423 4518 11058 7386 2092 5283 11041 13362 2521 11993 13826 1837 13054 6130 16683 8514 3969 3481
873 6764 1494 11707 3411 19 3275 8108 4013 12323 11261 5609 5203 5161 14211 17576 7557 1838 5092 15302 13511 13015 1650 13082 10539 7017
19667 10199 8561 13233 19046 18392 13545 19707 10020 11590 7403 18080 11988 1335 6619 17943 19886 7179 5540 19200 5357 10814 6965 16877 17168 4421
8865 2767 12456 12078 11370 8789 17569 14048 5973 51 16282 7806 6878 5948 13975 6738 18257 5165 16160 16694 11519 193 7826 14152 4737 12176
12377 13826 14941 10623 15975 3028 5733 14934 7452 5715 3853 10087 11147 17289 15785 24 17369 6943 2100 8041 16639 7089 7047 7098 13399 14278
4424 10932 6094 9799 4640 9775 5909 11713 13901 11773 18956 17137 17483 16925 6658 10361 9727 15145 6044 8714 2698 18511 13006 15141 18114 18764
15215 13079 16875 14445 1608 5115 18518 19955 3191 4379 11752 1437 2117 6375 215 19470 13906 15726 9736 18198 11136 3365 19081 10099 435 3832
11146 5171 5379 11543 3141 3646 18197 1990 4956 18071 7478 15876 1029 15227 11137 7155 14114 2023 15967 206 12426 19720 334 16956 15206 15403
3011 8353 11780 14843 1680 11494 7849 7904 2269 11946 10978 15684 7372 12234 214 7057 8456 13791 16171 19378 15947 7779 14910 15581 13578 5180
1046 16228 14930 1655 19302 13601 5644 1917 15179 13497 10966 14369 18405 2634 7082 8333 10396 9476 15884 12516 12536 12734 4656 12622 17521 11760
119 8348 448 16676 684 2069 7175 7824 15599 8892 15472 9560 8979 4883 9894 4998 14872 4310 11792 7062 16678 7831 4712 3707 17367 4999
2328 8947 9621 17085 11395 4138 16464 660 2023 13101 8834 12792 6038 3533 4611 19051 8133 7440 19774 18377 15894 11116 6366 19844 16977 9654
6523 17465 12359 2154 13275 14051 13161 1079 17281 15939 6949 5472 9099 11898 3499 19398 3298 1154 4894 6575 19198 2910 6056 16593 6565 1328
6783 14453 18553 8001 836 9237 2261 12924 12875 1398 14544 14865 16916 8546 3776 16162 7917 1784 2495 6814 16380 19608 2469 13301 3071 11170
17478 13645 3490 2504 13356 13070 3162 5887 9336 7001 19318 17495 19224 16887 16668 7603 4307 19245 1090 10442 14317 5419 11162 19924 1859 235
10895 13745 1170 11344 13424 18768 7951 972 3827 9026 9071 19483 16840 7755 16212 19094 9870 6554 12047 2944 12858 1474 14397 19087 16316 17538
7972 19853 18853 16247 3134 17118 8179 906 15784 12404 8399 19122 13531 16268 5805 3405 16744 6748 15347 3370 10521 13774 11724 13810 11613 3897
4834 14438 8289 4943 10607 2157 7190 7716 13167 19464 12094 7101 2825 12837 13794 5707 307 10473 13908 976 1548 17153 4491 10087 6673 18275
15758 17321 14042 16633 12624 6836 3254 3699 12140 17622 12826 713 16006 10415 17505 15942 16945 14017 10654 12507 10611 17206 14213 7387 10228 4094
13724 16348 10609 3462 1015 12381 13437 4658 3351 5769 4473 12833 4548 10981 7989 16073 2130 1942 416 11519 5632 15152 9609 12361 6885 15291
13592 13101 3832 26 8969 13091 16047 15009 8944 13153 3973 12416 3354 10863 9312 8969 16325 6423 14007 10137 14416 5185 17562 3032 7847 5711
9078 11048 9547 11157 586 1880 13605 441 10598 12295 1010 3092 9160 4070 3423 6726 15977 1046 12316 1292 4170 16709 10379 12893 1981 9022
8038 6057 1231 19929 10954 6069 10268 7144 885 18226 3639 8991 18429 15136 7990 9738 19557 6644 13263 8022 17797 11259 15894 11082 17842 17260
10709 4150 13591 3212 542 1512 12005 12230 16956 14877 18306 16480 14443 13562 13846 7818 9466 13833 1486 18459 18590 5757 13501 19763 11091 19460
7526 9662 14281 2120 1160 12253 16063 16105 10043 3184 17305 18968 3485 7626 6048 16869 3008 6008 14139 15191 17096 18722 475 12695 12191 9199
13804 1439 756 325 18476 7635 10444 10182 18416 5725 16629 16088 15166 9037 12724 16201 8219 11884 17804 16427 8019 15810 4768 3194 17089 6621
12090 3194 13677 16832 13491 15283 11272 18043 3162 16722 18537 5576 7328 11109 16786 14954 8947 904 13047 6076 17011 8411 16236 15331 7393 17767
5963 16678 8529 5746 3253 16539 1035 12638 6793 14779 15456 13018 8978 3771 11967 90 7164 397 3532 14545 11609 858 18156 3599 9164 16922
6564 4230 4179 19456 9188 9094 2799 9730 6945 12104 7158 13353 9805 2209 14206 1566 16674 15466 11901 2272 759 6791 19659 142 19203 12016
3893 12202 18866 15312 13502 19430 14379 14376 14389 18480 10119 7103 17114 18977 10277 10726 14496 17535 3005 4689 764 17239 16614 1171 11446 19201
1281 18295 7466 5 9500 260 15154 7379 11204 8244 323 6937 9599 2650 5675 17377 1475 1661 9532 16034 2917 6987 7507 18683 8327 15546
12946 12380 3900 8126 5825 9430 19645 1877 101 3301 14153 18186 10969 1602 6891 14368 3927 308 10197 2865 14936 13106 17929 15963 938 1593
942 14890 19184 18074 14511 12444 16032 4104 10604 10224 11908 15039 14950 15789 4327 5141 15021 5375 13368 9076 19516 862 9114 11681 4766 7143
19758 957 6109 19719 638 4406 1761 8587 17452 1384 4935 3633 16780 11476 7380 6155 2952 14276 10218 8957 17105 1913 530 2057 18584 9609
11305 5841 16198 6 4921 16162 5356 19718 4840 11523 9223 9251 18267 5303 5615 11281 7953 17197 14540 10677 10223 13165 8152 13089 4563 4173
19520 15553 10328 18742 810 11925 11092 19395 19949 4953 16867 18465 4263 5518 9183 11097 17252 19213 9400 14369 18605 9771 10739 3861 16895 15758
3809 9091 7909 8848 18839 15447 15861 3813 15334 11729 5455 18076 10961 4425 17432 1360 14923 7292 5619 6234 11726 13923 18330 3539 17569 8258
13283 127 1504 18905 4531 2798 13131 12464 17573 12640 7407 19771 1219 4342 9209 9564 14303 700 19750 18914 4939 6229 17622 14817 11195 18111
1516 12418 18515 5607 6142 6953 3240 11788 16304 7025 10121 8469 17024 13184 11264 16853 14567 7635 10166 11358 9206 5962 7086 17446 4708 8629
12108 1692 19330 6598 12707 10549 19873 17431 16635 744 13671 7398 15365 4137 265 17298 8949 16744 2123 3561 13733 16946 16074 604 10104 15430
7962 13244 18257 3662 10403 4655 9117 17969 13799 9015 6246 14992 16364 17607 1947 13053 242 15029 3685 8304 13576 8184 15332 5033 10600 7894
19339 10073 1227 9345 3174 961 11485 7624 1410 966 658 17415 6917 9334 10 6770 15476 4083 2502 10700 1100 3007 4292 518 18872 2426
5371 10766 18485 12524 16682 9356 13757 4659 2423 4360 6288 2267 15892 15643 4149 9775 1026 14029 9436 2685 946 11519 10980 7605 18369 6843
15807 1599 3946 15500 5423 18556 16618 5016 2699 13617 15982 8104 13387 15186 14385 19597 18260 11003 3811 16788 2266 14792 7870 16720 12375 787
12827 14254 15783 12437 8404 9896 10801 6741 11146 6219 7042 5782 13582 15407 67 12524 4292 1672 9091 17364 19932 18192 7002 16123 17565 3641
7411 7962 411 18936 16250 14561 16636 1611 7936 9760 19873 9021 10167 3450 8228 11193 12845 4682 411 2662 1359 7558 15384 10548 15331 4808
16436 13851 9784 11723 11656 2996 11013 2127 18866 18809 13478 18484 17121 881 4942 5114 4887 6160 2230 12624 19963 19325 17668 313 8473 6137
372 8467 8099 7667 14931 3327 9832 12987 10481 1663 19064 12955 1023 15937 6296 8193 18121 12570 2212 13323 10596 13454 4593 11218 10493 1567
18860 18663 16711 2932 16326 2009 127 3897 5012 1788 19034 17071 9418 14857 8942 19114 12267 15200 18539 609 632 8953 14992 2709 225 16089
775 7623 19614 11563 5165 2471 4745 9895 8633 19828 12192 6740 13735 545 15595 19064 6701 18428 3673 1244 1958 14429 15282 16863 17999 137
9949 6136 8322 9154 18039 2765 12363 10568 15374 17120 17973 5274 9787 4341 16310 8444 1191 9389 10690 17424 10194 9956 10497 3645 7529 15884
15421 222 18158 5928 8169 15978 3623 7407 17029 812 9975 14315 5191 11939 3705 18755 2172 11550 16493 3528 6119 8002 2926 16454 7846 3533
14147 16989 2454 19207 6245 13042 13202 15466 16575 19258 14819 10054 18475 7078 8569 5997 8670 14312 1024 1830 17017 15781 9162 12267 3455 12403
10870 19996 10466 9877 17526 15920 11083 9162 11092 1756 7083 10213 4309 11413 5966 86 8934 9964 13800 18275 10861 15313 19437 14677 13623 3294
5470 7361 15364 8726 12822 17908 1209 10714 19698 14375 15033 17060 12950 7221 17509 13433 11900 717 6218 16897 961 5643 11861 14405 4031 8954
6248 3343 11823 15943 4447 19722 6405 19712 11687 6121 2574 18499 17269 19214 16322 975 13687 7582 16044 7571 6793 9773 6616 14756 18872 15172
19378 856 18342 19175 1503 13588 11569 8907 3758 15220 14500 9404 18301 6992 2880 11339 18687 6430 7794 7868 4534 14409 14633 17074 11042 10886
8631 7824 1991 18444 10626 8800 2146 2001 16078 16229 3456 7572 18835 3053 1783 6162 15985 7688 1611 411 14813 14213 794 8521 5207 14029
95 14144 9111 17627 18823 15679 14215 8736 8071 8483 3786 6052 11617 12799 12500 2134 10481 7767 13386 12501 10116 12179 6919 11203 19384 1457
14997 4510 6107 9429 17933 6248 4310 3141 7893 3851 16765 12341 4190 6369 8789 19463 12850 18748 1553 17888 5574 11248 17477 16705 8991 1051
1063 6234 16726 16462 1664 4597 13475 1521 184 8005 17447 18513 14691 15151 2408 421 15760 2826 12444 15790 2488 1362 5156 9811 5930 7086
6164 18624 10451 1545 11458 6288 14321 18137 3755 7732 8392 9242 4011 14480 13956 15810 4247 11460 4206 18131 1671 7339 13323 6127 15212 7640
12 8101 2077 12803 1439 12082 15597 54 4181 12992 10727 7160 5751 3715 7915 14898 8628 10583 4235 1325 10081 11133 984 12091 3643 7237
17585 8380 6405 9453 19966 11832 17610 13679 9941 8155 13799 3367 2912 530 10876 8526 12796 2001 6801 16398 11830 10090 17877 19304 17150 17620
14059 9047 9295 5377 4904 15144 19939 17771 1554 1866 19627 5874 9889 13614 7661 9426 3053 8227 19489 14398 4650 9574 16951 9424 454 18459
3672 9951 16784 13432 5698 2610 6394 14586 6182 14302 14895 17929 8110 13305 16602 7974 2555 14374 6070 5597 5265 7461 18629 221 13427 6853
4972 993 18218 15220 12683 18034 9748 7991 10647 17178 6199 474 698 13149 6973 9299 6556 12524 12002 9159 2554 30 9404 9097 19726 4566
564 1860 7824 12354 10403 16582 1056 5504 301 4411 18188 19662 17087 13082 14104 8244 18428 2241 6350 15174 5709 10649 2877 583 10712 8970
461 2708 112 8319 10345 10809 5210 9221 13028 15299 1570 14740 15399 9029 9825 11940 16246 10904 9579 10618 14496 2745 7725 19497 11869 109
2050 16591 839 11880 2921 17494 12383 3275 13679 17703 10640 11770 2080 9541 11465 6155 14993 17978 1899 7065 2421 13902 10734 9216 14588 17052
17174 18906 9196 14760 2320 10031 9393 13448 18564 15611 9814 14479 12724 11698 6833 14153 6486 14552 15086 12431 19217 2842 5835 18697 9172 13686
14694 10202 8102 17212 13320 11503 18958 18675 15241 10671 16760 12713 2117 19830 9101 4999 13368 10580 7440 17347 15400 9559 14667 17636 8089 15760
4809 6305 7247 4366 8847 13363 3710 14776 9989 6976 4534 9279 9642 11890 18386 18685 135 17880 11097 51 19923 19228 15061 5006 989 14681
8647 6353 10135 1791 17740 16055 11214 10308 18322 13426 4818 2993 10799 6099 2224 1848 6570 1400 13911 4055 4797 2851 2731 7448 16439 5308
18719 16995 18146 18062 7645 4076 3347 10967 410 17350 16904 10562 4657 2475 13872 391 7939 17462 6484 11594 3514 18364 18226 3805 12143 4315
195 16914 1707 7144 14500 1972 8916 175 12276 4174 8247 10291 10025 15203 14226 668 17970 173 7410 8848 3738 12557 1018 12928 19518 11079
7718 2086 10143 19863 17309 16806 18779 4625 13155 4056 1663 12874 13495 6362 1551 17047 7333 54 16966 13625 11761 4801 18210 17337 18540 3276
720 6469 18679 3569 19111 3000 1121 1509 4381 8464 2768 857 16848 11037 1911 13650 12157 8932 17416 14028 18638 18226 1447 13311 10140 10268
18568 3801 12994 15066 763 17415 14115 501 14153 13788 17453 18015 1832 8953 7451 4643 14869 15356 14244 13852 14614 3850 16670 7018 4484 15099
19491 17871 10760 6171 7812 11608 2309 1917 1075 13791 18872 10222 7014 7216 5829 12295 4479 14495 2192 9195 16204 18211 11784 14039 17258 8521
14035 2592 1641 6949 1943 10965 11869 11327 13166 2022 477 10791 10098 16137 5600 15965 5431 11606 7730 831 11824 18967 8677 10720 19982 115
16948 18811 9736 16685 3026 12038 4877 2998 17586 9205 16222 10657 5856 16615 13888 14666 17984 14533 12815 10852 13649 13813 5324 1215 9330 14162
2437 15589 3090 16402 9914 5745 12709 18307 7653 9027 9609 14766 14460 16799 689 16667 626 18981 3066 11382 9422 17573 18604 18736 15994 17751
1797 5085 12611 8256 14583 11230 13949 13729 12837 1338 11387 13965 20 3070 17429 18693 15393 11409 10157 16500 7786 12362 18663 7173 17125 5889
13444 10246 19471 3748 3937 4726 15595 3893 9696 11085 9059 6960 13001 866 9401 12091 6411 8459 5157 15748 18335 18475 5030 2135 2566 8276
16767 18374 13990 19703 9682 15758 4107 13117 13755 13189 7746 9914 5988 19206 14667 3218 18999 4290 6523 10997 12963 10398 2375 11054 13973 6321
6532 17358 15288 16079 3847 15943 3598 4131 3550 14852 2548 11116 19564 12949 6312 962 10882 7837 14488 18557 3494 1985 5624 7507 901 4331
15661 9120 14851 17173 6815 19931 15765 6713 17042 11018 4002 11774 16650 365 1097 15940 19096 1868 7885 8985 9693 2033 12634 12192 5206 19943
10119 17084 7583 6954 9382 5507 1118 4522 16926 1412 3625 13562 8671 12057 14515 3515 4072 12594 3725 17490 628 12786 524 1197 2429 12143
14875 315 5780 15974 10359 11970 3478 15942 2820 133 9525 2214 6349 5437 1692 11888 9905 15662 9421 5936 7510 18400 16890 2670 18078 16507
2818 18748 18242 3432 12772 13406 502 5986 10022 19507 3719 9129 12275 10076 2591 9473 9493 13122 5502 6807 1370 3144 11060 5138 12436 13412
12005 6257 2317 19665 15168 16948 13785 1952 8078 7499 15348 15814 7613 7913 7228 16800 12018 10224 2865 17506 19343 15499 18863 9086 5629 7601
7408 4263 15891 2877 1382 19458 4033 1462 4954 6099 19092 14736 16900 13509 15835 6065 18959 12582 5224 7383 14950 4279 8398 3370 15142 2102
15577 18295 1681 5593 15350 11742 272 13465 4257 6744 17139 13293 5846 5743 720 16266 16570 12116 6381 17363 6950 4444 14092 6722 19783 640
1414 728 13867 3892 1161 14059 3563 13852 281 5456 15108 15959 17942 15616 11034 16599 11404 5797 19404 16252 1758 11565 8339 2766 3392 14127
3157 7591 2352 18596 7272 11407 15504 3924 13640 13391 5675 4277 16410 14400 13682 2139 19591 19531 10638 7328 11694 1982 4146 12689 12909 8900
19462 3159 6947 2238 3314 6442 471 19529 11665 10694 7654 16180 10367 2670 2934 15823 13901 18241 13544 14012 15924 4886 3014 7237 12180 19964
16614 17930 12734 5567 16026 13722 6428 4308 3582 10436 11453 14903 2295 5501 6658 13430 7895 18618 9094 11772 9336 14260 15044 19600 19415 13669
3100 19661 13180 19299 5132 18393 12065 7546 13325 5797 15970 6378 8501 11445 1263 16328 10499 11588 187 8826 11528 14820 9529 11263 18650 14992
13247 9546 15407 8851 9489 10856 9248 16013 11770 875 15675 19858 15211 9427 8297 1354 17610 782 9492 4959 11323 16944 3305 18056 628 13245
4619 4367 4711 10039 19636 6637 8932 17375 3585 9624 13854 3650 12535 6930 4915 11511 7849 10834 1102 15570 5407 6750 3592 14126 18015 6752
1121 3059 5117 11394 8838 15310 780 8675 2306 520 14002 3487 7458 18311 19913 17604 2725 8744 16249 4816 5130 12857 16178 19965 8189 14607
479 836 3742 17138 6343 1196 18056 12658 8145 18327 6080 12304 1899 13055 11319 6873 3426 5535 10958 9885 19138 19638 11596 11506 13735 792
2139 16732 9941 10722 14885 15264 8876 5131 4357 16523 16853 16650 7295 1861 14700 2185 16062 1428 10673 3466 18870 9405 10257 5315 16179 16428
12878 9967 15448 19912 3573 11281 646 4777 15976 15213 11669 14597 12817 17268 2858 7235 17359 1262 9201 19363 13599 3943 14301 13720 3644 12096
11856 13027 16281 9885 10291 949 12388 627 12948 14592 10581 14315 827 18191 3788 6507 3341 7196 15914 966 7861 12608 15717 2617 1484 14356
7829 10305 6313 16548 14887 8244 2546 12469 3799 6504 11300 5682 2054 4853 19346 8471 17284 236 15776 17519 5388 8711 17132 16157 14859 3522
9347 1223 10646 7330 2752 19330 6716 14849 5767 7861 6893 2001 12436 14079 2628 6811 3319 12154 7612 16721 951 4696 1443 6186 19198 10041
4361 6 553 14813 4846 16140 10756 14669 5109 9048 3692 2958 488 9555 18915 19666 10141 10074 5642 17417 8858 931 2919 5002 19136 14028
7246 2830 247 678 7736 4804 5074 9139 10254 13314 9689 12748 8103 19751 3839 1778 9527 14647 11195 11029 15275 17743 5338 12539 5062 5019
14074 9865 12101 5222 16558 18542 6385 12883 16692 3883 6876 14595 18740 12560 270 13074 10557 14491 3970 5255 7864 13314 1321 13598 16590 17518
3800 2096 16181 6171 13133 10729 1259 13961 14415 16641 17147 6317 5256 12423 18327 12193 15675 14251 12583 2959 2365 17100 8250 4847 4996 8245
3584 3084 13505 279 5108 13853 3686 1564 11424 17005 269 5619 19301 16367 16198 13766 3990 5137 15434 5223 6290 12595 8793 848 13121 19839
1677 1420 18288 9330 8439 19750 531 5346 12843 6897 3822 13260 6804 5102 18424 2 17542 3369 989 3036 3462 251 9675 8861 6679 19576
7152 19655 100 7347 4817 16835 4977 12263 16793 7295 1790 132 19204 13532 10466 3956 3728 9968 10214 4875 8431 12629 13454 17215 15265 8047
14891 15747 11926 11253 6302 1476 14495 6728 6123 12830 17908 2992 7026 18598 14442 11463 14137 4483 19995 1101 10820 19166 14479 9074 15269 19924
14856 17020 13792 3341 15473 3167 14490 11072 3817 7554 17090 10327 4790 1153 19963 17048 11931 13357 1189 774 15810 18012 13448 18444 12215 14857
559 9251 14687 3693 9450 12519 1765 15287 6566 9320 8902 5250 2966 6247 10501 4071 15173 17886 19757 10939 4628 18572 17523 17529 2471 6744
17022 19104 12001 3483 7025 5332 5436 18918 18231 2545 759 15732 2167 19005 8881 13517 7555 12454 14954 15586 14477 514 16792 2804 16492 14500
16817 1577 11390 11098 18040 1714 2350 6 17342 10919 19877 17250 3492 13868 7726 11657 12436 6479 13038 12723 16209 8680 2490 18412 15394 4832
15474 10530 12159 18015 5274 13151 4416 18619 12480 19269 4740 2954 8758 15080 10857 10478 8736 12264 7638 13604 18042 12500 6302 5281 291 8179
17280 10575 8467 2481 11577 16991 12940 18998 6753 5401 16788 10188 9741 18289 10517 18602 4528 11220 17571 3405 3002 1966 13028 11112 6654 11467
8888 7149 7240 13247 4145 3579 5945 8893 18232 12303 17567 12710 19599 1733 17490 19464 8599 11280 12821 3039 10009 8680 14472 2940 19780 16471
16483 13588 318 1797 13077 8768 19020 11050 3522 8477 13692 1498 5050 10467 517 4641 14512 4012 18928 7439 14760 4583 17347 17926 14867 2673
3432 13925 824 16236 9786 4337 9005 9934 2502 9121 13750 15542 16215 8878 8871 15030 2443 8712 2557 13928 8865 13759 17224 4090 19529 2710
9608 10547 18054 7810 10195 7001 16871 6843 16479 5576 18922 9734 6764 9955 6136 6829 5086 19169 8031 9498 7769 2363 15811 7949 14143 17404
14450 14264 10515 2275 5769 10721 6641 8604 6559 6514 15004 3402 16244 648 12944 7914 8593 4927 18405 8967 2937 11390 15971 17907 339 18079
4352 742 13715 10509 1622 16348 5320 1321 7444 18150 18193 5656 5843 12210 5702 3544 3398 5128 2177 13405 6124 11891 15710 19145 585 12791
2428 5109 2081 12340 4140 7412 12010 17955 8642 7631 17179 211 8338 7241 1819 11159 19800 16487 406 5434 17452 10355 18456 1437 3618 10215
11511 566 9269 17580 15550 4215 16344 1046 11069 1680 1224 3049 14097 4479 11642 15972 5991 14599 4622 5453 3069 7911 18897 13472 793 2141
3318 4189 10164 12643 12720 18829 2779 237 16799 8997 4842 2767 11354 17215 11857 13331 4526 5423 3797 2511 2583 18166 10012 2530 2887 10169
9240 6771 11331 15901 12675 10299 7119 8897 12684 16963 16087 15101 5361 14498 6300 15374 11983 4262 1278 14898 6744 7992 18067 12618 15248 6557
8115 8953 19743 3203 5389 3633 10226 16072 19067 11720 5279 10058 16544 17116 7884 14995 19577 6061 4622 8735 19702 7558 13195 8060 17774 1693
1623 1513 10156 13300 14258 12268 12108 12311 19562 9068 8408 462 8118 4852 10134 6088 1793 3961 18104 15439 1987 16461 5975 12201 19463 14830
12162 343 8679 5411 11877 16402 17583 5827 14567 7410 16521 5152 16928 10861 2750 4081 9039 12702 15128 18478 4964 1735 5710 16137 7438 12824
741 3552 2017 2082 15230 17530 1484 4322 11133 14897 7027 4452 765 6679 19009 18730 5063 2713 3808 11014 14411 1037 15408 14215 2780 4178
12794 17554 12807 5722 7904 8996 5236 8958 13345 13778 12730 7439 9247 1590 1619 13781 5634 17483 8133 8847 7176 5141 7550 17863 10786 4325
12554 10468 7755 7863 9434 4497 11134 7997 4848 12647 2731 2086 193 5938 10780 18265 5622 13131 6248 3287 5708 12457 7248 17998 17688 10454
1741 16702 1375 11949 4240 7794 7675 3213 10678 14406 12476 11175 11448 9634 14943 11980 7894 18137 1975 17190 6065 2114 10836 6178 3655 4214
9248 11199 3919 19262 7290 5069 17166 9608 19724 1644 10373 15631 16670 15436 4553 13718 18276 4572 5210 15425 17886 2596 3814 11097 285 2728
17829 19687 10829 14989 8227 10134 5393 4338 6615 4299 11237 5974 8969 7828 13933 8228 15078 17954 17144 4281 3066 11491 17753 8531 11487 8043
10524 12211 15593 6721 19387 14753 8683 15416 5761 19619 19945 6273 4436 5478 13725 3021 18866 5003 5188 12024 17194 13576 15331 18561 12618 15047
9537 12259 13178 18043 3447 11966 8231 11901 15839 11589 6708 15521 9745 16057 16349 19788 17894 1116 10654 9059 4109 15741 5429 2976 8159 17842
6659 376 16481 13758 7936 12032 421 648 17550 1535 3244 18391 171 14617 9558 2805 9202 3702 12497 4450 14555 12792 4534 16838 18574 1960
4044 3394 13999 18257 2546 16476 11610 13295 15518 13382 13813 1813 2257 1506 169 19800 7976 15809 17737 7050 4441 18188 11440 7905 12852 2467
13428 9091 1270 18882 16791 15630 17223 9973 12544 11261 6484 18017 15646 567 14740 4284 5490 10541 731 2645 6329 12686 5619 14683 10981 8104
9008 8800 3404 19791 12110 19442 19385 718 14486 9592 6364 15025 19108 8029 18751 9200 79 5445 3027 11151 15510 11787 19483 6047 12546 1052
5757 12468 6505 9749 6492 17457 14751 12920 1468 2213 5117 6346 17066 2180 7347 2891 11740 14047 10434 13570 6757 918 18011 18729 7554 3401
9224 18857 1354 6621 19245 17418 9867 11553 13214 17254 3615 6031 16465 10529 8310 14059 3630 697 17402 7971 2468 7121 14143 7254 16729 15434
16600 7141 4087 12915 14277 3955 14805 12491 3086 12748 17805 12567 13968 18466 944 9472 1338 18645 12817 5479 4188 4274 461 16226 5335 2462
18912 3392 13438 7124 17431 12606 10618 12887 18996 4154 1206 17432 7835 1547 18342 1293 282 77 13414 10843 17370 16097 6038 3934 6523 7668
18913 7721 3690 1069 5808 8840 616 10002 2947 17230 527 16936 18508 3773 1210 18706 18841 11526 9788 2988 11237 16155 8832 15608 5523 11847
18834 11518 8110 6664 17595 14831 13216 8061 8463 19500 10918 5933 18132 13573 12018 6071 14962 15941 19047 579 11436 2730 14394 17776 8228 1631
7765 5151 8335 9789 10525 7812 1658 10923 4899 11906 2183 15139 15492 10621 2669 7720 3409 15096 12379 1424 13653 15477 951 8910 1701 8069
17711 18632 18680 6018 1900 10372 7335 17651 18998 1201 15410 15771 8626 3464 11850 12015 507 3130 10078 5357 760 3252 2260 1662 15992 11853
6505 11367 135 11358 9912 13217 505 10863 5459 2429 2759 906 10423 12641 18120 18746 2506 5250 7786 13378 951 1378 18243 3277 19867 17420
18711 6176 10395 11162 18977 2243 6710 8806 9528 6882 16331 7914 1633 9704 8861 16194 1791 8810 1335 3615 14057 15718 15698 16231 12109 8827
14833 3844 18225 11130 18784 5953 14153 17958 19742 12151 2644 18665 9296 14998 16916 6569 8482 14161 4804 6193 1066 2522 8595 4743 4127 2514
1413 8940 5351 3097 2633 6374 6625 19038 16351 4499 5190 13801 7643 9603 1597 15896 16967 8227 7616 19587 10209 10627 2846 10061 13064 18485
5547 4561 8766 1975 19564 10301 2039 11350 12537 4808 13047 15403 3422 15384 7276 5135 15001 16959 11246 11563 3541 12192 15089 9187 8895 10205
9007 7179 9910 1365 9772 2457 17210 11707 15893 2390 10484 19869 3145 7392 2593 5892 10410 10432 5358 1522 5603 7915 7891 15737 5185 15740
18167 15835 8676 3787 15592 19716 16476 380 13931 533 5764 164 13664 16529 11154 7283 13269 471 9205 15709 16249 10472 1441 12876 1975 3572
15023 381 5863 5717 7071 7730 10800 11431 8826 12630 1254 5004 4170 13429 2962 17616 4380 17404 8211 19191 14299 15164 15231 5952 18261 3383
1980 11638 7732 15112 4009 15854 5213 1229 5326 1250 1178 3078 3449 16738 5675 16572 12317 13587 2778 1116 18276 622 6803 5758 11720 8865
9483 5199 19249 17306 17008 19420 19823 10076 18561 19013 17597 6519 16599 7465 5639 11440 8641 35 6078 1486 1281 19573 5887 11646 5709 13386
6673 4463 5615 2780 1381 17915 4755 6818 10541 2961 1351 10933 6325 1964 18730 9215 11731 8049 384 15887 8416 5049 4193 4020 4889 8137
6956 9360 8313 15103 17439 12721 1135 7782 15757 561 6664 11326 6080 9659 15884 1515 15158 5224 6491 12541 3696 4329 19930 233 10431 10682
11967 11438 10626 16061 13498 3153 16562 16705 6950 17090 10282 3985 523 15437 14086 5129 8465 17678 17753 2901 16588 14930 178 16596 4158 11291
3102 10811 13344 15954 3723 7833 12376 8976 14161 15353 9371 4550 5825 9047 11620 16091 17890 15199 5454 9066 175 1537 1198 18412 10928 6986
13188 2187 12420 7598 8853 9544 495 19156 18166 11380 8070 16070 5566 1077 5228 6439 7055 52 2395 5970 5540 12226 14614 15811 9232 18322
18493 9307 5988 1967 15088 8270 11162 12753 767 4103 13252 10254 2236 14041 18770 188 15105 1805 9734 200 1823 7663 19807 484 18902 14301
8636 12033 11226 1429 15708 4314 7518 6859 8610 14121 8366 17171 11855 13586 4613 16523 4900 15058 15549 8337 1793 1550 17463 5948 15830 2274
13498 6195 549 9992 13671 1328 1692 7052 2188 8972 4176 12841 561 12248 8452 19696 17220 5826 3182 3376 12773 13354 7523 19134 12762 6717
10451 2039 3714 10155 3793 15377 4960 2214 5649 16460 6888 5938 10285 17283 12476 2631 6839 9625 17270 17104 12703 5725 11690 11345 12201 16783
7030 7312 6717 13064 17260 16088 12428 16819 1444 11350 10361 18280 15602 8320 17488 15603 3493 1330 3203 19346 12132 3006 2443 856 13821 12136
7745 15911 14640 11054 15753 9749 13806 3943 12009 12041 14172 19392 8243 10008 12004 3581 4387 6459 15354 2948 8975 15623 4272 1352 16584 7008
8709 18922 17908 8756 6597 8040 11911 6750 19495 12586 2892 15852 1424 3128 17067 14194 18286 9612 13168 8618 2235 19596 254 4533 8646 5636
4609 15873 14320 16874 6564 17300 16424 14734 17080 15700 18982 17092 2694 16381 16176 19223 3487 18421 2516 13554 2177 7971 2605 13074 18041 10997
6415 12687 14534 6803 18983 12387 10466 8336 17286 11563 1928 7364 13904 4144 8900 1146 5659 2118 15937 16458 2693 15140 4897 17009 2693 3164
13699 16983 17685 18651 4492 3184 1783 15140 10714 17152 1648 7443 10437 11845 12378 11283 15579 685 1553 15069 13575 17517 16892 3486 8952 5184
9637 1998 2751 3916 5489 14206 4341 6888 11760 13313 19314 16707 12373 4554 17267 13052 10493 15280 16143 16985 11627 16731 14119 16049 5494 14865
5271 19276 15345 16330 3582 7768 18271 1782 9462 2719 18379 1219 4581 18415 11177 7032 14910 11128 15449 17969 10117 18565 16212 494 18096 10358
6938 324 3290 18074 5764 6965 1658 16228 15922 10597 12817 6967 12560 1264 16486 1048 193 18509 4618 3322 15701 11556 13877 17200 16518 19561
8019 12288 18717 16250 12310 698 10170 4523 10657 8246 10597 12106 9646 11159 11358 12740 1347 3321 18389 9488 18382 1179 3627 7481 15319 2633
18724 2158 9066 9951 16071 14616 15118 7132 8030 3860 15145 10962 2477 5711 13016 3321 14857 11578 5332 8811 4891 1595 11913 422 5391 4959
7548 13553 2510 6459 11908 16353 4888 19952 4812 14535 19273 5468 14909 9963 4867 2142 19032 14705 19717 584 5249 8155 13519 17122 14403 4418
17849 12644 4764 17199 5181 14873 4481 16396 19378 172 3557 17230 19827 14790 6526 18865 3014 17536 8150 7619 9917 16071 11347 11363 13499 14068
78 13436 5472 5636 16328 17541 19116 12738 18988 8355 1219 19144 14348 17219 14884 14683 13564 11462 19466 12103 11824 5591 18189 1197 14970 3945
14093 18803 6724 14805 15816 12881 17287 14880 2495 4390 16128 3877 13902 4465 3171 1714 16364 6448 4115 18644 15415 8136 3902 15764 1036 2405
4162 17758 1205 15606 14686 5940 19729 7064 1325 9550 7253 5132 15656 18027 17223 8386 11872 4506 11122 6058 12351 47 2662 17407 5038 9542
1066 12312 1207 2841 4804 9354 11766 11466 4135 1220 95 10046 10082 5393 12660 66 12590 8133 18432 3428 3905 1121 5140 5232 7866 240
14496 19741 7106 9765 7916 15602 16716 5878 19730 14732 5840 6053 3750 12797 10865 2352 18838 7876 18525 18839 15988 16076 6548 9087 11933 17003
2337 19565 18575 10710 4114 7543 2330 6631 6290 2092 5117 3061 7146 15947 16348 11847 2201 19680 1961 672 15393 4946 7749 1627 2025 9702
959 12779 3117 17506 17147 2913 11577 871 11099 19529 4126 13308 2639 1000 2001 5790 4780 19937 2958 19655 5149 16540 694 18442 1956 882
11498 9586 2855 18416 15423 2086 7571 8675 3425 16678 8721 5039 6552 2178 16979 7444 8525 14056 18261 11174 12974 4137 5642 10719 2251 1870
19158 885 17138 793 19148 9484 11701 7794 11960 10109 12219 19553 8410 16602 5556 12624 18963 4154 6892 6729 15456 14067 1684 702 1636 11840
11511 10160 18789 14034 1947 15532 15353 1910 9492 5327 1795 14018 9406 6631 19268 446 8309 9877 9242 2866 521 11906 12795 460 2488 18435
5820 8879 7248 12226 10921 13242 10877 10687 13478 704 10003 2649 923 13814 7077 8531 12738 10254 15830 3073 2889 3500 7877 3949 10726 12034
3654 1884 19960 2661 14384 1087 5062 19708 6505 14269 13912 3098 12478 535 86 10404 8630 18593 323 4550 9816 2753 8018 1990 16941 5785
