365
34 82 81 51 61 8 75 18 87 82 68 72 25 66 19 65 38 97 43 76 76 87 59 34 65 84
5414 5616 19934 9908 14222 8920 11074 6896 14193 10031 6122 1480 1833 14951 16286 5149 15074 13782 9721 19850 4680 18857 4776 11731 6484 13083
12908 8686 1317 2119 17988 12098 713 2998 7538 457 15289 12738 6345 11879 17111 15500 7548 17353 9115 2871 8832 2031 8464 1133 1169 8644
19361 9881 2255 8630 6816 3326 3145 11553 4600 12905 18395 18250 13757 4311 2133 2527 7935 19802 4374 18286 12705 927 4274 987 4228 7805
10496 7405 11902 7074 68 4462 13559 15186 14487 16464 575 6346 1161 16067 2321 3847 11619 509 2381 9853 7483 200 14718 17276 2165 14732
379 7010 650 19701 16114 12582 5660 7677 7156 3487 1563 9710 17878 17828 12543 16705 11308 19140 1844 9183 14008 14623 11603 16410 5405 4406
1154 14561 7370 18875 17847 3183 8077 7928 16899 11866 12837 13478 12240 9861 14050 8531 1144 2672 4224 1860 12575 4859 12335 11186 4726 11049
18826 1052 9594 17533 2770 5433 9313 5378 727 5687 18999 17016 10086 11750 11320 19580 8168 2636 143 15395 1360 14562 4164 16080 1804 5422
10512 13721 8138 4972 4194 11378 11366 14204 6841 3245 10662 4944 14208 12219 16498 7139 1115 4197 2826 12650 1219 12320 11639 17175 6140 13113
12630 7380 1395 9207 6809 7331 12875 18851 9425 14012 7892 6925 11052 19391 8492 182 5655 9807 16659 4757 17770 7689 2982 11321 6459 18230
5534 8332 18644 5527 1442 17214 16301 12735 17575 3721 11340 12013 10976 4347 15342 9165 1920 12362 10332 4925 11153 3424 4145 19925 8328 17114
16060 5147 18225 17886 531 17943 4551 3563 7752 15652 18729 8977 1493 13525 3723 4247 4401 6309 783 6355 3123 10937 3998 7367 5163 10481
5902 19243 17966 16153 15587 14613 16341 4342 18709 13673 437 431 11908 18592 6377 3969 13532 1711 16476 10527 19960 7033 6031 19152 14370 17996
9533 17443 3691 16478 10139 5311 275 5659 9929 3823 18229 745 2805 5552 8595 6918 16885 8124 9050 9024 15629 17091 3822 11519 3905 12394
7639 5547 14795 8256 19557 7862 13121 13375 10569 16185 743 19166 18326 879 13245 11011 2035 2120 11889 1632 12068 19578 10056 10239 11190 19932
15343 6264 12014 970 16462 10536 11531 16752 15508 3007 10790 559 16439 5875 2027 753 3540 260 19891 15338 2118 17069 11519 11274 160 7778
7860 18658 710 9989 6141 15373 13697 16103 9397 8467 6284 4844 9032 9732 13190 9725 2918 3495 3520 5998 16860 14428 2100 18785 14352 7662
15087 10032 8935 1105 13031 5608 13097 2239 12135 10088 4288 15279 2769 15627 1144 9222 136 12994 17637 6835 12709 2157 11339 8251 2517 3711
10505 8240 13457 10841 3627 16239 18783 6010 9584 6562 5347 15631 7113 17923 17545 8694 5101 12478 12091 3460 13178 1836 8137 9055 7583 16935
13130 1076 19191 2165 16248 17806 6936 10592 13245 4739 14385 5956 6978 2046 9353 17666 9309 11069 8230 821 5711 18063 15097 15419 19588 3654
19674 10363 15817 16737 13566 10143 18189 6601 13219 17466 223 8295 3384 7353 10136 6239 5219 15090 3771 12157 13173 18844 13898 13320 10614 6413
15610 7022 10363 15830 16706 15992 15454 125 17122 6145 13078 18732 14258 4728 10205 13850 7289 14778 9914 783 15012 735 17736 16105 13995 10773
6162 8920 11094 18728 6428 14935 14506 4918 333 14635 14447 2163 14116 11799 4570 16521 14341 571 12810 9587 17596 11707 11930 19520 11762 3119
1106 12694 19550 11777 17076 7608 14736 7386 13973 8159 7672 5760 10086 16497 5436 15612 16819 16271 11846 15435 5807 10020 17261 4227 3656 1471
7659 741 19680 19717 8677 16671 11907 12848 14175 7232 1561 2879 16127 900 6580 12009 13948 11981 14750 2228 8047 17097 842 14750 10000 9252
3490 16056 7772 17827 16522 6009 11032 13508 15705 2499 5767 6090 14811 7181 19826 8377 18939 6796 5917 10931 12832 7467 439 3885 19022 11647
2408 9782 10269 14096 11909 11380 4700 5961 12425 14899 3173 13687 15356 12241 19362 3183 3078 6771 12485 3929 7417 19904 11296 2744 19660 14861
3662 8036 19341 4368 17026 13186 10231 5904 4264 9597 18571 2384 17469 5096 19952 15761 16328 4405 17902 9380 221 6372 11045 10760 5807 12984
5367 16911 9055 13314 9764 18015 5917 17492 9508 18148 6463 2444 10465 13321 13 9294 19695 3882 10159 8913 1059 17641 6283 3700 10014 11372
5320 15539 1824 15240 16901 11052 16921 1993 2528 3626 233 17226 8381 13427 7491 7366 4771 13403 6340 12460 14660 9486 11338 6864 6930 3678
1451 17980 10660 5884 4996 13386 3489 15317 6057 10195 18517 9479 17610 1959 9468 8903 11888 4584 9796 9352 12222 518 3318 15115 8775 17168
10724 16877 2263 7257 15211 14374 10289 233 595 6579 15653 11143 15230 2003 19724 18630 11354 6362 2952 5791 8917 7579 14957 17820 1954 11775
18097 11859 18508 17641 4560 3 576 11039 19947 10148 15415 14445 7142 8436 10974 12230 19704 4045 4564 6757 6783 2934 5846 967 2519 2689
18932 12172 18300 18376 15369 2907 5203 6520 6827 13836 19210 16222 4718 5815 5965 14317 13879 18731 6532 2005 1749 6228 19731 8758 1711 895
1502 7553 15523 12869 15929 7212 12025 17042 10374 1649 14375 12054 16309 6492 5969 19847 3647 8807 13170 7345 14907 8198 19623 4468 13992 4238
14944 13363 3205 10488 8709 8214 18467 11920 19143 16080 6782 18801 12419 19050 235 5450 6240 5515 2499 15819 15703 17418 8492 18827 3066 2879
12040 13018 9367 14077 967 14149 15797 3896 19213 6519 12362 19456 17109 15697 18991 13516 4209 8464 19429 8711 8455 14180 14908 10861 1516 475
18099 5289 19768 5299 7069 19936 18048 12878 16087 1558 9395 14859 3844 9109 17271 4280 1230 19266 15412 15998 15054 8099 10840 14838 15814 849
16075 10989 2863 12173 8592 11848 1590 8542 4134 3800 11927 19511 10536 11276 15958 18598 590 2248 18470 10640 13389 16241 7220 18499 18042 8159
2812 10337 4645 15481 6088 13747 4719 11382 12834 0 15868 14451 11296 17881 5647 15427 1381 14165 15322 12359 17472 17351 16068 565 14022 10924
8864 1255 13898 9831 17017 4626 1243 6111 16247 13211 18999 5768 18386 7416 6602 19755 17255 5501 15503 18721 413 7019 13817 3844 18726 5556
2721 16924 3125 11309 18224 678 18249 17723 7348 1855 1590 4047 10018 7494 12759 902 18358 10016 7959 1340 7004 829 19799 893 18411 17704
9602 12800 4175 1658 7732 9728 2179 16075 16429 17673 19455 7367 66 11834 3535 6389 14293 4395 8143 4910 10315 19004 17835 17767 11373 5330
9843 4786 12120 4313 841 7268 3221 18232 10819 7439 19202 17333 2669 17721 1970 7359 7344 7943 17662 4492 2654 12817 641 2345 7812 8903
5234 6851 15041 15817 19830 288 11244 3097 18436 9928 14950 15208 4176 14957 5735 16948 8997 8924 1663 3077 10500 18259 17257 7860 1282 18454
7014 17720 8119 14505 13075 8060 16474 19211 11718 9792 13925 14348 16608 8417 15323 5333 3435 14985 16916 13417 1188 12471 16526 10296 1761 18430
6511 330 7251 14394 9839 8704 10470 567 2418 16552 2724 18567 8988 12567 2584 9276 13621 570 7926 14487 15601 13972 12700 14136 3193 10701
13693 14661 4546 19977 1531 18815 12196 12993 3711 12426 2294 8585 15940 17673 9749 465 13576 14435 8388 3495 223 18456 14778 19704 4253 14424
11378 14217 12523 14414 8494 4112 7952 11985 14273 10172 16655 5396 2838 14215 17334 18262 11233 5770 16965 11092 7130 14242 5812 1428 10496 17763
8492 17736 9349 1949 11884 14621 16093 11718 15421 10833 35 19476 19335 19057 15388 4145 4786 3264 14975 13284 10390 1738 467 11869 18981 4545
14082 11131 18399 15156 18799 17899 4155 16192 6876 15618 14744 9814 7314 168 13027 3207 8251 3986 18892 3023 10792 17796 15033 12891 15501 14383
19948 4762 8693 2307 3610 13810 6372 2423 15352 17770 19000 7490 13394 8121 15567 16845 4541 16698 16533 10345 6997 1334 12388 11418 18288 648
19604 16348 1506 3437 11403 13917 12658 9451 3058 7742 17972 10300 10846 8514 12863 7509 1525 8442 14070 17809 19680 8261 8393 487 2765 4245
4019 8235 10498 5976 11136 3476 17135 13330 11697 7504 6919 17204 9700 8729 4377 5886 15369 12189 2930 15435 19220 10184 894 19516 7021 136
8368 9483 13850 4733 16251 15534 13605 13695 8176 15909 1567 14683 8979 15740 6016 15452 7415 10207 10113 1912 13989 9204 7093 13403 10872 4449
4092 7070 18023 11641 4820 6722 2535 9218 12141 12330 6314 2657 18186 7661 2030 9103 14795 12130 4355 1603 18784 16634 6280 6839 17364 17012
19814 808 11796 8864 5950 16250 11708 15233 3290 18864 4760 688 2851 5258 16116 1428 10874 16112 3168 19247 18005 10397 11550 12133 2317 13550
17402 8188 12198 14624 17063 14485 16213 14000 2330 14592 19386 10668 16730 11126 12399 12023 9532 18416 17752 10395 2214 19531 5848 14090 2136 19895
18845 16643 12733 6680 8359 10678 18181 6919 9094 13142 16256 13655 3545 18201 19787 8769 15090 18504 6063 8483 13854 19209 11078 2803 15536 3662
11723 9930 2904 17584 17801 5204 12445 16696 18511 17115 17767 11172 16423 6353 12297 7272 1659 16921 13416 11069 19827 15883 5088 1082 1968 12571
18547 12076 1494 8383 6105 3964 7834 6413 8020 17277 13520 3610 6189 9703 705 14111 5238 14657 9190 11697 9358 11847 3000 16882 1426 14919
17184 8519 16932 14448 12077 10351 19022 12256 500 14783 5218 7764 6447 8223 2340 13630 18031 18616 10361 2493 2992 2884 13965 18843 15530 5213
19405 15075 17305 17088 9526 2249 14829 1245 10900 15494 2449 16029 16285 4850 18738 6348 5126 3943 12318 17624 10754 11302 8971 19365 16144 16478
4957 12140 12650 18861 19128 14826 11246 17584 2368 18874 12219 3903 7750 8397 2110 1315 673 18459 15910 16451 13062 5336 12701 9326 12113 15938
10413 7706 13934 3756 7034 11004 7889 4085 15262 10753 17005 17768 8380 6412 17624 15193 9504 385 8919 15088 17231 4078 9531 9877 4270 13815
5056 13911 15243 18072 9311 18331 4561 11537 19201 18738 3400 3459 9460 6051 14411 9027 1362 17702 3979 7000 4368 13331 9499 6103 7051 5325
12297 4419 17563 15084 2146 2577 12321 581 6248 5712 3767 18481 14780 12681 8442 3235 9022 14870 8479 10500 17536 19634 14727 19185 4163 4792
139 12453 7028 8064 15464 13231 2698 16729 12905 18961 16835 16817 12251 15177 4326 11325 10803 15999 10145 10453 19022 10448 5543 539 7105 4331
10396 2428 18349 13276 10229 17087 11117 8295 12609 3078 6138 7165 9398 5247 851 5329 15882 9458 6061 3774 7200 4425 16028 2082 3135 15765
16443 15588 9327 8940 8910 478 13897 4325 13432 4976 16022 12481 11419 3491 16908 16064 4777 492 9049 10072 18049 10416 13830 1174 6189 3071
10849 1857 14126 15325 5678 1199 14715 16731 3099 10045 4559 16894 3214 12890 966 6962 938 17265 13534 15628 6673 4285 32 19130 4422 8430
12762 3111 5020 5287 8542 5946 40 2557 7688 15345 14390 12885 15636 19851 14734 12655 14395 10627 16160 10961 14976 1959 11354 7924 8153 5266
5810 4260 7780 17879 18912 1538 12534 18257 17282 1076 11273 19563 15646 6003 2271 19091 4933 7593 11409 5234 1524 10003 3622 6205 7419 8025
15065 13789 18889 8434 13089 16203 6096 11721 5787 9145 11133 16937 17096 3161 13615 14201 5443 11224 14327 19454 2759 17840 878 16314 13773 2883
9860 10521 17313 15085 14369 6573 2862 9649 6249 17055 13804 8014 14625 6296 5371 10569 3629 4625 10132 866 14080 12613 3720 18338 14743 16523
4135 623 2663 10090 9519 3996 6619 19498 8200 7775 12408 15651 7852 15048 12592 5924 1106 13634 7109 9453 9170 13899 2623 17446 15508 10210
9585 3183 1949 15321 14960 12201 18083 4524 1540 19908 13812 995 19035 17674 6667 19901 14713 9901 6415 3067 1937 17605 15779 2409 10734 7133
5687 7543 12964 17253 4086 4532 9058 16034 10062 3945 15502 17477 18571 12283 1779 15990 5103 9894 19976 15133 8175 5791 19756 217 1248 11919
6449 18601 10161 10624 14486 12129 18305 10090 704 10336 9855 18736 222 5734 9266 19374 4831 18635 1787 8559 6962 18475 6863 8767 42 6580
1729 5228 5471 4736 18583 5211 17358 6100 14217 3317 5575 15659 8991 7288 4635 2956 6704 9243 4467 562 13985 2447 19017 14582 7266 11824
9051 2247 6004 10306 1634 4976 11253 12848 7800 7813 9909 7620 13006 18547 5809 18125 2477 18497 167 563 14263 14561 13153 3309 10936 2823
17909 2990 18832 4806 9411 16335 9086 5369 8446 2515 2910 568 1740 3673 7643 13718 6237 18413 8477 13881 4925 14920 16191 3500 2694 18072
2677 5838 10920 16163 6274 5510 9481 5937 5560 16177 9060 14001 9733 4469 1748 6723 7148 17190 13171 2560 13050 18968 17271 1242 7380 14376
8479 1519 8078 3838 11530 1196 19102 17432 14601 3813 7908 14655 18014 4066 2303 15200 17884 10320 6376 256 4750 14013 240 5573 19442 4864
3956 16352 2144 11478 2056 5227 18374 5831 18952 3200 10830 18286 17133 8181 18210 8543 6700 18612 16964 5283 7640 10356 12106 12186 9758 4100
11603 14090 10163 11089 4088 16941 9633 2634 11803 7474 18415 18789 14223 2615 5979 10139 14214 13863 19127 12523 10554 6729 12195 11982 19943 2994
5044 6756 4886 15292 1739 888 10368 3708 6072 13077 113 3026 175 11991 15140 572 8787 866 5617 18481 6923 19464 9093 4245 13929 7220
19310 17088 14946 4793 16461 8404 208 10915 15720 4422 11258 1877 13525 18162 1384 18343 2754 17464 12051 5894 823 1921 16094 15324 19471 10784
7058 8900 5739 18671 5140 15841 12960 14354 2073 10487 2374 8087 9389 18118 12817 7647 134 18961 5674 5951 2160 17523 4919 16441 3727 13248
10653 3014 12724 13351 5779 10307 10806 17583 17785 13576 1591 15409 18746 11586 6242 11754 9900 18471 3774 13055 9115 9815 11171 5058 13078 11057
8729 10199 401 19462 3505 19393 10972 12187 8024 6485 19399 6411 1144 10153 5695 17403 16270 11817 10587 12287 12252 1209 10597 6814 16720 6660
15141 1373 13343 9486 16034 13572 10684 13110 6042 7292 7230 3163 19431 17190 7014 14063 18889 16868 10721 6794 8543 9391 11724 3565 11441 8609
12952 4693 17224 8295 19735 2275 2534 18695 15712 687 2887 3312 13791 596 17565 2803 11274 3285 18352 8183 12303 4772 678 3477 19568 5973
2445 16083 13653 16937 6719 18476 18289 10578 9593 11991 7080 3251 3844 1648 5717 5302 11021 12901 16468 9343 11987 12949 3698 13819 574 645
3725 17753 13996 4769 14275 5999 13448 17196 1143 19607 3082 14534 1944 5138 18182 10155 12743 8571 2722 8113 14087 8205 18799 125 15516 19979
4292 4055 7949 3420 698 4409 6188 17806 10274 16723 6261 963 13620 18040 4399 8104 8702 3916 19233 7979 8716 1556 2048 9709 6224 15424
12302 45 10020 5538 7413 12422 15101 930 14605 16377 16338 15129 14717 18261 4691 13496 13470 7786 6924 12259 10146 8327 14579 19376 13710 9463
10657 10132 2584 5712 3037 4951 10680 17746 6047 15396 8 18858 12798 7938 18892 15354 1362 13008 3814 8249 318 3497 9199 416 2510 1973
5586 12707 9675 492 4227 9241 2083 6829 2966 1182 10890 11745 2315 11262 7665 9015 3447 18923 5251 17068 7569 6922 9107 11091 3909 17171
17094 11846 12192 12846 6837 9098 18173 12785 9580 12451 14897 3104 13570 18169 3445 9087 1690 15537 5344 6678 10244 18 16234 2761 8715 18365
9332 19835 12398 13536 5740 9050 3245 12856 685 505 19596 5534 18486 12693 18926 3433 8012 9448 5931 8491 596 16440 17432 9669 15885 10869
4852 14030 4395 925 12726 13208 9051 1662 11408 10839 16766 8178 9749 19425 5037 9055 13076 17723 5635 5325 9588 7669 7265 13894 12415 3112
13303 10985 4895 11762 18080 14193 13430 6929 15803 15508 7024 14126 13601 2382 4996 18778 11369 12007 6282 15220 4606 13541 16378 8727 5394 12393
927 11216 2027 13223 19238 19320 2674 5969 19806 11605 15550 5472 11934 17007 17573 6344 5265 9929 15027 3722 13565 10590 18193 6027 3954 8048
465 17084 15241 2150 16260 17830 1990 4001 18952 16068 3095 3164 16733 14851 18910 6756 14339 6294 1083 12657 5941 16917 2167 8342 17193 13463
14979 8360 18649 8206 10148 1370 4611 19204 9625 3089 18178 10178 4783 6046 6787 15105 15331 13742 15029 1291 10964 1694 11395 15787 2920 18910
3600 8658 7677 6505 15758 13324 10745 14407 2622 3223 8611 12214 8551 14916 572 16702 2412 7751 13118 10960 10582 3901 18557 301 15053 1843
12778 4833 8853 3431 4502 18 9181 13788 3440 11089 7011 16270 18248 12067 16583 1532 18445 7462 5686 13019 11810 10497 9957 9950 8698 5767
18447 436 8109 19386 16439 2268 15986 16023 11371 5970 302 13060 17211 2640 19399 2388 10724 13721 14227 13950 18209 5803 14789 15778 8550 12114
482 18414 6766 6997 6299 1451 8212 13797 15156 3378 4311 18586 9181 7345 18063 18631 3759 316 8316 13129 18050 13791 19936 16539 19548 6518
18685 19245 8528 18330 1979 2695 19579 5360 4699 7164 17477 19469 9458 5628 18349 16166 18691 764 17294 7569 6813 18424 12382 19455 14940 6832
10420 11237 16619 251 7798 17381 262 15001 12804 19730 2236 7693 17673 5433 738 14303 15985 14904 17607 3133 446 15440 7375 5393 13850 16220
1553 3260 15000 11406 9676 18881 920 5593 6406 14978 18828 8177 5197 14762 4227 6942 4691 17531 19774 15545 8742 17013 16773 1528 14138 5017
18120 15308 13392 329 1683 16030 19816 330 14315 5761 1467 13684 3017 15018 10188 8650 5195 2984 11632 4346 19438 6266 4266 2466 7561 5607
3653 3418 3571 19057 8862 19638 18150 7976 15508 12437 11894 8681 7392 18301 17398 18975 15733 14915 15039 9777 6415 9635 15749 13788 4000 11668
11305 19726 8671 12289 2482 18206 10280 8874 6202 14537 18652 18360 19330 5420 4467 6553 8461 11634 11191 6280 1573 18212 14461 13003 1536 14616
10981 14424 983 16274 17592 5307 3964 14911 13008 10864 224 7238 14174 16863 10780 19592 7756 6269 17910 11281 2468 15899 6321 10365 19469 9017
14516 3327 2782 3279 15350 6762 2634 13107 8411 17326 7988 11736 17013 6263 1496 2177 2174 9375 8874 11827 16626 9859 5156 4566 14606 15371
12374 3747 1620 18756 12922 15015 8882 6180 18473 6650 8410 15370 12241 1449 9409 19936 7015 15092 7606 6501 17199 3207 11127 9141 9884 5981
12606 12271 16517 6616 4808 12324 907 1386 9993 6792 6157 10449 14637 16937 18961 1418 19304 16617 224 13460 5057 6916 19309 6688 4750 17455
4627 6046 9663 14013 14389 8077 12214 14663 10204 3368 18604 2030 11451 6992 12075 6323 7658 14637 11463 4567 19801 10708 15598 17244 4027 8241
9683 12005 4632 19001 541 11067 13238 15198 12089 10619 18420 18151 16003 17123 19232 11061 9613 12824 2836 18903 3031 15474 4853 6926 10781 3407
715 15066 14281 5515 4050 1012 6062 16712 15424 4476 19035 262 17609 16532 197 11999 10656 16550 8240 10134 8264 7582 9758 7347 6120 10223
8490 13711 1368 11685 13541 331 7502 7134 2351 7325 19550 4607 5832 14609 9631 10244 8202 9885 19714 2281 1049 18274 8155 9661 8160 19612
924 13477 308 5219 2529 17613 8683 13867 16013 737 13237 12388 3790 5987 8793 11779 14771 10409 1002 13032 10473 362 12529 9197 3113 552
11095 10915 6742 16043 2196 8687 15681 14306 12820 3621 18451 2096 19096 11741 17027 2235 6742 18005 11718 7930 3256 9041 17263 19428 6076 44
121 14016 6320 3069 16260 13256 3602 13122 7876 14749 15037 3280 19456 14517 3701 9508 9924 9944 12281 10477 15906 5307 17578 8343 2186 13142
5405 19176 9194 6061 14785 16968 12706 18369 18048 3771 19702 12146 4807 10099 923 5946 19235 16288 621 7744 13359 498 11079 18221 6906 11913
8060 16321 9210 12571 14968 3319 15230 3987 19906 1774 9998 6803 16482 19505 8209 4301 12979 252 18954 10324 17041 8613 14538 6969 17115 15822
18893 7110 16949 10850 19987 16355 15173 13600 6995 2418 4500 6534 7067 18063 15935 11183 12294 11688 15184 9815 561 1328 9163 2778 1527 376
19373 15882 12982 6976 19205 10650 18335 16231 3073 6392 9476 9493 13415 8086 13129 13763 5311 13625 17595 19269 837 7839 8235 19846 12507 10185
16971 4299 17247 13541 4458 18521 192 8436 5397 2622 4604 6271 10387 14102 11322 8527 19226 6071 17856 14524 356 16354 9070 780 16211 7840
5767 18553 2302 16407 4826 12158 1044 18328 6777 1793 7271 16385 8373 1448 4814 14074 15041 16059 9179 19143 2768 11722 18006 11647 5531 2544
3240 11370 15549 7795 16939 4662 7282 19803 9811 10616 11369 250 15951 2633 18690 5730 14155 9219 15476 229 2735 14148 14647 4792 8919 17483
8309 12972 4542 2099 3657 15656 13105 12630 14620 6825 10403 18376 4345 18245 9327 14161 15342 3141 7766 6925 18297 17755 10367 11157 9865 2179
10774 163 4548 5412 17539 13256 5935 11987 3214 12183 6824 234 8267 13231 15591 7054 19078 10736 15247 8930 19765 16877 577 16033 5703 10629
7741 3326 4869 1525 10106 8052 4907 1147 14214 9176 13229 14162 5009 15934 15210 14687 4987 11447 12702 15576 4594 16427 17349 11425 16611 3156
8766 15236 2634 11562 18254 10661 7326 13571 16431 17112 15021 3758 12655 1159 8377 7557 906 10345 2847 4091 19260 6486 18156 16757 4520 11109
3435 1486 2171 10618 17760 14999 1960 10400 4414 1616 1079 4599 441 7255 9789 6059 17566 4499 3294 8295 12709 892 12312 14495 11595 12842
6603 7664 15307 19383 13503 6772 1255 2361 3683 4744 16305 19038 19897 8116 11066 15335 17388 11657 16050 6856 4717 8040 17282 9818 12984 3545
12517 11864 6408 243 18657 15082 18731 6391 13026 19124 19059 4512 4336 1311 11338 13414 18978 15205 8513 13781 2979 12764 2681 15679 5110 2390
10105 9535 14076 17055 4363 11798 3352 13640 55 5276 14264 5398 6207 10801 1626 6605 2647 10748 17934 1502 16685 14009 8515 11096 15742 13051
16642 10778 17091 12893 16175 482 11724 15867 4914 14492 6606 14156 4027 2960 17442 13372 3645 17432 14340 10408 14548 393 2354 4204 17977 18304
5956 18226 7752 15403 16873 14552 16620 5424 5129 15079 2822 9722 14359 3767 14475 6082 11669 7140 15258 15047 12059 1228 8657 19855 17291 2055
18595 14311 12873 14471 7396 11293 1061 763 146 19836 14803 16768 6329 17208 6483 964 3102 2730 2504 12313 15959 17156 8160 637 19142 16794
11712 3244 18120 16385 3672 5050 8186 15950 2431 4853 4552 12645 4703 6724 13040 13363 2586 16030 2498 15873 8326 10266 18797 2370 918 10489
15661 4532 16764 18386 11192 11095 11983 10809 17719 4169 1409 14413 2136 7683 3358 16546 1171 6269 16786 17990 14162 2297 14374 15879 7690 16512
12708 4241 13650 1939 14535 4454 2585 11 14226 4492 5512 13080 2869 16579 3808 10587 18222 17313 6119 11726 1136 12867 790 8758 4941 10378
12984 6724 12243 1570 9334 10362 10787 8278 5303 18458 15174 12404 2071 12198 4827 10263 3442 18287 3781 7011 344 18991 19799 7489 14031 13011
11281 378 8771 3473 9147 13982 13152 16192 4998 6090 14719 8248 5482 19015 5889 19801 4444 5626 649 19396 8775 1716 18887 16365 8165 12095
16520 2031 8149 6919 6809 18206 12522 17326 15538 16019 11003 19902 2093 3559 14378 618 10884 13822 10472 7532 15167 17053 4648 10332 13792 630
16755 4817 19400 16962 7572 10904 12251 3990 10913 2803 11196 15144 75 6104 998 15887 18034 18920 5920 18363 12930 5236 16895 18970 4903 19790
6995 7806 5772 6843 10883 15880 1034 11416 19498 12294 10889 1373 18690 17673 1721 2001 5284 4437 13025 17292 4242 17635 16449 966 10341 18836
11491 13377 14717 12313 5077 12135 17944 14420 14929 10015 19882 12587 5858 12679 9531 10660 932 11484 19403 877 9696 9206 3563 6723 14251 11590
3309 3802 17491 3595 14928 7863 7344 12320 16562 18434 12398 3047 11720 4515 2673 10997 3072 12077 7933 2196 4782 19520 14668 18161 4990 16063
14217 19564 12816 6780 17367 9668 12211 16623 11333 17327 12199 2387 15198 14297 18171 15828 19675 10227 15781 6661 7931 14939 12244 8257 4844 6159
9545 17030 19354 1844 4071 4523 11340 1921 14010 2878 6759 12733 10707 2524 655 4400 10835 3049 7848 3038 4445 16250 3557 19406 11422 12263
7768 4340 733 2981 7758 1301 3468 2055 2709 19417 18736 15846 15578 2077 4193 2594 926 9905 19412 3787 16148 8966 7160 2281 16621 11898
7870 16013 1045 11504 16642 11652 3176 6238 8446 9262 19103 1599 19924 9490 2654 3198 19164 8757 10382 3076 3893 19783 6089 10701 12671 11662
3621 13827 2974 11424 6125 7342 18003 19887 10680 8379 7788 8588 16686 14223 7395 14092 14845 2889 10192 12014 0 14952 3455 5086 2947 12359
13745 14127 17087 16529 3820 1819 10115 6248 5467 9750 1789 10137 19064 4586 7729 11557 5690 16403 19044 8318 7992 12641 10430 6344 9105 158
3260 1083 17973 14882 4982 4790 9286 10227 6080 15884 4897 8996 1868 19901 4276 6471 5492 18552 8043 17560 18715 18463 3746 6234 18407 394
9825 18078 780 5043 3312 11981 11653 4167 7586 14608 5075 6822 14494 7622 387 4159 6106 11482 4376 5978 17863 2268 2555 568 9186 12644
5250 13194 5250 738 13183 13050 3511 19037 18538 5666 19692 11622 4474 11569 13911 16446 7255 19297 13191 5418 242 17231 2997 2585 18275 5342
9327 15473 9279 7161 18694 2183 13650 15551 12087 1370 3420 19054 10844 5891 17827 3978 4058 5252 17784 14633 15671 13305 15090 334 5524 8149
9149 2589 19313 19775 1625 11471 16023 7250 244 14605 6776 354 14874 6086 2476 17889 12848 1206 5149 14227 19996 19516 9824 7121 7964 5576
1802 8507 2422 111 12461 12912 16783 4037 12304 12297 13062 6417 4855 6050 19335 14438 1240 16778 15958 8834 5731 15377 6930 18857 17982 2275
8611 13870 13148 8074 12038 11167 4048 16110 11031 5953 7051 368 13838 11464 3704 4316 9004 8329 19837 15273 1215 7250 11960 15511 13763 5684
16683 18577 8728 18743 2162 5584 16494 4464 7105 16834 4334 387 17601 12357 17588 15008 11167 11622 19629 10697 9640 16013 2950 11523 18887 136
16930 2131 13814 13042 18433 7211 2789 8616 1608 18795 1303 2476 8170 7231 4536 17464 807 18617 3206 16274 3554 1313 17123 13540 16736 17965
4763 13193 19958 13444 1743 2234 19000 2984 4000 6649 13971 11017 10928 2814 745 172 1607 13398 15793 8460 13317 13585 12797 19338 15349 11744
15428 11262 19154 3103 4206 935 17967 14795 379 15687 13563 11177 3822 13753 9976 15110 13261 19788 7710 1722 14372 8877 16689 6031 8574 18879
19898 366 10764 448 3813 6462 16361 17395 8156 4752 11343 11322 4919 6539 14985 2767 2397 12314 17020 11781 13670 6411 8808 15003 4035 11376
12594 12747 18715 2528 19828 8970 7997 15728 5830 5700 9840 3348 19120 13270 4213 15517 18920 3838 4157 2401 16840 7653 5402 14619 12479 16120
5094 8403 17393 12651 19296 8944 13382 17571 1191 8730 4546 6503 11042 16992 12039 6890 8154 13962 18486 15137 1448 16373 7459 7070 19041 11991
6302 7158 11586 19478 17740 12179 17525 5703 8219 17115 9853 18982 404 9884 3165 17948 9676 5129 11248 4129 647 11027 9381 10216 6500 16458
15452 13710 3994 15899 11637 15685 16548 8402 17564 11442 11048 4483 14290 16809 15833 9897 2241 15211 4540 12905 5049 4527 2736 12427 2024 16113
11010 3383 11965 8525 11468 9996 19996 6975 15747 16527 7416 1498 11701 19899 3748 14160 10855 752 5483 6019 14892 9547 15335 6743 7266 4995
13425 10296 16329 6627 19720 18585 19464 12405 2956 15430 19462 10824 3481 5830 6225 2598 18899 13944 3033 11503 11377 12182 19235 13493 10565 16299
17522 17944 8394 14225 14477 4673 4190 9181 2802 2168 16706 14613 10197 4143 5505 16215 3687 8661 1499 11549 616 12867 16543 12316 18377 14070
12914 6989 6420 663 11227 9785 14340 19517 8216 6687 12980 9398 2171 7940 4904 6210 14499 11990 11810 12946 8333 1026 12651 5945 13592 19817
4859 1353 11178 8770 17056 15090 9815 2566 458 19153 17032 8237 1771 17058 9792 15953 15517 16132 8796 2145 19240 9192 4254 4190 12791 6757
12234 2437 4964 7511 61 11702 8225 13664 17977 16064 8161 9836 8703 13687 4205 18497 1912 3460 16891 5498 7660 732 10907 17989 3357 14669
9756 8179 11112 3877 4751 16859 6772 11629 19003 9856 7180 19478 3832 18388 92 9725 3832 13223 9670 17610 19273 7754 15011 16558 9821 4227
11342 7897 15291 926 15788 18026 6832 6168 1703 9219 17017 17782 11999 50 3996 4956 19668 10955 5200 12077 5518 15919 11667 9995 11539 4943
19742 10612 1927 1222 18779 15274 7712 1851 14537 14078 2721 22 10492 17176 6441 8172 2614 4551 7015 9687 8970 5820 17467 6318 10710 10284
16580 10843 16483 7556 7711 15874 8350 11803 10174 12419 9074 14663 11779 528 2182 10970 427 1657 17788 154 83 17338 10703 10468 15324 6659
3557 8518 5922 11586 19611 11921 9882 461 11957 1119 2503 7952 9565 17091 15830 1118 19621 15016 15114 14165 17940 17287 16128 4873 17651 11147
14945 17606 19820 8291 7868 750 6337 15581 704 6164 189 13050 4134 1954 17723 14718 12574 3062 16832 12191 2110 15723 7600 19961 16821 8368
6617 2237 9803 10334 938 1600 10914 2769 2152 7075 17343 2723 15337 15978 14737 16891 6002 1625 5063 4362 16767 18863 14821 6473 8299 171
7428 4767 16580 4387 4771 3812 17906 3519 3426 682 6589 14846 10374 12157 17645 14694 18441 14482 7181 6556 16334 3446 7092 3076 980 17408
11333 15608 12174 399 515 17336 12094 7869 18030 2410 8669 13397 8344 14926 8991 9709 5397 9124 9263 9710 677 2310 18780 16980 7073 3156
3862 2500 18975 5641 18340 15900 1709 57 15733 1780 15630 14368 1138 3485 14280 10245 6202 3618 8090 7485 14598 7130 9767 16098 19475 14363
6010 13922 10482 8077 10154 10184 3267 3293 8306 12138 16791 18797 3356 16102 14341 8499 19119 1372 14343 16160 19848 5903 1194 14604 13862 1462
15188 18460 5070 1512 6166 9456 15288 10555 4634 444 8435 9348 9881 15166 14719 8467 5050 10295 5522 10917 10338 8003 14098 4927 18644 16097
15629 16320 16004 17745 9405 545 7122 11864 14100 5173 5172 2491 18906 11278 9674 11356 16076 3176 4457 15390 17591 1686 8704 17572 3601 10222
805 19319 16098 9635 15843 1953 8948 3262 1844 4445 10174 14098 7932 4321 10655 14864 14109 14598 14875 14499 12182 19837 8147 7666 12598 8204
2947 13016 18828 3933 4677 7416 15830 8193 13670 3817 14803 2762 3457 4199 5129 17019 2661 19393 11743 19730 16496 1372 14306 5125 17907 16742
16524 11151 15576 13753 19726 181 7439 16875 16837 7891 17114 12125 15136 14744 1909 258 18297 1968 4920 4674 7470 16165 12474 8694 2233 17742
6375 16072 318 5451 2150 2885 13715 5606 19517 8783 11124 8741 14373 19684 15720 16626 12659 4264 418 2490 9387 7977 2899 4870 3181 12117
562 9787 3410 5201 1063 7256 14710 18411 10110 9897 7264 1989 14963 6264 12576 10811 890 2895 12207 12405 16130 10078 6365 14354 3181 1552
4354 8581 3696 657 962 6893 15566 4945 688 18047 16815 12322 13558 17074 326 5366 5173 1223 6153 10531 783 16865 15513 9479 16590 18196
154 14361 4112 2400 18132 19412 9056 11046 9554 68 18686 19965 14737 9426 6509 8601 18061 2779 12237 14052 4381 17098 12770 5547 234 9375
4128 3245 17824 5864 10891 3610 12337 19640 10825 1459 5556 6827 19116 19389 566 6306 11737 9664 4439 3323 12380 18368 1689 18375 17692 2332
3764 3668 4793 1789 2838 6253 917 12392 16399 13648 4617 3308 17965 2824 11280 6512 6772 2822 8559 2547 15030 6494 9721 18768 11703 13521
19664 581 6506 3517 17651 9245 5212 19340 10666 14048 17719 14751 2234 16844 9893 10573 15124 16288 17475 1257 1566 6084 5666 3528 1414 7050
7003 7240 3037 17412 14929 13277 14959 15730 11750 12756 17453 13341 18757 461 15970 3191 16049 1583 10601 337 5525 15372 15890 18735 9585 18875
3971 15074 17207 19407 3755 11133 18809 15934 14051 18362 6960 3766 12950 6406 19081 12307 8056 16075 11608 410 666 6358 7339 3767 1797 5190
9426 11923 8719 11962 7095 9510 15595 15442 7289 13438 17311 6978 17998 13615 8551 14960 4991 18771 12208 17981 2859 14507 14185 9318 16788 5704
13200 16651 6628 2918 13350 17720 4479 16715 14248 9998 7158 1721 4575 17115 16703 16664 6034 12425 18597 1867 1208 589 985 4121 17725 17665
7148 6989 8373 14458 9539 16604 4664 14635 6614 8067 19281 15650 17002 7971 12531 4391 9368 14073 16741 95 12531 16186 12728 10241 14182 5271
17093 7393 14608 19274 10585 16767 8006 2140 18352 11092 67 18204 13791 2527 18387 11335 8820 1429 19651 3309 7577 16318 668 17169 14563 12825
12289 13760 15698 18419 2263 11783 11071 5849 6855 11341 12122 19867 6144 7115 17445 97 1921 5923 231 14105 17999 12526 2505 508 12899 17
1475 5519 3045 18208 16678 9029 10518 2296 7000 12907 7604 19182 5484 14987 1615 5393 7793 3469 6716 10620 4183 16836 9948 7409 4165 14016
2649 9574 9419 12374 5922 5911 14225 18722 16611 362 3741 11529 10272 8557 8881 19593 16146 1606 8882 1718 14745 5396 9150 9577 18495 11315
12371 5648 6928 7069 9560 19374 16182 16962 13283 6596 1567 17285 18606 14 1438 15648 10926 11378 2687 8431 13168 12482 1237 3338 2076 18266
8696 9219 8387 1710 691 12213 12676 13305 11262 4519 1617 110 1702 9178 18266 1253 16352 1265 16307 3344 2012 16602 12733 14461 2846 12626
18285 511 4822 11299 1539 736 593 5810 9944 2646 11122 4501 5972 8582 13842 4707 7569 11634 10785 11002 3803 652 17222 1917 12304 943
9626 4977 19413 17176 3325 1154 12871 10308 12160 6912 4216 6163 8735 15189 3662 1223 19960 12976 6404 14158 18216 12983 9292 18462 4704 18092
13843 45 16632 17552 17187 10322 4040 720 16034 6739 18503 3285 3298 10934 4150 2341 8323 11216 17166 11605 18596 16241 12543 16169 14815 5956
2137 18870 17689 2444 16912 5474 3396 9782 6512 4142 18803 631 9307 17436 10082 10253 14424 19875 6631 12600 15341 7299 4730 2913 16516 1422
4858 14434 4745 18215 17067 13984 17243 11183 16443 10640 14431 4623 15188 10360 5588 18913 13853 18946 980 19023 19752 6710 3148 11812 9232 1916
8453 12009 11027 19612 13476 3854 14312 1771 12593 6391 3545 13778 13800 8809 9016 7856 16257 10185 18331 12900 16043 4282 12449 17220 1311 11253
19079 17625 3302 8539 3099 8662 11438 12616 11036 4570 1504 13867 16391 4349 12721 10950 10157 1743 10848 11380 5274 9665 1770 15431 13270 1278
2144 19487 11778 5129 9328 4511 15059 4959 14524 10577 8777 927 13381 17453 10604 14208 15793 19448 7319 14636 5841 17852 12652 5022 3911 18592
6096 6611 11417 9038 13400 16158 5438 12596 5891 8010 17938 1231 2837 5253 15389 19799 1798 6962 581 15208 18223 14196 19817 6504 15970 4000
13090 18321 7570 2045 17739 645 19437 9367 10128 1079 8409 7867 4930 4684 423 18038 9853 3269 13381 2891 15979 1574 6191 137 3964 3406
14136 15298 12114 17001 5104 12503 18957 19866 19402 5423 11908 1603 15802 15515 18580 6582 3884 8754 12375 12679 16093 10657 531 18624 11091 7937
19453 7088 3809 18045 16879 10289 7921 11046 10285 18606 16855 5866 13293 11218 7154 10280 12853 12854 16033 15183 3410 11759 10859 14178 4478 12350
16841 2103 10725 582 10188 9635 19744 6067 4467 14276 16437 11020 17745 3643 3408 9141 2114 11546 750 19254 16016 2617 2400 1772 16667 15728
15307 10694 935 481 17362 3215 4048 12228 9312 18978 1974 12015 19822 9780 10691 3417 14271 7566 7421 6784 10901 9148 12040 18600 6264 5451
1124 12474 6007 15988 16967 15436 7807 10131 4286 9428 19056 12306 640 15337 4446 10811 4949 18521 4243 1054 11161 961 16583 17480 8129 14598
16207 10305 13419 15016 16066 13871 9901 12628 7458 1880 12073 14036 7457 15828 9677 6940 7963 8427 8988 18507 8402 12374 2611 11763 7315 14416
722 5499 18629 14590 18766 5282 9227 8463 2456 7817 16073 19565 3431 2828 7469 13247 8969 16643 9330 9810 10299 19667 4381 3637 5182 13760
15069 18276 15038 15521 4229 16638 19416 4378 16868 19759 15564 9369 17125 6384 19595 6280 7011 13626 17572 15548 11999 8069 16361 12261 2586 18026
195 16654 1313 18633 6825 10292 12663 19626 6736 18853 4283 18136 19808 7569 19720 17347 14512 18853 4956 5249 15260 11190 6033 15677 18495 18691
15937 4512 3214 3688 8324 14257 15498 10870 7043 3993 11479 2161 321 12254 4559 17185 8233 235 10674 19703 2634 16101 14494 12015 11682 1483
1051 2076 18499 3384 19782 7550 9950 2833 881 5869 12638 6475 8599 6260 12745 1945 16412 16266 257 12436 11910 3452 4226 18793 16788 12993
12743 6653 10643 11607 13163 17327 11515 11734 9172 14056 13022 1355 3529 19948 19634 12287 1365 11421 4696 2432 11300 17964 850 19409 12003 8421
14589 8990 1405 5758 5606 2525 18176 14491 10443 17984 757 16431 16728 19329 9195 16112 1212 15575 11728 9933 11252 14072 13406 17320 4302 10439
16824 16500 18926 12347 15146 9798 12951 703 2872 16806 11269 12915 3584 17577 9288 15363 11896 3919 17690 12113 9336 10790 16128 3519 9835 11803
16021 14685 18522 14424 12798 9221 15689 5783 333 3440 5553 13912 10398 7234 10978 18198 6127 2472 9884 1539 4502 5735 7579 19735 7689 5501
4593 14957 9295 18115 10719 12887 4781 3113 243 12363 13868 7733 19400 14729 15847 9664 438 19739 1970 17976 14256 13409 380 5878 4568 18371
8873 7113 367 3588 8440 15794 11602 9241 3796 6121 2471 14342 13494 17516 15757 5282 14427 10435 8915 5063 18416 16264 3206 6222 12106 11766
19884 11746 18121 186 5687 19095 15185 17569 14019 4318 3110 15696 5725 7792 9634 4808 10871 11535 6039 14717 16286 16647 4088 4879 8854 12354
17433 18512 688 2074 18061 15199 3532 4610 2794 9410 5259 10308 11880 567 15574 15207 6007 2787 15844 14233 859 497 14375 15793 6655 4766
18054 8407 16028 15603 12777 6826 19338 19792 4993 10974 16862 17732 13095 4950 2332 15006 12709 13146 9596 13835 2412 15131 13197 16681 9351 3610
8202 8730 12967 2635 16069 11851 4778 10892 8364 4806 19072 19753 5896 19184 6557 17948 1895 19452 9985 7927 15750 9 15805 12935 3883 9218
17864 12935 3755 2501 7774 12980 18526 3605 11138 7447 14405 8994 7198 14602 7269 3624 9485 2435 19107 12026 1391 14993 17563 5471 3218 3358
2431 16425 18175 17488 8171 16962 15424 13412 10402 2340 5733 5120 6567 11577 575 1391 11493 19748 8151 15158 15336 9398 14659 7837 6861 12662
16576 5935 784 16323 12784 17061 5205 1465 13759 9689 5821 19401 5595 17846 9547 15157 13834 2216 13650 10966 6605 2826 3188 2792 6498 12402
12415 16006 3571 14759 3941 895 688 9828 17806 12218 8171 5671 18997 7256 18329 13437 6266 4900 2735 11253 15203 7297 4970 3031 2017 8479
5246 11492 738 11255 1746 750 12918 4552 16441 8348 16082 13789 3350 15536 4211 18965 3558 2961 7146 17905 14779 16387 9505 16910 4188 8246
315 10449 10907 5448 1124 9656 14460 16706 9106 16772 16245 2438 13762 16377 1608 8444 4273 13031 13209 7023 8578 9517 6412 18023 13346 3873
11551 15567 2343 6039 19663 13735 19124 18586 9885 11477 11360 18110 12808 10094 246 18116 3154 15588 8272 7963 1488 16833 19521 13030 3431 14848
9294 19434 14799 348 5847 6944 13455 6988 6081 3566 6021 5499 11555 3177 4355 8466 16626 10351 16845 19491 3457 9968 1753 9953 17303 16231
5283 10622 2335 17059 2962 3116 6172 13804 6532 18929 12602 8856 13846 1400 14257 5512 3481 7500 19759 9927 18345 12551 4264 18562 17494 5736
19850 11797 10993 2101 8428 4394 995 14484 4147 6826 8527 18506 5712 10709 18220 16951 3145 4765 5948 13303 6727 5702 1654 19752 11887 17433
9735 1297 14872 4715 19605 7072 14540 5910 12773 2109 5209 17678 13464 4977 10869 13642 11948 1850 10339 16367 11428 11685 1505 9390 2935 16636
13523 11410 10639 9185 15323 9933 6334 3331 9999 12046 1817 2335 11908 321 4828 187 5232 6306 8899 19269 3433 2946 10812 19942 19906 19999
8716 15285 5618 8249 14184 11029 6139 17885 16689 12294 6552 12372 15086 19781 3806 10561 7012 14907 5079 13366 7199 7521 1137 8922 4616 2013
12140 12315 3646 18 16980 13322 15262 9011 2544 13148 9373 6874 9338 19641 10914 12365 7971 6224 2294 3780 14773 18472 14264 4552 8575 8213
11890 14942 6931 9428 9232 12280 7393 6342 17343 13458 8242 12338 16304 10823 17108 18384 18453 19007 6877 15544 1377 418 1080 11961 3539 6023
15196 7090 2556 15328 14902 8096 506 2550 1850 13192 883 14138 12876 17176 16197 16549 12042 10572 11450 7577 12507 6232 19279 19140 14337 6623
6620 14205 2171 5085 17847 14719 742 1256 19981 16152 18283 8891 2577 19788 9627 454 713 3943 355 7290 9426 19508 8718 17787 4473 14805
18919 4237 17529 6309 15361 15015 16886 5611 5956 11814 8526 352 9043 14346 4056 17384 19284 5389 11563 10439 9348 10293 12951 911 1614 11588
7954 11801 10077 11337 8103 1304 1481 10346 10971 16555 9804 10686 14180 15043 16499 17245 3157 1874 4182 18898 15723 18212 4877 15384 9789 7853
11818 17888 6903 3032 1106 14590 4222 5501 13867 352 5344 13226 16634 3888 12895 12825 13940 3879 16400 19491 6067 18433 5871 1080 9408 8850
6164 17301 17779 10478 16611 18143 3107 4066 6263 13703 15414 6890 2749 2583 8750 14360 10966 7140 4130 13059 19131 8469 13458 14922 17791 1002
7370 14537 17951 4212 18601 2781 19026 19069 2387 4445 7990 16919 19503 13037 17074 12203 5118 5545 13543 1780 19028 4118 1412 1288 9028 19867
1297 14186 16256 18618 11269 11075 15209 580 1597 19776 10702 18195 19951 15579 15755 13716 4325 12438 4084 1312 2713 9667 15479 9266 16861 7849
14730 9907 1302 16736 769 2625 18609 19338 1978 7537 9033 5287 8962 17372 1986 19457 6518 7431 5971 15257 6760 9298 8377 6980 5084 14770
5568 19697 13456 12299 18531 16100 7896 11717 5430 14474 11061 11225 77 19972 17861 10980 14632 17803 13943 3795 7502 9977 9424 10760 19731 12190
5317 3078 17333 6703 2095 14567 19291 13230 3456 3862 3796 84 3858 18878 3071 19989 989 13373 10275 6217 11000 6899 10567 7009 2763 3361
13412 12210 17571 17119 1132 14083 17587 15806 19355 7454 17519 10213 9828 1409 18337 10501 7777 2556 10834 6943 3474 7207 17397 1137 13210 19049
8731 16819 8168 13572 11987 2110 7413 19488 7686 18376 13177 756 15310 18871 16685 17621 17941 14564 6197 7115 19996 2089 3763 9997 12049 2092
13749 17773 19099 679 11046 13746 13332 15141 16586 4118 11243 18803 13134 5656 15176 12901 14749 12918 18622 2505 11683 12965 15802 5530 2356 7747
8300 15395 8498 9740 12222 6577 14483 6292 18471 203 15415 299 16144 2290 3082 15355 6889 17787 907 7829 9961 1116 13933 11212 19511 15137
15206 19805 13819 9692 15838 3517 8732 14936 4403 2704 5020 18588 13155 7351 2856 2497 7333 3175 9303 2526 19434 18455 3768 15326 10594 10926
8000 14297 1209 13322 15466 13322 16577 9436 16959 10347 19740 6280 2637 2217 1071 9850 9108 11241 13838 1387 11698 723 1837 11095 12755 12061
15373 13552 6934 18161 17790 1851 11347 16399 1313 18590 18698 10500 7439 11381 17479 6678 6435 2908 11762 11792 10239 10927 3154 18006 10627 10343
18490 14972 2845 1570 11102 1379 10321 3214 13101 15584 16678 14340 6399 14793 3376 4787 5306 13981 5810 4378 13488 18718 7797 11786 749 10175
8948 10929 1549 10402 16596 6003 18393 13017 18314 18884 7177 4696 8260 8698 6748 12477 6400 16250 3302 9038 19237 3286 2623 2663 10711 18291
1663 16794 6736 4110 16876 7779 8087 2838 5318 8805 7682 13366 10445 9490 18380 849 9774 1395 15916 17563 3314 9141 10171 15270 9955 8571
11337 16195 653 8065 19337 14893 2553 16590 3124 9650 5790 4821 18568 10546 17581 14678 2244 10321 13397 5893 18648 13959 1165 18873 4938 17886
10925 17614 6350 12594 15966 4811 18144 2303 1599 16916 5772 702 15236 18764 16997 6762 3609 3354 9883 10736 10285 15720 4793 13805 19156 3962
8214 13358 6301 16299 12837 14819 17621 17870 18164 10267 10357 17878 6256 6117 17514 12698 18806 3413 7184 849 12372 12529 8839 18118 952 2880
9040 18287 7669 11762 2773 16040 12080 12359 9554 18980 976 1647 7293 8230 6762 11474 13398 13703 554 9623 6881 4111 5438 7380 10146 5835
5119 12149 1535 4116 14664 112 6971 17394 2493 2670 6554 11805 10278 15437 5656 4426 12324 11557 4916 4671 4549 8742 2440 2795 12567 17942
16823 11622 6207 13680 13066 19097 12036 9294 4195 9119 18924 3999 11174 2403 7299 8359 11183 13095 5378 12590 9423 878 9730 3441 2417 4777
19497 11675 1957 10942 19368 2051 18270 18484 16511 8112 1303 13304 11961 8456 5273 11727 4258 6703 1828 19105 10311 5601 10557 8188 4621 3023
10578 13761 16507 16589 10952 5925 1906 10555 12200 890 4726 13188 17040 1381 2524 14234 14835 14929 12550 6631 16560 8305 15701 2441 7196 981
888 12030 13432 11755 9635 4433 17427 9104 9803 1123 13245 16087 11611 19706 7295 10880 9619 6964 4140 2973 8462 7572 7517 12115 11243 1721
19624 12373 7454 17877 5033 12204 15333 12977 11049 5006 7323 4273 2227 10050 11460 6874 17429 6110 12408 4400 5661 5527 5672 19301 7318 15246
17256 8789 10600 14620 15809 19010 3711 869 2664 14206 16411 15760 3752 15079 3700 15279 16450 7851 9143 11405 13138 1236 4310 12608 7337 18216
637 14373 10563 15330 15217 12962 14457 9583 1723 13690 1288 10630 3832 6518 6662 18270 8944 12790 3034 14462 5426 10509 13236 17598 13546 4957
996 4583 18225 17336 888 3313 12083 836 11122 17640 14546 8466 14285 14610 15538 7932 1710 8287 211 1226 9066 19719 19860 7524 9240 18732
9838 584 2974 10712 11020 13707 19365 8184 8309 16091 14458 7793 3084 10506 18504 3816 16027 19134 16568 9950 1883 10013 15764 2123 12262 337
2547 13529 16633 1590 15636 4316 12524 9981 315 18053 8733 16407 7045 13815 5588 16344 8597 290 4876 6902 11261 19944 5947 8627 5851 13532
845 17316 14046 6138 6781 18490 13663 17886 14378 5009 501 535 3839 15732 17524 11293 12207 14013 16299 1704 17736 12529 12211 8815 16484 14896
181 3000 12931 11968 11180 11155 10038 16506 7399 10965 2806 2884 18032 19185 10495 4354 4726 18817 10818 6749 10245 18562 12198 11923 1960 6480
10491 7814 8454 11682 14375 19173 4952 3732 4765 6953 3775 8031 2365 16345 9394 8341 819 13413 5529 15524 7512 17840 17682 6361 15622 17870
19378 8437 12616 20000 6912 5034 8570 7624 13123 13557 6902 791 11546 2051 17470 1982 15922 11625 19725 13013 5780 4818 16686 17892 6129 12269
16388 16546 13287 3056 18545 3646 15340 3392 5003 17243 6442 19534 12927 17345 13002 17132 7514 12696 15288 12769 15983 9286 7708 8170 1148 7996
17719 5120 13643 10688 19707 3416 18750 4627 6632 931 571 13027 8406 14249 15224 18881 15652 6082 5397 3189 5081 2835 13599 19147 4681 1132
9370 5557 5540 17265 8940 14758 11189 7593 4079 2654 4692 12262 11128 10618 19953 17120 7516 15412 18177 4565 15145 3576 16623 19293 12953 16353
7277 2237 3896 4233 12925 10246 14774 4827 6450 18007 8764 8974 4927 14718 12206 16659 10114 4591 2838 13201 4003 16525 19142 7800 1436 15277
1481 19844 2972 13390 12414 19898 14415 5660 10724 16840 12854 5357 9686 18411 2572 7002 15137 1000 7882 5022 17372 3497 12327 14120 6850 17769
10660 9602 19574 13575 7343 4228 18464 12606 1094 722 14344 14381 16697 18808 10309 8739 16806 6306 5722 12880 2797 14729 19771 17073 18985 11010
858 6954 16549 15053 8437 1901 7086 13777 16215 15844 19772 2545 13070 9369 1419 5615 15457 7287 16631 18742 6770 663 10866 1396 8058 15482
2356 4354 5611 5415 5284 14872 6818 2264 15672 14701 6759 3710 13053 16513 15337 11719 16231 11471 9403 7426 10696 4584 288 1142 2782 4767
7986 268 5956 13679 6874 6716 19821 15031 18252 11 15638 19193 7758 2758 7728 11351 67 5791 6698 4974 18999 16189 13381 8025 18164 3948
16611 18408 10125 1720 15292 14120 13409 5388 9549 14741 2432 6615 8750 3665 8618 1266 3384 12776 14908 7702 13715 8158 5307 16681 14359 6529
8495 14087 17023 11934 10638 460 12542 13596 11917 14149 7406 1009 8782 17807 12424 2696 10530 17801 17026 11857 9707 10639 365 2920 16583 12043
14250 18364 2330 5291 8382 8138 6171 1755 14370 19159 1375 4365 15736 8523 19367 11170 9757 9754 16378 17492 11469 2431 14012 8745 7685 16597
1081 4115 17863 11641 19431 552 7717 2769 3540 12680 2045 17282 371 347 6639 8618 17853 11036 16143 17677 12041 8795 15529 185 13576 11188
12588 8638 17452 18036 18414 5115 9442 14378 2126 19500 17450 10944 16287 4840 4286 18067 1451 10763 16976 13176 7471 13179 18376 10252 6835 13906
17373 15349 282 14106 3640 15535 3061 11511 10594 12722 19336 1250 1997 16221 10641 9143 9986 18741 17107 1904 10897 3212 19275 2959 2963 3585
10735 19880 13695 13515 196 7927 832 3783 16174 7197 16074 1358 14075 1264 14230 18987 7587 18326 16910 10400 10511 11826 14818 12425 15627 102
12185 19606 1597 14150 3242 2231 1272 15828 9780 8450 2095 3561 10579 13607 3336 3281 19427 10245 13619 2771 7270 5675 13794 14172 6707 4329
8937 3334 11842 13568 3596 17218 9767 13469 12955 18005 5673 4191 17271 15059 5110 6802 17353 7946 4682 4094 6327 11399 10045 18818 18951 3495
10486 10655 952 13310 10596 13874 8628 3980 6419 15761 11961 10810 2907 18066 19189 293 10027 3311 1733 11145 17728 3939 9099 15209 12937 19891
5970 3154 7902 2866 13126 6353 2069 11323 11260 9461 403 11597 1884 9335 19253 2874 19257 17969 12959 10339 2586 2035 1268 17505 13689 14544
5385 10816 457 17180 7983 19556 8832 10028 10758 437 5526 18417 17795 7394 7131 4555 12789 15839 18087 4051 191 3142 13711 1353 9550 19550
13432 18784 13714 15363 5196 15200 14366 17702 16837 9543 10806 17784 19215 400 11354 17821 4298 18359 7659 14941 869 19683 551 6914 10744 12208
9120 10913 6117 9404 15040 4654 7598 2123 19424 7776 19871 13322 12351 10212 434 4959 11588 2010 2964 14455 10007 10811 9515 2259 17337 4272
15530 15253 5844 7617 19758 3741 17731 8858 14194 19008 12514 11363 18894 10684 4669 10219 28 16182 19388 15272 6916 4284 8952 3226 3489 5361
5361 11653 2180 7347 12807 6380 6128 3617 11422 7502 11716 13501 8024 9965 4214 1020 10271 1721 15440 13996 16067 12543 11870 13665 12986 9023
3511 7773 19930 9243 2725 8905 8633 123 18732 441 139 7026 4269 18284 12059 4027 1459 15856 7494 14723 9692 12380 17998 17768 6295 7217
6061 2748 18962 3935 7844 15446 8657 18451 19840 17849 6661 11701 7076 2467 14283 4056 16561 6481 17295 15913 8023 3365 6604 8091 11207 3557
3167 618 6844 2947 5631 6122 15473 13709 7588 5907 14627 18155 6916 19329 5624 19621 19236 7136 11759 8097 10871 10970 13276 3376 3956 15590
3960 6447 1395 17866 6076 13795 12082 10183 12742 15456 1676 7392 12618 665 4625 18918 11873 1126 19410 17144 18358 9779 8528 11007 16025 2912
16898 16216 10504 5675 6145 10727 3261 18248 16384 17767 19902 13271 8329 9360 3720 14278 3143 15514 3648 13223 13716 14526 16270 3724 16141 4459
4601 19487 14414 15170 10715 3294 3826 3649 17501 16942 6127 744 1831 2040 16262 9817 1067 19719 11091 3367 5514 14643 6598 9940 7011 14229
1096 16481 3961 16643 18121 11138 14490 11624 17313 11882 15993 11685 1841 17814 10682 756 6897 10279 18911 13468 10949 9757 4708 10323 4759 11257
808 14400 17636 13218 3727 13994 2901 18360 1383 17875 14979 351 288 9941 16221 7272 16771 82 19207 11051 11216 12008 11764 14165 3777 11581
3657 17038 13381 8595 8798 4753 8903 5185 10540 15153 16799 6065 19672 12294 6046 18573 8930 3485 15562 8745 11815 18230 14906 13243 7245 18745
191 4073 2009 18474 12213 14640 1539 14368 19332 19029 10746 1300 13342 4199 7244 1987 4778 17332 16566 6994 17616 8272 15526 13157 8920 12483
8293 13135 4872 10747 14794 14733 9522 2499 5176 17955 3610 4833 8084 19340 4666 3627 18965 9919 5324 4344 15249 9923 11844 13365 1343 2367
6630 14475 17798 273 13072 1837 12915 12157 15347 17208 18113 13281 18936 133 10097 11370 7804 1977 17898 13678 4140 10914 19127 11480 10511 8953
3356 16128 14602 14422 4640 6931 2027 13205 11816 19601 10173 4431 4255 1575 19027 1261 18632 1700 163 10705 12875 13871 8912 13492 16880 3737
5228 10270 913 6705 18740 11223 6703 17677 9913 15581 1099 15163 8134 16142 8503 19897 265 194 3846 3857 8697 18059 3278 11259 3100 3088
8344 7296 3635 5437 12013 2421 17362 19310 18755 13883 8237 4363 15115 15228 17473 9377 4415 16978 5021 17077 19781 12040 16242 4437 18782 6138
18386 15043 1199 13205 5585 16996 17305 19473 6390 2527 15256 9221 16032 11306 11457 18817 873 12819 18127 17634 7144 12562 10617 1437 12535 16396
6365 18684 1521 16892 13567 8577 14542 3310 6599 17963 18438 1376 5919 3596 6862 1651 12946 2108 18061 12521 16160 12676 15703 14820 10625 8206
14022 17790 17875 10083 4348 16718 12911 14986 19441 4437 10481 4090 9953 2069 2426 9832 4946 16663 8797 10967 18475 9007 2896 10139 1820 3762
4995 14967 17613 10754 19413 3503 14398 15041 962 15029 5744 11297 18649 146 16676 16899 13760 12864 9770 437 5950 1091 17194 8789 11431 1195
6338 15610 1742 9951 7428 19665 1528 18234 7422 1228 7704 15869 3790 4011 16578 16331 1874 2662 11035 8577 9699 934 6782 10010 9757 9474
933 15829 13259 2925 14889 14294 13738 10879 13747 10999 10569 11493 12991 19442 10889 13111 13799 3489 7480 12344 8473 12791 8908 7669 16625 16200
5474 11012 9074 12935 19282 17345 6395 13084 10292 8975 1513 8342 15943 892 16898 12146 12420 5250 11554 12362 4944 15981 5210 19449 14808 7816
17876 19274 1707 8655 19136 3651 13435 18191 15514 10610 11945 12704 17287 3982 12916 8830 6673 1748 16125 10845 1806 3913 13769 18552 1683 8750
18425 18563 15179 16964 16201 14499 10427 2658 15326 13349 6587 10430 19399 12441 11728 17092 15054 1311 14678 14115 6994 502 11443 3658 16780 15442
18785 12229 16499 19237 17557 3313 3819 18488 10222 2744 10359 3275 12620 2718 19175 5716 19135 11222 16379 16378 3948 16231 4884 4584 3399 10983
15432 4508 5882 12811 19750 1608 15318 14334 14307 6928 7178 16657 8567 9504 14291 8024 5288 5664 19865 18017 10184 4002 1123 2563 14254 3077
18875 61 7435 13881 5130 6084 1206 14275 12419 17262 6279 12222 17241 4525 3587 16652 3628 9018 8074 9215 6642 16625 9958 10504 16753 1777
3122 877 1219 5085 6356 15132 2833 2387 10930 7429 14640 2957 15787 8967 5671 2184 18542 10024 1755 15860 18339 10728 15290 6751 17494 15392
17992 3604 11625 16110 18682 580 813 1169 17668 14259 4283 19995 14071 7652 2684 7912 10708 6338 18771 10676 7132 17422 17565 18649 1851 16879
3368 3649 2387 17026 10718 14130 15245 8857 12673 8630 1275 17878 4623 12196 7277 15913 10933 13086 19940 10888 13763 4629 13368 11444 14459 18791
18089 1871 13058 17244 5408 2838 9511 7901 17848 18621 8606 13315 15384 3071 9168 18244 8012 13225 5204 19069 3139 18282 7498 17678 3784 13208
16878 2172 12253 14185 12806 17453 2890 17282 1598 14756 16760 15369 12806 3573 2133 11315 6558 14135 17696 16860 11229 3057 1123 7945 9905 15301
12343 8456 14112 116 4785 2788 18713 2421 19376 7273 1683 3665 14532 4055 13005 381 17287 9948 17682 8488 4162 5420 17571 3239 2871 7894
6680 7569 15587 3059 11551 9151 11519 15917 17779 4032 14658 5061 797 1571 4569 362 16738 8233 427 14882 4870 2104 18134 18869 6908 14455
8468 16272 8831 3378 3299 6251 3686 8381 1404 2929 16912 475 1461 17231 11068 13827 14169 10999 8890 11335 17186 6521 5633 9259 15941 14911
11153 18084 191 10655 7458 5265 10271 1343 16457 6101 12040 15299 13611 853 18444 7957 3290 15874 6125 16112 16321 11962 14866 13009 13230 6160
19856 16761 9235 13341 2010 10179 9043 8772 2964 2777 13099 3466 3765 4917 11171 12641 2075 2294 8585 89 1167 18476 19846 1043 14132 12916
2909 5788 1570 10731 3531 2138 15102 18445 13108 4341 12299 17787 9693 19644 7022 6379 5242 18118 4686 14473 9285 18749 10723 10530 6925 11849
