365
91 77 36 65 50 77 88 92 6 52 62 99 65 5 62 10 48 3 61 16 40 60 97 59 62 61
4390 9227 8390 1165 6278 19898 19587 7714 2478 1529 1698 684 6854 19753 3879 13273 350 18698 607 18836 9204 10556 10035 661 58 8555
17509 13414 13126 12094 8848 16915 18254 15100 4887 10931 16674 16269 11092 5691 14316 7286 8629 17340 10766 6855 8406 6594 1892 2746 5041 12054
16468 11070 615 4028 10637 16839 1345 10965 9217 5626 7466 17038 4760 3007 18494 3690 19159 10740 12392 12882 14131 16351 13611 8831 7448 12037
3978 2066 14794 3683 16176 4349 4463 19858 481 14340 5314 19563 4032 5529 9039 15271 2034 11846 12428 4505 9608 1578 2326 7372 16788 3887
10409 17543 5261 19254 7697 8160 511 12225 14854 9982 6217 6898 19356 6055 11252 17450 6588 4047 14908 5664 6529 2961 18049 8679 14926 17660
5723 18386 7458 11132 13744 19176 13281 15116 14760 2127 8139 15301 17625 6110 19385 6339 9556 15317 19177 15138 11867 2589 4373 15176 5707 4389
6306 19596 16523 6916 4963 3679 15353 2497 17935 8973 844 6483 6599 863 1661 11686 17838 11095 19924 8414 18679 2787 7525 16708 8148 13155
8063 11803 17942 6485 1820 8820 5437 10630 13414 2174 9918 18216 4436 2997 17802 12655 2874 19069 16532 7719 12693 7431 5009 10574 1342 4548
10019 14136 14623 13929 12700 11648 13358 10503 13074 14107 17373 4824 12769 10111 270 11944 6929 15720 1366 2792 18925 10321 4194 8664 738 11016
19878 19375 6982 13901 10201 10138 2212 7237 12041 940 8594 12253 14910 7569 19267 7555 19784 14584 8960 17549 7308 14883 3463 4881 7694 60
16407 19069 7353 4063 9725 2359 3344 15764 9271 3709 19162 18816 8163 18043 15763 9174 1683 7765 634 12661 1554 1132 17417 16574 18369 9183
6290 16729 1008 2773 8653 496 2428 12127 17064 4273 1800 3158 8776 7082 6651 16684 7350 2874 16785 2004 2609 15017 14760 5853 12273 14190
5208 8419 13927 1057 8818 17605 8743 14568 16279 5030 136 7993 12952 14548 18441 15159 3191 17968 19754 6761 10816 7404 570 19759 5379 6398
12130 19736 8608 18200 19230 17554 5657 14914 13113 8395 3473 16178 16580 15544 15004 16243 9395 5525 9288 16631 15091 493 19906 12267 16431 9466
4263 8167 18219 17282 7534 4370 1462 7289 18059 12862 17025 6851 2238 17764 15367 3322 18023 14073 10639 10552 19234 15089 1104 18217 2084 5894
18623 19793 18095 3813 114 6960 10603 15824 18595 14736 19121 3166 10035 1668 4560 12598 13972 2358 10139 16607 18421 9501 18998 4432 81 11849
3719 19619 4967 4497 19408 8447 3979 17569 559 11258 11357 4793 12116 2397 3520 19916 1167 10069 9008 11570 6938 8201 2861 9763 18266 12843
15075 6779 8288 6796 16999 13983 3502 11017 8036 5043 13331 12927 5042 12867 11501 3371 6734 483 2835 1315 6340 2553 10676 18313 10030 13393
16347 6540 1072 7227 13860 5451 2031 17095 14397 18676 4888 3530 17371 6066 6833 15657 4794 17894 1900 9370 11965 9689 3453 20000 15496 12604
7565 3560 14321 7689 12385 19869 5010 9098 10383 11498 11687 14778 10061 19274 62 2302 11630 14094 12792 4674 7031 7314 800 7423 10871 13997
13510 8340 757 2011 6701 17220 14701 1675 8929 2931 15430 9781 8803 15207 4126 3336 4749 10474 13707 8336 8539 7142 4232 19069 553 11433
13060 14675 4697 12406 9947 8778 6591 14263 2335 5737 9484 10083 19312 8910 15651 693 11281 7346 16068 19940 5661 15197 13461 13912 12896 19075
679 10302 6652 5611 19401 17716 17742 3226 17845 13666 4700 1622 10324 1653 2274 8900 15049 8177 2469 6102 1471 14462 827 19067 15279 15917
6393 15587 570 15156 13535 10412 7947 2468 18932 11600 1967 13498 3985 5245 1607 9512 13632 3620 15777 17687 17473 6833 9906 16489 12624 3607
19591 2462 17440 2447 12100 14107 8663 5410 8298 4748 14675 12736 7039 3695 1214 6450 4311 14757 19426 12308 9535 16331 687 11783 9401 18063
15713 3742 19582 12554 17470 15081 2279 5651 16657 193 8362 18005 6210 6652 19490 11157 3965 4108 7623 19483 8967 18059 2011 8536 13402 14056
6731 3678 16124 3915 7488 16498 12491 470 6166 6428 599 6694 7641 4214 2876 10100 6052 15596 10286 7307 1423 16990 8700 3237 11038 7690
7784 16027 15070 19987 12977 5329 8127 11995 11834 803 8448 11732 1423 16912 6279 11798 6528 2756 14751 10394 12413 11667 6519 41 8481 18948
15401 3170 3857 3830 7883 16038 11981 12805 590 17504 5207 2091 10739 6288 17458 13050 12922 12969 4328 2699 1971 2336 16627 7782 17452 3523
5379 1933 804 17913 17576 572 14473 7617 2734 3514 19964 13447 10229 9364 13627 10350 13755 152 3433 14899 9702 8314 2255 5161 3481 14278
190 13196 16780 19989 3886 16129 18473 13041 6295 15324 10447 8447 15432 6489 17614 403 4062 6360 12377 58 19493 10830 4 11370 13672 10795
1138 2831 11990 4979 8795 14641 8034 10048 9444 19398 12396 4725 7836 12122 16118 10412 592 6234 18176 12743 11377 7470 8196 19025 18019 18472
423 7200 19249 1499 5161 18926 18165 5150 352 4586 16829 19182 18293 4617 4343 5221 16284 10909 3287 1949 7149 9160 6050 7273 10598 3743
4780 11613 16183 18897 1801 16592 11720 15552 1020 4230 3772 19191 1949 3477 5612 13340 3524 14194 12502 11614 5316 3003 8695 8634 14618 2109
10677 17980 2122 16769 9486 940 5574 3487 14226 14756 814 15120 6070 13371 9582 9141 14729 2698 2236 6693 810 6262 184 19882 11190 1504
19143 7874 14399 12521 2122 16248 13384 12187 5294 17800 14690 8765 9439 18390 3994 219 6351 3036 13187 18944 2520 15371 17883 3669 2302 9291
13068 6847 13589 249 10216 11788 15886 18206 19894 17660 2205 19160 17910 5658 4474 9987 8609 15259 18966 3685 7490 12821 12666 11261 10623 11672
7985 16234 12968 4258 19741 1210 14961 2659 3474 18475 19069 4501 10198 2304 18340 11788 4521 7889 6364 9106 12354 10797 15878 5154 10599 6550
17687 3902 8955 17174 2517 16138 12533 977 12219 12572 3756 3277 7287 12121 2238 16443 5327 10162 261 19720 10036 11068 15385 19765 14309 615
3431 19730 6731 15949 6338 15071 5443 4172 12148 5653 15890 3569 2402 6700 4841 4244 2188 8474 16983 6656 13370 13256 8377 2618 3076 14698
13513 16598 5686 3645 1270 11862 13736 5185 13148 4088 19897 13771 6140 11130 847 15901 4910 12691 13453 4084 4421 18393 16854 12112 11710 17727
14869 18218 2297 18825 3491 13234 8833 914 9299 14657 5847 9868 967 10823 17298 13617 14976 8989 3884 1355 15724 10177 11117 2312 3167 13354
7964 19916 16598 12392 4148 13392 11223 6326 13165 6464 17213 18960 9667 6261 4410 18541 12364 10848 10767 6763 3270 8673 15411 19397 16915 5689
19379 12583 5178 11572 425 6073 13790 11029 7999 10511 7832 10418 10673 13221 14992 621 3870 10402 13601 9896 8107 15416 12075 19239 16970 15827
10299 1520 4092 16636 1157 17167 6470 17357 13415 7581 14149 16789 11225 2502 11590 8902 5499 12149 5518 3029 17604 417 18891 15036 2539 17029
12401 1656 5675 7018 3933 16219 8383 10311 7439 1079 18573 8098 14708 11288 11712 16901 882 17536 13914 17769 15826 11335 14870 971 17285 54
5280 9607 2221 15149 2393 18169 12518 6903 15499 13094 8167 16974 10907 16483 13100 10169 16310 13781 18611 11847 1289 3269 17684 2486 14155 986
14898 14671 15598 7513 13841 13394 6692 18643 13225 2270 17684 3745 12535 15682 1529 5170 7112 7900 8942 13576 8208 2323 9077 7991 15091 1085
179 14954 1797 17711 11349 2283 7755 7595 9231 3208 5756 15889 13440 6511 13414 17041 18696 18800 9158 2079 11398 14427 8999 15265 11387 8231
10637 17134 8077 2436 2300 11660 13739 18275 12303 9441 15293 15321 14774 8661 5000 16667 16703 1941 14975 13679 16768 10260 11014 4904 15649 2980
2101 19828 10339 1824 16939 9447 14543 16968 14044 3417 18169 5170 4725 10002 13014 12069 16251 9079 18449 13857 11227 2134 503 5107 12681 10695
370 10643 392 15329 11128 7941 12709 19127 17075 6291 3083 16363 8 194 4000 4119 5130 10101 5823 17569 18069 36 8208 9697 8324 5590
6953 17155 19748 15965 2920 11178 10847 5823 5097 6839 10793 1903 14306 11008 13428 17735 2076 9832 18123 17699 15121 19131 799 18714 14561 5687
6645 5989 10378 4161 8021 9604 3626 13019 4651 12822 9351 14817 4464 15512 10019 18067 9908 3052 9340 18015 11770 7518 2094 8036 4774 17167
12301 9881 18146 14413 1792 257 2252 17728 2267 13159 6593 4238 12957 15933 17216 4869 2621 5128 8957 15911 6751 4416 2379 7509 8780 6451
582 10852 18185 18685 2703 7671 219 17241 1008 8535 19565 12362 1155 4737 12376 16505 13917 19629 15677 15507 3567 7646 13086 8205 4226 10542
12409 7659 6498 14081 7164 14560 904 2770 5240 19360 781 8646 19701 16841 9912 19287 13625 17075 4010 6032 12841 17 19327 980 18982 16081
16302 9524 13482 2532 18321 11173 17805 17760 14164 15992 16260 14795 11963 8891 11959 2876 7781 4999 306 3813 2153 16795 13907 18444 16645 5626
18124 18363 17665 4862 12373 6580 2237 16879 3274 7565 9187 2651 11332 17341 3462 19929 3284 6126 6475 12568 14815 18541 12497 15417 15242 4429
11905 8552 12630 4774 15928 2006 8586 16430 19002 3975 7019 16341 14891 4978 19815 7499 7521 14506 7187 2276 4016 19400 8683 14851 18026 8361
4609 8619 15117 16008 4326 19203 10974 9632 15397 2905 1114 9678 12147 3726 8347 18953 1528 11137 804 10112 14221 11936 6081 10865 5746 3400
18883 14324 1167 6443 1880 8421 11773 4973 9738 3150 6835 17353 14690 15648 2449 8310 12101 9479 2721 5237 935 7757 2880 12819 971 6466
1489 11195 16903 16530 4301 19872 14032 13383 13306 18263 6558 1117 19543 4859 2892 10575 17136 15683 7205 2166 2732 11945 5627 4451 16595 11101
13938 7322 15300 19076 3202 16319 5548 10422 145 14878 4192 726 6652 5125 13605 5629 4934 18218 7437 1540 4180 5527 14590 17018 6323 10986
11899 13329 12069 13715 6548 6973 9492 8851 830 16927 18248 8012 3971 18376 13918 8876 14013 14226 13389 9261 8776 2780 3475 8432 14214 9896
18992 11037 16355 18771 15243 12185 886 10747 1719 16363 7408 16170 7235 2228 5455 5622 6124 3675 13952 2533 15815 6958 11359 4766 15607 10472
8243 2603 16161 12998 17462 6104 15752 9829 19440 10339 11329 8236 10982 12942 7891 2738 6258 1122 3800 3236 1095 5863 3458 6533 6146 19982
7239 19781 12593 19209 8466 14559 6711 17208 14069 514 19718 8585 12324 19578 1492 6045 15524 13984 17649 11629 8107 4918 14410 17585 14946 9957
19858 9432 1293 5780 1424 6744 11934 3427 4772 2339 16241 2150 6108 5110 3024 1032 1977 10563 16288 4770 17922 3520 6313 9081 14293 1940
3243 3010 830 16116 330 18899 14460 9769 9263 10458 2358 6118 11026 12855 3966 6143 5803 16012 11500 6751 19287 9133 12372 1117 15146 19620
17701 5246 14808 16212 1031 13275 2190 11608 8993 2692 7537 11046 7095 1736 15007 15138 15253 14213 15207 14533 7322 5053 14551 5887 11805 13903
18457 19937 14267 4587 12208 7180 12033 15648 1930 15083 6498 17204 12601 18628 7342 1881 18979 299 19914 8627 10992 8600 8314 8832 11883 5873
6793 8047 17624 19722 2862 6232 17278 12303 3171 1566 17104 4069 11710 15268 2894 16636 9224 13946 6086 2228 11576 13414 661 17115 2322 8937
4320 446 20 19655 248 7058 17790 8022 786 11252 8190 5320 14989 7457 5387 9832 1174 15545 8 4578 8714 7340 1567 7729 12546 11967
18669 10595 11662 12869 1510 6658 19412 13275 73 19347 19365 6636 4464 5604 9269 1206 19961 14444 1302 16435 5829 18762 10319 12245 12460 4659
19840 4103 19255 1387 3219 16346 6485 16136 9691 10764 9169 16417 3600 15789 5968 12729 6287 261 1395 4580 5963 6187 11596 10718 1448 6577
11529 15650 4206 6149 17439 8142 13898 4313 5258 7779 9225 6783 16779 3582 19226 15115 5586 16921 5256 1357 13570 6860 3016 10724 16389 10561
1609 13498 14838 6354 7427 17817 18428 9125 6648 17357 52 3124 16996 11494 1833 6885 7412 6764 17730 11974 18643 15778 2288 12474 8108 17875
14927 17167 15287 12617 10311 5282 5101 5867 9499 5862 6714 13553 16885 5629 288 3496 13757 10998 16126 12902 15787 7081 19624 16255 6408 1290
3434 4162 1167 14636 7677 14414 17982 7865 11832 13034 9040 12453 16377 12347 394 4556 15270 9630 8259 3898 9959 10081 12332 12208 11249 6948
2083 1413 2005 6128 5880 14761 19736 16728 16726 6533 13917 3243 4869 11110 5141 12745 6899 18029 17095 15035 8494 4326 14121 3827 6381 8504
15010 7966 17749 1924 6137 7403 16615 14291 299 9556 13601 10667 17691 11678 17448 8670 15833 784 17049 12247 10905 15694 17899 9085 2063 7286
16875 6811 1407 13285 3540 13030 10322 12753 11333 1653 660 6316 1545 19559 3294 4561 17089 7027 8496 12248 19924 16333 13213 18969 6732 7932
17485 9448 18277 7353 11382 17365 13367 16303 7616 18284 289 9514 15794 9422 4233 5577 4423 6796 6635 418 2707 4899 12305 7367 9047 13124
18962 13675 19 18267 3948 18486 12855 16206 2162 12091 4455 7710 13324 14242 4696 524 9230 17126 6489 18539 12436 16641 11490 867 19211 987
11200 18852 10159 19210 19960 12076 13379 10455 12177 5220 8874 686 3985 11305 17382 19930 1061 4249 4463 3915 2790 7185 19348 3817 4486 12590
18609 9442 10278 16372 19643 8827 10379 11180 2087 2081 15114 3355 11964 17809 13281 1471 17673 17200 17848 10632 4889 803 6672 8428 16049 11719
4529 12570 6866 17662 12025 1502 10994 648 7989 12497 6163 12466 4170 7533 15608 14073 11472 14069 4039 7840 3756 5770 10956 18433 1775 14046
15318 3527 3002 9556 4609 14544 18584 9222 14637 3165 7328 18271 5280 19886 671 18122 17799 10668 17366 14616 13126 4041 10600 3032 12888 11450
683 17532 1651 18237 9596 5723 12088 17102 12328 16143 9407 13830 7064 8780 13579 13550 18093 8849 16201 3130 14806 121 1796 11635 2801 14359
3166 17146 14340 4528 3578 3217 18393 867 17234 5609 16301 15170 15518 10148 19436 13342 14331 2301 8970 7448 17452 11022 474 12048 5475 2398
14867 6847 3797 13548 13649 12377 15960 9301 2605 19346 18239 8037 8258 501 9075 7069 5129 13779 3347 12837 2069 6758 907 16576 14881 18617
10372 4074 15715 18967 1806 5269 9186 11122 9805 15596 17681 2355 14257 16418 5973 8289 19323 18559 9875 8270 13514 13933 6849 18025 14418 3552
10549 14908 8259 11056 3298 17772 4876 10675 19628 10561 6383 5321 16054 13101 15127 16438 4580 7188 8436 3440 6805 16530 2132 8111 15060 17618
2964 12215 9793 19108 17073 15783 8929 8008 16138 14365 2805 18615 465 7369 8599 10522 5425 1740 5222 8617 3723 15509 10237 9068 8662 6050
5613 2905 14487 14383 3222 19569 12144 10015 11369 591 1216 14214 16863 8844 1296 17774 6871 6506 10448 8123 18242 17561 15299 3917 3566 12878
17734 17161 14462 11371 16865 18224 17704 12075 3923 10951 5552 18800 1298 14847 6144 18258 16846 15254 19970 3496 11235 18157 11155 11696 2178 4966
10259 17233 19724 15739 8127 9420 4456 12241 5471 7882 1534 19297 18532 6734 2432 196 14900 14690 11535 17482 451 15049 3077 5207 7531 8951
19217 393 1335 17442 4166 8303 18728 11937 14577 1227 653 17575 8702 3008 6417 10147 10104 3366 11104 3100 10178 16314 9697 7771 9363 7269
523 5720 10382 11570 11998 2887 6804 3900 993 11947 13679 18306 5555 5091 2609 8207 1502 13974 12065 10533 2420 15070 15643 15556 2911 11205
12196 14651 1310 6503 10210 15521 5050 17603 19990 10024 8632 14721 7898 13036 15942 13048 17715 15035 3273 3394 2178 6758 4637 7364 2167 17809
18961 17841 564 18701 6427 17456 15304 15579 3062 15690 17423 16909 3289 823 15163 80 1690 10841 14758 11536 7390 10412 6605 19764 15455 16039
8738 3587 11740 3116 5621 13811 342 12413 14359 6551 9567 4843 11772 6267 19128 15934 14350 3676 3274 19292 2035 10217 2660 13411 4583 15971
16301 2975 9300 18979 8869 14104 257 15960 16988 19696 17449 16886 5721 11335 13389 5803 4802 1244 17556 3992 12139 9369 9930 17223 5901 16679
19988 8319 11061 6736 6014 5261 2900 10176 13505 16845 91 14798 267 6750 13250 18110 13715 10767 13496 14407 6068 12498 4453 7278 19473 16963
4773 19253 12091 16083 9861 10368 8160 6217 7287 4443 10916 959 897 5854 7316 859 6268 14113 16776 18992 6738 18235 16443 9041 882 15010
7328 19377 6869 5887 9972 15018 5237 12679 2400 12342 8756 13884 11417 18814 10337 6745 7735 1489 3638 18223 89 5331 4053 15925 19145 18895
10408 18208 19139 11691 12849 1898 14483 16906 6995 12650 56 25 9782 17722 1374 12948 524 2780 5213 8241 4624 11027 12805 6046 13988 917
1773 18864 5055 15354 12103 18708 451 2737 2595 17772 9283 8881 130 17039 15727 10715 1795 2329 12809 342 11523 13432 3679 8452 5442 11354
12373 19212 16427 14686 8482 10200 5686 13286 18861 14068 11775 6809 433 12213 9748 9016 4673 5149 12313 19756 770 16735 16192 5147 9381 18644
13752 617 16796 4027 16596 1629 4926 981 11794 368 14698 13575 3699 2967 9763 7310 12158 19623 16809 13064 5536 16944 14598 5701 2134 11190
13630 8757 11288 3820 360 5482 14054 6594 10278 2290 10960 18707 5053 3706 6923 8435 11551 6074 6340 8677 12525 2127 5300 16561 5040 17857
12012 15060 9541 6532 10659 1448 5717 14745 15282 9369 12733 3520 163 16625 19203 11204 13376 7803 3825 7018 8394 19429 3267 4206 2298 15624
6354 9602 8526 18115 19826 515 14334 18366 7156 13001 16700 14788 14485 15804 5708 15843 7248 19234 16755 499 16002 10607 13665 9144 6364 2192
14936 19079 11007 11595 16290 10977 2630 15517 6828 4341 1412 18115 4761 13280 13889 1021 7959 3482 4764 117 6839 12769 10812 19251 17894 11420
3767 17780 2491 2240 1855 6194 6581 618 7372 17224 9124 14660 16032 10208 8556 6903 15084 10189 14956 709 9938 15796 9758 2439 2879 16906
19025 4561 11138 11919 8449 306 5506 7878 10715 16336 114 17212 11069 9312 3355 15151 14089 18365 17555 1072 12588 3847 701 2276 589 14562
19682 12483 7627 536 524 5917 5244 7102 4875 19274 16974 15094 10773 18762 6229 15660 328 9366 3346 13149 13706 7506 15960 2815 12379 16969
16757 6889 4926 7295 6497 19579 12855 16856 19612 13302 4340 5478 4868 17207 18818 6891 19513 4850 18772 14432 9520 4159 12000 15189 10250 16001
16107 7192 12208 9573 18603 13187 9675 4572 12134 11479 19430 17510 19408 4979 8961 1341 1515 12765 13974 15915 6566 2235 4547 12447 12231 2770
4568 18979 10217 17211 5114 16812 7927 17540 15287 10372 18750 11014 11150 18466 11577 4724 13794 19955 13534 14678 2473 10774 9548 16951 4662 17783
2387 3253 11424 17686 16129 17067 13371 6381 12602 16966 8407 5840 8647 18517 2271 1807 11481 2555 994 7196 8658 5528 14821 5276 4967 13942
1633 11768 4250 15309 4426 618 18408 12065 17224 7414 5468 17372 19849 4212 14079 2096 8238 17221 6358 13962 17341 12339 15884 17932 16599 4890
9906 496 5041 14334 3498 4893 11455 16927 5710 3659 14452 11309 5199 11905 15569 2310 8882 11355 3704 10335 16158 5927 11998 5514 5170 17648
3045 14870 13962 19591 2868 18569 15584 10669 696 9383 8528 17452 15736 15936 6502 8865 13368 5639 9603 16706 61 6769 11610 12948 16905 14956
6464 11278 16657 6003 5728 5387 11883 6078 95 6014 1107 8862 6109 10277 17172 13669 5543 3605 12608 18735 4616 10661 10610 11268 14962 11814
16425 13456 2635 13266 14535 2917 18312 10190 12141 16964 6028 18654 7368 4013 7389 6273 7684 11965 16335 8024 7764 17394 13992 15026 11300 18004
3631 12117 17654 9896 435 12337 19871 3760 14486 192 16246 339 11982 12839 4188 18653 9626 1020 4579 4300 3419 2726 7741 11142 2677 10942
9891 1911 17937 12648 12775 5758 9531 14786 8920 733 9715 7061 1649 15714 10880 18025 14893 484 13285 12776 5451 2898 19778 15731 14741 11329
8080 13689 14547 12290 16378 4798 4168 13965 8052 19277 18490 11735 9223 17854 7582 19653 7787 121 19576 1395 19915 2353 19324 10482 10311 13672
7116 3596 13223 18772 16220 14281 9975 13189 7100 10337 14091 11417 8325 19885 10566 6629 13830 14381 8437 10353 18430 12689 13023 4165 5564 5852
17423 17491 15359 14488 4395 19489 4792 6638 15453 3228 6831 8688 12229 4455 17202 12730 18678 10715 13894 2960 10106 9057 470 44 298 4377
5763 4025 16972 15387 11386 12578 70 11441 3454 14238 2305 565 15556 4052 17142 19102 12350 17928 3004 4498 4945 18532 14644 2620 17394 6761
8325 16129 6793 16301 19022 10588 13877 14514 13032 90 3879 18126 16356 9522 8781 1384 18476 10700 5481 18456 3784 14360 14116 14060 1239 19177
3578 9190 11787 7397 15947 16392 13854 4191 18871 19694 228 12990 12290 5481 3466 16954 16259 9738 16877 3841 4419 7323 8376 16777 252 17138
10358 18574 18162 9618 3967 18408 19507 15002 16692 13992 12803 17512 2291 18738 6107 14167 10752 7750 14966 5635 17675 18680 3218 1531 18904 11789
14453 1752 515 1526 8760 59 10638 13750 9237 8808 738 12850 14811 7845 8275 7751 10606 1559 15018 18109 6866 8943 1396 3228 19775 9520
2717 3385 9496 9525 15351 14178 12560 16895 5107 1259 10152 12692 8235 301 15818 9911 13775 7943 6941 8925 14975 10589 19596 11420 18429 17210
5794 7040 5925 366 2834 3218 4197 10809 7144 5078 14247 14928 12952 2118 9033 5504 3946 10129 4179 3534 4328 2655 984 16283 3096 3375
4406 3159 15527 8741 15379 5360 362 9241 12455 11430 19002 11702 713 999 17406 6587 2749 15070 4279 17986 15740 137 15705 8134 12753 18966
9514 13453 4296 12159 18084 14191 13746 19138 8922 12033 13280 6579 17564 5723 8529 10090 6459 8149 18116 3234 4865 19607 4271 2905 4268 1658
4056 12897 2885 19984 18014 12272 14880 13381 7571 4033 15797 12580 10164 3185 3713 10273 7310 1881 11901 3320 17537 5954 16234 8768 18396 11282
11465 15169 2778 2922 5862 7172 2398 9675 4056 14477 8838 9316 10267 1291 17209 10950 19044 11785 5122 13239 12003 10118 6865 14499 12875 5263
10270 9385 9526 3521 10873 2695 18423 6629 9656 11548 7654 16582 3055 3594 608 18432 19960 18156 4976 11750 4478 1601 976 19507 4993 12206
1106 4367 470 8854 16496 6753 6415 4612 18453 4773 17731 5933 11972 11154 2541 18982 15119 12441 9271 15711 14714 15473 13504 16587 15003 11455
3805 12543 5081 275 17499 15015 12778 18425 4827 7976 219 13839 8639 1589 15210 7818 12915 17479 11832 5259 4066 11183 700 9927 8399 4523
7312 3444 1770 6738 12223 3021 12817 2154 8955 11024 10668 833 8954 12073 3749 3370 16378 19657 4233 17182 15549 3907 8364 11115 15264 4776
5611 15131 18902 10596 19954 176 13815 12210 4512 19060 4119 8818 6555 13707 15424 2602 16853 10160 12434 16591 10121 14380 4164 2819 10281 19756
18331 6139 2051 281 10269 724 19006 17138 13020 16915 2064 6491 9845 1146 170 13268 11323 4875 3747 7505 10513 12627 11798 19247 14962 11158
12158 17898 219 5234 3002 717 3001 11651 18345 19342 12039 5547 11269 10061 17219 17604 16755 17672 18044 10652 6239 15643 19569 15293 2972 2991
17995 10330 9563 13670 17351 1229 11850 2504 5829 14037 19381 10564 1165 9765 3032 5091 15855 4986 17003 14808 2253 16677 11700 2111 2493 11895
2197 8089 12446 2942 14918 7852 3750 9441 11765 10564 2164 14156 13950 5789 13217 9309 16751 1388 1023 7808 10110 18770 13544 10319 16006 14317
8415 3342 8794 18562 9205 6931 8661 758 14122 10045 11940 6584 10169 2813 10069 5126 36 3864 3972 3236 4715 8980 12269 14965 14486 5069
17059 16586 11061 14213 7176 8574 4044 18288 4343 19206 14126 15713 13296 13894 13402 19049 11545 2113 6000 12519 17316 8816 16868 17889 8113 974
18148 19776 9591 11515 13059 8496 8311 7007 12001 7671 18520 11865 19798 6828 11347 9360 3047 12838 2755 18076 16445 19108 18262 3848 7015 7946
6389 9459 2270 4888 4931 14356 18528 3325 8816 3122 9219 7409 1644 11088 12119 7628 4845 10013 17039 5340 621 10079 9321 483 4316 17771
5575 18432 13590 7193 9677 4960 10470 602 6885 13289 10313 19965 2770 5319 6156 14072 5156 2878 3001 18872 11583 4096 2817 10824 5892 9138
10407 7764 14750 8891 7173 4486 907 7430 4528 9798 13086 14444 2819 3635 8885 2444 651 9243 18270 3850 15570 15575 5702 17581 1485 12991
15217 4260 17407 16511 6552 6034 12094 6328 14330 8032 2161 9484 19424 5012 5618 1159 7171 13398 623 3516 10889 11543 14563 297 10475 10058
1036 1150 1670 18466 6657 17083 12677 8907 15009 19505 5346 15073 17528 3546 1338 3891 8329 1678 8748 11285 5971 16503 17835 1425 6136 13128
16192 11221 3746 9022 5459 1950 13057 7227 10633 2538 4324 79 19549 7606 14203 3550 645 17497 16280 6765 6879 7343 18595 2519 11375 10746
972 2930 7557 18645 14380 7653 718 10593 6048 4528 11796 7226 19771 18266 18436 15693 16565 6324 7563 3417 10140 5669 15962 8367 11974 10063
11970 5511 7617 18495 1522 8686 18707 5381 19598 2466 13857 6612 3605 11715 17128 8208 2017 4380 4960 13928 19248 18561 9354 45 8274 10025
17289 7887 8199 8031 9719 2691 17114 14432 8147 10189 5860 6957 8381 217 2259 10467 8375 7842 10460 9297 8955 15978 3477 2958 8484 6296
4261 15571 14608 16956 3951 11029 5354 17462 18825 828 15179 13275 1502 6615 6316 10286 4839 18181 3404 17606 9865 10565 16026 10770 6241 12584
15450 2222 9657 5770 2087 15474 15980 14654 4103 13458 6697 11405 10757 8267 19157 16379 12607 15773 3945 13154 440 18673 11189 13331 15894 5085
12771 14071 2732 13497 3611 7170 11866 17641 16246 5693 7435 4324 9778 3995 7987 941 13720 11899 12910 8036 7511 11248 10873 13891 6791 5559
3063 18851 9885 12611 16783 8406 11409 273 2180 13609 2706 11122 2200 5875 7777 17800 1876 9158 14671 8312 11671 16918 11260 14248 9960 2422
6982 11907 19539 4093 5862 203 13552 5619 11694 10089 17828 15624 11273 4148 5141 12899 1805 8371 3367 15683 1230 6652 4418 10448 7148 5651
830 555 8968 2614 4609 13567 7210 19007 13271 3844 17029 1862 15377 5211 16984 9168 8559 16255 7237 18274 13359 15301 4909 18131 19952 8202
16243 15341 13800 3458 19421 1822 15370 5552 3190 410 5774 11152 5011 1945 9985 5465 8807 3967 5250 2845 6237 9772 669 10320 2958 14405
12425 9329 9259 10772 7081 8329 12750 13985 16602 6069 10723 9288 16049 17080 10624 9795 12195 14127 7327 17268 2680 10451 7762 9115 10460 12521
17121 6078 13523 10696 16557 4069 15379 17649 8329 19035 5989 12893 18729 11153 5419 6027 9997 19483 9574 11181 10558 12664 19994 4867 6006 1121
2511 17822 2573 17571 11125 11436 13126 15945 11563 18746 354 14212 14298 621 6067 5751 9174 4538 9693 9649 5201 6393 4641 4575 9334 9337
10841 16968 15783 4170 6915 6558 13666 6359 5125 14117 16582 19779 6350 8520 15661 5433 8277 6563 6045 9257 11116 17724 3587 5721 15615 3427
1777 17981 4465 16069 17694 19830 19499 1236 1308 13619 16688 10688 2048 8726 11621 19366 9688 790 10002 17027 4406 14307 13246 5815 11327 11781
18417 12678 7584 17423 7648 900 18335 9895 1678 17593 645 2841 1202 14576 8346 11742 12012 7448 9352 7670 15634 12197 15695 3865 3419 7999
8200 5873 6528 5571 3690 1454 1204 8813 11714 11212 15949 9949 18261 1595 5472 3290 6246 7923 16014 18997 8722 15435 19848 7964 18813 18697
16217 11710 17076 3059 14311 12153 11393 10703 14176 3645 1076 3965 14359 9391 13491 17129 1339 18809 7364 16063 17764 17105 13739 16525 19647 10126
9036 19563 18919 2825 12493 16443 10219 5404 15206 2705 6691 11990 14569 15033 16483 8538 2603 11169 2514 16662 2882 742 873 9941 1309 11894
3404 18504 5736 5159 5933 3594 18341 7793 18483 6768 5683 4037 3973 2186 19987 15953 588 17661 13435 15980 4092 16745 18541 6205 5637 11209
6111 4452 15557 10486 11643 18656 11971 13157 15668 942 17382 19095 17648 10168 12326 1307 15591 16563 8337 13331 14056 10565 16867 16066 17306 16202
16143 5601 11937 9816 1819 14520 4799 5855 5826 2814 13735 3607 9180 16478 10895 15685 13295 4712 329 5190 9128 15195 15321 1757 19279 12192
1984 14800 15022 14660 986 14266 11165 13993 2878 11666 2911 6979 6877 1828 11380 17439 11664 18580 12750 14033 13230 2571 10172 4580 13787 18886
11897 19378 10070 13335 12759 7313 11442 3350 7857 5739 15670 14618 3296 4187 3869 11110 2966 11846 3968 12014 17539 17326 8239 15774 19238 6963
14288 10603 7438 19265 11752 12394 10232 10536 11372 14724 17717 5407 8717 19137 3658 9795 4438 15860 8029 3401 488 8042 18403 2027 1820 15160
7875 15248 4590 8125 5213 14889 13351 17412 12044 14398 2359 8916 11652 16479 4463 414 14460 12555 18033 14552 16506 5419 2332 4716 10127 6915
12378 12391 2949 4480 13706 11470 505 2131 18059 4157 11261 1441 3321 4919 16303 4584 3701 17351 4454 15927 2198 1612 6713 9848 3399 16825
11415 13897 19013 9485 18959 13816 19503 19213 4419 12615 9224 9103 16479 10912 8674 15638 11527 19028 7595 1239 7113 5503 3121 12969 16824 10908
19065 8966 3217 19687 1423 9327 5337 5761 17620 8937 4539 5619 3747 3381 485 18105 17072 17982 7053 13330 561 8955 7601 9136 221 9208
342 1913 9476 7534 14177 19406 6954 18138 7209 1998 3705 13575 16391 9150 17094 341 5939 7600 13064 3417 18084 17461 1261 11064 8325 4027
14195 19711 17749 7156 11099 17008 15186 3836 14122 9561 14591 1546 6737 12655 2082 19753 15251 5925 6439 6335 7553 19035 2330 1040 8611 12130
16912 5828 5022 14684 19974 4026 12218 2981 15788 17408 2552 7124 15464 12237 8827 16327 122 10545 8106 13232 9089 6938 3931 19530 4100 18728
1096 6957 10999 6760 3905 15097 14454 16850 16071 14656 18696 22 11884 16110 5318 16630 16268 11645 17822 12426 5531 594 19482 18071 11179 6059
13035 3959 13771 12767 404 7379 12171 7493 7291 8164 9540 11240 5003 10402 18154 12418 5980 18362 4038 804 12540 6226 2132 13257 5656 15441
10669 10399 17006 17590 5855 3946 10937 18002 16674 17459 11936 14842 14930 2630 5427 6132 3963 1630 19877 15755 12300 11897 2366 12323 16530 2962
16898 3527 7637 3837 2367 15869 10780 7163 8928 17078 8666 17006 10500 19530 4332 378 8727 19555 6871 4401 6600 17856 11932 9684 7595 647
2168 11426 8584 17673 12734 10960 4776 4266 8153 11482 9786 9468 940 19345 17621 8412 18274 10151 6362 4841 5145 13449 5942 14765 14085 15624
12604 14022 8329 15931 5001 12782 2364 5883 4870 4373 6863 10564 16315 4074 4042 12858 15763 3166 1916 12929 9440 9494 15794 3695 17741 5599
19777 18660 242 6692 3327 5357 14985 1932 14079 1681 6285 18290 8054 14265 12134 9215 576 6609 15063 15305 12072 17249 1155 1806 16243 11932
15904 8325 2192 13273 19602 9595 4110 18353 419 9953 142 5556 14051 8828 9535 19604 13608 7334 17980 5489 2941 964 13990 9334 1491 12919
13814 17382 7882 18881 9223 16028 16130 8107 19747 8455 12414 19901 15714 16051 8835 12657 16376 1830 3373 14719 14241 5828 16568 19938 16437 19558
3027 7127 8999 3001 10324 8177 18799 4720 3014 3258 3348 14102 8322 2214 1898 14093 1087 1718 16591 13173 16993 4233 3684 8225 12513 13143
11230 7182 9627 7286 3728 11259 17024 2341 14953 3286 16605 7572 14738 16316 4350 17582 6971 5625 1782 2396 11704 2927 14962 2955 7171 14652
19503 8061 18564 469 19791 19068 16537 19913 19695 1798 16427 1460 16858 509 7743 19025 11567 17957 11479 9531 11885 14958 3437 18143 3874 3295
13503 8178 416 15721 16521 14020 1617 1567 4245 16723 17077 13401 14497 10803 3870 16781 15531 4516 12938 14596 12965 1913 17418 17742 13528 8625
6312 5243 11462 15729 10738 3760 18940 12440 3277 9680 10954 11785 7179 15197 381 8813 12589 2994 8575 11586 11634 8841 2242 11675 13764 12034
6312 69 12149 17826 4686 18551 11305 1372 729 9297 5202 7466 15002 16203 14545 121 1181 1581 15467 4507 15287 15417 5579 10308 12048 16412
3554 921 11652 7861 9711 1203 17259 6190 9248 8439 8795 13865 3561 13882 13383 4474 4391 1439 15686 175 7125 9143 14175 1902 3752 7980
4679 17748 18667 4660 15597 2136 8779 13028 19454 7843 15428 14089 5045 9460 12679 9743 19132 8862 18440 12157 4251 7013 2120 17358 1370 4042
3260 18105 12883 3636 4780 12745 6400 19968 2936 10426 12755 5126 10796 3710 19052 16936 19262 12317 7069 4176 2516 6724 14721 9145 2146 6272
7750 11945 6550 3336 19057 2285 74 6969 5308 9584 11185 3711 19335 11642 17435 18728 17571 15272 15436 14357 12788 16836 8183 3056 2265 13294
13600 15797 15888 4468 16958 19845 8689 17818 18732 19873 15521 18728 15615 3004 9935 17395 14848 70 2438 17158 19760 5427 4292 18903 868 1392
15066 6157 2362 2758 11859 8403 6761 19588 13921 2491 2819 8649 5898 258 2634 13874 878 4368 1069 8878 5356 5944 11558 7838 9198 12108
3063 6381 18229 19224 2694 17132 13095 5307 1364 19436 3747 12288 790 3921 11658 19811 9700 13820 3971 10230 11113 10499 6475 3825 6149 10623
14352 12204 12382 1293 1397 1142 3385 4620 16486 8133 12827 2771 11697 3413 759 4995 5275 4116 14861 13099 8988 11018 11954 16854 1837 17089
5812 6199 4876 18756 13534 1877 13551 17591 3809 2491 11180 3038 13202 1895 16795 10627 17232 6523 574 8045 19125 13302 1025 9390 18474 3801
12686 5539 6132 19745 18294 18194 6548 3882 5287 7138 6832 12928 12070 17082 15962 13599 19718 15585 12007 2800 16952 6595 14825 18467 14081 13759
19984 18912 11400 10388 7891 10073 14147 12017 18307 8345 3800 14858 14767 16040 1707 17176 19132 6354 829 1413 1047 7037 6674 6783 11849 3673
6984 11909 15014 41 10578 13530 18477 16271 16719 17077 12714 7140 17537 10089 1596 14464 857 19072 14081 14226 15567 7976 4188 8126 2963 10721
147 13492 3542 6093 7227 19812 742 4930 10219 19628 14662 4443 12199 6796 3613 18953 16381 3160 8787 15801 7255 2765 11087 15895 17165 11322
8908 9250 9501 9935 6402 10078 17977 515 7330 3382 4022 6521 8993 3790 9476 756 5448 11330 5499 19437 15073 1335 8140 5369 62 10303
1276 10741 13201 11840 14370 8865 8579 9097 14374 5231 14653 19929 8002 3779 1260 5083 12125 13846 4734 13647 15684 12610 588 19396 8511 596
8345 3563 5244 17070 19069 17924 3993 9002 6337 18616 5521 13404 9926 10154 1598 10962 6455 14252 10685 16969 5507 17959 11540 7147 4757 5742
9293 7622 3910 3400 844 19979 5612 16954 15900 5556 13982 5372 3752 11453 13507 15025 15471 4274 19795 7394 17974 16314 1108 6472 15231 14155
1232 7131 14310 11963 15004 13672 4368 18494 11184 13827 13695 12984 15877 11725 5765 15810 9390 12672 16309 1220 9475 4674 9411 9894 3215 3715
12587 2485 592 12737 18877 10632 3015 15333 17798 4523 3745 6360 12881 4562 13549 17648 15534 4098 8269 66 11974 19858 9149 894 12321 16050
6886 15364 15532 13262 4654 16088 12167 10137 5921 19219 6328 11645 5888 17201 1513 7294 14377 2727 5585 9303 17176 19705 13812 3255 17169 10982
11317 11388 3597 5229 19660 8603 1361 5612 17064 18350 6056 15304 15232 4888 19376 11763 8631 13794 8217 14955 13294 10153 17920 8976 7340 17924
5324 12233 18364 13384 10471 3846 7978 12672 2569 3732 16502 13666 11125 2788 1519 9314 9502 16153 12157 18095 16641 19861 7446 10777 19507 3279
7446 11136 1504 14044 17680 16697 4278 11991 9428 3163 993 7680 10520 14939 12260 18819 6160 14007 10286 17730 19392 11626 4151 5790 11836 16397
18943 9819 12070 210 4123 7966 15205 4728 18232 16639 5228 14458 4588 16390 9807 16936 14516 9279 1127 15635 18982 17626 12762 9941 8494 3907
16735 5503 823 6683 8607 7800 6984 14105 18940 16047 14988 636 148 13679 4095 4424 7796 8376 5576 7370 5486 14746 870 12469 13581 1703
13484 15 10024 17746 7094 5401 7769 18644 1397 19327 5168 19006 1117 10447 15467 18137 2777 15623 8656 12948 15743 5106 5447 12960 15827 10247
10389 8726 6601 970 16295 11285 11121 8549 17352 1929 10686 11716 2174 4428 19796 8349 12163 9921 9485 14637 1288 18699 346 324 10150 14443
8541 11930 6159 18268 7793 769 17077 547 7161 7389 4755 8735 17552 7595 8141 5428 15025 12181 7724 16426 12108 14392 3885 17844 10568 2831
19857 3633 4911 18880 16499 19437 5826 15705 9648 4374 15429 2741 2547 3898 13883 11906 4976 16672 9081 160 3122 12199 16072 9723 11560 9877
10662 4959 286 14429 340 13476 11795 5153 19992 13269 16948 8492 6335 8203 11397 1271 10062 8225 9284 5044 2323 3159 5753 18037 13674 6985
12913 4021 6254 17522 9846 12469 8413 8349 11431 286 8805 2111 10428 9939 11311 18961 649 16430 15274 11603 9151 2170 15985 6428 965 10752
1810 9091 14069 13477 195 19051 6703 12236 14970 18435 4960 13447 669 9612 19793 5687 11475 19898 7366 547 1424 15015 15383 2021 12385 2203
15960 9456 5543 15743 17558 4509 16160 7597 1209 13612 1172 1476 9387 8862 6336 13549 10427 10224 18648 362 1780 8274 1226 15980 19575 18131
13840 616 12263 7983 10345 11098 12558 13775 3163 19316 2459 3735 16146 6048 16908 14336 3747 11242 10595 7239 6461 15576 2950 11540 3400 7607
4543 18751 6852 14010 2824 9696 5374 5958 9550 15578 15744 15611 6918 12357 18821 13959 12124 1477 14884 3524 16763 3667 19115 9247 11592 18943
8619 8692 7092 744 5256 8287 16215 4664 9043 691 10495 17336 16627 10969 12366 6819 1347 9176 5190 14833 103 7173 17212 4616 7282 4508
8072 8658 10588 14786 7283 8199 5609 8627 2450 8995 1938 17957 7276 10050 10453 13384 6727 10704 99 10267 4034 9545 4499 8374 7849 1378
9258 3074 16061 7329 17809 5142 6891 7634 2608 6051 19058 1664 4120 704 4663 4009 6255 8981 17028 2325 1160 14748 773 19877 2835 5091
6862 16849 15011 1173 13464 10954 6479 10673 2111 1479 14905 6403 12625 12191 1067 6355 4444 13902 13606 13198 12852 8006 5716 18042 10550 12591
6714 11104 6077 504 9433 11894 3976 8672 3945 9440 10563 10435 8720 10233 8268 18093 19680 9708 9980 2779 1800 13483 2891 6996 15316 13160
10215 19521 8515 15029 19793 15620 1819 13913 5422 3335 10101 6181 14714 11853 6149 13826 18894 4472 16127 14895 18906 7206 6374 2193 18220 15177
984 2220 15390 4639 8729 14222 16281 16708 18254 7238 1056 16845 6727 8545 16220 9998 5774 18486 2056 1780 12070 12678 7463 7012 19813 16197
18208 1676 12164 11708 13683 8637 18840 13236 17776 8549 16492 3719 15333 8914 19016 8546 14314 3970 19100 15972 7047 2781 868 9882 18739 14138
2657 18145 3819 7112 19705 15437 19650 7913 3971 1696 5133 7907 3052 18361 18929 13163 5219 2161 16687 17263 7937 12334 12428 1031 7074 4255
4126 11310 4978 15782 1310 6741 354 6695 3892 10336 16012 1759 10312 8692 16055 13390 16810 16773 12475 12765 17440 17759 16633 19518 12672 19141
18863 2370 3264 4803 15767 14732 10761 10947 8242 1396 9473 4254 14876 12816 12709 18928 2497 256 16104 15515 9646 2997 81 3394 7937 18410
8231 15583 11800 18824 14268 7695 12251 19271 3220 9198 12547 11275 6721 2515 15506 19423 15091 8102 11031 20000 4602 11744 3992 12138 17658 6158
13469 9981 11709 13221 16736 17900 19106 6261 5697 4442 5694 1016 14714 8625 4150 17377 837 9883 2454 13204 5458 17573 526 5716 5248 17602
19128 17784 8897 4337 5659 8158 14907 1813 19293 14507 5265 13323 15595 2005 11820 19385 1606 8881 5666 13065 2393 6466 19639 6295 14040 16550
15457 16627 1485 2308 8258 11227 5845 16295 345 3277 818 11065 15714 10055 15188 15288 10062 18652 17312 14299 10458 2334 11307 9559 17403 2967
6769 11925 8483 11740 10108 7519 5965 8907 4771 12528 4679 13074 4259 12452 11859 12131 9985 8304 11970 5461 15469 3703 2386 14711 13139 18195
7980 18622 12440 2604 7252 15740 572 19399 18662 9646 17772 5892 15971 5828 15123 12464 1395 14069 7854 19539 17124 15715 5064 4806 6186 9677
5798 7867 18437 16042 10047 4369 8226 2951 10973 19304 13034 2276 3658 9592 15166 5805 9617 5362 16053 14555 18242 4813 4710 7390 18964 18680
8249 14439 15985 8643 11637 1410 7735 8428 11946 8126 15612 9034 13576 1054 1487 10342 3159 2955 5492 7864 15955 8759 8281 4690 4779 16919
12503 3944 15599 10018 19537 4795 11080 8616 16631 5385 4866 11589 6039 16030 2812 19216 9358 18189 2658 4461 10045 15987 4540 400 19404 11351
10473 11439 1301 8895 11365 14863 9118 13867 5310 6802 3256 13864 13992 11696 4574 3754 19979 5865 9771 12454 885 16765 15031 6250 5803 2282
3584 5646 92 11298 6792 18199 6050 18267 9982 3529 19974 14106 11184 16081 5079 18502 15034 13663 10445 10311 2316 8590 18070 467 15867 4430
7926 15464 8194 528 7870 12624 19991 7076 12552 7033 12052 3808 11207 11976 4526 6102 806 16052 13317 2157 3879 4419 785 8831 4221 1130
15170 771 13955 15295 15343 15838 190 6910 9731 12291 14150 18036 7732 3132 493 15214 5053 3710 9623 2294 4788 18140 19159 87 15112 6921
19227 9333 10029 4707 11629 15279 15317 19001 1521 9670 14846 5048 6384 4527 18965 11523 7603 12031 1661 1102 5796 5553 8936 19263 4892 12210
6337 3053 983 11267 7853 5584 16737 6437 16917 508 6968 16923 4617 4284 8989 2265 18818 1136 2510 12826 5110 16561 3462 7585 18256 6534
3015 18508 2525 5712 16102 2078 8189 12512 17557 13316 13990 8027 6577 2640 3897 8341 11300 10273 2221 16960 6045 9204 16970 6018 8492 18790
13746 1022 16939 12917 19140 7152 3084 14633 14602 17014 10691 15046 14042 171 974 8428 19464 19050 9868 8337 15440 3736 409 2260 8066 5999
7365 3652 5693 3840 6610 16448 14559 6947 211 12662 4992 7041 17233 16624 7277 9161 8169 15516 9207 8477 479 7909 18474 13756 1044 16265
14581 4474 2804 11499 14989 1701 14455 1897 11856 11297 9848 18140 2789 17988 2744 10235 4470 8166 19746 6947 7354 19685 12091 3357 6242 2641
11549 1528 4256 10242 7590 2082 17932 11521 15090 17277 17609 9710 592 15932 6980 10867 17707 8211 964 15889 12234 18911 508 6803 14178 17709
6237 8604 19213 14811 4756 7663 12776 17403 6390 1946 16554 10319 16162 16075 19136 11391 405 1381 461 10189 17615 15587 7885 7463 7275 5942
16906 14006 17472 16457 7231 11682 16280 9213 17681 39 16 10581 3479 13220 5059 2746 9188 19152 15638 4063 9759 7110 11662 11050 3861 11560
15169 3394 18110 12784 3537 11792 2351 3415 7874 3870 5833 14662 2712 5630 9756 6854 10263 19036 1948 9892 12081 8945 3571 17460 12000 8816
8019 6131 8582 10116 9855 15610 14379 16799 11207 12695 12612 19033 3140 4593 9385 14271 4396 4865 4884 11880 11682 4862 5784 4986 11127 6712
15474 4734 15730 1659 1930 5094 12837 1473 7783 1925 9901 1060 11173 4495 19632 7983 1259 4468 18591 14401 13960 8749 10923 11456 898 1889
10904 11003 1055 6466 1963 2878 14527 5975 18220 2374 10948 11210 901 15366 8297 7548 14361 7103 12714 3321 9279 15753 9762 16443 8334 2655
10928 19737 19962 6907 16855 10193 15179 3673 4729 17536 11422 15946 15381 10030 5820 2289 1244 15596 4721 10025 17013 4265 7010 4985 18390 3686
3643 6633 8294 19791 15983 17320 17018 13760 14467 10621 19437 8377 388 1882 11649 693 15526 3365 18471 7131 15406 9979 8991 10990 4705 19171
6513 5468 7577 18074 3224 15725 10000 3204 13343 9712 2852 1691 4483 18560 16022 3688 5108 2000 19119 18733 5702 3054 13823 19201 9666 12763
9848 19261 16014 6456 11316 14217 19903 15981 16901 7968 11799 10602 5918 11489 6533 19121 8221 9004 10540 14754 1277 14221 14726 17147 15241 19360
2012 17951 5598 18440 17719 9926 13573 12898 18212 3708 12890 5912 16404 19337 15554 11492 19384 17525 10149 11439 3833 13249 19707 5943 2775 13231
14689 11594 3337 2628 17142 9061 719 12420 4647 4651 9165 16851 16737 179 19036 3368 4381 15613 12154 1669 3342 8079 13082 7540 12983 1772
10138 7752 16058 8308 17751 9532 238 16428 4201 17017 19198 1146 19051 2356 14444 5192 14679 674 3145 12062 11381 8368 3445 7308 5366 7922
13569 1227 5021 2671 6001 17386 79 7053 16255 13408 19517 16007 1451 6812 6674 7462 17349 14510 3642 13787 8965 5407 4205 9217 11841 3328
17011 11513 19993 12586 19223 9094 1924 19181 8080 11927 13231 554 19076 14288 3563 16698 6084 6358 11023 5918 15779 15347 6877 16335 3773 2926
5329 15188 15999 5445 7175 15155 11482 4190 2164 3571 3221 19466 2950 2011 12802 8705 18181 3327 4524 10369 19271 2766 5861 15988 1093 13326
19550 793 2678 6117 17241 10119 7765 10454 18186 17250 1263 5125 4872 2698 1391 12172 19100 13508 16226 18030 2552 10772 16839 13149 15152 16618
7036 1035 12403 14936 18835 5813 12276 3539 17985 18784 16664 4605 6951 13518 16895 4149 18529 1633 13492 420 11365 14546 16250 19050 7412 17885
17695 3572 8143 17345 2102 3660 19449 2666 15266 7037 6251 13007 15275 15901 18617 4171 16068 4711 19059 9770 9640 1959 13007 13951 13835 7637
16987 6062 713 5402 15598 6988 14736 17321 17499 12061 14742 12324 5914 3900 7938 7184 4004 18337 7249 12872 16107 18460 2993 9359 6991 12583
17582 17752 18334 11993 1001 14716 19278 7016 10836 18281 17486 3273 4437 14544 19775 15528 17492 14375 7736 5358 18499 7695 16277 1382 18111 16394
1109 14186 373 14058 5879 19151 16238 12210 8772 15953 6759 1932 3956 13292 13036 7073 16740 19202 3188 14879 5968 5020 14731 10304 18920 3640
4033 17266 2960 7283 8573 6809 6881 977 19979 8303 11936 6246 11544 13845 9882 9642 15129 17534 17586 5663 5224 4987 2652 17487 8848 12800
7366 5690 3445 9526 15586 15782 5879 13459 65 18657 2155 15116 9664 13681 5611 6182 19526 4261 11856 2405 18889 363 12286 11635 16524 5859
4379 19931 9249 19145 230 15856 7993 17979 18348 10468 11341 17216 729 14779 11148 16447 7289 9345 3717 6694 6018 16899 11263 11171 14953 11927
17506 8915 2868 5676 5159 2230 6366 17756 6951 16257 1739 4694 460 8096 19336 3275 19770 12721 97 1042 8175 15754 5789 12093 233 8976
19635 15833 4778 637 10247 7634 5952 12632 2599 474 11507 3529 12851 18213 5392 15410 6146 16734 5333 1108 18058 5018 14394 17399 19006 16861
11204 9692 7223 4630 1076 11125 11889 2711 5863 3227 11926 817 16677 8561 12361 9872 2852 3114 19035 16588 15578 19485 14491 1865 18724 3970
3430 6813 8766 14832 18120 13483 15761 19881 3793 19667 4642 12388 9377 4586 5955 10328 19663 1182 17925 5315 19103 3236 4293 7437 4386 3386
12752 890 16740 14789 2996 2461 11213 215 9365 12929 16096 8552 13990 7756 11393 6550 12787 8090 7643 11940 7076 13337 17784 12320 1156 18080
5435 7172 3030 10620 2223 15381 12077 11374 5297 16503 14052 18257 4849 9019 4178 17554 703 9779 16903 6311 12437 12700 9085 10483 2882 16557
15122 11418 8418 9513 12425 13736 1372 10895 6822 18633 19957 17065 9554 16466 3820 16499 16020 11046 11581 5222 3925 4729 16639 13550 18705 18008
19051 9497 13963 8383 17200 158 10154 9536 16680 9574 8387 10271 7915 17101 9789 18376 14723 8580 12663 18232 1724 19059 5745 1213 13615 9166
18341 16788 8802 19576 14669 9078 19734 15659 18836 14639 18686 6827 12668 4 5262 3855 12012 19114 12099 2141 19329 6383 12080 19743 14142 6142
398 19435 13212 12972 12715 11909 6804 2736 9173 10845 7862 5941 10741 2170 11424 4723 5889 16119 16103 16474 3610 11576 13325 7560 11264 11063
6960 10438 3228 18981 5891 9097 8155 5281 7838 341 19833 12964 8028 148 7945 13290 9532 14885 7547 394 4627 8107 14745 6254 643 16357
11937 4925 4315 10456 2793 14853 884 13478 19205 12025 15201 11418 9029 14881 18685 9165 17070 15239 11816 9808 8479 17461 17127 11743 19921 9134
8868 18504 7929 3832 15927 1474 3175 12895 11600 11541 173 11212 5669 18195 6904 17162 13808 9429 6148 14962 10833 5305 19472 16431 14421 2913
19326 5273 6639 5066 10889 7577 19537 18745 604 5977 4114 8652 8607 6959 4980 12155 5428 10015 4953 6678 3045 4463 7990 2245 19235 6916
3252 12563 8636 6153 6815 3061 440 11915 5174 8649 11261 381 17470 4072 19623 14246 16403 235 4359 5209 8298 8062 17821 14816 1200 6546
5637 11093 17693 18599 18387 16619 7517 16845 18941 2 4993 14393 3965 12616 19633 2073 9515 15270 12484 815 2975 3687 8490 51 13492 9250
13622 5399 17600 19538 16957 2101 525 12629 6778 9736 5232 8683 10340 7386 18209 1770 12352 5310 5332 14129 249 10945 4234 7048 16716 9263
16980 17406 15428 12920 2410 14666 7224 3142 8365 15953 16058 4314 16242 12637 18620 13322 3160 16050 18607 13054 4829 7034 1610 12931 6746 10305
5694 5613 9238 9215 8169 11166 14795 9153 15269 15722 13583 10152 7934 10802 15756 17129 11719 8269 14488 2316 8449 15468 2751 7460 1536 7553
2479 14984 4385 4792 8879 269 14631 7496 2467 14899 8808 12307 6435 16036 8662 11190 7646 8202 14981 9464 11068 3962 1331 2992 11479 19367
337 9707 9853 799 945 9037 2451 1244 11232 18945 5020 1369 15954 4372 4030 198 9305 10958 15496 7808 17457 2717 10582 9841 9557 17220
3079 17213 8912 18890 19410 9646 7352 19618 18490 13367 10681 19580 3440 9105 14303 19964 6285 1332 4161 15747 19186 18455 7070 18628 17617 4967
341 19245 239 14181 11489 4257 14886 3545 2326 15988 15308 10781 8524 18302 4179 4897 1141 8564 2725 12076 13520 8247 6274 8653 7043 18464
8200 2135 12249 9179 6078 16680 2899 5283 842 17486 10780 12009 13318 6497 8680 6183 8688 15882 12320 94 11590 2024 3026 17602 8652 7392
14719 5826 5331 14119 15061 691 4410 9427 5823 17588 14144 14286 10741 8427 5049 14280 4319 11753 17029 1028 799 13153 2687 15812 1378 11679
4675 13486 15708 5917 15416 2260 4380 18126 18130 11337 16655 10844 9318 14288 5638 18211 7530 6504 7021 2923 18624 14882 16166 17480 13884 15300
181 19835 8350 6748 3648 13375 16764 452 16673 3729 13294 4860 9978 12058 9455 3586 18770 19335 8858 13896 18373 11110 9956 7477 11201 16532
13502 5051 5908 4259 11661 13380 13218 10229 2636 13758 19206 4391 8651 17256 1318 3096 3371 6952 11206 11960 696 14971 1024 14857 12536 15552
2081 11395 3003 3886 15735 12791 13016 12826 16996 2753 3709 19820 12812 9997 18274 7972 4881 13074 756 16370 6000 2949 16416 7650 3173 4690
18848 6338 7821 11448 4762 8709 12464 16259 19468 3857 13100 14875 5311 13048 717 3489 6406 9884 14486 2154 9614 9376 17262 6980 3671 7831
211 18257 16397 7432 19880 18126 15849 10342 4121 11333 11214 17932 1794 7136 8339 16750 9813 19976 18414 3124 19515 14126 12602 15521 2306 10085
17858 5442 14006 18314 14136 14098 14174 16663 4325 17812 17400 7815 5064 7775 9825 4495 13793 13718 10310 8741 14445 10477 220 13943 3829 14392
1586 354 16427 12839 16113 9782 1735 18824 14130 1328 12750 7167 1189 675 19699 2114 11352 18780 1069 11204 10594 2959 13878 11174 7501 10951
9781 3441 1126 13400 16853 10880 12325 7931 7753 14189 18141 9723 16877 5984 7046 6782 6991 19251 15977 17243 2601 18393 17519 8708 19308 5546
139 179 5599 3056 7648 2153 11146 14144 3097 5447 10280 17728 16768 164 8079 713 10385 6957 7524 15931 2252 9335 14359 10710 5404 2813
3247 18931 14584 12437 16745 3153 8471 18169 12041 8175 7231 4870 11184 2056 1156 4106 14396 5490 978 13608 7607 1512 12120 9766 15908 16065
16416 15835 9716 2131 9891 5516 11528 17690 19986 18078 5446 2168 11690 13356 11570 9104 17549 10624 6153 16899 2096 11304 3423 11583 12144 18005
628 19786 5769 4883 17712 9019 15784 17901 11332 19716 11337 17969 6568 19602 2284 1991 13155 7700 17242 14613 18548 15737 19880 16330 13702 19092
925 5996 7072 14439 12233 11674 6690 18723 12779 2698 18458 19560 634 14503 11665 2785 3457 15940 12903 9559 16243 15685 16984 3528 12333 3444
15830 13266 18857 187 15819 17829 884 14641 18943 4940 14617 83 12444 13213 1793 12123 8207 4950 6004 5882 9262 1527 19277 5148 599 14218
14493 19743 816 118 5012 16706 666 15172 9604 5122 7058 18721 4687 19564 19463 7589 12689 15104 15691 15496 7926 19080 10981 857 857 8968
12310 15500 3601 17193 9140 10840 18977 15522 3985 2018 497 1246 330 14483 251 5933 14119 18373 1331 6695 17048 14782 18135 6195 6235 388
9975 16195 3512 11150 156 4530 17782 6584 12565 9643 16821 9229 9810 8515 13926 2592 16714 1279 1845 17933 1669 5085 9712 14600 9662 7138
11736 13375 4657 18760 200 1478 6436 1851 13159 19021 17517 271 10713 1536 18425 71 4624 14620 10939 4017 14514 6299 11936 19494 3255 7645
17902 3729 999 10951 18681 1404 6116 16735 17466 8102 15302 17106 19284 10644 7859 16059 1811 11367 11407 11719 2010 5762 12071 5702 10753 2179
5639 526 12821 7340 3187 17668 17769 9548 5166 15640 18746 10563 1426 5978 8190 5861 10604 11041 1611 19985 17096 1609 15213 130 14036 1328
3652 17820 19950 562 17389 16999 11068 8745 12906 12471 1574 5332 15844 13551 16281 13571 18202 19261 18048 5630 2997 4536 9808 16386 16989 18682
16827 532 17212 13640 5643 13976 16368 17842 6513 12921 17768 1327 1544 9901 14791 15385 5699 11864 5970 11214 8270 8172 11384 9840 12234 6219
1047 621 500 18520 13294 4307 15439 10256 2887 11867 6747 3396 6591 18783 14259 6866 156 4133 19092 1196 8076 7222 16639 12376 14350 6257
5790 8574 2182 2862 4863 4604 1098 4734 14258 16489 10034 3411 5265 1311 3085 644 9078 3950 17460 6461 7444 7774 2608 12838 2102 18516
13188 12090 3456 1295 10439 3314 18387 10480 10692 10720 8220 6346 4366 16698 155 1987 3268 15215 3688 13284 7705 13033 9457 8669 17961 1376
8852 17804 1107 13685 13103 13227 17237 13299 15310 19532 3059 5895 16708 10768 388 9065 7532 5239 12951 17634 9923 15450 4697 10021 11303 6318
3690 17405 11616 19940 12457 12495 4218 1672 18879 16836 1603 8191 9988 7626 6883 8718 19451 12594 16407 808 13301 14619 9453 7601 18319 3136
4378 3150 19910 8488 2225 2146 14574 6713 19149 18538 9060 2309 5821 16022 2281 132 1524 10183 19261 18249 3904 13369 17015 15086 15564 14567
7142 11580 6791 1920 4032 5774 8824 7190 15228 7819 4965 9391 13190 1925 4325 17589 2436 5512 3916 6718 3417 2769 2133 323 9551 18532
4781 15792 14183 4792 18688 14003 7231 4240 1020 16861 1882 17477 4073 16465 18993 14721 18020 18491 18208 1741 5487 18091 11668 4958 10936 17257
5575 6614 1683 17025 1752 5097 11785 19766 10120 17928 16561 13166 5306 5360 1592 14924 8999 17684 10751 7361 7814 1102 14854 6249 16549 17796
6301 523 16140 10552 13444 17880 11089 14618 13819 960 4022 4217 11813 10562 1512 13109 7791 2236 13630 1836 12605 12414 4440 3768 9550 6806
12385 6162 1607 16154 16708 4710 15454 14474 8066 2115 7882 7559 3220 12292 5678 12829 13779 12605 10545 3225 5934 8921 623 8277 6149 8093
8689 14358 9345 13216 5408 13480 547 8235 9742 3169 16142 18576 7029 11345 4850 3673 6202 16027 8517 7002 9922 12063 4236 11122 8676 9219
2867 11461 17892 16663 6082 4266 7443 11383 7995 386 6839 12660 4404 5753 5335 11675 1404 454 6736 3699 5154 6466 13553 14848 1283 6246
9018 5947 12927 3379 1516 15905 15591 19997 6162 14927 14740 15161 15520 7852 13557 2840 6443 18250 16185 19187 11018 12429 6961 10971 10972 16846
13427 18437 18488 9243 11682 18828 16844 18040 9695 12299 3567 5055 2718 3872 9548 14315 12172 15084 17624 4561 11861 9954 1718 19566 16576 18220
17074 10800 5232 17294 1220 17639 18145 1734 5668 7025 12211 14855 16520 8532 15003 18819 7584 14468 13287 9358 19587 6148 478 19763 1455 4819
19871 9800 2308 12638 15368 18347 13334 10156 18055 4146 10425 10331 18307 10125 19710 17234 9133 3463 1500 132 1173 6780 2422 16337 3484 19525
4939 19562 9338 9200 2505 9432 15352 5288 14607 10419 11373 19220 17886 16566 1041 6064 14313 19946 14275 6848 16074 15101 15078 2773 11267 17838
