365
59 31 0 3 9 33 19 42 88 71 88 45 21 76 19 81 44 80 13 89 34 87 91 49 87 56
17619 16567 10382 17419 5247 12270 11901 17046 7262 4534 1298 3102 15443 10388 17795 10540 12365 4968 1244 11159 16126 13863 117 13451 15448 13276
8193 15983 11143 16955 10169 3548 12844 14230 626 17330 13102 7314 15365 19890 16261 1903 4231 4324 924 12325 15283 14543 8210 12947 7586 9899
5238 7239 12487 8291 15871 12041 7004 12021 12820 801 4836 3377 4903 9660 19046 4130 19470 7030 17701 6374 10776 10045 4200 4116 10818 17294
4986 9853 18504 16362 9728 3521 16088 2700 11471 8561 2966 7881 17125 10905 7952 13915 19432 17102 19787 14567 16646 2202 14839 14270 16843 10594
16198 10680 657 1917 5596 2080 16352 1132 6477 5513 5057 3820 9873 6724 1064 2516 13667 1840 16015 10701 4031 19611 5797 17583 18548 18463
13580 15715 5363 2921 3607 9199 5461 1941 8578 11458 7971 2679 17138 5592 15428 12946 10635 4031 3065 6713 3568 15346 4731 14769 7826 4427
16911 2300 19087 7672 10983 17259 7778 14809 15471 5274 9726 7012 6616 5117 12758 628 7882 18654 7081 19800 9972 14493 14662 8428 133 11349
8236 15072 10150 6225 69 16853 15311 6487 13937 4370 15084 17883 19633 902 11382 14215 2943 15746 2632 675 11394 11749 5996 10933 14839 19264
1551 13897 16699 4048 2602 13137 12878 2930 15293 18897 5737 18930 3499 14720 6184 18734 9145 14974 19601 6488 1878 17589 1900 17311 18281 929
19755 19426 3529 17917 15878 14249 18639 3175 10493 2400 3880 9164 16959 4659 8957 7764 253 18858 3223 15622 14039 3015 5516 9811 4070 101
15427 18494 18913 11577 12468 8387 13609 5223 2754 10245 15926 14685 10066 7802 6525 16407 18387 16932 2182 14173 15145 2852 12133 3581 7913 5555
5075 1123 9825 10949 11761 5575 6468 14733 1590 11392 7676 9207 5796 5877 1814 4624 604 17423 13309 14762 7342 4247 16547 17462 17045 257
8110 5766 14506 8434 3467 18499 18935 9044 3946 17705 13525 16616 15357 13808 16154 3328 2598 13468 481 4361 3248 3221 5443 228 270 1296
41 16396 18731 1805 8279 1678 6173 2938 19019 6426 16276 13796 19445 4220 19003 924 4461 18311 7797 7306 6544 8352 2609 8606 12354 19520
18034 3157 12697 13942 562 4456 14567 19079 714 3292 1960 1319 8606 227 17534 12669 15523 11537 376 14403 3357 8120 1592 14487 11972 6822
4362 6649 19990 10584 293 12129 15347 12210 1660 1735 9511 2497 18149 428 3592 5179 3366 1947 19873 1811 366 15258 3061 4290 5482 6549
6916 10515 5153 160 12089 15228 4955 7894 15242 2844 3191 19346 19935 8465 9631 1562 11184 3166 13041 17492 17078 10775 17753 7202 19499 13410
7949 2403 15470 2802 17503 19786 14854 14451 14695 3897 18467 4894 2907 9065 5158 9001 9001 511 3614 16449 11764 18647 19754 16416 14814 18224
15602 11990 382 19145 1184 14641 13418 10322 2268 10604 2084 3663 5496 5280 1689 5728 8852 465 10594 1462 14277 657 5432 18591 5864 1202
12925 9595 6901 10150 19382 10785 4288 397 1623 11987 10106 7636 2047 15985 9667 531 19533 2901 18491 8863 14040 17856 720 11344 11832 13031
15230 9863 3702 4436 177 12343 10662 4869 489 3027 401 7307 18353 16346 251 937 16303 15156 11086 2174 6095 17211 9055 15424 12759 18657
4629 16646 5232 1776 4197 8987 8638 5499 5050 18270 5410 1723 13880 19931 5957 14908 12157 19206 6716 8936 17814 5607 11433 16413 12650 10889
13135 18120 9755 15904 7372 2749 19965 13334 10871 1854 9495 14637 10852 30 10438 19443 12702 8862 15939 16425 18983 3995 6467 4481 1274 19516
15332 8552 19563 11716 4188 7471 9755 17075 5112 11137 275 1463 10663 8352 1495 6716 11494 936 19543 10683 179 5376 8283 19803 3981 7278
311 18271 5059 12954 11787 10879 3561 14316 17650 11874 4041 802 486 335 12873 13869 2362 9249 13351 19663 15480 11892 1200 13163 10224 13380
16605 3460 7997 10848 19054 11203 10365 16703 15840 16714 17318 3507 12124 3599 7852 7472 6036 429 18220 2981 11516 14100 19125 9720 2869 19160
598 1116 11922 6441 15710 18241 5174 17525 11079 14657 8114 13756 10869 14951 19274 14611 11077 9317 19893 19386 10038 17937 13990 1607 14225 7908
6819 14072 8220 9332 9543 16286 14717 9543 1683 8587 15235 3270 5395 17733 8124 6194 9854 7185 5155 18233 18443 2459 15684 5643 9639 19386
12002 18912 16948 2149 5962 2287 5452 3758 7186 7784 13920 16460 12379 5170 12538 17557 13200 16974 7361 7385 16126 5306 10643 10957 9119 519
1201 2008 8918 19572 18815 1091 689 18455 10209 12461 8666 5880 15586 862 16914 5420 1680 2852 12064 5320 9860 5237 12046 4112 7089 17599
16416 565 6300 9895 14954 2176 9871 71 4296 9760 9521 13923 11975 18967 18169 874 7641 2144 16291 13768 18163 5791 13838 1879 14497 19971
5747 3764 16073 811 10386 16208 4566 396 14019 4412 2539 13183 17157 235 13409 5759 10466 2264 4363 5247 7136 210 4663 13043 8021 13198
17903 618 15785 16241 14272 2529 12093 7555 14427 8643 14907 4989 16114 12774 9644 8954 5600 2489 18869 18829 11872 4519 2461 16335 3997 7086
7436 5374 7666 8539 18967 8225 9734 14893 18503 9460 19934 15843 4833 18446 4697 13862 5113 163 14298 15417 10027 11074 9334 6561 16262 13596
5757 6031 13655 1783 12737 4025 2425 1979 2778 6432 11808 6203 12351 7508 16751 6987 7823 10048 14825 5041 16968 18575 17245 1458 3499 12616
1784 810 19865 8046 3475 5281 19731 5617 6082 11368 18762 2698 6305 6742 1822 11566 7376 8517 5181 3162 16048 15447 1432 12460 13509 8289
7628 9082 18194 14782 17958 11351 2036 17982 7040 12124 15860 14718 427 10792 2906 10545 12010 19468 18683 2381 8522 6066 4644 501 14783 10451
6913 10403 9241 16883 2119 1970 5727 3526 12744 4298 14565 185 12438 6 10470 15163 10444 1291 11872 12051 11164 17213 2339 14362 17782 12837
1084 12692 3481 19167 17311 11944 9225 9571 16028 5115 6866 9282 16328 983 12692 12751 1893 1793 13830 16789 2145 16697 18099 15123 19966 19755
7621 7629 19380 6340 2502 12844 5183 16478 594 2944 12260 16527 3071 1263 1911 10059 19150 13229 18820 13704 17966 13624 7004 4524 11897 16249
11926 19408 19791 11342 3671 10833 7823 5728 6125 5763 14219 5896 12271 18816 4877 16118 14186 10765 11972 1648 476 15859 14463 8814 17376 6660
10813 8307 5579 19546 17361 11335 7993 6048 3949 13030 14866 16917 3230 15343 17716 17147 19039 10704 3982 1111 12996 8434 11983 5202 7419 2938
14953 3423 7266 12110 1940 2508 2711 7461 18257 12913 6038 13072 6473 9585 10136 2977 2949 13835 7081 17193 5171 1069 17233 14865 149 14711
17900 12498 17053 4092 17953 3226 11887 19484 12422 18771 11373 5068 9535 13571 12612 15375 4736 2984 18169 2445 7322 7246 178 9572 19050 6106
3548 13555 16763 2492 917 3808 15492 3328 664 5260 5373 992 2099 13098 3040 447 14877 6711 10620 15778 4666 5427 11886 19420 4065 12077
4611 18524 18428 16351 4580 974 12295 9428 15584 14002 6675 3605 7723 6435 5614 6863 12823 7625 14423 6064 6048 17040 2670 12274 17900 2542
4256 18859 12166 10128 3437 4973 12410 18484 19620 6172 11843 16047 8545 16573 4244 6117 10943 7897 4103 13001 8486 10833 16105 17637 13515 8373
10417 4536 692 12506 14897 11875 4271 15310 11153 12412 6855 17975 717 12333 8854 16004 12958 16235 3021 15250 13033 9396 1520 16041 113 17333
2291 14105 1859 4225 19954 8587 17108 16355 12575 3417 14570 11095 619 1876 14766 17860 697 15579 11012 6658 19253 16743 12551 5938 8588 10593
4755 2576 13237 535 14843 4382 1109 7356 2198 10700 13224 17595 8746 9696 10139 18547 11585 7999 4309 4789 17760 15887 11744 16930 1250 14132
15411 12548 1896 17858 16667 7677 15085 14693 7174 4914 4505 19285 1732 8539 11611 7575 1441 326 17273 17500 568 14258 19073 5086 7200 9414
18549 19659 18799 6451 8702 12800 6706 4236 14737 9580 2477 11355 19223 18857 18387 11074 7788 10410 3035 10099 4383 13552 2122 1259 2351 12456
17716 6070 19730 15005 8164 4425 12903 16327 14870 5389 19842 8230 10586 2701 9328 11416 5266 13069 18141 2113 16269 7101 4303 283 3935 8995
5300 388 15382 1854 13869 1148 12404 17605 18264 6045 3881 8271 12029 9185 18540 14849 13320 18531 10421 17705 3853 2621 9601 15677 14450 13503
6414 6682 5086 10495 11474 9181 14506 5315 7864 10975 7190 15270 9269 15339 7092 12043 17919 8234 7984 8526 19494 930 15000 12652 5851 3621
19383 4867 5779 5078 14513 9509 18507 11411 1278 5255 10998 18507 18551 4001 12123 10896 19155 7000 1892 9090 19895 3094 302 2821 14240 10551
7653 12861 82 3877 9195 8012 15506 15511 18113 17621 6802 11821 17835 19137 15719 9886 15292 7440 10696 12397 8094 12730 13230 18928 9685 10484
709 14069 3454 8742 10393 9218 19516 3879 6617 8295 18932 4598 9786 16109 1925 16696 1855 16332 2584 9360 19770 10472 15114 15643 17726 8623
2848 18155 2911 10532 14219 13697 19431 11523 12843 9475 12612 9008 19727 12539 4164 1145 11857 6384 9912 6953 325 7534 19392 11200 18066 19931
653 5931 2787 15537 15816 15163 16313 1837 5167 1708 15105 4292 1219 11684 4022 17734 12749 9689 7709 3301 5890 14031 19071 559 17564 11679
17847 8532 5880 9705 4903 12677 3533 18125 19891 19479 2895 9454 18980 10135 11451 14935 3201 9928 14524 18065 12096 16215 8287 11877 12010 7100
6034 18747 16334 18219 2562 19596 12082 18213 18287 3641 1706 4654 6296 3872 14136 17468 18732 13389 14796 15681 16148 5608 6450 18489 13672 19170
5550 7017 14093 19618 5850 1476 17871 18919 7361 12610 7071 13377 3330 7191 6800 7135 7451 15491 2238 1223 12907 521 19938 7262 11522 3710
15513 4481 17587 11655 2797 15170 4237 6644 19927 12491 548 2852 485 6911 16123 10424 5436 3237 7844 6295 9154 7742 18802 17293 11273 17366
5092 1493 10064 16542 6842 13112 9203 453 5588 1958 3028 7059 918 5745 5294 19014 18895 7422 18288 12115 1770 7482 15668 16720 3408 12160
11873 3594 16834 12812 318 2939 10442 3830 18471 8164 2640 6661 2530 15383 10795 19478 6598 8977 4312 4708 2397 16644 7942 14496 5509 2411
8429 8494 12181 15362 7615 6044 3614 875 7657 12529 11982 19650 16523 14882 3703 11718 12833 12938 13653 5745 8358 18205 3146 15079 9432 5883
15780 12064 7317 8923 15597 6037 4041 2037 10914 2379 15235 10663 978 15868 18244 8965 16403 18129 6288 275 2289 2900 15941 2590 19681 14218
4648 6648 1939 4432 2788 12395 2222 13852 18018 12379 9358 18573 10642 19292 15439 1480 11958 4610 16346 15426 15403 9665 16919 1024 424 4023
15462 4965 6794 14371 4392 5658 13430 2666 15989 15685 9058 14878 10545 10534 12653 7727 9286 18989 18541 9905 16667 1164 2405 12332 11727 10866
396 12357 3443 2904 5166 4570 575 8818 7446 7282 14058 19604 3616 5469 6535 5939 15631 11916 15169 14030 13594 7668 17001 7287 6888 8318
13811 11381 19951 8122 962 6613 18696 964 2116 3329 13662 11373 13682 17428 8552 11971 16002 19833 13267 4423 7439 16616 15478 18656 6374 3064
15301 19125 16818 566 2027 18332 3295 4278 17692 1310 4086 19301 16907 6245 18372 6670 1425 6185 19857 1419 14723 5454 869 4109 5401 16638
301 16436 13730 15897 201 8410 9833 7459 18397 4452 14413 9365 15789 11956 1986 6186 5691 14530 5954 16851 17615 11168 15508 18848 18889 14354
19686 2491 10560 3856 13707 13266 7427 7624 843 5061 5962 306 3963 2290 15974 9495 775 19726 12854 14044 12514 6748 7078 9288 8552 1334
4078 12147 2962 1784 10064 5978 10121 5817 1586 15769 4040 5071 19021 386 714 16569 10039 19843 5781 5936 6328 14146 2262 7845 5420 2578
3397 13267 19982 5326 15937 18329 8153 8926 9358 18783 14085 16781 15331 16678 13148 6434 3321 12779 14603 5882 10208 18700 12495 170 14060 12246
10011 17003 9035 7607 10776 3704 6499 12621 8960 8422 934 11473 7231 9621 15077 1726 15082 15144 14502 6846 5484 6724 2215 2516 19578 5211
10779 8133 1540 1142 14191 14931 3569 1699 11174 15214 9471 16927 4241 16260 6807 7745 11461 19023 15604 12885 14559 6147 13888 10794 10407 15114
15720 10743 4671 14222 3338 10906 8410 7106 7530 15439 663 2116 5564 16534 679 11939 11377 1962 15876 18173 3318 674 9345 12756 15638 8842
15863 14171 9575 13297 1245 18504 6710 9584 16494 14738 2109 3108 3920 11555 12065 15671 8058 3982 17422 16715 12704 10291 6858 15142 17472 11123
19334 14942 15710 11219 11402 13913 5037 522 19663 4310 18234 11794 16567 15654 1326 9133 12504 17579 10535 14282 17461 6383 18078 389 6712 11228
1673 4619 14168 3151 2742 14854 3168 13306 10555 18557 2441 11047 18859 14109 9824 3569 1294 4889 19299 10603 9104 18472 3690 5993 18499 3146
6422 14903 13303 18717 18508 15307 16498 16133 13456 18908 13011 1364 4440 11141 19243 3974 16350 7875 3112 13088 2015 8180 3862 16876 11978 11603
6721 11709 9292 3145 8721 2569 4191 9506 11730 797 759 6810 14435 16192 9730 4457 14885 2413 6029 12058 5371 9657 17880 3092 2803 5514
451 10292 16639 2784 7943 7056 17233 19259 3137 9950 19834 11846 13932 7943 4815 14160 4812 4852 5216 8312 14524 10674 14539 19049 6052 8064
19472 15982 10781 12470 6783 4893 16636 5216 4153 11586 15522 16290 17831 10393 19591 15575 14616 19775 7130 8987 10251 4006 14725 3936 6293 18448
5703 8483 9137 10717 18377 8083 11560 15729 13303 6421 8318 5516 6735 16178 7667 15930 13779 17427 13081 3527 3508 13180 18275 15733 9362 16298
167 18172 9307 19524 8667 1293 15848 12359 19675 13240 19110 13403 3017 3984 5685 3328 15277 3087 6037 14871 3534 8211 17995 11554 15987 213
549 472 6690 4156 3617 95 18363 11271 6280 8060 2891 953 4352 5687 3066 18798 18608 6659 1822 4986 8075 6057 8817 18767 3254 4558
18169 343 19671 9046 8787 10038 17057 13028 6576 524 14644 19696 9604 9841 13133 3291 18351 4264 1623 17963 8660 14472 14399 7415 7931 7007
4763 12290 19837 13915 12035 4406 2884 15233 2469 17390 3118 1932 431 4574 13951 15369 3776 4706 1078 12115 6893 14285 17463 6756 16639 4689
18774 4598 17669 19489 15200 7234 1998 16248 8910 11806 4700 18988 12737 3429 8511 13208 1996 13646 18037 13548 19334 13543 5003 18195 10705 15883
5472 8822 9355 15057 12110 4779 3880 12549 19725 16150 11374 10323 15198 10856 14869 18387 10604 7942 15773 9659 15801 6152 13809 5809 488 10394
4517 3619 10968 5377 17527 3243 5087 10406 4017 4137 18741 3825 18946 305 12390 19795 19537 13090 7400 3129 13722 14892 9137 9639 7886 10248
4045 11152 6748 15208 7422 3725 19827 18536 3429 17936 9583 18368 14453 9022 18744 9985 16002 6841 18222 19918 6914 13763 4232 4903 16941 3456
11344 17807 14928 11417 17754 18042 5764 18603 7241 6534 7971 10564 14044 19217 19826 1236 3191 1300 9501 12521 14474 6288 7026 11699 3008 15349
17629 14233 6143 9746 16028 2166 6616 5073 14548 10239 19458 11607 1975 17010 16435 18161 16932 745 13727 16695 17061 17968 14678 5166 874 11352
17563 5649 15943 5598 230 8191 14565 11591 11096 10558 11159 5203 12457 7001 13078 1516 19579 4575 17373 11229 2757 11943 8202 10310 1594 12517
7163 5889 16039 4280 14110 18442 11285 13430 11684 4478 16138 16966 8234 16773 11661 10021 2226 12065 1286 11816 4213 15853 5612 2334 14547 2854
2673 11763 19990 11138 6611 6550 13172 14949 13810 11008 9307 3772 41 3657 10787 11840 7522 3507 16211 7659 13082 11845 333 11461 3276 18778
12459 18174 1585 6312 15602 16608 6185 251 14389 3021 14126 11133 19932 262 15979 18973 7556 15519 9687 16217 13441 18936 3918 3303 6655 16917
4917 17741 9250 4196 19005 16504 7104 15262 14158 19334 7017 8737 8957 5462 12390 3123 10863 8428 3494 16332 11714 10902 14067 14142 7155 15768
5057 1172 1742 18794 1947 15721 12741 6741 9634 14593 3113 14311 12419 11492 19633 17560 3997 17049 285 18648 1063 8816 11702 9249 15660 986
3654 7486 10093 17909 14497 15021 11885 3221 4640 5536 13273 19843 17937 2886 14403 14669 6409 19995 13792 2602 16068 12346 15265 16914 11583 19978
18808 1917 9090 1198 12824 17862 17943 17610 7548 2809 4751 17328 8680 11352 19590 15464 9456 3865 2266 6612 17326 6182 3257 10610 9333 19673
19220 9728 8402 5961 15617 16396 8726 13158 6509 4288 12358 12409 18699 12532 116 19890 2704 18723 16540 17753 19352 4940 17107 12137 14662 13465
12599 19212 10677 2361 1789 10359 18368 7102 2617 3557 4757 6791 19204 4793 4979 19451 14810 6099 2543 18297 9867 11450 5785 12889 15304 17077
12868 15692 16634 12737 7660 19933 13227 8652 17096 16088 9203 10790 14824 17593 6129 15322 3064 10260 11668 6732 17767 2868 13326 13922 8965 4322
15159 1850 13947 8996 17404 14459 370 8795 8772 266 17396 16668 9103 14447 578 7143 1266 15693 10803 2858 10045 3777 7084 9762 9705 19409
1524 18631 19193 17858 2433 6731 17574 11826 5851 16683 546 15334 85 5991 7751 3926 3693 12296 14393 12 125 6012 3234 3529 11916 338
12161 17009 8331 18616 525 17483 6136 19792 4953 1242 16426 15 12185 5320 13180 15997 12283 14920 13175 7226 12655 2869 7102 8935 10583 6949
18986 15242 7801 8711 12819 15033 5720 13572 13467 18645 14345 7502 4010 14104 3283 4740 17406 13467 4225 13272 8753 16921 10239 15336 12072 19625
13356 5919 709 18311 16238 16540 13845 8288 18550 8976 5589 2331 13357 2466 3554 14628 14147 18406 15918 13604 19000 6117 8999 12092 1244 19314
17951 12376 9307 18786 13320 17168 7166 4904 6921 6253 3452 7126 4997 4715 1890 19970 15883 19804 10304 5228 15536 3484 176 11572 4620 4102
11488 12467 15224 999 4940 11429 5552 12985 9307 14436 7699 9360 5813 1821 11468 2367 11247 11608 837 16930 19856 1592 1146 12046 10330 18333
2400 15752 7952 6216 14787 13673 19919 3950 19132 19505 5724 8216 5566 1913 5406 5049 9116 3494 329 6187 6454 14395 4185 16252 10245 19619
17897 12535 14922 8636 17093 11407 18341 13354 10619 7721 11172 13054 12324 1367 7054 17480 3327 11151 1034 18990 11313 7444 10872 3104 19871 19401
13365 3174 12269 17908 4285 355 13992 16024 14809 4901 11898 16862 10543 15176 4792 15533 6402 3042 12892 17437 17762 6726 9107 2786 5425 8323
7950 18950 14095 2634 2565 11512 3763 18934 17584 8586 16611 2741 19417 9565 15265 12581 18609 12068 10148 9679 4570 17922 4733 6688 8173 2797
5401 11488 9015 7539 16493 11527 14141 17470 6782 9552 666 5819 16732 12802 3213 16176 12472 9873 6306 19989 6763 13958 13389 15230 11570 7703
6873 8617 9495 13924 11349 15805 9073 2868 13887 2723 12925 2797 9337 14318 6735 12330 16050 2293 19916 18360 17524 17735 6485 4582 16135 2024
16743 596 17673 16354 2323 2332 3819 17896 595 8459 6329 825 5488 11474 3212 7000 19364 7814 6691 19340 17135 15308 16192 9941 8896 3307
14501 17372 12733 502 13792 7500 10901 6280 17383 6236 14795 17670 17962 4538 8587 16747 6711 1744 6364 17739 10466 17779 4944 8787 11601 1073
11633 9248 7678 3556 14917 3247 2474 2379 17493 15762 18123 18090 97 17844 12455 3565 5656 6607 4415 5173 6991 4481 10262 14866 15170 1664
3030 19238 1546 13509 18073 19281 10909 16149 15695 5140 7167 3445 19633 562 11051 44 2611 3824 8882 8838 10930 17713 17620 10147 6857 5337
1987 12825 15455 15042 18022 2160 4789 4455 16928 8607 5794 17282 16163 17314 12045 14537 13118 17992 4202 18911 9203 3840 15358 11063 3570 795
13993 10454 15988 4740 12245 9249 3218 17362 1308 19817 4281 13506 17048 3569 19934 1321 17965 17097 12489 1290 12911 15537 14727 11214 13432 3992
9658 9093 2170 17674 19056 12019 18664 14821 5025 747 6632 771 15889 3102 16509 6549 2827 10458 3781 15260 17292 5219 2784 13451 5379 8823
2935 10843 5483 14031 14710 2516 15327 1394 11381 2645 3857 6819 12702 1395 13290 14235 13321 9460 11669 12434 14523 7909 15774 19622 18730 8106
10120 5682 3362 10532 14088 18494 4950 11429 19466 2791 19306 16452 17484 5530 2126 18725 755 18764 2793 10158 19767 432 10292 8903 10090 7434
10087 995 19739 13899 14926 18834 16074 289 664 14606 705 14408 7862 3226 4926 6143 5920 16614 7251 10518 2253 14250 6540 2301 11452 4087
18866 3998 19061 19574 14429 14064 12480 3363 5913 19924 3395 17366 10517 1848 17939 4670 12055 11775 17723 11809 3733 3882 4824 14946 13630 8879
19314 17796 19841 18851 17518 8486 5643 773 12784 15563 3803 16838 3230 4381 5065 2790 11195 13851 6926 488 18679 12209 7917 6023 14709 2934
16126 7222 103 17673 3402 1354 13648 4 18313 7075 19484 12176 2850 16348 10009 500 3299 18504 19582 7179 15412 13758 12133 2391 12599 1206
3694 399 18042 12843 14599 8440 19334 12466 5696 10848 19736 1758 14140 17320 5534 748 7445 5732 12735 6382 4443 14505 11513 6352 5133 13745
16410 7002 579 17169 2807 14062 17076 15133 6366 5055 15203 19304 5175 17933 5391 17726 18846 9560 13405 11959 6723 3342 5795 18532 4474 15903
15909 17613 12851 1585 2749 17727 3982 17646 18566 11333 8503 11292 648 6864 547 6351 11232 674 14487 18628 19995 16257 15951 12877 10458 15474
3591 11051 17737 2274 8925 11821 4178 5242 11220 9084 1082 11854 17847 10745 12876 9046 3895 9520 14461 7020 2479 6654 9813 9929 454 18144
12203 2732 6997 6837 9589 5216 4267 10624 15975 17312 7352 4696 3487 19088 2365 772 3688 17797 5830 1011 13460 19747 15091 11992 72 1019
8766 7467 6212 16389 15639 18219 10408 3915 9935 19680 9212 18517 2646 16738 2320 10276 17087 1862 17782 19588 15480 14194 3144 11929 8922 6374
2700 2923 9263 8724 9227 11231 19005 17215 10496 8173 12783 17775 10650 12705 15088 3431 5700 14210 17708 9088 2700 2832 18628 19032 15263 7135
18211 6205 4947 12102 1427 14335 7747 83 658 18834 1286 15151 2335 1436 17298 12582 810 13770 8433 11669 11027 13897 4664 9021 4425 8941
14804 10696 17227 16879 12758 4406 4078 9935 6113 461 16391 2467 16941 6545 985 18216 1718 8041 13794 1535 1228 7407 8354 18111 12397 9064
14493 8056 17969 7341 3334 5985 660 12474 18690 4941 1497 3896 10875 11062 11940 7359 10177 8962 4400 14966 4406 12050 12198 3398 14451 12303
8923 16052 10765 4003 7120 13264 9039 3752 13448 9472 1838 13262 6291 15719 811 9587 14570 1180 1340 9028 6963 7117 11048 4018 19601 19158
19065 3887 10178 7430 3675 7809 2175 16130 17767 6760 5941 8328 5109 1579 10911 2105 8602 15252 16441 10345 14224 2813 33 8139 16788 17317
17212 3146 19950 11741 13349 15531 3237 3658 882 15698 6438 2779 14148 16239 17207 6672 3158 10100 3719 16895 18366 8831 17275 13127 1106 5226
5699 7581 11376 1992 16898 9469 8400 10811 8107 6006 18247 13924 19791 8221 18420 7830 19756 6773 13231 17336 13905 18196 275 13918 16894 17715
15068 6132 13051 4228 13127 16769 3227 18747 17195 7432 16077 6126 4611 8416 4490 11938 11656 11348 16753 3302 12033 11224 16851 16427 5836 17591
581 11869 2798 14658 13765 14939 25 1227 15804 18862 7192 847 7607 16211 16048 17886 13885 11359 4691 8188 11164 9244 137 11194 12375 18758
19276 4137 17917 5307 12460 17480 7307 11974 4247 16068 5785 10591 18319 2576 15506 12141 10279 13884 8438 16432 12634 12131 15152 14159 10677 17395
8118 11419 5488 12893 15761 19605 3012 19382 7562 2623 3279 15953 17737 3625 4360 18891 8819 7209 19308 8490 16827 10758 13947 1018 11829 8838
12671 1438 13025 5194 7451 14304 19786 8622 10920 14042 1215 9150 18121 15595 8649 19513 12239 11949 10059 14637 11937 16627 13962 13140 14880 8121
2763 9256 11125 9233 12283 18944 19433 765 8038 17894 6542 8478 9068 17271 10894 7598 6301 3138 11013 8635 6183 2837 5639 5621 8141 3557
15206 779 15520 3357 15690 2656 17924 15243 1170 11861 19430 14417 9964 9445 10384 10292 12638 11292 12171 7843 6494 18658 2549 2565 13245 12256
8612 18649 7269 2926 12273 2877 17144 725 17192 14061 13258 10421 3501 14496 9992 13750 11282 2258 2579 16771 5061 12321 7375 18775 9441 3949
1825 10748 8779 16062 5776 5685 18452 16590 12562 16996 5782 14193 12823 10637 17705 7871 16840 7584 8344 11988 7491 19879 8894 9796 7342 13244
13744 6176 6960 10673 6320 19207 2590 6206 112 5337 15537 8246 3268 3558 7418 5551 6592 14651 823 16548 16814 3647 37 2371 7230 5210
18381 792 11470 5602 11897 11623 17097 2732 8333 18447 3095 16622 2532 7816 5966 14023 13606 1534 19481 3274 7289 2991 6734 1758 17785 5262
13276 8437 553 10432 8260 14213 6238 11679 5709 13189 15419 10075 9527 9569 4085 4808 1720 15820 2699 13390 19802 12059 14323 18532 4367 5093
8552 6383 8326 15499 19805 9853 6526 9563 1350 16474 11529 13794 13636 17167 6561 19939 15474 5378 5547 10959 12531 14125 17955 18553 19597 4464
2273 19338 4796 13461 17226 8654 15422 19668 9403 14486 12352 7346 18951 2807 5788 6055 10581 17945 19826 15386 13591 13684 1187 9869 15531 6636
4998 18789 4810 696 17232 5942 7343 7894 2851 13773 4754 4515 8752 269 9095 12898 4957 13616 16896 9373 19941 7760 7167 3888 17008 4330
4798 13699 13987 10188 11720 19411 3912 13185 2698 5705 9858 14850 12770 710 19423 12637 19940 1339 14217 8149 17264 3773 19011 10278 2193 18774
13014 8611 8972 5322 11187 5793 1741 2756 17207 2668 18659 5391 7889 17035 17166 7853 5225 5995 13750 2734 3776 16545 1714 1371 14346 10976
3033 13110 12101 16024 515 8480 17933 10419 3116 17670 14483 5640 17365 1462 5617 15781 2871 9040 5633 6963 3819 18085 12452 10811 17533 15650
4431 4790 15014 2488 13305 18587 14739 8026 883 13860 3094 7074 13508 18994 9616 13680 16991 3583 6817 12829 9930 5452 15273 18962 11516 9147
1359 7458 2810 12729 17210 10413 6460 16050 1989 17316 1326 6662 14141 14996 2726 7335 4983 14048 18821 5177 18405 5956 1125 13041 19073 4266
8331 2002 16332 6794 11043 9520 15290 13373 19367 14753 14698 11011 9534 14513 18727 18549 17386 516 941 9619 10572 3909 4872 18905 9068 17753
18130 13832 12713 7868 11886 8095 11060 4903 14995 5133 10024 2627 8433 11619 13177 8699 3305 19299 10336 15058 2144 4312 1258 17050 13506 2355
9438 8457 19175 5850 17911 15974 13397 5307 17538 4894 10941 13341 3955 10477 18080 2587 4098 6546 3762 13618 5776 10753 19546 6958 182 18559
1037 3868 9477 2653 19414 6192 6437 3136 10982 16216 13194 6877 9427 13617 14831 11599 2756 17761 11585 5953 9300 19103 13256 5460 10595 13216
17436 3095 9721 6410 15666 4263 17367 8891 6821 4484 7832 13904 5956 15331 13826 1638 782 2337 15655 16065 2220 1639 6782 16616 13506 11452
2863 15887 6907 16531 5176 17152 13533 6945 1521 19204 17938 18164 6753 11529 12699 18693 9815 2645 4921 1787 1303 13313 13275 7246 7861 3945
11859 16713 7599 11958 8962 14720 8675 10380 10343 13882 19935 13257 11127 17609 4054 1768 6757 14889 5173 11230 648 4586 19308 6619 10068 10106
2292 15476 2866 2135 9865 17584 18933 5248 13910 13291 15583 17703 9947 2334 18116 10851 11647 5639 6974 16741 19695 2276 13397 3061 16725 14771
16812 1513 5356 7699 3676 7073 15520 18788 7973 7036 16348 18272 13559 7059 19387 12215 10837 19133 18040 19743 8936 12024 8868 260 6773 819
15297 17032 16958 19161 5023 10967 3741 15032 19275 18329 12125 8616 841 14430 3186 15876 5784 15762 4002 6259 8619 3727 5775 3079 4030 980
5856 2188 16142 6882 7555 17622 18823 11185 4629 11481 4040 16823 19717 12717 15015 8606 18153 10967 6778 1612 2930 19705 17646 13749 8407 6380
1519 8268 13925 1703 8976 2968 4200 7461 2958 13243 3726 14496 9990 535 18984 15975 1306 10911 13558 3991 5016 1359 14421 2742 17767 9377
1683 8439 9169 5883 2590 8892 18492 1604 9826 2945 12968 1140 2790 10017 12279 18807 15338 750 19718 9435 17549 19975 2559 18937 9549 5946
13567 3475 12695 11887 16635 9152 9356 7663 17059 5600 3021 1963 13732 10623 9110 19841 12033 16900 7531 7018 19750 10790 12153 9652 19570 13574
10804 10001 19911 1137 12818 7821 9155 11948 16778 18718 16594 18111 12335 19389 18284 2350 13606 14637 4652 18129 2339 7887 206 13113 4134 2640
11277 14230 3145 12909 9478 15310 7326 5253 19552 5928 9765 11563 10724 10945 15479 15998 8212 12084 2763 803 6925 15992 9915 606 4169 5792
4214 6030 7770 19209 1255 3744 1522 6634 13924 1428 9829 9034 16528 15276 899 2768 1309 1412 8272 2073 3152 17137 3558 9182 3401 18347
4926 10983 5888 13928 18887 10501 11453 6730 10640 4702 12108 914 264 924 465 19654 5493 6457 16826 13552 19651 2745 1034 3535 12723 3219
9403 7088 19526 15577 4931 2665 5922 13790 13818 18583 17667 7544 19889 6741 17023 9948 6032 13717 18811 1429 9495 9612 9672 6608 11113 2486
3672 7922 2343 19572 16426 5524 2022 10288 1096 221 8136 14914 14254 18488 16455 17899 10923 16189 13922 3110 13419 6418 8497 12295 11043 15887
1330 4768 9395 8740 18256 18173 2012 9598 17443 10943 4277 14445 15413 10953 6256 16471 4625 6891 19665 14940 8935 6296 4390 17416 19762 7467
14886 14985 15093 14507 4108 12441 590 1248 13118 1552 2349 5347 14301 7550 18605 661 7263 12394 16226 11403 4416 2641 19952 15920 4820 5349
15855 17983 7534 13911 6658 16443 4632 10169 19328 9348 5729 6312 18053 9649 12871 7255 8217 10179 16363 19312 4419 17314 9312 19584 9549 14263
15774 4458 19386 13274 5483 14355 10189 1618 7469 16016 660 6323 9514 14384 16609 11727 11070 8718 3460 9814 16431 12334 1952 12780 15833 9958
17863 9954 17101 3756 604 7613 16440 12239 15840 491 10546 171 8766 5347 8441 866 18673 15082 11416 8330 14028 19975 5277 17470 1435 6674
10412 7153 7028 14111 223 16390 18993 9815 8541 2628 3768 19230 11694 3113 14866 8077 17717 1980 19641 12195 15371 12065 11921 15078 5709 14847
12968 6819 13131 17696 4974 16874 5727 18220 16662 6920 585 618 7532 4290 2898 479 95 168 8773 13870 16998 19789 131 11393 3489 18487
8612 4829 6831 16440 14520 17706 447 2223 14040 5885 11965 16841 16112 6744 9930 2684 16195 5497 7939 1552 1773 1991 6517 9233 327 12976
16391 8440 14371 865 17595 5664 6372 6537 18586 14687 5440 10537 16294 6824 17186 2793 9348 11258 19037 7533 3961 19561 12140 15655 4579 18787
9210 18094 14280 14474 13726 19185 13522 17917 9494 2820 11871 9584 4693 12911 18875 9254 19614 11386 16112 1351 16374 13888 16096 5650 11895 8912
19402 19533 279 9313 16744 10125 1878 1134 17934 16632 624 17568 19581 702 11251 9769 7559 7128 18908 11223 1121 12299 6126 4760 16202 19789
6454 19055 3603 16708 12350 10491 17013 14998 18634 16999 12098 5059 666 1618 19225 5752 15892 5015 11775 18639 10120 7112 6965 7132 5239 9262
8486 8397 2682 4684 3808 15379 6093 15608 7497 4088 335 10252 14604 231 9819 13001 17154 15563 9108 5852 10553 9000 8404 5269 14075 89
15211 8326 16427 11597 18954 15579 13217 17923 15935 4738 6514 1659 10738 4695 1400 15478 13906 196 9200 9578 5640 8274 15751 12326 13672 604
10410 19788 4300 8694 8903 17246 797 12860 2189 11379 13915 17057 19926 12541 18451 5609 3202 5412 12406 18953 4960 386 12505 3972 3714 11375
18734 14963 7881 6017 11200 18162 16751 16631 5932 16541 5776 11127 10442 14405 18533 12276 8472 14641 2605 7203 15482 13058 9516 5492 10076 9208
19869 10494 19045 6290 5766 3589 11967 1433 682 10845 9606 8946 19472 3466 6414 19251 7428 6675 8341 2671 7240 7133 151 18511 8093 15524
14763 8568 13572 7836 18689 8382 427 1502 9111 10810 3494 3510 625 998 5802 5796 6137 7968 12270 15421 16735 7288 13970 19760 16671 13461
384 17833 1755 12918 1306 252 17683 19695 2869 16176 4616 3878 9055 15972 1724 1845 12666 2981 10195 13276 17099 19520 19898 18590 385 10770
9704 13016 12053 2848 11858 1617 14832 9221 12456 13292 9546 14972 2687 17929 18591 16860 3788 16397 17196 778 8852 879 8626 8229 11505 18188
8842 15759 17845 14923 6522 1217 8411 8332 15759 11112 19855 8487 7000 6454 9510 14168 7147 371 10255 2564 13042 14361 10785 830 13086 8047
15650 8639 770 16444 10383 7606 15573 966 16167 6936 18863 18424 16400 5906 7922 14375 17080 2330 3411 2381 3579 5028 14082 14089 13596 13678
4038 8140 8215 12795 15348 18496 8169 2449 4094 19795 12731 8612 8944 15447 3960 16021 15597 16024 7804 17176 14564 11412 1057 19297 4071 13868
1570 15879 11716 2653 9971 17132 6197 5376 18242 12555 5790 1314 11196 759 4957 17295 2741 1860 15207 9708 3956 11159 4692 9474 18038 12346
8587 5627 16834 17942 19659 8146 10338 6511 13415 13842 6825 16245 17505 8832 17286 4171 5547 5384 14012 9200 2893 12297 2481 8181 329 17799
3896 1462 15527 524 17999 6251 9129 896 16408 4480 1255 470 17172 3253 3124 12126 9584 4303 14030 13820 7536 11304 4670 9359 12024 16748
6750 10934 8323 13394 1137 17117 17836 14366 3530 4699 16086 12505 18623 8393 6702 16426 10155 7804 13088 10274 13436 10938 11714 10433 16947 14958
15316 6931 13427 9272 17356 11757 5305 6677 387 9357 15247 13085 10895 5728 16216 11869 14335 2736 7210 4747 11414 13515 16618 17593 523 17971
736 11662 7272 16204 8108 12244 11519 7926 13257 3850 7106 15267 4935 3936 6250 3445 15841 9951 7239 638 14482 6833 876 1001 10808 18718
19319 203 7011 14044 11401 15184 8976 19548 5144 19047 9939 16064 12734 17954 3299 5542 3423 9313 8081 9448 16470 14796 16965 9931 12205 4462
12645 7620 6634 510 12403 16652 9021 2993 15709 13732 17222 19870 16924 11696 11471 5668 835 15301 403 5389 13913 5578 4046 5266 7491 15231
7136 8653 12778 16454 258 5175 11034 14136 9204 5998 18643 1773 6908 2637 8057 2846 8896 10400 7131 7356 15048 14155 9497 17327 13404 4125
13097 10511 6960 5335 17071 14714 8625 6076 10856 16335 16377 12323 18809 17954 18639 17520 18074 1784 4498 19414 9442 17572 15424 13346 11463 11911
8283 2958 2394 18409 1172 9469 3807 8629 4960 17275 4108 7258 13443 16351 13436 11377 17569 4622 10391 9434 12982 12465 15230 2031 9625 13215
8211 7972 13116 8461 18255 19324 8014 13158 5024 12015 482 14872 1219 11311 930 107 10072 6179 9922 4475 18582 19593 3879 19879 3121 8933
4840 16668 17031 920 10034 4797 13513 4806 12220 19179 2648 17773 17427 18550 17283 3345 7640 16357 1189 1375 3272 6862 13756 10087 19366 1957
2142 16779 12 16802 5594 13829 14267 13076 8267 5342 598 8934 12422 1602 4193 17759 2512 6887 19629 4199 19378 9566 15867 13915 17453 9376
8223 7070 13163 17097 18864 11578 5910 17909 15507 14623 17202 4199 19426 9608 6566 11510 2935 5255 14226 9102 12916 7939 18187 19713 16307 6524
14828 3323 17485 13 15647 16429 2236 1253 9366 15153 4934 17757 5139 13142 8718 18501 16851 2979 19937 3919 8853 396 14424 11468 4036 3725
7206 6894 18787 17258 4408 18028 15237 4979 12403 18814 6985 12670 11861 18607 5948 4446 1245 3461 1848 6910 6197 18684 1682 18334 71 7573
16194 14178 10590 4604 4691 15759 15403 11363 11260 183 19709 7627 16817 12589 3157 10547 1771 5492 7207 3609 434 16722 14919 12280 18134 3733
15811 7771 19926 6736 8279 181 12620 15338 4882 13370 19649 4061 384 2012 18071 4560 6251 15427 15269 16919 8914 11475 10666 9861 1789 12884
10145 10116 9935 25 8953 2966 4129 77 14170 13516 8615 14336 18425 14387 10259 8433 5978 17731 10197 13775 5573 4116 9631 5461 4946 1839
2543 11076 18326 866 8360 14633 11818 5602 6019 3998 18864 15165 14083 8554 11803 19615 7409 1012 1714 18843 15895 12195 1497 2015 18119 5305
8244 7700 2603 14212 13668 738 5388 13 15402 14825 14465 8226 6695 15657 17547 8766 17928 17859 15377 4281 13857 17447 19640 3056 12164 5199
8500 7110 17967 17705 18639 3482 9959 8502 8508 12676 14388 10523 8630 2858 15096 16266 10751 10483 5708 3478 13510 17228 14490 11260 8436 12277
9566 9315 6862 3768 14458 19487 12590 13722 4408 12454 10751 7098 13164 16576 2526 14151 18398 9770 8472 13611 522 11289 13248 10912 14990 11552
13830 1316 6338 11446 13344 952 13379 14328 3586 11910 3860 4265 14111 12427 13423 11385 19624 13588 7503 12092 3842 16479 2492 18591 3789 9138
16834 4365 9002 31 5065 221 16738 14650 1481 9906 3510 3428 1123 18022 12116 3439 6035 7027 4401 5545 3064 3374 10512 13574 1896 6719
12701 9369 14281 17358 12849 14309 9775 12565 15492 15371 6203 14778 16807 11920 3267 10804 14014 19539 975 9528 15396 19092 18596 2681 17983 657
4480 12792 13652 3656 7834 17624 17425 10351 18373 8020 668 2772 1702 2343 9545 5382 1515 10096 6982 7047 7194 13448 11459 5232 17595 5779
2480 2721 12850 1145 4253 16993 1476 11679 13576 392 879 12299 11510 892 6355 6528 12213 14786 16949 18296 2337 19631 534 3354 1505 2281
10182 10315 5683 19279 3462 15808 18643 1217 19261 12346 12544 3500 6245 5350 19383 3795 9005 13846 9721 881 556 9242 12448 5138 15267 6268
4645 10359 7812 8559 7074 13713 987 12782 12112 14597 11858 2318 14118 1435 7399 10909 16932 7203 3050 17848 11907 13305 9493 882 18108 17185
11899 15310 15772 17530 629 11162 15157 17213 9960 7607 16128 483 10392 14629 5478 4901 7649 2421 13922 7337 14619 11231 16765 9131 4110 3066
6363 4590 9467 7719 13126 15439 440 2765 17995 13219 7994 272 7803 11602 8941 14040 4194 1547 8583 12845 3230 7834 18590 7558 9198 2806
3760 19194 8218 8792 8518 711 13985 11808 4139 527 1231 10022 2570 6500 16157 17182 8450 155 12948 3881 14701 14674 10887 6481 17128 12752
12567 2750 13077 1756 13416 18378 12925 19956 19719 8438 3581 3570 7170 8228 14809 13796 16454 4113 7528 10002 15230 16857 3328 17409 7889 19944
8206 2099 6047 10863 22 13853 19005 18075 18004 4185 4804 5498 10721 5381 14527 11795 15397 7883 18618 16917 10314 13024 2902 8035 6744 18630
3437 755 17679 12327 6258 2115 1365 11725 7397 8060 5093 10279 4918 10024 13914 7660 17256 3971 9493 2015 10479 4869 17939 2460 7641 3261
956 9244 15918 14838 10615 375 10466 12930 13170 17955 2654 7125 13048 5035 9524 12244 246 18548 14509 2155 19013 4062 3165 2150 10756 8357
9569 6250 18633 11708 5834 8794 17881 17042 4388 19791 959 11860 18333 15211 18303 942 5471 19459 11821 19770 14125 18253 5841 84 7881 19258
8186 19320 3055 2059 19884 13289 6055 5166 1277 14731 8967 16527 16874 10855 12476 17608 12804 1201 5242 8050 1596 16780 16803 1814 8512 16591
16330 8515 17267 9983 18258 1645 12816 12417 10213 17494 5382 246 605 9574 11211 1045 4443 12413 6118 3336 18286 4588 3412 11778 17250 703
14021 15973 6469 19106 12055 2977 18024 19186 5635 7882 14905 14153 19523 13667 17445 13989 15213 11354 14139 4877 18515 17210 1485 7009 9360 9916
15788 6569 18898 13324 10227 8423 15983 569 8624 11715 18238 6361 7228 3660 9626 19475 17960 6426 1433 16805 2811 1088 629 17406 15626 6880
17283 13676 5875 10058 7395 3749 15654 1257 391 13507 15133 11294 7902 9120 9573 507 2297 5292 10428 9562 5517 17467 19899 6548 17248 7915
17239 3223 3557 16149 7928 4950 3904 5554 1282 17332 5916 7657 16917 2657 17669 4788 2898 17030 10012 25 8100 2438 10361 14748 12236 2028
9783 12334 5634 16412 14434 8885 16731 16615 5844 8641 6543 8369 16294 6667 4609 16713 17342 19387 4764 7926 13033 1645 13112 11395 18902 14653
16638 4030 18234 16301 18196 17923 4498 4209 6462 13566 13615 8502 9150 17098 15520 14340 10276 8727 8612 1481 15008 9706 12724 8537 14672 13321
3373 6944 4218 17511 9624 6315 10909 19866 1841 3006 216 5395 2045 8893 11759 9898 3834 723 19600 13222 18791 6803 3435 12330 18367 4990
15000 11234 8434 12507 557 12553 10331 12618 12350 478 6670 16096 3404 9958 8394 4770 10845 10759 18847 7710 154 12399 15258 19238 15149 3225
1251 14686 8882 6178 12940 7289 18861 16376 15546 16787 9076 6137 454 10953 13017 18320 11245 15215 17933 2289 19804 5590 11234 19312 5781 2689
16244 3666 13556 3416 17439 514 3171 13353 12672 8676 13754 1939 9119 16169 11159 2529 10361 498 10864 12001 2239 586 13359 10771 12637 13698
1728 633 15938 13024 7454 8943 3893 3845 8304 14469 13000 9680 13681 8435 769 762 18519 3642 12581 1826 12174 11794 13346 5310 13131 784
8900 4988 15633 11666 7380 15777 8599 14924 12938 15237 12990 8388 11672 10670 9266 18472 3257 15901 10159 866 17784 10451 16216 2471 15317 18961
1542 1656 15364 14785 9370 19824 3189 9136 1739 2362 3861 15914 3345 13442 1226 335 16202 13588 12878 665 15197 15329 3978 6797 16960 15382
694 16279 16293 9809 17546 17376 17027 17287 9779 858 16908 17333 5851 15995 15274 16636 12390 19298 14583 15959 16264 10736 19929 6200 14838 17587
19651 11338 18966 14855 11232 5599 18511 11497 8721 4695 7469 19070 6051 12654 14165 7348 17477 18627 17395 16298 2682 9767 13700 18827 7296 6826
18456 16652 12385 1501 9099 9468 14960 6849 1326 7735 12712 11315 19885 9450 5339 1840 17872 10562 11927 13525 10999 5274 13346 17061 13204 13918
15660 17096 14430 1251 12088 17823 16050 8733 15228 2645 2898 1373 6943 4717 3923 16947 19517 2420 396 17923 1881 13377 2073 16144 15388 10053
18364 5920 7991 12368 10227 4571 18693 10268 4988 3990 1645 5664 10566 8918 2288 3700 5185 19133 11872 13119 11921 3174 1863 4661 2327 11932
9640 9201 16530 9007 14717 7663 13900 19577 16160 4730 14048 4415 3322 9914 19830 9449 19986 6124 16574 19100 4892 4296 15340 4344 16835 4710
10904 8148 7750 19433 8480 13266 8114 15192 12399 9685 17806 2321 15260 10576 10167 6632 12231 16468 15338 13234 15291 2707 3071 12170 12409 8471
2197 9341 10910 2004 16549 8127 12208 8503 15518 524 9584 10174 6231 17644 16810 7263 7233 9191 18534 18073 9692 18775 14526 15600 14948 10065
4036 11465 11028 10889 19893 397 19694 14057 14734 8986 16563 5324 6944 15099 9964 8022 17775 4688 1835 5886 3587 2736 335 3295 11801 10980
9576 5462 12232 3679 12054 5232 13828 8397 11279 5794 8139 12264 19909 7484 19438 11285 7830 2274 15295 412 133 17234 12300 3593 12206 4952
19690 16146 3260 17961 17677 3219 3943 3105 2450 3590 7199 17959 13582 16616 8987 10162 10240 10166 18328 4342 11806 17158 7642 14029 4886 8426
11931 2078 11219 11820 13708 18696 10550 12792 18192 11857 2204 8852 6094 3518 16817 14839 1276 12744 10681 5354 11201 4528 238 11202 10173 8414
13718 18081 13337 3040 1424 19039 2651 5800 1852 19945 6709 8306 5211 2608 3624 18077 16253 42 7702 16435 9756 7066 19152 19473 4212 3720
11134 5941 14899 17564 2768 407 6382 4764 2749 5042 11302 7782 15431 16847 6932 17558 4827 5231 19304 12267 5742 7993 5670 9561 19915 8548
18405 6753 14867 18058 6022 17494 16261 612 11940 1119 7626 6854 15153 6493 10661 6770 19264 17979 16245 5728 8763 18291 15887 14617 18563 14741
12304 1753 10314 14772 16751 5055 10794 12818 3587 9358 965 6546 8588 7869 46 821 15817 17316 4056 2356 13581 19323 9883 9489 15767 314
17128 5030 18450 16368 1475 460 11277 4230 3276 16570 7519 10446 8643 15641 16475 6625 14067 6155 4981 16178 5672 10835 15773 12714 9403 7765
8719 7533 14911 19976 19277 325 16251 19852 982 5076 9069 506 17130 7193 10276 11494 18367 7435 6293 18028 10420 18858 17158 14607 3502 4406
19013 18348 8898 2608 800 10541 18696 7841 1982 19330 13905 880 3359 14482 15975 430 8924 12046 6755 3422 4839 1804 10635 4903 15129 2941
1650 5059 4344 2960 16818 15727 13705 8086 14051 17209 7596 11188 2322 11828 13336 4898 7411 5889 2206 5960 8497 11060 4562 13746 2809 13906
12791 8632 9355 8686 13718 12089 9513 7906 6508 9591 4753 14682 4358 18682 17242 1056 14668 10218 17519 18956 9259 5585 4783 434 17399 1174
19240 13076 13437 2918 5725 17092 15694 10430 13358 7374 644 11569 2278 2867 14467 2503 994 13879 6898 8577 8285 4374 13608 11654 3663 4687
11229 733 9399 16386 2304 4494 19551 2389 18791 12797 10255 18366 11899 6793 17500 12604 8430 5648 11726 15785 524 5134 3111 2042 4595 11814
8346 4597 17654 9021 12118 17788 1547 273 18543 14670 2625 17058 5910 15755 5719 15363 11925 3026 11454 16235 9143 9109 3989 11226 8903 758
2349 14030 15472 12428 18247 16459 11645 16684 17914 10853 1319 12071 12418 15628 3326 19675 419 8357 11088 16648 4415 3388 16862 18580 7018 5943
12360 3160 3767 9068 435 13830 4036 13987 8428 3600 16323 12739 13060 17491 5664 14148 17547 15532 9497 6973 239 8436 1758 17510 4171 19597
14004 14474 5459 17817 1485 5721 19460 2113 13407 10071 17055 16009 19767 5628 6581 2598 14127 5088 3931 11587 7347 1826 5979 15689 10899 14340
4401 4497 10792 10580 15484 7792 10059 11138 12463 17 2372 3982 14779 5509 13925 19944 15724 11325 17938 11880 3021 5137 11415 14191 11720 2151
13622 9820 5270 5688 10444 18951 3471 2003 16702 14808 8323 16882 13628 2857 5681 9761 6329 13186 17457 14919 18233 17724 4433 1880 4038 11484
1740 14296 3971 433 2124 2031 6618 7148 10525 770 3394 19995 15344 15927 11392 10810 13255 14267 10436 10588 1066 11638 4059 9056 12685 3923
3058 16849 4512 18965 7121 956 5002 14267 718 18345 10 12705 14526 18184 15463 19873 12710 13455 14293 478 1067 462 7613 19471 13685 17654
18520 436 18987 11018 7642 18969 6405 2835 2022 17260 9710 4645 11926 16548 8879 7220 5398 16564 7997 6144 659 7543 8874 581 3433 478
11105 16641 5817 16477 9529 372 716 14175 19044 19677 9055 16013 4890 6819 11406 952 7784 2739 4326 4400 8775 14580 17361 1765 4698 6215
9817 17574 1753 18269 12511 3919 14664 4285 17867 12371 10100 12037 12446 16518 8806 18272 5764 12362 19944 5050 18361 939 10001 6111 16232 13599
17891 215 2788 16376 18596 19867 6882 19200 10943 6521 6951 11425 10543 3124 10332 14339 3116 8579 15207 860 17933 13321 4422 16642 3275 13547
10746 18321 6659 18070 17376 19158 8633 2088 17718 7593 18705 8339 17533 15623 16752 3362 2495 11972 18405 6058 10122 7454 18822 12510 12031 14507
7435 10559 762 408 3734 17893 4324 3148 5401 10554 14186 16242 4836 14214 10625 4140 4418 1334 2066 4741 10498 10239 17801 5334 14207 8572
16659 14788 15765 8295 9657 12680 6405 6433 12415 7263 9432 11455 6313 611 18035 6982 14147 12891 4377 12949 8467 3138 12142 9049 5139 17137
7118 19999 10439 19 4053 8013 16638 14150 16539 5153 2796 6629 4867 5557 2235 3390 2393 15462 9956 18499 17498 15570 7900 19625 9467 11140
3457 700 4303 19121 8615 12750 8485 14523 3619 16991 2318 4180 6935 14981 10049 1934 10116 4696 684 13574 11637 12914 11928 18885 10299 4030
7593 9319 19024 3259 2099 6115 18044 19261 14052 15824 1202 3502 9712 18958 5930 18291 3414 10007 8023 970 2595 3769 413 14658 9333 10944
18714 787 18430 17559 2993 4238 7828 9593 12262 19145 5368 10180 8043 1067 9287 17412 4047 10342 5398 18282 10923 11276 14309 6457 16004 17692
18237 3610 16363 12076 4417 1791 1632 837 943 17734 17654 5936 11105 3910 8079 5666 18842 7959 19275 881 5456 14572 4002 15478 9346 11932
2434 15118 212 14849 7930 15002 10527 9377 16931 16940 2514 14198 17238 5698 7561 418 18455 18379 14148 4538 14305 9232 7265 10130 16408 554
18347 10884 16949 1155 17164 19856 13431 10827 3592 5995 12623 18418 3712 35 9242 7786 8992 16656 12347 7417 14794 5187 15339 6999 13923 2703
15369 6077 19004 3907 4012 18425 11382 12428 10320 5298 18501 18476 12668 18997 1662 10840 8308 11377 11476 12324 15337 10041 13316 11882 12919 10296
14178 1577 5456 9248 15204 11796 13002 2347 13601 11309 9602 14657 914 13826 2172 6120 624 114 6434 12641 14751 19105 1213 4532 3987 14432
7400 701 11728 19169 19527 6422 12620 3092 19549 2368 6156 11259 18242 17261 4345 19065 18570 3628 16329 3571 14942 6427 13773 18536 17888 6102
4189 4969 19731 19021 15152 16907 6405 4368 8661 9455 881 7689 4432 2635 15355 7325 6552 12139 18046 10843 17696 5803 1071 16330 10061 12985
18312 8688 3785 5205 10589 8101 6318 19735 1924 3264 5373 3459 12494 17383 12555 19354 6904 1711 247 1166 4574 17816 17161 18384 14080 2369
6177 731 4849 19645 1264 15500 1659 13075 6875 2749 18650 8322 2762 11118 11442 8434 7147 10572 8356 761 14902 3065 4408 12376 9534 15333
10307 19379 19661 18251 6037 15743 5951 1693 1231 4938 11350 14897 9101 19583 388 12015 8099 1589 12671 10222 4217 121 9751 18997 17971 7632
9210 15059 16474 10110 5111 365 10818 19994 2854 15867 11276 12319 16172 10806 4081 1290 2923 14484 11332 12636 9278 2275 16158 3712 18226 3622
12831 9939 8864 12527 14852 11347 19565 14446 1468 14264 8073 791 11764 17576 8512 19948 134 11834 13463 19639 990 4628 5359 11943 10553 3240
12447 15008 2842 12128 5942 7843 12938 15008 9732 4651 15420 6982 12130 5444 5668 6681 14345 17099 3341 2956 8358 11507 13509 5231 7135 3445
8063 9070 5030 7891 8412 3345 2541 17231 11698 15665 7870 18536 17822 16158 6348 12477 15436 16303 446 17224 6600 8918 3669 16107 17707 3521
11631 2559 8910 3700 3420 12407 1401 13747 19494 1901 2889 4015 6209 14265 18090 12741 13705 10781 15163 12478 7481 12939 953 3958 18109 3466
1655 1869 19644 15943 18338 17456 11187 10078 8949 959 16706 3251 5704 11615 12328 7685 11016 17735 10625 3235 15766 16947 4138 16651 7694 1558
13742 15718 5183 9897 7204 8756 14532 11745 17990 3692 126 18475 14999 17672 526 7081 521 7805 6420 11865 14634 1973 15442 9289 13579 17870
1416 19728 10185 12759 15889 388 14165 2559 9372 11487 15260 9114 16836 4171 11087 10068 2137 13915 19585 5708 4633 11982 16431 19244 15777 18445
13045 13945 8115 4900 14253 8203 13215 2170 17421 7579 10238 3993 13331 121 11998 11947 5204 12136 748 17418 1024 3409 15322 16616 13559 17234
12256 9878 7576 7421 11151 18925 6854 15239 12882 12930 16002 14418 11639 10433 10492 2069 17160 3581 693 13903 3043 2087 3250 17729 8643 7982
15766 15170 4082 16197 4486 16807 10276 19136 19822 10521 18167 4595 18435 3527 12669 12372 15908 8149 6058 12892 6269 18071 5747 14870 743 3937
3505 4982 18148 17337 19230 16314 17030 19505 5337 16002 1017 2062 9046 19387 6912 17031 18402 10501 7717 14652 7314 12279 18808 12191 1500 15246
7826 18591 8254 3568 4364 19150 13076 19643 15133 5090 6394 12184 18974 13753 15028 1058 17749 16876 11441 878 12242 68 2688 14380 16329 17865
10326 8618 14604 3769 16061 17157 11337 7935 12155 653 11316 17667 576 16705 16169 15491 12620 14791 13374 6539 12623 18790 7129 2030 15407 10912
15854 10995 12194 198 72 6834 16744 10307 9667 3858 11649 3382 11818 12244 15506 5344 7861 12214 9394 15913 2726 19855 4677 13219 2091 16251
14387 4438 19479 1703 16832 9354 1118 6277 13425 11317 12732 17222 8843 19206 9682 6787 1274 17397 1731 8912 12342 14960 9688 14155 12283 14856
12563 3883 17089 269 9939 6584 2602 2013 5980 243 2766 6174 19662 7147 1983 2221 17048 9606 18089 4036 767 11062 11496 7403 14327 13833
10916 12698 4983 19644 6970 18099 1010 19946 3907 2366 14246 5157 1579 16630 7605 715 15168 8986 2319 18573 5966 2197 16190 11754 11734 17382
4800 7526 635 7281 4796 10569 729 19735 17014 5230 18135 19986 16043 7930 3902 7722 9271 1879 11397 400 6586 8479 5334 10225 13333 13196
6540 5010 15548 14248 9417 5127 3518 1753 2532 8641 7120 15141 11576 14080 18430 16848 16594 8304 10234 18440 8138 8193 18142 3964 18273 5207
352 6766 10919 19926 7672 9963 12450 602 4934 2027 12890 7064 1122 9469 7231 6375 2525 12420 567 7514 8859 19304 4570 14004 6683 13143
7041 5978 7107 12966 3294 17285 12501 1495 5248 7942 19380 5950 5001 17308 6399 18843 12440 14989 13638 1975 6781 15434 18066 1893 19448 8426
11617 11946 14305 7614 13958 13251 7853 19382 826 5242 14886 19078 19562 7819 6376 7026 2364 473 15996 18377 17369 10435 19864 5753 4824 2629
14939 421 5893 3693 12011 10863 2974 16240 3972 6578 3113 16492 4327 11200 10339 11830 6197 17929 10966 11129 10397 15036 11542 4738 1381 16578
5866 6076 15686 15342 4558 2807 16629 6153 4553 7709 1484 6985 18496 14389 16056 7380 15878 15111 19646 14996 8062 7269 13634 8094 10552 8018
2664 7625 2118 10211 9378 9641 3725 4827 5191 1660 4795 489 13837 347 18809 8108 1992 17109 13569 10701 9358 1381 14302 3294 18493 10657
19483 14464 8755 14879 10824 4039 18948 5197 5319 1500 8211 2408 8486 14975 5057 18092 6070 1004 18245 19119 4211 16364 10170 10778 12929 4614
7378 17333 562 1132 19897 13346 19823 12886 7073 18789 1968 16891 8302 18001 17031 18525 6216 2849 15679 16559 8209 16328 16912 8215 4084 18968
2158 4701 3249 5540 8555 5171 17298 1167 16434 19135 9387 15975 11685 9601 994 10622 10592 14090 18787 10600 15632 17170 8809 13499 1643 7937
12762 3737 19912 7128 17966 1495 15424 6862 10834 10747 12309 13467 9378 17253 10871 12980 17727 3754 17519 1987 7819 17761 3846 10815 6401 8582
12711 12063 5699 2283 3610 2889 11639 16143 10218 8941 3813 19481 15623 7355 6199 15036 10221 13370 7829 12554 15003 6827 2942 12630 16515 6465
15188 15822 17082 8060 8024 18770 5166 10149 1984 12822 9439 14839 16611 12919 3083 6689 15988 16776 19631 8167 12045 5639 7517 18964 4596 1348
987 1383 13458 2025 2099 15200 17522 12677 13654 19273 2088 4118 12624 5923 17189 11438 14884 7054 2219 1975 3703 7061 7515 11520 15447 18463
6539 13800 13898 1357 8301 19056 7269 16461 19263 9695 16574 2143 6877 5811 8462 18086 2713 1958 16336 1670 55 18878 4685 13187 9339 1193
16297 10440 13297 18358 5416 1009 8918 10735 8522 13114 9434 18083 8077 10375 573 19552 6873 14964 3724 7530 7301 9398 593 19097 5670 14651
3583 6386 16561 15208 1889 7785 12388 1522 1993 13220 13241 16947 16284 18147 13380 13598 6146 8370 7393 7074 3973 9030 9206 8031 5892 7132
10817 6009 15827 2324 6197 6662 18766 15966 15591 131 1713 406 12987 253 8723 94 12064 3656 11493 9854 17631 2031 8934 5515 19249 12322
13803 6516 16947 11963 9505 3310 4039 6107 7811 6993 11443 15765 12868 19963 10062 5164 14660 9605 17456 3863 11003 1682 4864 9167 16927 2314
13363 10349 1100 1420 16561 6442 11649 17689 14736 13058 3973 6184 5737 15932 11932 12216 7574 7850 2730 18707 5317 2315 11334 4678 7485 10030
12727 16738 1675 3530 5472 1581 1781 13144 12316 15257 12792 4795 3907 12382 9971 17013 11265 17933 11867 13595 14719 13535 5866 17944 15881 327
4977 10412 11014 4213 17692 11644 10845 15494 6737 5435 13086 15705 2804 15267 18342 7815 14677 9954 4801 1442 18070 5467 9439 5519 5773 15687
17002 23 18897 569 8713 19993 8960 15529 3484 16125 8462 8785 18076 11919 17872 5500 5487 18877 17214 12259 15090 17282 11213 14272 9430 3286
13328 4251 2772 6240 18018 6317 5960 750 19802 12373 19724 4900 19023 10989 2075 16055 331 11285 9513 18239 14000 13864 8530 960 13802 14253
2530 4628 2380 1560 10450 3644 10914 8322 5747 19349 12029 12272 17728 5829 5896 9911 10764 9262 19934 8322 10199 15872 8349 13139 5419 4655
17709 4887 14791 3423 521 13159 17943 7038 8528 17812 3026 1235 2697 6165 9647 11528 1181 9611 17631 16011 12829 3698 17353 3707 10942 14801
4401 6400 186 16316 12745 11519 3402 970 8564 15325 3414 11102 2676 4075 6542 10913 18225 18674 14391 4195 1473 17829 7909 11428 19806 7153
16680 9410 7638 17374 8972 16671 11010 1895 4158 994 16750 4488 3086 5086 13338 14214 8451 14988 16291 6863 6564 2108 10204 7291 782 5371
