365
19 54 23 4 79 25 15 61 91 75 27 49 59 52 82 46 46 25 85 33 90 26 98 35 9 33
9147 6821 14005 8912 19439 11966 19886 6213 8954 7456 15497 15484 9660 6423 16088 7688 13753 9182 2348 7957 4980 12211 1235 1628 16793 5242
7082 5881 13138 16788 1823 5637 18647 563 14892 10828 4366 4064 7417 0 16498 7085 11420 6988 976 138 6171 11350 18393 3148 8854 2883
18836 6664 8508 7877 11051 5022 1615 5209 11529 2632 17669 9565 618 17600 1948 1435 2134 7483 1271 13424 14692 10968 6896 9728 11649 8984
2616 15017 7851 13031 18980 19537 14324 7950 10107 13505 3723 9687 7765 18466 2714 3454 1174 10634 13296 17960 3780 2780 8311 14651 15377 19380
8705 14390 16479 2176 4693 19047 8782 13817 15894 17440 16289 1926 1710 17393 12472 4791 18476 14717 8882 8012 9741 3012 6163 14073 14318 11781
14177 800 8782 18951 9226 18165 243 13921 16103 16510 1139 8086 19812 8049 16264 15059 937 4111 679 19215 18794 9755 13377 7552 707 19886
13817 3523 16782 1886 19217 1834 12629 4111 17654 15354 5638 3208 18083 10675 7165 12885 12709 13435 12884 4206 17926 16753 18403 17269 14868 19253
5610 3100 12458 14996 9609 12080 4731 12216 18746 1197 17188 2882 17788 18515 18735 16884 12617 8980 17998 18999 19804 6870 7995 1299 4787 14266
2199 9245 8794 9638 17977 13797 4006 18928 13079 7158 17309 16322 16693 19985 7518 15828 5641 17431 4180 3536 19958 514 15792 7462 12649 18115
16510 136 1110 18865 18994 1426 7802 3783 16504 16470 13155 18236 10333 4810 15730 9148 4289 13037 3201 6760 13652 6774 10755 7597 9592 14301
8983 8777 19390 7188 1800 13729 2706 4313 1207 5981 7689 18147 11618 2177 19529 16869 15327 9894 3332 14720 14219 17951 19043 3075 5953 10087
7646 5348 2695 14816 5211 12548 14177 10623 903 8578 17254 6073 8641 19900 2935 19774 1686 7086 19299 4947 10081 14408 13305 16133 14456 4437
14844 10371 15257 13244 19745 11961 1391 14633 10669 18142 9364 15967 5990 15760 12902 11882 18939 5013 12561 2085 309 11480 4656 10821 5011 2954
8761 4699 9794 5081 16440 12908 5973 9491 2167 14997 13223 12990 18821 8189 3188 6066 5763 8520 4464 58 3519 5240 19763 19789 13601 6268
13605 468 17061 10481 2849 14276 18064 14629 3319 286 14084 9811 18297 17340 7632 9683 4956 8947 14127 2496 4016 16002 11647 18476 11958 16199
6270 15016 5869 6660 12411 8286 11743 2223 7242 3149 3584 18359 7756 4397 8447 1423 5718 1615 17314 13647 2768 13832 19473 11970 11729 13124
2102 18335 15259 19640 8189 12893 14495 14986 13016 6843 5973 5313 6126 15622 17114 6763 4381 5178 19316 7682 19529 12552 2512 9819 5905 9000
7803 17822 12258 4040 6191 4242 13693 12055 6487 8848 4491 4157 16800 10494 5492 18052 8654 12565 5522 16538 18760 1272 19824 19028 7806 1594
9604 19433 13041 1312 3579 6096 5420 47 4497 6458 8734 16550 5913 11411 18990 19087 9130 7336 304 4167 3005 13192 15228 764 16559 8929
18463 14184 8288 19179 2914 6603 10626 16851 15394 274 5956 3887 10531 8429 19362 11893 10012 3504 9033 19253 9699 2995 19 12810 4745 3286
4739 13992 11615 10013 454 8540 16664 19589 1096 15215 9801 16747 11915 4510 1017 2043 19709 16158 8584 12891 14371 2879 13601 3148 13947 10904
2753 5092 4691 8196 1350 8706 11587 1107 1784 11026 7344 14564 12266 2836 9911 5682 7573 7037 2057 13326 8441 2961 16906 15607 14796 1817
18912 16604 11848 19073 4777 9731 5524 11428 2791 11110 7062 2242 4151 296 8229 1582 899 4575 6299 15082 14275 17811 11694 17986 14893 18983
1361 14067 12343 12712 7124 10621 1112 15628 10178 19065 6764 673 16354 6519 7213 19355 7082 17723 4968 11753 6599 5327 10438 19411 3839 12340
19375 7744 3207 5495 5114 14841 9400 11000 9976 15406 3022 18769 12256 8608 8603 11843 12861 5324 4686 2031 18993 6567 2814 12437 6907 11332
6194 7970 3317 5208 19384 6510 10537 998 13454 961 12418 15252 18805 7740 16388 9052 13848 15947 14412 5418 4371 19561 18744 2398 4236 8834
15579 4824 16587 15402 6634 10029 8392 937 15202 10063 10947 7098 1866 17324 8784 13965 15383 2318 311 2257 13294 2513 6204 16005 9797 4377
17610 2529 15884 9811 2506 4393 9924 8489 6546 11810 16220 19698 6959 4411 14533 2592 10683 12803 6075 8065 3432 9092 13224 445 11210 10734
321 16741 9583 18872 18766 236 212 8611 10927 8534 786 3179 12692 3593 8930 1172 1307 5054 19785 4877 10404 8633 18775 16585 4567 12462
18409 14109 8821 17125 10946 1782 13363 11871 15309 19481 10692 7125 6235 9155 19633 18395 10240 19324 11066 5324 17973 3198 15799 2849 9702 13266
6505 16657 7182 444 14830 19884 5488 7971 3108 5989 15217 7295 7377 10886 13394 13106 19511 17696 662 19321 14520 19112 991 8500 1943 18721
850 8073 15270 13154 18393 11922 10297 18964 17166 14938 1862 7492 3562 19986 4177 19300 15792 13667 1569 6632 16123 13641 19955 8406 10700 12811
19800 19722 11654 19028 7860 17965 16133 7606 409 11940 12684 1948 10592 12836 3819 7927 19283 19586 19379 2752 13935 5348 15195 12736 19444 19538
3143 13844 3322 8732 19141 10056 51 1354 4210 17847 6948 917 15988 2184 18638 4670 3040 6116 18209 12524 19674 13278 11398 4454 3175 18508
11946 2211 15647 482 1916 5488 16042 7019 10123 7296 9481 11011 6047 11027 17494 14784 2744 17879 4301 10888 14139 18484 16066 10735 7948 6336
7462 9799 11900 4128 16620 14639 14631 3023 5269 7267 8948 5255 6623 13896 9106 13297 2049 15569 13610 134 10629 3295 6936 2640 2829 12326
10946 14676 6792 7379 17664 13094 8245 3532 6890 2762 18806 6748 16519 4039 11252 19205 7209 9594 16215 16086 12284 3797 2132 14510 18620 13847
18081 13659 7596 4715 14467 10640 8499 18977 17356 16657 18973 4696 11635 2736 18475 2136 1112 9770 2948 12870 15998 6366 14522 7405 19391 775
6687 4566 5323 8609 10023 11499 14044 14404 5386 9549 4657 6397 17488 12354 11307 4479 19442 13319 6992 15222 5374 19164 3072 238 16446 4704
4989 18831 7569 17413 14120 17092 17770 5115 14186 3729 5455 18681 10994 2412 5171 10560 739 7536 17026 2455 8596 4904 4464 10718 10382 1756
6303 170 9698 6852 9591 15049 252 10515 4950 5655 10350 18777 14788 18932 2529 12435 11063 16959 11744 14369 12809 728 8158 15149 10319 19631
5981 7247 16514 17638 6830 15339 3574 2013 18283 19030 1432 9311 11880 12762 19246 15337 13933 15395 720 18773 19512 7128 2811 11890 7963 14329
5789 14592 6024 13197 14130 12028 17852 18647 6205 5188 10315 14635 9463 8639 11239 8525 936 3184 6504 7633 9536 8983 3711 15742 10505 18863
15848 11554 7521 3937 6092 3885 15684 2966 14861 16343 1975 1129 15315 9954 8148 17793 2568 12708 7602 5905 16539 8791 4276 7919 14682 18978
10081 2406 7828 9737 8196 3848 13545 12844 6558 1656 4397 13906 13014 12051 179 17867 5850 9224 19943 13846 5551 15804 956 13305 2798 537
2403 19674 13357 17407 18198 1284 4492 5587 6709 739 3432 15154 12969 8881 19382 1013 3770 16279 966 7868 9497 3784 976 13283 11826 18402
12453 13786 4713 14732 12225 17016 19609 3178 16253 16276 2310 10399 17587 2332 217 1391 423 8785 11436 7595 6552 5938 6554 19739 9408 16021
12295 8297 13360 11679 6652 9804 19734 13501 5385 3971 14970 4589 18829 9184 12070 9712 5036 11806 18498 16998 18231 273 10081 1629 14563 17079
14267 9551 16211 9244 15752 19427 8709 12967 958 13406 4170 1751 14638 8831 10024 11262 18698 18101 4565 13010 8377 18512 2181 11563 4298 5881
27 6106 1203 6526 8335 14198 4849 5485 16686 8255 3323 9270 3427 6387 14536 18189 2507 8696 18388 2587 7430 3060 4738 12177 16694 16867
19230 1177 16060 7586 5954 6261 14821 19863 16897 13535 19897 15555 15086 19141 11468 14203 585 4538 2059 15243 758 1138 10757 4531 7480 6888
10565 15721 18542 2627 17260 12301 10275 17620 7904 19375 6332 18073 6336 14400 3013 16352 18202 4924 7886 19630 5757 18522 8445 3983 17121 4358
16271 14331 9877 892 8370 3868 3855 8110 3877 9249 12014 17935 14472 5118 8203 11628 19614 11816 6522 15193 523 9490 14731 8983 19813 8702
3968 5212 7528 14162 19062 9038 15524 11798 10547 1338 10934 14570 6903 14743 16241 5515 8070 16516 6672 4669 5762 9988 15026 3843 7853 11323
3557 458 8129 18017 3117 1009 6267 11493 704 1188 1507 1987 18065 5898 17105 621 18552 13546 9344 2071 7516 5577 17896 11802 4190 1292
1696 16 4202 7244 1979 3239 10297 4696 4136 7858 2146 17965 3591 1127 14721 19425 8426 8221 13874 9050 13259 1482 2741 12273 18084 5752
6969 870 4653 1514 6281 4398 12283 3410 8376 8203 9069 14483 7093 12711 15940 6331 8532 9387 298 19507 5988 12148 15707 7027 7228 6389
12142 16476 19658 7740 18951 6118 3320 9566 10626 7436 7893 6830 6589 11126 8048 15675 8308 5168 858 4528 5283 18550 16934 9253 4631 11276
12379 14468 6198 4666 3034 8412 14015 2153 14570 18302 19760 1483 2116 2839 10442 12697 13425 14121 12734 16103 2530 17174 6503 5756 16789 11936
9531 14670 6389 19202 3008 780 16296 3059 4875 4269 4501 19220 12115 17491 3914 10320 9981 6124 16816 14634 18999 15777 8008 12069 17134 12405
13735 16402 12760 8455 3408 5546 8068 12825 2649 9478 4126 2383 6346 4094 7209 2924 15426 12155 1055 18649 11039 17629 13711 2929 17193 7987
18919 7783 11090 7043 9471 2112 18235 17568 16556 2074 27 1590 8894 16193 3472 11391 11322 2119 16395 18135 9987 16711 6091 9412 10167 19202
8658 5840 5337 4671 8129 11539 14183 2293 13180 196 16754 13317 18379 5708 3084 4318 511 8251 52 19620 17626 13856 16808 19975 16527 5262
9772 9875 4076 18762 11914 19420 8694 8582 7194 17177 12829 17197 1012 6072 17854 1562 15689 3940 15016 6180 16487 15211 13680 5393 18388 3905
15211 9633 5303 2256 735 17377 5501 12308 11820 13041 14158 10353 6220 19650 6330 16717 19164 8330 13544 2249 14496 14883 12172 7857 7155 5024
7074 4794 7956 17880 5803 14796 2962 16437 16705 7689 6040 19102 752 13430 19884 17940 1358 5055 8175 1956 7245 19686 6959 2911 16496 17951
10318 8881 3514 5438 18753 13794 9883 1862 1786 479 15323 12547 14743 13300 5763 3925 2766 15442 2665 18404 15365 15079 7374 12222 17666 5521
3161 11259 7132 15570 12019 7320 7383 3341 5907 3419 18218 7609 15694 12136 9483 180 2165 5408 931 15487 11675 15383 17090 11857 13762 9598
19254 10765 9728 13764 2879 13592 14562 2340 19786 10299 14395 9384 7596 5483 10614 2692 19394 6371 12088 19498 11138 13302 5886 19841 3918 1248
3913 10295 15147 16205 11054 17039 7112 391 15320 13286 16750 4728 8716 10517 18532 13745 14027 19668 14689 7563 6967 9564 2499 7646 4622 1353
19739 18615 13483 5372 12054 12762 1640 6219 2841 164 5392 17085 13365 18629 3124 6194 921 15993 12267 9704 17652 933 15576 3272 10856 8585
11102 2238 2515 9748 8955 19912 14475 4913 7796 3493 7369 1549 11782 4178 10610 9668 18027 10248 2935 3460 10387 6059 8635 11808 17644 16677
7293 9326 19315 36 18705 17475 3045 17561 12479 10942 2183 9550 7817 12605 19485 15148 1092 2217 18969 13802 13159 2096 10365 5037 18483 18465
19824 1475 18188 17201 15602 10227 10865 2947 14729 11257 14031 8441 5762 7509 2220 10489 6818 6596 1822 13686 6296 5649 18525 19867 3857 18655
10116 4182 987 3519 69 19326 9499 11256 2706 17424 2563 13730 6044 9867 12265 7587 4209 10893 2469 9603 16390 283 7051 4617 5061 16346
10904 17736 3919 4954 5033 3709 15720 12892 2588 8048 16288 16351 13342 8424 12685 4038 11737 570 7008 16078 4542 6779 3835 15871 11957 18377
9785 18308 5058 4468 1909 15113 10101 17598 18949 2172 18268 10655 13739 11454 12258 2048 1306 7547 13481 5161 19760 19076 18770 13417 5596 3278
14060 19513 309 19042 4661 390 7557 12939 186 4519 18938 11865 13134 8466 422 5593 2424 5532 16284 8567 6261 308 12273 9658 18148 3005
10208 6887 5306 14173 6931 14360 12343 9104 7598 6317 14238 668 2609 11933 5456 15363 7683 7514 18929 6274 18113 12406 1433 4131 10553 9101
8892 7135 8463 17367 17480 1980 11186 10729 7399 10568 1798 451 16504 188 12008 17993 19701 7327 19758 1313 5824 13174 12541 16234 16963 8462
366 16640 12582 4008 707 6366 12020 16388 7002 13263 10437 6243 18539 13382 17891 9916 3513 9412 17838 12957 17384 13808 2666 8301 16910 17154
15671 8779 11309 4786 17124 17053 18890 6171 17129 2207 3853 8691 9326 7559 7204 8027 8300 18974 4374 18004 13356 3618 5901 4035 3805 10643
5337 5149 3324 16705 9156 18193 1301 14112 3950 5787 3165 18022 17120 1343 11315 10858 18485 14334 12776 8597 16619 15361 17465 19228 7216 1533
9202 13217 3703 2918 18883 5056 12472 633 14874 1958 17948 5889 10590 19543 7801 8966 547 11366 6475 3716 4728 19117 17479 16483 16470 14944
18084 3821 1129 15120 12057 14648 4433 14152 792 16965 17018 19123 10169 18720 13311 1648 18790 8112 5284 10860 10933 13359 17540 4038 14576 7325
5886 9124 13010 10379 17461 9749 5378 15620 15765 11536 16178 14836 4154 7248 11891 17575 5732 12458 17363 12106 11470 13590 17562 19459 6685 1624
11974 4217 9280 5346 17155 1008 6557 11683 1477 8413 9084 12604 507 13592 14923 18660 132 4234 4780 6852 6211 3950 14526 2006 13041 16960
18751 10469 1677 14823 16317 12950 357 3838 5848 2554 700 6326 16302 11204 9772 1756 18298 6474 18943 9732 14277 16176 17263 7578 9365 18527
8936 1381 1539 873 17157 1080 18758 11808 12458 5963 12320 17795 1857 16527 16436 15961 1178 446 2894 12416 8488 15452 14467 11554 18601 5288
13526 17407 14594 12157 15442 10832 11567 9012 4768 19745 16831 17669 10967 848 7942 3217 1601 5783 2408 16393 19035 12554 532 2870 8179 6960
9532 11513 9311 1570 7944 8218 9988 10124 6675 8584 8648 15633 16978 5789 9585 10123 15209 3394 17687 9346 11000 16626 7976 1067 2574 15503
7607 19403 13591 5907 2406 4202 17879 7439 5956 12516 1553 13350 14084 8778 1025 7350 4491 7034 2610 4316 8182 17197 4402 18439 3507 12785
3757 7659 2491 1012 19889 3945 4568 15059 19906 10404 15694 6879 2637 15225 5140 8857 12165 7074 2369 3597 2329 10230 11436 9341 12809 2852
5451 15757 15638 6617 7883 9253 5497 19334 19556 18921 18556 7715 9963 1795 19283 15759 7844 11284 13222 9931 16931 9792 7181 10492 19250 2523
7878 18689 18076 4704 17832 18040 10479 2834 11741 564 6680 10852 8036 16145 4146 14242 9903 17910 16988 11703 17997 17347 7412 6183 8042 3939
16412 4187 11960 14416 15675 19199 15982 2186 2566 9488 18860 11203 10417 16680 16140 18587 17426 8311 1034 16649 5382 11718 6053 2571 15037 18000
10130 6779 7467 11041 19538 2392 13139 8998 19653 18642 9184 14708 4854 3215 1734 11868 5480 6887 5171 12650 1401 13674 280 10676 5120 16559
2244 16357 12239 16301 2769 17527 14370 17584 18570 9360 8476 18933 2401 5893 1422 14018 6098 10956 19671 18775 9847 10610 8220 14911 16205 5574
18898 5962 11035 14337 18579 8291 16331 9849 13239 5787 17443 7286 4561 5317 18271 2302 13392 10745 17639 18269 6408 6637 15104 17614 12911 10866
6103 1873 18086 513 9709 12950 17302 11076 14813 13327 15853 2523 18755 3684 19304 4719 3555 19951 10418 13760 5288 19918 14182 17595 12989 3363
2647 12613 9715 1866 18276 6377 4037 19448 12786 18822 8603 2092 17568 1511 6246 17214 15117 491 17524 747 12461 8616 7233 4753 11225 16618
10715 18706 482 3551 15664 19087 2291 9107 18932 14119 8361 1829 17664 1318 14914 9761 9319 6378 11811 12380 10181 1692 14295 11209 10606 18582
16679 14036 16842 13065 12171 18451 15458 50 17604 7487 9083 3968 16428 2615 38 6932 4133 12812 18956 8554 1969 4555 19396 6985 3688 18309
16137 11791 10719 10223 3044 19740 3747 19666 1254 6570 5568 2487 13404 16405 4812 1583 4234 5335 2049 18621 16974 9169 9833 13978 17820 13413
2896 10230 16017 9964 6156 11141 19253 19998 6811 17758 1392 9298 11557 3711 6341 711 12381 10075 6489 3322 1744 9684 412 15296 19254 15378
6955 3412 11479 10449 1506 11225 4560 15046 8995 4795 7626 10282 13535 3829 16164 11167 11603 8097 1603 13325 9074 12355 4163 7343 16963 17468
10524 6049 8243 18726 14213 13994 14283 8220 17384 7748 15910 2072 7076 4349 3429 83 18093 5353 854 13925 3171 5033 13968 16885 12401 14099
11614 16293 9429 11423 5797 15675 2365 12133 9179 14903 7422 10548 2353 17272 13734 17071 11725 12476 19264 1132 8201 7806 10765 7548 1729 14001
10481 16219 14498 2298 15139 14988 11759 670 5158 5251 2737 4595 11813 7701 9444 5418 2631 9411 12563 13 12448 16921 3534 9801 13360 1821
7637 17643 15948 4691 14367 12048 17277 304 8001 6703 9438 4487 2610 5922 3869 12846 10561 19931 19282 9983 5354 16176 19082 1601 12668 19652
533 17850 6037 19351 19963 19374 15162 12332 12895 2592 9768 3667 14273 18905 7025 6574 15353 19800 3138 19814 4832 6371 19901 6941 14596 17693
15668 461 15529 6424 11080 8840 6739 9230 7078 17908 8334 13228 6918 14594 6676 7821 19486 18650 145 19109 8268 10077 8366 248 18938 11164
4387 14462 6410 7540 7725 1700 3659 14309 17651 11609 6802 13297 14182 13233 12316 1900 16785 3264 10299 993 19926 818 817 16585 2305 8761
16170 13280 8131 11263 8237 14560 7665 6799 15449 7445 5647 14483 6140 3869 10790 13619 12216 19445 4451 5698 3659 19962 3236 4297 1088 4366
1930 5021 10953 17750 2291 4834 5997 11770 1765 11332 1842 8234 4096 1010 15981 11459 6935 18008 17677 10275 9690 2696 8564 1129 3313 9449
2098 15846 13004 9995 1180 7464 15232 12782 11826 3025 10415 14157 18907 16636 12440 3338 6654 12158 4365 1803 10967 17016 13809 19100 9116 8996
2627 2260 15460 1571 123 3173 1346 7956 10881 12510 14962 2033 18603 16348 16452 13110 15614 7389 12332 18986 13075 3721 3244 159 18607 8413
8844 9073 1963 9192 6965 2696 14111 14899 18285 2752 10432 5904 9999 15390 4166 14669 5549 9532 14488 1574 642 8927 9535 17742 2313 6317
9291 6468 12008 17213 5849 12860 5097 12735 9274 7521 2594 17691 8623 15482 4228 14794 6519 2929 14550 15836 13649 14266 19590 557 2839 7561
1549 6159 18810 3446 17118 11886 19215 5832 9391 5973 7759 15003 8378 7646 17671 3503 82 5403 15894 8153 6674 8828 8568 3224 465 15190
1337 2896 8089 17101 6554 16535 10477 19555 17832 798 13171 9480 5873 2217 8873 10389 13885 9753 6569 8356 10266 11154 15152 19039 5372 5487
8773 8275 16827 10260 7879 16041 5405 8663 6883 2508 8119 13460 346 12539 10280 17668 19063 2726 12350 5922 875 8699 2989 16925 2399 19784
19205 5704 8913 19087 16528 11449 1214 1782 6908 9908 5893 9784 1567 14488 11507 17963 12924 2699 2870 8230 16252 1170 10978 14695 8663 11971
11443 18810 1030 13030 4344 19585 13827 14653 648 12338 10776 4554 11373 1140 11734 280 14347 4940 1164 17291 5380 9211 18979 2147 4304 8952
15474 10760 1431 14322 8988 2155 2111 12325 12184 12844 12022 14852 16941 17785 9571 19020 14752 3473 8822 19644 17331 4115 3844 17726 17440 3096
13694 24 2841 3686 316 15014 7689 8001 18776 6470 17249 12754 13416 8470 2425 11336 14030 3787 984 7859 16457 18029 15639 16969 14336 7967
7628 6254 12989 5117 8586 13209 5830 16015 8216 8530 11993 10840 3009 5851 19362 14870 7553 12039 16255 623 14044 929 327 9008 19115 3989
2934 8107 13770 8082 494 7960 11473 4808 14314 543 16964 10640 2014 14544 14571 11713 1503 19024 11754 296 8592 16758 15176 1585 5052 4331
2869 2714 4510 14907 17814 9714 18682 16039 13879 10369 4169 1120 4684 4395 1532 15993 11452 18516 10435 11521 857 6520 19641 4744 19100 6412
2328 6615 6213 8935 16987 10026 3705 14565 10318 9027 12512 7881 4115 4879 798 9160 18526 13698 14434 9609 4245 16561 17022 2298 4104 11925
13984 5262 10531 4682 467 10057 12649 5324 7524 16788 12253 6328 11184 288 8488 16494 14154 14595 13245 11752 11550 17291 3367 3630 16868 18512
788 3682 12580 159 18075 1299 7496 3769 18109 10336 406 1804 11847 10906 17099 4591 15909 3508 14461 7483 2070 14106 12773 10668 11465 3947
12629 8946 18529 11550 2896 7761 8074 12561 282 16243 19898 728 4396 4375 13995 2720 17761 2459 19092 13756 10852 181 7636 2534 4301 14063
12605 9651 16175 266 18644 3184 18396 11713 19272 16766 12520 5368 7585 15455 3947 11882 15704 472 16100 1092 317 17214 13977 6162 16558 11739
2424 8136 5211 19795 12553 17418 14352 10436 3833 14074 11561 3702 10572 15269 14820 13908 19591 19859 5813 7132 10716 10699 16030 19934 6119 14905
232 13528 2552 6518 3375 4423 19569 9881 3469 13896 13130 12169 1891 5665 11668 16812 14060 5101 672 3509 10100 15492 15425 14464 9806 8091
14684 10200 17727 3588 12240 2264 16846 4763 7945 14393 10661 421 11525 16720 19367 13984 18821 18402 2380 7739 5031 14564 7005 4346 1993 8982
3086 254 9391 417 1921 14530 10176 19903 1269 10149 19219 10475 11688 4240 6911 11766 13128 12132 11676 7054 8077 14070 14859 5890 4492 19138
16384 8212 9540 14500 2488 15261 17420 7737 10878 11467 9211 227 13947 4618 1046 2247 10038 7458 17173 5706 4847 16445 19478 18894 10570 8294
5043 18661 11912 4440 17525 15392 17006 12184 14352 13226 18883 13235 242 2076 5307 5669 15360 8805 6575 5940 2958 16662 13221 5658 14558 8608
19709 615 18308 8369 19592 12564 10497 843 15712 2001 8864 18861 1733 3388 18868 16104 9423 4655 5167 7437 11089 19098 4250 11571 82 5613
3166 3545 699 1534 5773 7083 19955 14193 3768 6656 10929 3565 5178 11883 2530 9124 4988 5380 19885 19273 18526 2254 12475 1101 14583 3906
11035 2436 7431 10702 4268 2627 9150 7963 15420 8738 16801 14024 17908 4056 12051 1617 8151 10314 9382 826 1203 5177 11057 14987 11810 3292
13036 11026 7617 9634 7376 15802 19879 6466 18816 19151 6700 7366 10183 4281 11657 5777 8074 17715 731 19595 10652 5950 9815 13342 2640 10326
15408 18110 14577 12843 2214 5874 16214 19342 15126 19884 9409 17744 1048 16318 10664 10211 7937 19021 17740 13784 11542 8147 10145 7063 11001 9942
5522 5644 12437 14913 1674 9369 5375 19490 18659 17595 4771 17698 17361 7074 13124 6869 8381 19315 17680 11763 19257 15097 11230 2747 4946 192
1128 13930 15605 1545 4767 5991 6568 16805 19854 5892 2774 5711 8760 6620 18499 7689 7638 10084 13961 10149 13433 5632 12653 10510 17341 5186
10759 6360 18814 1712 15736 13890 5449 6741 9505 3190 5630 6253 15634 2782 10666 12400 17749 14042 17718 19750 4517 4495 12095 14536 3345 13770
6346 15515 11080 2910 8054 1696 13753 16582 10028 18471 15707 353 466 12126 10309 13476 6452 9343 1130 8620 514 2756 6566 14492 13393 7500
1001 14725 1277 3110 13318 18877 5827 569 755 2678 5565 5717 7533 12653 13645 5016 15600 12295 9405 13067 16914 16234 17269 10243 14058 18249
14103 13722 16162 14830 17943 9547 12180 15769 3582 18672 2658 14955 4566 16823 18351 13291 5644 2125 18211 11392 15026 4301 19410 7573 9475 11268
7616 11881 8083 15047 6790 19836 12907 16541 11626 10828 17486 9404 13478 10374 5970 11552 4414 11548 18502 1789 10622 9409 9037 1922 8394 16054
9115 7765 18172 8443 10538 7837 8653 4835 4632 16381 7037 19998 8788 19136 12737 3984 14830 1907 6637 2832 17147 17885 3082 1489 46 18330
10463 477 3128 1221 7409 8662 10857 8808 490 7828 15129 11449 19990 14362 16464 11654 10211 14718 15808 1474 2727 7375 1169 4494 15357 7159
18881 19635 7324 2886 12177 9464 18938 15319 11741 11827 13414 9369 11683 18586 19302 16777 10844 16843 2520 10991 12758 5010 17054 15987 717 10513
15110 8804 11245 4681 6069 18888 14585 18151 10547 8248 12013 18588 17472 13381 11063 9540 3282 14727 8170 1930 2846 12622 4584 16918 14229 16652
17309 18165 10537 15018 17206 8032 11425 10006 19900 6618 12027 1560 16230 4942 9140 18645 18197 3257 11189 15984 19715 13673 9207 13298 19902 2163
12949 5258 3026 542 12048 1761 10206 3745 12143 8088 8302 6447 18569 12902 17103 11121 10057 3405 1584 16614 8237 3448 14475 14033 1239 6294
19165 15088 540 9544 14448 6990 17821 19180 9526 9293 3800 4011 7575 19308 17235 16174 16416 17341 2691 13481 10835 4949 6092 14215 12626 19664
4711 13345 4766 12113 10171 8224 312 12323 8717 2136 6073 11617 18883 17879 9695 4432 17132 17796 773 13427 5026 18053 19712 11968 6875 3539
17716 15419 13125 7645 14541 10508 16895 15153 6282 7049 658 1776 19236 3161 14395 8533 9022 13376 4112 2592 19332 19987 7195 11979 18846 7154
11783 9141 17380 18842 17256 14771 1415 16092 6269 16727 12070 1159 7855 2796 16630 16316 80 7437 8062 16426 10275 18069 17838 6798 9743 14761
12712 13786 2881 9656 1373 4840 1303 16778 4778 19101 559 10541 4274 4732 1955 10737 3613 8823 6030 18242 19465 1157 2435 19337 15246 4383
11244 16340 8850 6500 8866 2535 3467 11782 10147 3880 2402 5074 18193 1994 9613 1171 8586 15397 16162 17762 11705 5586 6431 9034 16629 18697
19465 7090 17564 19823 3859 2050 13896 16812 19427 9241 9745 9126 10464 4541 18435 6682 15385 16424 1282 1176 15554 3789 2194 7551 17101 6573
10515 8526 9827 9299 14844 581 11087 3054 10599 3290 9067 3951 14006 10084 17107 13893 8015 1727 14630 14148 8399 10851 6072 8376 18773 6604
16649 4121 5384 14809 12888 12016 15501 11775 12048 8001 13329 17689 19951 8925 11684 10727 12702 17845 16915 11563 2746 5716 4575 19819 1752 243
16921 7836 19522 4303 18473 3013 2662 18111 11798 19721 19357 4194 19148 9618 14964 1837 19040 8340 13294 10333 17970 5366 10495 7170 1308 14754
2936 8672 18002 14371 2277 12470 12503 2296 19882 13422 15578 2434 12669 10870 17368 15353 13870 18018 5610 15732 10086 5108 18862 6283 1908 8038
16572 1807 15644 17278 14191 7893 10048 19977 1727 12500 7692 11528 18579 14884 12029 2194 9265 4638 19958 19227 16216 15736 4498 856 6168 8993
3439 10796 5664 15800 1009 12724 15624 2058 12797 14626 18497 5795 13006 11133 341 1375 17879 1224 9669 14160 2944 11797 8806 8512 11134 17574
317 547 6577 17247 17183 18785 2521 15235 16233 11660 2133 13737 17297 7350 12397 1692 5787 7948 11196 613 3638 11176 7031 19967 11413 2287
15273 11327 16375 14642 12127 6390 14544 5065 1581 3267 7477 12279 559 5325 17745 17411 10629 1488 15906 3233 16044 14047 19127 8407 6960 5661
16075 14311 13219 9308 16955 1344 12513 2612 16550 18943 15976 3274 17576 19762 5889 15307 15346 11490 7861 18494 12302 6650 8330 19772 17167 17744
15782 15454 6803 16343 12575 14207 16480 18275 17213 17823 16429 2307 10868 4066 16884 19743 8942 19434 4030 2807 13963 19682 17814 3588 17141 9688
11283 6323 17820 12099 6085 18735 6229 8273 12167 1211 13399 17419 669 11754 4936 18742 11135 870 5670 18422 12108 11354 1166 9133 19195 12240
18837 7160 4142 6680 1437 6339 18542 17257 2571 9661 10019 5532 14345 12991 6865 9779 14703 16917 16198 7824 17561 18796 14947 10116 13261 13824
17776 1528 6693 12647 4332 6398 3147 9784 4170 10278 12629 18660 6137 13493 14984 3732 3230 14346 7279 229 8235 5893 6522 9032 3175 18703
5929 10900 14783 16471 13987 8992 3566 12987 8588 13554 10166 6902 6617 9384 10204 19488 16583 4625 17909 17696 12828 12848 10158 9781 17333 12702
15452 15003 19906 12958 1018 7574 16638 17837 6394 11315 2935 604 12937 8826 11634 16199 16131 8370 11455 14427 10459 1014 19612 479 10021 15026
3876 10227 6281 15986 6939 12947 9522 18870 17948 522 3955 16838 286 9054 17148 15227 7829 367 15404 2666 15334 18473 18160 3140 11852 13003
6582 986 7582 1565 5997 8053 16230 15765 5594 15937 1609 4626 4073 12433 6190 5720 11009 17711 6280 9917 6521 19400 11585 6972 6031 16200
13538 3625 10680 2707 18989 16978 16306 5564 3547 13599 13496 550 16767 8164 18849 7371 10295 12118 15137 12211 8856 17898 3341 8326 13819 4919
19205 17889 15861 1245 1611 8612 7192 19201 5786 1901 9801 13427 18321 10175 8805 5311 13243 11485 14530 1506 16672 7394 6762 6864 7573 18551
6117 13653 18600 4585 9786 7636 6545 2761 12685 17466 13955 16210 18245 788 14551 7195 1657 19656 9119 14598 10142 10883 12741 1603 10621 11472
19838 2168 5288 4305 3914 17768 11047 7127 10076 9418 1724 3877 18715 5607 19566 6361 10240 12977 7458 16372 4787 14826 7345 2613 8922 11052
14188 11662 10675 16580 18674 17620 18940 6201 7949 7590 9074 11953 10122 2227 8276 16188 6128 15479 19055 15673 873 3685 7242 17294 14008 11789
8545 19209 6525 16112 1969 7795 6319 4482 17824 3610 14510 17813 18422 18865 6644 1467 10348 11725 7855 15725 16333 3869 9718 16494 2880 4141
5701 18687 5374 2618 1273 16496 13902 18947 9778 145 3346 388 12770 1500 3819 13647 4450 15666 6480 4984 13300 13307 19210 13721 7790 16170
6123 13088 8408 7598 11322 8286 9573 9739 2842 4634 19754 5578 8587 19889 15953 12999 5642 18054 17321 3194 14757 5980 16502 17809 16284 4027
3144 3715 4526 5072 10990 13448 5811 3676 651 14804 15681 757 10215 11598 5665 14838 2605 392 9880 17012 12803 9021 11047 2333 16723 18770
19697 3070 10981 17411 15724 1865 3383 19504 10108 14683 5797 2333 13461 6686 16744 3365 11032 10431 17323 13650 18612 4073 9107 5906 9767 11823
430 8482 3549 8051 17324 7540 17000 1388 435 7417 4562 2182 8775 6556 19943 12528 11241 12100 17141 14418 12889 10833 19730 4278 9480 4041
5019 13753 16361 6460 18051 2611 10943 17569 1561 19214 18264 5956 9887 6865 13316 18894 17015 11653 3594 16677 10250 11949 18305 17144 16137 5273
6029 5662 2225 2361 18605 2253 13963 3660 17152 5848 17475 16618 15564 1218 629 17790 5799 3250 277 19730 14684 13091 16244 3932 12171 3602
18884 7800 16855 4987 7918 8931 139 7738 15128 19378 6563 19218 16365 15116 15448 18697 6513 15366 4555 4294 6618 3809 17305 6042 10880 2115
2086 2467 6780 17867 18557 7652 13155 8654 2287 1813 3949 16539 9698 9015 7180 2349 15280 6273 15795 6613 741 18448 449 11602 12586 10172
9625 7107 9704 17598 1939 7661 14944 1508 5388 16622 976 4545 19062 16734 6855 3738 17811 7975 14305 16188 6555 2005 19256 12524 2374 4548
17008 10141 9459 4615 1369 6198 1830 8311 11013 10479 15217 6607 10621 3412 5067 10074 12602 2613 19124 14392 13230 4126 18964 19337 3353 7024
8503 5211 3253 14199 14329 11031 235 13815 8879 195 3243 19252 10699 11322 781 489 7559 8573 1868 3401 11780 8621 19068 10424 14807 7601
4868 13317 576 14461 4863 6899 10943 1930 9144 8274 19033 3109 14306 14374 4142 10049 5407 12040 14793 15510 4016 10302 4946 5672 12136 8767
17352 1716 12105 12140 10737 11974 7242 191 5447 3468 9495 14907 6539 16424 18809 2005 10613 19161 2949 18513 7047 16296 8586 6246 2977 13496
12429 4503 15445 1593 13620 9 8718 3089 7147 76 11538 15516 8896 565 14901 10851 5004 8024 10811 6918 4076 19771 13749 14351 7999 15773
13968 8911 15775 17780 13974 7986 6419 11946 3439 2510 19712 5249 10147 19475 3446 16323 12996 136 18237 16483 6747 13328 770 9495 2232 15104
12184 16428 1646 695 7651 902 493 11937 10029 4074 12249 16385 462 15897 17636 4552 8673 11843 17075 11800 14041 7908 4894 9867 11112 893
10172 13352 217 15109 11113 5879 6147 4288 15417 753 12576 11057 8132 11501 4825 3167 17664 4779 14300 18473 3886 3212 13924 16163 7913 12963
18029 6204 6456 12553 13790 18936 13071 15512 6118 5319 18158 11484 9123 6604 15430 17449 5653 12045 6261 9102 17571 13628 5414 3018 7538 14268
11487 10811 15024 2444 38 9700 14023 6513 7666 12286 5898 3473 5188 5543 5984 17219 9915 11884 15892 17931 17805 10498 18321 8255 1184 7400
2654 490 744 2705 1400 8072 10599 16491 15396 6879 1111 16751 14704 13650 18565 19832 6011 1187 16172 340 1571 12439 6124 13012 9213 8713
370 2755 18055 4814 1687 19400 18713 10158 15354 15419 2019 10099 9448 7574 16154 8725 19046 15092 11295 564 1930 16217 15834 3032 11051 7289
16573 18040 13496 8682 14527 19668 16454 9323 19807 5638 18238 14841 18761 10309 661 14698 11721 14202 9839 6578 11737 16832 9336 12333 8672 259
1747 5521 12872 6868 18692 16121 9464 2035 12919 2862 3489 15851 13375 18998 2253 8685 16668 7742 17468 9604 10859 11581 7082 12751 8304 13704
3525 19504 17856 16520 12336 17150 5066 10752 2487 11262 17819 16896 12326 17822 7461 6399 11923 16366 5980 13522 16357 2334 11565 10343 16586 1616
3308 12508 15225 10754 7396 18452 2134 12221 853 15019 18793 1070 9195 5318 5505 1396 3162 12797 11882 716 11165 18307 2978 9235 4766 18988
11600 5575 15047 16841 18226 10618 3060 19842 15216 12166 9171 9462 11902 3453 8776 17632 18957 11288 698 5469 954 19159 3412 4904 14256 16700
14339 8428 5746 19891 785 12005 17068 10650 10614 803 1896 18522 5081 6603 7984 8909 19023 13188 18308 2909 5607 15701 12528 14778 17813 14606
9105 15820 13759 4433 7266 17992 8338 4275 6223 16977 5663 15465 9818 12864 7649 8486 3012 3434 16184 19854 13727 19005 967 1075 17730 9960
19532 4881 4099 6733 3517 7704 7496 8121 44 18270 9426 17349 12988 2722 3783 18954 7067 9348 171 732 5030 18625 19565 4743 2249 2166
5200 11633 8339 6605 4845 2785 11087 7925 5000 7337 5355 6249 19951 3310 18503 1643 13181 7809 59 6591 7318 78 12732 15272 18139 12874
13594 17426 704 14299 16309 12314 12098 7003 11069 3101 2125 6799 13589 6007 11231 5387 5597 11325 13044 14154 5437 2158 11688 1802 358 8335
18611 13595 2412 18373 3924 5554 3871 4729 8706 11979 16456 14112 6270 6510 18235 16313 859 15278 19605 10001 7633 10107 13646 2275 16420 7164
16162 10404 6654 1694 3072 4700 4866 10793 15019 10135 290 13630 6933 1210 8005 12667 10866 18263 16022 10336 2564 10828 19940 18156 8838 7048
15779 7099 16722 12786 4317 6275 10928 7941 10027 19585 10464 13560 2283 19997 2787 2122 10369 18835 8594 7428 13309 18017 19946 10303 11618 13547
15767 6311 17822 18512 11623 5040 10134 17083 7697 18158 12737 18594 11249 18909 5293 9821 19784 4316 15953 10029 13483 19973 4404 904 12467 14223
1569 3757 6432 10144 16420 6304 6171 5264 19744 7403 13636 7721 6373 6591 6791 6428 17779 5359 2044 18367 18372 10771 13619 5105 1184 16656
5489 19513 12077 11323 11333 7848 4157 8406 15699 13740 341 13560 13486 19524 17065 12679 2715 11037 10686 11265 17623 10589 18510 8796 9056 10274
14729 3975 10721 16451 19707 7955 2563 9823 8583 16799 7676 5925 1923 13854 17747 14468 14684 17601 2390 766 10179 10770 5030 7557 3156 560
9055 18845 9127 19206 7448 11606 14499 1688 5393 7244 19056 6146 12870 13876 17122 19078 18292 11253 15400 2960 13819 16426 864 5495 12964 5033
18157 18452 2759 7620 12994 751 17799 3210 13095 13519 6251 13472 5613 9936 13621 7201 6218 15057 10907 3156 13267 9397 10355 483 15528 15992
2225 5 8425 189 7819 18991 19945 19024 9854 7506 7577 11566 10636 17962 974 10250 8830 16130 2105 16976 929 3945 7513 7915 15543 16452
13285 13138 4591 17100 14416 14035 12013 5696 1767 2613 7666 13073 5224 19901 13428 468 14587 18013 17778 13053 2601 15610 19022 2719 11859 17914
12253 14641 7277 10697 10554 6717 12991 11157 19436 11969 12003 4412 778 19102 2579 16124 18248 18705 8629 13810 8719 16709 11584 10707 19799 4977
7040 17441 3088 12417 356 16950 17886 5979 2563 17787 2804 4859 14582 19655 1139 18423 11126 10291 14124 14809 4807 10739 5098 17766 15477 13765
11431 18241 18285 6937 12249 7103 655 1737 13653 10045 3458 12972 11880 7987 18648 6050 1902 9680 13311 8364 4560 6224 9314 13017 3066 11558
15675 13598 2629 9119 10932 3016 12165 3372 3908 18035 11059 17198 19196 8373 4638 6528 19532 7020 8164 6578 9398 8289 18677 8022 3304 7546
6823 2989 9500 3457 13288 3930 7133 19923 4618 10886 6462 17604 5224 13918 4734 8526 386 16260 13832 3286 9731 7469 5702 18578 11504 11037
5796 14954 18792 16361 15808 5354 6929 12038 11250 9107 4142 4336 13853 10681 5839 17596 6532 13592 12535 4764 15586 13330 9647 4033 19687 2914
3439 12597 4626 3838 2378 13941 13103 9445 3907 12964 13562 7856 6198 8467 2002 10647 428 16498 5790 11552 4156 10211 3162 19525 3823 14950
5530 10878 17199 12488 8586 1759 4939 12989 12370 9160 5369 4335 17904 2274 19809 16114 15097 11358 15114 3052 5656 14110 15810 14148 16262 8997
16734 14957 16845 16476 19438 11711 1819 6829 3839 11880 15997 13109 12985 7029 14819 260 4525 8083 7188 4560 19077 11537 6316 2682 16742 2204
3125 3200 4634 14071 3284 14093 12881 18361 14621 5175 8917 12024 19867 6554 11790 2809 7636 11495 7900 18500 1769 13661 9091 9540 17608 1511
4129 1077 14368 1107 8030 7826 10778 14620 11187 8238 17668 1463 13122 10443 14632 4845 7389 9712 19612 18099 732 7337 16613 18464 8337 10013
15337 3096 7571 3889 2752 1097 7353 9260 2029 6962 5883 5201 29 7137 17118 17036 1234 9521 16910 4315 9650 17076 14954 12200 5431 700
6348 10687 3893 19316 13243 15555 13633 1214 18000 16958 9808 10436 18454 15601 16143 15808 6683 19885 4155 17915 7070 12880 10417 14608 16673 4237
11037 19141 10448 3830 2373 12652 7569 19243 5856 15574 10199 5544 14729 4236 8190 7948 9116 6187 13392 13123 5654 15205 12675 13727 10057 10488
6677 2678 14817 11449 6052 11319 11022 5082 8033 320 12263 14672 7004 217 10613 2466 17671 10288 16866 7706 14539 11881 12291 3975 7270 16182
18039 3467 6844 15798 13461 3980 16107 1310 11578 14329 1285 63 15679 18675 12528 7750 11893 18084 7836 11371 4334 16287 251 16246 7523 8620
10599 299 4202 1153 9922 12069 14019 16212 12681 12322 4370 18541 2436 12396 6974 14651 16229 9493 18442 6804 8911 19488 490 17943 10619 19627
18591 17771 11091 2797 14418 19942 12803 2454 17446 6927 11415 13628 9316 9476 5272 14415 2816 15144 10137 19764 5047 3687 15463 6858 2266 10306
14895 1528 13523 4942 6010 1163 8833 13210 5611 5575 14878 17138 17759 18315 4282 11966 14727 80 19408 5227 1248 19654 4096 18256 14348 17160
14093 3534 2671 12582 12305 8589 414 13576 14033 14620 18471 3214 1818 16573 5717 5089 13633 16531 12268 10744 19559 12772 13469 2521 16280 1371
17780 14724 4532 2026 9001 6610 4102 3517 1801 3367 15960 1356 16897 14665 15159 7150 17129 9679 10885 15065 7975 17571 3099 10682 18504 2020
2597 4539 10609 13631 10304 390 10471 12115 12523 6579 16020 10771 13668 7954 6770 8940 11873 19714 6925 8123 16317 2659 16699 2103 3681 4851
13024 14143 14278 1375 15901 10967 11038 16 16082 18498 10315 7186 4306 4866 3367 14101 14690 18428 4050 5496 3249 1006 10963 13470 19852 9588
17000 9196 17985 13881 14100 12326 16229 7094 3778 15176 1368 6844 6030 3472 14174 6221 17169 419 2439 16949 9311 14898 18729 11664 4020 10940
5740 6308 13607 608 2585 8489 11938 4777 18329 5691 4348 5482 2344 4499 17484 15282 19632 15513 19943 8047 390 1173 13632 19002 3868 9347
14908 4770 13757 9851 416 4441 9534 11659 18852 7357 12305 10928 16897 11400 7709 1562 8902 14015 12524 9058 8962 3547 11041 12264 14049 18316
5431 8528 4133 14962 9547 8668 4010 3789 12128 1199 4592 1085 12442 10552 19394 14201 8812 4916 5260 19853 11530 4638 4390 8641 18446 14335
7162 2702 4812 15087 3908 13315 15517 5731 2519 10584 11199 4377 12380 17095 13664 1998 8355 10667 392 15929 5675 15789 2286 11958 15021 16928
19884 14749 4178 9186 4765 17403 1900 11174 8347 2750 16006 5510 4236 5201 19041 2569 9095 14895 4264 14462 13956 4035 1520 4878 13430 18405
7713 1852 11625 17296 18829 13909 14953 2790 17067 12728 11214 7813 13652 16928 8852 16712 6710 16406 18363 268 11183 15473 8864 16510 14507 1755
2379 3977 19130 10962 13897 261 1278 14337 2750 18816 8248 9936 3573 9426 8014 7110 14078 7885 7632 10188 11053 8315 14310 10461 19278 13629
7102 159 7178 19109 15601 16980 16456 12252 18509 11976 17422 11773 14671 3305 18584 12112 4738 16140 4258 11736 16110 17335 16691 17521 12425 18782
6966 1931 9725 16474 14638 16078 15023 8099 3400 5295 607 16189 14066 6680 19815 11849 4050 1839 2614 13216 18765 17795 19457 14409 14347 11027
13163 4758 5243 291 11818 9083 10832 376 2842 15417 12054 8137 1056 4198 3186 7919 4220 7408 19702 8645 17101 17918 8253 9107 17794 2362
13848 6058 18857 7169 9337 11444 14014 9018 15402 18817 8829 6175 7471 2425 10294 398 18403 15232 5494 19989 8909 10824 593 17894 10715 3524
8552 14642 17710 15832 16035 10622 17382 13406 4926 7617 7992 19648 3220 6043 7674 18279 7304 3481 10594 14463 12253 5814 8612 9084 11598 18349
19964 15246 18491 2511 11332 8660 16822 13054 14541 10534 17428 8761 6182 1704 7783 15218 10390 9873 17838 8903 8645 14194 17296 18130 13734 17360
11019 17384 94 9176 18557 7371 10615 14039 15567 1754 4056 988 11259 13396 18026 9898 10211 6810 16201 12063 9875 7669 16375 13620 16508 14730
19412 15989 16480 9003 12254 16832 2580 11588 1249 14510 2071 15792 16599 15070 17848 11571 10808 7665 15495 10352 3662 10392 9884 19945 7096 19737
5082 15714 18416 1890 17636 3783 2993 4283 14177 4270 727 1059 2903 7818 4209 19006 12439 5996 470 3325 19478 19611 17505 17445 13009 12912
1918 19958 2126 16022 11372 15419 8288 12225 10899 1089 14260 12312 19871 12508 143 11588 2682 2830 7614 13180 14977 6721 9030 5831 2081 3412
8540 18356 11626 11039 2043 14291 15409 14652 12074 13322 7758 14622 16208 11002 6489 9088 4853 16607 461 12528 12962 3748 7008 4721 13435 9349
2228 3405 967 1240 679 18708 8061 5174 13114 9420 6920 2287 1703 18784 11410 19455 17160 7470 17147 19084 1164 17284 15610 19066 7586 15168
12060 12930 4354 6460 6912 10358 5430 13228 12266 6951 2943 2177 13846 7608 5405 3600 18646 14362 5158 2257 11228 12844 380 8466 11886 11823
8047 10826 6252 19455 10126 9606 2959 16044 18938 9546 6435 14188 2607 12985 13830 16981 16744 10390 6754 18382 3331 17649 16749 19554 10504 832
3092 19175 13264 11812 13285 8065 6278 883 4629 949 14956 4368 2435 17128 7489 8994 8097 8767 5354 11399 10552 17355 15655 13913 14893 12727
5599 12289 8822 9539 7051 7311 17063 14657 7135 8452 5989 19568 3837 11815 6652 16507 14268 7501 15493 7162 14517 635 17161 15345 14785 17686
598 1676 5736 2662 16653 10814 13776 6017 16631 19039 18237 3406 11653 8042 3683 4411 11577 9750 12168 12842 13863 10774 11278 1154 1508 19618
3535 4849 16831 18693 5172 14151 3745 15298 6254 10245 17182 12262 16789 11427 6458 18540 16003 13435 14137 10718 17836 14560 17893 1532 18645 11325
10385 16374 14760 18411 5174 17237 16250 16742 10399 19195 16177 1025 8826 8948 1607 16339 8920 16195 410 4319 10852 9426 8076 6231 6584 1912
10861 6714 938 15386 11710 3165 15351 976 13862 7282 17168 8540 18673 15338 16697 11861 9907 9765 8054 12664 5040 1975 18088 17738 15353 14728
7800 19314 19964 11563 19075 2688 18836 7365 15653 5928 12315 16928 10351 3736 13056 5327 12246 415 19468 2340 13250 4113 19226 12091 16907 9518
7900 16581 11213 5424 3038 16076 10822 10009 19638 2377 5758 3785 10465 1264 7575 5845 14356 11459 14275 15407 13124 8367 4126 19048 4882 10655
1246 19636 15588 1610 5997 19741 5862 12815 9368 2893 9714 6704 15554 5995 9880 15077 16272 14831 5892 7265 6141 13006 15840 4120 1816 3526
14573 19795 5259 3044 2369 14699 9149 3059 19876 13873 2525 1540 18784 4330 12398 19442 12381 6851 7074 8317 15156 19150 8579 14816 6377 17064
3322 14716 9277 6672 1454 5250 19253 10911 4244 12902 10746 5690 11757 19872 7492 7552 18783 18113 15013 541 14949 7422 17805 17591 18095 10903
13549 14990 14587 16308 311 16036 2993 7271 11078 8659 12304 13521 3071 9981 17041 5459 12688 16959 11097 1270 16885 11256 10493 17061 16120 4796
7632 2671 17246 17303 12337 1244 13187 16558 15212 16330 13374 14871 7672 17095 19044 9384 16957 11755 3202 7855 1696 8116 11069 2374 6014 15632
14874 8519 12303 5693 314 10849 9762 7903 11138 7374 15194 15431 14130 3194 16577 17256 14122 18523 1099 19429 868 393 4038 6689 3239 5717
7915 3804 19902 14383 12391 231 6500 7131 12811 19354 12791 1255 3957 11295 19595 3662 14160 4815 19347 10597 2313 1431 11261 17363 17000 10533
10678 8264 16052 11016 8959 18402 836 143 1699 14893 8328 8943 10362 6244 2294 11760 14110 6430 18536 7498 19239 10613 9984 9672 2081 11168
2984 8023 18082 11863 17140 7800 1739 18108 8230 3117 15906 10337 2287 13592 12982 5876 5716 17704 583 2668 18617 11306 5243 5862 2870 1153
11080 15729 11197 17726 4909 8936 13916 12561 1117 2543 186 14041 6653 1845 17231 16276 17104 8307 18097 9648 2851 1884 4049 213 2791 13304
12321 1060 13609 9117 16301 17353 17357 7287 8696 7577 13627 9342 6896 18987 7812 11759 19215 13858 5955 9308 706 11606 11310 13717 10279 18057
1703 8487 3517 5141 12087 13334 9952 2553 913 9843 3277 13173 12001 13591 12080 141 1651 6817 16185 5733 9986 6844 18128 11497 212 634
2788 18639 1615 9932 12491 10591 2733 10657 8222 6164 11639 16174 814 16620 5902 10379 17870 12794 19952 19728 17124 12519 11171 19800 8064 8461
5778 8380 18813 10978 4540 14393 6416 12187 16958 265 11492 11852 4320 4720 1312 5932 13409 9852 14998 6527 5617 6343 12186 8461 19859 12995
4054 512 17658 3414 17277 18056 12470 4857 6406 18091 5509 3737 6444 9814 5958 2472 4259 14 14903 18367 5797 4208 1372 2287 17482 13290
7720 19606 6262 11226 13191 6164 8400 13016 17427 10858 1130 10492 12386 8589 12784 8048 15367 7715 7457 14886 17267 12459 9028 1913 1944 14912
4198 17383 19397 10995 12589 5819 2343 14190 196 12715 601 3468 6629 10035 4704 9377 7542 10452 16370 12997 8175 18265 4630 7485 15994 17766
15144 10851 10354 5788 17436 779 17251 8968 4992 12305 11843 11665 114 8282 17077 14041 55 14479 16951 12205 7747 17630 15018 17685 4012 17319
1217 11728 13050 11488 6528 5040 12234 19729 12217 14846 10334 4326 14337 9243 16368 8159 13268 2835 15275 12028 6352 3930 4576 10033 13064 17277
3664 10745 6880 16404 18376 10396 1471 3138 13336 15776 3732 1433 13474 18302 19071 1724 10595 10931 2441 14936 297 7377 1171 10675 2735 482
1921 13729 15087 13251 3578 19112 533 6339 14901 11649 5111 9872 14301 15757 9194 2614 16003 6149 14098 12017 18620 4949 708 14461 5630 7835
17172 10037 1843 5125 11401 15765 239 4898 17252 5633 13193 5467 19593 6364 15759 2582 6793 8298 11249 13011 5148 19857 15403 10593 3978 1864
105 14026 19085 1288 333 7589 15105 14128 14396 8680 954 3012 17091 6524 17338 1057 13533 16905 17498 11709 19736 11509 13467 6283 3561 309
15664 18811 14955 9998 1788 2338 2774 17215 19287 11977 625 11681 15058 2112 1285 7273 2663 1670 10590 3777 2506 16568 4703 8646 12330 8290
5723 16241 16752 17247 18823 1680 1791 12971 12003 9749 4739 9253 3030 9961 19101 5215 582 17046 8867 4839 16779 302 9181 5777 4982 11406
2714 16391 14632 15879 6143 18310 1514 17055 4910 11449 1150 11567 5040 16033 14536 7885 6838 14794 6442 12481 12206 9986 15633 11724 11733 16604
19740 5860 5633 5252 19795 5198 10594 5442 480 6573 3028 1192 6956 14143 10764 17278 15030 2336 9383 8521 6767 8197 3672 15268 12861 13167
14646 17025 9470 15690 10781 10647 14986 19669 4503 228 7569 4555 4858 14121 18463 4880 16426 12351 8213 16790 3995 6970 12104 6649 13356 4652
7982 5280 15919 7945 3059 18846 8575 6768 12519 793 17090 15954 16204 18329 4406 10212 1093 12596 19480 1100 19354 9005 18237 14709 8752 7263
4154 16310 16608 12718 10701 8189 11928 15905 18994 5970 15177 9707 11591 4123 10248 10088 13502 1018 10266 1449 5473 3934 4937 2330 306 4995
15889 7220 5437 12045 18854 11075 17789 3215 5524 11546 547 4049 17966 10736 936 2125 10854 8050 16960 5858 1637 6590 2406 5540 14079 2441
13281 10185 17014 5415 1277 2673 11027 1413 1637 7106 5117 6198 19075 4753 15368 16566 14726 10826 12075 2217 19275 4109 524 1106 10190 2982
1630 16801 7711 6488 17401 4758 18168 3665 12093 1244 5234 18579 9122 12794 285 13958 2560 14183 17231 18586 11737 2167 13680 4257 18575 1129
18073 19964 13747 8025 16418 8281 12507 17802 6815 5625 15658 13462 14966 7107 8914 19117 15173 12239 7785 8137 11068 632 113 12139 6887 16688
15914 175 10375 6391 11996 7999 405 10021 11346 6444 567 14639 16531 4468 35 3175 8999 16048 14780 6128 362 13415 3221 4697 395 2057
2991 17964 6201 16366 14999 17608 10640 4746 10635 4680 5664 13484 14702 13551 8784 75 5376 51 16852 15031 10822 1151 17659 18457 13721 11381
9979 2809 2278 18619 14298 1136 15499 92 6303 2060 18580 7855 10598 12253 19907 5985 6319 10678 12026 2540 18653 532 7616 437 1469 16686
5339 4393 309 18789 18065 10338 10066 3726 259 156 2392 9765 12140 6217 13084 14423 12893 4928 11170 769 11379 9686 6072 19029 14800 15123
2941 267 80 1911 5105 4084 1050 10236 11870 1038 10449 16260 10511 13539 3529 9031 5376 11775 9514 9477 1898 12272 13697 11436 8986 13978
8050 5603 1918 7304 99 13122 5454 9611 5535 4579 12900 5805 15522 14970 14519 19561 15511 13915 3807 13694 4958 3525 6233 16298 5519 18652
2687 14738 11522 9534 3492 5181 4774 14333 11873 13917 16570 8303 9819 5699 18604 18151 18664 9598 19107 17611 15313 16383 11046 4255 9018 11052
5270 14631 7256 4761 4645 4220 2266 7272 14958 17752 6548 1215 2874 14793 19907 7014 19351 3131 11461 82 15384 18584 1171 12499 2773 13416
16964 7315 14471 12245 16615 7367 9289 15678 13457 17119 8322 524 17287 13990 6472 16256 19278 15955 10604 15899 13749 15727 18916 16667 13230 17507
5593 466 7588 15365 197 8593 6875 5392 9872 8486 16739 6936 18550 6492 17522 7257 14610 10976 11094 14124 14111 435 5920 17369 12093 13237
19441 98 15335 10460 5954 4052 9268 2892 7219 4787 11657 11929 873 8496 19374 5281 1405 425 19748 15342 1129 16372 3648 3227 12389 352
602 715 1893 15537 8987 6943 5847 13384 12329 19612 10891 18294 16013 11073 570 9974 12878 3012 10962 728 2162 15618 14329 17121 18444 9331
4243 8268 3763 12976 7761 15206 5766 15471 16231 6096 17474 6058 12661 4693 15282 10827 4539 15572 11533 11700 15584 8116 4844 8037 2323 10198
3293 12996 3964 2795 12027 8283 3321 10250 16976 19574 12199 4836 11577 6201 18999 14963 2969 18498 9590 4374 10842 7779 5173 17292 6506 1547
373 6555 8472 5043 12079 3164 1842 9611 4692 18973 8050 810 14413 19969 15312 19551 5596 7323 14623 18794 8315 12763 20 4720 9398 11305
13962 4932 3448 10004 10529 722 17403 3133 18347 9796 15791 18879 19046 15266 7987 8003 12315 3218 34 19661 12615 12627 9696 17116 4013 2121
2938 13273 15735 15654 7344 6807 5775 7059 14657 18005 2171 723 5627 8874 7281 10819 15991 15046 4369 16827 12872 19338 9467 10555 8759 12504
9955 10191 19136 3388 8242 15271 10157 10648 3478 7119 14050 12712 12591 1896 16568 6987 14343 57 4054 3156 18228 3365 13838 1798 13027 19155
16288 8142 7050 2323 1653 18288 7231 8583 18377 1639 12975 15392 11178 11915 10190 14548 7072 7115 16860 15982 8552 19232 12482 11858 6039 19685
17152 6488 1026 13831 10427 6975 2957 2775 12382 12888 15717 5709 13172 11493 7967 15499 10303 7775 4778 8228 15427 2541 16105 4007 4379 2829
11285 4246 13201 18022 2432 6707 7112 4207 10114 10818 4548 15528 11112 17337 8981 7234 8820 12474 15713 7781 7266 7248 7383 7158 4937 19701
2787 12464 6889 1159 5337 19567 14830 6125 11564 15833 8630 9850 12960 3271 5774 18811 10837 4776 2284 3200 10671 16397 8323 5733 2549 15967
7571 13011 2598 6492 7412 5659 354 15511 10016 263 12871 14742 3439 4723 3434 6779 13447 3983 16529 595 15447 2715 19655 8855 19816 1544
15434 12493 13577 14322 7228 12777 7705 9127 673 13612 16453 15221 4391 14133 19442 10670 11085 8375 16817 9354 13536 2900 11570 76 6506 2998
7103 13649 6040 1789 5495 11422 8369 13280 5235 15568 743 10947 7835 18934 19908 10816 2280 10053 10486 19752 18724 7975 7897 16254 10063 3204
4374 4449 8788 14089 2601 15214 6031 5489 12607 16766 4075 17554 7851 6671 4914 16214 5338 7940 6246 89 13861 1764 19926 12451 7879 6554
2487 11970 8418 13717 1281 13939 935 501 9004 18704 7826 6884 9985 13629 19256 127 7269 17951 16028 6095 15328 15308 17929 12803 6165 6301
10430 14473 19280 7770 1551 18262 15138 15047 15325 4385 19884 518 3022 10387 5360 2814 4614 12185 11316 15455 4730 10331 14233 2660 1827 17146
14738 14081 17696 12136 19898 18180 4145 19883 16314 9417 6656 16787 3604 12700 11203 9561 12447 12811 18798 968 2540 14889 18219 15881 9445 19688
19687 3619 11070 3076 8938 13726 9630 19450 13459 381 15994 3601 1785 8545 1094 12130 3465 5447 12813 7299 17718 14926 18109 5054 17757 10532
9031 3520 5799 12292 8231 9233 16995 643 14367 8728 8763 13502 10514 6671 16574 11461 8008 12888 12163 9879 6453 9035 15158 2662 18470 1463
19306 16752 5536 19855 6868 1679 6080 7936 6745 3433 12314 18352 11522 7304 11866 9016 1816 6429 1416 9392 16308 13718 143 8865 18885 9396
5428 17405 2975 8402 18588 2655 16357 11934 12240 3325 6595 18353 15272 13966 16512 8581 15012 5531 16351 13878 12371 14091 11558 14435 5557 1576
2346 9672 2789 10469 19648 14937 4357 2433 5286 15135 6534 13064 9013 14076 6084 15363 8936 14251 7918 11927 6490 6790 10776 7589 6169 3201
17004 4462 12356 17654 16901 6330 9305 17224 16754 18386 11334 12613 17370 12452 3373 4392 17697 18052 14461 1670 12795 9596 5885 15275 16753 7445
5554 14577 18305 10459 19262 3356 8075 4239 12459 17525 19370 9805 6151 9995 6559 13183 10760 9169 11167 2987 13941 2148 8811 1949 14654 1743
5099 6091 2508 11626 7726 11576 6789 6170 14024 10149 7565 19716 16872 12897 11485 15941 3260 18997 8561 8336 18569 16458 19600 14736 18091 2483
10181 14786 11421 6936 19080 18686 18722 13961 2338 15717 5470 19343 2099 5074 1540 16323 2740 8995 8881 9351 19573 4825 238 5315 17629 13450
845 6477 11652 6725 10314 9387 3624 8438 5650 7934 16663 1067 12700 10121 2833 12899 6905 5636 16251 15589 9608 4430 2217 12259 6729 10412
1025 7531 4865 19447 1716 19713 15982 6445 8557 3889 674 18967 16877 6965 15464 77 5637 11984 11048 15990 15694 8297 15864 13506 18830 8816
6355 5416 9147 843 13180 10848 18702 12608 12946 356 19129 11746 2818 12674 18974 3348 7214 6383 1514 7155 3497 7872 14435 16009 7174 7830
9134 13024 18721 8941 12313 1337 12414 2502 1696 10590 3998 10789 1606 7239 4638 12385 14237 2139 17642 19055 235 7466 1920 6217 16752 12655
11245 17231 7844 11145 19706 1546 18200 3375 16609 3510 18030 13199 9228 19215 19181 19914 16007 17673 1687 3326 6643 19594 12022 11351 2302 7610
13374 6624 4489 86 8451 4517 5532 4855 18853 19608 10864 18931 2891 6765 9193 19998 710 11171 8372 2506 1060 8171 1385 16298 19766 14838
7377 7902 11400 17938 4401 17753 5741 6823 8890 5088 13293 11323 4169 14639 6061 14644 9047 12409 11682 11301 773 2596 11690 4828 18479 9649
6198 4020 16963 4261 8017 7335 4203 4708 15430 9643 4387 19383 3024 17093 1159 13040 7560 5033 6608 253 1290 11372 5758 19209 2983 15555
13792 2311 5382 10760 14395 2687 6987 17056 3025 6612 7810 19734 3547 16937 6382 19639 18295 3161 739 587 8269 2382 12288 9430 7573 534
