365
49 70 22 5 37 99 67 91 48 97 39 61 61 71 39 44 77 8 89 32 21 29 33 26 49 94
15781 6815 5028 6711 4774 19478 6592 8021 15418 16337 10043 18681 349 18064 664 3601 5536 7111 8294 15603 10470 16964 12525 18761 19981 6835
8579 11350 7812 15978 8816 5359 7829 16042 12887 5506 3346 2994 18049 14347 5953 9060 19212 10319 13110 17752 3434 16907 16969 7167 12898 6459
15553 872 8672 13094 15929 19413 7451 18307 5986 18121 4819 15875 10537 3575 1553 1743 17856 1015 4460 2503 7837 17091 12981 1295 12567 8317
9956 10493 19508 12117 2893 6179 147 5538 7207 17691 14648 14205 356 6454 330 11174 140 19854 16132 10267 154 6770 1440 19202 12846 11332
10414 11447 9613 3507 8441 7282 9516 11181 4975 11394 6944 12702 10160 10915 7342 13233 9132 8390 10066 9113 4189 16136 4804 8255 3994 956
8037 13885 11156 11176 13324 3297 1247 18496 19890 3306 10208 17863 6389 17783 13108 19947 6923 3560 53 4361 2935 15123 12744 12758 9435 11774
3349 11878 5019 15641 7029 19010 485 2436 19695 17426 18127 14660 9687 16394 19523 4323 18589 9799 4152 8019 10885 10961 12936 18775 6921 7003
15525 8765 18495 6567 14222 12424 14085 4757 12091 10608 19392 3745 15109 18599 18352 14644 9089 14474 17472 10298 9074 5388 7511 3629 13350 12847
11767 336 19689 153 14487 8685 15233 5303 19796 18329 7235 120 16893 12170 4634 15830 97 1087 1032 8381 12500 13271 12726 3509 18971 7018
7970 8021 7653 639 12897 11719 14573 4810 19156 11673 10827 16069 2205 3146 949 14124 4800 17583 12818 19073 1892 6875 1933 4184 17063 296
2275 5146 18770 11415 6303 4705 17857 6579 6868 10654 13237 17752 13922 8049 3047 5643 14414 4032 10362 10976 1999 12817 8511 16601 6745 5551
3656 11053 14089 605 8412 10803 9755 18286 19168 17682 7307 9130 6506 14298 18306 2760 2825 19862 16569 4151 13276 13720 5000 8985 6219 18468
8916 6961 975 6707 16921 703 18874 16945 16426 2758 17140 11649 12319 2580 11254 15886 6133 17091 3348 13341 17422 16711 2528 1386 18051 8964
11964 9203 510 9016 5671 11025 14629 9788 18059 19425 1812 6289 11887 14347 17452 1497 13608 4986 753 13537 2106 6460 7541 2639 3687 15719
13283 18502 9639 940 2110 16197 17762 16836 17485 13526 14167 4411 18714 3630 15118 1134 4965 17715 6547 15775 3712 7042 15830 19196 12109 6665
6409 11093 11419 3630 2915 12851 4803 14853 7166 11809 15384 18771 16670 17362 17683 5291 9922 16950 6212 8925 13541 7826 9479 18962 12589 19979
9355 5421 4723 12165 16599 18025 9101 627 14012 3056 16499 17474 18931 7895 1134 12019 8241 4235 4697 9602 14313 15585 6635 1874 7752 13384
17546 11852 8807 7890 14643 5675 19818 11450 11912 5281 3285 15686 8616 4021 13056 1042 2942 15613 1165 1835 1016 580 10549 4498 16565 4133
1493 19284 3660 12911 4396 8132 3953 4168 13545 1902 3635 8236 4879 6620 10196 2986 18089 8818 15399 18722 2585 14899 11554 19480 12437 5969
393 18239 9215 18804 17224 17740 3313 796 2834 12414 3401 2948 14063 19217 1899 19628 18094 16465 15667 13128 17063 11761 6248 9918 17084 16937
877 19280 3091 4401 6581 11957 2383 13270 10176 13141 3389 17890 18055 8704 15070 12337 14910 6021 11389 19097 6258 4608 7643 9110 8978 9111
421 6710 3096 13778 18255 13484 19420 8324 6513 15232 19664 1716 17944 11474 3928 4047 9348 13888 4319 3940 3443 11608 7895 10595 12606 17273
5452 11649 18110 16725 18608 11895 1928 14373 9305 3063 5474 9077 15197 817 2378 3358 7308 6235 19630 6811 8215 14361 11455 18557 1760 881
9857 12647 8959 5452 14419 7355 2253 787 11933 19693 876 12212 15223 16259 17959 5469 8386 16739 12596 9899 8036 11295 17397 16679 19155 15985
17949 14240 926 19690 6639 17018 10128 674 12070 15400 16728 3487 8291 14807 17514 8679 2025 6619 7726 9937 14773 18572 14085 13265 17959 13959
10067 8514 6916 12714 16578 5354 9907 11549 9562 13627 5687 14060 15919 18167 14934 13513 8406 12399 14331 19975 15373 13795 7322 6784 1202 7738
18879 12242 9462 14090 5167 18682 1490 4159 6891 17302 15568 6803 16916 467 2899 15828 8619 16246 1525 7647 2327 2365 9729 3814 16905 6284
8613 16319 8239 18090 5091 8587 19926 7608 2500 19905 18209 5826 16405 16274 19296 10057 8466 15730 9815 3702 7843 18605 18363 12782 8294 12539
5014 3860 3933 16998 3949 6817 14372 17049 7208 12715 3312 1450 11348 2047 18408 8375 13317 18099 4939 5010 503 8719 8300 10710 1818 17063
5715 16509 7302 12253 2151 8987 14566 19138 4479 937 8590 17158 561 3183 17936 8769 16301 5507 19402 6786 11604 8589 7366 15449 1909 11853
3310 10604 1026 5650 977 15735 4938 7790 6344 16584 12281 10480 2870 19402 16722 10821 7162 16794 7136 9105 19581 15090 14028 9703 12155 212
12301 7877 17936 227 17719 3999 12313 10637 11108 8514 676 13505 19229 574 4764 13119 19472 6687 8263 9261 10956 81 7343 19646 2304 491
8193 10305 6288 10239 10236 2303 13704 2808 2481 13670 14866 9633 5873 15433 17046 16612 16519 16591 8875 19903 5348 17612 403 5850 13438 10305
18564 17507 13427 18526 17034 15180 2614 10857 1904 17381 9522 4657 17427 3613 616 11409 13872 8023 19255 7257 15636 9232 5883 12483 4710 6258
11724 14577 18048 13960 15781 15144 48 17130 1950 10911 15346 16679 2651 1705 283 15309 1835 13725 19844 8706 262 9143 17020 4021 2038 12975
5172 11295 15896 19470 13392 16619 8247 2511 10931 4230 19232 9584 7633 5770 7418 17765 17866 13348 2776 19096 1053 13645 9231 5148 18604 15297
16864 14428 15945 3990 7060 18086 5542 11420 3313 7433 18537 13393 3563 451 1706 5961 19799 1778 9488 1249 11738 14640 18244 14516 15940 6942
3010 5314 766 3825 18554 13499 18986 11338 6208 1770 8405 19516 15965 14354 1798 7233 5784 5382 18803 11552 5476 8909 10632 10390 170 19449
8332 17788 11785 8427 9430 14794 7986 8655 12264 9792 5272 19560 4462 9194 8397 11896 3529 10950 14173 936 2404 14174 15380 16701 15762 5791
12704 13632 3688 9496 6058 1065 17016 14364 15295 7219 2383 11309 16262 17617 1009 19413 12221 3541 15147 16923 19553 10920 8585 19923 3799 9545
10452 16543 10921 6803 8404 8136 10421 9119 391 14323 6596 14548 13322 10802 751 13049 2986 15352 2136 19513 14058 19067 5590 18086 8270 12011
13427 596 19685 8594 14936 14489 1992 19305 13600 11466 14691 6459 18083 10656 17690 16028 5512 19252 16868 7592 4389 17985 18357 19521 13015 4084
8900 17107 14818 3212 19211 10307 15915 16339 5531 14027 8143 1795 3181 10054 573 9246 2272 10554 16582 6176 15492 14871 924 18262 51 12798
9418 17152 2474 19803 10083 1315 13397 14551 10070 17040 13822 6540 1163 1790 1990 11626 9066 15955 9581 17558 6301 15161 7109 18970 3651 8705
12176 19253 113 9895 12719 16804 7624 18701 14900 10126 9516 1759 14967 14956 1167 970 3884 11016 10422 11251 13994 5080 9413 1199 3378 17528
13494 12293 9543 17322 1316 5208 12108 18194 12459 16088 10579 12759 8918 3349 6263 15243 3635 10212 1827 12933 16337 7530 15949 5424 19615 19588
12725 1723 2180 14246 9440 11197 4299 12646 10610 1141 5797 18806 12703 19878 10608 12697 6035 6345 3861 15969 2088 4260 11701 520 17254 9753
738 5396 16112 18196 5320 13472 15460 15739 1979 15545 8441 5988 3059 2085 3801 9584 1616 19495 11503 86 13563 18491 11830 19994 5422 8303
4975 11748 6393 11954 4195 17790 7261 4126 6004 3881 17087 6023 4228 5509 10619 1298 14061 18519 14811 12801 13056 738 15643 5644 15207 18483
10581 10044 18689 384 1084 11984 16293 16482 9905 10632 12796 2297 18853 2036 2311 9884 17219 15584 15794 19462 12678 2968 14016 14193 9849 19995
15995 17859 13059 18106 6665 7150 136 8274 6716 4509 668 14289 8557 6372 13047 19894 19898 19453 17690 9683 17345 12191 15532 12879 1729 2857
10163 522 4387 12150 18533 13611 3054 311 16085 18017 1106 16366 2031 8887 176 1994 1049 8440 14442 14219 3286 5012 18045 16096 1454 6562
15684 19667 1477 19751 1859 10591 5463 6454 7718 3570 5244 4296 8790 17267 5333 8857 10608 3230 4586 11468 6866 17139 14381 10823 18674 2805
1276 4807 15519 6084 2373 6567 1795 19953 6796 6437 10143 1382 1647 6216 17026 16649 18502 2525 6849 3770 16043 19504 4146 1734 11910 11009
2629 12048 6220 5207 884 6539 12153 9265 1485 18737 13530 14042 7150 4504 15779 10110 4523 10597 11064 399 3359 11099 2823 6834 17723 1269
4488 3601 10629 3294 6247 14238 778 12259 13860 3043 10493 623 17733 10110 18352 13762 1904 15594 17074 6737 15004 11331 448 1018 4919 17080
8514 17089 10356 114 18782 10137 12096 6878 348 6626 15552 8051 12525 16318 18239 17 4321 11969 3257 5829 10440 8440 14087 2672 1726 436
3226 9986 8465 2547 4466 3709 7160 13751 17183 10651 10629 1733 13843 846 4666 4978 16883 12281 869 6182 14487 8149 3668 477 14916 9397
3719 16242 16084 17695 11329 9679 8842 19264 1077 13833 4361 19274 13280 6679 2110 3952 17540 11419 2195 2731 15510 10994 7726 12605 16465 1516
11126 6447 14877 18255 18399 7301 17703 12036 3257 19853 16243 6011 18951 18494 14982 9646 8532 2033 3317 9911 10998 18013 16502 14102 5988 7880
4370 19633 17788 7351 7906 12036 16089 10743 19696 11255 7397 4812 1329 1877 7164 14439 1614 2629 4166 8803 7955 3268 10544 18984 14734 19512
18984 19299 15133 15059 10790 15307 18327 10437 10420 9191 14574 10449 9871 7476 13817 17430 16788 10239 19072 9640 4669 16416 3532 4943 15365 2034
7352 18796 15557 6091 8243 7107 9417 13282 14260 7297 13456 16174 9157 12641 17612 15828 7845 8834 7401 621 4699 10919 16358 3841 7178 332
18585 6384 724 9416 2926 9271 4988 19566 6824 3753 5304 12840 15312 7819 728 13768 5555 15782 13267 3193 5932 15453 13079 15894 14200 17337
6021 16336 10013 11366 4023 3368 11611 14791 19988 11898 10507 17430 2400 19747 2076 5382 12956 17017 1973 4458 17818 10569 3598 5604 14799 14111
8836 7562 4017 15011 1917 6003 3611 3195 6036 16627 15933 9592 10536 2885 11107 12639 12964 16937 7991 4977 9430 17657 15561 12874 1506 3546
14642 11432 16045 17489 5154 11160 16224 3373 9300 1515 3192 10231 3078 9753 6315 11521 14976 18494 6338 16583 18862 19930 13201 472 15419 8780
2318 2718 8233 676 4946 8883 7684 19684 4598 10659 16037 15439 15951 4869 14808 2066 3102 5840 11178 9069 13159 17073 11202 9232 5079 4877
13961 18638 935 7549 1025 17149 11327 7018 7482 13915 15258 11422 3910 8458 4439 2075 16731 5558 18046 18389 2708 15274 18677 18709 13162 9451
17665 16813 3256 19865 7817 17982 14287 12084 3317 11264 9773 11498 12825 10602 7121 10414 13580 4824 14833 12031 10591 12390 11838 9602 11986 15699
9823 3679 10992 19045 2724 12112 3176 19622 9906 12431 9063 17737 5768 918 2599 1336 2524 1497 10251 3452 13345 12060 9350 5877 11850 10596
2491 19492 14492 19084 16727 18823 16898 7812 2310 1495 9824 16960 17262 17772 15964 13735 12194 15354 6992 13460 1738 10613 19042 10358 822 12354
13705 9089 13428 10051 4666 2442 17955 18346 5122 2511 12356 7135 2341 14048 1110 1232 279 5022 10518 3629 10509 9875 18710 16821 14807 1187
19299 12618 11042 11659 6769 18773 11919 14682 19474 12344 14918 7329 2890 18024 8713 11172 11869 11728 13421 18571 17001 8379 15786 3211 18665 2959
17969 4721 9952 15148 11002 568 91 9353 7660 8093 16782 15506 12780 11961 3829 10998 6036 1124 17787 7383 7557 15704 4834 3581 2923 4040
7604 9443 1373 7749 10491 9400 4237 17580 17445 4465 10360 5823 3320 13675 19253 2552 1936 18905 6054 7685 136 15655 4297 14300 635 18044
11220 630 3086 4263 14088 15876 17329 8132 17790 9749 8274 299 1698 14476 18897 3719 17611 14235 15089 16359 2343 2492 12892 6042 2390 19056
9662 16192 2713 12273 2317 289 17338 14908 19526 13995 2517 15614 19603 4448 15976 2525 11372 13659 808 16377 18240 5518 10105 7368 7794 15869
55 14479 7481 4792 18331 6150 3800 16908 19103 9792 15893 17722 3116 7737 10227 1645 17616 14645 12017 10251 3130 6494 2352 10580 4044 12563
15440 14890 12840 10253 17434 3683 7109 7400 19362 18104 7914 11292 8776 11491 14920 7425 2788 97 7047 13464 1037 591 663 19100 8250 12094
15822 3867 15718 6009 7065 11443 1075 13338 10219 14536 6468 12326 3941 8378 4791 11567 17846 17883 14033 19721 5955 3593 11509 13465 3692 4399
947 3047 11249 2595 12862 13935 16599 15880 8086 7745 19862 19079 5041 18350 391 12143 4194 5261 8618 1830 13197 7848 7934 6975 9221 13464
14977 15482 5624 8105 1142 12230 3878 7144 18658 16390 2041 16367 14906 3849 6176 18617 19631 4717 978 6814 17072 15753 9473 4959 14105 5686
6137 2172 7786 7226 2463 5111 3590 6968 14737 19152 9973 16030 13283 326 9508 13030 15694 8095 18158 9488 10284 3585 11710 9798 7460 12681
4059 7046 11036 3614 17712 5407 14691 13667 4303 7145 10110 17266 10381 6806 759 16739 11368 14714 4922 4089 10042 2553 13953 530 19908 11538
18550 17040 9034 13371 2361 1577 18364 12767 7277 12199 17468 19864 5793 11300 13013 11055 9657 15429 5427 15965 4427 17507 11431 7589 11851 3104
6888 1111 639 15089 18495 9958 19885 3405 1873 6600 13607 14220 17694 10925 2175 7243 12940 3756 3812 11636 1755 13787 17872 12160 15054 15360
7441 17957 6904 17474 14239 3344 2255 8433 4522 3980 10516 17536 19740 19858 3349 14495 1796 18669 11528 579 15545 11314 9175 9061 15455 8173
4236 4410 10817 4888 19125 4258 7390 13920 13798 6548 9414 3821 2822 11474 3704 8011 14548 8570 14229 4203 13732 8728 2631 17709 10421 19353
7940 7491 19597 18779 13092 9482 12371 12688 3737 7920 3498 17877 15069 9072 16143 19208 1252 6588 12107 17026 2751 8416 12214 10831 5010 12889
7896 15895 12527 10421 12879 122 9312 14810 1341 5812 18977 18788 16886 1605 4176 15959 5369 13795 17779 18099 285 5681 7559 16640 15847 18281
13285 13842 12459 11413 6854 229 5881 11533 6812 14346 14543 9779 11679 13831 9582 14423 3253 10405 14333 5055 205 5883 186 15464 14056 11207
9771 8393 11932 18470 18371 6364 7268 1098 8453 4815 19797 8524 19645 9913 2807 478 16809 1289 527 19268 10376 12154 978 13087 17679 16280
19390 13001 2016 7118 12145 19515 4704 4465 6476 16732 14780 8729 715 19256 6481 10334 3771 13046 6575 14676 6535 13120 18366 3160 7990 4161
5423 3267 4711 17513 5793 11563 17570 15036 17970 6511 4764 14135 6806 10937 5654 3408 6434 10157 265 8166 13577 8209 11244 16456 18880 16754
4014 12230 4379 19285 8295 7654 7724 4447 8841 6832 7301 3004 2551 16745 12187 18344 8131 15485 2642 179 5189 14451 2534 9610 1922 16530
3167 2303 3647 3460 6105 4543 19855 2819 5497 1494 7461 17510 7068 14671 7793 11666 499 12098 9862 9720 12441 13932 3622 18763 7979 9542
4716 6578 1936 19957 9963 4871 19338 13906 14369 4934 2328 9423 14770 10362 773 15151 4455 11866 4461 10235 285 13130 6265 1504 4574 1433
3217 14230 4020 16529 7792 12467 17961 3972 17887 8070 17932 4527 14158 9839 3173 15399 574 18838 3619 1538 9739 3737 10026 9503 16449 4460
9117 3050 10665 4292 19328 11103 3528 17307 7213 3205 2043 1987 7427 11850 9188 405 16819 10194 2201 4109 12346 18751 7281 13843 7900 1331
9117 5443 3531 19047 1018 10538 957 11403 7094 13992 14080 7249 2733 849 15013 4449 16273 9839 8208 7794 9561 18899 9873 18448 16215 729
10512 13836 10118 15887 2112 18537 16994 4723 17656 4541 14690 19964 18530 16636 3897 230 11608 19087 15778 10058 17841 542 14679 4207 15219 15605
7912 4971 19539 16781 7358 19172 12728 2386 9501 3901 17888 1023 5285 19018 4672 8456 17775 9506 16158 2 2356 18562 18598 9401 6446 2642
13084 2810 2981 1924 16161 12019 9925 9168 17339 3117 12801 9620 12562 6409 10950 1958 9278 11647 6894 4963 11187 12174 17708 13894 2995 8028
14044 19262 18482 12255 5150 6075 19286 14098 8079 14203 734 14523 14624 18175 16391 16394 2029 12215 9212 19168 11453 11621 652 1234 18326 18813
9582 1017 13582 4665 4782 1438 2695 14002 3997 4248 15838 1133 2381 19220 7853 1013 19432 19591 5088 9080 4293 18123 13260 4161 1318 19998
3945 6271 15289 9356 4360 8131 3472 5042 4282 18247 11828 4125 10264 1965 1352 6989 12698 10374 16981 6708 10499 10478 14086 97 14061 17927
11356 16937 8801 16937 18739 17533 15188 3014 14016 2069 9622 19790 2340 14985 19390 8003 17927 10931 717 19232 15813 10268 4771 10158 1698 6304
5131 4619 3439 14545 19395 17866 11855 15782 2604 6259 15676 5803 9446 6059 15130 10930 14238 18110 10219 19852 13664 16936 1496 17225 17301 12883
2982 7028 8435 12822 7373 9972 9736 14302 5484 12030 2600 1859 9232 9470 4517 16036 10192 7947 18252 2206 12418 2702 10341 16089 13857 9090
4892 10482 12282 4767 8264 9185 4618 6680 886 766 11542 8237 5035 14106 15802 3663 8391 5950 11650 9686 4369 4867 2245 7836 14272 9112
6055 12244 12938 3490 2929 10773 19882 1352 15116 11980 2657 6247 9393 17615 7788 12029 3888 19165 19153 5369 14553 13503 12427 8173 9289 3155
11871 13171 8781 4061 8876 7537 3096 8490 3313 18070 4897 890 19537 3261 7552 18505 9717 8853 12865 14456 9175 8972 5316 16716 6611 657
9543 15860 19504 450 4998 2297 1015 9823 3693 15411 581 10662 7770 4461 9345 6547 18772 14585 3838 9862 5652 1362 5806 12459 2018 17990
12100 7808 10769 8646 7547 14292 12607 1323 5831 249 11688 2299 1313 14480 85 19338 2862 2395 2452 2756 12749 19632 2975 6257 13492 65
19947 18371 3452 19454 9486 18364 15267 5675 18395 12973 17617 16672 7843 9982 6175 7402 3561 9202 8775 19733 18740 19832 944 2841 8265 19418
11325 17183 5639 15219 13261 16726 12651 9360 19668 1484 10880 9820 1148 11756 8727 6326 2520 19536 14887 6751 4538 8591 3248 14056 15908 18454
8396 5383 19166 18388 2983 16152 5083 9907 16911 16325 18821 13371 4259 19691 2233 15146 8233 13455 10372 1181 19814 13831 8968 17403 7827 4715
12219 8474 14643 8219 18056 14006 6307 10851 18258 16440 6005 3898 13257 19916 4428 6079 19740 14335 13958 10476 15697 757 9930 10415 15935 9985
16344 6717 1827 12843 9233 110 687 268 6135 5384 11514 14896 19801 16681 3884 3709 15925 13379 10960 13853 17311 5939 8377 2371 4006 1230
8000 19823 5445 8750 18087 15511 4039 7021 10590 1373 11955 16867 16974 5226 10160 9629 8381 19653 18691 11447 19508 16274 14025 7744 6091 2726
8343 1805 15774 9735 4161 6316 17322 18813 10816 5612 4589 6412 13141 6666 14702 9969 17832 493 17161 11792 9768 16509 4107 1433 4241 15094
1781 9821 1817 13335 7085 12754 13091 12168 19849 12224 1759 19014 9328 17416 15612 14705 18356 14846 9852 7594 15084 2673 10050 5587 18522 592
10561 10272 16654 11743 14436 17641 5477 2575 6806 7327 19636 388 16368 14975 2759 19095 3354 13902 6886 8979 1946 6019 1364 3788 19194 1331
318 15209 17243 11288 4050 12983 7120 16896 5019 4697 11866 19005 18129 5599 6122 7043 1858 13189 19341 2355 15394 12821 4946 13814 11757 8743
1741 11111 13237 12757 17598 6288 8572 11010 8096 5590 19507 5498 10241 3905 13989 10874 2883 4686 16672 838 1164 4835 4308 12710 10486 13996
5567 4356 13796 4451 7513 5961 750 18558 11605 7887 13873 8428 19859 2986 5602 17378 13306 3316 5613 8378 10135 13684 8095 9803 14462 10758
18497 1532 9638 2956 1517 5586 10892 14530 16094 11214 8511 16815 9607 18423 13437 810 10059 11666 4774 16237 891 6594 19038 16739 13361 17975
12015 1846 2043 3751 15404 3288 15589 4096 19412 5667 18950 8300 8193 3844 83 11301 12620 17527 16101 5612 16882 4853 1617 11409 19619 11596
5194 2810 17392 4597 18147 1696 9153 12448 12805 9561 2159 247 5731 19483 7588 8738 18617 1519 6085 16839 17303 6402 2014 1892 10579 7950
3107 10985 3769 5359 9278 5854 13012 12821 237 5019 7211 6554 10860 2109 9368 12221 2994 17520 13608 14124 4767 2152 17040 14028 17516 12614
11586 6248 18928 11518 14559 13484 10940 16585 105 8430 18836 3329 1028 8240 1026 7907 16767 8906 11954 2899 16184 14973 16249 8434 7002 17495
3556 8219 8892 4183 9771 18202 443 9628 17043 2791 4467 15311 4441 9184 437 16243 2914 1483 9660 6503 2822 16447 14212 17621 18134 3327
59 19567 11036 4201 9113 3363 18574 5601 11365 9956 13263 10315 3316 15151 17227 4840 15823 14991 9240 7231 8312 6876 19147 9983 19837 15657
9359 3693 19936 463 3403 1600 2367 1569 122 15891 5728 3169 9133 16868 15613 13705 9716 3749 4867 3351 153 2315 4097 19810 2390 12662
16947 9272 4638 3873 10487 8524 14289 17427 2437 11453 18259 6720 2392 16356 18784 5790 5248 13511 19965 2860 3448 14759 11916 19451 18773 18403
19078 3114 10919 12279 14725 5435 1723 4797 15099 4883 6404 17202 5327 9575 5786 4625 12143 3029 13488 14795 6179 2215 2968 4892 18892 10514
16685 7929 4387 13809 9687 13512 19910 12035 2129 7816 19701 3704 8154 2480 14259 19584 3097 6318 9847 3427 13759 6198 6709 17497 17001 10879
9150 8769 10508 10183 12910 14560 18864 6345 15364 15782 12822 18814 18397 13483 5501 17589 13711 5538 6284 5555 5065 10338 13137 2709 18629 18466
15488 4929 12816 16880 6685 9186 6065 8316 10474 46 1940 8736 12869 12092 4869 14801 18163 12766 14081 14870 4851 5489 3610 19391 4968 13063
13414 10202 2133 504 12740 16986 14987 3603 7565 10342 14538 2161 16485 58 7051 351 5060 14712 6483 9142 12832 11501 12440 11371 12619 19887
12640 461 8504 5218 16722 1522 3284 1077 2582 19884 18933 15213 7184 6131 447 16058 10685 14315 13094 18791 16136 18708 17461 14932 14581 5140
13455 5556 12243 17841 15004 15018 5814 3438 5284 8835 12630 15953 6644 19308 16727 16962 10820 18955 3631 3066 14450 16231 15043 10445 13996 11429
18390 13012 5041 15363 5756 49 11600 10963 5895 3406 7117 2032 18919 13025 12470 14537 1575 17246 1350 13211 9133 15751 12251 13983 10082 14863
14080 10236 11752 2339 671 19083 17871 14267 16156 9002 13439 17035 12131 14151 3662 7436 8094 15979 8703 6709 1816 14321 15298 2578 3268 16380
1118 6627 450 8795 10443 8497 17771 8789 11987 7669 6796 17182 19177 11562 10574 11056 18398 1314 3453 8719 16753 15563 1150 12490 12970 13696
14714 18824 4939 4149 15765 2901 3499 8740 13212 3329 11022 17734 12907 8808 12985 6724 13822 2433 19763 15236 9633 5389 2275 18073 12376 1041
14776 94 8957 10235 19401 3249 9621 1226 12142 3973 10837 17061 7738 7801 17336 4248 1248 3034 17135 8043 19110 8454 9015 1686 4739 3746
19593 4148 16099 3509 11256 8256 16401 4448 19545 15398 6469 2037 6585 3590 19772 12458 14526 3064 12214 12266 14396 3414 9417 2041 14844 2883
714 6323 12990 4616 12137 1595 11252 5919 7874 2411 4186 12542 13086 2588 5098 9285 6923 13924 12790 16792 14712 15616 2275 13038 4977 18197
7188 1561 17107 5532 5977 19225 4855 8516 2829 14857 19870 1818 4085 14344 350 17917 9317 12955 6502 906 11319 12754 16419 4108 11694 16023
13591 6367 12916 6240 16317 10033 1247 19477 18662 12411 2535 15448 8806 19762 16746 5846 5917 1731 5733 10910 5755 3365 14222 15748 2833 5498
5191 19027 6694 17800 8169 9577 11745 3344 15341 19744 5557 19855 1475 4509 12165 1026 4922 18098 8246 4183 19914 19806 1853 17290 10366 16109
12915 18998 19912 6788 12664 6321 3297 11661 12060 17939 450 13178 7563 12784 7702 13304 11391 11323 16985 3478 12618 8904 2926 8117 5553 8508
12625 6869 10493 12001 16097 1308 2216 541 18034 3228 4913 11352 15023 19101 12991 10178 11356 10483 17758 16417 3854 2666 6239 6379 18037 1647
12637 15410 16551 2815 13837 236 19930 9696 17173 16116 2626 17823 13052 3548 19934 14618 11422 13118 8256 1626 14542 16148 2871 12158 15886 8645
19049 16455 14018 342 1470 18421 12602 18446 8715 6565 16985 3407 17603 17706 12158 14838 3742 4852 14148 15058 6210 15307 16909 19368 19382 17046
12434 14665 5771 15499 1319 4516 8513 16023 15941 15147 3487 5912 15059 13160 14099 18 14399 4893 14873 101 18001 14086 8862 18437 12293 19779
7134 12440 8389 16906 3864 14446 13739 4118 14666 14240 16240 3018 14872 7486 14449 9148 18579 10938 1074 14325 13212 55 3781 14908 9898 17194
9663 10652 6386 11296 9498 13955 2058 14105 11087 16314 10981 4338 4547 6901 11251 9370 18316 4276 15072 13344 6813 10785 6155 4310 10340 14182
2173 11023 5378 17188 10388 12191 6258 2677 15154 8709 15238 13758 8503 5795 14055 13187 8304 16822 12095 1956 19452 17352 9534 10504 18070 16569
16253 4814 10681 17555 3309 5936 17360 476 14134 11238 5132 6018 1073 10087 4232 17561 16917 10665 10111 17732 17433 6049 4869 19338 14411 849
18010 18064 9329 19728 11450 12975 13824 1754 8600 11172 10949 17172 12821 19068 13467 15533 11473 5038 8558 6509 10689 19429 16786 6164 10119 16116
17487 10074 15258 3967 14565 12897 5684 18607 4212 18031 398 16587 14215 2001 12383 14294 9941 11596 11879 13195 7474 18083 13188 13253 2932 4609
18710 18285 2423 17128 9991 4416 17614 1350 68 8882 10810 16826 10835 9907 4867 2698 2509 9691 7908 11438 19154 1855 5852 8835 16117 11848
4111 2920 9619 9173 10643 8121 1686 7268 14154 1796 19991 18754 12546 11701 3138 13811 15263 7553 15888 11334 6954 3849 9241 7031 17804 2544
16367 11240 14939 14478 4072 14779 3160 11157 2682 3106 9466 6407 10530 6643 8162 13984 1389 13957 11762 19868 12492 19759 16015 644 18819 18346
16617 15613 2370 13399 17785 12806 16209 4357 16871 15451 8223 15368 11089 16296 11896 15389 7800 12868 13853 8577 1666 445 8132 19390 6730 6901
18689 19404 9987 16739 18269 7184 8130 19566 4513 14503 816 5912 8738 14371 19726 7026 4238 2672 18281 12334 16448 6152 15842 2134 17615 13916
7508 7639 12760 11855 4246 15248 18905 6186 6315 1472 2732 17294 17470 3946 5601 9027 2112 19943 12560 3671 7042 13181 11470 9537 4385 18626
4635 3973 1537 10335 11177 3565 10894 6315 7899 7877 19395 14289 19197 10018 1626 18314 13274 13988 19621 13674 7144 15728 814 15843 11555 19548
1398 17566 5322 13192 10577 14685 15306 16645 436 16113 14972 18507 15963 760 5105 9234 11025 17666 13544 15577 954 5553 6294 9467 10066 16401
5467 2087 1351 13856 13261 246 16374 3970 10899 18489 3872 4641 4636 14934 3191 3411 258 17708 19500 3957 12520 5990 12302 4890 4375 15129
2260 13560 12575 2653 17648 12370 14290 19167 4926 5375 5944 17836 1658 8733 9915 15209 9617 15075 17610 6365 4945 9660 18098 10963 2429 14000
6933 10198 13168 3877 16320 3018 6197 12692 1544 916 12676 19027 7113 9937 11271 6081 12537 2248 4578 12528 13015 17005 12666 19024 13422 375
2318 12002 264 10673 19042 14692 381 8712 3093 15771 8809 2589 16639 15508 952 19154 19803 14966 19476 10158 12074 3104 6434 6032 4935 14736
5258 14343 17617 4646 16879 18150 19526 13775 16871 3239 8551 11917 6784 4694 18643 15797 9558 1852 8368 8276 3630 8639 12078 10391 17631 15529
11425 10700 19108 5550 19758 2369 2648 8382 3777 1870 18839 15832 18178 11269 6230 4869 17259 11956 13613 14845 19363 12723 1325 9815 8750 3639
4388 17999 12858 554 11375 5896 16063 14120 6500 2691 18144 8405 18356 8119 15983 9105 19851 2273 14190 7991 8769 5653 13474 8328 11118 12381
8759 6458 5447 10495 11623 7494 15169 19037 11635 7095 7950 17035 13119 9535 17309 7714 10077 4584 3614 5599 10825 7979 9147 2237 17432 19338
2941 4412 13874 16274 10446 7582 19885 12234 5496 17455 17027 14924 5490 335 15434 3295 11043 3912 3436 13917 13602 2016 9738 4687 13568 12579
9858 305 3461 5814 18651 11304 14603 5340 9441 10476 16220 16501 6435 6283 8920 9360 7221 10368 17721 15345 6160 16466 10635 2934 7400 15473
1458 19628 10906 13701 2927 998 11733 4491 8929 448 10829 15383 785 3133 17110 1432 3218 7707 12608 2604 9222 13104 6713 4343 1609 9639
8606 19933 16036 19593 7639 1788 9842 1918 13973 7116 19495 19747 8330 5883 17188 18488 10284 16477 11064 4273 18936 18855 2221 17089 16699 18123
15445 15649 5397 8804 6558 1478 7596 601 648 7962 19275 18537 2117 3736 18407 13378 14498 12876 15359 5545 11650 9419 4921 13870 19456 13373
9410 3393 7341 12016 11082 2073 9811 10296 3763 18561 4680 17939 17218 5017 5120 8912 6329 10489 18020 14277 2725 19734 18342 19217 17917 651
18622 10281 7219 15760 7719 19936 14108 9524 10096 6831 17204 234 1285 6386 7442 13248 11586 11104 12978 1813 5414 3501 3084 16228 14225 4210
11504 10216 1894 16674 8276 18633 3580 3067 17938 5691 14903 1856 8521 8571 13312 12947 590 7220 5609 1163 1572 12840 3532 10560 2432 12536
5432 11959 13167 8970 2930 10379 9932 8968 17098 883 4471 3334 15076 15270 5040 11652 2547 18437 4916 4398 11466 2352 3872 15197 8634 2495
17554 17063 4190 11655 8405 10023 4622 1659 19412 430 2852 1317 18290 16218 15657 4996 5345 16745 14968 3647 7995 17077 19085 13748 17112 2904
14826 14051 11797 3478 7772 11279 1178 1161 5876 15780 1059 15694 7014 15725 7923 13265 9882 17618 17251 14289 12040 606 8116 13452 19957 18706
7772 8921 4855 1063 10278 12337 627 3675 8210 5650 5016 9334 455 8099 12709 14982 16135 17944 646 14553 12327 9747 12866 18836 133 15406
6415 1176 13343 6669 14542 3671 18201 6511 13900 12676 19339 10183 19511 15393 1075 8955 12965 3912 12100 15799 12185 13516 7799 14038 10863 7717
10637 15108 1297 5359 19317 5930 16005 10617 7852 18958 9426 15545 15085 6749 10174 10921 17178 11727 11735 9976 15092 2585 4500 16204 4932 681
10795 1208 7631 12141 19174 5712 11350 759 13984 11761 8122 6950 8489 5512 16625 2694 3395 13170 16223 10829 9108 14947 14630 3469 2947 7490
10146 16584 18453 6587 13548 13907 16179 92 3157 2304 341 8000 995 16936 11672 5411 16102 16071 17156 17378 2845 11856 12331 19369 727 18504
19118 12392 13015 15588 11610 15623 14919 6273 457 3371 8931 4785 11880 4591 16252 9545 16849 17978 12372 13052 19104 3480 8697 16167 16001 300
53 6742 14394 6488 3504 6543 18333 10837 12454 17707 15157 9406 11754 11232 3469 13050 11875 2200 4952 8595 8856 3806 9446 18002 1188 17195
8002 8723 16039 14314 2786 15993 15626 5159 9840 14500 1413 2936 5793 12882 13562 9422 1058 9815 17073 7752 11161 1929 10298 2157 640 14236
19756 13468 17357 19459 13669 18701 16142 7263 6975 115 7330 9553 12062 7226 14542 6080 770 15613 3978 19549 9138 19480 7570 18847 9927 11828
18681 13575 7531 12832 9262 2864 3373 854 8766 3237 18645 1811 16119 17487 1941 10711 9686 16664 1894 15112 5283 2175 12174 13859 19938 10488
3705 9170 11449 14935 15618 5783 18698 3797 1838 1657 148 5611 3091 1848 19002 16044 1648 15305 8257 4173 7159 18804 16625 7256 19574 16693
10632 8036 19514 3044 17762 18520 16543 6129 15230 14986 14722 15193 16868 5821 10288 16324 5100 14466 6704 1706 5429 4511 13240 15949 9788 16622
2591 368 10479 11783 13257 16092 18392 4595 16498 5018 18734 7046 3755 11902 10339 15702 10177 13449 5801 6059 18902 10595 10223 5448 6835 5285
10971 15850 4551 4146 4116 10470 14409 16089 12590 16296 14252 4899 6214 4094 91 15404 8186 9084 2380 11437 7288 11624 16986 9685 8891 9175
7757 15308 6920 8464 7099 13430 17753 10102 16029 3436 6711 18586 15861 6167 15443 1078 8211 8300 7069 5060 15142 1923 11788 6745 5612 18433
18870 14657 12971 10432 15591 9536 15083 9914 9020 11672 15457 7445 19764 1870 15791 14275 279 2236 1652 19936 9508 5253 9424 7249 15372 8529
4322 7471 3898 3145 8821 8171 15854 1143 4662 7950 19270 561 1780 13239 15244 2465 5789 13203 8585 15633 4395 3766 5551 2280 6545 18334
16220 4042 15833 1210 6394 19559 9636 2015 11075 7543 19270 5112 15520 4399 13466 11582 13283 13936 12611 8003 1634 6367 10107 4575 1311 5980
1891 4503 1194 14718 1403 11124 4368 33 865 5110 1811 17902 19973 4333 13673 13691 18565 6529 1042 19727 5138 11035 4837 3614 15065 8980
9336 16327 12576 6060 10016 12191 3135 9933 4466 7143 4975 10139 14421 8 17749 1218 1634 7417 12177 1105 19189 16023 12983 12138 12455 13109
2624 6566 6572 15955 11600 16637 1079 3028 15424 7302 8973 6829 11264 2769 943 17716 4187 2981 5773 14494 12924 13082 10648 18460 4367 7740
14178 17673 13410 13131 5364 9676 10460 19801 14090 13369 3826 1877 2557 7936 9425 785 5688 11114 16478 7395 4829 7556 16413 737 4026 4121
5981 2889 19404 9683 12563 2393 13258 5477 6674 4626 2408 18280 8002 9528 16029 15604 18890 1056 9075 18044 14188 5203 19028 3604 11834 9681
4346 19896 14587 17421 12725 6554 5926 19641 12312 11409 4754 9526 10698 17060 5107 17964 12212 15214 11065 16549 14269 852 7112 3894 13680 776
8831 6454 18276 11351 4697 5892 830 11770 3128 16420 14926 10727 12094 1866 10368 14065 15613 4577 13372 9496 16335 5369 2421 8260 14129 7278
3529 4699 3731 12235 4211 4173 17963 17553 16838 15765 17501 6273 7963 11315 18991 14051 9732 1591 3658 3783 7937 16743 17742 15005 13041 1897
6649 2343 1947 16560 19460 11205 3698 14171 5263 12293 4363 4469 9460 6487 8683 18005 18338 8303 9544 4838 19081 19317 8644 13028 19339 528
17744 5354 4929 18345 14650 2648 18466 6350 1068 15467 7861 9537 2962 19085 15856 3235 818 2627 17200 3205 2748 11964 7125 18227 2794 8123
4764 17296 12206 3960 5352 15139 13976 15438 14442 7643 15030 18817 11907 13099 302 8515 4144 15058 19126 18745 10675 16583 14497 12076 1453 11422
8007 16619 19039 13662 11908 11234 17473 14827 12667 15404 5509 16897 13583 15955 18541 17645 181 4454 11275 10638 3758 12468 17726 10981 11681 1082
9559 7760 8663 19742 12898 839 19777 7100 622 6451 10102 1398 6398 8524 19497 1356 6031 11335 1541 14287 6596 16002 3457 17887 657 17652
18993 16079 16425 13186 17263 14212 7550 15128 2222 12674 3908 2460 3144 17356 14169 8984 19081 10699 1424 3067 13099 5983 6073 1059 7074 1421
2319 14140 13150 19841 17735 15168 3874 7653 19224 11512 3685 14545 10307 1981 1332 4763 5783 3477 9607 18849 11540 7733 8942 6818 8230 7397
16950 15018 18629 19529 12809 17370 6434 18547 12490 18070 5129 3759 10978 19580 16927 6808 1003 5196 2533 4425 17178 16824 5370 11300 16947 139
18847 12074 13384 16955 13916 11838 5691 16733 3466 17495 3792 9193 596 10905 5828 16295 11533 11046 7422 9257 13588 6460 13187 5989 905 7220
12643 7479 11584 18649 1358 12581 4237 15970 8686 18204 4796 16931 10884 19323 9529 4951 2511 8737 9190 5868 19829 5844 1222 950 10961 14207
7148 7564 6120 8844 13389 13663 2387 8626 3969 5037 17151 1506 18485 10470 17302 2758 12197 5029 6289 1141 9671 9417 9251 3305 5872 7382
15620 4298 15073 1082 8195 12281 13283 16895 13398 5404 19536 18780 9 13408 13874 13278 16681 4910 2412 19246 7084 2830 11924 9998 8080 11716
11867 18879 12378 11061 9109 16288 6114 9208 9040 4139 19322 18931 17298 11091 7782 17016 17065 18755 9935 7012 19315 8191 7707 11079 15598 6070
1381 10709 4612 12057 11923 1223 707 3765 14054 12037 3967 8927 17021 12157 12400 11501 11478 8071 3756 6968 12765 12328 19516 11449 19982 10128
5610 4325 14153 9383 9128 2274 757 19745 16546 10373 8606 10772 7049 5611 187 12740 8188 6406 7933 18236 6114 12109 19129 7346 18898 7013
2234 720 15284 2706 11108 108 4454 5450 14241 12217 4917 14507 18503 7958 7767 9228 18931 6383 918 16947 19188 14101 12463 2063 19517 5173
11105 5975 14027 3516 9845 4895 11557 16623 1918 18529 4207 5439 14914 10955 5228 14355 5632 8433 19644 11073 14447 4092 14581 1400 16305 15930
7995 6641 8169 3279 3892 14995 12450 18572 4266 17774 1406 15493 13071 5458 7771 14222 1169 11725 18401 6057 16634 18633 5322 6721 18690 11782
19965 14649 10440 4064 6636 18236 9321 19088 11776 5856 2727 10970 4562 8265 14500 9700 13265 3771 9136 14354 14693 1088 15979 14599 14515 11189
13827 8479 6229 18864 19623 4328 7903 1365 1378 14321 16939 1143 5690 13431 4055 7637 9346 13405 7694 11875 17112 15060 15053 12481 9645 8464
16904 13379 2712 1490 6016 4909 15524 915 14874 17985 13316 14542 17015 9693 11889 15246 712 19243 10010 9276 6092 14917 14524 9130 3714 3267
11679 14015 11559 1125 16361 18903 15446 4341 18760 7593 16207 1124 8927 14732 5981 9510 19287 3376 9400 2805 9084 3412 15097 3391 2253 17913
11386 9873 11686 18089 4724 14345 11695 9697 12341 8994 19725 16223 18403 19568 15156 8576 18967 8541 17063 6270 13214 11401 193 6638 6373 17713
5776 6679 13283 10116 16204 7408 16274 18883 7238 14792 3235 7357 560 18017 964 19302 14560 19633 18086 11522 4037 2612 17832 13556 15553 18389
13122 11521 5813 15504 5507 11284 16540 6547 5750 14439 5167 19410 1879 12949 14697 18204 14777 6154 15986 16382 5203 19004 4014 8398 17404 8401
9215 12134 17231 9588 14320 4702 6097 6007 5660 18776 19692 5946 6836 16384 11918 17653 5243 6992 1429 4391 2909 18553 18155 1136 3683 4556
5626 17480 17373 6707 8196 8012 482 9308 11980 4438 16948 7728 10195 12266 4901 2395 19600 10959 5964 9210 8542 12207 13923 518 13244 7800
4797 3845 18159 19829 3155 12370 7640 14662 12128 308 13636 6272 1723 3978 3347 15020 16644 3554 2366 14067 7540 2479 18143 19121 13188 14665
4509 19857 12954 15655 15118 18731 9921 1908 13286 12995 4732 2313 2423 19400 7204 12168 11335 19218 17170 14880 2654 8199 5632 88 14483 19359
18316 11671 8948 16389 17886 16924 2479 11029 7250 14752 3607 11791 18761 7211 11635 5134 8667 192 7726 5535 6737 313 8267 9223 6756 19008
2498 14274 6890 14805 14074 8926 5715 17353 2733 7878 2168 4231 9765 13012 5134 3740 7831 16587 8708 14254 13834 14317 15191 19514 9989 19591
13319 16309 18001 8096 11469 4820 11021 16302 14524 2476 16280 12286 11231 13094 2522 13031 7061 8033 11988 5621 17171 5632 17002 11694 14567 8652
2704 18268 1017 17810 15043 4803 7102 2055 17757 1143 8794 11764 5190 3548 12650 348 9432 7167 139 14394 6869 6753 12357 7360 17637 2774
10295 9142 8196 18698 18207 18895 11633 19620 17771 17697 10064 7270 13852 13369 10739 400 9787 11098 14755 18438 16973 860 1819 16935 11421 9362
11395 2966 11418 8213 5390 14492 18483 17272 1420 2918 19619 2021 16880 6922 19057 17880 9088 13193 10010 17951 12433 9243 19383 3903 1056 2748
3182 14725 6257 10265 3482 10049 6896 11871 17821 14331 15363 13822 5517 2553 9317 9117 10054 5283 5470 4002 774 16250 6035 17863 15310 670
6903 14090 6184 11919 17180 6444 7062 4474 8362 15372 7594 1255 10588 17545 7229 19616 16421 17839 8777 8689 10694 3049 6316 9468 5739 19011
17671 6500 1777 8405 14683 10717 17145 6779 12364 8354 2689 17840 633 6318 608 12323 2119 13161 13641 9789 5607 18682 11802 3649 4849 12762
1810 11638 9332 10025 16750 9915 579 7107 8982 6615 4553 11714 17839 10566 11377 16223 6512 5000 16936 10789 8053 613 18450 2899 15886 12515
5799 10580 18095 12233 17885 15120 19072 12463 5697 3449 14877 750 11328 989 9745 9186 5199 4637 11690 179 9291 16414 1546 11205 4559 17526
8381 8844 17834 14443 4265 17921 2393 3408 9977 7504 7026 7389 11692 5814 12458 9512 1433 4417 4827 2452 7933 15984 17588 18091 18712 4631
16308 7061 251 2277 17934 19010 6626 17126 12502 16074 15933 9042 2994 8349 8081 1419 19439 19884 1792 18781 18186 13654 17227 17598 826 5835
2434 1230 1489 15485 18475 19731 1765 14933 16668 14319 4986 3544 12303 11264 13710 614 6613 16087 3632 8187 11872 9138 6735 6602 18352 7348
2478 191 14030 9158 13189 11346 6858 992 10543 14788 3799 1754 3364 5049 12744 6812 14939 14414 4829 15718 18817 8795 15683 12795 2222 282
14313 4614 5441 17602 10003 10896 3695 19301 457 6790 896 10291 14748 4696 2208 17407 3174 4268 18329 4171 10811 11006 15491 3527 3220 10454
18133 12488 4730 19075 18843 12485 15999 18713 1047 7339 5133 18729 8603 15264 3027 1571 18862 3264 7810 1909 5244 17110 3323 14643 17274 3567
5682 8032 12242 3001 14754 19175 5095 14108 11081 18802 12106 17935 19141 14133 7170 6471 19858 2703 13801 5037 5426 2242 7020 10653 3585 1136
10079 19631 13525 1422 13197 11072 6222 7984 2211 10711 6632 8818 7900 6864 2780 13642 2268 992 8077 14613 19931 2641 4396 11892 3822 9331
16230 13181 12688 3168 18328 2509 8049 2440 1373 7177 13006 6 9724 16168 4147 3053 2666 11392 2304 9851 7616 10165 17769 14514 2619 639
168 854 5887 1852 6441 49 13812 9841 9818 14233 8633 7183 7590 17395 15538 16120 16786 6166 4044 1497 145 10566 1389 19555 13648 15926
5976 2935 8200 6709 2470 16738 15659 8807 13512 9748 11281 9486 16647 19681 5656 7219 13463 8662 5714 12541 13325 2104 13368 380 1388 3529
18048 9040 17691 15667 12141 405 12747 2863 16778 19984 17327 2647 12233 11065 18896 7619 2747 9144 14782 15375 35 9228 19996 8537 5125 4125
18418 12762 7721 6772 13735 16931 497 9276 16456 6892 10119 19554 10949 3743 7672 4584 13892 8887 13196 14000 5283 2235 4489 17412 4431 13776
4735 14508 12967 8098 19065 3384 9522 11151 6750 18129 2829 15168 10776 3826 7053 2760 18474 9415 1083 9286 6531 185 1315 7446 7705 9839
15578 19835 1962 14728 4089 3627 8452 10204 16697 10344 1663 2277 2445 17392 6326 1432 910 12075 3381 7848 3025 15909 11898 18703 19036 18830
7430 18936 10115 16309 15730 14207 15677 10757 185 15234 2826 14556 4017 171 8504 19183 9162 5689 13470 13260 6801 8547 6523 8138 4426 8956
11449 13348 5675 11551 19390 16519 2989 7652 6798 2786 5869 12079 14325 17808 19909 15711 11142 9554 13487 14924 7030 3560 18312 4205 2507 15726
15879 1069 17034 11783 15492 14203 1815 2057 7238 6347 9358 8117 8122 1365 18695 7095 3302 11298 5125 14200 9954 5850 16623 18876 9397 10135
13198 7708 6835 2366 10118 9239 12650 13589 4564 5597 9540 11471 16986 12845 17243 9591 9661 2085 14955 6889 8130 3831 13201 17792 19148 1051
984 19869 18370 4564 7892 13392 3019 11066 9764 18344 11470 4825 18306 18667 7019 10699 2535 3398 15570 18842 7895 16161 9894 14617 18977 1697
795 3035 16145 9763 8324 8627 7337 11574 18828 10766 12967 19688 13781 17158 14233 11100 4221 7908 10949 19122 14485 8428 16037 10929 19517 651
2970 17107 5992 15085 409 7651 1881 15463 10564 14742 4697 18639 9428 19895 12446 1554 14470 5724 11691 8031 8978 11659 9924 8670 12657 550
16570 8902 5288 9191 13526 16649 2057 10714 14505 6513 13527 7437 539 19382 19094 16146 19846 19786 2760 12855 19311 15542 17797 8253 10922 13687
3425 15295 15268 14466 1894 12316 77 8419 4146 18100 6601 4084 1854 8095 18886 4226 17229 18176 19601 13269 6474 18972 19384 18799 15670 18709
6285 16683 1600 13334 2569 3034 17530 18840 10095 3037 4065 19773 17490 1282 8250 8703 19731 2914 7554 1304 13440 19585 6246 8232 15833 14247
1672 2519 5796 14143 12319 14442 1052 7992 2897 284 16997 17943 10615 13133 3443 6765 10775 19229 16102 3567 6115 6916 14315 18051 10323 1582
4349 18353 1558 14568 10900 17984 8169 11804 4385 19381 16607 6723 5233 8818 15794 8049 15744 16275 5656 2978 10922 5534 14129 9331 999 16359
10878 12360 8717 9924 18069 8677 16298 8846 15031 14915 8812 12330 2410 17927 14777 1672 3730 9319 17962 13965 3783 11228 13823 9758 16401 3744
11792 13519 7932 18253 16863 2889 988 1984 19836 16597 2432 13376 3945 10313 14586 9857 14043 18027 5215 15349 10414 12686 18716 14640 14453 8192
6207 6343 14367 13164 11689 7149 2121 16147 1975 19134 6125 14659 7841 11300 7153 18167 17968 3583 2586 3155 10477 18240 14510 3542 18447 3495
15622 5306 14757 14815 1921 12668 7907 13816 6633 11748 3758 10637 5306 13934 12788 4074 19338 14163 15545 13965 11149 7201 6307 18402 11385 19810
6167 2651 2214 12258 12461 4076 7279 11455 4312 17497 17470 5843 8826 18306 12424 17120 7361 5238 5634 17936 16087 16897 4927 15897 3749 8209
18354 1162 5713 15648 9826 15229 10030 9409 17924 15678 9641 557 1935 7286 6160 992 2329 10988 9493 13445 7709 13473 14391 8422 11255 13554
13718 5067 11185 9402 12422 17538 3949 2611 14147 18082 6635 8659 15277 5651 632 7263 7383 15547 6969 15240 13333 6506 6036 4181 15753 3153
7836 14846 5203 9306 14126 18751 1114 8932 16484 8473 12402 8684 18721 5102 18829 14981 14461 1680 1103 9036 14043 16040 18207 9459 16798 15070
15348 10189 2671 4309 10369 867 8575 18998 11014 10588 9839 17999 14947 2466 6622 2699 9279 15950 2052 4905 7097 13314 5545 985 19775 9060
7091 4095 694 13272 19219 19357 14746 16221 6953 14049 12576 3409 13938 1855 19464 11515 8078 15080 13960 18931 18999 8340 11069 2241 10207 14714
13868 12822 15981 12872 5708 13988 1312 15479 10663 14828 14222 11365 1886 18226 2228 3072 13849 15963 5492 13387 4997 5913 14566 1776 7634 6511
3374 12535 15852 11415 19099 5014 17270 18874 17974 19975 16242 15695 8392 11115 14551 11357 6559 5254 4139 13859 6873 13505 11829 1975 5362 16023
728 3648 11887 4531 17098 13200 11510 4908 17060 6922 10217 19721 284 19905 9541 10386 552 17248 11954 15219 14451 11805 3227 283 5342 16389
19584 7031 3712 14351 12812 19283 7282 16385 18842 15779 19652 9628 8064 9171 11781 13887 13913 486 15664 9850 2209 2340 7988 12068 951 950
13952 1053 12039 14935 993 4122 4627 13575 19708 6096 4945 389 8872 7555 13310 12492 2086 9131 10810 14011 13303 14538 13060 7574 17229 16697
4487 2219 4656 8838 10577 2901 17812 11673 4780 17463 877 13486 778 2460 12974 14528 8510 5970 5495 4489 7681 7310 13936 11083 7073 7007
17822 11077 16734 13439 424 6647 16029 2464 635 11552 15678 19299 18388 18861 4405 2960 14166 1233 16852 325 13508 4830 3115 7378 3748 1294
6873 11484 18616 1826 15826 8967 8748 9603 4876 6423 10337 7831 18579 16211 9473 15244 16771 11272 12026 8123 2596 12674 8303 19694 10327 303
265 5843 7570 42 10606 8493 8775 4033 15552 2524 1054 13036 5992 4830 7070 3282 17393 10493 9814 14718 6317 494 16391 936 17507 3142
9335 155 252 7373 2834 12184 6318 9555 1622 12799 13595 1151 18638 8388 1386 1462 12920 7356 3910 15353 7919 6986 16697 1532 14597 110
1910 3010 15941 9455 2928 10611 7361 9436 16143 7010 9537 15776 12902 14301 12870 4002 2038 17134 11806 18542 19517 10474 19010 14132 9598 13876
5772 17733 9231 13710 2209 4020 5415 3418 6864 15395 19964 103 10872 7183 11821 1351 41 12907 3813 13026 13656 6319 2956 12985 12434 4608
3391 17902 8594 14602 6835 18868 7750 18291 8591 12734 2186 316 6729 3268 17447 18155 6307 4041 4192 18868 6086 8076 3537 3058 10953 9486
9756 14875 4239 14952 9713 8217 19070 18970 18764 7525 13341 7016 5440 3545 13343 18075 11967 14250 4165 16356 14355 13492 2384 3504 2210 9085
19083 17671 13105 6480 13248 3749 16112 1174 18150 10380 4127 12006 155 12797 5980 19683 12231 10381 17198 6026 3667 6345 13764 11574 5210 12699
3057 11084 18885 9339 18930 3924 14044 14853 4407 17068 16399 9928 592 19964 6052 5078 6050 18622 17769 13597 6512 6980 2200 18606 19182 18374
11940 6177 7053 2193 13048 5679 6149 12575 14547 5704 9050 19443 6003 14199 1733 14647 4852 13556 4694 945 18071 11150 803 7248 14938 12570
8797 11515 19515 4781 6539 5543 18085 358 7084 19575 5646 11222 7117 1272 11826 12322 15360 8857 13360 16160 13681 11094 1188 9376 8315 6063
1599 3167 6788 3646 3204 10761 7780 8543 5670 5500 8638 12157 3030 8263 16734 13167 17900 14518 3822 4302 3936 6418 2859 15416 15999 7144
8392 19505 3210 19382 5332 2375 799 19788 9779 8318 10116 17845 13082 6089 15901 7116 1708 15511 4725 1273 5709 3608 10064 12317 3860 4711
18838 9443 10547 5850 15974 13355 17254 17342 17537 8898 6404 8308 7229 5658 1711 17181 6154 3140 2991 12901 3350 9939 18364 18774 13272 1429
10440 12532 17681 1748 6243 2267 19212 623 6742 2194 10907 19142 15007 8072 9889 6118 9350 17833 8342 6047 4766 15981 5168 15642 19998 11896
2557 16928 8773 4578 5348 6366 10807 7500 6044 369 14956 18609 14514 7520 8515 249 6513 1014 10321 3521 11545 10833 19849 19642 9600 18094
8599 5230 2813 5547 18136 8560 19602 964 10730 10316 6114 10777 2448 18334 15069 10984 19026 3740 13051 6346 9087 2113 316 18697 8418 1853
19162 11263 7585 13903 17516 19365 14671 4339 13632 19310 8346 15599 15878 15129 220 1864 19907 11758 15077 2670 12456 9877 1814 5737 18927 13573
11960 150 18842 9879 13784 8043 14625 15093 15896 10288 11348 11342 13319 4483 17871 17004 19780 4267 7853 19889 10957 5355 1238 13435 13243 1647
2253 19831 1401 18344 8849 15365 5215 8799 10730 10620 9972 12105 1809 11378 6489 14204 17140 9905 18630 10594 25 6936 2799 13104 9470 13044
19731 1448 4440 5115 9960 4839 15207 13299 18807 16859 1860 13992 4229 14041 17697 12791 16189 15925 5280 13149 6073 19464 689 8509 90 13127
670 4674 19687 13900 1001 6525 4983 9962 12422 18988 15185 3168 15087 19948 730 12624 2669 5307 18718 17907 7294 4159 15608 7803 19772 10775
1655 5397 14310 11772 18439 16632 3815 6405 4104 5284 14084 18040 11751 14643 9404 347 16314 16591 2522 770 5438 17080 10582 19043 14887 19525
16733 3274 8356 8635 1995 4713 12738 10185 4264 2675 12352 5104 11838 9874 19401 4887 10555 18015 6282 18676 18615 10581 18457 13623 8368 19899
5592 9576 14978 18185 14135 6023 16289 14109 9481 18902 14220 8649 7222 10675 19140 13099 14363 1310 15314 978 18147 16899 6717 5067 3720 14418
11277 19509 465 17796 18967 15018 8401 11216 14789 190 4822 7504 1975 14776 2709 17044 2545 9715 15153 4172 16536 136 6624 13168 3580 6806
899 13999 3127 16581 6121 18223 14565 2462 5851 2187 17124 17049 9440 11292 15496 10780 14192 5279 6812 18643 15086 1304 3489 16272 1678 3735
15141 5377 1067 11714 14346 10765 17753 19137 10093 12026 1220 18105 8832 16968 12567 4158 8182 14505 9190 10411 17309 9729 9323 15901 7647 2359
8150 19844 12541 15991 103 8750 6593 4357 11123 1190 19376 11381 12476 18992 7508 11591 9980 2979 19806 17755 17665 15760 83 10587 10316 1001
15947 8438 16751 16394 12129 9903 954 16172 995 19440 6804 19282 2511 13560 19272 15994 1787 12777 18305 7252 7146 6903 17825 13945 14774 16376
17495 10468 10634 14821 1935 15743 12721 11295 5411 18605 12756 4385 8051 299 19578 14088 9729 18301 204 16599 14890 2238 16299 19527 5999 4170
4767 3607 5893 19266 6457 19582 18675 13274 16487 11315 5842 9404 14524 16029 16146 13693 13037 8791 14666 10987 11950 692 14403 1128 2711 14121
16356 178 16901 11781 18039 757 9687 10285 5878 4013 15436 1547 16569 14057 2851 9728 10172 15067 7849 15365 4046 273 5402 8888 19018 7660
11076 9021 17223 19639 19183 4675 6132 6856 19374 12226 388 2635 9435 18241 7179 5422 11895 14538 15946 2284 15411 7959 11807 9299 3342 12833
8306 11801 2281 9394 18934 18293 11787 18584 6852 13059 15934 6517 12202 12146 19644 4985 13618 286 14559 5774 17035 12947 18780 18902 6635 2105
14912 19027 2784 5593 222 9651 17467 10776 19914 8262 15293 4084 6715 2981 13449 2485 18910 8945 5781 19624 15005 907 9788 11658 15058 18300
10432 9898 8775 11902 1883 5911 13890 3341 13017 2843 1652 3273 6352 7916 15578 12738 1791 765 3215 14802 11014 16581 7380 15157 6868 16676
11812 15599 17104 2822 16377 5487 8832 17765 1944 8645 15606 3506 13578 6797 6857 2429 11819 5637 13609 9019 7269 19011 12283 44 17283 5224
11170 17300 19835 10312 1392 11293 4858 7813 6823 9066 8178 6967 4113 4774 6028 2315 17490 6307 7238 1188 4179 3152 15681 1707 3763 16312
5452 9902 17683 6802 16635 17880 17057 5412 12061 866 9081 15902 9799 6872 16823 9598 7173 18439 11168 2281 540 8681 16413 19377 19600 3772
13660 1332 15642 17529 16844 423 7990 2825 19321 12090 18699 14668 7329 17751 17400 17631 5526 12197 8357 3015 12194 15863 10182 16587 11880 4736
14344 10606 12757 6521 5158 18693 10115 2712 12934 1772 2781 14355 16673 16642 17416 11409 16349 10421 16176 18167 14562 19549 131 12126 12057 10192
11025 11588 19003 18584 4887 17547 8949 5504 15394 12578 7132 5305 12062 4745 8999 13946 10890 17913 18397 4196 19428 19234 6312 8997 17882 8206
17859 5633 18248 8336 14960 5493 18199 15417 14593 18077 13352 19026 825 5514 279 4455 12326 14963 14129 1117 10853 14903 12385 19879 4069 12848
3554 16491 13825 8060 11425 10587 2801 4954 6398 9375 3898 18641 13774 10126 9356 13881 6376 4948 16827 5638 10785 3331 17405 11841 1957 2363
7262 5800 16982 15797 1632 18545 85 10341 18648 11236 15562 5108 9388 9380 17486 13903 3430 11422 17452 14990 2057 15868 19248 16533 3075 3333
13509 415 12830 551 19210 9093 14461 5757 17905 12089 11348 11362 11970 13258 13636 17238 3247 3671 11483 11579 1436 6592 639 3757 5486 7516
4939 12308 17201 12316 15671 3442 445 11935 9945 768 15663 17525 8429 6655 14594 9267 3966 8520 3248 582 7105 17442 19616 8405 16117 4421
15876 11977 10183 16759 40 8189 11821 1634 14732 6372 6150 16815 15734 1744 3847 15739 17312 7720 12120 9934 2742 5607 886 14006 4518 16027
10461 9467 1690 9261 14256 15988 18395 10274 9018 15109 18468 16246 6210 16727 14210 1861 17323 7799 16366 3812 2388 19536 11996 2875 5809 15232
16693 2865 5124 8735 6488 1434 10625 5461 8484 1800 15990 16993 11840 18543 19158 16156 16118 18958 18256 12224 10970 10262 1947 11456 13568 12352
3929 19747 9845 13592 18032 4866 4204 10004 1987 16972 13977 1964 14680 16445 8214 7471 1361 10659 7494 14399 1053 4462 6043 1580 9947 7057
17737 4160 11388 16107 11154 6323 18263 4024 8797 15994 15255 14113 18439 1262 1677 7295 18651 2161 8092 19569 12046 19728 7816 7756 7435 3831
9590 18691 9424 16526 6391 8597 8790 754 4373 2582 12996 2450 4707 8886 16341 413 2678 1580 2849 5187 18842 14838 11232 15863 14438 12894
19107 4060 9099 18453 18376 4224 19286 4499 14691 4573 4945 19005 17156 11887 13865 2737 2150 4401 4061 7804 19112 4789 17913 12733 11917 6274
15455 8756 15436 9888 5269 14606 6312 2245 15383 3933 18043 18013 14858 8566 7102 9600 10946 15727 5732 1926 2919 9329 18363 6138 17996 5382
18200 18175 216 16792 11743 13150 968 457 13498 16087 5649 7022 9618 1337 3351 18313 4506 1935 13008 15840 9716 19191 16763 18189 2189 13369
9238 2972 6814 752 5140 18651 5866 8578 2968 15856 4495 7639 8935 5777 10952 11907 13456 10095 1921 388 14755 16776 11998 370 10757 2861
15476 3938 3874 6860 8653 9843 1497 6584 12688 3433 3793 8305 221 1020 7296 12812 10978 5493 11302 3534 7632 8217 19427 6930 11425 12488
5541 19924 15247 19573 4726 16569 12411 17369 2753 4223 8471 12485 16669 17172 1187 16927 10619 2370 9572 9005 9971 17258 7928 11203 7469 14241
5294 17622 14511 2224 16143 11745 10444 17858 2323 12920 7463 2559 16044 9495 3034 11553 1707 2072 5767 8294 4480 18530 6266 11480 9055 6141
5455 6208 10254 2260 7376 8487 12143 8810 15217 17855 4607 4222 13456 6326 10095 11494 3298 17526 2937 12268 9649 6458 10988 18757 12388 11864
7522 18008 5221 10011 11331 3048 8592 16993 8276 19309 6911 11021 6894 1410 3607 15127 8706 8418 19569 7581 18269 1391 14994 16902 9605 2917
11240 13241 11478 2928 14162 1391 10918 13142 7288 3605 3083 19309 16719 7822 12161 17173 8780 2369 13332 16631 11238 19590 12537 2714 12951 16335
