365
59 23 27 13 46 20 84 15 10 18 90 69 3 41 77 30 62 49 63 86 9 88 14 18 62 34
2613 10860 11642 10587 6926 1056 12044 15413 11869 19708 18791 11296 4348 5237 19212 15665 16556 5429 10026 12674 15210 829 1706 10282 19139 11476
15005 182 12984 302 5010 16166 9213 8942 13830 2983 14671 5847 16939 9615 3307 12162 677 16636 16863 2243 15565 6624 3041 17615 13506 2719
6680 1417 11928 2168 6224 4805 5779 8837 12264 7320 19204 18840 14003 11865 14999 13759 11077 12507 19874 18195 17172 18120 3335 10529 14229 1900
9922 4167 14465 212 18339 6539 1097 12556 1092 344 12730 10653 15699 10888 994 3124 12958 15655 3374 226 14217 705 6248 9764 231 11788
19738 10818 16914 5785 324 19957 19114 16302 12422 4815 5522 9016 3311 7192 10622 6522 16577 14549 17149 10095 17481 4735 3186 11638 19650 1740
8766 10631 2670 9535 1871 751 7000 1265 7085 18704 7079 10445 7396 7388 15670 3777 3746 7666 7060 1246 6509 17079 18109 8207 17937 13814
8949 18731 2244 2081 15783 15189 11274 1349 8421 10360 6037 17541 17677 5573 12052 286 4722 3828 15624 12031 7504 10476 14713 5508 9121 12262
16655 122 14453 10799 2429 10562 6474 17034 1535 11213 12563 3493 9295 9670 17354 18744 9440 2551 10354 5547 14149 9795 1945 1853 7295 6651
13245 8568 11072 11416 3414 13306 6880 13224 11147 6234 2440 13653 4352 16064 6929 3785 841 14413 12459 8541 3325 18719 16035 19925 10482 5887
5182 19010 18573 3050 5390 17630 8264 16866 8995 2222 831 1169 9463 13673 16609 14627 15507 4972 4678 7079 9921 1871 12386 1485 18984 6403
15588 13676 19427 2368 7235 19087 2714 1766 13403 8949 7089 12606 15127 11183 8986 5443 1611 11758 14618 4502 6726 2876 5446 18627 5770 19346
18999 18472 15087 10088 15816 8088 5786 2114 11119 4308 16057 5325 7108 13341 18347 6254 18573 7105 14056 16439 14682 12144 5931 18961 1601 16038
4980 2750 8179 13925 14651 19338 13624 1054 9096 11335 3420 11904 10969 3615 5418 3215 9431 1491 9608 7671 778 10803 5721 12628 6906 13434
13478 14687 252 12816 1641 8320 3703 12241 11522 18553 10979 3206 18043 5746 8569 17451 9513 5170 17707 3771 14260 15384 2815 2230 437 14823
2337 9474 1919 6820 18058 5548 16197 3448 15381 343 6510 11472 15724 285 4906 7037 8411 18649 102 17451 16610 1365 7047 5807 7330 5501
19221 17857 13904 4097 4473 7155 5769 13980 1634 1766 13915 11559 14579 17021 15583 1335 14654 2990 8134 4975 15052 18376 10659 16568 11394 6301
5312 5021 14989 12094 15400 11391 11968 254 6351 120 9180 19302 15990 16558 18092 16449 776 17888 8171 7549 11642 12770 17502 12421 11877 14895
10468 13615 18600 16865 225 9101 1336 2113 2887 4015 5697 16773 4803 19776 10984 12926 1657 483 854 12732 14017 6972 4857 12333 3489 1424
8585 13391 13964 10488 1913 16855 8633 19723 18053 9546 18696 6358 9975 14910 11939 8528 8886 14477 19279 8792 12991 10633 8444 17318 5738 11959
1519 2093 2616 8567 10724 8477 1151 11110 3673 18434 14851 17624 3197 1290 5096 3046 17607 3369 9609 12982 19491 15288 14400 4697 3127 19610
3767 6925 15619 1280 7128 2888 17477 3876 18554 7872 4246 11552 4318 19982 8016 1067 3702 12872 12796 9430 19719 8201 12596 6580 8973 12982
5674 11611 6164 13525 10249 3565 7528 19910 13341 15542 7095 12193 11134 15961 17735 18329 700 14093 16178 19174 2335 6209 9233 12182 18168 16364
7175 14170 7902 1873 10791 1372 13403 8551 11347 10417 8645 5078 2686 19800 16206 13811 16919 12434 9793 10801 1129 9083 2577 870 2293 14016
546 3802 12210 3740 695 14439 11858 3444 11124 12973 4285 12170 7118 5927 6534 19912 17344 10042 12855 10666 16880 7127 12009 621 11469 5703
18772 18885 9567 7665 854 8763 7504 11905 16543 8847 11671 18492 1854 18012 723 9179 9647 16378 2677 10201 2480 14331 12564 19949 18451 2788
3382 2187 432 19750 18114 15319 17254 5620 10546 9533 1452 4971 1010 19179 8188 3021 9905 18213 7963 1225 17466 1047 13821 16565 17347 12083
14749 18904 9426 19744 6961 18497 9193 14174 2276 6121 14585 16004 4190 14152 19152 12692 15301 13514 10518 10261 6712 9550 16900 3943 9438 18806
8816 2745 60 11789 18068 19471 2579 7569 5354 9753 11703 3454 19672 10538 10092 8132 17046 9260 8980 16588 6170 3736 15118 19830 15233 4001
13225 19106 10176 1851 6081 15496 15481 14544 2329 18951 17013 211 11548 17120 18571 6596 1736 7353 19884 4525 15666 934 11821 9028 17375 11799
19088 2808 3082 19490 6876 6666 723 5843 12093 19792 12110 1024 7991 4612 17737 2539 956 8458 14419 3419 7974 1881 19799 14362 4010 3671
391 382 17007 11681 15377 9698 7455 19505 2906 16324 13305 6326 13267 8285 7767 4638 5239 8304 8221 6924 7658 12232 18828 15109 9944 15454
7348 13739 19675 2626 7331 17525 8211 7972 347 813 6018 6095 7367 4114 18729 15426 14047 1242 11800 12047 6340 5088 1598 1475 7512 15514
14403 9692 12323 10782 3706 14592 15135 9595 2330 4247 17974 14502 5525 8589 14339 3021 1827 13884 11480 17322 18768 2171 19012 2255 16430 12235
5565 9089 170 11879 8254 9800 2877 2848 4518 14214 1808 6971 10571 16875 7040 12620 17036 6739 3009 3227 14236 2394 4484 12406 5887 14617
5889 14562 2814 14023 2761 1120 17875 12752 10706 9746 18777 16294 2276 6345 5079 3380 9056 5986 15777 14736 19640 11014 11921 9037 5296 5160
1732 15325 13602 13501 1450 18997 2960 4390 4332 6334 6830 12022 6905 12601 11789 1130 19368 10061 9040 1211 4435 19599 9778 2613 12996 19846
12058 303 15991 7561 19384 19707 17963 3799 14531 10354 3299 2186 3469 15216 19937 12792 4781 4794 19671 14096 15138 7273 13048 3697 2835 15120
9229 8026 9586 10370 8623 5361 2217 6769 4962 17272 14149 12228 6155 7081 13779 19310 2001 1656 991 4088 6632 14441 18310 14517 14608 6254
12045 1006 6576 12818 17551 11011 13723 4090 5832 2479 8666 5660 12231 15123 6509 2535 12619 15742 19992 12833 2366 19361 9307 18615 18499 11837
9989 10880 14208 19863 1920 11755 4074 4396 3480 10175 2027 7150 9768 1365 13303 7008 6007 9238 5723 1330 7784 18649 11579 19152 18098 5431
7729 1561 9522 4388 5560 1593 1269 750 13464 2060 1914 1804 4751 11435 15287 14300 14592 1132 6433 11536 13317 14125 5697 6056 13232 9184
6645 18648 1407 19155 17024 1160 2476 16950 9275 18108 6832 15013 9850 3282 15609 18008 8006 9226 13475 7899 15825 8855 12389 16091 12996 18397
15849 13965 4323 8923 17432 16046 11815 14461 13473 16128 5551 4892 9459 14349 10458 4100 9188 15899 11162 13497 1597 5784 14368 4346 8325 6374
14288 19123 19247 7576 2685 18518 3019 4018 7804 18317 6989 11826 15541 6566 2869 9176 16315 14115 3779 13780 17427 15391 982 4193 5162 15350
662 4700 14415 4419 5189 3565 897 12156 6076 16253 12128 423 11800 3546 1196 14522 2540 9738 15565 18519 18088 5999 4118 10576 13470 19134
3269 7986 17653 18904 2058 198 2724 15726 15972 12582 19037 14508 7419 3612 6506 4920 1470 18524 6415 4480 18904 19593 10593 3800 5289 16932
16935 16034 16920 406 6274 1145 5864 17015 6311 2811 13831 2105 2348 17521 11635 5051 511 6198 8893 16623 10785 831 19010 15469 8298 6525
5014 5840 2312 1202 8137 16866 15991 5374 4039 6668 7953 6342 19310 14374 4311 1213 194 7936 8371 9498 8928 17778 18664 690 6663 753
3484 19436 1053 8252 6866 9455 2821 10945 10423 16956 4486 12596 18047 720 16652 11054 11814 1637 7903 16058 5544 5506 799 14143 6952 7256
6130 17405 364 5921 14548 101 12527 19234 19 18482 7100 13354 19448 19431 11598 2437 3740 18039 3051 11926 6440 16781 13651 519 3954 16178
13123 8042 5532 6907 10288 6655 13374 11920 14091 13701 11285 821 5949 10553 10179 13386 7350 1875 5299 8348 3145 11651 5426 8958 1038 13274
11453 3901 13634 7391 18339 2468 10583 8358 19749 10273 3537 17767 6664 681 14881 8045 6947 16609 9903 11205 3638 6678 6622 3240 13579 8203
8893 2049 17456 12904 17316 15108 15310 15806 4740 12327 16682 17357 1727 2056 12836 1244 14120 17892 9392 15412 12658 1254 17508 11525 9622 1608
18046 2905 11693 12235 5865 3255 8228 14642 9385 4973 8710 8378 3944 13261 16311 16941 11518 12969 13213 8600 7002 9867 2501 1980 9900 13170
10782 14071 8282 10828 6170 5102 8347 5816 15245 12177 12145 14185 16682 487 6493 1945 11050 18692 18336 13164 1151 7587 352 12472 8144 13097
11818 17909 19470 10981 16888 18189 4287 5839 14552 4364 7042 9093 2190 4825 613 11777 4312 8470 13852 7235 6359 17026 6121 18048 12683 4712
7056 12307 3435 15121 18556 2709 17979 6589 2059 14744 12719 11067 1949 14739 3851 548 17731 825 4011 7279 7200 4281 12438 7006 101 13721
9150 6909 12277 6104 13684 7812 14254 18729 5577 307 16470 2303 2109 2085 4474 19453 8122 15418 7555 7051 16447 17313 3941 14325 7329 10786
13951 2272 7673 10604 4433 12604 5981 18854 8224 1232 14036 12532 1640 13647 5098 2449 7658 8319 12828 9772 3355 12555 16890 12353 18464 14535
7773 7592 10170 7855 9407 8937 18952 14671 1738 13448 722 19819 17722 4018 15394 17055 12569 8110 1438 14422 15725 4423 11335 2267 8399 12278
10720 3464 10586 18883 6805 19365 19143 7347 6077 9359 12028 10647 13156 11781 14187 6528 18654 11180 11808 14977 2950 9031 17211 3691 1125 19362
11965 5630 17702 19076 9484 16731 2876 16872 7428 2662 3296 19411 6126 17422 18080 3291 1851 15300 16152 9707 4471 12979 14998 4103 1437 12239
2985 18400 3662 13189 6193 14587 10279 7821 13228 14567 18873 4165 2168 481 13283 2450 13426 3814 5972 6956 10244 8708 1712 11747 16294 4216
12892 621 13422 9559 8087 12411 12354 12557 12751 3254 2774 13465 5695 15391 2894 1859 11217 10168 1083 8336 5716 7498 19134 6051 4852 10535
19485 12383 4115 16667 10895 9664 4623 12840 3524 2882 18375 1245 19490 4393 5462 12387 6530 2710 15371 4507 10192 5350 10829 7617 4521 3149
8765 14162 1834 4281 8450 10434 17263 5532 7338 11314 18015 10240 1851 6702 17218 15445 19053 16739 13275 9543 6967 8871 7149 18410 2291 13141
19714 3569 15000 19876 12455 5918 14616 4624 279 18700 11623 16666 3386 18605 12432 859 603 19643 6346 19197 18188 469 16184 9469 9832 3009
3873 13860 12728 8689 5273 14183 17159 13083 19711 2405 13202 13936 8864 6090 166 16666 3873 18682 4647 14189 7705 6926 9213 19316 15336 18745
6678 14470 15959 9297 9261 13582 5132 19146 5427 1341 9631 16852 11653 11920 13308 16268 6168 2822 3397 14128 6715 3967 12231 17869 19448 2308
12454 420 15620 11972 14616 472 17863 19 8871 11053 6839 15064 3332 3024 1227 3208 10534 1546 19656 15892 18180 16534 309 9805 3025 2003
17360 15136 3310 3629 15045 15507 188 6961 14624 4815 13706 13427 6208 6857 2474 5083 4348 514 7053 503 4499 13318 3598 1254 7055 778
15413 2690 19361 9441 12307 13854 8887 4306 14559 13867 17634 1281 17747 4527 5491 9886 18379 1457 1032 1356 7290 1801 6176 13869 1638 13165
16456 3940 10589 15343 14813 18527 18300 4726 4319 5560 18911 14578 1538 10348 2523 12561 17116 14624 4479 11711 17868 15520 18381 13260 6256 19302
19054 11032 11258 3616 11550 19730 16904 14396 12999 2311 13372 13943 15515 17730 15849 11431 16997 11678 4538 1359 14511 11014 18295 2546 11206 14107
10216 19822 14365 19433 9166 5774 18110 12424 8203 3846 19252 6332 1542 2974 17213 1081 3019 3245 6328 7365 1794 18532 11047 10911 12418 19108
8947 7926 12282 13877 19132 12427 6665 935 6067 485 10074 4031 4442 13753 6816 7097 9934 1132 13080 7895 19346 3172 15688 13840 3922 14476
175 5437 13545 14836 7987 4856 11825 13372 8473 7922 1125 38 8959 4464 10300 1112 5385 2462 19747 3912 16924 16902 17826 4962 5734 19343
5378 15057 18046 4125 17452 5021 8430 18862 18596 1906 172 5057 19528 12888 1540 14702 10218 5502 5549 358 7052 15670 3921 3177 8958 9352
4764 2193 11279 6955 8260 13059 16538 3889 12189 2249 817 17681 6674 7465 12575 3030 15215 241 18652 8718 14315 17984 16822 8442 15052 59
6881 588 6486 5942 13895 10318 16992 3929 14676 1019 14748 6232 14234 18379 6686 11783 15483 7336 6667 1367 8410 12714 543 12034 12685 19391
14893 18480 15902 5424 9215 9386 17818 8146 10281 785 4387 2679 19603 11932 16286 8705 3292 4267 2136 8158 17708 3337 8912 5339 2411 17547
9511 5702 18076 2623 6984 6680 8505 311 200 13529 14628 3784 15250 2587 12 17751 12688 10488 1940 1229 17929 778 9906 12387 1580 15649
10668 11910 12195 15169 4083 12400 9932 18042 10918 9589 1204 15599 17936 3917 10646 19134 5469 9687 6837 1706 18260 8393 8560 5872 6754 18729
10259 18516 15531 2676 6905 11879 19973 4961 2768 10227 2742 15 14 7314 17558 9049 4286 9057 629 4086 4094 12191 17602 17024 18858 10884
14698 18221 9002 12655 7772 6543 9240 2188 17563 1856 8966 313 15465 1965 1783 10355 5715 6239 14003 9070 15949 16746 15071 1153 4024 2809
8675 9038 16835 16471 4489 14355 12495 17651 11743 7918 6602 6368 14970 5314 15846 13966 14921 10229 10478 11633 9915 12101 11719 19922 7795 14963
9816 14835 11755 7106 17002 16552 9976 18569 8027 5533 11366 17947 15431 6129 11382 6844 2587 18453 15957 2633 17493 2200 7478 6413 13837 13007
12052 19047 18672 10345 7702 9536 13444 688 17750 19693 15439 12489 11213 18492 9846 4057 2142 2073 19447 19241 11641 1280 19699 17980 14340 17980
11081 8348 12664 11112 1327 16185 13000 6620 69 19242 19217 11555 18676 1581 5421 11620 5583 15543 8048 9737 9993 746 12341 8843 5579 11653
15909 8325 13810 13534 493 13068 583 6945 7818 1698 6989 9702 11358 8232 7859 6919 2187 18293 15517 7755 4160 16837 3548 6558 17865 14615
2815 1476 9806 10093 7005 9836 15950 11490 8353 7182 9340 13491 17691 6680 3305 17674 19820 12180 8765 831 6685 15863 4590 8032 5334 220
15221 3308 12799 14492 285 12291 18393 6444 9850 14125 1407 2125 9638 3975 15941 1477 1567 9890 17796 8461 2903 4806 4779 16083 8107 16438
11943 4513 8575 13214 10178 19438 12581 4456 16654 13004 19475 19870 14042 16533 13747 6059 14937 8017 5201 17659 19987 7158 2279 13779 8030 13610
17190 13222 9987 18646 14808 10778 14958 15128 16540 11772 2397 13408 3249 17865 4934 14687 10763 12014 17557 921 4953 2890 887 3672 6508 10001
47 2154 18671 8931 151 9754 2222 12863 5339 1860 6851 13420 10259 15617 11291 2161 18139 19709 19011 7078 10024 18900 5164 19508 8043 2084
12702 19267 13530 9664 9197 6230 9369 10015 14107 15401 1709 17106 7788 10438 9437 15276 8766 17545 2902 10926 15624 3270 9827 11458 3590 13716
7790 17440 15170 13564 7977 15250 15804 15830 13148 14755 6073 4372 1337 16519 2269 2622 11762 12893 17787 8068 9221 2979 15926 19792 16935 19434
17827 17200 2791 1812 8905 16080 4057 2034 2822 18375 17293 4590 1496 13717 11513 16062 16899 7943 2932 12125 6208 4089 5453 13582 18648 4480
7615 2405 6110 4048 4557 15560 4961 5877 7203 7713 13516 13355 4594 13776 3430 8089 15527 15303 8301 6519 17922 5401 5496 954 2044 3102
2994 11755 15205 17740 19536 16563 9109 17899 4543 5048 3003 1500 13168 15712 10352 11652 553 10727 7982 9098 18955 16044 3644 13820 13499 3146
12822 11758 3156 8117 18087 9343 3548 6619 18939 9502 7468 2144 2274 14295 9028 11672 19634 14315 9602 6995 7557 16452 7641 19892 14842 5206
19072 9266 5388 325 7403 4508 765 18856 19493 10486 6554 111 16862 15268 11135 9137 16759 11372 3497 4537 3284 5761 16439 1266 2989 4568
15501 13232 14583 17697 3007 8884 770 19881 4189 8537 3456 13621 13459 9795 19350 19412 12303 10169 14305 19496 15501 16523 7522 14967 5762 6311
15202 2252 12768 17172 19901 12672 15096 5562 18819 18561 7093 17242 2824 9328 631 16060 19300 16358 2942 6519 322 3177 1571 10992 2112 10870
14824 5480 5562 9917 15993 11732 16865 12304 14553 6062 188 12522 8504 19574 16116 17082 9607 403 15284 6112 10501 19085 2109 13945 14895 10831
6294 1476 5910 4761 19970 3018 9255 6622 2651 18015 11045 2474 16083 5463 5848 8801 18585 4099 7795 7515 4956 2767 14484 2330 1531 2545
17980 15886 8306 10433 14581 15637 17 12392 5064 13671 8392 14146 15314 7955 16532 10897 19167 8117 16238 4982 1455 10534 17278 1655 2149 18512
6769 18002 10280 13110 19010 5163 11835 8305 2188 19423 4877 19275 18215 7735 8489 4228 5977 16948 17259 18839 16960 1028 19392 12565 19422 6954
2858 290 5935 11633 17210 9366 5856 16023 9205 7371 2472 1343 431 15241 12649 11875 13909 6383 13731 5051 8042 11787 12492 16213 15245 543
18069 9997 12404 17989 1795 18768 16325 5122 8423 4452 15287 2906 7381 12257 11365 3144 2290 6329 4559 10346 5244 19049 11859 631 8865 390
14893 18748 3294 6427 4217 18174 7141 14106 11841 1178 16754 17515 11497 3183 18089 10351 5859 4364 14841 4612 1069 164 15331 15781 16069 18360
8990 19125 16714 9355 2961 11371 19063 12999 18908 19948 6285 14543 14516 9128 2935 10290 2361 7855 6656 6518 19012 8935 4351 13525 11806 13459
7965 11641 1337 11323 14148 13851 10302 17605 1965 9396 16860 9682 15224 4864 7965 16030 933 9220 9508 10815 3350 10758 9129 3243 12949 1552
3272 17189 6208 957 17299 16119 15818 17836 12247 16134 15480 19062 10975 15048 10534 17086 19621 1929 4506 12472 4945 8380 17607 3417 16592 6932
1090 1430 19508 13748 1729 17137 12739 6376 18906 14709 12471 12014 4661 10965 13861 2356 4212 3191 12487 1159 13116 13804 13905 19770 11602 16889
1571 7188 14681 1590 18118 15547 2543 1444 6117 891 14736 4021 10649 5724 10194 4021 4270 5902 16194 1488 14248 7450 495 16762 8079 8603
6220 8155 5201 19675 9206 9715 18424 12414 12535 18376 9184 10684 19769 4312 6912 14896 13082 10251 11435 1814 9502 9772 13391 9614 18327 1188
11148 5165 8901 850 2695 15578 7091 3659 902 15278 11369 16207 1873 7559 14616 14155 17127 10165 15885 14677 13350 18508 8557 9210 15894 11542
18119 1052 12391 11966 8136 2071 5330 13823 14801 17209 2853 12170 10424 621 7547 5367 19798 7506 3173 4136 10106 3524 2332 3462 8029 19441
1986 5091 9372 13296 18699 13218 4430 2935 18159 8272 4945 14291 9820 2822 12337 3583 11079 18088 318 2432 17489 15696 4420 3658 5794 16434
717 19578 6164 17519 19453 13930 2642 10088 12345 8450 6144 13985 5428 13401 7550 5864 3794 5274 10854 12338 15137 14048 11744 3602 14271 14770
12051 19633 17861 5278 3625 1711 8261 5013 19431 16712 4206 11835 2655 7519 4287 8190 12672 4959 8189 671 16581 1143 12082 8247 11174 1789
18087 4522 17382 1443 9128 17350 14004 5545 9206 3290 15943 16607 1247 6236 14149 12430 16015 13857 7757 13877 19380 496 274 19698 687 16790
1855 12377 5736 7523 14076 15378 11921 15991 2114 1850 14355 14342 18133 1237 16199 5225 12659 18722 14246 18231 2947 449 12204 4907 12954 3707
10152 18171 15413 9 6511 9515 13437 8048 13318 1111 16120 6797 1335 8623 18249 1693 15923 1325 8216 19325 10260 11031 9098 11276 19733 3763
13191 15177 952 19796 8941 6373 7273 14429 3515 4013 17471 13561 15344 13723 4138 16251 19547 8496 19838 6160 14343 9307 19339 7608 12375 3297
17542 9312 19130 399 837 15382 15866 18410 18874 17768 3425 3243 6491 1292 14093 13385 1313 4952 7652 8878 3732 11773 1377 8825 2517 12167
9317 6144 611 3432 18858 19648 3333 6991 8274 12315 15870 9217 16835 19278 6532 1205 16300 11535 9176 14837 11525 13958 8731 5487 16369 13291
16044 16683 1732 8196 6588 18365 9232 15081 11034 16408 12505 1857 10954 6883 5887 5575 12410 4891 11341 2871 2183 82 8582 16985 14489 2022
10472 2419 17715 2397 18805 13231 9703 704 6009 2811 18859 6670 10771 4428 19700 276 16766 12880 12878 18427 6092 9994 10864 1034 8894 12056
14652 17940 8643 18157 16572 9470 14087 18094 4078 8191 3561 406 8241 3543 3617 2427 12510 6637 2182 16820 19875 5705 12326 19538 5158 19944
7806 19638 7962 5582 13160 10752 10584 7783 12970 5887 7902 15099 9450 3105 12686 1702 4491 17232 11061 10248 14446 2537 1994 14214 15770 13203
7803 13543 4741 14519 15172 6226 14476 17081 9680 13892 12285 1481 1320 10239 6445 19374 19165 13928 5412 9395 2709 7243 11619 2124 995 5490
12471 11906 1963 15819 12041 9504 19710 14982 13634 12246 10482 7887 19217 12295 8557 956 12680 3103 10054 7699 57 11023 5548 9054 15209 1308
19586 6969 4978 5992 7750 10809 1325 3154 16889 17201 256 10884 11776 14409 14448 11267 5187 171 8700 11224 19158 1626 390 1783 12757 3474
1779 1141 373 9562 14625 6025 14828 16027 11403 9540 7169 2784 13677 3926 303 16512 17478 15344 4711 4110 19159 19931 18608 14927 3 17188
11488 3403 17894 17787 1665 12742 162 10874 16055 82 2974 10486 12161 11671 11113 14457 4709 14725 19699 18024 13165 2155 6272 4676 18165 18200
15744 7402 3619 19559 5789 5119 7482 4429 17709 16536 17790 16744 18266 19760 3575 18341 5132 14908 9483 10944 13180 3772 2304 14481 15385 17587
5351 4404 13277 13312 19674 15539 12088 7385 9072 5085 1651 15796 5872 19900 15586 12208 5106 2698 6112 365 6483 12999 16994 12109 16786 489
15348 14434 3245 15487 16817 2192 10569 19363 1402 19749 16001 18824 5715 18313 16379 31 16019 861 16101 7540 940 8445 5972 5445 2042 19685
1804 14545 11872 17306 6284 92 14042 12481 4302 9131 10132 19981 1403 8286 17512 18451 11169 10504 14432 6129 7920 3309 5179 6709 11833 13307
15135 8768 11216 13051 10705 7017 12006 19056 5157 10770 12977 12998 1353 9236 4868 18640 12116 1505 5105 16515 3795 8977 19980 4254 16821 5262
10473 10183 5105 15167 12037 14963 1777 1789 2574 3863 1833 8090 5776 988 7748 13569 5358 2600 8419 5878 6060 16264 15828 11095 2921 10810
9243 19694 17605 19580 14598 18239 11625 2295 15443 16645 18164 1005 4064 15471 3786 9347 8126 13460 5784 9410 17704 47 1239 9668 6663 11829
18499 16218 1488 3317 15678 9942 3399 5747 6154 14819 7519 5436 3873 18185 5403 3480 17284 1917 14397 15502 3316 14629 14166 15668 19227 1180
19791 8554 12835 3272 11592 10791 17010 8791 17509 11051 8589 18565 7038 19256 16257 3858 15534 16072 19708 5173 2801 6845 18226 12211 19949 12644
6632 8352 17565 15197 9178 10650 14992 19645 2749 3020 5435 17856 10597 1787 9256 5051 10897 5052 16544 7295 9340 8059 13127 16571 5592 7802
104 11610 11518 16217 5056 7103 4383 15479 6134 14147 14387 13787 17984 1493 4761 8853 7123 8213 7814 19302 10639 13953 9455 18438 5100 10226
14507 14491 4381 3965 3169 3762 11971 6207 775 12231 7063 10744 12559 11119 16782 13504 11512 17671 13593 14328 6653 8668 607 10975 11388 16433
9718 5780 8984 13415 5121 5503 1897 3647 9919 18535 10131 14177 12541 12140 4225 14680 1129 4895 8394 3547 19181 13112 4397 5612 8891 6309
4225 1350 4609 6745 8876 2044 13137 17966 14822 1986 624 3818 4076 6943 14144 9614 12629 14588 14820 4771 9103 15343 12140 14875 7307 5073
16664 5662 17845 11405 13837 1542 1504 6383 16044 12280 1668 14784 15619 1502 13342 3423 583 3830 9060 4322 15637 9290 19738 3108 17477 16074
1220 13886 13435 903 9182 653 12057 13355 1695 18387 140 8421 18584 13090 12421 3022 13874 16544 2958 7787 5131 7411 18791 16173 4866 4015
17149 17865 15607 8838 14685 3551 19594 15029 5659 2259 11556 1734 7982 11781 8969 404 16296 3502 16882 18135 17279 5415 930 11563 9855 1285
5794 4126 13824 1050 5044 13352 5079 2381 11293 11065 11730 2154 11780 16446 1392 8822 4900 14652 14229 10007 9506 5499 14451 15812 15042 5062
12953 7059 7951 6366 8649 5763 8267 17036 16448 5946 19924 2651 13404 19075 5035 1890 19051 17742 8910 17395 15539 1330 5682 11763 12686 2068
14053 6998 288 3986 8338 15884 1684 10646 18320 19333 10200 7779 6374 13516 18777 12112 17833 16871 13649 14308 3339 11166 692 19025 5543 19567
11799 13563 7803 6707 1895 5456 10915 1985 12143 16179 3978 11508 11934 19241 14310 16790 15996 16995 10007 3693 16670 9928 682 10822 14330 1655
19958 18876 8942 11715 6023 18068 4293 7974 5269 13711 2385 19757 13117 17796 3276 14639 17423 1385 5055 814 7883 6058 6934 8693 7222 14364
8833 1869 1900 4252 3291 2785 9770 4478 13458 3359 15886 16750 14085 12102 15293 14829 2790 14017 2771 2397 14895 5216 5527 17958 7294 11300
7939 6432 18284 11342 1622 9466 17258 15142 4824 13864 13456 361 13415 2559 9943 16132 1470 19595 5383 4425 777 6659 311 5165 17488 13257
7531 5289 7360 15067 7844 13342 13207 4440 3842 5334 1660 14596 3281 11029 11195 4389 10141 6888 12499 7552 11874 9520 6977 16832 11744 11479
13233 17370 11406 11264 16091 14727 18012 13440 15817 17936 11453 3874 18467 16677 8978 253 12693 12265 2743 12773 1454 8018 8932 270 11114 9880
9420 684 6254 160 3126 10532 6269 2204 10497 10621 14982 8175 769 4483 747 14356 614 3560 3153 5037 15492 4104 6721 2739 10212 128
6915 8378 15307 12925 19290 9885 18026 11059 7939 1357 10300 6874 15930 17890 19284 17584 12625 7223 5052 18988 2912 13697 18370 1102 19496 15965
18216 14490 9396 11436 15120 15143 6520 6042 6393 14302 2155 10550 14724 14244 8504 11796 18305 4003 16466 6999 16628 15991 11519 5701 9017 6497
9638 3881 3833 18702 19071 18492 437 3618 11259 7023 10707 3815 16436 12816 17870 2752 13650 7039 9220 19278 19810 15528 3865 13904 15404 13569
7294 6839 1624 16081 4758 10191 844 5144 3248 2835 9863 1433 5956 12721 16527 3687 1821 19079 3734 4359 4881 221 11347 1625 7511 10234
2273 18947 19541 16993 17046 12588 5298 18675 19515 420 14159 5917 14284 8429 338 12099 1962 8764 12639 747 4591 5693 12778 7868 10079 15339
8723 4791 18208 4433 3312 10764 9910 13384 13235 1437 7204 8899 4241 4040 4085 18198 7016 627 12044 15939 10936 40 6144 5559 18335 16594
12573 9520 7684 19154 11721 4563 13301 6626 4899 9163 6699 3537 2569 680 3107 1402 14842 12777 5410 19149 17272 5763 11444 8237 15778 6515
12861 749 6723 18056 11341 1987 12431 3747 16005 15237 19936 17472 14721 2109 4584 19522 11974 10176 15573 18437 13477 10527 11380 6181 537 4807
16224 17555 11908 886 15583 16149 6036 12341 6249 2388 3807 432 13630 990 15410 5681 9574 13486 3879 2847 6205 4134 16698 19065 12916 7542
11512 5521 9622 17995 991 3274 14199 10158 13672 118 7188 3381 10566 3230 13801 18652 13551 15070 19437 8741 5844 7156 1401 1641 16863 2369
10464 8 8357 12886 14461 4332 7522 11270 16323 6487 7411 16536 13784 1023 12269 12894 18453 7075 13710 7009 12146 6230 654 17585 14276 6116
15695 7947 12985 16149 1889 6000 15485 14239 17387 9802 5143 16317 19822 11993 18025 11892 16367 9950 10532 15532 11161 11789 2381 5703 19231 14160
16063 8468 5382 19009 10703 6149 1033 15924 18219 11234 2133 10465 11628 14420 1947 2631 13458 14492 16178 12364 16834 5049 2050 803 4680 5816
2742 7815 848 5415 1609 18783 2152 6540 19994 1420 7 6362 1651 19846 5436 13790 2223 18841 11136 4393 7443 13489 3030 12879 9082 8634
19824 17079 17147 3053 18199 16313 7149 16490 16019 6631 16091 1699 1524 6191 17041 18456 1551 1092 9955 8466 9887 17207 9921 12591 8933 16990
10718 18505 11386 28 2578 15717 13404 3537 1217 12016 4743 5476 17647 17264 3816 15399 4508 19268 11207 19392 17002 1201 17390 2666 1791 17550
19587 6067 426 2614 5484 6329 19593 14800 2700 11085 18779 11004 16859 6718 16280 2471 10275 9420 16728 6020 2603 15498 4599 9151 4827 4945
944 13350 9698 15110 7463 9561 14446 18436 12642 9963 15747 6959 13620 12428 18110 4768 7005 18413 4098 5985 1958 3839 4998 16168 18695 19300
2277 15157 11884 2261 11511 2558 4524 18736 9516 15801 3671 5948 9813 10324 4786 11229 16544 9689 9279 7494 5080 14512 17273 1278 3954 6725
5958 7257 16250 18560 12719 4490 14496 16250 15105 9382 10650 4477 8909 4856 17191 6958 8017 6862 18806 17794 11252 15362 19782 8381 15848 4307
7619 15485 12893 14981 12956 12508 3111 14512 3837 2987 3357 1131 4296 1858 17461 11480 9620 3992 2521 13807 13237 7076 7395 17166 17061 11842
10336 3866 10875 14307 11096 19164 9841 19355 6940 12088 14181 4830 17621 1845 2317 3402 8234 10112 6448 11368 4418 8814 9372 6178 15720 18743
13827 2112 16117 9608 1778 19605 3508 1052 19865 19474 2088 5219 9233 16747 2866 3633 8618 14298 18155 19742 18616 720 10364 15302 8806 10904
18741 7234 3340 1526 9374 4495 18859 3737 19212 8118 16065 2970 11054 16841 11881 5147 14193 4014 10913 17744 3238 16598 19216 2034 17657 6712
1201 12037 7294 12866 582 13422 16104 9099 8193 2259 4823 8365 11899 3992 4176 19839 14860 8701 14623 10298 1484 8810 2985 13945 9053 16966
5158 934 3666 18438 12905 12596 601 5752 3576 14272 6086 19701 19738 7264 5072 9160 12287 18931 18605 6187 12886 7524 18053 14813 19181 3668
15849 4141 12220 17078 12874 18288 8196 6030 3688 2289 16419 8737 11484 9972 2258 11844 5068 2253 5882 1369 9358 5846 603 12031 16329 2178
12840 15211 7398 5448 11461 444 15048 10059 7623 8143 14051 11447 17357 5368 4800 8804 953 18262 17691 16099 15543 13257 16125 3636 19364 9612
18095 13007 1796 12647 4332 12891 10379 8218 19442 16713 17156 16052 15587 19733 11205 8583 17131 8003 7716 9621 13897 16941 19922 4371 5767 5811
15572 15648 6683 9256 12067 456 15806 13835 19708 6519 7733 19793 10502 5370 19092 13978 8074 2720 14806 6332 9593 17480 4435 14763 1104 214
13258 15983 7007 2138 14489 14264 4645 1708 6225 5015 10286 15237 1439 17377 17026 13408 4089 3178 16635 2403 3312 9091 16276 14953 1654 12908
8355 18785 4108 19346 5725 11769 2593 5625 7272 9298 19692 19936 16322 11037 14206 4310 16230 19265 13908 13991 10434 11585 18265 5168 8772 2408
13894 17855 7391 17418 18803 15015 7149 4835 16440 19318 13089 17815 7516 1807 13624 10187 517 17490 4949 16623 10572 14090 3798 6173 10309 1763
17773 19961 8219 1740 10364 6981 10855 815 6880 8262 13507 5192 7957 1436 12565 18621 12369 1191 18898 3487 16226 2497 907 19353 12025 17023
11801 11049 12353 18809 4885 19442 19795 8142 5567 17404 8139 5889 6792 12029 6165 17002 3450 6644 15804 1817 16328 12429 2412 18680 9086 14373
13861 2191 11480 14130 11969 10415 12818 9873 5130 12704 1736 19605 11732 1279 11811 2394 9329 10074 3890 1623 686 10343 11733 13776 3138 6454
1306 4207 2701 19698 16320 7205 4128 558 17189 13112 9404 13796 3818 1855 2229 10042 3875 16928 6184 8392 18379 9287 5486 9893 2900 6888
2214 11213 371 1990 8474 496 6482 7114 12952 4583 14935 18570 3534 6101 17039 12036 456 19710 10528 12618 8131 2492 6704 14156 14168 13002
10267 2425 16943 6634 2119 13412 18601 2785 9662 11058 17635 4766 8212 3699 10669 5245 4716 7828 15938 7563 16810 1579 3452 969 17679 17489
18898 17732 3255 10748 1838 14136 13886 5307 6511 11656 19524 19297 6884 7009 18726 10336 1622 10597 7831 19158 3992 6492 15221 18228 9998 19959
9175 1414 3477 6711 9819 1185 11173 12394 9516 13209 9933 17814 3472 609 18867 9037 18380 8338 10333 5417 12870 19559 11987 10667 2505 4636
7047 5462 19223 2427 15632 2515 13786 2278 18698 10912 476 5680 9984 9354 1792 13462 3030 18221 17867 624 8573 4960 7453 16900 10661 14068
9115 16457 14495 1821 6162 6766 2509 3975 12487 8241 13839 11882 12533 5910 6810 2755 19321 18709 10498 2466 13653 372 1575 15145 12943 9958
8504 15412 13520 9402 3673 3072 9697 5475 11013 11596 13051 8358 11009 6038 18518 388 15456 8064 14720 4265 14646 19869 8253 14361 11632 14597
1533 16001 16014 18851 9019 18459 15389 4837 10292 13915 16697 16814 19813 792 17373 995 13680 2754 4373 3155 1838 8631 11804 5084 12132 1766
15193 7399 4013 1388 10425 2239 11169 11840 8079 8541 8136 9238 16101 6135 16007 16032 16757 5588 9566 10761 13993 474 14834 12399 14856 13518
6482 11043 18063 18841 4588 17609 16563 14193 947 1647 9896 15436 7266 1184 17404 11238 565 18832 19369 3924 13427 7092 8135 15817 17082 15604
2695 18527 7550 15930 13711 10740 7569 4008 18232 3243 16115 13751 4565 19083 11053 13601 7111 15346 7656 17130 17530 10008 15305 228 12511 13312
9654 9298 6819 4579 115 16449 10198 13602 3423 14779 9815 14156 893 9658 6412 19597 19250 6604 17826 17343 19883 868 5097 8910 4375 13620
2616 18113 4231 2515 13864 4397 14576 13461 11957 3880 2155 5182 8161 17461 14043 970 9473 18706 7491 12666 6506 18551 3872 10724 7700 10661
4983 15830 5425 5044 1292 19519 6949 17276 11726 2125 1424 14752 15232 16163 11709 19785 6785 6986 4209 16839 6900 815 18544 7165 12627 6914
11569 6084 5848 17501 15930 3837 14161 11702 406 11316 16146 5 5376 8511 5681 17329 10446 17631 9920 7884 18760 8247 7944 12290 4261 11609
3758 8165 18550 17945 9615 17926 4506 183 6184 4814 13473 4265 1396 3252 11526 16197 19018 13554 3252 13847 7302 7235 18964 17135 8765 7170
7661 4377 15594 5145 9144 17510 3266 14969 12915 12803 8778 12509 13675 6016 5750 8907 5377 16715 7148 4115 13234 8314 7359 2957 9607 3013
18099 16637 9730 7022 15384 1997 15371 17556 13319 11102 13493 12003 8091 14781 10169 3276 18343 17344 1785 14168 10301 18374 15343 13898 15314 17225
3337 7163 10231 7856 11338 1068 11166 16843 7490 18460 8579 11251 7994 13774 10689 247 16700 16505 3804 1357 1322 5932 16616 10149 8265 13259
8377 2826 9698 18557 14069 4796 3833 13206 17345 5002 9051 6674 17820 18617 18551 15661 2225 9224 3866 3867 1108 16047 18941 14863 17227 7404
3931 4661 16803 9194 11097 4519 7272 16293 14943 19548 1223 1107 16466 2629 4967 13349 6031 15036 12720 13764 6125 9003 2335 3254 12621 19563
14603 1527 1619 12570 2228 3312 3926 14455 15262 19037 960 11086 1986 4154 17199 13236 625 6748 15926 11409 769 6481 4837 635 18793 9930
1491 98 16963 13868 1388 8402 17528 7739 12224 1856 1936 18059 18346 881 13861 6216 19781 321 6567 3054 6152 18113 482 13786 6247 12465
4586 1906 7272 2017 1711 19897 1192 2329 17374 2597 13976 10838 12712 12105 14243 11807 10954 9901 17382 9082 3640 17865 2856 18830 18855 17592
15717 12588 14542 8781 1791 1674 10718 17441 112 2266 5519 5812 8954 12189 2845 6593 12281 14878 4782 5618 4954 7585 9851 16021 15849 16194
14032 15219 18504 17982 14808 17618 4176 16965 1933 3394 13726 4654 6279 8535 16487 10695 8281 6773 7068 17545 1441 11431 9837 11802 8667 1704
8310 13595 12799 13745 9791 12477 6971 18415 10985 9369 17750 19496 2286 3582 12561 14877 4658 684 502 1601 2686 17654 17078 14723 11606 9312
9237 3394 17171 16768 9894 11099 805 9887 9443 3309 18487 2812 6101 6809 15074 6074 550 15763 11519 18805 378 4046 9407 7167 5406 5760
5831 17752 8090 4856 9394 17226 10677 16477 9526 1972 5157 6638 5715 8130 6810 11811 11597 4243 14488 19013 9375 4208 4748 13345 1368 17521
19133 428 18333 5958 5003 16396 16228 19441 19593 7152 5960 14826 11761 18951 9543 12141 6760 9209 17604 15620 10637 8506 11010 18430 14440 5836
15986 5777 17089 8595 18459 17221 17237 17210 14407 16591 6743 7511 1581 12364 180 16988 1029 4212 11103 10422 7170 7556 9059 12120 3554 15321
773 14941 9888 9932 5451 12094 19354 198 1811 7948 202 5501 17203 17408 11451 6864 2327 2056 8624 13143 2888 5059 15575 975 6734 17005
5853 19058 14681 4629 18240 1668 18435 2497 6796 10016 14603 19090 7196 95 18780 10902 11654 19558 17407 15112 15197 12704 11519 11339 18790 13289
16964 8463 8862 18197 17625 12880 12300 5270 6494 18058 19103 1100 3663 19272 17183 3366 3751 13247 8284 15419 17192 13786 7220 18188 1823 942
3035 3523 939 16119 4762 2537 13888 13818 3214 15201 914 18055 6231 16608 8875 14848 13927 9386 284 18088 1965 9630 18555 16304 14816 3199
4049 14325 9966 19722 12097 10833 8932 7949 12632 17237 9175 2239 19713 12253 8852 15328 12253 828 16798 2465 11963 5002 9715 1293 8616 13353
5701 9878 13271 15963 16454 4725 9488 6622 4208 9595 669 832 10279 17305 3118 13574 5311 4396 14423 4314 4560 16030 10343 18342 5308 15340
13054 18826 8111 11353 9349 4127 4802 15270 17624 17390 15072 316 4523 13962 4579 6275 17649 553 19511 1079 5025 1114 9223 14288 1228 12288
19738 19597 13083 14230 1412 8567 12201 3167 8831 10409 17668 157 4745 5114 11576 6981 12800 14032 2598 6641 7870 12238 5287 13116 14003 13939
748 6974 6418 11345 14399 19392 12841 17509 2340 10683 6917 5108 8288 17019 18818 17230 14259 13036 1232 9881 12059 15379 10034 8429 18450 12769
9207 19637 17274 5104 17770 9755 6986 4593 4118 3648 6601 12598 4792 4595 3323 1420 4932 15682 6224 1119 13608 18931 7726 5154 18329 13969
6864 7979 12153 13213 13272 17209 15474 5690 240 10771 14003 11265 16008 3410 363 18432 12731 6866 18306 14013 17076 11073 1000 17263 732 6396
6742 6211 2967 2068 6536 1460 16437 1296 11325 17091 13542 16054 17102 10106 3792 17110 13804 682 19005 1315 4809 4484 6655 12052 9270 5778
6974 2332 7768 1569 18049 8718 12298 965 3579 10485 3661 10517 2449 10527 18636 1052 17833 2122 17691 16545 10662 18055 1331 16901 8238 1247
10718 13578 11102 19554 5517 7701 11282 19895 9891 14461 9599 19432 7395 17159 5306 1741 1209 3076 4751 15124 8156 473 1191 7290 9165 3048
18850 7915 15533 11932 6570 6125 1019 10604 1135 5632 6335 6030 5730 18495 2642 4648 18682 7942 7498 5338 14144 7448 11373 17034 17730 14816
9594 18450 6320 13960 11067 12044 3326 1263 10791 6152 8439 11209 5469 6972 4535 15090 721 17122 6799 6228 12284 7357 13074 16930 4169 11848
12451 1882 4246 7082 10009 15449 7518 1854 17385 15876 8394 8519 18855 7450 15153 2083 19900 15890 4487 15726 18635 18462 13198 5519 5011 7108
4459 13512 14171 1763 3946 14833 15919 7471 14224 15025 13118 14244 170 19776 13657 8004 8576 11077 12910 7662 13771 1027 5842 5100 2002 15844
8101 11878 7798 5363 9287 18281 7462 8810 16558 18664 17898 1007 5953 7056 14555 2152 1076 15740 9190 14833 6758 12856 12316 14747 16540 3869
2888 15468 12474 1101 11082 3797 471 2274 10943 3278 884 17765 3039 6975 19645 19960 7243 18728 4915 9881 6618 12853 10118 7795 7355 4610
7025 1347 2697 3900 5335 4245 13950 127 9042 3487 5717 12763 19024 7181 9027 17546 8049 12778 5613 3256 8280 13418 2800 6398 16871 12454
7981 2135 18791 6415 1296 3237 11526 13716 13666 2902 17913 11811 6541 3845 6747 11063 13347 13034 6319 10785 3290 17026 2586 5431 4596 11522
17941 1641 12793 18794 7350 16050 4955 6171 4132 3186 10804 107 16070 679 2140 5360 3806 12142 13175 7571 7862 11082 3413 6444 8065 6143
10875 10287 3521 14899 17676 13147 17045 9109 14009 4760 14445 281 16252 3395 5705 3411 9441 10063 17361 2640 16844 4800 4472 7645 16184 19929
10797 17010 10866 7572 5280 11101 9751 13158 7356 12720 3162 10509 18834 5638 15884 6751 11359 17028 9355 2928 16706 8804 1014 13683 18659 6925
12614 17268 12860 5163 11450 16181 17718 19979 6612 521 17021 17425 11101 15240 4133 10987 3029 72 3860 4287 7181 1867 15725 8151 13735 3773
7483 10726 7424 572 12089 12597 1504 17908 9011 13419 1993 18932 12089 432 6027 17571 19863 17085 15697 5897 10122 17267 3789 1052 9759 12254
3500 13447 7178 18371 6774 14563 17123 295 9785 13267 7179 16143 11677 8065 16165 15996 17610 7720 13940 17039 1201 12306 4020 12372 13515 18314
6594 1308 14127 10734 12764 1668 3118 3698 4889 16770 7844 18565 19341 9259 7819 4324 413 19331 2629 15308 9254 15669 6889 6472 8107 15360
14857 6450 4354 4895 2135 12337 11154 3198 17897 11322 19300 3042 14310 1561 7541 16314 15623 5326 14415 17755 6744 9529 9915 10095 18754 7325
17798 681 10646 1203 17754 4912 14289 5319 2367 1592 13069 13958 3085 14481 5180 12828 4175 11972 8944 10886 13097 13913 14494 14689 9128 17156
10034 4110 1011 7312 8616 14710 8870 7379 9781 2552 18672 17743 15335 5458 17890 7511 8626 8937 7547 1262 16368 5422 16003 9873 18644 14360
15635 14596 16622 12136 7276 18746 18828 4609 17330 16190 3718 11201 12448 15539 15893 2637 17412 17221 4741 8870 2641 10119 1871 2429 15265 7106
14546 6235 1156 12454 15973 9813 3625 17997 14341 5891 3779 7949 19418 10696 5443 1883 607 18685 8107 869 7034 7209 16166 9311 19924 16937
10003 7837 4535 9250 4959 16330 1913 5435 7598 2610 4497 13053 3358 14202 17511 9250 4896 4685 4660 18919 4999 9192 13864 14788 8080 13465
10819 14408 8857 7766 3542 86 10585 10209 14303 12005 12414 10343 19380 12120 10159 19754 14566 1689 5706 4503 7307 5832 11773 12312 17346 18088
16688 12032 11559 11483 1093 16876 18091 6778 4848 8289 9908 14812 7247 17326 6875 10501 12885 1538 15287 5466 3160 10058 5234 9218 11985 5107
1613 5169 15848 4814 3501 3127 2795 12809 10695 16346 2880 12654 8857 14476 13766 14710 9934 9891 13123 11011 7925 7461 10678 18883 2839 5983
4332 1008 4954 4518 10800 12497 15953 6193 15555 12461 5981 11722 6944 408 2912 8951 18568 3705 12046 308 13703 12351 24 9296 10713 4416
4019 1457 488 7004 6718 707 9725 18743 3162 11319 17530 131 11167 4188 9599 15429 4456 12982 12780 2566 4035 10553 15190 6369 2319 13157
7229 11443 18760 3880 8736 12753 45 10913 2784 3492 10182 12231 3062 701 19084 10215 5571 1222 19671 2805 4250 9731 6461 8818 1975 15129
15693 4716 15108 2630 18639 283 12984 3678 18058 9717 858 1177 17103 18643 4891 16096 3339 817 2714 2952 19305 13311 1712 6135 9197 1684
8339 12609 17653 3800 10684 6715 18752 19925 15042 8635 7459 9186 9883 18000 12599 6136 3659 12769 9394 16731 15365 4374 5163 17416 5176 17169
8480 17146 11283 7066 10853 16229 857 8076 19555 936 11605 15262 15981 7924 4967 1991 7467 3970 17770 7971 8750 4808 9782 16518 4259 6430
13762 18160 1869 8562 9729 8417 6487 15845 13263 13216 7154 8705 14254 6300 12724 5106 7345 10807 18244 6404 16444 5073 9925 13207 16705 16553
10400 9670 13853 13659 8948 16637 9380 543 1619 1615 14236 4952 4011 15793 7093 3504 12037 12246 12006 16354 7620 2161 19393 18827 7282 16056
18635 6199 19492 3636 15590 18240 3337 1563 10017 12789 463 3489 17305 18971 11231 3676 9984 2891 15892 12580 8484 353 8764 8359 4551 5363
2713 4301 8199 3354 7155 1263 15743 8497 12119 16023 3259 2194 18494 15133 294 13228 11877 8940 12727 18312 18948 1731 7464 16111 919 13893
2718 15087 15379 969 16114 324 9258 5751 6288 3037 16288 2985 15410 4585 13228 17841 16824 17811 19039 3944 5151 5764 7230 3022 8931 16544
13982 11530 17673 11465 3552 15599 6882 8745 13605 604 18738 14379 14829 7081 15833 15082 1280 14768 4879 4343 17281 4216 12098 16075 15456 13333
12143 6465 11634 19039 2294 8748 3874 1539 15946 11749 15025 13007 11085 18647 14208 9371 5932 6144 9196 3699 5235 10445 12627 2273 19074 7409
18853 13664 4738 4584 11992 7992 678 8757 14732 16470 5807 17987 14078 14477 3199 14202 18244 4506 9679 10645 17755 11448 2200 19718 1935 15044
19503 12816 6745 9946 11488 18475 6923 5168 1037 11158 4881 9655 18075 18467 1160 6142 2007 6040 17105 15706 2849 6813 6106 16063 18752 9385
6405 780 7850 417 17469 19823 1909 2866 19643 151 19883 5066 7001 16662 10084 12376 6692 14521 5555 7646 1316 1373 4630 13383 16285 10862
2237 19134 15499 543 591 19520 4073 5166 15022 16033 15700 4257 11727 12800 10394 19611 1475 5935 12616 1546 1729 14786 2605 15544 10335 8287
17741 4444 16265 4002 1016 18991 5682 6519 11723 12244 4532 3887 8617 13580 7371 15251 12995 12788 76 853 6331 16412 5515 16850 2596 7463
14971 9941 6891 311 5694 2055 14504 4276 10029 3294 19055 12743 9574 10096 18980 19008 16774 1012 12721 6137 851 12284 12778 7644 4611 14775
12475 3787 19600 11298 3647 15115 17090 3958 10157 12292 17511 11529 12699 15150 10792 8221 13790 5228 18439 18702 373 12532 16748 19462 7625 5018
13211 11362 12678 10586 19830 3262 2000 10850 14079 16063 12491 11114 10467 7182 8557 5927 7868 13088 18069 2637 6989 11138 16193 18804 9817 9131
17463 8323 11731 17110 8691 12041 12837 4507 13814 8104 18464 13290 14551 11112 13517 3199 19733 11666 1587 13185 16500 8658 6785 5481 2641 13483
3775 10452 14 6472 6520 3967 15806 7007 8790 2936 17930 6788 12442 2487 14301 12045 4376 2753 1844 7895 10476 9838 10858 2344 658 17015
11365 7964 4659 18387 8743 10408 17206 10327 6948 5660 6835 6232 17663 934 601 14789 16883 11800 8466 2500 15439 1749 7627 1429 3296 430
257 10525 17680 5628 15827 8571 8683 11355 16292 5196 15410 4000 8342 9773 18889 11548 19907 16722 315 17735 2938 4686 15082 10204 7103 2696
16584 10412 18879 7794 13945 15282 17013 7929 11750 11882 10802 17833 19532 10257 4380 4859 14226 18269 12522 7785 8802 17276 7368 8821 1855 16114
1574 17956 8980 10357 5186 5318 5767 18553 17546 10409 5650 12271 8488 17908 58 9045 3490 13925 13056 11296 6625 4026 11791 4617 17178 16244
14192 7230 892 19725 5979 5770 5848 16674 2970 8832 903 10720 15130 8661 3146 15369 12621 18728 2449 3354 1374 13618 586 18566 11137 156
6683 15803 7778 8787 1643 378 12211 1151 1291 11665 19294 19729 368 1522 6104 11599 1081 10984 15009 5651 2242 18804 3406 6265 17056 4568
19377 6362 13826 6958 6323 733 4383 8484 8666 11218 7780 13267 4450 16337 6673 17065 9683 6396 9653 12072 15459 6713 11220 3082 6877 10263
4378 16582 17494 13683 2329 17176 6226 16975 11030 7388 9788 5490 18756 7703 13867 11379 9774 14373 19435 6902 889 7333 19343 14896 18727 8025
17597 6089 16075 10204 9874 14625 10921 16364 5192 19360 16637 4015 7803 3034 4259 7501 333 16330 7006 231 12260 18791 13174 1845 16761 12681
6975 16274 668 4424 6880 13298 17947 18258 11240 10544 11089 8934 10251 1458 714 5012 16526 19649 14820 15931 10968 7190 12358 2837 2839 16610
1271 19728 5082 6321 9733 18781 13869 8158 6179 14650 5059 6964 11495 9279 18278 6992 8908 8142 4881 10334 1886 4425 10715 7015 13106 6647
18429 7341 7584 8669 5573 6483 10248 14554 11196 888 8706 2200 19556 11327 3506 16532 15065 12793 8364 18329 13052 5345 1565 6929 9753 8272
10785 16107 13730 19655 12436 11492 17956 5657 5379 5032 19313 13389 17814 15243 3280 6148 11125 11571 10450 5971 8523 5306 14092 8670 2495 14666
16075 2880 15676 397 15456 6615 987 458 12697 12530 8872 18942 6457 18102 916 7033 6885 10445 18088 6642 4607 11348 9175 48 3674 4986
10713 10505 16819 19628 7176 9773 6322 17880 15590 7462 18223 17134 6738 3160 6749 7117 2961 11126 16066 1351 2155 730 9943 18877 10929 4646
17583 13822 724 13354 9562 6246 140 9924 12854 13188 2314 7372 412 3862 4893 11331 17878 3096 17885 5163 19148 16136 6274 11111 1441 12639
11052 11443 6806 7930 10936 16148 4049 11527 1141 3717 19918 8218 7659 12065 1796 7585 12592 12192 2305 13689 9941 9022 15619 2093 15586 18550
1436 14867 10010 13508 8657 9718 5271 4401 6284 17076 12361 18345 9723 1408 13279 16852 10855 4319 516 13034 19113 12734 13136 11043 7543 6079
15917 1142 3270 18766 1100 4593 602 9135 10110 19779 13647 2579 509 11855 17128 10189 13530 14758 14974 10003 876 15682 6956 19412 742 10803
408 17742 4318 12100 5895 8858 8590 6620 15305 16302 4576 18323 531 1562 13034 1719 5061 13282 5217 2773 16594 7973 16661 366 6276 12052
50 19294 7363 710 15281 17373 14499 11347 15542 14479 650 12616 6216 14811 14259 8138 7568 7316 2964 12150 19630 12852 2845 9732 1065 17966
13207 12979 14160 18094 15797 17706 15371 10689 5089 11355 8272 18070 12728 19646 14 8178 3216 12011 8343 5120 5693 3696 13146 18483 13203 15130
7435 473 4410 19772 10675 16141 13326 1643 13317 10144 4599 4134 17686 5981 1876 7227 19390 17987 6473 15715 17698 16315 2178 2728 1516 18050
8138 10454 158 18994 16202 18596 5334 16471 13649 5241 77 1383 5549 5085 6707 6355 7121 12570 19423 10885 19053 1996 244 3869 14703 17198
15144 5790 15334 18730 14170 7046 4730 16954 998 3683 12739 7313 6400 10162 638 2959 2861 4310 11816 9542 6719 13852 11770 5783 12850 12184
5205 18382 2021 4899 19125 18080 3088 19902 15360 9254 845 11033 15183 8304 4274 11410 867 17248 7736 18387 14692 14261 6398 12088 10560 11482
7205 12265 8493 2255 3330 10808 9206 3367 16805 5988 6037 309 8248 1549 10831 14827 6941 16945 19104 10987 19883 8381 16791 15997 12803 13703
15028 11607 19578 3119 9803 9969 17252 18260 127 15527 16494 2086 17561 10472 321 14527 673 4275 7889 3405 9540 19143 946 10701 18055 17771
6085 3211 4861 14541 14262 12193 9993 16223 5695 11187 4916 17082 11584 19043 12115 16537 11111 19157 10581 3405 6638 12855 5293 860 6178 11396
15272 1460 8078 15090 18989 1307 4307 13154 11248 10258 10414 3679 6359 13008 19908 2555 12960 2487 1261 5127 19698 11843 12806 11706 10485 18489
18153 17421 7512 17593 2586 1198 4082 1222 11343 2952 9934 9722 14570 13536 11299 3313 9761 8083 16628 7125 18901 1942 14594 19894 18280 1526
15279 11373 490 17519 6194 16136 9050 7086 17514 1095 1574 4056 11413 19746 19151 18349 12572 11580 6394 18408 9332 13239 11226 19184 19624 7848
4053 294 2594 14517 19268 6930 11115 15876 17877 3152 6220 19970 4621 4678 17626 13310 8794 19796 1119 19012 18183 13253 5896 18186 7989 16239
18292 11864 3082 7755 13074 19394 8276 7852 6845 19576 991 1625 17166 1734 300 19878 297 3748 10508 16548 10934 9437 7897 10142 9710 7241
2348 3285 11980 7109 3490 876 6863 13263 13030 1017 2385 14937 11478 15721 7329 9956 5684 9890 261 17378 11681 1281 14547 9175 589 17185
7999 19054 14758 11046 6254 12663 6392 435 2140 18646 650 12004 13991 9654 12081 9284 12645 18345 11148 5880 15905 2012 16921 368 2762 15999
17031 6986 16726 6942 1404 3977 5485 19749 15541 2843 16459 18003 12414 2384 16460 13766 17571 11055 9203 10204 13235 19616 14276 17927 1889 2866
10329 19906 16694 3604 6279 71 11541 12894 14097 17783 19248 11930 13796 7480 11124 10303 12746 6519 5570 3776 4934 16777 19700 3498 15847 9855
5992 7359 4958 12749 19097 13259 3044 2796 18798 18132 13844 13227 4788 17481 1490 18004 481 15873 11018 8478 7168 14658 15093 16079 4337 4489
5635 16681 3640 4773 16665 10737 16048 9516 3228 12039 2903 16320 3850 8188 3045 7021 426 11154 9423 11548 6157 18836 12111 13803 15398 7836
1459 7863 4240 9541 5711 18089 467 5694 14095 1837 10872 5506 3046 4454 1031 12639 9468 15512 9554 5396 3438 2682 13904 2503 5369 4929
3344 4993 16047 10782 6640 14353 17513 7389 16085 16772 16295 11394 19336 6122 8580 13753 1066 3973 13554 18681 10541 8779 5233 5832 13787 12155
7740 17909 7938 3280 16333 8683 9736 817 15082 8099 8561 15086 17251 18175 10719 5874 11810 1586 17359 3043 14319 8487 4570 9140 2372 17888
10104 4976 14953 2076 10741 12179 10751 17698 6591 15613 15398 1271 1909 14820 14330 13145 14009 6430 18554 17538 6912 7725 11945 9034 3862 13696
13834 17817 6920 739 8962 19024 15577 11732 15921 7694 13179 14077 16029 14350 9103 13421 10233 5797 563 10855 14808 5294 7765 14134 4104 17979
19503 10875 14260 18234 10250 14579 4674 18849 3700 16894 9032 10280 4837 2668 8759 1221 5924 8408 12910 13417 17869 15835 18561 14312 10316 12657
960 11125 2658 14132 4022 13325 18486 7789 739 6988 12246 17958 11390 16058 12574 2634 12729 18152 5768 6816 3878 6594 1625 18921 9319 8463
9473 17430 11356 5699 11317 10590 16982 1872 3108 5867 2494 6564 9591 12075 9396 8473 15755 11574 16758 14370 18982 3810 11705 14652 12590 4128
14433 5293 1913 6948 12601 114 19218 15872 9193 15029 12541 8164 4311 5044 4434 3857 18814 5492 6541 770 14158 4186 11801 7707 5391 17300
5869 8696 13717 5071 1821 2331 2773 7608 6453 17475 3745 7430 6827 11827 19379 10063 16476 9568 5952 4535 6962 10770 6109 13599 9583 14114
4664 10761 1652 1832 17761 7057 1865 124 4510 18882 7793 10571 17353 2885 2919 5688 18877 14183 13578 12536 19388 18777 15949 11438 2397 12554
17210 10252 9695 3901 14818 1151 19022 287 5227 7217 11642 16275 13771 7222 4261 224 10350 13196 5451 18181 7970 16202 16952 14010 6320 5202
12376 2986 13099 3197 11150 8549 19130 6658 10415 18454 4346 2709 13687 16037 11560 9270 17056 18037 14621 6579 2082 1134 16903 13250 2809 19409
7370 6616 1463 6521 5222 17610 89 17548 16626 19258 7071 6472 6388 108 16839 13788 40 13289 9773 7286 18874 10009 12422 15830 12636 3254
7868 480 4506 14706 12993 10525 8543 16745 2629 6900 16407 15958 10132 18792 13776 14880 18344 17320 4175 5934 3275 19021 15086 19432 18923 3787
19964 7340 11591 2359 5205 12462 7566 9717 13005 7077 10782 1586 19229 16743 9805 6537 15472 6694 912 9578 14428 3331 4457 15875 2134 11299
13121 3333 12265 11314 12985 11284 13093 2153 10263 9621 15616 5770 13482 11174 7801 8076 7890 12530 18173 3570 13757 3147 8760 19716 10638 4106
7526 15241 14639 19547 12848 2764 970 4099 1741 203 17071 19736 8067 6602 15522 11491 17421 15007 4266 17511 9582 2458 14204 5992 19043 19419
2666 6693 12730 4580 12749 628 19257 15404 370 3184 4055 10298 4613 2409 9881 5157 15071 14431 14538 15490 5703 10641 6429 8849 4066 19582
18068 19026 5755 5545 8655 9662 8189 14587 2970 4840 3873 11533 16497 18245 4179 12369 5150 17799 12000 14560 11727 8228 15040 16819 6731 7211
6959 19975 17187 9413 15911 7304 1895 2731 17597 7249 10066 1634 702 7733 7291 10265 4973 9424 11440 4953 16499 18166 15431 10690 5249 4138
9856 16172 18195 10279 8207 14353 19630 113 6567 17918 9630 18189 12921 14810 489 2328 8482 3084 1121 1081 1040 3603 7089 2063 16240 5628
18213 15987 10963 12967 10594 11033 11773 13969 3335 2 7754 10235 14037 5265 5400 18129 4306 104 17918 2795 2702 9699 10054 12639 2688 3853
12672 1396 6951 9216 6536 16138 16321 4305 19717 12605 15233 16154 17293 12292 12969 9248 17480 12892 5298 17110 18007 13306 13066 7805 15900 10475
17065 14514 2133 17270 18810 11167 5081 17726 952 7213 16983 1724 1276 5365 1416 12688 18390 18070 11758 8633 4261 9081 2292 14900 17508 8735
11946 12497 15550 6020 14740 2254 7025 11245 17112 5256 3748 12813 17985 7470 15226 5973 11681 13365 566 11253 4373 14160 2523 4988 8908 15726
8592 18329 5284 9936 3182 17264 7632 7401 1472 6517 13140 5817 2308 16319 7687 15638 16290 1953 16604 9268 15137 3557 13099 6571 19400 19349
1440 8534 12294 385 14753 10977 10250 4500 15793 5811 14609 13753 11883 12464 12415 9000 7144 13049 8362 17562 9165 16883 9926 1615 19287 6733
17666 8079 7173 12183 13344 4588 1544 11620 1515 10705 8123 12997 11087 4374 4677 6198 6284 11462 19001 11808 3356 11136 6886 8515 8142 3032
3800 10165 18685 1231 8212 8982 6033 17719 10725 16672 3537 18062 503 7537 19113 11116 13120 710 5264 13117 2270 9780 1829 40 11738 12519
9040 3588 2662 16091 9888 3933 19162 3262 9071 1715 18350 10808 273 19991 9023 11690 13855 6049 17773 10763 13331 18219 14664 5977 10185 14939
1332 16160 19382 719 18049 3403 12031 2637 2239 11827 3796 19605 8907 5918 1449 12972 16267 13490 16730 3250 11506 1985 4520 2742 19303 6314
